parity 88;
0 62 0 2,4,6,9,10,12,14,18,20,22,23,30,32,34,36,40,43,51,52,66,67,69,70,72,74,80,82,86 "0";
1 22 1 2,4,5,6,8,10,31,32,45,61,70,81,82 "1";
2 13 1 1,5,7,9,11,13,14,15,23,26,27,34,36,37,39,41,46,50,52,54,56,59,63,65,66,67,76,78,83,86 "2";
3 61 1 7,20,44,50,60,64,67,84 "3";
4 43 1 1,3,8,9,11,13,16,18,21,25,27,29,32,35,37,38,40,43,44,46,50,52,54,56,57,60,64,66,67,69,72,73,75,76,79,81,82,84,87 "4";
5 12 1 25,39,55,64,75,82,85 "5";
6 31 1 3,7,9,10,14,15,20,22,33,37,39,44,47,56,58,61,62,64,65,70,72,73,75,79,84 "6";
7 53 0 0,1,6,10,13,16,17,20,22,27,30,32,36,37,38,41,43,45,47,48,55,60,61,65,66,68,69,74,77,78,79,81,82,84,85,86,88 "7";
8 47 0 13,39,41,58,81 "8";
9 52 1 2,13,17,30,31,33,35,36,49,64,84 "9";
10 47 1 5,15,26,27,34,40,50,58,66,73,79,80,85 "10";
11 20 1 10,26,28,42,70,84 "11";
12 49 1 2,5,6,11,18,20,27,29,35,39,40,43,45,48,51,54,56,60,61,68,70,71,72,76,77,80,83,88 "12";
13 9 0 1,8,10,11,14,16,18,21,22,26,27,31,32,34,39,42,44,46,48,49,53,54,56,60,64,65,67,69,77,78,81,82,85,87,88 "13";
14 14 1 1,2,7,12,14,17,18,22,30,35,37,39,41,48,52,57,60,64,65,66,67,69,72,73,79,82 "14";
15 15 1 1,4,5,7,8,10,15,16,19,26,28,32,34,35,38,39,46,48,52,55,58,62,68,70,73,80,82,85,88 "15";
16 42 1 2,8,12,14,16,17,19,21,23,25,28,30,31,34,35,38,42,43,49,50,53,54,59,60,63,66,67,70,72,76,77,83,85,87 "16";
17 32 0 0,1,4,7,9,13,14,16,19,21,23,25,27,30,31,33,34,38,40,42,43,45,46,48,51,52,53,56,57,58,60,62,64,66,67,70,72,75,78,80,82,83,86,88 "17";
18 89 0 1,4,8,9,12,13,15,20,21,27,29,35,38,39,43,44,46,50,55,56,58,59,62,69,72,74,79,82 "18";
19 66 0 0,3,10,11,13,16,17,19,21,23,26,28,31,33,35,36,38,40,43,49,52,57,60,62,65,67,68,70,73,74,77,81 "19";
20 65 0 8,20,24,51,86 "20";
21 9 0 0,2,4,6,10,19,25,32,34,36,38,39,43,44,46,48,49,51,53,55,57,58,61,67,80,82 "21";
22 0 1 1,4,7,8,11,14,16,20,22,26,29,32,33,35,37,39,41,44,46,47,49,56,58,60,62,63,64,67,68,69,71,73,74,75,77,78,81,83,86,87 "22";
23 34 0 3,5,9,14,15,19,20,24,29,36,38,42,52,54,61,65,70,78,82,84,87,88 "23";
24 23 1 0,2,4,9,12,13,18,20,24,25,29,31,37,38,39,45,46,48,50,52,54,55,61,64,71,73,76,77,86,88 "24";
25 15 0 1,3,5,7,8,10,13,15,18,20,22,27,30,31,34,41,43,44,48,49,50,52,54,57,60,65,68,69,75,79,83,86,88 "25";
26 83 1 27,46,56,57,61 "26";
27 77 0 1,3,16,31,45,47,50,53,59,61,63,85,86 "27";
28 29 1 0,1,4,5,8,10,11,15,18,19,21,23,25,29,31,37,38,39,42,43,44,47,48,49,50,51,55,57,58,60,64,65,68,69,71,73,78,79,80,82,83,85,86 "28";
29 32 0 0,3,6,8,9,10,11,13,15,23,24,28,31,34,35,37,38,39,41,43,46,49,50,52,55,57,58,62,65,69,71,73,75,77,79,85,87,88 "29";
30 78 1 0,8,10,12,14,17,19,24,26,28,33,36,37,38,40,48,50,52,55,60,64,67,70,72,75,77,79,81,82,86 "30";
31 72 1 1,5,15,18,34,37,49,54,60,67,77,80,84 "31";
32 73 1 2,5,71 "32";
33 15 1 1,2,4,5,7,9,10,12,13,16,18,19,21,23,24,26,27,28,32,34,37,39,41,43,46,48,51,55,56,57,59,61,62,66,67,69,71,72,74,78,79,80,83,85,87 "33";
34 61 0 3,4,11,14,15,16,18,21,23,24,28,29,36,38,42,43,44,51,53,54,56,57,59,62,65,66,67,70,71,73,75,77,82,85,86,87 "34";
35 1 1 2,6,19,21,33,34,42,44,55,62,67,69,75,80,83,86 "35";
36 30 0 0,2,5,6,12,13,17,18,21,23,25,27,28,32,33,35,40,48,49,53,55,58,61,63,64,65,67,71,72,75,78,81,86 "36";
37 11 0 0,2,6,8,9,10,12,16,20,21,22,23,29,30,32,34,35,37,38,39,42,44,47,48,52,54,56,57,61,64,66,67,69,71,74,76,78,81 "37";
38 13 0 1,2,14,17,28,29,50,52,60,66,74 "38";
39 16 1 2,8,13,17,26,28,32,41,46,47,51,55,56,57,62,64,72,78 "39";
40 28 1 8,73,76 "40";
41 46 0 0,2,3,9,12,13,15,17,19,22,24,26,30,31,34,35,38,41,47,49,51,52,56,58,59,63,66,68,70,74,76,78,79,82,85,86 "41";
42 89 1 1,6,8,9,19,20,23,29,34,36,46,58,60,63,65,69,71,75,76,78,81,88 "42";
43 31 1 0,1,2,3,9,12,15,17,19,27,33,35,37,40,43,44,52,54,58,60,61,63,67,70,72,75,78,80,83,87 "43";
44 57 0 0,3,13,18,20,22,26,31,33,36,37,40,42,49,55,60,65,66,67,71,74,75,80,84,87,88 "44";
45 78 0 11,14,17,31,32,34,39,43,50,56,79,86,88 "45";
46 24 1 9,20,25,35,40,52,56,67,86 "46";
47 77 1 0,1,3,5,7,8,10,11,13,14,16,19,23,24,26,27,28,31,34,35,36,37,39,41,42,45,50,55,57,58,60,62,63,65,67,69,70,74,76,80,82,83,86,87,88 "47";
48 66 1 5,17,19,20,22,35,38,41,42,52,56,57,59,60,64,65,70,72,75,77,82,86,88 "48";
49 49 1 36 "49";
50 41 0 0,1,4,6,7,9,11,13,18,21,23,25,26,27,31,32,34,37,38,44,47,52,53,56,58,59,61,64,66,71,72,74,79,84,86 "50";
51 48 0 3,20,35,69,80,87 "51";
52 22 1 1,4,5,13,20,23,24,27,29,34,35,37,40,41,44,50,52,57,66,70,72,73,74,76,77,79,83,84 "52";
53 1 0 3,5,15,24,27,38,42,45,47,51,55,57,66,73,81,82,84,87 "53";
54 77 1 1,4,12,14,16,18,20,23,26,27,30,33,37,39,42,44,49,50,55,59,60,62,64,65,68,69,71,75,79,80,83,85,86,88 "54";
55 10 1 0,3,6,10,12,13,16,17,19,21,24,26,29,35,36,38,40,43,44,49,51,57,58,60,65,66,69,72,73,74,76,79,83,84,88 "55";
56 50 1 28,78 "56";
57 40 1 1,15,19,22,28,35,37,40,41,47,49,50,53,74,80,81,87 "57";
58 57 1 0,4,7,10,11,15,22,24,32,33,38,40,42,43,44,46,50,54,55,58,59,61,67,73,76,77,82,86 "58";
59 64 0 23,72 "59";
60 37 0 7,10,14,16,19,21,25,27,40,41,50,52,54,56,57,59,60,63,65,70,79,81,86,88 "60";
61 14 0 2,7,13,15,17,23,26,29,30,36,37,42,45,49,53,60,64,65,66,68,69,73,79,80,83 "61";
62 25 0 0,3,5,14,19,22,25,37,39,41,43,44,45,51,66,68,79,81,83,85 "62";
63 34 0 0,3,5,17,20,22,25,27,30,32,34,38,39,41,46,47,49,51,52,53,54,55,57,60,62,64,67,69,72,76,79,81,83,86,87,88 "63";
64 79 1 9,10,12,17,42,45,55,59,63,72,74 "64";
65 41 1 2,4,7,8,9,11,12,19,21,22,23,25,27,28,29,34,35,37,38,39,42,43,48,49,51,53,54,58,63,64,68,69,71,74,76,77,78,80,81,84,86,88 "65";
66 45 1 3,10,14,24,26,28,30,32,35,41,42,44,46,49,51,58,61,63,68,81,86 "66";
67 24 1 21,25,59,60,66 "67";
68 81 0 3,4,7,9,13,15,19,23,25,28,30,31,34,35,37,41,47,49,52,54,57,59,62,64,67,70,72,75,77,81,87 "68";
69 52 1 1,10,24,31,35,39,46,51,59,84 "69";
70 26 1 1,2,5,6,8,12,15,22,23,27,30,33,35,37,45,47,49,52,55,60,64,65,67,69,71,73,76,77,82,85 "70";
71 3 0 8,28,82 "71";
72 68 1 0,1,2,3,5,8,12,15,16,18,19,21,22,25,29,31,33,35,41,46,55,56,57,62,65,69,71,74,76,78,80,81,83,85,88 "72";
73 49 1 2,15,38,45,66 "73";
74 48 0 1,3,6,13,17,19,28,54,55,62,66,68,71,77,83 "74";
75 10 1 38,49,50,51,54,55,56,59,75 "75";
76 13 1 1,5,6,11,13,15,17,19,22,24,25,27,30,31,33,37,39,44,45,47,48,51,53,55,58,60,61,63,66,67,69,70,72,76,79,82,83,86,87 "76";
77 52 0 1,4,5,9,11,14,19,24,26,27,29,30,31,33,35,37,39,41,45,48,54,55,57,59,60,68,70,72,74,75,79,81,85 "77";
78 66 0 3,7,8,12,15,25,27,32,38,45,47,55,69,75,76 "78";
79 7 0 45 "79";
80 11 1 0,5,8,9,12,13,15,16,19,20,22,25,26,27,28,32,33,35,38,40,45,46,47,50,52,56,57,60,65,68,70,72,75,78,80,82,84,86 "80";
81 51 0 4,42,70,76 "81";
82 71 1 1,3,5,8,13,14,19,22,25,29,33,36,37,39,40,42,45,48,50,56,58,60,61,65,69,70,73,78,81,85,87 "82";
83 67 0 1,3,41,69,73,86 "83";
84 25 1 12,17,19,38,43,47,63,68,71 "84";
85 66 0 6,15,20,26,31,34,41,47,51,58,65,66,68,70,74,78,87 "85";
86 13 1 7,10,12,20,21,25,29,35,36,39,44,46,47,55,58,62,63,70,72,77,83,87,88 "86";
87 21 0 1,7,12,14,17,23,28,34,41,45,47,50,55,61,70,74,80 "87";
88 61 1 8,10,12,22,39,60,72,74,76,84 "88";
