parity 47;
0 13 1 0,2,5,6,8,13,15,16,18,22,23,24,28,29,34,36,37,41,43,46 "0";
1 4 0 1,2,5,7,12,14,15,16,19,21,25,30,33,36,38,41,42,45 "1";
2 21 0 8,10,13,14,15,16,24,30,31,40,42 "2";
3 11 1 1,3,5,8,10,13,17,28,30,39,40,44,47 "3";
4 30 0 8,10,15,18,28,34,35,36,39,43,44,45,47 "4";
5 25 1 2,4,8,13,18,20,33,34,37,44,45 "5";
6 40 0 0,1,2,4,6,8,9,10,13,18,19,23,27,29,31,39,42,43,45,46 "6";
7 9 1 0,2,4,8,11,18,28,31,33,39,41,45 "7";
8 21 1 1,2,4,5,7,9,22,25,26,27,28,33,36,44,45 "8";
9 38 1 1,2,8,10,13,14,19,26,31,38,39,41,43,44,46 "9";
10 8 0 5,11,16,21,31,33,37,45 "10";
11 36 0 0,2,24,33,34,38,42,46 "11";
12 8 1 0,2,3,5,8,9,10,11,13,14,20,21,22,23,28,29,30,34,36,39,42,43,45 "12";
13 18 1 0,4,6,7,21,26,35,38,40,45 "13";
14 22 0 9,24,35,37,41,47 "14";
15 26 1 0,2,5,6,9,11,13,14,16,19,20,21,23,27,30,31,32,34,35,37,38,39,41,46 "15";
16 46 0 0,35,39 "16";
17 31 1 0,3,9,12,16,19,21,26,28,30,32,37,38,43 "17";
18 29 0 1,3,5,6,8,11,15,17,19,24,26,28,30,32,33,35,37,40,41,43,45 "18";
19 10 0 14,24 "19";
20 36 0 0,5,7,10,14,16,18,19,24,27,29,31,34,36,38,39,43,44,47 "20";
21 33 1 2,3,5,6,8,12,14,15,18,28,29,35,37,38,43 "21";
22 4 1 7,13,23,26,27,41 "22";
23 15 0 7,12,15,25,37,46 "23";
24 35 1 0,1,6,8,11,13,16,21,23,24,26,27,29,31,32,33,35,37,38,39,41,45,46 "24";
25 32 0 4,9,11,14,17,22,23,25,27,28,29,32,33,36,38,44,46 "25";
26 33 0 1,3,5,7,11,12,13,15,18,20,25,27,32,33,35,39,41,43,46 "26";
27 35 0 2,5,9,10,11,15,17,21,23,25,26,28,32,35,37,39,40,43,44 "27";
28 46 0 1,4,5,8,12,15,20,21,22,26,39,46,47 "28";
29 31 1 0,2,13,14,16,18,19,21,22,25,30,32,34,36,44,47 "29";
30 8 0 28,33,40 "30";
31 33 1 0,1,18,46 "31";
32 35 1 0,1,4,7,13,15,19,22,24,26,27,28,30,33,35,37,40,44,45 "32";
33 8 0 3,5,8,9,13,15,17,20,25,27,29,32,33,35,36,40,42 "33";
34 36 0 13,14,18,22 "34";
35 4 0 0,3,6,8,9,10,16,21,42,45 "35";
36 10 1 12,14,17,23,28,45 "36";
37 24 0 2,4,6,10,11,13,16,17,18,25,32,35,37,38,44 "37";
38 40 1 5,13,18,29,36,44 "38";
39 44 0 5,11,13,15,19,21,28,29,34,37,38,42,45 "39";
40 41 0 1,5,7,8,11,15,18,21,27,28,32,33,37,39,45 "40";
41 9 0 3,9,24,29,35,43 "41";
42 25 1 0,14,15,29,33,42 "42";
43 5 1 0,5,7,12,13,14,17,19,22,28,30,33,34,36,39,42,43,45 "43";
44 16 0 0,2,4,6,9,10,12,14,18,21,23,24,28,29,32,34,36,37,39,41,43,47 "44";
45 2 1 22,33 "45";
46 10 1 0,1,2,4,7,11,15,16,17,18,20,22,24,25,27,28,29,30,32,37,39,44,45 "46";
47 5 1 38 "47";
