parity 135;
0 43 0 4,13,15,16,19,20,21,25,28,29,31,33,35,37,40,41,43,44,46,49,54,55,56,61,63,67,69,75,80,84,86,88,91,93,97,102,103,104,107,109,111,112,113,115,117,118,120,124,132 "0";
1 54 1 4,18,30,32,40,48,53,60,67,92,110,117,124,132 "1";
2 60 1 3,6,14,28,56,57,65,70,76,86,89,102,111,113,114,117,122,132 "2";
3 14 1 55,125 "3";
4 92 0 0,2,4,7,8,13,15,17,20,22,24,28,29,33,35,36,39,44,45,47,48,50,51,54,55,56,61,63,65,68,73,76,78,80,82,83,85,87,91,92,96,98,101,103,105,107,109,111,117,120,122,125,126,127,129,130,131 "4";
5 79 1 0,2,4,6,8,9,10,13,14,16,19,21,23,26,29,31,33,34,36,37,38,43,45,49,53,54,57,58,60,61,65,68,71,75,76,77,78,81,82,84,88,90,93,95,96,98,100,104,110,111,112,114,116,119,124,126,128,130,132,134,135 "5";
6 87 0 5,22,26,38,54,56,61,66,81,83,89,95,100,101,102,107,118,121,127,133,135 "6";
7 95 1 0,2,5,8,12,15,19,23,24,26,27,29,30,32,34,40,43,44,45,46,47,48,50,52,58,60,62,64,65,69,70,75,80,83,86,88,90,93,94,97,99,100,101,105,106,108,109,112,114,116,119,121,123,126,131,134,135 "7";
8 29 1 0,1,7,8,12,13,16,18,21,28,30,35,39,41,43,51,55,59,61,72,76,78,82,84,85,89,92,95,98,101,103,107,110,112,113,115,119,121,125,128,129,131 "8";
9 29 1 1,6,9,10,15,25,26,32,36,42,46,49,52,53,55,56,57,60,61,64,66,74,80,83,86,87,89,91,98,101,102,104,106,107,109,110,112,115,117,119,122,123,126,127,131,133,134 "9";
10 135 1 2,7,9,12,18,23,25,30,34,36,42,44,52,62,74,75,80,82,84,87,89,95,103,112,113,117,123,127,134,135 "10";
11 132 0 2,32,35,43,46,48,50,56,58,64,75,88,100,104 "11";
12 84 1 0,12,14,21,24,27,30,34,40,42,47,50,53,57,59,61,63,70,73,74,79,84,96,101,104,110,121,124,126,135 "12";
13 61 0 0,3,5,7,8,10,12,13,14,16,17,18,19,24,26,28,29,30,32,33,36,37,40,44,46,47,48,51,53,54,57,59,60,62,64,65,69,70,72,74,75,78,81,86,89,90,92,94,95,97,100,103,105,106,110,112,113,115,116,121,123,126,127,129,131,133,135 "13";
14 110 0 3,4,11,14,21,23,29,32,43,45,48,51,55,56,67,70,78,83,87,94,96,98,106,114,116,118,135 "14";
15 81 0 0,3,6,11,18,28,30,33,36,38,39,41,44,45,63,66,67,69,70,75,76,78,83,86,88,91,98,101,106,117,118,119,123,126,129,131,135 "15";
16 32 0 1,5,6,8,9,12,14,21,24,30,33,36,38,40,42,44,54,55,59,64,65,67,72,74,77,81,84,87,88,95,97,98,101,102,104,108,111,115,116,118,120,124,128,130,132,134 "16";
17 11 1 1,9,13,19,26,46,50,61,64,66,69,78,80,81,87,100,107,111,133 "17";
18 106 1 120,131 "18";
19 63 0 28,31,40,44,56,85,131,134 "19";
20 134 1 1,2,4,7,12,14,17,19,20,23,26,27,29,31,34,35,38,40,44,46,48,49,56,58,61,64,65,67,71,72,78,80,81,82,84,85,89,91,93,94,96,97,101,102,105,108,110,112,113,115,116,118,119,120,123,125,126,128,130,132,135 "20";
21 10 0 0,3,5,6,10,11,13,18,19,22,23,26,29,30,32,33,34,37,39,42,44,45,47,50,51,53,55,57,59,63,65,66,69,70,73,74,77,80,81,83,84,86,88,89,91,95,97,98,99,101,103,106,108,110,115,116,118,120,121,122,124,128,130,131,132 "21";
22 35 1 0,6,8,12,16,21,22,25,27,30,32,33,39,41,45,48,50,51,57,61,63,64,66,68,70,71,72,75,78,79,86,87,89,92,96,109,111,114,119,120,122,124,128,129,132,133,135 "22";
23 90 1 8,108,117,132 "23";
24 88 0 3,8,26,29,35,37,50,56,79,117,124,132,134 "24";
25 90 1 0,2,4,8,9,10,15,16,24,29,35,38,40,44,45,47,49,51,53,55,56,58,59,61,62,67,69,74,76,78,81,82,86,90,108,113,115,118,119,121,122,128,131 "25";
26 108 0 5,7,8,14,20,24,26,28,29,32,34,37,38,43,52,61,64,69,71,73,77,81,83,85,94,101,105,110,111,115,121,123,127,128,129,131,135 "26";
27 78 0 3,18,21,25,28,32,39,44,46,47,51,62,71,83,90,92,93,98,100,110,112,118,119,126,128,130 "27";
28 89 1 0,2,4,7,9,12,14,21,26,34,36,39,44,47,53,62,65,67,68,70,74,81,83,93,95,98,103,104,109,112,117,121,122,124,130 "28";
29 128 0 0,1,3,4,8,9,15,16,17,18,21,22,26,29,30,31,33,35,37,38,39,41,44,46,47,49,51,53,57,62,66,67,69,71,73,74,75,79,81,85,89,90,93,95,96,98,101,104,107,109,112,114,120,122,123,127,129,130,135 "29";
30 65 0 2,4,12,20,32,41,44,47,52,56,57,60,62,64,71,73,77,79,83,85,90,95,106,112,118,120,122,126,127,132 "30";
31 64 1 22,37,41,47,49,52,54,56,86,87,88,91,100,128 "31";
32 65 1 0,3,4,28,36,47,62,69,73,79,88,124,129 "32";
33 117 0 0,1,8,10,15,20,26,30,32,33,37,42,45,49,52,60,64,71,72,75,76,80,83,85,87,89,90,97,105,110,112,115,117,119,121,122,126,128,134 "33";
34 121 1 6,7,17,48,50,73,111,116,127 "34";
35 124 0 112,117 "35";
36 106 0 0,4,7,8,10,13,14,16,19,20,23,25,26,29,33,34,36,39,40,42,44,46,47,48,51,53,56,58,61,64,67,69,72,75,76,78,80,81,82,84,88,90,92,94,97,99,103,104,107,116,119,120,121,123,126,128,132,133 "36";
37 97 0 1,2,7,8,10,11,12,19,20,23,26,27,32,33,36,38,46,48,50,54,56,58,62,66,74,79,81,84,85,87,88,90,91,94,97,99,102,106,108,110,113,115,121,124,125,128,129,135 "37";
38 39 1 0,1,2,6,7,9,17,27,29,32,35,44,45,46,58,60,62,64,66,68,72,78,79,81,96,100,103,108,110,114,116,126,129,132 "38";
39 35 0 0,1,7,9,10,13,16,19,20,23,26,28,30,33,35,37,40,50,51,57,59,60,61,66,67,69,71,74,75,77,78,81,84,88,92,98,99,102,106,108,111,113,114,115,117,119,122,127,129,131,132,134 "39";
40 134 0 3,8,20,27,28,31,35,36,40,41,44,48,51,54,64,68,69,76,79,81,90,99,102,106,109,112,116,125,127 "40";
41 41 0 1,23,33,47,53,84,108,124,134 "41";
42 117 0 0,4,8,12,16,19,21,27,28,30,32,33,37,40,41,49,52,55,57,61,65,67,70,71,74,81,95,98,107,113,115,116,124,127,129,131,132 "42";
43 37 1 1,3,6,18,22,24,35,40,50,57,58,62,63,68,69,74,90,97,99,101,111,124,128,133,135 "43";
44 23 1 4,8,10,48,54,59,69,77,81,85,96,110,122 "44";
45 3 1 0,2,3,6,7,8,9,10,12,14,15,18,19,21,22,23,25,27,28,33,35,37,38,40,41,44,46,50,56,58,60,61,64,66,67,70,75,76,78,80,82,86,92,94,96,100,103,105,106,107,109,110,112,117,124,127,128,133 "45";
46 100 1 0,2,5,8,11,13,16,20,25,26,32,33,39,40,42,45,46,59,60,61,62,64,66,72,74,79,83,85,96,97,107,109,111,112,120,124,126,128,130,132,133 "46";
47 85 1 9,13,15,23,24,27,59,71,74,76,85,95,96,101,110,115,126,130,134 "47";
48 125 0 4,8,11,13,18,20,25,31,37,39,43,63,69,74,77,86,90,95,103,107,110,111,116,118,133,134,135 "48";
49 28 1 4,5,12,14,18,20,26,33,39,46,61,63,66,72,78,81,85,88,92,93,97,98,101,102,110,119,121,122,130,131,135 "49";
50 42 1 0,1,3,4,7,9,11,12,14,16,18,20,21,25,27,29,31,33,36,38,39,41,43,44,46,48,49,50,51,56,58,64,65,67,69,72,73,75,76,79,80,82,86,87,89,90,92,93,99,100,102,104,106,107,109,110,112,115,118,121,122,123,124,126,129,130,133,135 "50";
51 111 0 23,75 "51";
52 92 0 2,9,11,12,15,18,23,26,28,30,33,35,36,38,39,41,46,51,53,58,59,62,63,69,71,73,75,77,80,84,85,86,87,89,93,95,96,97,99,101,103,105,109,113,115,116,117,119,120,123,127,131,135 "52";
53 118 1 0,1,4,6,10,14,21,32,33,34,36,38,49,51,52,54,56,58,59,61,66,70,74,78,81,82,85,89,91,93,96,97,99,103,106,112,115,120,122,128,134 "53";
54 35 0 3,13,15,19,20,28,35,37,39,46,48,50,52,55,59,62,64,77,83,94,95,96,99,102,116,121,124,129 "54";
55 53 1 2,4,7,11,12,14,15,16,17,20,21,23,27,28,31,32,36,39,46,47,52,53,58,60,61,64,65,67,69,70,71,72,79,81,82,85,86,87,89,92,98,106,107,108,113,114,115,116,120,121,124,126,128,132,135 "55";
56 90 0 0,5,7,8,10,11,12,14,15,20,22,24,27,28,29,30,33,34,36,37,38,41,47,48,50,52,58,64,68,70,72,73,75,76,80,84,86,87,89,91,93,96,99,101,102,106,108,109,111,112,115,117,120,122,124,127,128,131,132,134,135 "56";
57 112 1 1,9,13,16,23,29,36,40,48,64,79,90,95,96,121,134 "57";
58 24 1 0,4,5,9,12,14,15,18,19,22,24,28,33,35,39,42,43,45,48,53,54,56,59,61,66,67,69,70,72,74,79,85,88,91,95,97,99,103,112,114,116,120,126,131,132 "58";
59 83 1 0,12,21,26,28,31,33,40,49,59,62,76,77,82,86,91,99,118,120,122,123,127,129,131,133,135 "59";
60 116 0 4,22,26,28,37,41,49,56,69,75,79,85,97,98,102,109,112,129 "60";
61 17 1 0,3,7,19,26,27,30,38,43,48,52,55,64,66,74,79,81,82,87,100,101,103,105,115,118,120,123,125,130 "61";
62 31 0 2,3,5,7,9,11,12,15,17,18,20,22,23,26,27,28,30,31,32,33,35,36,37,39,40,41,44,46,47,49,50,51,53,55,58,60,62,63,64,66,78,80,81,84,86,88,90,92,93,98,99,100,104,105,106,107,109,111,112,113,116,117,119,120,124,125,128,134 "62";
63 1 0 0,2,5,8,9,13,16,19,21,22,24,27,30,35,36,39,40,43,44,48,49,54,55,61,62,64,66,71,74,76,82,83,84,88,91,93,95,99,102,104,106,111,113,116,120,121,122,129,131,133,135 "63";
64 21 1 6,10,25,29,36,38,42,49,55,61,76,110,113,116,120,125,127,132,133 "64";
65 130 1 2,13,17,18,21,26,44,58,62,70,72,82,84,90,91,100,106,130,132,135 "65";
66 99 1 4,11,13,14,20,23,39,41,46,48,60,64,68,69,72,78,79,85,95,98,100,101,103,107,119,125,135 "66";
67 129 0 13,24,48,57,62,75,79,100,103,106 "67";
68 88 1 13,19,31,36,53,66,70,77,101,119,127,129,133,135 "68";
69 45 0 1,3,5,6,7,15,17,19,20,23,27,31,32,37,38,39,41,43,47,50,52,55,56,57,59,62,63,64,66,69,71,77,78,81,82,87,89,98,99,105,106,109,112,113,116,120,125,126,131,132,134 "69";
70 92 0 0,2,3,4,8,11,13,18,21,23,24,25,28,30,33,36,39,41,43,45,51,53,56,62,64,65,66,68,73,75,80,81,84,88,91,92,94,95,97,98,101,108,110,112,113,115,119,121,122,124,126,127,129,132,133,135 "70";
71 5 1 0,1,3,4,6,8,9,10,14,16,17,20,21,25,30,33,34,35,39,43,54,55,57,59,60,69,72,73,80,81,83,90,93,99,101,102,103,105,106,107,110,115,116,118,120,123,124,128,131,132,135 "71";
72 66 1 3,7,8,12,14,16,18,20,25,29,31,33,35,36,37,40,42,43,45,46,48,54,55,58,61,65,68,69,70,72,74,77,82,85,87,90,92,95,97,104,109,114,116,121,123,126,129,132,135 "72";
73 86 0 3,4,8,12,16,18,22,28,33,36,38,46,47,49,50,52,58,60,68,70,74,78,87,94,96,106,108,110,118,120,128,135 "73";
74 99 1 9,29,34,39,42,45,64,85,97,103,106,131,132 "74";
75 83 1 0,2,4,6,12,14,17,20,27,30,36,38,42,51,59,61,64,71,74,80,83,86,89,93,94,98,104,106,110,111,112,116,119,121,123,129,132 "75";
76 52 0 1,2,5,9,11,14,17,18,23,25,27,28,34,35,38,40,41,43,47,56,57,59,61,65,66,75,78,79,84,85,87,90,95,96,99,100,104,110,116,118,119,121,125,126,131,132,133 "76";
77 7 1 34,40,66,88 "77";
78 35 1 4,6,14,22,25,30,33,40,45,47,50,53,56,60,64,67,78,79,83,98,104,105,107,113,125,133 "78";
79 105 0 2,10,23,33,48,51,68,99 "79";
80 15 0 6,70,74,78 "80";
81 55 0 1,10,12,16,31,41,49,58,69,78,86,93,96,107,114,116,126,128 "81";
82 124 0 3,10,15,18,22,26,28,31,32,37,45,50,53,54,58,62,63,66,68,69,71,82,84,85,107,111,116,122,132,133 "82";
83 45 0 1,3,8,9,13,14,19,20,23,24,27,30,36,37,38,41,45,46,47,49,52,53,55,57,63,65,67,69,71,73,75,77,79,80,81,83,87,89,92,94,98,100,103,104,107,110,111,115,117,123,129,130,132,135 "83";
84 120 0 12,50,60,89 "84";
85 32 0 6,10,14,27,38,41,48,54,58,61,63,74,76,84,86,101,125,131 "85";
86 87 0 0,2,3,9,14,18,25,28,34,38,45,48,56,58,64,66,68,70,71,74,76,85,87,89,93,99,101,106,108,117,119,121,127,130,131,135 "86";
87 17 0 0,1,3,5,6,9,11,13,14,16,18,19,21,25,26,30,31,33,36,37,39,40,42,44,46,48,49,51,52,53,56,57,59,62,63,65,67,69,70,72,73,76,80,81,83,85,86,87,90,92,94,96,97,101,104,105,107,109,111,114,120,121,123,125,127,128,130,134 "87";
88 86 0 1,3,5,8,9,11,12,14,15,19,20,21,24,25,29,32,34,36,37,39,40,43,45,48,49,50,51,53,54,56,57,59,61,63,65,66,69,71,72,74,76,79,81,83,84,87,89,90,91,94,96,97,98,100,105,107,108,110,119,123,124,125,127,130,133,135 "88";
89 134 0 12,45,56,68,72,75,96,102,107,111,113,128,131,133,135 "89";
90 95 0 1,13,17,28,52,61,68,70,75,101,105,117 "90";
91 16 0 0,2,4,6,7,8,9,12,14,16,17,19,21,23,25,27,28,32,34,37,39,40,41,44,48,50,52,58,59,60,62,68,70,72,73,76,80,81,83,84,85,86,88,89,91,96,99,101,103,105,108,110,113,117,120,124,127,128,131,135 "91";
92 23 1 2,6,25,28,45,51,52,56,67,77,79,97,100,108,109,121,129,133 "92";
93 19 1 1,3,7,9,11,18,22,23,26,27,34,36,37,44,47,50,52,58,63,64,66,76,78,81,83,86,87,90,97,98,100,105,109,112,117,120,124,125,127,131,133 "93";
94 36 0 0,2,4,5,6,8,10,13,14,16,18,21,23,25,27,28,30,32,33,34,35,37,39,41,46,49,50,54,61,62,63,65,67,69,71,72,73,75,79,80,83,85,87,89,93,96,99,105,106,108,110,116,120,121,123,125,127,131,132,135 "94";
95 33 0 0,3,5,10,13,16,18,21,22,26,27,29,34,35,39,47,49,50,54,58,63,67,69,72,74,76,79,81,84,87,90,93,96,98,101,103,105,106,109,112,113,114,118,119,121,128,130,133 "95";
96 85 0 0,2,3,6,9,12,13,15,16,18,22,26,29,35,36,37,40,42,44,48,50,55,57,58,59,65,66,74,75,77,78,82,91,95,97,101,103,104,106,110,112,115,117,118,120,122,124,126,128,130,133,134 "96";
97 37 0 4,7,13,16,18,23,26,30,35,37,38,40,43,45,48,50,57,61,64,66,68,70,73,76,78,85,87,88,92,99,101,103,106,109,117,118,121,125,126,128,130,132,135 "97";
98 88 1 5,7,11,20,45,51,55,66,72,85,90,97,105,110,117,130,133 "98";
99 82 1 1,6,18,28,30,32,66,71,91,97,105,118,127,130 "99";
100 29 1 0,5,7,10,14,19,26,30,33,43,45,51,53,56,58,59,61,67,68,71,77,86,92,98,104,111,116,120,124,127,130,134,135 "100";
101 91 1 0,10,12,15,16,21,28,32,34,38,40,49,50,55,57,63,64,66,70,72,75,77,78,79,82,85,93,95,99,102,111,113,116,128,132,135 "101";
102 93 1 10,17,27,28,50,52,69,117,132 "102";
103 116 1 0,4,9,15,23,37,56,64,74,85,88,92,94,99,107,116,117,127,130,132,135 "103";
104 47 0 4,6,8,12,13,15,17,19,23,24,28,32,34,37,39,47,51,54,57,60,62,64,65,67,71,73,74,78,84,87,89,93,101,108,111,113,116,118,119,120,124,127,131,132 "104";
105 41 0 2,5,13,17,27,29,32,36,40,46,51,52,55,62,71,81,83,85,86,87,90,92,94,100,102,110,114,124,128,134 "105";
106 53 1 3,5,7,11,16,17,24,30,36,39,43,45,47,51,52,55,56,64,66,71,73,75,76,79,80,83,86,87,94,97,98,101,102,105,111,112,113,115,118,120,121,124,126,129,131,133,134 "106";
107 106 0 49,130 "107";
108 126 1 1,3,5,8,10,11,14,19,20,22,23,26,31,33,34,35,38,41,42,45,46,47,51,53,55,57,59,61,62,63,65,66,68,70,73,74,77,78,80,82,86,88,91,93,95,97,99,101,103,104,106,107,109,111,114,116,117,121,123,124,125,127,132,134 "108";
109 98 1 3,5,7,8,9,12,15,17,18,21,24,25,29,31,37,40,42,44,45,47,50,53,56,63,64,65,69,71,72,73,75,76,81,82,84,86,87,90,92,97,98,100,102,105,107,110,113,115,116,118,121,122,124,125,128,133,135 "109";
110 98 1 1,7,9,10,11,14,15,19,20,22,24,27,30,32,33,35,38,39,41,42,47,51,54,56,59,60,62,65,66,67,68,76,77,80,82,85,91,92,94,100,103,106,109,110,113,114,116,121,122,124,125,128,130,131,134 "110";
111 26 1 8,12,14,25,26,27,31,32,35,38,41,43,47,54,60,63,66,70,72,75,78,82,85,91,93,96,98,99,100,103,105,108,110,112,115,118,120,124,126,129,131,132,134,135 "111";
112 108 1 1,3,5,6,34,39,49,50,56,65,74,80,85,100,115,122,128,134 "112";
113 45 1 0,1,3,6,9,11,12,13,15,16,20,28,29,33,39,40,42,46,54,58,65,66,70,72,75,76,78,79,85,89,94,98,100,102,104,105,106,111,112,116,118,120,121,123,127,129,130,132,133 "113";
114 20 1 5,8,14,17,19,21,24,30,32,35,43,53,60,63,65,67,71,78,80,85,96,99,102,114,120,123,125,128,133 "114";
115 6 0 8,9,18,20,54,65,73,91,95,106,118,121 "115";
116 25 1 0,2,10,11,16,22,24,32,36,37,39,43,49,58,63,68,74,76,78,80,83,88,91,92,93,97,100,102,105,108,109,112,114,118,120,121,126,128,133,135 "116";
117 9 0 0,3,5,7,9,14,16,20,23,26,28,30,31,35,37,44,48,49,51,53,56,63,66,69,72,74,77,82,86,92,94,98,102,107,110,112,116,117,133,135 "117";
118 36 0 90,92 "118";
119 55 0 0,15,22,23,30,32,35,39,50,58,60,69,72,83,85,90,94,105,116,117,119,121,124,125,126 "119";
120 12 0 2,5,7,8,9,13,15,16,19,20,22,24,25,26,27,30,31,34,35,37,38,42,43,44,45,52,53,55,58,59,63,65,67,70,71,73,75,78,81,83,86,87,88,92,93,94,99,100,102,105,108,112,113,114,118,121,122,125,126,127,129,131,132,134,135 "120";
121 83 1 0,2,4,5,7,9,12,14,15,17,19,20,22,24,25,26,29,30,35,36,38,39,41,42,44,46,48,50,51,53,58,62,63,69,71,74,76,79,81,83,84,86,88,89,90,93,95,96,97,99,100,104,105,106,110,111,113,115,116,117,119,121,127,129,130,132,133,135 "121";
122 135 1 2,6,9,14,19,22,23,25,31,33,35,40,42,45,52,55,63,68,75,78,89,91,92,97,100,103,108,111,114,116,117,119,129,131,132 "122";
123 12 0 0,1,7,9,12,13,15,17,21,23,24,25,26,30,32,33,36,37,38,40,42,44,46,51,54,55,58,60,63,65,67,68,69,70,72,74,76,78,80,82,84,85,87,88,89,92,95,97,101,102,103,105,106,107,108,112,113,114,117,118,120,122,123,127,129,135 "123";
124 25 1 0,1,3,5,6,12,14,16,17,18,22,23,25,27,28,30,31,33,34,37,39,42,43,45,48,50,51,52,54,55,61,63,64,66,68,69,75,76,77,80,83,85,86,88,90,91,92,94,95,97,99,104,109,110,111,113,115,118,120,121,126,128,129,131,133,135 "124";
125 116 1 1,10,14,18,21,26,31,37,42,48,51,57,64,90,96,108,110,126,128 "125";
126 122 1 9,17,25,36,39,44,59,74,76,82,85,95,100,111,112,115,127 "126";
127 72 1 0,1,5,7,9,11,13,16,27,28,31,34,37,39,41,44,46,48,49,50,51,54,56,58,60,61,63,67,74,76,79,89,91,92,94,96,97,99,101,103,104,106,110,114,119,127,130 "127";
128 118 1 7,9,16,18,19,21,27,30,37,38,42,45,47,49,51,53,55,57,58,59,61,64,65,66,68,75,78,82,85,86,88,90,95,97,103,111,113,114,116,118,120,121,123,125,131,134,135 "128";
129 62 0 1,3,4,5,7,9,12,14,17,18,19,21,24,27,28,29,30,31,33,36,38,40,44,47,50,51,53,57,58,62,63,64,66,70,71,72,73,76,78,80,82,83,86,87,88,90,93,95,96,99,100,101,102,104,113,115,119,121,122,125,127,129,132,135 "129";
130 32 1 8,28,46,79,112,122 "130";
131 113 0 9,76,83 "131";
132 61 1 1,4,5,7,8,10,14,17,19,21,23,28,30,33,36,46,47,49,52,54,58,60,61,62,66,67,71,73,75,78,79,80,82,84,88,89,92,95,96,100,101,105,107,110,111,115,116,117,123,124,125,128,131,135 "132";
133 130 1 3,5,6,7,10,12,14,16,18,19,23,24,25,26,27,29,30,31,32,34,35,37,39,40,41,44,46,48,52,53,55,57,58,60,62,64,65,68,71,72,81,83,84,88,90,93,95,96,98,99,100,102,108,112,114,116,118,119,121,123,124,127,133 "133";
134 125 1 1,3,11,13,17,20,36,38,45,49,58,59,65,73,79,87,95,104,117,120,127,128 "134";
135 129 0 3,5,8,16,18,24,27,31,37,39,40,44,47,50,54,56,59,63,65,72,74,76,80,81,89,92,95,97,99,100,104,106,107,109,114,117,122,123,125,128,131 "135";
