parity 86;
0 13 1 0,2,3,5,8,11,13,16,22,24,28,31,33,34,36,38,39,43,44,46,48,53,55,57,59,63,67,68,72,73,74,76,78,80,83,84,86 "0";
1 47 1 1,8,9,12,18,23,24,27,29,31,36,38,41,42,45,51,52,54,60,62,64,67,69,72,73,74,75,76,77,86 "1";
2 40 0 2,3,8,12,22,32,46,49,61,69,71,81 "2";
3 27 0 21,83 "3";
4 86 1 5,13,15,26,27,29,42,65 "4";
5 38 0 18 "5";
6 11 0 8,10,12,15,17,20,21,23,26,28,30,31,33,35,39,42,44,45,47,50,54,57,58,60,61,63,65,66,68,70,72,75,76,79,85 "6";
7 66 1 21,42,43,80,81 "7";
8 84 1 6,60,76,81 "8";
9 40 1 5,6,21,24,26,52,56,62,71,77,82 "9";
10 65 1 1,3,6,7,11,12,15,17,21,23,26,28,29,32,35,36,37,38,40,41,43,46,48,51,54,56,58,61,63,64,68,74,75,76,78,80,81,83,86 "10";
11 68 0 1,4,5,9,11,12,14,16,19,20,23,26,28,30,32,33,35,38,40,42,47,48,51,53,56,60,61,62,66,69,73,75,76,80,82,83,86 "11";
12 36 0 2,13,14,15,29,38,40,42,44,59 "12";
13 28 1 1,6,9,10,14,16,17,24,28,30,33,34,36,41,43,49,52,54,56,59,62,64,71,72,78,82,84,86 "13";
14 20 1 1,7,9,13,14,16,20,22,25,28,33,34,35,36,41,43,44,47,48,50,52,57,60,61,64,67,68,69,73,75,76,77,79,81,83,84,85 "14";
15 49 1 3,44,54,55,80 "15";
16 13 1 7,28,34,39,51,59,74,85 "16";
17 0 1 3,9,13,16,17,19,20,22,25,28,30,32,33,34,36,38,41,45,51,56,58,63,65,72,74,76,77,80,85 "17";
18 71 0 0,4,5,9,14,15,20,24,25,27,28,30,33,36,38,42,45,48,50,51,53,55,59,60,62,69,70,71,73,74,75,76,78,83,84,86 "18";
19 17 0 7,10,14,17,20,29,37,39,40,46,54,58,60,62,66,69,71,73,76,82 "19";
20 31 0 11,15,59,73,76,77,83 "20";
21 50 1 1,4,10,12,13,19,25,27,28,30,33,35,40,41,45,50,51,65,68,71,73,78,81,84 "21";
22 9 0 2,3,7,11,12,14,19,21,24,25,27,28,29,30,32,34,36,37,38,41,45,46,49,50,55,57,58,61,62,66,67,69,71,78,79,86 "22";
23 19 1 0,2,7,17,20,32,38,40,41,44,47,51,53,60,63,69,70,75,78,85 "23";
24 7 0 5,23,32,34,37,42,45,64,68,76,78,85 "24";
25 86 0 8,9,11,12,17,21,30,36,37,46,47,50,62,68,69,78,85 "25";
26 82 0 2,6,10,12,15,18,27,31,32,34,35,38,43,44,47,49,55,56,64,68,70,72,75,76,77,78,80,81,82,84,86 "26";
27 36 1 2,7,9,11,18,23,43,45,46,53,66,70,72,74,79,83,84 "27";
28 27 0 0,1,5,11,12,14,16,19,21,22,28,31,32,34,35,37,38,39,41,46,47,51,54,59,60,63,69,72,74,76,77,81,83,84,86 "28";
29 64 0 2,4,5,8,10,12,13,18,21,23,24,27,30,33,34,35,37,38,42,47,49,50,52,56,57,59,64,67,72,73,74,77,78,81,82,86 "29";
30 5 0 1,3,4,7,9,13,14,17,18,20,22,24,25,28,29,31,36,38,40,41,43,44,45,46,48,52,54,56,58,62,63,65,67,69,70,72,74,75,79,83,85 "30";
31 74 1 1,2,4,6,8,12,15,19,21,25,28,29,31,33,34,35,38,40,43,44,45,47,48,49,51,53,54,56,60,63,65,66,69,75,76,78,79,81,83,84,86 "31";
32 29 0 6,8,17,23,29,31,43,65,68,70,73,75,80 "32";
33 83 1 0,4,5,6,8,10,14,17,18,19,22,23,25,27,28,29,32,33,34,37,39,42,43,46,47,49,51,52,54,55,57,58,62,64,65,67,68,70,73,77,79,81,83,84 "33";
34 55 0 0,2,7,9,11,12,14,16,19,20,23,25,29,30,31,32,34,35,38,41,43,44,45,47,51,56,59,62,65,66,68,73,78,80,85 "34";
35 22 1 1,28,29,44,77 "35";
36 61 1 0,2,3,6,8,10,11,13,16,18,19,21,24,25,27,29,31,32,33,35,37,39,41,43,45,49,51,52,54,58,60,62,64,65,68,70,72,77,78,80,82,84,85,86 "36";
37 76 1 0,11,17,20,29,34,35,39,42,44,46,49,53,56,58,63,65,67,74,77,79,85 "37";
38 35 0 7,8,10,20,24,30,34,35,38,52,54,55,59,61,66,72,75,79,84 "38";
39 37 0 1,3,5,9,16,17,20,22,27,30,32,38,41,43,44,47,50,52,53,60,65,67,69,71,75,78,84 "39";
40 37 1 1,2,4,5,13,16,18,21,28,34,37,38,40,43,45,47,50,53,54,56,59,62,64,73,76,81,82 "40";
41 37 1 2,8,12,15,16,18,27,49,51,56,77,84 "41";
42 40 1 1,5,6,8,11,13,14,17,20,23,30,32,33,39,43,48,50,52,54,58,61,62,64,67,70,72,74,80,82,84 "42";
43 30 0 4,9,23,27,31,32,36,43,44,46,52,55,57,63,71,81,84 "43";
44 70 0 11,14,30,45,68 "44";
45 80 0 2,4,9,14,19,20,23,29,37,45,46,49,51,52,53,57,61,62,64,66,69,73,77,80,81,85 "45";
46 65 0 1,2,5,6,7,10,12,13,17,20,22,23,27,29,30,31,33,35,36,39,40,41,45,46,47,48,49,51,53,58,63,64,65,67,70,72,74,75,77,78,80,81,85 "46";
47 35 0 4 "47";
48 13 0 14,15,18,21,24,33,39,58,64,68,73,78,80 "48";
49 67 0 0,1,3,6,7,10,11,13,18,21,22,26,32,35,38,40,45,49,51,52,59,64,72,74,77,82,84 "49";
50 77 0 1,11,18,28,35,45,47,48,51,66,71,83,84 "50";
51 8 0 5,14,17,20,21,23,25,27,32,33,38,41,50,54,61,64,66,69,75,76,77,79 "51";
52 21 1 13,15,33 "52";
53 35 0 0,3,5,7,9,10,12,17,18,20,24,30,34,37,40,42,45,46,48,51,52,57,59,60,63,66,68,71,73,74,76,80,84,86 "53";
54 41 1 0,4,5,6,10,12,16,26,28,31,33,35,41,43,49,55,58,60,67,69,74,78,81,82,85 "54";
55 59 1 3,5,14,64 "55";
56 33 1 2,8,9,11,14,15,17,27,28,31,35,36,39,42,44,45,54,58,62,63,65,71,78,79 "56";
57 48 0 2,5,8,11,14,19,20,21,23,26,28,33,37,39,41,46,48,49,52,54,57,62,70,73,78,79,82,83,85 "57";
58 13 1 39,60,79,86 "58";
59 36 0 1,2,3,5,8,11,14,20,22,24,31,34,35,37,41,44,46,47,51,55,57,60,63,66,73,76,79,84,85 "59";
60 11 0 0,2,9,20,22,23,25,29,31,33,35,38,43,47,53,56,58,63,64,68,69,73,74,81,83,86 "60";
61 82 0 0,5,13,21,45,51,55,75,84 "61";
62 77 0 45 "62";
63 27 1 7,14,29,34,39,42,48,52,54 "63";
64 66 1 7,18,22,37,39,42,48,55,59,61,63,67,71,73,74,77,79,86 "64";
65 78 1 3,4,6,8,9,10,11,14,17,19,21,23,24,27,32,34,36,40,44,48,50,51,54,56,61,63,72,73,76,80,81,83,84,86 "65";
66 49 0 36,42,51,60 "66";
67 67 1 9,22,34,53,64 "67";
68 18 1 0,2,8,12,33,47,49,54,65,68,86 "68";
69 21 0 0,4,5,6,9,12,13,15,16,19,21,22,23,24,25,28,31,33,40,42,47,48,50,52,56,58,59,60,62,63,64,66,68,72,73,75,79,80,82,84,86 "69";
70 77 1 0,7,14,23,26,27,30,38,39,40,47,51,53,55,57,58,60,63,70,78,80,85 "70";
71 27 1 2,12,22,26,27,28,30,39,42,47,52,55,58,61,63,69,75,80,81 "71";
72 82 1 19,42,64 "72";
73 33 0 2,5,22,30,32,34,52,56,66,73,77,79,82 "73";
74 38 0 1,2,3,6,9,12,13,14,19,22,27,36,42,44,49,57,59,62,70,71,76,78,79,81 "74";
75 14 0 1,2,14,23,34,44,54,69,76,82,84 "75";
76 82 1 2,3,5,7,9,11,13,15,17,18,21,24,25,28,30,32,36,38,40,42,45,47,49,50,55,58,60,62,65,66,68,70,72,75,78,80,82,83,85 "76";
77 64 0 3,16,26,29,30,36,50,53,58,62,71,73,77,82,86 "77";
78 34 1 2,4,6,22,24,35,41,48,53,56,58,65,66,70,84 "78";
79 80 1 7,8,26,29,40,50,62,80 "79";
80 26 0 1,5,7,10,16,18,22,24,30,32,35,37,39,46,52,54,59,62,64,65,67,69,71,73,75,78,83,85,86 "80";
81 16 0 3,6,7,10,12,15,18,20,22,24,25,27,28,31,33,38,40,44,47,48,57,58,61,62,64,66,67,68,71,74,76,77,79,82,84,86 "81";
82 77 1 0,15,18,21,32,37,46,51,56,73,75,78,79,80 "82";
83 47 1 9,20,25,37,41,47,63,66,70 "83";
84 81 0 5,11 "84";
85 57 0 0,5,7,10,12,14,16,19,22,27,29,32,34,39,41,45,50,51,53,57,59,62,64,70,72,73,77 "85";
86 24 0 0,2,3,5,7,9,11,13,14,22,24,25,27,28,30,32,33,35,37,38,40,41,43,45,47,49,51,56,57,59,60,65,66,71,76,78,80,83,84,85,86 "86";
