parity 189;
0 137 0 3,5,7,13,15,18,22,23,25,29,35,37,43,45,52,54,56,59,63,68,71,74,76,78,81,83,89,91,92,95,97,101,103,108,112,120,124,128,132,135,138,145,153,158,160,163,174,178,181,188 "0";
1 134 1 0,1,3,7,9,12,14,15,25,27,28,29,31,37,39,44,45,47,48,51,52,54,57,59,63,67,71,78,81,82,83,84,86,89,92,96,102,104,107,110,112,113,117,120,122,128,130,134,137,138,139,146,147,149,150,152,157,162,163,166,171,172,174,177,181,183,186,188 "1";
2 131 0 0,2,5,7,9,13,14,17,23,26,34,37,41,42,44,46,47,51,53,56,58,59,64,65,67,70,74,75,78,80,84,88,93,94,96,99,102,104,105,108,109,110,112,116,120,121,124,126,128,131,133,134,139,141,145,147,148,151,153,157,160,161,164,165,172,173,174,178,182 "2";
3 2 0 0,12,16,17,23,28,30,39,41,47,49,53,54,60,69,72,79,86,92,93,95,97,105,112,114,117,119,121,123,131,138,148,151,160,161,163,169,175,180,188 "3";
4 9 0 23,27,44,66,68,74,79,81,90,97,99,102,104,108,110,116,123,133,137,139,142,145,161,168,173,177,178,183,185,188 "4";
5 108 0 1,2,4,6,8,9,11,14,15,16,23,24,28,29,32,33,35,39,41,44,45,47,51,55,57,58,60,62,63,65,66,68,72,76,78,80,85,88,89,94,95,96,97,98,101,103,105,109,111,113,114,115,118,121,123,124,126,128,129,131,132,134,137,140,142,143,149,151,153,155,159,162,163,165,167,168,169,170,172,175,176,177,178,181,183,184,186 "5";
6 13 1 0,2,6,14,16,18,20,21,23,25,27,33,37,39,42,44,46,47,49,52,55,56,66,67,69,72,73,82,83,86,91,96,98,104,108,110,115,117,122,123,125,127,129,130,134,135,137,138,141,150,152,155,158,161,162,164,167,176,180,183,184,188 "6";
7 185 0 0,12,18,33,93,121,124,151,165,174,178,185 "7";
8 106 1 1,3,4,6,7,10,11,12,15,16,17,18,20,21,22,23,24,28,29,33,36,37,39,42,43,44,45,47,48,50,52,53,55,56,57,58,60,61,62,64,66,71,73,75,76,78,81,85,87,89,93,94,95,98,100,101,103,104,106,109,110,117,120,122,130,131,133,136,138,139,142,144,147,148,149,152,153,155,158,159,161,163,164,165,167,169,171,174,175,177,180,183,185,186,188 "8";
9 57 0 8,13,21,60,96,113,126,163,164,183 "9";
10 150 1 0,1,6,8,11,13,14,16,19,20,26,27,31,32,37,39,40,42,43,44,46,52,54,55,56,59,60,62,63,65,69,70,72,74,77,79,81,83,85,87,90,91,94,100,102,104,106,108,110,111,113,115,117,120,122,125,130,131,135,137,140,143,145,147,149,150,152,155,157,159,164,174,176,177,179,180,183,185,188 "10";
11 84 0 1,11,15,16,18,20,25,44,47,53,55,61,74,83,94,96,103,107,111,115,122,125,126,129,132,134,144,147,148,151,164,168,170,173,181 "11";
12 115 1 2,4,5,10,11,19,27,39,41,43,44,56,61,65,68,80,83,95,100,112,113,123,132,134,137,144,147,170,175,186,189 "12";
13 73 1 2,9,11,18,21,26,35,38,49,54,65,69,72,79,83,84,86,95,120,127,129,133,135,139,142,145,151,153,162,163,166,168,176,177 "13";
14 64 1 3,7,13,17,19,20,22,24,25,26,28,32,35,37,39,42,44,45,51,54,60,62,67,68,73,76,77,89,90,91,93,95,98,100,101,105,107,110,114,118,120,121,127,130,137,138,140,144,145,146,148,152,153,154,156,157,159,162,168,171,173,175,178,181,183,186 "14";
15 70 0 0,1,3,7,9,44,49,59,69,74,81,84,94,97,98,101,104,106,109,128,132,143,145,147,153,165,166,177,186 "15";
16 81 1 35,43,48,50,74,149,166 "16";
17 180 0 3,7,9,10,12,14,17,18,23,24,26,27,29,33,34,37,38,40,44,48,50,51,54,56,58,61,62,65,66,68,69,72,75,77,80,81,84,87,89,91,92,93,95,97,98,102,104,105,106,107,109,110,112,114,116,119,120,126,127,130,133,134,137,139,141,142,148,150,153,154,158,160,163,167,169,171,176,179,181,183,188,189 "17";
18 64 0 0,3,4,8,12,15,19,23,25,26,29,33,38,39,43,44,45,47,49,50,52,54,56,60,61,62,64,66,68,70,72,73,74,75,76,77,79,81,85,86,87,88,91,92,94,96,98,100,103,110,112,114,115,118,120,121,125,128,132,133,137,140,143,144,147,153,156,158,160,161,163,164,168,170,173,176,177,178,185,187 "18";
19 185 0 68,71 "19";
20 31 0 6,7,8,11,12,19,22,24,26,32,40,41,43,52,54,55,66,67,69,70,74,78,82,88,91,98,101,102,104,105,108,109,111,115,118,126,130,132,140,142,147,150,153,155,160,168,170,171,173,177,186,189 "20";
21 182 0 1,4,8,12,13,14,16,17,19,21,22,24,26,30,32,33,35,36,38,39,40,44,45,47,50,53,55,58,59,60,62,63,65,68,70,73,74,75,76,79,80,82,84,88,91,94,95,97,99,101,105,106,108,111,112,114,115,116,118,119,122,124,125,126,129,130,132,135,136,138,142,144,147,148,152,153,154,156,159,162,165,169,172,173,175,176,178,179,181,182,184,185,186,188,189 "21";
22 122 1 19,29,32,36,42,53,103,106,110,114,119,127,129,132,137,168,178,180 "22";
23 80 0 4,6,11,18,26,30,38,43,45,49,55,58,61,65,68,74,82,83,89,98,112,117,121,125,126,129,133,135,142,146,150,153,161,176,179,182 "23";
24 101 0 5,11,13,20,25,29,33,44,45,52,55,56,58,60,68,71,73,75,76,80,81,87,97,101,102,104,109,119,120,122,123,126,130,132,134,136,139,141,166,167,173,176,178,182 "24";
25 73 1 0,3,5,7,8,10,14,17,22,28,29,35,36,37,40,41,44,48,51,54,56,59,62,64,70,72,75,77,80,84,86,88,89,90,92,94,95,101,104,109,112,113,116,118,120,126,129,130,131,134,135,136,138,140,144,146,149,163,172,175,176,183,186,187,189 "25";
26 144 0 1,2,8,10,12,15,18,21,22,24,26,28,30,33,37,40,42,44,46,47,49,51,53,57,58,61,63,67,68,74,76,78,81,84,85,86,89,91,99,100,102,104,106,108,109,110,112,114,117,122,125,127,128,130,135,136,137,139,142,145,147,150,154,156,158,159,164,166,167,168,170,172,177,178,181,183,185,187,189 "26";
27 72 0 2,4,8,12,15,17,18,25,26,29,32,36,38,40,41,45,47,48,49,51,52,54,55,58,64,78,81,82,84,86,87,91,93,94,96,99,100,101,103,105,106,109,111,112,113,115,117,119,120,124,129,130,133,134,137,139,144,146,147,149,150,152,155,160,162,164,165,167,171,174,176,177,179,182,185,188 "27";
28 5 0 25,71,87,101,151,163 "28";
29 175 0 0,1,2,4,5,9,11,13,18,20,24,26,28,31,32,33,36,42,45,47,49,50,51,53,56,59,60,61,67,68,70,71,72,73,75,77,82,86,88,89,91,92,93,95,98,100,103,105,106,107,109,113,115,117,119,123,125,126,129,130,132,136,141,142,144,151,154,156,159,160,161,162,163,165,170,171,173,174,176,177,180,182,183,188,189 "29";
30 123 1 2,7,11,12,13,14,17,20,22,23,25,26,32,35,36,40,44,45,46,48,51,57,59,62,64,66,67,68,70,71,74,75,76,78,79,82,84,85,86,88,92,95,99,100,101,104,106,108,110,112,115,117,119,120,122,125,126,128,129,130,132,137,138,139,142,143,146,149,153,157,161,164,165,167,173,175,178,180,183,184,186,187,189 "30";
31 8 1 1,2,5,6,7,8,10,13,14,16,18,21,22,27,32,33,35,37,39,41,42,43,47,49,50,56,58,61,62,65,66,67,69,70,72,73,76,77,79,83,85,88,91,93,95,97,98,99,101,104,107,109,110,112,113,116,117,120,122,124,129,130,131,134,136,137,141,142,144,147,149,151,153,155,156,161,162,164,165,166,167,171,172,174,175,176,178,179,181,182,184,185,187 "31";
32 76 1 2,3,8,9,10,12,13,15,18,19,20,22,23,27,32,33,35,38,39,42,48,49,51,54,57,61,63,67,70,71,73,75,77,78,81,83,90,91,92,95,98,101,104,105,107,110,117,120,123,124,127,128,133,135,137,139,141,142,143,147,152,153,157,158,160,163,168,170,173,175,178,182,185,187,188 "32";
33 174 1 13,21,23,30,31,40,49,50,70,75,119,129,137,140,146,151,153,161,166,180 "33";
34 137 0 1,3,5,7,9,10,13,14,16,17,21,23,26,28,29,31,39,41,45,46,47,50,54,59,62,65,68,71,73,74,78,79,82,85,93,94,96,97,98,99,101,102,105,107,116,117,120,122,124,129,130,135,137,140,142,143,145,147,149,151,152,154,159,162,165,169,172,178,181,182,183,184,186,188 "34";
35 103 0 5,8,9,10,12,14,16,18,20,21,24,26,28,32,37,40,42,45,49,51,53,54,56,58,60,61,64,67,69,71,74,77,78,80,83,84,86,88,89,91,93,95,96,99,102,103,105,106,107,109,111,113,116,117,121,122,125,126,129,130,131,133,135,136,138,139,144,146,148,149,151,155,157,158,159,161,162,164,168,170,172,173,174,176,178,180,184,185,187,189 "35";
36 149 1 4,11,13,15,17,21,22,23,26,28,32,34,38,41,42,44,45,48,49,56,59,61,63,66,69,72,76,78,86,87,88,91,93,95,99,100,103,105,107,110,116,118,120,122,124,126,134,137,139,143,147,151,152,154,155,159,161,163,166,169,172,187,189 "36";
37 94 1 62,68,101,103,126,131,134,137,164,173 "37";
38 160 1 32,33,34,48,51,88,115,116,127,133,162,173,185,188 "38";
39 185 0 0,5,12,19,22,27,29,30,32,33,39,43,46,51,54,57,59,67,68,71,73,81,83,85,87,89,92,99,103,110,114,116,118,123,128,132,135,137,142,148,155,157,165,167,169,171,174,179,182 "39";
40 123 0 2,5,9,11,12,15,18,20,21,27,29,31,35,40,42,43,45,46,48,50,52,55,61,63,66,67,69,73,78,81,82,85,87,89,92,94,96,99,100,101,103,104,106,108,110,112,114,116,120,125,128,130,131,136,141,145,146,148,150,153,156,158,166,169,170,173,176,178,179,183,184,187 "40";
41 85 1 3,5,6,8,11,13,14,15,17,19,23,26,27,29,33,34,37,38,41,43,45,47,48,52,61,66,68,73,74,76,78,80,81,85,87,91,97,99,102,104,107,110,111,112,115,116,120,122,124,126,129,131,135,139,145,146,147,150,153,155,157,162,164,167,168,173,174,179,181,185,189 "41";
42 172 1 0,3,6,8,11,13,15,17,22,25,26,29,33,36,40,42,45,51,54,58,59,61,63,67,71,75,76,77,79,81,82,83,85,87,90,96,103,109,112,114,117,121,126,127,131,133,134,136,138,139,141,142,143,146,148,149,151,152,154,156,159,161,162,164,166,169,170,171,173,176,180,181,182,183,185,186 "42";
43 132 0 1,3,5,6,12,14,16,19,21,26,29,30,34,35,37,39,41,44,45,47,52,58,60,64,70,73,76,78,85,86,88,89,92,95,96,100,105,108,110,111,112,116,120,122,123,126,127,136,144,146,147,151,154,160,163,169,177,179,181,183,184,187,189 "43";
44 123 1 2,15,19,27,41,48,51,61,67,75,77,80,86,94,98,99,106,109,116,135,143,153,154,158,180 "44";
45 188 0 158,176 "45";
46 14 1 17,19,23,25,41,56,70,83,104,107,113,116,132,136,146,160,171 "46";
47 182 0 8,10,14,26,34,39,45,47,58,67,69,80,89,92,96,101,122,129,132,135,139,140,149,157,160,163,168,172,175,179,183 "47";
48 52 1 3,8,14,20,24,33,41,44,47,50,52,53,58,62,65,71,76,87,94,96,98,102,107,116,122,124,127,129,132,134,146,159,161,165,167,179,186,189 "48";
49 159 0 3,4,6,7,10,12,14,15,16,18,22,27,29,36,43,44,45,50,56,58,59,61,63,67,68,70,72,75,76,79,86,88,91,96,98,100,102,104,105,106,113,114,119,122,124,126,128,129,131,133,138,140,141,143,146,152,154,157,159,160,161,164,165,169,170,172,173,180,185,186,189 "49";
50 71 0 2,4,6,16,19,24,33,40,45,49,68,75,77,88,95,97,103,108,111,113,122,130,136,138,140,142,157,166,171,173,182,184,188 "50";
51 62 0 3,13,14,16,21,23,25,26,27,32,34,35,45,52,56,61,63,67,73,75,79,81,85,87,90,92,93,95,96,103,119,123,126,131,134,136,140,148,159,161,169,171,173,181,184,187 "51";
52 129 0 1,4,7,8,10,11,13,14,15,16,18,19,21,25,27,28,30,32,34,36,37,39,42,45,48,52,54,57,59,60,62,64,67,68,69,74,75,77,80,83,84,85,87,89,90,92,94,95,96,98,99,102,104,106,108,112,114,116,117,119,121,122,125,126,127,128,129,132,133,135,137,138,140,142,145,147,150,152,153,157,162,166,167,172,173,177,179,181,183,185,187,189 "52";
53 114 0 9,43,94,97,105,115,128,135,137,141,158 "53";
54 43 0 2,9,14,19,64,144 "54";
55 12 1 5,7,9,26,33,36,39,49,89,116,125,130,133,134,136,148,149,167,178,179,186 "55";
56 67 1 2,3,5,11,13,24,29,30,32,33,46,48,49,66,69,74,76,89,98,99,106,107,118,122,131,133,137,144,177,181,189 "56";
57 0 0 0,1,3,5,6,8,10,13,14,16,17,20,21,23,24,27,28,36,37,40,41,46,47,50,51,52,53,56,58,59,63,64,65,67,70,73,75,76,79,81,83,84,86,88,89,90,95,96,99,100,102,104,106,108,110,113,114,116,118,119,121,123,124,130,132,134,135,137,140,143,145,147,150,155,161,164,165,166,168,169,171,173,174,176,177,180,184,185,186,188 "57";
58 12 0 4,43,46,83,107,108,165 "58";
59 128 1 1,12,19,24,25,34,38,40,45,53,56,62,73,77,82,88,90,101,106,114,116,120,123,126,128,131,134,140,143,145,148,152,154,156,160,161,167,168,174,176,179,181 "59";
60 1 0 11,29,44,64,69,74,85,135 "60";
61 2 0 0,20,23,25,27,35,47,52,67,70,78,81,88,90,96,98,104,110,114,116,128,131,137,141,145,160,163,170,177,179,186 "61";
62 157 1 0,2,4,5,10,11,12,13,19,22,24,27,30,33,35,36,39,43,45,46,51,53,54,58,60,62,63,65,68,69,72,76,78,81,82,90,91,94,96,102,104,107,110,113,118,121,122,123,129,131,132,135,138,139,140,145,148,151,156,158,160,161,163,165,167,169,173,177,180,181,185,187,188 "62";
63 83 0 5,6,8,9,12,13,15,17,18,19,21,22,26,27,37,43,45,47,50,52,54,58,60,62,67,69,71,72,74,75,77,82,85,86,90,92,95,106,108,110,112,114,116,118,120,121,123,126,128,130,132,135,137,141,143,144,146,148,149,153,156,157,159,160,163,165,167,169,171,172,176,178,181,183,185,186,188,189 "63";
64 134 0 0,4,9,10,16,20,25,27,54,62,65,73,84,87,90,114,126,132,137,146,147,149,157,174,176,187 "64";
65 9 0 50,83,184 "65";
66 69 1 34,56,78,95,146,174 "66";
67 62 1 2,7,11,24,32,35,40,43,47,54,58,60,61,64,68,70,76,80,84,90,97,99,105,111,114,126,128,133,136,138,139,146,148,150,153,154,165,168,174,179,180,182,187 "67";
68 114 0 4,14,96,113,125,153,155 "68";
69 159 1 12,18,28,35,54,71,78,89,98,103,107,111,122,126,131,137,145,156,158,165,176,187 "69";
70 65 0 16,21,24,28,38,41,43,59,61,62,68,73,76,77,81,82,102,115,117,124,125,131,132,137,139,144,146,148,152,156,159,161,162,164,172,174,175,181,186 "70";
71 60 0 1,6,9,11,14,15,18,25,28,29,30,37,38,41,42,45,46,49,51,64,68,70,73,76,78,82,84,86,89,91,94,95,99,110,113,118,119,121,123,125,128,130,132,134,136,138,140,141,142,148,151,154,156,159,160,163,164,166,167,169,170,173,174,176,178,180,185,188,189 "71";
72 19 1 4,16,27,31,46,58,63,74,80,83,89,118,148,151,156,163,169,174,180,188 "72";
73 152 1 1,7,10,20,25,26,30,33,34,37,39,44,46,48,55,60,61,62,66,70,75,84,85,89,90,94,104,105,108,109,114,117,120,123,125,128,132,134,136,143,147,152,159,163,166,171,173,175,181,182,185,187,189 "73";
74 145 0 2,4,6,10,11,14,15,17,28,30,32,33,47,51,53,54,62,67,69,72,73,84,89,92,96,98,101,102,103,108,110,112,113,119,123,125,132,135,141,149,150,154,156,161,162,164,165,168,172,178,187,189 "74";
75 181 0 7,16,18,19,23,25,27,28,29,31,33,35,42,45,50,56,57,59,61,63,66,69,70,74,76,80,81,83,84,89,90,94,98,104,105,111,113,115,117,121,125,127,128,129,132,134,135,136,141,143,150,156,159,164,165,167,168,174,183,185,188 "75";
76 152 0 6,7,10,15,19,22,25,26,27,34,35,36,42,43,47,48,51,54,56,57,58,59,65,68,73,75,80,82,88,89,90,93,95,97,98,101,103,104,105,108,110,120,122,126,128,131,134,137,139,140,143,144,146,151,152,154,157,161,166,169,170,173,175,176,181 "76";
77 151 1 2,14,16,20,24,27,30,35,40,47,52,60,64,71,81,86,91,96,101,102,103,117,118,120,122,124,128,132,135,137,141,150,155,158,164,165,171,172,177,178,180,182,184,189 "77";
78 105 0 12,18,20,24,27,31,35,42,45,59,62,66,69,84,101,106,109,113,115,119,122,137,152,154,158,166,174,183 "78";
79 75 0 3,4,6,7,9,10,13,15,17,23,24,25,27,28,30,31,36,39,42,44,46,48,50,52,55,57,58,59,61,62,65,76,78,81,84,86,87,89,91,94,96,97,99,103,106,107,110,111,115,116,118,120,121,123,126,127,128,130,133,134,135,137,140,141,142,146,148,152,154,155,162,164,166,167,169,170,171,174,176,178,181,183,185 "79";
80 72 0 1,3,5,15,16,18,19,21,26,29,31,34,37,39,41,43,45,49,51,53,54,55,58,59,62,63,66,68,69,73,74,76,77,82,83,86,90,93,95,96,100,105,107,108,110,111,113,117,119,126,127,129,136,139,143,145,148,152,153,156,160,165,166,168,169,173,175,176,182,183,184,186,187,189 "80";
81 69 0 1,8,11,12,14,16,18,21,24,26,27,30,32,33,35,38,40,42,45,50,51,57,61,62,65,67,70,73,76,78,81,82,88,90,93,94,97,101,103,109,112,113,116,117,124,127,129,130,133,136,138,141,143,145,146,150,152,160,180 "81";
82 175 1 8,18,20,26,37,40,41,47,50,59,60,63,75,81,83,88,91,109,124,150,153,163,170 "82";
83 120 0 5,8,12,16,18,26,30,37,47,48,51,54,58,62,63,65,70,73,77,82,85,93,94,101,113,124,127,130,133,137,138,140,144,146,158,164,165,167,183,184,186,187 "83";
84 64 1 4,21,23,30,31,47,56,76,92,94,96,98,106,117,130,132,134,151,176,178,188 "84";
85 120 1 2,4,8,10,12,13,14,16,18,20,26,30,32,37,40,41,42,46,50,51,53,55,56,59,61,62,64,66,67,72,74,76,81,83,85,88,90,95,98,100,101,104,105,107,109,110,112,114,119,120,121,122,124,125,131,135,137,139,141,143,145,148,149,153,154,157,158,159,164,165,167,168,170,174,175,182,183,186,187,189 "85";
86 28 1 1,2,4,5,7,8,10,14,19,21,23,24,27,29,31,32,34,35,38,42,45,48,49,51,52,54,57,58,60,62,64,69,70,73,77,79,80,82,84,87,89,90,91,93,95,102,103,106,107,110,112,120,124,125,127,129,131,134,135,138,147,150,155,156,161,163,171,172,179,180,182,183,186,188,189 "86";
87 123 1 0,1,3,4,6,8,10,11,13,15,19,21,26,29,30,33,37,39,41,43,44,46,47,54,60,63,65,69,72,73,75,77,78,84,85,96,98,100,103,108,112,115,120,129,134,136,138,139,141,143,145,148,149,151,154,159,161,165,167,168,170,172,173,178,180,184,188,189 "87";
88 106 1 2,5,8,9,11,13,18,19,21,24,26,28,32,34,36,38,43,48,49,51,53,55,56,57,60,62,67,68,70,73,75,76,77,79,85,86,88,90,95,96,101,103,108,109,113,115,117,118,130,131,135,137,140,144,147,150,153,156,157,158,161,163,166,167,170,171,174,176,178,182,184,186,187,189 "88";
89 87 0 0,3,7,8,10,13,15,16,20,22,24,28,30,32,33,37,40,43,44,46,48,51,54,55,57,59,62,65,75,79,84,86,90,98,99,102,104,105,108,111,113,114,116,117,118,120,123,126,129,131,133,134,135,136,138,141,143,146,148,150,151,152,154,156,157,159,163,165,170,171,176,182,187,188 "89";
90 19 1 44,59,94,140,146,168,177 "90";
91 53 1 9,25,29,30,46,47,54,66,75,79,83,87,93,102,104,118,123,141,144,149,158 "91";
92 142 0 0,5,13,16,19,26,31,32,34,42,44,50,59,72,75,77,96,99,100,104,115,117,119,131,136,138,150,155,157,163,167,175 "92";
93 54 0 4,8,12,17,22,25,30,32,34,37,47,50,52,55,57,58,60,68,73,75,78,90,96,98,104,107,110,116,118,122,127,128,129,136,148,150,151,153,155,158,166,170,185,187 "93";
94 135 1 0,2,4,6,8,12,15,17,21,22,24,29,32,35,37,38,39,42,47,49,51,56,57,58,61,63,64,68,69,70,84,86,89,91,95,96,98,99,100,103,105,112,118,120,121,123,126,128,129,130,131,133,135,137,139,141,143,144,146,147,149,153,154,161,163,166,168,169,170,173,175,178,179,183,185,187,188 "94";
95 135 1 3,5,7,8,9,11,12,13,14,16,19,22,24,28,30,33,34,36,38,39,41,44,46,47,49,52,53,54,55,58,59,61,65,68,69,72,73,75,76,77,78,80,83,85,87,89,90,91,95,96,99,100,101,104,105,106,107,109,110,111,116,117,119,121,123,125,129,130,132,136,143,145,146,149,152,154,156,157,161,164,166,169,171,172,174,175,177,179,182,184,185,187 "95";
96 117 0 0,2,3,9,11,15,17,19,22,23,25,27,28,32,35,36,37,39,41,42,46,53,57,58,60,63,66,72,75,76,79,81,83,84,85,86,89,91,93,95,96,97,99,101,104,109,111,114,120,125,128,130,135,137,138,144,147,148,154,155,156,158,163,168,170,171,173,175,177,178,180,186,188 "96";
97 185 0 9,26,81,117 "97";
98 178 1 0,2,4,5,8,9,11,12,14,17,19,20,21,23,24,25,28,30,33,35,37,40,41,42,43,45,46,47,48,51,57,59,61,63,64,66,67,71,72,74,78,80,82,84,86,87,89,90,93,95,97,99,101,103,104,106,107,109,112,115,116,117,123,126,128,130,137,138,140,142,144,146,149,150,151,154,155,157,158,160,162,164,166,168,170,171,173,175,178,179,182,186,188 "98";
99 50 0 2,3,6,10,14,16,18,23,25,26,28,29,30,34,36,38,39,41,44,46,50,61,62,64,66,70,73,74,77,79,80,86,87,93,97,99,104,106,110,112,118,122,127,129,132,135,136,138,143,149,151,155,160,168,170,173,178,180,182,184,186,187,189 "99";
100 169 1 5,7,13,16,19,28,38,41,43,48,55,66,69,70,72,78,79,81,83,85,89,91,93,98,108,109,113,122,125,129,130,132,134,140,142,143,145,147,153,154,161,164,166,169,171,172,173,176,178,181,182,186 "100";
101 168 1 0,5,7,8,12,17,28,32,35,37,39,43,44,47,48,52,55,56,57,61,66,74,77,80,83,85,87,92,95,97,100,101,104,105,108,109,113,118,121,127,130,132,137,143,145,147,149,151,153,156,160,162,164,165,171,174,175,178,180,184,185,187 "101";
102 187 1 2,29,34,36,66,70,86,99,112,113,119,122,147,169,174 "102";
103 80 0 1,4,5,7,8,13,24,26,29,34,35,41,43,47,48,52,53,61,62,66,73,83,84,89,92,94,97,101,103,104,108,112,113,114,116,122,129,130,131,136,137,139,141,142,151,155,157,160,168,169,171,173,176,177,179,181,183,184,186,187 "103";
104 71 0 0,2,5,7,9,11,12,13,16,18,21,24,25,28,29,30,35,40,42,46,49,51,56,59,61,63,65,67,70,72,73,74,76,78,79,82,86,88,89,94,96,99,103,106,107,110,111,113,115,122,125,127,128,131,133,134,137,138,141,145,146,148,149,152,156,158,161,163,167,169,172,173,174,176,179,180,182,184,187,189 "104";
105 15 1 62,66,72,82,102,118,129,138,158 "105";
106 10 0 0,9,15,26,30,32,37,40,41,43,49,51,53,55,58,60,63,68,69,73,75,79,80,83,86,88,90,101,102,104,106,112,113,117,118,119,122,127,133,139,141,143,144,145,149,152,153,154,159,161,165,168,175,177,179,184,186,189 "106";
107 132 0 4,6,7,13,19,31,32,34,37,41,42,43,45,50,52,53,56,57,65,66,68,70,73,74,76,78,80,85,88,90,91,95,97,100,102,105,106,109,113,114,119,130,135,139,141,142,144,146,147,156,157,163,167,169,170,173,174,175,176,178,181,183,189 "107";
108 131 0 0,3,4,6,7,9,12,14,20,22,23,25,27,33,37,41,42,47,52,58,61,62,64,66,68,71,78,79,80,82,83,86,90,92,94,98,103,105,106,108,116,119,121,124,126,130,131,134,135,139,141,147,148,150,151,155,159,162,163,165,166,167,169,172,174,178,182,183,184,187,188 "108";
109 152 0 1,7,8,9,13,24,26,38,46,49,55,57,76,80,81,83,90,102,120,121,131,170,172,180,183,184 "109";
110 18 0 0,3,7,12,14,29,31,37,39,43,53,54,63,64,65,72,78,81,82,86,91,92,93,95,98,100,103,105,109,113,115,118,119,128,131,132,135,138,146,149,153,157,165,167,169,170,172,177 "110";
111 74 1 0,3,4,5,9,10,11,13,14,17,18,21,23,25,27,29,31,32,33,35,36,39,41,43,45,46,51,55,57,58,59,61,63,64,65,67,68,70,72,76,79,80,82,85,86,90,91,95,98,99,100,103,104,105,106,107,109,110,112,113,115,117,121,125,128,134,139,141,143,145,146,147,149,151,152,155,159,161,162,166,167,168,169,170,172,174,177,181,182,184,185,187,189 "111";
112 35 0 3,10,15,27,32,36,44,49,55,69,71,73,74,86,92,98,101,108,111,116,122,125,128,129,136,149,152,168,169,171,172,183,186 "112";
113 80 1 2,4,5,7,9,15,23,27,29,37,41,42,44,46,50,52,55,59,61,65,72,79,85,88,93,95,98,100,104,106,109,111,115,118,120,123,126,127,130,132,134,136,139,140,143,147,149,151,158,164,172,175,178,179 "113";
114 150 1 3,8,13,15,23,26,27,31,45,48,50,53,58,77,78,81,90,95,98,99,104,108,111,115,119,123,128,133,134,138,140,146,152,154,156,163,173,175,180,182,189 "114";
115 137 1 18,26,32,35,40,51,55,70,88,95,126,127,132,136,165,179,184 "115";
116 2 1 12,31,35,76,137,146,173,188 "116";
117 147 0 1,2,4,6,8,10,12,14,15,18,20,22,25,28,30,32,36,38,39,41,43,45,49,51,52,55,57,60,61,62,64,66,71,72,74,75,77,82,84,85,87,88,89,92,95,99,103,104,108,114,115,117,118,120,123,124,125,128,130,131,133,134,135,138,140,142,145,147,148,153,154,155,159,161,166,168,169,172,173,176,182,184,188 "117";
118 166 0 7,14,22,38,46,60,71,97,109,113,119,121,134,141,148,162,171,180,189 "118";
119 145 0 7,13,15,20,27,30,38,39,46,51,59,61,63,75,80,82,94,103,107,110,114,124,125,146,165,172,175,177,182 "119";
120 142 1 7,57,74,91,128,157 "120";
121 67 0 33,66,71,73,105,159,168,188 "121";
122 24 1 0,3,5,6,8,10,15,26,27,28,34,36,41,42,45,48,52,54,55,63,66,69,70,72,73,76,77,79,82,83,86,89,90,92,101,103,105,107,108,110,114,118,119,122,123,124,126,129,133,134,136,138,141,142,144,149,152,154,156,158,160,166,170,175,176,179,183,184 "122";
123 177 0 30,31,78,85,89,107,115,117,136,143,146,149,162,171,177,182,186 "123";
124 146 0 1,5,8,9,10,13,15,19,23,24,26,27,32,36,38,39,42,44,45,48,49,50,52,56,57,59,61,64,67,69,71,75,80,82,84,86,87,88,90,91,92,93,96,98,101,105,106,108,109,110,111,119,121,127,132,135,136,138,139,142,143,144,150,153,155,157,159,163,165,167,172,173,175,176,178,179,184,185,187,188,189 "124";
125 36 1 0,4,5,7,9,11,14,17,19,21,22,24,26,30,32,35,41,42,44,47,52,53,55,56,58,60,62,65,67,69,75,78,80,81,83,85,86,93,95,97,102,105,107,112,114,115,119,121,127,131,135,140,141,143,144,145,152,160,161,164,169,172,177,179,180,187,189 "125";
126 11 1 0,1,6,11,12,14,16,20,21,23,27,29,30,32,34,44,48,49,50,53,57,59,61,63,65,67,69,70,73,75,77,78,81,85,90,92,95,96,99,110,115,120,122,124,128,131,133,134,135,137,139,141,143,146,147,155,156,158,159,161,165,168,171,175,177,182,184,187,188,189 "126";
127 127 0 3,5,9,14,16,26,36,41,44,45,47,56,64,68,70,74,76,78,84,92,93,94,96,100,109,112,113,123,131,132,136,138,143,146,150,151,154,159,163,165,166,167,170,175,178,182,188 "127";
128 102 0 1,5,6,7,10,20,26,28,31,33,40,44,47,52,54,56,58,59,61,63,65,67,68,70,75,77,85,89,92,93,96,100,101,115,120,127,131,134,139,143,147,152,156,158,160,162,163,166,181 "128";
129 15 0 6,8,12,13,16,18,20,27,30,34,36,39,41,42,43,50,51,54,56,58,67,69,72,79,81,91,99,100,104,108,109,111,114,116,119,121,123,125,126,129,134,138,139,142,155,159,161,163,164,165,175,176,183,184,188,189 "129";
130 171 1 3,4,8,14,20,30,35,43,48,50,53,56,58,61,62,65,66,69,71,74,76,83,89,93,96,99,104,106,108,109,113,115,117,123,126,131,133,135,141,145,152,162,164,167,171,173,176,177,178,179,182,189 "130";
131 146 1 1,4,7,14,18,20,22,29,31,33,34,37,39,46,47,49,50,61,65,67,68,70,74,78,80,83,85,86,87,89,93,95,100,101,107,109,118,121,126,128,130,131,134,136,137,139,141,144,146,153,155,158,162,163,170,173,174,176,178,179,180,183,185,186 "131";
132 89 1 2,3,5,9,10,12,14,17,18,20,21,24,27,29,31,34,36,39,40,43,45,47,50,51,55,57,59,62,64,66,68,71,73,74,76,79,81,82,83,85,86,88,89,90,92,99,101,103,106,108,109,111,114,117,119,120,122,124,125,128,129,131,135,136,138,140,142,144,146,148,149,153,155,161,162,163,164,168,169,171,172,174,176,178,180,182,183,186,187,189 "132";
133 25 1 1,4,7,11,13,18,20,24,29,32,34,37,38,39,43,46,47,57,62,63,73,75,78,80,83,86,87,89,91,99,101,102,103,106,109,111,112,116,122,127,131,134,136,137,139,142,145,147,148,149,152,154,155,158,160,162,164,166,170,171,177,180,184,185,187,188 "133";
134 171 0 2,9,11,12,15,17,18,22,24,25,33,38,40,44,46,53,54,55,58,60,61,64,69,72,77,79,83,84,87,95,96,97,98,101,103,114,116,117,118,120,122,124,136,137,138,139,142,143,145,147,149,152,156,158,160,164,165,166,167,170,176,178,179,184,186,188 "134";
135 70 1 3,5,7,11,12,15,19,20,21,23,25,30,33,38,41,45,48,51,54,57,60,62,70,73,75,76,77,79,80,82,83,87,88,92,94,95,99,101,103,104,106,107,109,112,114,115,118,120,123,125,127,128,129,131,132,133,136,139,140,142,143,144,145,147,148,149,152,153,156,158,163,165,167,170,173,174,176,179,185,188 "135";
136 31 1 0,3,5,7,11,12,14,17,19,20,22,26,27,32,33,34,35,38,39,44,47,49,50,51,55,59,62,67,68,72,73,76,91,93,96,98,99,101,102,105,108,113,114,118,121,126,128,129,131,132,136,140,142,144,145,148,149,152,159,164,166,167,170,173,175,178,183,187,188 "136";
137 100 1 0,2,5,7,13,15,17,18,21,25,30,31,35,36,38,41,45,50,52,55,57,73,79,82,87,91,92,96,98,101,105,106,113,114,116,118,123,125,128,131,132,135,139,144,145,146,148,159,167,170,172,177,180,185,186 "137";
138 151 1 13,21,34,39,56,84,99,101,142,147,159,172 "138";
139 122 1 6,22,37,42,44,48,54,66,84,85,91,101,109,123,130,136,149,156,161,175 "139";
140 157 0 3,4,7,9,12,16,17,18,20,23,24,29,30,32,38,40,52,56,66,69,70,75,78,79,82,84,86,88,90,91,93,96,97,99,102,104,107,108,110,113,115,118,121,123,126,127,131,132,135,137,139,142,145,146,148,150,151,153,156,158,159,160,168,170,174,175,179,181,182,185,187 "140";
141 25 0 4,10,15,19,23,27,28,31,34,37,38,43,44,46,47,55,61,68,88,91,94,114,116,118,121,125,130,139,146,155 "141";
142 110 0 2,3,7,9,10,13,14,16,18,19,21,26,29,30,32,33,34,35,37,38,44,46,47,51,53,57,59,61,63,65,69,72,73,75,76,78,79,83,84,89,91,92,95,98,99,100,102,103,105,108,111,112,114,115,117,119,123,125,127,132,135,136,137,140,145,146,147,149,154,156,158,160,161,163,164,166,168,170,176,177,179,187 "142";
143 169 0 1,6,10,15,22,33,38,41,44,45,49,50,53,61,62,69,71,72,83,88,90,95,102,105,108,111,115,117,121,127,129,132,135,137,141,144,150,151,155,156,161,163,164,167,168,173,176,185,186 "143";
144 101 1 20,39,52,95,112,116,121,127,137,139,142,144,162,168,183 "144";
145 45 1 82,85,130,138 "145";
146 2 1 2,4,10,16,31,32,37,42,48,53,54,57,60,67,71,72,73,78,80,84,89,92,93,95,98,102,103,109,111,114,116,127,128,135,139,140,150,151,153,157,158,161,168,170,179,181,184 "146";
147 126 0 1,3,6,12,14,15,17,20,29,35,42,43,46,48,50,53,57,59,63,67,68,69,71,73,77,79,80,83,84,90,93,97,102,104,108,113,115,119,120,123,125,126,129,131,134,135,137,139,142,148,150,153,155,156,160,162,163,167,172,173,175,177,179,182,185,188 "147";
148 20 0 0,2,4,8,11,12,15,16,18,20,23,24,27,29,31,34,39,41,47,50,51,52,54,57,64,68,71,73,74,76,77,80,83,84,87,89,91,92,94,99,101,102,104,105,107,108,112,115,117,119,121,123,125,126,128,137,139,141,142,143,146,149,151,155,156,157,161,164,167,169,170,173,174,178,182,184,186,189 "148";
149 23 1 0,3,21,23,26,28,30,32,36,41,52,55,65,69,70,71,73,76,79,85,87,95,100,104,110,113,115,121,123,124,127,132,136,141,142,150,153,158,159,162,165,167,169,172,177,180,183,184 "149";
150 87 1 30,34,56,61,64,66,71,77,91,94,104,117,123,140,145,149,166,188 "150";
151 118 1 4,5,6,7,12,13,15,16,21,22,29,30,33,38,39,41,43,44,49,52,57,59,61,64,65,68,73,75,80,81,84,85,90,91,94,97,99,101,102,107,109,113,117,119,120,122,123,129,131,136,139,140,145,146,147,151,152,155,156,158,162,163,164,170,171,173,176,177,180,182,184,185,187 "151";
152 160 1 2,5,8,10,18,25,29,30,32,35,36,38,42,47,49,51,60,63,65,66,74,76,78,82,85,96,100,105,107,112,120,122,124,125,127,128,135,136,139,142,151,153,155,158,173,176,178,180,182,186,188,189 "152";
153 51 0 8,21,35,40,42,45,49,52,55,61,63,68,71,96,98,100,103,105,111,115,118,121,134,138,144,145,148,151,153,158,172,174,179,183,184,186 "153";
154 48 0 22,81,82,118,138,151,158,177 "154";
155 15 1 22,52,79,85,88,98,148,174,182 "155";
156 68 1 1,12,13,16,18,23,25,26,28,30,33,40,44,46,51,52,60,62,63,65,70,73,74,78,79,81,86,88,95,99,108,110,114,117,120,122,123,127,129,132,133,137,140,146,151,153,166,172,176,179,180,184,186,188 "156";
157 68 1 0,2,5,11,14,19,26,27,35,39,43,48,50,54,57,58,59,64,72,74,77,83,86,88,93,105,108,117,120,123,128,131,134,136,154,160,162,163,169,172,176,177,180,183,186 "157";
158 144 1 6,11,14,16,20,24,26,31,32,36,39,49,57,61,63,64,72,74,76,77,91,94,98,100,105,110,116,119,122,123,127,130,132,134,138,139,145,148,150,157,161,163,166,168,176,177,185,188 "158";
159 135 1 0,2,12,18,19,23,54,59,66,78,88,90,93,99,108,140,142,155,160,163,165,172,176,180 "159";
160 119 0 0,4,8,9,13,15,17,23,25,27,28,33,35,36,38,43,45,47,50,53,55,59,62,64,66,71,72,75,78,79,82,85,87,88,90,94,97,103,108,109,112,116,117,120,122,128,129,132,135,137,138,140,142,147,150,151,155,157,161,167,168,170,172,178,180,186,189 "160";
161 82 0 0,5,7,8,10,12,14,16,23,25,30,33,35,37,38,41,48,51,52,57,62,66,68,70,73,75,79,81,82,89,91,92,97,101,103,105,107,109,112,113,114,116,118,122,125,130,132,133,135,139,140,142,143,144,147,148,150,151,154,157,158,161,163,165,168,169,173,174,176,179,180,182,183,186,187 "161";
162 173 0 2,4,20,24,25,26,36,40,47,56,60,68,73,84,87,90,103,104,106,108,111,133,136,138,140,148,151,153,155,169,172,175,186,188 "162";
163 16 0 5,10,12,17,28,32,39,46,53,58,59,68,70,71,76,79,82,90,99,104,108,109,111,117,128,147,150,168,174 "163";
164 167 0 2,5,6,8,9,12,14,16,18,19,23,24,28,31,33,34,36,37,39,41,42,44,45,52,53,56,59,61,62,63,66,68,71,72,74,76,77,78,80,81,83,84,87,89,91,92,95,96,99,101,102,104,105,109,110,113,115,117,118,125,126,130,131,132,133,135,140,141,142,147,149,150,152,154,156,157,159,161,164,166,167,169,171,173,175,176,178,180,181,182,184,188,189 "164";
165 8 1 2,3,6,10,11,14,16,21,22,24,25,28,31,37,38,40,41,42,44,45,46,48,50,51,53,56,59,61,63,67,69,72,77,79,80,82,85,87,89,90,94,95,97,100,101,104,105,107,108,109,111,115,117,121,124,127,131,132,133,135,136,138,139,141,144,145,149,150,152,154,155,156,158,159,162,163,166,167,169,170,172,179,182,184,188 "165";
166 161 1 3,24,30,35,40,42,48,51,56,66,70,75,77,80,82,88,89,91,101,107,108,110,122,124,139,143,169,177,179,187 "166";
167 106 0 3,6,7,9,12,13,16,18,19,21,26,27,29,30,31,36,38,39,42,44,47,48,51,52,53,55,56,58,60,62,63,66,71,72,75,77,79,82,84,85,87,88,90,92,98,99,105,106,108,109,111,115,119,120,122,123,126,129,131,132,134,135,137,138,140,143,147,149,151,152,153,155,157,158,160,162,164,166,167,168,170,171,173,175,177,179,180,183,184,186,188 "167";
168 177 1 2,4,8,12,14,27,37,62,85,145,149,156,164,169,179,185 "168";
169 185 1 0,1,3,7,11,16,19,23,24,26,27,31,34,35,37,38,41,44,45,47,49,51,56,58,60,62,64,66,67,69,74,75,77,78,79,83,84,85,89,90,92,93,95,96,98,99,101,103,106,107,108,110,113,114,115,116,119,122,125,127,129,132,135,140,147,150,152,154,156,158,159,161,162,164,166,171,172,174,175,180,182,185,189 "169";
170 153 0 2,12,13,15,17,23,27,32,43,50,59,65,66,69,73,74,77,82,84,87,89,92,96,98,102,106,108,110,113,116,118,124,130,137,138,140,145,152,155,162,163,164,172,176,181,183,185,189 "170";
171 18 1 5,6,7,10,14,17,19,23,25,27,44,46,50,56,57,77,81,86,94,95,100,105,108,122,124,140,141,142,147,149,157,159,163,165,168,176,182 "171";
172 16 1 0,14,16,20,23,25,26,29,33,36,38,39,41,44,45,51,53,56,58,60,61,67,70,75,78,83,87,92,93,96,97,99,101,105,109,113,116,122,126,129,133,134,136,140,145,148,149,151,153,157,165,169,174,177,179,184,185,189 "172";
173 28 1 3,5,10,11,13,14,16,20,25,29,30,35,36,40,43,47,53,58,59,62,64,65,69,80,88,90,98,101,103,115,117,123,125,128,130,142,151,155,156,158,162,164,169,170,173,175,177,178,182,185,187 "173";
174 111 1 2,9,15,18,25,30,32,40,52,57,68,73,75,79,91,105,106,111,113,115,121,130,131,135,156,159,166,167,173,178 "174";
175 126 1 6,8,10,12,16,22,28,30,32,38,41,48,50,53,57,59,61,71,75,76,81,88,92,95,99,103,105,109,111,116,121,123,132,135,136,170,171,174,177,179,180,182,184 "175";
176 139 1 7,49,74,88,120,134,142,154,162,183,185,187 "176";
177 102 1 0,3,4,8,11,13,14,19,20,25,26,28,30,32,33,37,38,42,45,49,51,53,55,56,58,63,65,67,68,71,72,74,76,78,82,84,89,91,96,99,102,104,107,109,110,111,113,117,118,121,122,125,127,130,132,134,135,137,141,143,144,150,155,160,163,169,173,176,181,183,184 "177";
178 76 1 1,22,41,58,61,65,75,79,113,122,127,136,145,149,162,170,171,175,189 "178";
179 148 1 6,12,23,34,41,56,58,66,92,100,127,130,149,165,184,185 "179";
180 105 0 1,3,5,6,8,10,14,17,18,20,22,24,26,28,30,32,33,35,36,38,41,43,45,47,49,52,54,56,57,61,63,64,66,67,69,71,73,74,76,77,79,81,84,85,86,89,90,91,94,97,99,100,102,104,105,107,108,111,113,118,121,123,125,129,130,133,135,138,141,143,144,147,149,151,153,157,158,159,161,162,164,165,167,168,170,173,176,177,181,182,183,186,187 "180";
181 40 1 2,9,23,25,32,39,44,45,58,67,68,75,78,79,97,98,112,113,119,121,127,136,137,148,150,163,166,180,183 "181";
182 180 0 0,1,2,6,14,23,31,43,47,54,57,60,62,63,66,68,69,70,75,78,79,85,90,93,96,99,102,104,106,108,121,123,125,127,133,140,141,147,149,151,153,154,157,160,162,166,170,171,174,180,184,185 "182";
183 159 1 1,2,4,10,11,14,22,23,24,26,29,32,33,35,36,41,42,47,48,49,52,53,55,59,61,63,67,70,71,73,75,78,81,84,86,89,91,92,97,98,100,101,103,105,108,110,112,118,119,123,124,126,127,129,131,132,135,136,138,142,143,147,148,152,154,156,158,161,162,163,166,169,172,173,177,179,182,184,187,188,189 "183";
184 43 1 3,5,7,14,21,23,28,31,32,35,40,46,47,49,51,56,58,62,65,67,75,77,81,83,85,87,93,95,96,100,103,107,109,111,118,120,121,124,126,128,131,132,137,141,145,153,155,162,165,173,174,175,178,180,181,182,183,186 "184";
185 162 0 13,15,51,82,105,129,134,157,172,176,180 "185";
186 58 0 2,6,12,17,22,25,46,48,54,60,62,67,82,87,90,94,96,98,105,116,120,122,123,125,126,131,133,135,137,155,159,161,164,174,181,182,188 "186";
187 80 0 7,9,10,13,14,18,19,21,23,24,26,28,29,32,33,35,39,41,43,46,49,53,55,57,59,61,62,67,69,71,74,75,77,79,83,86,88,90,93,96,98,100,102,104,107,108,109,112,114,123,126,127,130,132,134,137,138,140,142,144,146,147,148,150,151,154,156,157,158,159,161,165,167,172,174,177,178,181,182,184,188,189 "187";
188 101 1 3,10,19,21,26,36,38,39,47,57,66,70,75,77,81,86,91,101,103,117,121,131,133,134,135,144,156,160,164,168,172,177,180 "188";
189 44 1 3,8,38,51,53,74,87,89,94,97,101,108,113,114,136,145,152,154,157,170,172,177,181,188 "189";
