parity 91;
0 67 1 17,28,39,66 "0";
1 63 1 2,4,13,15,28,56,63,66,70,81,90 "1";
2 46 1 0,4,6,9,12,17,23,25,27,28,45,53,55,57,58,61,64,66,79,81,82,89 "2";
3 27 0 2,3,5,7,8,12,14,16,19,21,33,35,36,41,42,52,55,58,69,74,78,88 "3";
4 73 1 16,25,28,29,35,44,49,51,56,64,68,70,71,74,79,81,83,85,88,91 "4";
5 48 1 5,8,11,13,17,22,24,26,27,29,30,31,33,34,37,38,39,40,41,45,46,50,54,56,59,64,67,69,73,75,80,81,83,84,86,87,89,90 "5";
6 62 1 6,8,12,16,21,26,30,32,34,35,41,43,45,48,52,55,66,68,76 "6";
7 14 0 2,23,37,52,56,70,88,89 "7";
8 50 0 2,5,7,9,11,14,16,17,18,21,26,29,31,38,42,48,59,61,63,65,66,67,68,71,75,78,84,86,88,89,91 "8";
9 51 0 1,6,7,8,15,17,18,21,23,25,26,27,30,32,34,36,37,39,40,42,44,45,48,50,53,55,58,61,64,68,70,73,74,76,78,80,83,85,90 "9";
10 70 0 2,5,9,11,13,18,22,25,28,31,33,35,40,41,47,48,51,54,62,70,74,76,78,79,81,84,87,89,91 "10";
11 60 1 4,7,26,32,40,43,45,47,50,52,57,58,68,75,77,79,81,90 "11";
12 84 1 4,5,7,8,10,12,16,21,24,27,28,29,31,33,35,37,39,41,42,44,46,47,48,50,52,53,58,61,62,64,66,69,70,72,76,77,78,83,87,89,91 "12";
13 68 0 0,74,87 "13";
14 92 0 0,5,8,11,12,17,19,20,23,28,31,32,34,36,40,46,50,51,53,57,58,62,63,67,69,72,76,79,82,85,88 "14";
15 0 0 41 "15";
16 33 0 1,2,5,6,8,10,13,23,35,38,45,52,56,61,62,71,74,79,82,84 "16";
17 83 1 3,7,14,16,19,22,27,29,32,34,41,51,53,56,58,72,75,76,79,81,85,87,90 "17";
18 61 0 6,9,52,55,85 "18";
19 39 1 0,9,11,16,21,23,26,28,30,31,32,37,38,41,42,46,48,49,50,53,58,60,61,62,64,67,71,73,74,76,78,79,80,81,85,86,90 "19";
20 76 0 0,1,3,7,8,10,12,17,18,22,24,26,30,35,36,37,39,41,43,45,47,50,52,53,56,58,60,61,63,65,69,71,73,74,75,77,82,83,84,88,91 "20";
21 0 0 0,3,4,6,7,10,12,13,16,17,19,22,26,27,28,30,31,38,40,43,45,46,48,49,51,52,57,58,62,67,68,70,71,74,75,76,77,79,81,82,84,86,88,91 "21";
22 70 1 2,5,13,16,19,20,21,22,25,28,31,32,37,39,44,48,50,51,57,60,64,66,70,78,87,89,90 "22";
23 55 0 3,6,15,18,21,27,31,33,43,44,49,59,61,63,65,73,78,81,83,87,89 "23";
24 83 1 6,10,13,15,20,24,28,33,44,55,58,66,70,72,78,81,85 "24";
25 10 1 5,9,72,76 "25";
26 81 1 6,15,18,20,23,26,32,46,49,51,56,72,75,78,87,89 "26";
27 90 1 1,7,10,11,14,15,16,18,20,22,27,28,30,31,34,35,39,41,43,44,46,48,50,52,54,56,59,60,69,72,77,78,80,83,87,89,91 "27";
28 51 0 7,9,12,14,15,18,20,22,33,35,36,39,41,44,46,48,51,59,65,67,76,78,82,84,86,91 "28";
29 20 0 3,7,11,13,15,21,25,27,28,31,33,34,40,41,43,50,52,53,55,56,59,63,65,66,68,69,71,73,75,76,78,79,80,82,83,84,85,90 "29";
30 50 1 0,3,7,9,11,13,15,17,18,20,21,22,26,27,34,35,36,41,44,46,49,51,52,56,58,60,62,64,67,68,69,71,73,75,77,79,80,82,83,85,86,88,89,91 "30";
31 84 0 20,22,24,29,35,41,60,62,65,72,73,82,89 "31";
32 41 0 4,15,23,24,32,44,46,51,56,69,73,76,82 "32";
33 82 0 0,2,3,5,8,9,13,14,17,21,22,24,26,29,31,33,38,40,42,43,44,48,49,53,57,59,61,62,64,66,68,71,72,73,77,78,79,82,84,86,88,90 "33";
34 37 1 5,11,13,14,19,21,28,31,33,34,41,42,48,53,55,56,58,60,62,67,74,83,90 "34";
35 51 1 0,1,8,11,12,14,17,19,21,22,25,29,33,34,38,41,43,44,46,50,54,56,58,60,71,74,76,79,82,87 "35";
36 8 0 2,4,6,8,11,17,18,22,30,31,36,38,39,46,49,51,52,55,59,60,66,72,74,76,82,83,85,86,91 "36";
37 42 1 6,29,31,39,46,49,56,70,75,79,80,82,88,90 "37";
38 75 0 2,4,7,9,20,23,32,38,41,44,46,48,53,54,60,63,67,68,70,79,81 "38";
39 70 0 2,6,7,9,11,16,18,25,26,30,37,40,41,45,49,53,60,64,65,67,69,72,73,76,82,89 "39";
40 2 0 28,34,44,60,73,82,86,90 "40";
41 56 0 2,18,20,23,24,26,36,42,45,59,67,70,75,85,91 "41";
42 32 0 0,1,3,6,8,11,13,15,17,22,23,25,26,28,29,31,33,35,37,38,43,46,47,48,50,53,56,60,63,65,67,68,70,71,72,74,75,76,78,80,83,86,88,89 "42";
43 66 1 34,36,48,67,82,85 "43";
44 87 1 4,6,11,14,19,21,22,27,35,40,43,48,55,57,59,62,68,74,78,80,81,85,91 "44";
45 63 1 1,3,6,12,16,17,18,19,21,29,31,33,37,42,47,50,54,58,61,67,74,75,81,83,86,88,89,91 "45";
46 38 0 34,49 "46";
47 83 0 0,2,4,5,8,11,12,14,18,24,29,32,34,35,38,45,49,51,52,56,58,61,62,66,67,69,71,75,78,84 "47";
48 19 1 1,3,11,16,21,23,26,28,31,32,36,41,46,51,57,64,65,68,71,72,77,80,81,90 "48";
49 61 0 0,2,5,8,10,12,15,17,21,27,30,37,43,51,54,62,64,67,75,78,87,89,90 "49";
50 52 1 0,7,12,15,19,27,37,71 "50";
51 11 0 3,40,47,64,72,77,82 "51";
52 70 1 0,1,4,6,10,12,15,18,20,26,32,34,36,42,43,44,47,53,55,56,60,61,63,65,66,68,71,75,78,85,87,89 "52";
53 87 1 24,64,68 "53";
54 78 0 0,9,13,17,18,29,30,31,33,36,39,41,42,48,55,56,59,66,72,74,76,78,80,81,83,88,90 "54";
55 25 1 0,2,4,7,8,9,12,14,17,19,21,22,25,30,34,38,40,41,42,47,52,55,59,63,67,68,69,71,74,76,77,78,80,88,89 "55";
56 52 1 0,2,4,5,7,8,9,12,14,16,21,23,29,31,33,35,36,38,39,41,46,48,50,51,53,54,56,57,62,64,66,69,70,72,74,76,78,80,83,86,87,89,90,91 "56";
57 3 0 0,3,10,17,21,28,38,40,49,52,75,80,81,83 "57";
58 59 0 0,7,9,27,33,36,39,43,44,49,63,69,72,83,85 "58";
59 5 0 1,5,14,22,27,31,33,38,40,47,50,58,63,68,72,78,82,88 "59";
60 35 1 3,5,6,14,21,23,25,27,29,34,35,39,44,45,51,54,57,60,66,71,72,73,76,78,80,84,89 "60";
61 47 0 8,9,10,16,18,25,27,31,34,44,49,51,53,56,64,66,71,74,83,86,87 "61";
62 84 0 0,2,4,6,9,13,16,17,19,20,21,22,23,25,26,28,29,36,38,39,42,46,49,52,54,57,58,59,60,64,68,69,71,73,74,76,78,80,82,83,85,86,88,90 "62";
63 36 0 0,4,6,7,11,12,14,19,22,26,28,29,31,33,36,38,40,44,46,47,50,54,55,57,60,61,63,65,67,71,73,79,85,86,89 "63";
64 76 1 1,6,8,10,11,12,21,26,28,30,33,34,36,40,46,47,50,53,55,59,61,63,65,66,68,71,74,77,81,83,84,86,88,91 "64";
65 60 1 0,1,3,6,7,9,12,14,21,23,25,26,28,32,33,37,39,42,44,45,48,51,55,59,63,67,70,72,74,77,84,86,88,90,91 "65";
66 60 1 1,5,7,10,16,18,20,23,27,29,32,38,40,43,45,48,50,54,58,61,63,64,67,70,72,74,76,78,79,82,84,86,90 "66";
67 6 1 4,9,12,22,24,33,41,45,47,48,54,65,68,69,71,78,81 "67";
68 33 0 1,2,5,10,12,13,16,19,24,25,26,28,31,33,34,36,39,40,42,43,46,49,51,52,55,57,60,62,63,66,67,69,72,73,75,77,78,79,81,83,85,86,88,90,91 "68";
69 5 0 17,33,35,77,81,85 "69";
70 78 0 4,7,9,14,17,21,28,32,42,44,48,53,57,60,62,68,74,75,83 "70";
71 65 0 1,3,4,7,8,10,12,14,19,24,26,27,29,31,33,34,36,38,41,43,45,46,48,50,60,62,64,68,70,73,75,76,78,81,83,84,85,86,88,91 "71";
72 87 0 11,17,21,23,32,33,42,47,52,55,57,60,67,74,80,86 "72";
73 64 0 82 "73";
74 49 0 0,1,3,8,10,13,14,17,20,24,26,28,29,30,32,33,36,38,42,44,48,50,51,53,55,56,57,59,63,65,68,69,71,74,75,79,80,82,91 "74";
75 6 1 0,3,5,7,8,10,13,19,21,23,27,30,32,34,38,42,46,48,50,56,58,65,67,73,80,82,83,86,88,91 "75";
76 19 0 2,7,14,17,19,26,27,30,34,35,39,42,43,45,47,49,52,53,55,57,59,60,62,64,66,67,69,73,76,77,83,84,85,91 "76";
77 85 1 7,10,11,34,40,47,57,61,67,84,87,90 "77";
78 91 0 5,7,10,25,28,42,46,56,58,70,85 "78";
79 81 0 0,4,11,14,33,37,45,47,56,58,70,82,83 "79";
80 44 1 4,30,51,88 "80";
81 27 1 0,9,23,30,42,46,47,68,74,75,78,85,87 "81";
82 23 1 0,2,4,8,15,16,22,25,27,34,47,55,57,59,65,67,73,75 "82";
83 43 1 1,3,6,9,10,13,14,16,17,19,20,21,25,35,41,43,46,48,52,54,56,59,67,68,69,70,74,75,77,80,81,82,86,91 "83";
84 74 0 0,5,7,13,17,18,20,21,23,24,26,28,31,32,35,39,42,44,46,47,49,50,52,53,56,59,62,65,69,72,73,74,77,79,81,84,86,87,89,91 "84";
85 24 1 0,2,4,5,7,12,14,15,16,18,20,30,34,36,38,41,42,49,55,58,60,62,63,65,67,68,72,74,78,83,84,86,88,91 "85";
86 58 1 1,11,16,24,26,28,30,32,34,36,39,41,42,46,47,49,51,52,55,57,60,62,66,68,69,74,78,79,83,86,89,90,91 "86";
87 39 0 3,6,9,18,21,25,27,30,32,38,42,45,53,56,62,64,72,82,84,87,88,91 "87";
88 48 0 1,3,6,9,12,13,16,18,29,32,34,35,37,39,44,45,46,48,50,51,55,58,59,60,63,64,65,67,68,70,71,73,74,76,77,79,80,81,83,85,88 "88";
89 28 0 0,1,3,6,7,10,15,18,25,28,31,32,34,35,37,38,39,40,43,45,47,50,51,53,54,55,58,62,67,72,73,75,79,82,84,86,87,88,91 "89";
90 44 0 11,13,14,17,19,20,22,24,26,29,31,36,37,41,43,45,47,49,52,54,56,58,66,71,73,75,77,83,85,87,89,90 "90";
91 58 0 14,18,22,25,30,37,42,45,47,54,72,76,78,81,82,88,91 "91";
