parity 46;
0 12 0 5,12,18,22,39,40,42,44 "0";
1 7 1 6,7,19,29,32,36,46 "1";
2 18 0 19,37,46 "2";
3 8 0 0,1,4,7,11,13,14,15,17,19,20,22,26,27,30,31,35,36,39,40,41,44,45 "3";
4 20 0 3,4,7,8,10,12,14,16,18,22,23,25,28,29,33,35,37,39,42,44,46 "4";
5 22 0 1,8,20,27,34,45 "5";
6 2 0 4,6,9,11,12,14,16,22,25,31,33,35,36,37,39,41,44,45 "6";
7 10 1 1,2,3,5,6,7,10,11,17,20,22,24,26,28,30,32,33,36,37,43,44,45 "7";
8 44 1 1,3,5,7,9,11,12,15,16,18,20,22,25,26,29,31,33,36,38,39,41,43,44 "8";
9 47 1 23 "9";
10 19 0 16,31 "10";
11 7 1 1,2,3,5,6,7,12,20,22,25,27,32,34,35,42,45 "11";
12 27 1 1,3,5,6,7,13,20,22,23,27,28,29,31,33,34,35,37,40,44,45 "12";
13 43 0 23,35 "13";
14 21 0 14,44,46 "14";
15 33 0 4,16,19,23,33,39,41,46 "15";
16 13 0 0,1,3,6,7,9,14,16,17,20,21,22,25,28,31,33,35,39,41,43,44,46 "16";
17 46 0 8,18,23,29,32 "17";
18 31 1 0,2,8,20,22,26,29,34,35,37,39,44,46 "18";
19 32 1 0,2,6,7,13,14,15,28,32,37,41,46 "19";
20 5 1 1,7,10,23,28,34,38,44,46 "20";
21 2 0 34 "21";
22 16 0 0,2,4,7,8,9,13,14,19,21,22,24,25,28,30,31,34,36,37,39,40,41,43,45 "22";
23 38 0 8,11,12,15,16,19,22,24,29,38,42,44 "23";
24 28 0 20 "24";
25 29 1 7,10,14,15,20,22,23,25,26,30,33,35,38,46 "25";
26 46 0 0,4,9,10,17,30,35,36,38,39,41,42 "26";
27 30 1 4,7,10,12,20,24,30,32,37,42,44,46 "27";
28 45 1 1,2,21,23,29,32,33,34,36,42 "28";
29 9 1 1,6,9,16,18,28,34,37,41,42 "29";
30 22 0 9,34,42 "30";
31 32 0 0,8,20,28,35,41 "31";
32 17 0 3,26,32,40,42 "32";
33 32 0 1,12,25,27,30,44 "33";
34 25 1 4,5,15,16,18,21,22,24,27,28,33,36,41 "34";
35 41 1 0,2,6,9,11,12,16,18,21,22,24,31,35,36,37,39,40,43,45,46 "35";
36 8 1 6,25,42 "36";
37 44 1 2,3,4,6,10,12,14,19,23,25,26,28,32,34,35,38,40,41 "37";
38 12 0 0,2,3,5,6,7,9,11,15,19,21,24,26,30,33,39,44,45 "38";
39 34 1 0,3,4,8,10,11,16,19,20,21,22,29,30,32,39,41,42,46 "39";
40 43 0 1,12,13,15,23,30,31,32,38,44 "40";
41 21 1 2,4,6,8,9,13,15,16,19,21,29,32,33,36,37,42,46 "41";
42 44 1 2,3,5,7,12,16,22,24,28,30,32,34,36,42 "42";
43 17 1 5,9,12,14,18,24,26,30,32,45 "43";
44 37 0 1,4,10,11,15,16,18,19,20,23,24,27,37,41,42,44,46 "44";
45 4 0 0,2,5,8,9,16,18,20,26,27,34,38,44 "45";
46 44 1 3,7,17,22,27,31,35 "46";
