parity 65;
0 38 0 6,11,17,18,26,32,35,40,45,48,59 "0";
1 9 1 24 "1";
2 8 1 16,51,54 "2";
3 1 1 1,51 "3";
4 55 1 0,2,6,9,10,12,22,24,26,27,29,30,33,35,37,38,39,42,45,47,48,54,55,57,61,64,65 "4";
5 23 1 1,4,9,14,16,25,28,29,32,35,38,40,45,47,49,50,53,54,55,59,62,65 "5";
6 1 1 9,10,13,14,17,24,27,31,44,46,48,50,55,56,59,65 "6";
7 31 0 5,13,16,27,39,49,53,55,56,58 "7";
8 43 0 0,4,5,8,10,12,18,19,22,23,27,29,30,31,38,42,46,52,55,57,60,62,63,64 "8";
9 39 1 0,1,2,8,10,13,15,17,20,23,24,28,30,31,33,35,37,43,46,48,52,54,55,61,62,63,65 "9";
10 21 0 0,3,9,10,17,18,19,21,24,25,26,28,29,34,36,37,39,41,43,46,47,49,50,52,53,54,56,58,60,62,64,65 "10";
11 26 1 31,63 "11";
12 21 0 2,4,6,7,9,14,17,19,22,28,29,32,36,39,41,44,47,50,53,54,57,64,65 "12";
13 21 1 0,1,3,4,9,12,17,22,25,27,30,32,34,41,44,47,48,55,57,58,60,61,64 "13";
14 44 0 15,33 "14";
15 39 1 2,4,6,9,11,13,16,18,19,21,23,26,28,31,33,36,39,40,41,43,44,47,49,51,52,56,57,58,59,62,64,65 "15";
16 61 0 2,3,5,9,15,16,20,27,29,30,32,33,36,40,43,46,47,52,54,57,58,60,64,65 "16";
17 4 0 4,6,33,34,37,45,49,51,58,63 "17";
18 46 1 0,1,3,7,9,12,13,15,18,19,20,21,23,25,26,28,32,34,36,40,41,44,46,49,53,54,60,61,62 "18";
19 40 1 1,2,4,5,7,9,10,13,14,16,21,23,24,26,27,31,35,37,38,39,40,42,44,46,49,50,53,57,59,64 "19";
20 7 0 0,2,6,18,19,23,30,31,33,37,39,41,42,44,51,52,56,58,61 "20";
21 16 1 2,17,21,23,36,39,45,54,64 "21";
22 3 0 0,2,9,12,17,19,23,25,27,28,29,32,33,34,38,39,42,44,45,47,50,53,55,58,59,61 "22";
23 55 0 13,16,23,36,38,41 "23";
24 57 1 14,40 "24";
25 35 1 4,5,7,11,14,21,23,27,28,30,35,45,48,50,52,56,59,63 "25";
26 30 0 34 "26";
27 65 1 0,1,5,9,11,13,16,18,20,21,29,30,32,36,37,38,40,45,49,51,52,57,60,64,65 "27";
28 36 0 4,6,7,11,12,16,17,19,21,23,32,33,34,38,42,44,46,48,49,51,55,56,57,61,62,63,65 "28";
29 55 1 0,5,7,8,11,13,17,22,28,34,36,38,40,41,44,53,58,65 "29";
30 45 1 6,12,22,29,35,39,40,43,46,51,52,56,58,60,62 "30";
31 2 0 0,1,3,4,6,8,13,17,20,21,24,27,29,31,32,34,35,37,41,44,46,49,51,53,56,59,62,65 "31";
32 60 0 2,6,8,19,24,28,32,37,40,41,47,48,50,54,58,60 "32";
33 0 0 3,5,10,28,63 "33";
34 61 1 1,6,9,10,13,15,17,21,23,25,27,29,30,33,39,42,44,49,53,56,57,61 "34";
35 14 1 2,3,5,7,8,9,14,16,19,21,22,23,26,28,31,32,34,36,41,43,45,46,48,49,53,55,56,58,60,61,65 "35";
36 35 0 4,9,11,14,16,17,20,32,39,42,43,53,54,55,58,60,61,62,64 "36";
37 37 0 0,2,6,8,9,11,16,18,20,22,23,28,31,32,35,36,37,38,41,43,44,45,46,48,50,51,55,57,58,60,62,63 "37";
38 59 1 0,3,5,7,8,16,17,19,25,27,29,30,31,36,42,44,45,50,52,54,55,58,60,62 "38";
39 32 0 1,2,5,11,18,22,34,35,39,46,48,58,64 "39";
40 4 0 14,36,42,46,48,58,60 "40";
41 57 0 8,17,19,27,49,51,54,56,58,65 "41";
42 43 1 5,8,11,14,16,20,23,25,38,39,40,45,52,56,57,60,62,63,64 "42";
43 57 0 0,1,7,14,18,21,23,30,31,32,36,39,43,45,48,50,52,53,54,60,63 "43";
44 8 1 4,6,7,10,11,24,26,28,35,39,46,54,58 "44";
45 28 0 0,4,5,12,13,23,27,38,40,43,50,59,62,64 "45";
46 43 0 11,28,35,49,55,56 "46";
47 21 0 8,11,12,14,17,19,21,22,25,26,29,32,34,36,38,40,42,44,48,49,57,59,64 "47";
48 54 0 4,10,13,28,39,55,59,61 "48";
49 30 1 3,6,8,11,13,14,18,19,21,25,27,32,34,36,38,44,46,48,49,52,53,55,57,58,62,64 "49";
50 4 0 3,4,6,8,10,13,16,18,20,21,24,25,27,29,31,32,34,36,37,39,42,44,45,47,49,54,58,61,63 "50";
51 28 0 3,5,7,11,12,15,17,18,21,22,24,25,27,29,31,32,33,35,37,39,40,44,45,48,50,52,58,63 "51";
52 19 0 3,4,6,8,10,13,15,19,22,23,29,36,38,41,49,52,53,55,59,64 "52";
53 60 1 39,42 "53";
54 13 0 1,5,8,9,28,38,40,41,47,49,60,62 "54";
55 31 1 1,3,20,45,57 "55";
56 8 0 3,15,18,19,25,29,31,39,43,56 "56";
57 11 0 1,24 "57";
58 16 1 0,2,4,7,13,14,16,18,24,28,29,35,37,39,42,44,48,50,51,53,54,56,58,59,61,62,63,65 "58";
59 14 0 31 "59";
60 26 0 5,9,12,14,24,33,35,40,56,62 "60";
61 9 1 0,3,5,7,12,16,19,21,22,24,26,28,32,33,35,36,40,41,43,46,50,53,54,56,58,59,63 "61";
62 20 1 2,4,6,14,16,20,27,31,35,39,48,53,57,60,61 "62";
63 49 0 1,4,5,7,9,16,24,26,27,33,35,38,44,47,48,51,54,57,65 "63";
64 41 0 1,4,7,10,12,16,17,18,21,23,27,31,34,38,39,44,49,55,59,65 "64";
65 21 1 2,10,15,17,22,24,25,27,28,30,37,41,45,48,60,62 "65";
