parity 32;
0 13 0 6,11,32 "0";
1 1 1 14,19,22,25,32 "1";
2 23 1 1,2,7,18,20,23,24,27,30,32 "2";
3 13 0 4,6,9,15,19,21,23,29,31 "3";
4 13 1 0,2,8,15,28 "4";
5 15 0 5,10,17,19,22,32 "5";
6 29 0 3,6,7,8,10,15,18,26,29,31 "6";
7 31 0 1,6,7,11,13,15,16,17,20,24,25,27,29,30 "7";
8 14 1 6,7,8,12,13,14,17,19,24 "8";
9 33 0 7,9,11,13,16,18,21,23,26,28,30,31,32 "9";
10 8 1 0,2,4,5,8,13,18,19,23,25,28,32 "10";
11 13 0 0,1,2,3,5,17,18,21,23,24,27,30,32 "11";
12 19 1 0,2,7,8,11,14,16,21,24,25,28,30,32 "12";
13 31 0 1,4,5,6,9,12,23,24,26,29,31 "13";
14 10 1 3,8,10,11,18,20,23,31 "14";
15 22 0 29 "15";
16 17 0 0,16,32 "16";
17 23 0 0,1,3,4,6,9,12,17,18,20,22,23,25,28,30,31 "17";
18 5 1 0,2,4,8,13,15,20,25,27,29 "18";
19 17 1 2,16,20,22,29 "19";
20 6 1 0,2,10,12,13,17,21,22,25,27,29,30 "20";
21 19 1 1,5,7,13,17,19,21,23,24,29,30,32 "21";
22 14 0 2,4,5,7,8,10,11,13,14,18,19,23,25,26,28,29,32 "22";
23 23 0 4,5,9,11,12,23,25,26,32 "23";
24 19 0 5,9,10,11,21,22,25,29,31 "24";
25 9 0 2,4,6,8,11,12,15,17,18,20,23,25,27,28,30,31,32 "25";
26 12 0 12,14,21 "26";
27 15 1 2,4,10,11,14,21,22,24,30,31 "27";
28 12 1 0,2,3,6,10,11,14,15,17,22,26 "28";
29 25 0 0,1,4,8,11,12,13,15,16,17,19,21,23,24,28,31,32 "29";
30 9 1 4,6,9,14,23 "30";
31 14 0 1,4,5,9,16,18,30,32 "31";
32 24 0 1,3,12,14,21,23,25,27,31,32 "32";
