parity 67;
0 26 0 4,8,15,27,31,35,47,56,58,61 "0";
1 51 0 9,26,32,53 "1";
2 7 1 0,4,8,17,19,27,36,40,43,45,47,48,50,52,64,67 "2";
3 24 0 2,15,20,22,25,33,35,37,44,46,49,50,55,57,59,60,63 "3";
4 45 0 4,6,19,20,26,28,34,37,40,45,47,48,51,56,63,64,67 "4";
5 17 1 8,11,13,15,17,19,23,25,26,27,30,33,34,37,41,42,44,47,50,52,53,56,58,61,62,64,65 "5";
6 50 0 2,33,42,45,49,54 "6";
7 28 1 0,3,4,6,7,9,10,11,14,15,18,19,21,25,27,28,30,33,35,36,38,39,43,45,48,53,54,57,58,60,65,67 "7";
8 59 0 10,14,17,21,29,34,35,37,46,51,52,58,64 "8";
9 17 0 39 "9";
10 52 1 0,1,7,10,12,13,17,20,24,34,39,41,42,45,48,49,53,57,61,62,63,65 "10";
11 5 1 0,1,3,6,8,9,10,11,15,18,19,21,25,26,27,29,31,35,36,40,47,49,52,53,59,61,62,64 "11";
12 42 1 1,2,5,7,8,12,14,16,19,20,24,28,31,33,35,38,40,41,43,46,47,50,52,54,55,58,59,61,62,64 "12";
13 64 0 0,17,42,46,67 "13";
14 21 1 0,2,3,6,8,11,12,15,19,20,23,24,27,28,29,30,34,38,41,44,45,46,51,53,54,56,60,61,67 "14";
15 45 0 0,16 "15";
16 64 0 2,5,10,12,16,22,23,25,29,32,34,40,42,51,54,59,61,62 "16";
17 45 0 3,21,30,34,40,44,45,50,52,63,64 "17";
18 18 0 0,2,12,14,16,18,25,27,30,31,33,38,44,49,51,55,56,58,60,63,67 "18";
19 25 1 4,12,17,18,25,27,31,40,42,50,53,64 "19";
20 60 1 3,5,7,8,10,12,17,19,20,22,23,25,33,36,43,44,49,51,55,58,60,66 "20";
21 20 1 1,4,6,7,10,12,15,16,21,23,25,30,32,33,36,39,43,46,51,53,56,58,63 "21";
22 66 1 4,10,11,27,29,42,45,62,64 "22";
23 62 1 2,3,6,8,11,13,14,15,19,25,30,34,37,40,41,46,52,56,59,64 "23";
24 44 1 1,4,16,19,22,26,28,31,33,37,44,46,48,49,52,60,65 "24";
25 23 1 4,11,15,17,19,21,26,29,36,40,45,47,50,52,61,65 "25";
26 45 0 2,4,6,9,11,16,18,19,21,26,34,36,38,40,45,47,57,59,67 "26";
27 54 1 0,3,5,6,8,11,13,14,17,19,20,23,27,28,30,32,34,36,37,42,44,45,46,51,52,55,56,59,60,62,64,65 "27";
28 44 0 7,10,12,16,19,22,23,27,28,36,41,50,52,55,58,61,64 "28";
29 65 1 2,4,5,7,8,11,18,21,26,27,29,33,36,38,40,41,43,45,50,52,54,59,60,63 "29";
30 42 1 1,6,11,28,30,35,42,47,61 "30";
31 5 1 3,6,14,22,29,30,34,35,40,43,45,49,51,53,55,58,60,61,65 "31";
32 55 0 2,5,12,14,18,22,25,27,32,33,61 "32";
33 27 1 1,3,5,8,12,16,19,21,22,24,26,27,29,30,34,36,38,39,40,44,46,52,53,55,59,60,63,66 "33";
34 39 0 2,4,6,10,15,31,32,44,53,58,66 "34";
35 27 1 1,7,9,15,17,23,28,29,30,33,36,38,46,48,50,54,60,65 "35";
36 66 1 2,7,14,21,27,29,46,47,55,58,65 "36";
37 62 0 2,3,5,8,10,11,15,18,20,22,23,25,26,28,30,32,33,34,38,39,40,42,43,44,46,49,51,53,56,57,59,62,67 "37";
38 26 0 1,10,12,20,21,25,27,30,35,37,39,41,43,52,54,56,57,59,62,67 "38";
39 28 1 1,5,7,9,10,14,15,17,19,21,22,23,24,25,28,31,33,35,37,40,44,46,47,50,52,54,56,57,59,62,64,66 "39";
40 21 1 1,5,8,9,16,17,18,20,21,22,25,29,31,35,37,40,42,44,46,47,48,50,54,56,57,60,65,67 "40";
41 50 1 8,10,17,30,46,50,52,62 "41";
42 19 1 1,2,7,12,13,16,19,21,23,30,34,35,36,40,42,43,50,53,55,56,57,64,66 "42";
43 35 1 0,2,4,5,7,12,14,18,23,25,29,37,41,42,46,49,52,58,60,66 "43";
44 29 0 3,13,17,24,26,33,43,44,48,49,53,54,59,61,65 "44";
45 67 0 0,2,4,5,8,10,12,15,16,19,23,24,27,28,30,34,36,38,39,40,43,46,47,49,52,53,58,59,60,61,64,67 "45";
46 43 1 10,22,24,31,33,38,40,42,51,55,61 "46";
47 38 1 7,11,16,19,20,23,30,31,35,41,48,52,54,58,60,61,63 "47";
48 62 1 3,5,13,15,20,22,25,27,29,32,34,36,38,44,47,50,54,57,60,65,67 "48";
49 30 0 1,3,5,9,10,11,12,14,17,23,25,26,30,33,35,37,39,44,46,49,51,54,56,57,58,60,63,66 "49";
50 3 1 0,1,6,9,14,16,17,21,22,25,28,29,32,34,37,41,42,47,49,59,61,63,66,67 "50";
51 28 1 2,3,9,11,16,21,23,24,25,38,41,42,48,54,56 "51";
52 5 0 0,2,9,13,15,17,18,20,21,22,24,27,28,30,31,33,40,42,44,46,48,50,51,52,54,57,58,63,65,66,67 "52";
53 67 0 5,11,16,18,21,24,26,29,31,36,41,43,48,50,52,59,62,67 "53";
54 19 0 4,9,12,14,25,30,41,43,44,46,47,54,63 "54";
55 19 0 2,3,5,10,19,21,34,41,44,45,46,51,52,55,57,62,64,66 "55";
56 0 0 0,2,3,10,12,14,16,21,26,30,35,38,40,42,43,44,51,53,55,57,60,63,65,67 "56";
57 50 1 38,42 "57";
58 20 1 49,52 "58";
59 49 0 0,3,5,8,10,12,14,16,19,25,27,32,33,35,37,38,40,43,44,46,48,49,52,53,54,57,59,63,66 "59";
60 28 0 4,6,9,11,18,20,25,31,37,41,52,53,54,56 "60";
61 24 1 5,12,16,22,28,46,61 "61";
62 41 0 3,5,6,8,10,12,14,16,18,22,24,26,29,32,36,40,43,45,46,48,53,54,55,62,63 "62";
63 45 1 1,4,5,8,22,28,30,32,35,41,43,47,54,56,59,61,67 "63";
64 48 0 0,1,4,6,7,9,12,13,14,17,19,20,24,26,27,30,32,34,36,40,41,42,44,47,51,52,53,55,57,59,64,65,67 "64";
65 14 0 3,10,12,16,18,21,24,25,27,28,31,35,37,52,58,61,66 "65";
66 34 0 1,2,9,13,18,23,29,37,40,45,54,58,60,62 "66";
67 5 1 2,3,26,27,35,42,48,55,59,61,63,66,67 "67";
