parity 71;
0 39 1 12,28,29,57 "0";
1 9 0 0,2,4,7,8,12,15,16,18,19,21,24,26,28,30,33,34,37,39,41,45,48,50,52,56,58,60,62,65,66,67,69,71 "1";
2 21 0 0,2,9,10,14,18,19,25,26,27,30,33,36,42,44,48,49,51,54,55,57,59,63,64,65,67,68,70 "2";
3 54 0 0,2,3,4,6,8,10,11,14,15,16,19,20,22,26,27,29,33,36,38,39,41,44,45,46,47,49,50,53,56,59,64,65,66,68,69 "3";
4 5 0 13,17,29,42,44,47,50,55,57,61,66,68 "4";
5 63 1 7,14,19,23,30,39,41,46,49,57,62,64 "5";
6 63 0 17,31 "6";
7 3 0 1,2,4,6,8,9,11,12,13,15,19,21,22,26,30,32,33,36,37,40,41,43,45,48,52,53,55,56,59,62,66,67,68,70,71 "7";
8 38 1 0,5,10,11,12,14,16,18,19,27,34,39,42,43,49,51,57,59,60,64,65,69 "8";
9 12 1 1,5,8,11,15,21,25,30,38,39,42,45,47,48,51,52,53,56,58,61,64 "9";
10 49 1 6,10,16,21,25,33,35,39,43,44,48,55,59,61 "10";
11 62 1 0,3,5,18,22,28,30,41,43,46,48,54,59,62,65,70,71 "11";
12 46 0 0,4,10,12,14,16,17,18,20,21,25,26,28,30,31,33,35,39,44,47,51,55,57,58,64,65,68,69,71 "12";
13 52 1 38,58,66 "13";
14 17 0 0,3,7,14,17,24,25,26,28,30,34,37,39,41,43,45,47,49,51,56,60,62,64,66,68,70 "14";
15 39 1 0,4,46,63 "15";
16 24 0 3,6,17,25,32,36,38,42,57,63 "16";
17 39 1 1,2,5,10,11,13,15,16,18,20,22,24,26,29,31,33,36,38,45,47,48,63,64 "17";
18 7 0 3,45 "18";
19 31 1 2,7,13,14,15,17,22,24,26,32,37,38,43,49,51,54,56,59,71 "19";
20 58 1 13,47 "20";
21 48 1 5,6,10,15,16,17,20,29,31,32,35,38,40,50,55,59,62,66,69 "21";
22 72 1 0,6,24,39,43,45,53,61,62,66,69 "22";
23 42 0 10,17,39,50,53,67 "23";
24 38 0 0,1,4,8,12,15,18,20,23,27,30,32,34,36,38,40,41,47,49,50,51,54,56,57,61,64,65,67,69,70,71 "24";
25 38 0 0,6,7,11,15,19,23,24,26,31,33,35,42,48,52,54,60,64,66 "25";
26 39 0 6,9,11,13,15,18,20,24,26,28,31,32,33,35,37,39,41,45,47,51,57,59,62,63,64,66 "26";
27 44 0 4,7,9,11,13,15,16,22,25,26,29,34,37,39,40,42,43,45,46,48,49,52,56,57,58,60,67,71 "27";
28 55 1 3,7,9,14,17,19,22,24,28,29,32,34,38,40,47,50,51,54,56,64,70 "28";
29 16 1 1,2,6,9,12,15,16,17,18,21,24,26,27,29,31,32,34,36,38,41,44,46,47,48,52,54,57,58,59,60,62,65,66,69 "29";
30 16 0 36,40,65 "30";
31 53 1 1,3,8,10,14,15,18,20,23,26,34,40,45,55,63 "31";
32 40 0 69 "32";
33 60 0 0,20,30,36,61 "33";
34 55 1 0,1,9,11,12,14,16,19,22,23,27,29,31,33,35,37,40,42,44,51,53,60,62,63,68,70 "34";
35 0 1 34,55,69 "35";
36 71 1 0,7,14,18,20,25,26,28,30,32,35,40,43,48,51,56,58,65,66,67 "36";
37 49 0 4,9,16,19,21,23,25,27,29,34,35,39,41,43,49,51,53,64 "37";
38 72 0 1,4,5,8,12,17,20,23,30,31,34,36,44,48,51,54,56,63,66,68,70 "38";
39 36 0 0,8,12,23,28,29,32,34,37,41,43,48,55,64,67,70 "39";
40 59 1 9,32,33,37,58 "40";
41 31 0 19,53,56,62,64 "41";
42 32 1 1,5,7,8,9,11,14,16,17,20,22,23,26,28,35,37,38,42,45,47,49,50,52,53,55,57,58,65,67,69,70 "42";
43 10 0 0,3,5,6,12,14,18,19,20,26,27,29,31,33,37,38,40,45,49,54,58,61,65,67,68 "43";
44 16 0 22,58,68,69 "44";
45 36 1 2,7,9,10,11,14,17,18,28,30,35,37,38,40,43,46,48,49,51,52,55,57,58,59,61,62,65,66,68,69,70,71 "45";
46 3 1 10,14,27,34,37,43,49,50,52,64,67,69 "46";
47 16 1 1,2,5,6,9,11,13,14,17,22,23,25,26,28,29,30,33,34,36,41,44,46,51,54,56,58,60,62,63,65,67,68,69,71 "47";
48 68 0 19 "48";
49 66 1 2,5,6,12,15,17,19,23,25,29,31,37,43,50,55,58,61,63,70 "49";
50 66 1 2,26,49,54,63,71 "50";
51 9 1 0,1,2,4,7,11,12,14,15,16,20,22,31,33,34,38,40,42,45,47,53,54,57,60,62,64,65,69,71 "51";
52 43 0 1,6,11,19,21,23,28,29,35,41,43,44,46,52,54,63,66,71 "52";
53 24 1 7,32,55,59,62,67,70 "53";
54 66 0 0,2,8,9,12,16,18,19,26,29,31,37,40,43,44,46,51,52,58,61,63,67,69,71 "54";
55 37 1 0,2,3,5,7,9,24,30,31,32,34,36,38,39,41,44,49,52,53,55,59,60,64,69,71 "55";
56 6 1 7,10,11,15,18,21,23,35,37,38,44,47,49,51,52,57,60,65,67 "56";
57 31 1 0,5,9,10,12,15,16,21,22,24,26,27,28,30,38,40,42,44,45,49,50,52,53,54,57,59,62,64,67,68,70,71 "57";
58 59 0 2,4,6,8,11,12,16,17,19,23,24,26,29,30,32,34,40,41,43,49,53,54,59,64,68,69,70 "58";
59 25 1 4,7,9,13,14,16,17,19,25,27,28,30,31,39,43,47,49,51,53,54,56,62,63,68,70 "59";
60 32 1 0,7,11,22,30,34,38,42,49,51,62,66,67 "60";
61 42 1 0,14,15,18,21,23,28,30,37,39,46,49,51,53,56,61,62,65,66,68,69,70 "61";
62 58 0 4,5,12,15,29,34,40,43,47,57,61,62,64,70 "62";
63 11 0 3,7,18,24,26,34,37,47,49,50,62 "63";
64 35 0 5,9,16,18,20,22,31,33,35,42,49,52,58,61,63,66,68,69 "64";
65 28 1 3,7,8,10,21,29,30,31,33,44,51,68 "65";
66 32 1 1,7,12,16,19,22,23,25,27,32,36,37,39,45,47,51,55,56,60,62,67,69 "66";
67 17 0 20,33,38,61,65 "67";
68 69 0 0,2,3,5,11,13,17,18,21,23,28,30,34,37,38,39,43,45,49,51,52,54,56,58,60,62,66,68,70,71 "68";
69 63 1 0,8,10,12,13,14,18,21,27,30,35,40,46,49,50,56,58,60 "69";
70 15 1 7,21,35,37,40,43,44,46,53,57,64,65,68,70 "70";
71 38 0 1,3,4,7,10,13,14,19,21,23,26,29,31,33,34,36,37,40,42,46,48,51,54,55,57,59,64,65,66,67 "71";
