parity 57;
0 33 1 0,8,11,14,16,18,24,26,28,33,35,37,38,41,42,44,46,48,50,51,53,54,56 "0";
1 46 0 1,2,7,9,10,12,16,22,24,26,28,31,34,35,37,38,42,43,45,46,48,49,51,53,55 "1";
2 4 0 1,4,8,18,27,29,32,36,38,48,52,55,57 "2";
3 42 1 1,2,6,8,10,11,12,14,17,18,20,23,25,26,28,30,38,39,40,42,44,46,50,55,57 "3";
4 26 0 2,8,10,12,14,20,21,23,24,25,28,29,31,32,36,37,40,42,43,44,46,47,49,51,53,54,55,57 "4";
5 35 0 1,2,5,6,8,9,10,12,18,19,20,22,25,27,28,30,32,34,35,38,40,45,46,48,50,52,53,55 "5";
6 56 0 1,2,3,5,6,8,9,11,15,16,18,19,25,26,31,33,36,38,39,41,46,48,50,57 "6";
7 43 1 11,34 "7";
8 8 1 0,1,2,9,13,14,22,27,30,35,40,55 "8";
9 41 0 4,8,10,12,13,15,20,22,24,27,35,37,39,40,44,45,48,49,56,57 "9";
10 28 1 0,3,4,17,31,34,40,50 "10";
11 5 0 10,11,13,14,16,20,23,26,28,30,31,34,35,42,47,48,49,50 "11";
12 8 0 0,3,4,6,10,12,14,16,18,24,26,31,33,37,42,49,51,54 "12";
13 2 0 2,4,5,7,9,11,15,16,18,19,20,23,24,26,30,32,35,37,38,40,41,45,50,52,53,55,56 "13";
14 14 1 0,7,11,13,14,17,27,33,34,36,39,47,53 "14";
15 37 1 14,17,22,25,26,35,39,43 "15";
16 54 0 0,2,3,4,7,11,12,15,16,18,19,21,26,27,28,30,31,35,36,40,41,44,45,48,49,51,54,56 "16";
17 51 1 22,43,45,54 "17";
18 23 1 2,4,5,7,18,29,33,55 "18";
19 31 0 1,8,15,17,22,25,30,32,38,39,45,49,52,54 "19";
20 55 1 0,1,2,4,5,7,11,17,18,19,21,23,24,26,33,37,39,40,43,45,47,49,51,53 "20";
21 31 0 7,18,19,24,28,32,37,39,46,51,52 "21";
22 5 1 0,4,8,9,16,18,19,21,22,23,26,27,28,29,31,36,38,40,42,44,46,48,49,53,54,57 "22";
23 13 0 7,11,13,20,28,34,42,45,46,51,54,57 "23";
24 13 0 0,2,4,5,7,9,11,14,17,23,24,28,29,35,37,39,42,48,49,52,53 "24";
25 56 0 0,1,6,16,17,24,26,34,37,40,43,45,46,49,51,53 "25";
26 51 0 0,2,6,9,12,14,17,19,20,22,25,27,29,30,31,32,34,39,40,41,42,44,46,47,50,51,53,55 "26";
27 56 1 30,32 "27";
28 33 0 5 "28";
29 46 0 1,4,11,13,20,25,26,33,35,38,43,47,49,52,53 "29";
30 32 0 1,4,5,8,10,11,14,17,18,20,21,23,24,25,28,32,35,36,38,40,41,42,44,48,52,53,54,57 "30";
31 49 0 3,9,13,14,18,23,25,28,30,31,33,35,37,38,40,47,51,57 "31";
32 4 0 1,3,4,7,9,11,14,16,18,21,22,24,25,30,31,33,38,39,41,42,43,45,48,49,50,53,55,57 "32";
33 22 1 2,8,14,15,18,20,23,37,39,42,43,45,50 "33";
34 39 0 2,7,24,28 "34";
35 25 0 2,3,13,18,21,34,45,53,55 "35";
36 1 0 2,3,7,9,11,13,14,16,17,20,22,24,26,28,29,31,33,36,37,39,42,45,47,48,51,52,54,57 "36";
37 25 1 3,4,6,9,10,11,13,15,16,18,23,24,27,29,33,35,37,38,39,40,44,46,47,50,52,55 "37";
38 58 1 0,3,4,6,8,13,14,17,20,22,23,24,27,31,38,40,43,49,50,56,57 "38";
39 49 0 1,6,8,11,13,17,21,22,23,25,28,30,32,34,35,37,40,43,44,47,48,50,55,56 "39";
40 33 0 0,13,18,28,32,33,38,54,57 "40";
41 34 0 1,7,17,26,27,48,54 "41";
42 41 0 53 "42";
43 2 0 15,52 "43";
44 48 1 5,6,14,20,22,29,31,32,34,36,39,40,41,46,47,49 "44";
45 42 1 12,14,18,20,22,24,25,27,29,33,38,41,44,51,54,55 "45";
46 6 0 2,14,26,30,33,37,41 "46";
47 39 1 0,1,2,3,5,6,9,10,15,17,19,21,24,25,26,28,32,33,34,37,38,39,42,44,47,52,57 "47";
48 54 0 4,5,8,9,12,23,26,27,28,34,37,39,40,42,44,50,57 "48";
49 31 0 2,3,5,8,10,14,16,17,20,23,24,25,26,28,29,31,32,34,38,39,43,44,46,48,50,52,54,56 "49";
50 8 0 1,3,5,10,14,16,17,25,27,28,32,42,49,50,53,55,57 "50";
51 4 1 6,20,23,32,44,47 "51";
52 13 0 7,24,39,41,43,47 "52";
53 0 0 4,29,42,46,50 "53";
54 12 1 2,5,9,11,16,23,24,28,38,41,43,46,57 "54";
55 25 1 0,2,5,7,10,13,15,17,19,22,24,26,28,30,32,35,36,37,40,41,43,45,46,49,53,54,56,57 "55";
56 48 0 1,3,5,15,19,21,22,27,33,34,38,43,45,49,52 "56";
57 49 0 0,1,2,5,8,10,11,15,16,17,18,20,23,29,31,33,35,38,41,43,47,51,54,55,57 "57";
