parity 75;
0 72 1 13,21,54,63 "0";
1 32 1 2,3,11,13,30,31,33,35,36,44,45,46,50,51,55,56,59,60,62,64,66,68 "1";
2 72 1 0,7,9,11,13,15,17,19,20,25,30,35,38,43,46,49,50,52,55,61,64,65,73 "2";
3 68 0 22,26,30,33,39,40,42,56,57,60,66 "3";
4 32 0 2,4,11,13,37,41,43,46 "4";
5 11 1 1,3,6,9,11,13,15,17,18,22,26,28,30,31,34,35,38,39,40,43,47,50,51,53,55,61,64,67,69,70,72 "5";
6 25 0 0,1,5,8,10,11,13,15,18,19,22,24,26,27,28,30,33,37,39,40,43,44,45,50,51,53,55,57,60,63,67,70,71,74,75 "6";
7 4 0 1,3,5,7,11,13,14,16,24,25,26,31,35,41,49,50,56,57,64,67,71 "7";
8 70 1 1,3,4,6,10,11,15,18,21,25,27,28,31,34,35,37,40,42,44,45,46,49,53,56,58,61,64,68,72 "8";
9 61 0 7,15,19,22,73 "9";
10 26 0 1,5,7,11,20,57,60,70 "10";
11 10 0 1,3,5,6,7,10,15,16,18,21,23,26,29,36,39,45,48,50,54,55,56,61,67,68,74 "11";
12 13 1 4,7,9,11,13,14,17,20,22,25,27,28,29,30,32,34,35,40,42,44,46,49,51,53,62,63,65,68,69,75 "12";
13 70 1 16,19,20,35,40,55,58,62 "13";
14 23 0 0,2,4,6,8,11,12,13,14,16,17,20,24,26,29,32,34,37,40,43,45,47,51,52,54,56,57,60,61,65,68,73,74,75 "14";
15 72 1 6,13,23,45 "15";
16 53 0 3,4,6,8,10,12,14,17,20,23,24,27,28,29,31,32,34,35,39,40,42,44,47,51,53,57,58,60,66,67,68,69,71,72,74 "16";
17 39 1 38 "17";
18 36 0 1,2,5,7,9,11,15,17,18,19,23,25,26,27,34,36,37,39,41,42,43,45,49,51,52,55,56,58,59,60,62,64,65,67,68,70,74 "18";
19 72 0 1,3,7,8,10,12,13,15,18,21,22,27,28,29,31,33,35,36,39,40,43,45,51,53,55,57,59,65,68,70,71 "19";
20 50 0 0,1,3,5,6,9,11,14,16,17,23,27,29,30,31,32,34,38,42,50,53,57,59,60,65,66,67,69,70,71,73,74 "20";
21 54 0 0,6,8,11,13,14,16,21,22,24,28,29,31,33,34,35,37,41,42,47,48,51,53,55,56,57,62,64,65,66,69,72,74,75 "21";
22 2 0 2,3,5,15,18,30,31,45,53,55,61,63,71 "22";
23 44 0 1,3,5,8,14,17,22,25,29,31,35,38,40,45,46,49,50,51,53,55,57,59,60,61,65,66,69,71,75 "23";
24 60 0 1,13,17,20,25,31,33,36,43,46,53,62,67,71 "24";
25 9 1 9,11,31,33,57,65,67 "25";
26 2 0 16,21,27,28,33,39,40,43,47,53,57,59,60 "26";
27 14 1 0,3,6,8,10,13,15,16,21,22,28,29,31,33,34,37,39,40,43,46,47,50,53,56,57,61,62,63,66,67,68,71,72,75 "27";
28 19 1 52 "28";
29 43 1 40,42,54,57,68,73 "29";
30 20 0 50,70 "30";
31 9 0 3,7,9,12,16,24,30,32,38,45,50,58,64,65,73 "31";
32 34 0 11,25,57 "32";
33 31 1 0,2,3,4,9,12,15,16,17,19,20,21,23,25,29,31,33,34,36,39,41,46,47,48,49,52,53,56,58,59,61,65,67,68,70,71,73 "33";
34 17 1 0,7,9,19,21,27,50,67 "34";
35 48 1 2,4,10,13,16,19,23,27,32,33,38,42,44,47,48,56,63,65,66,69,70,72,74,75 "35";
36 56 0 0,8,10,12,14,21,22,24,27,31,33,40,42,43,48,50,51,57,58,60,62,65,67,68,70,71,73,74 "36";
37 55 1 0,2,5,12,13,15,17,18,20,22,23,26,28,33,39,40,45,48,49,56,57,59,62,66,67,70,72,74,75 "37";
38 21 0 2,3,7,8,18,27,31,33,43,46,51,52,54,59,69,70,75 "38";
39 1 0 0,3,8,9,12,13,15,18,21,26,27,28,37,38,39,42,45,47,48,50,53,60,61,64,67,69,71,73,75 "39";
40 74 1 1,4,7,8,9,11,17,23,25,27,28,32,42,44,51,55,58,62,65,72,73,75 "40";
41 18 1 3,6,7,10,13,30,35,39,46,57,61,73 "41";
42 57 0 26,47,52,58,59 "42";
43 32 1 1,4,6,9,14,16,22,27,35,37,46,51,54,58,59,69,73,75 "43";
44 69 0 0,7,8,12,15,16,17,19,20,22,23,25,26,28,30,31,36,38,40,42,44,46,48,49,51,52,54,56,57,61,64,65,68,70,71,72,74 "44";
45 21 0 0,3,11,20,25,40,45,47,60,62,64,66,72 "45";
46 35 0 9,17,29,35,37,44,57,60,74 "46";
47 59 0 5,18,22,25,26,28,35,36,48,52,60,62,65 "47";
48 50 1 4,6,9,16,21,23,24,26,29,35,37,38,41,42,47,48,50,58,67,69,70,72,74,75 "48";
49 47 0 42,52 "49";
50 22 0 9,11,59,64,67 "50";
51 16 1 1,7,9,14,15,17,22,25,28,29,33,35,38,39,42,45,49,52,56,62,66,68,70,72,73,75 "51";
52 49 0 5,9,10,12,14,15,22,23,25,27,34,35,37,54,56,61,64,68,73,75 "52";
53 65 0 3,27,30 "53";
54 4 1 3,5,6,8,9,11,12,14,16,17,18,21,26,27,30,32,34,36,38,39,41,44,45,47,51,52,54,60,62,64,66,67,68,70,72,73,75 "54";
55 34 0 1,7,9,10,16,21,33,37,38,40,42,49,51,52,53,56,60,67,75 "55";
56 20 0 1,3,6,14,16,17,20,22,29,31,33,34,38,39,42,43,44,48,49,51,53,55,57,58,59,61,62,66,68,69,73,75 "56";
57 19 0 2,3,11,13,17,18,26,29,32,33,40,43,47,51,54,56,62,63,65,68 "57";
58 52 1 3,16,19,24,25,29,31,33,34,36,39,43,49,52,54,57,60,66,71 "58";
59 74 0 3,5,12,16,20,24,26,27,33,34,36,41,43,46,48,56,59,61,62,65,66,71,73,75 "59";
60 65 1 0,3,5,9,14,16,17,20,21,23,26,29,32,34,39,41,43,45,50,54,55,58,64,74 "60";
61 12 1 3,11,43,56 "61";
62 73 1 2,4,7,9,11,16,18,19,23,24,25,29,33,37,40,43,55,57,60,67,72,74,75 "62";
63 30 1 1,3,5,7,8,11,15,16,19,24,33,35,37,38,41,42,45,49,52,54,57,59,60,63,66,67,68,70,71,72,74,75 "63";
64 61 1 1,14,19,20,30,35,36,57,59,62,63 "64";
65 74 0 0,1,2,8,11,19,27,28,29,41,42,44,49,50,52,53,56,61,63,64,66,68,71,72,74,75 "65";
66 59 1 3,20,54,64,66,67,75 "66";
67 53 0 2,3,5,7,9,10,12,14,17,19,21,22,25,26,29,31,33,36,37,39,41,42,43,46,47,49,53,54,56,57,58,64,66,67,68,71,73,75 "67";
68 70 0 0,34,39,41,71 "68";
69 68 0 8,31,32,74 "69";
70 76 0 19,35 "70";
71 28 1 0,1,3,6,7,9,11,12,15,16,19,21,25,26,28,30,32,33,36,38,39,45,47,48,50,52,54,56,57,61,66,67,71,73,75 "71";
72 3 1 1,6,9,11,13,15,16,19,22,23,25,26,29,30,32,33,35,36,38,40,41,42,44,46,48,49,52,54,56,59,61,66,69,71,72,73,74 "72";
73 34 0 2,3,9,10,13,15,19,20,22,24,25,27,29,43,47,48,54,63,67,71,73 "73";
74 26 0 5,7,12,16,17,19,22,24,28,37,38,43,44,47,50,54,59,64,67,69,72,73,74 "74";
75 64 0 10,12,15,16,23,30,45,47,53,59,63,69,73 "75";
