parity 71;
0 0 1 4,11,17,20,30,33,35,40,43,56,57,59,64 "0";
1 67 0 2,4,5,7,8,9,11,20,24,25,31,34,36,38,41,44,48,50,52,53,57,60,62,65,69,71 "1";
2 41 1 6,9,11,19,44,47,50 "2";
3 64 0 9,11,13,16,19,22,25,29,34,35,37,39,41,52,57,62,65 "3";
4 10 1 0,2,4,6,9,11,13,15,19,21,25,26,28,30,32,34,38,39,40,43,48,49,50,52,58,59,64,65,68,71 "4";
5 3 0 0,2,4,8,10,21,26,31,32,41,45,48,52,59,60,63,65 "5";
6 50 0 0,1,4,10,18,21,31,39,43,46,67,69,71 "6";
7 40 1 0,3,4,6,9,11,18,22,25,30,34,39,50,66 "7";
8 8 0 0,2,19,26,29,31,32,33,40,44,46,50,54,55,56,57,59,68,70 "8";
9 43 0 14,28,44,47,53,58,65 "9";
10 8 1 9,17,23,25,36,39,43,47,51,54,59,60,61,63 "10";
11 35 1 0,3,9,10,16,18,19,20,22,25,28,32,36,37,38,42,44,45,49,50,52,53,55,56,58,61,62,63,64,67 "11";
12 17 1 4,11,15,22,63 "12";
13 50 0 2,8,14,21,30,32,34,36,38,40,45,48,51,52,54,62 "13";
14 23 0 2,5,8,12,13,15,19,20,23,25,29,34,36,40,41,44,46,49,56,61,70 "14";
15 8 1 0,3,4,6,8,9,10,13,15,17,18,21,22,25,30,31,33,34,39,40,43,46,47,49,53,56,59,61,62,64,65,69,70 "15";
16 8 0 4,14,22,25,29,44,58,61,65,67 "16";
17 54 0 0,7,8,11,13,14,16,18,19,21,22,26,30,32,34,36,38,39,41,43,44,49,53,56,57,59,62,65,68,70,71 "17";
18 36 1 4,9,11,15,16,22,23,26,28,31,33,35,39,42,43,44,48,49,51,52,55,56,58,60,64,67,70 "18";
19 30 0 0,1,3,4,5,8,11,13,16,17,19,21,26,27,29,31,32,33,34,38,39,43,44,47,49,52,53,55,56,58,60,65,66,68,70,71 "19";
20 46 0 3,9,18,22,66 "20";
21 69 1 2,6,16,18,21,27,28,33,39,45,49,51,53,58 "21";
22 66 0 3,12,23,29,33,37,40,45,50,53,56,59,63 "22";
23 62 0 5,9,41,58,67 "23";
24 51 0 16,20,22,38,44,52,57,63,67 "24";
25 2 0 1,4,9,11,14,15,16,19,21,23,24,26,28,29,33,34,35,36,38,41,42,43,45,48,50,52,54,55,56,57,59,63,65,66,71 "25";
26 59 0 7,10,13,15,17,18,21,23,24,25,26,33,34,38,40,41,46,51,55,57,60,61,63,64,65,67,68 "26";
27 25 0 1,9,11,13,17,19,23,28,32,35,39,42,43,60,63,67 "27";
28 30 0 0,1,4,8,10,13,14,16,17,19,21,23,26,28,29,31,33,36,38,40,43,46,49,53,54,57,59,62,70 "28";
29 49 0 2,6,9,11,13,17,18,22,23,30,31,32,40,41,44,46,49,51,56,64 "29";
30 71 1 2,4,6,7,10,11,14,15,17,21,22,28,31,32,38,40,41,43,44,45,48,50,51,53,55,56,58,60,62,63,67,69 "30";
31 46 1 1,5,7,10,25,28,29,32,33,34,35,39,41,42,46,54,57,61,70 "31";
32 26 0 5,7,10,14,17,18,21,26,28,33,36,40,46,49,50,54,57,59,71 "32";
33 70 0 31 "33";
34 29 0 3,10,12,17,24,30,33,36,39,40,42,44,47,49,54,56,57,61,62,66,68,70 "34";
35 29 0 2,9,13,18,21,35,38,39,41,58,60,62,65,69,71 "35";
36 55 1 0,3,7,8,9,16,17,19,23,25,27,29,30,34,35,37,38,40,43,44,45,47,49,51,53,54,56,57,58,59,67,71 "36";
37 48 1 8,14,24,37,47,62,70 "37";
38 16 1 0,4,11,18,22,40,46,49,52,54,58 "38";
39 7 0 47 "39";
40 13 1 2,7,21,26,27,39,44,51,60,64,65,67,69 "40";
41 58 0 0,2,3,5,6,9,11,13,15,19,20,23,25,26,30,31,33,34,36,37,39,40,41,43,44,50,51,54,55,57,58,60,61,64,68,69 "41";
42 21 1 0,1,3,5,7,11,16,20,21,24,25,31,32,35,37,39,40,41,43,44,52,54,56,59,61,64,65,66,68,70 "42";
43 23 0 0,2,3,4,8,15,23,25,27,29,32,33,35,38,40,42,44,45,50,53,55,57,60,61,67,68 "43";
44 61 0 0,3,8,9,12,15,17,18,20,21,23,24,27,31,33,35,41,46,50,51,53,55,61,63,64,66,69,70 "44";
45 72 0 0,4,5,7,10,12,13,15,16,18,22,25,26,28,30,35,36,38,39,41,42,43,46,47,48,50,51,53,55,59,60,62,63,65,70,71 "45";
46 18 1 4,8,25,28,41,60,68 "46";
47 31 1 0,5,7,9,10,13,17,21,32,33,37,39,43,45,51,53,55,58,62,65,67,69,71 "47";
48 22 0 7,24,35,49,69 "48";
49 25 1 7,48,66 "49";
50 13 1 13,15,18,26,37,40,45,50,53,60,62 "50";
51 26 1 1,29 "51";
52 30 0 7,16,29,31,43,63 "52";
53 35 1 2,3,8,10,11,12,15,17,18,20,22,23,26,27,29,34,36,38,41,42,44,46,50,51,52,54,55,56,59,63,66,71 "53";
54 12 0 2,11,13,24,25,40,42,43,53,56,59,60,64,66 "54";
55 5 1 4,9,12,14,17,21,23,25,35,41,42,44,45,51,55,57,60,62,67,69,71 "55";
56 16 1 13,17,22,25,31,36,42,44,58,63,67 "56";
57 6 1 6,46,51,59,65 "57";
58 24 0 23,27 "58";
59 53 0 4,6,7,11,12,15,19,20,26,33,35,39,44,45,46,47,50,52,53,55,57,59,61,63,65,68,69 "59";
60 63 0 4,29,51 "60";
61 35 1 0,3,4,8,11,13,14,18,23,26,28,29,33,34,35,37,40,41,43,46,48,49,57,59,61,62,64,65,66,70 "61";
62 7 1 2,7,9,11,14,17,18,21,27,28,31,35,42,43,45,47,49,52,56,59,62,66 "62";
63 15 1 9,21,60 "63";
64 39 0 3,8,14,16,17,20,21,23,26,27,31,32,33,34,36,39,41,43,44,46,47,52,56,58,60,66,69 "64";
65 58 1 0,3,6,8,11,14,16,20,28,36,38,47,48,49,55,56,57,67,68 "65";
66 34 0 0,2,5,9,13,14,16,18,19,21,23,29,32,36,39,41,45,46,48,54,55,57,59,61,63,68,70 "66";
67 41 1 1,3,7,8,20,26,28,36,39,41,44,53,57,65,67 "67";
68 41 1 0,2,6,7,9,11,13,16,18,19,23,24,25,27,28,31,33,35,38,40,42,44,46,48,49,51,52,55,58,59,61,68,70,71 "68";
69 21 0 2,6,9,19,25,27,28,30,32,35,42,45,48,51,54,57,60,62,64 "69";
70 37 0 6,9,13,17,20,22,33,34,39,42,46,47,51,53,55,57,64,67,71 "70";
71 11 1 0,1,3,6,7,12,14,15,16,20,22,23,24,26,27,28,31,33,38,39,40,43,44,47,49,50,52,54,55,57,60,61,62,67,70,71 "71";
