parity 99;
0 67 0 2,8,16,24,27,32,38,39,42,44,48,51,52,58,60,63,66,71,81,87,94 "0";
1 48 0 11,57 "1";
2 5 1 5,7,9,40,86,88 "2";
3 72 0 4,8,9,11,19,22,23,28,33,43,46,51,60,62,63,75,79,93 "3";
4 80 0 15,18,20,21,23,24,27,31,33,41,43,45,48,60,64,66,70,71,73,75,81,86,89,91,97,99 "4";
5 94 0 2,3,5,7,13,19,23,25,27,29,31,36,39,41,42,45,46,48,52,53,54,56,59,62,64,65,66,67,71,73,76,78,82,84,85,91,93,95,96,98 "5";
6 87 0 0,4,6,9,11,15,16,21,24,25,28,35,36,38,41,44,45,47,48,54,57,58,65,67,69,70,74,78,80,83,84,85,86,90,92,95,97 "6";
7 38 1 0,1,3,7,8,9,12,13,16,17,19,23,24,25,27,29,31,32,34,36,38,40,43,47,50,56,59,60,62,63,65,67,77,78,80,84,86,88,89,92,96,98 "7";
8 12 0 10,21,33,41,51,64,67,69,83,87,90,94 "8";
9 99 1 8,24,26,60,62,88 "9";
10 54 1 0,11,24,26,37,39,43,46,49,60,88,89,95 "10";
11 82 0 1,3,5,8,10,11,14,16,19,20,23,24,28,29,31,32,34,37,40,43,45,47,48,50,52,53,55,57,59,61,62,64,65,71,73,77,79,81,86,88,89,95,96,98 "11";
12 71 1 5,6,8,17,23,25,26,31,32,34,36,42,45,50,52,57,58,61,65,67,72,76,90,99 "12";
13 98 1 3,4,6,8,17,24,29,32,39,40,49,53,56,58,66,72,73,75,79,81,82,92 "13";
14 31 0 1,7,13,24,26,28,32,34,35,44,45,52,57,61,67,69,75,78,82,84,88,91,92,94,95,96,99 "14";
15 100 1 53 "15";
16 27 0 1,2,3,5,7,9,11,14,18,20,26,29,36,37,39,41,44,45,47,49,50,51,54,57,59,61,64,66,69,71,73,74,77,79,80,82,84,88,90,91,92,93,95,97,99 "16";
17 57 0 1,8,21,66,75,85 "17";
18 30 1 22,27,29,76 "18";
19 51 1 0,2,4,10,13,14,16,18,20,21,25,29,30,33,35,38,40,42,45,55,56,58,60,63,65,68,70,72,82,83,85,87,90,94 "19";
20 90 0 2,3,8,10,12,17,19,20,22,24,28,29,31,35,37,39,41,43,45,48,51,53,55,57,61,64,66,68,71,72,76,77,82,84,86,89,90,93,96,98 "20";
21 88 1 5,8,10,17,20,26,32,33,40,45,48,55,69,71,73,82,83,86,89,90,94,98 "21";
22 74 1 1,2,6,8,10,17,20,23,26,32,36,38,40,48,52,69,91,95,98 "22";
23 0 1 2,3,5,8,9,11,13,22,26,28,30,33,35,39,45,46,56,58,62,63,66,71,77,80,81,82,86,89,90,93,94 "23";
24 67 1 1,3,5,7,8,10,12,13,15,19,21,22,23,25,26,29,30,34,39,45,46,49,53,55,56,57,62,64,66,67,69,71,73,75,76,78,79,84,85,86,88,90,92,93,95,96,98,99 "24";
25 85 0 17,21,27,44,54,61,69,75,80,97,99 "25";
26 1 1 0,2,4,9,12,15,16,17,19,20,22,25,29,34,35,38,41,42,43,44,49,53,58,60,63,65,66,68,69,72,74,75,77,79,80,81,82,83,85,87,88,90,94,95,99 "26";
27 48 1 4,24,53,71 "27";
28 10 0 1,3,5,7,9,12,17,18,19,22,24,27,28,31,34,38,41,45,46,51,53,54,56,60,63,64,67,70,71,73,78,81,82,83,85,87,89,90,91,95,97,99 "28";
29 67 1 1,3,4,5,8,10,18,19,20,22,24,25,27,30,32,33,35,36,41,43,45,46,47,49,54,56,57,59,60,61,63,64,67,70,72,77,81,83,86,88,89,91,94,96,98,99 "29";
30 59 0 29,46,78,85,95 "30";
31 79 1 79 "31";
32 76 1 51,96 "32";
33 28 1 1,2,3,5,8,11,14,15,16,19,25,29,32,34,36,37,41,43,49,50,51,55,57,59,61,62,64,66,68,70,72,74,77,80,81,84,91,97,98 "33";
34 61 1 1,4,7,14,15,17,21,24,31,39,45,48,51,53,54,56,60,62,68,70,72,74,79,81,83,86,90,95,99 "34";
35 36 1 2,4,6,9,12,14,16,18,20,21,23,25,26,28,29,31,34,35,37,38,42,43,45,49,51,52,54,56,59,60,62,64,66,68,69,71,72,73,77,81,83,86,88,89,91,93,94,96,97,98 "35";
36 98 0 0,5,7,11,14,15,17,20,22,24,26,28,30,33,36,39,42,44,49,51,52,57,58,65,67,69,71,74,76,77,80,84,86,87,89,91,92,94,97,98 "36";
37 35 0 1,12,22,24,27,35,60,61,69,77,85 "37";
38 82 1 0,6,28,32,35,37,38,40,42,44,46,57,62,65,68,70,74,77,78,82,84,86,88,90,92 "38";
39 5 1 1,3,4,8,10,12,15,17,20,26,28,30,31,33,37,40,42,49,51,58,61,62,66,68,75,76,85,86,89,93 "39";
40 91 0 1,2,4,6,12,14,17,19,23,29,30,32,34,35,37,39,41,43,44,45,47,49,50,53,60,62,65,67,71,75,77,80,82,83,85,88,90,92,93,97,98,99 "40";
41 64 0 0,9,11,19,21,25,32,34,45,46,47,62,72,79,80,81,83,94 "41";
42 66 1 2,5,7,10,20,21,23,27,34,48,50,54,58,68,77,83,90,93,95 "42";
43 63 0 0,2,4,5,6,8,11,13,16,21,23,25,28,30,35,37,38,43,46,47,49,50,51,53,55,58,59,61,62,63,65,66,68,72,75,76,77,81,82,84,87,89,91,92,95,99 "43";
44 95 1 0,2,6,15,16,18,20,24,30,37,38,46,55,59,60,62,63,65,67,72,75,81,82,85,87,88,90,94,97 "44";
45 55 0 3,9,16,17,18,27,30,31,41,43,45,46,52,55,60,62,72,80,81,83,86,88,89,92,95 "45";
46 74 1 2,4,6,8,10,12,14,15,18,19,21,23,27,29,32,34,39,40,41,43,44,46,48,49,52,53,54,55,59,60,61,62,64,67,69,70,71,72,74,75,77,78,84,88,89,91,93,94,96,98 "46";
47 82 0 6,8,10,11,13,16,20,21,23,25,27,29,33,37,39,41,43,45,47,50,53,56,58,60,63,67,70,76,79,81,83,85,87,90,91,95,99 "47";
48 17 0 1,5,15,20,30,35,39,41,43,45,49,50,55,60,64,65,67,68,72,77,80,84,90,96 "48";
49 77 1 2,6,10,18,21,24,28,30,31,33,36,39,40,42,46,48,52,53,56,62,65,66,67,69,79,83,84,88,89,93,95,99 "49";
50 75 0 1,2,7,10,12,14,15,16,19,23,27,30,32,33,35,36,37,41,44,47,50,52,54,55,57,58,61,64,67,69,71,73,76,80,84,85,87,94,96 "50";
51 67 1 0,1,2,3,5,8,9,11,13,15,16,18,19,20,22,25,26,30,33,36,38,41,42,44,46,47,49,50,52,55,58,59,61,63,65,66,68,71,72,74,75,77,82,83,85,87,90,93,94,97 "51";
52 53 0 1,4,9,11,14,18,21,27,32,36,44,46,49,50,60,65,69,71,75,76,80,82,86,88,91,99 "52";
53 6 1 0,4,30,73,79,82,90,96 "53";
54 63 0 0,2,5,7,8,12,13,14,19,23,25,27,31,33,35,40,43,47,48,49,52,53,57,58,63,64,66,68,70,72,75,77,79,80,82,84,86,87,89,91,93,98 "54";
55 0 1 5,22,25,36,37,39 "55";
56 78 0 4,6,19,21,24,27,31,34,36,37,38,40,45,47,49,53,55,58,76,78,79,81,83,85,88,92,96,99 "56";
57 44 0 0,3,4,6,7,9,12,15,16,19,21,23,30,33,34,37,39,40,42,43,44,46,48,53,54,55,57,58,61,62,66,67,70,73,79,80,83,87,89,91,93,94,95,97,99 "57";
58 43 1 12,24,37,48,62,70,77,79,94,96,98 "58";
59 0 0 0,2,4,6,7,10,14,18,20,22,26,28,30,33,36,38,39,42,43,45,47,48,51,58,59,61,62,64,67,69,71,73,74,75,78,80,81,84,85,86,88,91,92,95,99 "59";
60 6 0 1,2,4,8,11,12,17,18,28,34,39,43,46,48,50,54,56,58,61,64,65,66,68,71,72,74,76,78,83,85,96 "60";
61 83 1 3,7,12,42,51,54,71,87,98 "61";
62 15 1 7,11,26,29,43,49,65,92,98 "62";
63 64 0 1,4,5,7,8,13,16,19,22,25,28,31,32,35,39,41,43,45,48,50,51,52,56,59,61,62,64,67,70,72,73,74,78,79,81,84,85,88,90,92,96,97,98 "63";
64 73 1 6,20,95 "64";
65 71 0 5,10,14,17,53,56,58,60,63,66,86,87,91,92 "65";
66 64 0 1,3,5,7,10,12,17,19,20,22,23,27,28,31,33,34,37,39,40,41,42,46,47,48,49,50,52,53,54,58,61,63,64,65,67,70,73,75,76,79,81,85,86,89,94,96,97,99 "66";
67 100 1 2,5,8,10,12,14,17,20,25,27,29,32,35,37,39,40,41,43,46,49,52,55,56,65,69,70,74,78,79,81,85,88,89,90,92,94,95,97,99 "67";
68 47 0 3,4,16,22,23,37,50,76,80,97 "68";
69 22 0 2,8,9,14,17,25,28,31,38,44,50,63,64,74,89,92,97 "69";
70 60 1 0,1,9,15,25,34,37,41,43,58,60,73,76,81,91,96,99 "70";
71 54 0 8,11,13,14,15,18,20,24,26,30,33,37,38,41,43,49,50,58,59,67,69,71,72,75,85,89,91,94,99 "71";
72 72 0 1,8,16,17,29,31,39,49,54,68,70,71,75,80,87,96 "72";
73 100 1 0,2,15,17,20,28,30,36,42,44,55,57,63,73,75,83,86,87,89,91,93,96,99 "73";
74 34 1 1,2,4,6,8,13,18,19,26,30,34,36,40,44,45,49,53,56,58,59,61,65,66,67,72,75,76,77,79,81,83,86,87,88,90,92,93,96,97 "74";
75 2 0 12,13,17,22,24,37,41,44,48,49,53,58,85,89,93 "75";
76 65 0 4,6,10,16,26,37,41,43,49,54,56,59,69 "76";
77 46 1 3,5,7,8,11,12,18,19,20,25,31,35,37,44,46,47,50,53,58,60,62,67,69,71,77,79,81,84,87,89 "77";
78 44 1 10,15,19,22,26,31,34,37,46,50,65,66,68,82,91 "78";
79 98 0 0,2,5,7,11,13,14,20,22,23,25,27,30,36,40,41,45,47,49,50,53,56,58,60,62,64,65,66,68,70,73,75,78,84,88,91,93,94,96,97,99 "79";
80 2 0 1,5,9,11,13,15,20,22,27,32,38,41,58,62,70,77,91 "80";
81 95 1 0,1,4,6,9,10,12,13,16,19,20,24,25,28,30,31,33,34,36,38,39,42,46,47,49,51,52,54,56,57,61,62,67,68,70,72,76,78,83,86,89,91,92,97,99 "81";
82 2 1 2,5,7,9,11,16,20,23,25,26,27,29,33,34,42,46,50,55,57,58,60,63,67,68,76,78,80,83,85,88,93,94,99 "82";
83 28 1 1,8,13,17,21,31,32,35,37,39,42,43,45,50,58,64,67,69,76,87,91,94,99 "83";
84 31 0 16,27,34,42,44,46,64,65,76 "84";
85 60 1 2,5,8,12,13,15,18,20,22,27,32,33,35,39,41,44,47,50,57,59,61,62,64,69,71,72,75,86,88,89,91,97,99 "85";
86 22 1 0,5,9,13,19,20,30,33,51,57,61,72,75,78,80,81,85,86,94,96 "86";
87 56 1 0,2,4,6,9,11,14,16,17,19,20,22,23,25,28,29,31,32,41,43,45,46,49,54,57,59,61,64,65,67,69,71,73,74,76,77,80,81,84,86,91,92,93,95,98 "87";
88 9 1 20,27,28,34,42,56,58,72,74 "88";
89 17 0 4,26,42,61,68,70,75,91 "89";
90 24 0 56,79,91 "90";
91 52 1 1,4,6,8,11,24,25,28,30,32,37,40,43,47,50,59,66,74,78,80,90,93 "91";
92 70 1 4,6,9,15,17,19,28,36,39,42,44,53,54,58,61,63,66,68,71,74,77,89,95,96 "92";
93 80 1 5,12,34,41,43,52,61,70,72,77,81,83 "93";
94 99 0 0,16,32,49,58,69,71,77,82,90 "94";
95 85 0 3,10,13,14,15,17,19,21,23,29,30,34,36,43,46,47,53,54,57,69,74,77,81,83,84,90,96,97,99 "95";
96 61 1 3,5,7,10,12,16,18,22,23,25,30,32,36,39,43,45,47,48,50,51,54,55,56,61,64,67,70,74,78,82,88,93,95,96,97,99 "96";
97 74 1 6,14,16,22,31,35,39,43,58,66,68,73,74,76,90,99 "97";
98 77 0 3,4,10,12,23,26,29,32,41,51,53,54,56,61,67,69,72,76,77,79,82,85,86,88,92,96 "98";
99 79 1 19,23,26,27,34,69,71,73,75,87,95,99 "99";
