parity 125;
0 44 1 16,24,29,31,40,44,47,48,52,72,74,82,88,93,95,98,99,101,104,109,111,114,125 "0";
1 38 0 0,1,5,7,9,17,18,22,34,35,37,43,46,49,58,66,69,75,79,84,86,87,88,90,91,96,99,100,106,112,116,117,119,120 "1";
2 55 1 6,17,18,21,23,28,33,36,37,46,48,50,51,55,71,72,78,80,84,94,98,99,102,106,111,124 "2";
3 78 1 1,3,6,9,12,14,17,21,23,27,29,34,36,38,40,44,46,47,50,52,54,55,57,59,60,65,66,68,70,72,73,74,77,81,83,84,88,90,92,94,96,97,100,104,107,109,112,115,117,119,120,122,123,124 "3";
4 6 1 2,6,11,12,15,17,24,30,32,37,38,40,42,48,49,55,57,60,65,71,73,74,76,78,89,93,97,100,110,114,115,117,124,125 "4";
5 118 1 3,4,6,8,11,12,16,18,22,23,24,26,27,28,30,32,36,38,41,42,45,54,58,62,66,71,76,83,96,98,101,108,110,112,113,115,119,121,123,125 "5";
6 57 1 2,3,8,10,12,22,23,27,32,39,40,46,48,55,62,65,67,69,71,81,86,87,90,95,97,98,103,110,117,119,122,123,125 "6";
7 69 1 0,3,5,6,8,11,16,17,18,20,24,25,26,28,29,35,38,44,45,48,51,63,64,65,68,70,73,76,77,86,88,95,105,109,111,115,118,121,123 "7";
8 103 0 1,3,6,8,10,18,45,57,58,61,67,72,75,79,81,82,90,99,107,111,117,121,124 "8";
9 53 1 0,2,3,5,7,8,9,10,12,14,16,17,19,21,23,24,25,30,39,41,42,43,44,47,48,51,52,56,58,60,62,64,67,70,71,72,74,78,79,81,83,87,89,92,95,96,98,102,104,105,106,108,110,111,112,114,118,120,121,123,125 "9";
10 47 0 5,15,22,29,32,41,46,54,64,78,81,93,95,97,98,113,115 "10";
11 105 1 12,20,22,25,27,29,35,37,42,45,47,48,57,60,61,63,72,81,83,85,90,94,96,99,104,112,118,123,125 "11";
12 52 1 0,4,7,8,11,14,17,19,23,24,25,33,36,37,39,40,41,42,45,47,49,51,53,55,58,60,61,64,66,73,75,77,79,84,85,86,87,89,90,91,96,98,100,102,106,111,114,120,121,125 "12";
13 34 1 1,5,10,13,22,24,35,40,44,51,58,64,75,79,83,91,94,111,115,117,121 "13";
14 56 1 0,4,15,21,22,25,36,42,44,47,54,58,60,65,67,69,70,72,75,79,83,85,86,89,92,93,106,109,112,114,117,119,122 "14";
15 54 0 0,2,3,7,10,11,15,18,20,24,27,35,41,43,46,47,52,53,55,56,58,62,66,69,70,71,73,77,79,80,81,83,85,86,88,91,93,97,99,102,106,108,110,112,114,118,119,122 "15";
16 15 0 1,4,7,9,11,12,16,19,23,27,28,29,31,34,35,36,37,39,42,43,44,47,49,58,60,61,63,65,67,69,72,74,77,79,83,87,90,92,94,95,100,106,109,110,111,113,116,117,120,121,125 "16";
17 51 0 7,15,29,49,60,97,119 "17";
18 80 0 7,10,12,14,16,18,22,27,34,35,39,40,42,44,47,50,52,59,65,68,73,79,82,85,87,92,96,101,106,111,116,119,120,123 "18";
19 91 1 0,4,7,9,10,12,14,15,17,18,20,22,23,29,30,32,34,40,42,43,44,47,48,50,57,60,63,64,69,71,73,77,79,83,84,85,87,90,91,92,94,97,99,102,104,106,108,111,116,122,123 "19";
20 83 1 1,3,5,7,8,25,45,52,53,54,61,66,71,74,78,82,85,92,108,119,123 "20";
21 121 1 3,8,12,13,15,17,19,21,25,27,33,40,43,45,49,52,56,59,62,63,64,65,72,87,92,93,96,101,103,107,113,115,124 "21";
22 126 0 4,8,21,29,33,43,51,52,56,58,76,88,90,113,124 "22";
23 90 0 1,4,8,12,17,27,32,51,59,65,67,71,72,76,80,95,99,105,111,115,116,121,123 "23";
24 36 1 0,1,9,11,13,14,18,20,22,23,32,35,39,42,45,55,65,67,82,85,88,90,103,106,110,115,120,124 "24";
25 15 0 4,6,20,21,34,36,40,45,56,65,73,93,99,104,105,108,121 "25";
26 72 1 1,11,15,19,21,24,29,35,41,42,43,51,59,68,69,75,76,81,89,90,92,94,99,102,107,110,118 "26";
27 5 1 3,5,6,9,12,14,15,17,19,26,27,29,30,33,35,36,42,43,45,49,50,57,61,62,66,69,74,76,78,80,84,86,88,91,93,97,100,102,105,108,110,114,117,120,121,122,124 "27";
28 58 0 0,1,2,5,6,8,13,14,15,18,21,26,30,32,34,35,37,42,44,45,48,51,53,54,56,62,66,71,72,73,75,79,83,85,86,88,91,94,95,97,99,103,104,106,112,113,117,118,119,123,125 "28";
29 97 1 0,3,5,7,8,11,12,14,18,21,22,28,29,33,35,36,37,39,42,44,46,47,49,52,53,55,56,58,60,65,72,73,81,82,84,86,88,90,92,95,96,100,102,104,107,108,112,114,119,122,123,125 "29";
30 92 1 0,1,2,5,10,12,14,15,22,23,24,28,34,35,36,41,42,47,49,55,56,58,60,62,63,64,66,69,73,75,77,82,83,84,86,92,95,97,99,102,103,107,109,112,115,117,119,121,123,124,125 "30";
31 62 1 3,10,12,20,22,24,27,28,31,34,37,39,54,63,67,75,81,84,88,90,92,97,101,104,106,111,115,118,123 "31";
32 40 0 57,60,67,71,73,79,111 "32";
33 56 1 0,18,32,51,60,74,86,103,104,122 "33";
34 18 1 2,6,8,13,14,16,18,25,27,29,31,34,36,37,41,50,52,55,59,64,65,67,76,91,95,97,104,106,110,118,121,124 "34";
35 51 1 8,92,116 "35";
36 26 0 0,1,9,11,12,13,16,18,19,21,23,26,27,30,35,37,39,41,46,49,53,59,61,66,68,70,76,78,85,87,94,95,102,103,106,108,109,112,115,117,118,120,125 "36";
37 96 1 18,77,80,89 "37";
38 114 0 0,2,3,6,7,8,13,14,16,17,18,22,24,27,31,34,35,37,38,39,42,47,48,50,52,54,57,61,63,65,67,70,75,78,81,83,87,88,92,94,95,97,99,100,105,106,107,110,111,114,116,117,119,121,123,125 "38";
39 66 1 3,15,25,26,28,29,32,33,35,42,54,57,58,63,67,72,74,79,81,83,95,102,104,109,119 "39";
40 58 1 0,8,11,18,22,24,26,29,31,33,36,38,39,43,45,46,49,50,54,58,59,63,67,72,73,77,78,82,83,87,89,93,96,98,101,106,115,116,122,125 "40";
41 74 0 3,7,9,11,20,22,29,34,35,36,37,48,50,52,57,59,61,63,67,70,76,77,83,88,89,97,98,101,107,110,114,118,122,124,125 "41";
42 50 1 0,2,3,4,7,10,12,13,15,18,20,21,22,24,26,27,29,32,34,36,39,41,45,47,48,52,53,55,56,60,61,62,64,66,69,71,72,79,81,84,86,88,89,90,91,94,97,99,102,107,108,109,110,112,113,115,116,118,121,123,124,125 "42";
43 65 0 2,9,11,13,14,15,17,19,22,24,26,29,36,39,40,45,52,53,58,60,64,66,70,72,82,83,87,88,89,90,103,109,115,122,124 "43";
44 30 0 2,4,6,9,10,15,16,18,20,22,24,25,27,31,35,37,40,41,43,46,48,52,55,57,60,62,65,67,70,72,74,77,79,82,85,86,87,89,93,96,98,99,100,101,107,109,111,112,117,118,120,121,124 "44";
45 111 0 2,5,6,7,9,11,17,18,20,22,26,28,31,34,38,41,42,44,47,49,52,55,57,58,59,63,68,74,79,81,83,89,91,93,95,97,99,102,103,104,110,115,122,125 "45";
46 3 1 2,3,4,6,8,9,11,15,17,19,21,22,25,27,31,33,39,41,43,44,46,50,51,54,56,57,59,61,67,68,70,76,80,82,83,86,88,89,91,92,94,96,98,99,101,102,108,109,111,113,115,117,118,122,123 "46";
47 39 0 0,4,6,10,12,13,14,16,18,23,25,27,29,31,33,36,38,40,46,49,51,53,54,56,58,60,63,70,71,73,74,77,78,80,81,83,85,87,90,92,94,95,97,99,103,104,107,110,111,113,115,116,121,123,124 "47";
48 29 0 0,1,2,5,6,9,11,12,13,17,18,19,22,23,25,31,32,34,36,38,43,44,47,49,50,51,53,54,57,59,61,64,66,68,72,73,75,77,80,82,83,85,87,89,90,91,93,94,97,98,103,105,106,108,111,113,116,117,119,120,122,123,125 "48";
49 45 1 27,58,75,81 "49";
50 35 0 2,4,12,15,19,27,46,61,63,66,68,70,85,87,98,105,109,119 "50";
51 33 0 0,3,5,6,8,9,13,16,17,20,21,23,25,28,32,33,37,38,45,47,48,51,55,56,57,61,64,67,68,70,71,74,80,83,85,87,89,91,92,94,96,97,100,103,104,106,108,110,112,113,115,117,119,121,123,124 "51";
52 41 1 2,5,6,9,11,13,15,20,22,25,26,27,32,35,40,43,49,52,59,60,63,64,68,70,73,74,75,77,79,82,84,87,90,96,99,101,103,107,111,113,114,115,119,124 "52";
53 102 0 0,5,6,15,16,18,22,25,31,36,40,42,43,45,51,53,58,62,72,76,78,80,82,83,85,89,94,99,102,104,105,108,111,116,118 "53";
54 13 0 5,8,12,18,22,26,28,29,31,41,43,46,48,49,50,55,60,62,64,65,67,70,76,81,86,90,95,97,102,106,108,109,111,118,120,123,125 "54";
55 26 1 26,42,45,56,60,61,102,108 "55";
56 87 0 1,4,8,10,16,20,24,39,45,56,60,61,67,91,94,96,101,104,107,109,111,117,122 "56";
57 77 0 3,5,6,7,11,12,14,16,19,23,24,26,28,30,31,32,36,40,42,45,48,49,51,52,54,56,58,59,64,66,68,71,73,74,75,77,78,79,81,86,87,89,90,92,95,97,99,101,102,104,105,108,110,111,113,116,117,119,122,123,125 "57";
58 82 0 2,10,25,63,76,82,100 "58";
59 14 1 2,5,6,21,25,40,43,73,75,82,95,99,100,115 "59";
60 4 1 3,7,8,9,13,20,22,32,39,42,49,51,56,58,63,68,78,79,86,89,93,105,106,118,120,124 "60";
61 121 1 17,90,95 "61";
62 59 1 9,11,12,17,20,23,34,37,42,46,49,53,55,62,64,66,70,72,74,75,78,80,81,83,89,90,93,96,99,102,105,108,109,111,112,115,119,121,124 "62";
63 67 1 19,28,32,39,41,45,60,68,69,70,83,87,93,98,100,104,106,109,114,115,120,124 "63";
64 21 1 0,3,9,13,22,29,30,34,39,50,51,61,63,74,88,91,102,103,106,108,117 "64";
65 39 1 6,9,12,14,22,26,27,30,32,35,37,40,42,48,50,52,55,56,66,70,73,79,81,84,90,95,98,99,102,105,107,108,110,113,115,117,119,121,122 "65";
66 110 1 3,4,12,22,24,31,34,36,58,63,65,67,68,77,105,114,115,124 "66";
67 86 0 35,68 "67";
68 1 0 3,4,7,12,14,16,20,22,28,33,38,46,51,60,68,71,74,75,78,83,86,92,96,97,102,103,107,112,116,125 "68";
69 108 1 0,1,3,5,8,11,12,14,15,17,19,20,21,26,29,34,36,38,40,41,43,46,48,52,53,56,57,59,63,64,66,67,69,73,74,77,78,79,82,84,85,86,91,92,95,98,101,103,106,107,110,112,119,120,123,124,125 "69";
70 32 1 14,50,53,66,94 "70";
71 6 1 4,26,30,36,50,82,87,124 "71";
72 28 1 0,2,6,7,9,12,14,16,18,19,20,22,23,24,26,28,30,31,34,37,38,40,42,44,46,47,50,53,55,56,58,59,61,63,64,67,69,71,72,74,76,78,79,80,84,86,87,90,95,100,103,104,109,110,112,116,118,120,121,123,125 "72";
73 76 1 6,15,37,54,65,68,72,77,81,86,91,96,97,112,117,120 "73";
74 61 1 1,2,4,7,8,9,12,17,19,21,22,25,29,32,33,35,37,38,40,41,44,50,53,55,56,58,61,66,68,70,72,73,75,77,81,84,86,87,89,90,92,93,96,98,102,104,107,111,115,118,120,122,125 "74";
75 42 0 6,12,15,19,21,24,25,27,31,33,35,43,45,46,47,51,54,56,60,61,63,66,69,70,79,82,84,85,89,92,93,97,99,101,103,106,109,111,113,114,117,118,120,122,124 "75";
76 40 1 0,4,7,13,17,23,26,33,39,42,49,53,55,58,62,74,78,83,86,90,91,94,95,99,104,113,115,118,120,122 "76";
77 70 0 2,12,13,16,20,22,23,26,27,31,35,37,38,41,44,45,48,50,53,56,58,59,60,64,66,71,74,75,77,78,81,84,85,86,88,93,98,100,101,103,106,107,109,114,116,118,119,121,124 "77";
78 51 0 6,12,13,15,16,23,25,30,34,35,39,43,44,46,47,55,60,61,63,65,66,68,72,74,76,82,88,91,93,96,98,100,102,106,109,110,113,115,116,123,124 "78";
79 56 0 0,1,3,6,8,10,12,14,18,21,24,25,26,28,31,32,33,35,38,40,44,47,49,53,56,60,62,65,67,69,72,76,78,82,83,84,86,88,89,94,96,97,99,101,105,109,110,111,114,116,117,120,122,123,125 "79";
80 3 1 2,21,27,39,42,45,46,54,60,63,83,110,115,122,125 "80";
81 105 0 2,5,14,17,19,21,23,25,28,31,43,45,47,48,54,58,63,65,68,83,86,90,95,99,106,110,111,115,120,125 "81";
82 36 1 6,17,24,26,28,35,50,52,55,61,63,69,73,76,79,89,93,95,102,106,108,110,118,123 "82";
83 51 0 0,3,4,6,7,10,16,18,21,23,25,27,30,32,33,36,39,42,45,47,49,50,52,53,56,57,58,61,66,67,69,70,71,73,76,79,81,83,85,87,91,92,94,95,98,101,102,103,105,111,113,116,117,119,121,123,125 "83";
84 111 1 5,13,17,20,21,29,31,33,35,41,45,46,47,50,53,54,58,63,66,70,74,79,83,89,91,100,102,105,106,109,111,116,121,125 "84";
85 32 1 4,7,10,13,15,16,19,21,23,26,29,35,37,39,43,46,50,58,61,66,68,76,78,84,85,86,88,90,91,93,96,101,103,106,112,115,117,120,123,124 "85";
86 48 1 0,2,3,4,7,10,11,12,14,16,18,21,23,25,29,31,34,35,37,38,40,43,46,48,50,54,55,57,59,62,64,67,69,71,72,75,77,85,86,92,93,95,97,98,100,102,105,107,111,112,116,119,120,122,125 "86";
87 34 0 3,11,17,18,22,24,34,49,51,53,60,63,66,67,89,92,94,96,97,101,105,118 "87";
88 24 1 1,3,5,6,8,9,12,13,15,17,18,22,24,26,29,30,31,33,35,36,37,39,40,43,45,46,47,49,51,54,56,58,61,62,65,67,68,70,72,73,74,76,78,79,80,82,89,90,95,97,98,100,104,110,112,114,115,119,120,124 "88";
89 14 1 3,6,8,10,14,15,17,20,23,29,34,37,39,43,45,47,49,51,59,61,62,73,75,77,80,83,84,87,89,94,97,99,101,102,106,113,114,116,118,119,121,123,124 "89";
90 56 0 0,1,2,8,10,13,15,16,19,23,26,28,29,31,32,34,35,41,42,45,47,49,50,52,53,56,58,59,65,74,75,78,80,87,91,92,94,95,96,99,100,105,106,110,111,112,117,123,124,125 "90";
91 67 0 0,8,11,19,20,26,28,35,37,39,41,43,45,48,49,58,60,64,65,67,71,73,77,78,83,84,94,97,106,110,118,119 "91";
92 49 0 2,4,7,21,30,46,50,58,62,108,112,123 "92";
93 66 1 9,19,33,82,84,109,118 "93";
94 75 0 6,8,22,31,39,43,45,62,78,99,111,115,123 "94";
95 23 0 0,4,5,6,9,11,13,14,18,20,21,22,23,24,28,29,31,32,34,36,40,42,47,48,50,52,54,56,57,60,63,64,66,68,71,72,73,75,76,80,82,85,86,87,90,92,93,95,96,100,101,103,106,107,109,112,113,116,117,119,121,123,125 "95";
96 66 1 1,2,7,8,13,15,21,26,29,35,38,40,43,44,47,50,53,57,60,61,63,64,68,69,71,75,77,79,80,83,85,87,90,92,95,97,99,101,102,103,105,108,109,111,112,114,116,118,120,124 "96";
97 36 0 7,11,13,15,20,21,23,30,36,42,44,47,60,67,69,70,74,81,91,94,95,96,100,110,113,124 "97";
98 114 1 15,16,29,31,56,66,73,80,83,89,96,108,113,121 "98";
99 115 1 0,5,13,21,32,34,38,73,91,93 "99";
100 90 0 3,7,11,13,18,24,28,30,41,44,46,51,57,61,67,71,76,78,80,82,88,90,91,94,96,98,102,104,106,109,118,121,124 "100";
101 123 0 1,3,6,8,11,14,17,18,19,21,28,30,35,36,39,41,46,47,49,51,55,59,60,62,66,67,72,75,76,78,80,84,86,89,93,105,109,116,120,124 "101";
102 37 1 3,4,6,8,11,12,13,15,18,20,21,27,29,30,35,38,40,44,45,46,52,53,56,58,62,64,66,69,73,74,78,80,82,86,90,91,93,94,104,106,108,112,118,120,122,125 "102";
103 27 1 2,7,9,19,24,33,35,45,49,50,52,57,60,70,75,80,82,85,90,99,104,109,113,115,121 "103";
104 56 1 0,1,3,11,14,16,24,30,34,35,40,46,53,55,56,57,60,62,63,67,73,75,78,80,84,88,95,101,104,109,118,120 "104";
105 88 0 1,3,6,8,10,12,13,15,19,20,23,25,31,33,35,41,43,47,52,53,54,57,58,59,62,64,66,71,74,76,85,89,91,95,96,103,104,105,107,110,113,119,122,124,125 "105";
106 95 0 6,9,15,18,19,21,23,25,28,29,31,32,36,40,42,43,45,47,50,53,56,58,59,61,63,67,68,69,70,74,77,79,81,84,85,90,92,93,95,96,98,99,100,105,107,110,111,113,114,116,118,120,125 "106";
107 108 1 2,5,11,14,21,25,37,39,42,53,55,66,72,74,76,78,79,80,89,92,98,100,104,107 "107";
108 3 0 2,11,20,24,28,30,44,46,57,59,65,67,69,73,75,83,85,91,95,103,114 "108";
109 107 1 100,111,117,125 "109";
110 88 0 0,2,10,11,12,16,18,23,24,26,28,34,37,38,41,45,48,49,52,54,56,57,60,63,64,67,69,71,78,82,83,85,86,87,89,91,92,94,98,101,103,106,108,110,112,114,116,117,119,121,124,125 "110";
111 51 1 0,5,12,18,20,30,31,38,44,46,48,52,55,58,59,63,64,66,69,71,75,77,79,82,83,84,85,87,90,93,94,98,100,101,103,106,109,111,113,114,116,121,122,123,125 "111";
112 124 0 1,4,11,22,32,47,58,79,80,83,91,93,96,97,100,104,120 "112";
113 104 0 1,5,8,11,13,16,18,20,22,23,25,28,31,33,35,36,38,39,41,43,45,50,51,52,53,55,58,59,61,64,65,66,70,71,73,75,78,79,82,83,84,91,93,95,96,98,99,100,102,104,106,107,108,111,113,115,117,119,121,123 "113";
114 75 0 13,23,28,36,50,52,56,59,60,75,83,87,98,123 "114";
115 124 1 0,2,8,11,13,23,24,32,44,48,54,55,56,64,80,89,90,99,105,106,108 "115";
116 81 0 5,20,22,26,35,45,85,88,92,99,115 "116";
117 110 0 8,19,32,34,44,47,49,56,66,72,78,88,102,106,110,112,114,117,121,123 "117";
118 8 1 3,5,7,13,14,15,21,27,30,33,38,46,65,67,72,81,83,87,90,107,122 "118";
119 78 1 0,2,5,9,12,13,15,17,19,20,22,23,25,27,28,30,36,37,38,39,41,42,44,45,47,49,50,52,53,55,57,58,60,62,66,68,74,79,81,82,84,86,88,90,93,94,97,100,102,104,106,107,109,110,115,118,121,125 "119";
120 23 1 0,1,3,6,7,9,10,12,16,18,21,22,23,26,28,29,33,34,37,41,43,44,46,49,51,55,57,59,61,62,63,65,67,68,70,71,75,77,79,80,81,83,84,85,89,90,93,94,96,97,99,102,104,105,107,109,110,111,114,117,118,120,123 "120";
121 42 1 2,5,9,13,22,26,27,38,39,46,47,49,50,52,53,56,67,68,74,76,81,84,89,90,97,100,102,111,118,119 "121";
122 5 0 0,2,9,12,13,18,21,24,27,37,40,44,45,49,53,61,63,68,74,75,77,89,90,101,103,106,111,112,119,124 "122";
123 11 1 12,14,29,38,79,80,84 "123";
124 31 1 7,14,17,29,37,39,43,45,46,49,53,62,67,79,93,103,106,108,112,123,125 "124";
125 23 0 0,3,4,8,11,18,21,25,30,31,34,36,39,40,47,50,55,57,62,64,66,68,76,77,84,88,92,96,100,107,114,119,125 "125";
