parity 40;
0 21 1 37 "0";
1 21 0 4,10,13,16,19,26,40 "1";
2 36 1 11,18,21,23,33,34,36,38 "2";
3 21 1 0,1,3,5,8,9,10,12,14,16,19,20,21,23,24,26,29,33,34,38 "3";
4 37 0 0,2,3,6,7,8,10,12,15,16,17,20,25,27,28,30,33,34,40 "4";
5 33 0 0,2,5,8,9,11,13,16,20,23,26,28,29,30,32,36,39 "5";
6 29 1 7,11,17,19,21,22,26,34,38 "6";
7 38 0 0,3,6,12,16,18,19,25,28,30,32 "7";
8 13 0 8 "8";
9 0 1 11,15 "9";
10 16 1 2,8,9,10,12,14,16,18,20,25,26,28,30,34,35 "10";
11 28 0 11 "11";
12 24 1 0,5,24,26,30,31 "12";
13 37 1 6,8,15,18,19,21,23,25,28,31,33,38,40 "13";
14 35 0 3,12,17,27,35 "14";
15 22 0 3,5,7,9,11,14,16,19,21,24,25,27,28,31,33,35,37,39,40 "15";
16 4 1 0,11,14,15,21,31,35,38,40 "16";
17 28 1 0,1,17,21,30 "17";
18 3 1 1,6,7,11,16,18,24,26,29,32,37 "18";
19 3 0 1,3,5,8,10,11,13,15,20,22,23,25,28,30,32,34,36,39 "19";
20 20 1 0,1,3,5,7,9,12,15,17,19,20,22,25,27,29,31,33,34,36,38,40 "20";
21 22 1 1,3,7,8,10,12,15,16,17,21,23,26,27,30,33,37,39,40 "21";
22 27 1 0,1,12,15,17,19,22,24,26,31,34,37,40 "22";
23 23 1 1,3,7,11,12,14,15,20,22,26,28,31,33,35,37,39 "23";
24 7 0 0,2,4,6,9,11,13,14,16,17,20,23,25,29,30,32,33,36,39 "24";
25 37 1 2,5,7,8,10,14,18,23,26,28,31,36,39,40 "25";
26 9 0 0,1,5,6,7,9,10,11,14,20,21,24,26,29,30,35,39 "26";
27 17 0 1,5,8,17,21,24,28,31,35,36,40 "27";
28 13 0 0,3,6,8,9,25,29,33 "28";
29 14 1 0,2,3,4,9,12,15,18,19,21,24,26,30,32,35,38,40 "29";
30 40 0 7,11,16,18,20,23,25,30,37,39,40 "30";
31 23 0 0,1,7,10,11,15,19,20,22,23,24,26,29,30,33,34,36,38,40 "31";
32 11 0 1,20,22,29,34,40 "32";
33 13 0 0,2,3,5,7,9,10,15,17,20,21,22,28,30,31,33,34,36,39 "33";
34 9 0 0,2,5,6,8,9,11,14,15,17,19,25,27,29,32,40 "34";
35 34 1 0,2,3,4,6,8,11,12,15,16,19,22,24,25,27,30,35,37,38 "35";
36 36 0 2,5,10,12,18,24,25,26,27,34,38,40 "36";
37 33 0 0,4,5,8,13,16,17,18,22,29 "37";
38 18 1 2 "38";
39 17 0 0,2,3,7,15,17,19,23,32,34,40 "39";
40 33 1 0,2,4,5,10,15,28,33,34 "40";
