parity 68;
0 37 0 2,19,23,27,29,36,43,46,56,59 "0";
1 43 1 0,1,4,6,7,9,10,13,15,23,25,26,29,31,33,34,36,37,39,40,44,49,50,52,54,57,58,59,61,62,64,66,68 "1";
2 51 0 7,9,21,25,28,35,47,49,52,57,64,66,68 "2";
3 59 0 0,16,28 "3";
4 10 1 1,4,12,13,16,22,50,62 "4";
5 37 1 32,34,42,44,47,50,52,58,66,68 "5";
6 63 0 0,14,39,48 "6";
7 22 0 0,3,5,8,11,16,19,23,26,27,31,33,40,43,46,48,49,55,57,58,61,64,67 "7";
8 27 1 2,5,6,8,11,18,22,28,31,34,39,43,53,63,68 "8";
9 64 1 1,3,5,6,9,11,14,15,17,20,22,23,25,26,28,30,32,35,37,41,43,45,47,48,51,53,54,56,58,61,65,66,67 "9";
10 33 0 24,36,38,44,51,58 "10";
11 24 0 7,19,21,25,44,53,55,60 "11";
12 13 0 1,2,3,5,8,10,13,17,18,19,21,26,29,32,39,41,42,46,52,55,61,66 "12";
13 67 1 1,5,10,12,14,15,17,20,22,24,25,28,41,46,47,50,51,52,59,62,66 "13";
14 53 0 0,2,3,4,6,9,10,12,13,16,18,20,23,24,27,29,31,34,35,36,38,40,41,43,44,46,49,50,56,57,59,61,63,65,66 "14";
15 29 1 1,6,7,11,15,16,19,23,32,33,40,41,48,56,63 "15";
16 37 1 12,15,24,27,28,30,34,35,45,61 "16";
17 3 0 10,18,23,33,35,46,60 "17";
18 5 0 0,2,3,4,9,11,12,15,17,20,21,22,24,26,29,32,33,35,37,38,41,43,44,45,46,51,53,54,56,60,62,66,67 "18";
19 41 0 2,21 "19";
20 41 1 6,8,11,12,14,16,30,44,55,65 "20";
21 19 0 8,20,22,23,24,27,28,33,38,43,45,46,49,66 "21";
22 28 1 1,5,14,18,26,27,28,29,33,37,38,40,56,66,67 "22";
23 33 0 0,2,8,10,14,15,16,18,19,21,22,25,27,28,30,32,34,35,41,42,46,49,54,57,59,63,66,68 "23";
24 63 0 4,9,30,54,64,68 "24";
25 57 1 0,10,37,54,56,66 "25";
26 10 0 0,2,4,5,7,9,14,15,17,20,23,25,26,33,34,36,41,47,48,51,52,55,57,65,68 "26";
27 12 1 2,4,8,10,13,15,20,21,28,30,33,34,36,38,39,42,43,50,55,57,59,60,62,64,66,67 "27";
28 34 1 2,4,8,9,12,15,21,32,35,41,45,51,55,62 "28";
29 43 0 1,3,5,12,15,39,50,56,60,62,68 "29";
30 27 1 2,3,6,10,13,15,17,18,24,27,34,35,41,43,46,55,57,60,62,65,67 "30";
31 32 0 2,11,23 "31";
32 26 0 0,2,3,6,8,10,11,13,14,19,21,22,26,30,31,32,34,38,41,44,52,54,55,60,61,65,68 "32";
33 64 0 3,4,5,7,10,12,14,17,20,22,23,25,26,27,28,30,31,33,35,36,38,40,43,45,49,51,52,54,56,57,58,61,63,67,68 "33";
34 21 1 0,3,5,6,9,13,16,17,18,20,23,25,28,29,32,33,35,38,39,41,42,48,52,54,56,58,61,63,64,66 "34";
35 0 1 0,10,13,16,19,20,48,55,61,64,66 "35";
36 18 0 1,3,4,6,9,11,12,14,15,17,20,21,23,28,32,33,34,36,42,44,45,46,47,49,50,52,53,57,58,62,64,67 "36";
37 61 0 2,3,8,25,28,32,42,52,55,57 "37";
38 12 1 27,31,33,36,38,48,50,58,59,64,65 "38";
39 51 0 2,3,12,17,18,29,32,38,40,44,46,47,52,54,55,57,60,63,66,68 "39";
40 63 1 2,5,7,12,16,18,21,23,27,28,31,32,37,41,43,47,50,53,58,63,64 "40";
41 27 1 1,5,11,19,20,21,26,27,29,34,37,42,50,53,54,58,61,62,66 "41";
42 67 1 36,46,50 "42";
43 24 1 1,20,24,26,32,35,38,40,44,49,58,59,64 "43";
44 22 1 14,17,28,36,37,43,57,61 "44";
45 31 0 3,5,6,7,11,12,14,18,21,25,27,29,31,33,35,36,39,41,43,44,45,47,48,50,52,54,56,59,60,62,63,65,68 "45";
46 13 0 0,2,3,6,7,9,11,13,16,17,19,21,23,24,26,28,29,33,34,37,39,41,46,47,49,51,53,55,58,61,62,65,67 "46";
47 39 0 1,2,9,23,26,27,31,40,46,52,56 "47";
48 9 0 0,2,11,16,18,19,22,25,27,29,31,32,33,35,38,39,42,46,48,50,51,52,54,55,59,61,64,66,67,68 "48";
49 34 1 0,2,4,5,9,11,15,19,22,24,25,27,30,32,34,37,38,40,42,43,45,46,49,51,53,54,57,58,61,63,65,68 "49";
50 12 0 17,23,47,68 "50";
51 36 1 2,3,7,10,14,16,19,23,25,27,29,32,33,35,38,43,45,49,52,54,58,60,61,67 "51";
52 25 0 61,67 "52";
53 13 0 1,5,8,10,14,17,25,28,30,33,42,43,44,45,47,49,51,52,58,59,61 "53";
54 24 1 25,34,42,65 "54";
55 49 0 2,4,6,8,10,14,20,25,32,35,37,39,45,48,53,56,58,64 "55";
56 64 0 2,3,4,6,9,10,12,14,15,20,22,23,25,26,28,30,32,36,38,41,42,43,45,48,50,51,54,58,59,62,63,64,66,67,68 "56";
57 41 0 5,33,42,49 "57";
58 54 1 1,3,4,5,7,8,11,13,16,19,21,22,23,27,30,37,38,40,42,44,45,46,48,49,51,52,53,55,56,59,65,68 "58";
59 33 1 0,2,3,4,5,7,10,12,13,16,18,20,22,23,28,31,33,37,38,42,44,45,50,54,57,59,61,62,64,65,68 "59";
60 4 1 16,20,23,26,30,36,40,46,50,51,52,58,67 "60";
61 46 0 2,6,8,11,17,20,22,24,28,30,37,38,44,45,50,55,57,58,62,63,64,68 "61";
62 30 0 33,51,53,57,66 "62";
63 65 0 0,3,11,13,15,16,20,23,25,28,31,33,36,40,49,51,53,62,64,68 "63";
64 60 0 7,8,14,16,17,20,22,23,25,29,32,33,37,40,42,43,45,47,57,59,61,63,64,67,68 "64";
65 66 1 0,2,4,10,16,22,23,25,28,35,41,46,59 "65";
66 29 0 8,11,13,14,17,19,20,24,25,26,28,31,36,37,42,45,49,50,53,54,58,64,65,66 "66";
67 47 1 9,12,17,24,30,34,36,48,50,55,61,63,64,67,68 "67";
68 60 1 2,3,4,6,13,15,16,17,19,21,23,24,25,32,37,39,43,50,52,55,56,58,62,63,64,65,66 "68";
