parity 190;
0 107 0 2,7,8,9,11,14,16,17,19,20,22,24,26,28,30,35,37,40,44,46,48,49,52,55,57,60,61,62,65,66,68,71,72,74,75,77,78,79,80,82,84,87,88,90,91,93,95,98,100,103,104,106,107,109,112,113,114,116,117,119,121,122,126,128,130,134,135,138,139,141,144,147,148,149,153,158,163,165,169,170,172,173,175,179,181,185,189,190 "0";
1 120 0 35,51,66,88,116,145,153,167,185 "1";
2 11 0 0,1,3,4,8,10,15,16,18,21,24,26,29,34,36,40,42,51,59,60,62,65,68,70,73,74,80,84,91,95,97,98,101,103,106,109,113,116,121,124,128,129,131,134,137,141,143,151,153,156,167,177,178,181,182,184,186 "2";
3 53 0 0,1,2,4,6,7,8,11,15,18,19,24,28,29,31,33,34,38,42,47,48,51,52,54,55,56,58,60,63,64,68,70,74,75,77,79,81,84,86,87,88,90,93,94,96,97,99,101,103,105,109,110,113,115,116,118,119,122,123,125,126,130,131,132,133,134,135,137,138,140,143,146,149,152,155,156,158,160,162,164,165,166,168,169,171,176,178,181,184,186,188,190 "3";
4 27 0 0,1,7,9,11,14,17,22,24,29,31,32,36,40,41,44,45,52,56,57,62,66,67,68,71,72,74,76,80,81,86,90,95,99,104,109,113,115,121,124,126,128,130,131,132,134,138,142,148,149,150,152,153,156,157,159,165,168,170,171,173,176,177,180,181,189 "4";
5 182 0 49,76,138 "5";
6 127 1 1,4,6,10,14,18,25,33,35,42,51,60,62,69,71,76,89,91,96,97,101,102,106,108,112,119,124,127,128,130,135,136,138,144,149,156,159,161,162,168,171,174,178,184,185,190 "6";
7 97 0 3,5,7,9,12,15,25,30,40,50,51,54,62,71,73,78,85,86,94,96,108,133,139,140,142,145,146,151,154,158,162,175,179,180,185,187 "7";
8 119 0 6,8,12,13,15,16,18,23,25,27,38,42,45,48,49,51,57,63,66,67,74,83,87,90,91,94,102,107,114,117,121,123,124,126,131,134,136,138,142,147,151,155,157,163,168,171,174,177,182,188 "8";
9 128 1 4,7,9,16,26,27,28,31,41,52,55,62,63,68,83,92,105,107,111,135,141,144,148,177,179,181,187,190 "9";
10 28 0 5,11,17,19,22,25,26,28,34,38,44,45,46,47,51,52,58,60,63,64,66,69,71,75,77,80,82,92,93,95,96,104,105,107,113,116,119,128,130,132,134,136,145,149,152,158,159,165,168,171,172,178,187 "10";
11 141 0 6,20,28,38,42,65,80,83,86,89,100,101,107,113,118,130,158,161,181,182,189 "11";
12 78 1 3,31,65,71,86,102,118,121,139,150 "12";
13 105 0 41,143 "13";
14 8 1 0,2,5,7,8,10,13,14,15,18,20,21,23,24,27,29,32,34,35,37,41,42,44,45,46,48,52,55,56,60,61,62,64,65,66,68,74,75,76,77,79,83,85,87,88,92,93,95,96,97,98,100,102,103,106,107,109,111,113,117,120,122,123,127,128,132,133,135,137,139,142,143,144,149,150,152,153,157,158,159,162,163,164,166,167,172,174,175,178,179,180,182,183,186,188,190 "14";
15 84 0 2,3,8,9,16,24,33,34,42,46,48,52,55,59,60,62,63,67,68,76,77,81,94,98,107,113,115,119,124,130,142,154,158,179,187 "15";
16 13 1 0,4,5,7,9,11,12,16,18,22,25,29,33,35,37,41,43,45,46,47,49,50,53,55,56,59,60,62,63,65,66,67,68,72,73,75,78,81,82,84,86,89,91,92,94,96,98,100,103,104,106,107,108,109,112,114,115,117,118,119,120,122,124,126,127,130,132,134,135,136,138,139,141,143,149,150,151,152,154,156,157,159,161,162,165,167,168,172,173,176,180,183,186,187,189,190 "16";
17 3 1 0,3,4,6,8,11,13,17,18,20,22,39,42,45,63,65,66,69,75,83,84,87,88,97,100,101,109,110,116,125,127,128,129,132,135,144,150,152,156,157,160,165,169,170,177,178,181,183,186,189,190 "17";
18 70 1 1,6,8,9,10,12,37,42,58,59,61,68,73,80,83,85,89,97,104,120,124,134,142,151,154,156,161,166,169,172,178,180,189 "18";
19 49 1 1,3,4,6,8,10,12,13,14,15,21,24,26,28,30,31,33,36,38,39,41,44,46,49,52,53,55,60,63,67,69,70,72,74,75,78,80,81,82,83,88,90,99,103,105,106,108,116,117,120,122,123,124,125,127,129,132,134,136,137,139,143,145,146,151,152,155,156,159,164,167,168,170,177,181,183,184,185,187,189 "19";
20 114 0 0,20,34,42,44,54,56,72,77,83,98,108,110,124,178,180 "20";
21 139 0 4,7,9,16,23,25,30,41,42,43,53,60,66,69,71,75,87,90,102,104,107,108,111,113,114,116,123,124,133,135,138,140,141,144,146,147,156,157,163,164,174,176,182,187,188 "21";
22 95 1 0,15,21,22,45,56,62,70,82,100,114,117,127,137,147,174 "22";
23 51 1 1,2,3,9,10,12,13,15,18,29,31,32,35,40,41,43,45,49,53,55,56,57,64,71,72,76,78,81,85,86,88,91,93,96,98,103,105,109,117,119,122,131,133,135,138,139,142,143,145,146,150,155,157,161,162,163,167,170,173,177,180,181,184,187,188,190 "23";
24 147 1 0,2,4,6,8,9,10,11,12,13,16,19,20,23,26,28,30,32,33,36,38,39,41,42,43,45,47,49,50,53,55,56,59,60,63,66,69,70,73,75,77,78,81,83,85,86,87,88,91,92,94,96,97,100,101,103,104,106,108,109,111,112,115,118,119,121,123,124,125,127,128,130,134,136,137,140,142,151,153,154,156,158,159,162,165,168,170,173,176,179,181,186,187,189,190 "24";
25 85 0 1,11,18,23,31,36,101,108,145,164 "25";
26 172 1 1,2,3,6,9,10,12,13,15,16,18,21,23,25,27,28,31,35,36,37,39,40,42,43,45,46,50,51,55,56,57,62,63,66,69,71,72,78,79,80,82,83,86,88,89,92,94,96,98,100,102,107,109,110,112,114,115,116,118,119,121,123,125,126,128,130,132,133,136,141,142,144,146,147,148,154,155,156,159,160,163,165,168,170,171,172,173,174,176,178,180,181,182,186,188,190 "26";
27 161 0 0,1,8,14,21,26,30,49,57,59,62,63,76,78,90,93,104,112,113,128,134,135,149,161,175,180,190 "27";
28 92 1 0,3,8,11,15,22,28,34,39,40,46,49,50,55,58,62,64,72,75,83,85,93,95,98,105,107,113,117,120,123,125,128,129,131,132,135,137,143,145,156,163,169,176,177,186,190 "28";
29 90 0 4,6,10,11,12,13,16,17,18,21,22,26,30,33,35,37,43,45,47,49,51,55,56,59,61,62,63,69,70,73,75,77,80,82,86,88,92,93,98,99,101,104,107,111,116,117,120,123,125,128,129,136,141,148,149,150,152,153,155,158,159,161,162,170,186,190 "29";
30 84 1 2,10,15,27,31,33,34,48,67,71,87,94,96,110,118,124,146,148,151,162,164,172,181 "30";
31 181 0 0,3,5,7,9,16,28,31,32,34,35,37,43,46,48,51,56,60,62,66,73,75,81,82,86,88,89,92,95,97,99,100,103,106,107,108,119,123,128,138,142,145,151,154,158,161,166,168,175,177,183,188 "31";
32 184 1 3,8,9,12,21,26,32,35,56,60,61,73,85,86,88,93,95,97,98,101,114,123,133,135,136,140,142,143,155,159,190 "32";
33 127 1 1,4,6,8,15,16,23,26,29,36,38,39,43,45,49,55,58,61,63,65,67,71,74,76,80,84,85,90,92,93,98,99,103,105,106,113,114,116,117,119,121,123,127,130,133,134,139,141,142,148,153,154,156,157,158,162,164,165,168,172,173,176,177,181,186,189,190 "33";
34 112 0 3,4,8,11,21,24,29,32,36,40,47,48,54,57,60,62,67,68,69,75,79,81,82,90,91,93,96,98,100,101,103,107,108,111,121,123,127,133,136,140,143,144,145,148,150,154,156,157,160,162,164,166,170,174,183,186,188 "34";
35 107 0 0,1,3,4,9,10,12,14,17,19,20,22,30,34,36,38,41,44,45,48,51,52,53,55,56,57,59,60,63,64,72,74,78,83,85,87,88,90,98,100,103,106,109,112,115,116,118,124,126,129,132,134,136,138,140,142,143,145,148,149,152,154,155,160,163,164,167,173,175,176,177,182,184,186,189,190 "35";
36 153 0 29,32,37,40,47,52,62,87,115,127,138,158,166 "36";
37 16 0 8,16,20,36,53,69,83,91,110,119,130,133,159,163,184 "37";
38 86 0 2,5,8,15,18,20,29,30,32,37,44,49,61,63,68,70,75,78,81,84,86,93,95,96,106,108,113,117,125,128,130,131,140,146,147,155,158,159,161,166,169 "38";
39 101 0 2,5,8,11,12,20,23,26,45,51,55,57,75,79,86,90,92,95,96,100,101,104,115,121,139,140,145,151,153,158,160,165,174,182,190 "39";
40 185 0 1,3,7,8,14,16,19,33,35,36,40,42,47,52,55,61,62,64,70,74,83,84,91,99,103,120,129,131,136,146,148,150,162,164,180,183,185 "40";
41 115 0 3,24,34,37,58,70,146,163,175 "41";
42 82 0 4,7,8,12,13,19,20,21,24,27,29,32,34,37,38,43,45,47,49,53,54,57,58,59,63,67,70,72,73,82,84,85,87,90,91,94,96,97,100,103,105,107,108,110,117,119,123,124,127,129,131,132,134,136,138,139,143,145,146,150,153,155,158,161,169,173,175,178,180,181,183,186,187,188 "42";
43 6 0 1,4,6,10,14,17,19,20,25,26,34,36,38,45,46,47,49,54,56,58,68,73,75,78,80,83,85,94,99,102,106,116,122,125,129,132,135,138,146,148,152,154,165,171,172,177,180,184,186 "43";
44 91 0 1,2,3,5,6,9,11,13,14,18,20,21,24,27,29,32,34,35,37,39,40,43,47,49,52,54,55,57,59,60,61,65,66,68,70,73,76,79,81,84,86,89,90,92,97,99,101,104,106,108,109,113,115,118,119,121,123,126,128,130,131,134,135,136,138,142,143,144,146,147,148,150,151,152,153,154,156,157,158,163,165,168,169,171,175,176,178,179,184,185,187,189 "44";
45 129 0 0,4,8,10,11,12,15,16,17,21,23,25,26,28,31,32,33,35,37,42,44,45,48,49,52,54,57,60,61,63,66,70,73,74,76,80,83,88,90,92,93,94,95,96,97,99,101,102,104,107,108,109,110,112,114,116,118,120,124,128,130,133,134,136,137,138,139,144,145,150,152,153,154,156,157,159,161,164,166,171,173,174,176,178,180,185,188 "45";
46 63 1 0,3,6,7,14,16,28,32,33,38,40,45,50,60,65,74,78,83,85,90,92,94,97,102,105,107,111,115,121,125,129,135,139,148,156,159,165,170,176,184,188 "46";
47 42 1 91,132 "47";
48 130 1 3,8,11,23,27,29,35,44,52,56,72,75,80,83,87,88,98,105,107,117,121,127,128,129,131,133,134,137,146,149,160,161,165,174,179 "48";
49 132 1 5,9,14,25,27,29,31,32,39,41,45,49,53,68,70,76,80,82,85,88,92,100,105,106,107,112,116,132,134,142,146,147,152,158,170,172,176,177,187 "49";
50 6 1 0,3,4,6,7,9,10,15,16,19,22,23,27,33,35,43,44,46,49,51,54,56,62,63,68,70,72,74,76,79,84,87,89,91,93,94,95,96,97,99,100,104,107,108,109,110,118,119,121,124,126,128,130,131,134,138,140,142,144,146,147,149,151,154,155,156,158,159,160,163,164,165,168,171,173,174,177,178,180,183,186,187,189 "50";
51 19 0 0,5,7,8,9,11,12,15,16,20,21,24,25,26,27,29,34,35,37,39,40,41,43,45,46,47,50,52,57,62,63,65,68,69,70,71,75,76,79,84,90,92,94,95,99,103,104,107,116,117,120,121,123,126,129,131,133,136,141,143,146,148,153,156,159,166,169,170,172,174,176,183,185,188 "51";
52 92 0 3,10,18,19,21,23,30,42,46,74,82,84,109,118,125,128,131,134,139,160,171,178,183 "52";
53 64 1 7,25,30,31,79,118,131,133,149,177,186 "53";
54 146 0 1,3,4,7,9,10,15,17,18,20,23,26,27,29,30,33,35,37,40,43,46,49,51,52,53,60,61,63,64,67,69,71,73,75,76,78,83,87,89,91,93,102,103,105,107,110,112,115,116,117,119,122,124,125,129,131,135,141,142,144,146,147,149,152,157,159,166,168,170,173,174,175,179,180,181,183,185,187,188,190 "54";
55 102 1 0,1,2,5,6,7,9,12,15,19,20,22,23,27,29,32,36,38,39,41,42,43,45,47,48,52,53,55,58,61,63,65,66,69,75,76,78,79,81,83,84,85,91,92,94,97,99,100,102,107,110,114,115,116,120,121,123,127,128,131,133,136,138,140,143,148,149,151,153,154,156,158,161,165,170,172,174,175,176,179,181,185,186,188 "55";
56 133 1 0,9,13,16,18,20,26,29,32,37,44,52,54,55,57,60,77,78,83,97,109,112,125,130,137,140,144,145,152,155,166,168,187 "56";
57 51 0 1,2,3,6,8,9,10,13,17,20,23,25,26,28,31,33,35,40,44,45,53,54,56,57,59,61,62,65,67,69,71,73,74,76,77,79,84,86,88,89,90,92,94,95,96,99,101,102,103,106,107,108,109,111,113,116,119,120,121,123,124,126,130,132,134,137,142,145,147,148,150,151,153,154,157,158,160,162,163,164,166,168,169,170,174,177,178,179,182,184,188,189 "57";
58 132 1 10,12,13,15,20,21,25,27,34,40,41,42,44,49,52,55,56,61,67,69,73,76,78,80,83,89,90,93,102,108,113,116,123,126,129,133,143,146,155,158,162,164,165,169,173,177,178,182,184,186,187,189 "58";
59 79 0 0,2,7,9,10,12,13,15,17,19,21,22,26,27,29,30,32,34,36,39,40,42,44,45,48,49,50,51,53,54,55,56,62,65,67,68,75,76,80,82,84,87,88,91,92,94,97,99,102,105,107,108,110,112,115,116,119,122,124,127,128,129,133,134,136,138,139,142,144,145,146,149,150,153,156,157,158,160,161,163,164,166,169,171,172,173,177,182,184,186,188,189 "59";
60 96 1 10,27,48,66,68,75,78,81,112,122,125,133,135,141,151,188 "60";
61 40 1 1,2,3,5,14,16,17,19,24,25,27,28,30,38,40,42,46,48,51,52,54,55,57,58,59,61,63,66,68,71,72,73,77,78,79,82,84,85,88,91,94,96,99,102,103,104,105,107,108,110,111,113,115,118,121,123,124,128,130,132,133,136,137,140,141,146,150,151,154,158,159,163,164,167,168,170,172,174,176,178,180,182,183,184,185,186,189 "61";
62 140 1 5,7,10,14,16,22,29,31,33,36,38,43,48,53,55,58,60,64,69,74,76,78,80,82,85,91,93,97,99,101,106,110,113,114,116,122,125,127,128,130,134,136,143,148,158,164,167,170,173,175,177,180,185,187,190 "62";
63 25 0 0,8,10,12,13,16,19,24,32,34,36,39,40,41,46,48,50,57,59,60,63,66,71,78,79,81,84,86,89,95,98,101,102,105,107,108,116,130,142,146,148,151,153,155,162,164,165,168,176,177,180,183,187,189 "63";
64 72 0 1,8,10,20,23,25,29,31,33,36,40,44,50,53,55,57,58,60,62,68,69,71,79,81,82,84,91,118,122,126,132,135,141,150,153,167,169,178,181,182,185,190 "64";
65 93 0 1,5,12,16,22,26,33,34,37,40,42,45,52,54,56,58,61,63,65,67,77,81,82,84,88,90,91,100,102,103,106,108,118,123,125,127,131,138,141,143,146,148,154,155,159,164,165,167,172,175,176,178,181,184,190 "65";
66 22 1 2,4,5,7,10,12,15,17,20,24,26,29,31,33,39,42,46,49,50,52,54,56,60,62,64,66,67,69,80,83,84,85,86,88,91,93,99,100,104,105,108,113,115,116,117,120,122,124,127,129,132,134,135,138,143,148,152,160,165,167,168,171,173,175,178,186,188,190 "66";
67 80 0 4,7,10,11,15,16,18,21,22,25,27,29,36,38,40,43,44,46,62,64,67,69,72,77,78,82,84,85,89,92,95,98,102,105,109,113,115,116,117,124,125,126,128,133,140,143,145,147,148,150,154,158,163,164,166,167,169,171,178,179,181,183,184,188,189 "67";
68 128 1 0,3,10,30,32,35,38,41,47,50,54,58,60,62,63,65,66,68,71,73,75,80,84,86,89,109,113,120,122,128,133,136,139,141,143,147,154,156,165,171,181,189 "68";
69 163 1 0,27,30,32,42,64,77,80,89,91,135,140,142,172,180,182,189,190 "69";
70 86 0 29,82 "70";
71 175 0 5,10,19,22,26,28,30,35,36,38,40,41,49,51,53,56,58,59,68,71,73,74,82,90,92,95,98,102,105,107,109,110,113,115,118,122,126,132,133,137,140,142,148,150,151,152,154,155,157,158,159,161,166,167,177,178,179,182,186,189 "71";
72 154 0 0,1,8,10,12,13,18,22,26,29,33,37,47,51,54,57,58,65,67,68,71,72,73,80,82,91,96,97,102,112,113,117,119,121,122,124,126,131,133,139,141,152,153,158,162,163,165,166,171,174,177,181,182,190 "72";
73 4 0 18,98,115 "73";
74 186 1 0,3,7,12,16,17,25,29,31,35,37,38,43,45,47,51,53,55,61,67,72,89,91,96,101,103,108,110,111,118,126,133,138,142,143,149,154,166,167,173,175,176,185 "74";
75 127 0 1,2,4,7,11,14,16,17,18,21,22,25,27,33,35,38,42,44,46,47,50,54,57,58,60,61,63,66,67,70,71,72,74,76,78,80,81,83,84,85,89,93,95,98,99,100,103,105,108,110,111,113,118,120,122,123,125,130,134,135,139,141,142,146,148,150,151,155,156,158,159,165,167,169,171,172,177,178,181,182,184,186,190 "75";
76 121 0 0,8,12,13,14,17,20,22,24,28,29,32,34,41,57,59,60,62,64,66,72,75,77,82,85,88,91,93,94,99,104,108,109,111,113,115,118,119,128,130,132,134,136,137,138,143,144,147,150,152,153,157,161,162,166,168,172,174,175,178,182,184,185,187,188 "76";
77 101 0 45,104,126,131,137,140,154,169,175 "77";
78 180 1 2,5,10,11,15,17,18,19,22,23,28,29,31,34,35,39,40,42,43,46,48,51,56,58,60,63,65,66,68,69,72,73,75,84,85,88,92,94,95,96,97,99,100,102,103,104,105,107,108,110,113,116,117,119,122,126,127,128,130,132,140,143,146,148,151,152,155,157,159,161,163,168,169,171,175,176,178,182,184,186,187,190 "78";
79 174 1 1,2,4,6,10,13,16,19,21,23,26,27,28,30,32,33,37,38,40,42,43,46,49,51,53,55,59,66,69,73,77,79,82,84,86,87,91,96,97,99,103,104,106,109,112,113,115,116,118,126,132,135,137,140,150,151,153,154,156,158,160,162,164,166,170,173,179,182,183,185,187,190 "79";
80 47 0 0,2,4,7,9,12,17,20,22,23,25,26,28,29,31,34,36,37,39,43,44,46,49,51,52,54,55,57,59,60,62,63,65,67,71,73,75,77,80,82,84,88,91,92,94,95,97,98,99,100,102,103,113,114,115,119,121,123,126,127,129,130,132,133,135,137,139,142,143,146,149,152,154,155,157,158,162,164,168,169,170,173,175,181,185,186,188,189,190 "80";
81 139 0 11,24,72,82,92,97,104,118,129,137,141,147,150,181 "81";
82 150 0 0,7,8,17,22,23,25,28,30,32,37,40,45,56,57,60,62,63,65,69,70,71,73,78,81,83,89,92,93,95,99,101,103,106,113,123,128,129,136,138,140,143,148,150,151,153,154,156,158,161,164,165,171,174,180,182,185,187,189 "82";
83 27 1 23,24,33,39,49,51,59,68,70,77,91,93,100,154,165,176,178,185 "83";
84 88 1 1,2,3,5,6,8,11,13,16,18,19,21,24,25,26,28,31,38,39,46,48,53,54,57,61,64,66,68,69,75,78,83,89,91,92,95,97,99,100,106,107,109,111,114,115,116,117,119,121,122,126,127,129,133,134,137,138,142,144,145,149,153,155,157,159,161,163,174,176,177,186,187,188,190 "84";
85 120 1 1,11,19,20,21,25,27,43,44,52,56,67,73,74,85,96,97,103,105,107,108,112,115,120,124,128,137,140,142,143,146,147,150,151,156,157,158,170,177,180,184,185,190 "85";
86 150 0 5,15,23,25,32,61,69,135,161 "86";
87 76 0 0,1,4,7,8,11,13,16,17,18,21,23,24,25,27,32,35,37,40,41,44,45,47,48,50,51,54,55,57,60,62,68,70,71,73,75,76,79,84,87,89,90,92,95,99,101,102,104,105,106,110,113,118,121,124,129,132,133,138,139,142,143,144,147,149,151,152,154,156,157,162,164,165,166,171,173,174,179,180,181,183,185,188,189 "87";
88 29 0 8,11,20,32,36,39,43,44,51,55,61,65,70,76,81,88,97,103,105,117,119,128,132,133,138,139,142,144,145,153,154,156,157,159,169,175,178,186 "88";
89 38 0 4,7,13,22,28,31,37,38,45,49,54,58,65,66,68,71,81,83,86,88,89,91,92,98,101,104,106,123,124,125,129,130,131,133,138,141,143,144,146,147,149,153,154,157,163,169,171,174,175,177,179,181,182,183,187,190 "89";
90 15 1 0,2,4,5,7,8,9,11,13,14,15,17,18,19,27,28,31,32,36,38,40,41,44,45,46,49,50,52,55,57,58,59,61,63,65,67,68,70,74,75,77,79,83,84,85,86,88,90,91,93,95,98,99,101,102,105,107,108,109,112,113,114,116,119,125,127,128,130,135,137,139,140,142,143,145,150,151,154,156,157,159,160,164,167,168,169,174,175,176,179,180,184,188,189,190 "90";
91 189 1 4,7,8,11,12,13,16,18,25,26,29,42,47,48,51,53,55,58,62,64,66,74,75,80,81,83,85,88,91,92,94,101,103,108,109,111,114,117,119,120,124,125,130,131,134,136,147,149,158,160,162,163,165,170,172,180,181,185,187,190 "91";
92 24 1 22,28,30,44,46,58,75,82,87,92,98,108,138,178,185 "92";
93 19 1 0,1,3,4,6,10,13,15,20,21,22,24,27,28,31,32,36,38,42,44,45,47,48,50,52,54,55,59,60,62,65,67,71,72,74,75,76,78,84,85,87,88,89,92,93,94,99,100,101,102,104,105,106,108,110,111,113,115,117,120,123,125,126,128,129,132,135,137,141,144,146,148,150,154,155,158,162,165,168,170,172,180,182,185,187,189,190 "93";
94 31 0 0,26,30,36,43,47,49,63,75,77,80,92,102,104,112,114,127,131,132,136,140,148,151,153,159,161,163,166,167,177,178,182,190 "94";
95 32 1 0,3,5,7,8,11,14,16,18,23,24,27,31,33,36,38,40,42,45,47,51,56,58,60,61,66,70,72,74,75,78,79,80,81,83,86,90,92,98,99,103,106,107,108,110,113,114,116,117,119,121,125,130,132,135,136,138,139,141,144,146,149,151,153,154,155,158,160,161,163,165,167,169,174,175,177,179,182,183,188,190 "95";
96 71 1 0,3,7,13,19,22,24,28,30,34,37,41,42,47,49,50,54,55,60,63,65,67,69,76,81,84,85,87,90,91,94,96,100,102,103,106,108,110,112,114,120,121,125,127,128,130,134,137,139,142,144,145,148,151,152,155,159,163,164,169,172,174,176,180,181,184,185,188,189,190 "96";
97 24 1 0,1,5,10,11,14,16,18,19,21,22,26,31,33,34,36,38,42,44,47,48,52,57,62,63,65,68,71,73,75,76,78,80,83,85,88,90,95,104,106,107,108,117,119,120,122,125,128,131,133,135,138,140,141,142,145,149,150,153,155,158,161,164,165,167,169,172,173,175,179,180,182,186,188,190 "97";
98 42 1 1,3,6,8,9,11,14,18,19,21,22,24,27,28,30,31,33,34,38,39,42,44,45,46,48,50,51,53,56,58,59,62,65,67,69,70,71,72,74,76,77,81,83,86,88,90,91,93,94,96,101,104,107,108,112,115,117,120,122,125,127,129,131,133,137,139,141,144,149,151,153,158,160,162,164,167,169,172,176,177,178,182,183,185,187,189 "98";
99 12 1 2,6,8,10,16,18,22,24,36,38,41,42,45,47,49,56,59,61,63,68,74,79,85,86,88,94,96,98,101,103,104,109,113,118,120,122,124,127,133,140,141,143,147,148,155,158,161,166,172,183,185 "99";
100 54 0 0,3,4,6,7,9,10,12,15,17,20,22,24,25,27,28,30,31,32,34,36,38,40,42,47,49,50,52,56,57,58,60,64,65,69,71,72,73,76,78,80,84,86,88,89,93,98,100,102,103,105,107,109,111,113,117,120,121,123,124,126,128,130,132,133,136,138,141,142,143,147,148,150,153,155,156,158,160,162,171,173,175,177,178,180,185 "100";
101 17 1 0,2,6,10,12,14,20,23,25,27,30,32,34,36,37,40,44,47,48,51,53,55,56,59,61,63,64,67,68,70,71,73,74,77,80,82,86,87,92,94,96,98,100,102,105,107,113,115,117,121,124,129,131,136,137,140,143,145,146,149,152,154,155,160,162,163,165,171,174,176,179,180,181,183,187,189,190 "101";
102 179 0 2,3,6,8,9,14,16,20,24,26,28,32,35,37,39,41,43,45,47,50,51,53,55,57,58,60,62,67,72,73,76,77,80,83,85,87,92,93,96,97,99,104,106,107,108,112,114,117,118,120,125,129,132,133,136,137,139,140,141,144,145,149,150,152,153,155,158,163,169,172,177,179,180,182,184,185,186,187 "102";
103 171 0 5,6,8,10,16,20,27,29,31,36,40,49,53,72,75,78,94,97,99,104,107,113,118,121,123,132,134,142,154,165,166,170,171,179,180,190 "103";
104 12 0 4,6,16,22,56,59,76,87,88,98,145,165,173,177,180,183 "104";
105 53 0 2,9,13,14,16,18,21,26,28,30,32,33,34,36,37,38,40,42,46,47,50,52,53,55,56,58,60,63,65,66,69,71,73,76,78,80,82,83,85,87,89,94,96,99,100,104,106,108,111,114,115,116,120,133,134,136,139,142,147,148,153,159,162,165,167,171,173,174,179,182,185,186,189 "105";
106 127 0 0,3,9,13,15,20,21,22,25,26,28,31,33,36,37,40,41,42,43,45,47,50,51,52,54,56,57,59,61,63,65,68,69,71,74,75,79,81,85,87,88,90,91,92,94,96,97,98,100,101,102,104,107,110,111,113,115,119,121,124,125,126,129,134,136,138,140,142,144,145,148,150,152,156,158,159,162,164,166,168,170,172,174,175,177,178,180,181,183,184,188,190 "106";
107 124 0 0,2,5,7,24,35,37,41,54,56,60,64,66,69,74,84,86,90,98,105,109,112,117,126,127,130,158,159,161,166,186,187 "107";
108 27 1 0,3,6,7,8,12,13,14,16,21,23,25,27,28,31,33,35,36,39,40,41,43,46,47,48,51,53,54,56,59,65,69,70,72,74,76,78,79,81,85,86,90,92,93,94,98,101,102,104,106,107,108,110,112,115,117,121,124,126,131,133,134,137,138,140,143,144,145,147,149,150,153,155,156,157,160,164,167,169,172,175,177,179,180,183,184,188,189 "108";
109 114 0 1,12,14,18,20,22,24,27,32,33,35,39,40,45,50,51,52,54,57,61,65,68,72,73,79,83,87,90,91,99,105,107,112,115,120,122,125,130,131,134,135,137,141,147,148,152,153,155,160,162,164,165,172,175,183,184,189 "109";
110 130 1 2,7,11,13,21,30,33,54,58,68,80,102,109,132,136,141,144,148,153,156,158,167,174,189 "110";
111 50 0 0,2,4,8,11,13,16,17,18,19,23,24,28,30,32,35,37,38,42,46,48,50,51,53,55,58,62,63,65,67,69,71,74,75,81,82,83,85,86,89,92,94,103,104,107,110,112,115,125,126,127,129,132,133,134,135,137,139,140,143,144,146,155,159,160,163,165,169,176,179,181,185,186,188,190 "111";
112 55 1 0,7,10,13,16,18,21,23,25,30,34,36,38,39,42,47,50,52,54,56,59,63,66,71,74,77,78,80,81,86,87,90,92,96,101,102,104,110,111,113,118,119,121,125,128,129,133,141,149,153,157,158,170,171,174,176,178,181,182,184,187 "112";
113 96 0 3,15,32,38,43,54,64,71,76,78,80,86,89,90,103,104,107,115,121,128,137,140,152,154,163,168,182 "113";
114 77 0 16,25,32,34,62,68,100,122,140,143,153,173,178,181,187,190 "114";
115 34 1 0,3,4,6,8,10,11,12,15,16,17,19,20,21,23,24,26,28,30,32,34,36,37,43,45,47,50,52,54,56,58,60,62,65,67,69,71,75,77,78,81,82,84,86,88,91,94,97,99,104,108,110,111,113,114,115,118,119,120,122,125,126,129,130,131,133,134,136,138,142,143,147,150,151,153,154,155,157,160,162,166,169,171,174,177,179,183,184,186,188,189,190 "115";
116 10 0 3,4,6,7,10,12,18,20,22,24,26,28,29,31,32,36,37,39,44,45,46,47,55,57,58,59,61,64,66,69,71,73,75,78,79,83,86,89,91,94,95,97,99,100,103,107,109,112,113,115,116,117,119,121,122,123,127,128,130,132,133,134,136,137,141,143,146,148,150,151,152,154,156,158,159,160,163,165,167,170,172,173,174,176,178,180,181,183,185,186,188,189,190 "116";
117 108 1 3,7,10,12,14,18,19,20,22,28,29,31,33,36,42,43,45,48,50,51,52,57,59,61,63,66,67,72,78,81,84,86,89,90,92,93,96,98,101,102,104,105,106,109,110,116,120,122,125,127,131,139,141,143,146,151,152,158,160,162,163,165,172,175,176,182,184,186,187,189 "117";
118 31 0 2,3,8,10,11,12,15,16,17,19,20,22,24,27,28,30,32,33,35,36,37,41,43,44,45,48,49,50,52,55,57,59,60,61,63,64,65,67,74,75,76,79,82,85,86,88,91,93,96,98,99,102,105,107,109,111,113,115,116,117,119,124,126,127,129,131,135,139,140,141,147,148,150,152,155,157,159,160,162,164,165,169,170,173,175,176,177,179,181,182,186,188,190 "118";
119 187 1 0,1,3,7,13,16,20,26,27,29,30,32,36,37,39,43,50,55,56,59,64,68,71,73,76,78,79,81,83,90,91,95,96,98,102,105,107,110,111,114,115,117,120,121,124,132,134,138,139,142,143,144,149,150,151,160,163,164,167,171,173,180,182,188 "119";
120 32 1 1,3,4,6,8,12,15,18,21,22,23,26,33,37,39,42,48,49,50,55,58,64,71,72,75,77,79,83,84,85,87,89,95,96,98,105,114,115,117,120,123,126,129,130,137,142,143,146,148,153,155,157,163,164,169,174,179,183,184,187,189 "120";
121 154 1 0,6,13,18,23,26,32,33,34,36,39,55,57,62,63,66,71,75,80,90,96,107,109,113,121,123,126,133,135,141,144,148,150,162,164,170,180,182,185,189 "121";
122 121 0 0,4,7,8,14,16,23,24,26,30,32,37,43,46,47,52,64,66,70,77,80,82,84,85,88,89,96,100,101,106,111,114,119,122,125,127,128,132,133,139,147,148,158,161,163,164,166,170,173,177,178,181,182,187 "122";
123 135 1 1,3,5,14,20,23,25,28,37,38,40,41,50,52,56,62,65,69,77,81,83,86,91,94,97,99,104,109,113,114,120,124,125,130,132,138,141,143,147,148,156,159,160,169,170,174,178,180,182,184,188,190 "123";
124 5 0 4,5,9,11,12,13,15,20,22,23,25,27,29,31,33,34,36,38,40,43,44,45,48,52,57,59,61,63,65,66,68,69,71,74,78,79,81,83,86,91,92,95,100,101,103,106,107,113,117,118,119,124,126,130,132,135,136,140,142,143,145,147,148,151,152,153,155,157,158,160,161,163,165,170,172,173,175,177,179,181,182,187,189 "124";
125 70 1 0,12,17,18,21,23,25,27,36,38,41,44,46,51,53,56,57,61,64,68,72,73,75,77,79,80,85,89,93,99,101,102,107,110,115,116,119,120,123,127,131,133,138,143,145,149,151,164,168,171,174,179,181,190 "125";
126 39 1 1,2,4,5,7,8,9,11,14,18,19,21,22,26,28,30,31,37,39,40,46,51,53,60,63,66,68,71,74,80,82,86,91,97,98,100,102,104,107,109,111,113,116,120,121,123,125,127,129,130,132,135,136,137,141,143,146,148,151,154,156,158,161,162,164,167,170,172,174,177,178,181,183,189 "126";
127 82 0 20,56,143 "127";
128 133 1 1,2,3,5,8,9,10,12,14,17,20,21,23,25,26,29,32,33,35,39,40,41,43,44,46,47,49,52,54,58,59,61,62,64,65,67,69,74,75,78,82,83,84,86,87,89,100,102,103,104,106,109,113,114,118,120,123,124,125,126,128,131,132,134,137,139,141,144,146,148,150,151,154,155,160,161,165,167,170,171,173,174,176,180,182,184,185,187,189 "128";
129 55 1 7,9,10,14,25,26,34,37,38,49,58,65,67,74,82,87,92,103,108,113,117,119,121,128,145,150,156,162,166,167,171,181,185,189 "129";
130 53 1 0,5,18,26,27,30,36,39,42,45,49,51,57,65,70,73,76,77,78,92,95,99,106,108,112,117,118,119,123,126,149,154,165,172,173,178,181,182 "130";
131 109 0 6,10,17,18,21,27,29,31,33,36,43,50,82,87,92,97,99,110,115,126,133,137,152,158,159,168,173,177,181,187,189 "131";
132 117 0 0,2,3,9,12,15,18,20,21,32,34,43,45,53,54,56,57,58,67,75,76,78,80,82,84,85,87,88,89,92,93,94,95,100,106,108,110,113,114,116,119,122,125,128,130,132,134,136,138,141,144,145,147,148,153,154,161,162,166,168,175,178,180,182,185,186,187 "132";
133 58 1 1,2,4,6,8,11,13,17,20,23,25,27,29,30,34,36,39,42,43,46,49,51,52,55,57,59,61,62,64,65,67,68,70,72,74,75,77,79,83,85,86,88,90,91,92,93,95,97,98,100,101,105,107,108,109,112,114,116,118,119,121,122,126,127,128,131,132,135,137,138,141,142,143,145,148,152,153,154,156,157,158,159,161,163,164,165,167,171,173,176,178,179,182,183,187,189 "133";
134 61 1 14,35,74,95,125,132,153,155 "134";
135 101 1 0,2,3,6,7,8,11,14,15,17,19,20,21,23,24,26,28,31,33,34,38,40,42,47,50,53,54,60,62,64,66,70,71,75,77,78,80,84,85,92,96,100,104,106,107,110,112,117,121,123,125,127,129,130,132,134,143,146,150,152,153,156,158,159,161,163,164,166,167,168,170,172,175,179,181,182,184,185,189,190 "135";
136 73 1 1,5,8,10,11,13,15,17,19,21,24,26,29,31,34,41,43,51,56,59,61,62,66,68,74,76,84,85,96,98,105,118,121,124,126,128,130,136,148,150,154,158,162,168,173,181,186 "136";
137 123 1 0,1,3,5,7,9,10,16,18,19,24,26,27,32,34,35,39,40,41,42,44,46,49,51,53,55,60,61,63,65,66,67,70,72,73,79,80,81,83,85,88,89,92,93,95,96,98,99,101,102,104,106,107,109,114,115,117,118,120,123,126,130,132,134,136,138,139,145,151,152,156,158,160,162,165,166,168,169,172,173,175,176,177,179,181,183,184,186,188,190 "137";
138 140 1 15,46,52,70,77,83 "138";
139 158 1 7,10,12,14,18,22,28,33,38,39,44,46,52,68,71,74,79,80,90,92,96,102,104,109,113,116,125,133,139,150,159,165,166,170,172,190 "139";
140 181 1 2,4,7,8,10,13,14,16,18,19,22,26,28,29,34,36,38,42,46,47,48,49,51,53,55,56,58,60,62,63,66,70,71,75,77,78,83,84,90,92,93,95,96,100,102,106,107,111,119,121,125,127,130,133,135,137,140,143,147,153,158,160,163,165,167,169,174,175,183,184,187,189 "140";
141 50 0 0,3,6,9,12,13,17,18,25,27,30,33,37,38,39,41,47,53,58,59,63,66,69,73,75,77,80,87,90,93,95,98,100,102,103,104,105,109,111,113,114,116,118,123,134,136,139,140,142,143,144,151,152,155,157,160,165,167,169,170,174,175,176,181,183,184,187,188,190 "141";
142 49 1 30,43,50,53,56,64,68,89,98,112,124,141,158,168,174,176,179,187 "142";
143 188 0 5,17,37,46,50,54,66,77,81,105,106,113,123,129,134,171,174 "143";
144 21 1 0,5,14,20,27,30,35,38,44,51,65,69,73,81,83,86,88,93,95,106,110,115,120,123,130,132,134,155,162,164,165,167,175,184 "144";
145 155 0 9,18,45,74,93,105,106,110,114,131,133,139,140,143,147,149,166 "145";
146 190 0 0,17,33,45,46,59,61,74,77,82,85,93,101,106,109,111,112,114,118,121,124,126,128,138,140,144,149,156,161,165,169,171 "146";
147 121 0 2,4,7,8,12,13,14,16,18,23,24,27,30,32,33,34,36,37,38,42,43,44,47,48,55,58,59,60,62,65,69,72,78,80,81,83,87,91,94,96,97,98,100,103,106,109,110,111,114,117,122,123,125,128,130,132,140,144,145,147,150,151,152,154,157,158,160,164,167,168,169,171,177,181,185,186,187,189 "147";
148 96 1 0,4,5,7,9,11,14,18,21,24,25,29,32,34,36,38,40,43,46,48,50,51,56,57,63,64,66,68,69,74,76,78,81,84,85,86,88,90,93,98,100,101,103,105,106,107,109,110,111,112,114,117,121,124,125,128,129,132,134,136,140,142,144,146,147,149,153,155,158,159,161,162,164,165,170,171,172,175,177,179,181,183,186,187,190 "148";
149 64 1 2,3,5,6,16,18,19,26,30,38,42,44,48,50,57,62,76,80,83,84,90,92,98,100,104,106,110,112,118,125,126,129,130,133,135,142,148,150,156,168,173,174,183,186 "149";
150 179 0 2,9,36,42,49,50,55,72,81,84,97,123,133,144,152,164,167,189 "150";
151 184 0 5,12,20,23,25,33,36,43,54,65,75,81,89,91,108,112,121,123,126,131,133,136,138,148,149,165,166,169,178,186,189 "151";
152 3 0 0,2,8,10,12,14,18,19,21,22,30,34,37,38,53,59,61,63,68,71,72,77,80,81,101,107,116,119,128,129,132,135,141,146,149,154,156,161,164,166,170,172,174,175,179,186 "152";
153 151 0 1,2,5,8,10,17,18,20,26,28,29,31,34,36,40,44,46,49,50,52,54,55,57,58,60,61,65,69,71,73,80,83,90,94,96,98,100,102,103,106,109,110,112,114,117,121,125,127,128,130,133,136,138,140,144,147,149,154,156,157,160,161,164,165,167,168,170,171,174,176,178,179,181,187,189 "153";
154 41 1 10,15,20,24,28,29,44,54,60,62,64,69,70,75,81,84,89,104,108,112,117,119,121,125,127,133,134,145,147,154,157,160,165,168,174,176,178,183,189 "154";
155 43 1 34,67,74,76,109,118,147,162,170 "155";
156 110 1 2,4,5,9,10,12,13,17,21,22,24,36,37,38,40,43,46,47,49,51,54,61,66,67,70,72,73,75,78,79,84,91,93,95,97,98,102,104,105,106,108,110,111,112,114,115,118,123,129,131,134,137,140,141,143,145,149,150,153,159,161,164,166,167,168,171,174,179,181,186 "156";
157 124 0 1,16,18,20,25,27,29,37,41,43,45,51,54,58,67,68,70,73,82,85,86,88,90,91,97,101,102,106,107,110,111,112,117,118,122,127,129,130,136,138,140,144,149,151,152,154,156,157,161,165,166,167,171,178,182,183,186,189,190 "157";
158 172 1 1,2,6,13,18,19,26,35,42,53,65,68,72,78,84,94,101,108,111,121,126,137,142,143,145,146,148,152,157,159,162,172,175,185 "158";
159 96 1 8,9,12,22,24,27,31,39,45,50,55,59,65,66,68,75,77,80,82,86,89,95,97,103,107,110,114,116,118,119,123,127,129,134,137,156,159,160,184 "159";
160 0 1 1,7,12,15,17,19,23,29,34,36,38,39,41,47,48,51,52,54,64,66,67,78,81,93,94,115,118,120,123,124,130,134,139,154,167,173,175,180,188 "160";
161 1 0 5,7,9,11,15,17,19,23,28,33,37,40,42,50,58,60,61,64,68,70,80,81,93,94,96,102,103,106,112,116,119,121,125,126,130,132,133,136,141,144,147,152,158,162,166,168,169,171,172,175,177,180 "161";
162 96 0 1,4,6,8,11,13,18,29,35,37,38,43,46,48,50,51,53,57,60,65,68,70,73,74,77,78,80,85,89,91,93,98,101,109,110,117,121,125,126,130,132,134,135,138,141,147,160,162,163,165,168,169,171,172,174,179,181,183,189 "162";
163 172 1 0,1,9,11,16,18,19,20,22,25,27,30,34,36,38,45,47,48,50,51,55,56,58,62,64,69,71,72,74,75,77,78,80,83,85,89,96,101,102,109,113,114,118,119,122,124,129,130,132,133,134,140,142,150,151,152,154,155,163,165,167,173,175,176,177,178,180,181,185,187,189,190 "163";
164 161 0 1,4,9,14,18,20,22,24,27,30,32,34,37,39,40,42,43,45,46,48,50,52,57,60,63,64,66,68,71,76,86,88,91,92,94,96,99,101,110,115,121,125,126,138,139,140,145,146,150,152,153,156,157,159,162,166,171,174,182,185 "164";
165 170 1 1,2,4,5,6,8,10,12,13,15,18,19,21,22,23,25,27,29,30,32,34,36,37,40,43,44,46,48,49,51,52,53,57,58,60,66,67,68,70,71,74,75,77,81,84,86,92,94,98,99,101,104,105,108,110,117,118,119,121,123,124,125,127,128,130,132,134,137,140,142,144,147,149,150,155,156,158,162,165,168,169,172,175,177,179,183,186,187,189 "165";
166 167 0 1,5,6,14,16,17,18,24,25,29,32,37,41,46,51,57,59,60,62,65,70,72,76,80,81,85,86,87,93,94,99,103,105,107,113,115,125,127,132,133,136,146,149,152,161,163,164,168,175,177,179,180,182,185,189 "166";
167 64 0 0,4,6,11,14,15,17,18,32,40,49,57,61,67,71,89,104,108,111,113,115,120,125,127,130,135,140,143,151,154,158,167,170,176,190 "167";
168 13 0 5,25,26,27,35,48,55,56,57,58,72,89,101,119,120,127,132,143,147,150,165,179,182,188 "168";
169 168 1 0,2,5,6,10,15,21,24,26,31,35,36,39,45,47,48,51,52,54,56,57,59,60,62,63,65,68,69,71,73,76,78,81,82,84,86,87,91,92,94,96,97,99,100,101,102,104,106,108,109,110,114,117,118,121,122,124,125,127,128,130,131,133,139,141,142,144,145,147,150,151,153,154,155,157,158,159,163,166,167,168,171,173,174,176,178,182,184,186,189 "169";
170 21 0 2,4,12,16,17,20,26,30,31,45,46,50,55,61,65,70,78,82,85,99,108,118,126,128,145,147,160,178,190 "170";
171 38 1 0,10,11,12,21,22,27,29,31,36,39,41,42,45,47,59,64,69,71,72,74,75,77,78,80,86,95,96,98,99,101,113,114,116,120,123,124,127,128,129,131,133,137,140,144,146,147,148,154,156,158,160,162,164,166,169,171,172,173,178,182,183,187,189 "171";
172 69 0 1,8,10,11,15,16,18,20,24,26,28,30,34,35,36,40,41,43,44,46,47,49,50,54,55,57,59,60,61,63,64,69,71,72,74,77,81,85,87,88,90,92,95,96,97,99,100,103,105,107,108,111,113,114,117,120,121,122,130,134,135,140,142,146,148,150,151,154,158,159,162,164,165,172,177,180,183,184 "172";
173 95 0 10,38,56,102,104,113,122,142,148,187 "173";
174 175 0 0,4,8,10,12,18,21,23,25,27,29,30,32,34,35,37,38,44,47,51,55,57,60,61,63,64,66,68,69,71,76,77,79,83,85,87,89,93,96,97,103,106,108,110,112,113,115,117,119,121,127,128,133,138,140,142,146,149,157,159,163,165,167,168,170,172,173,174,177,180,182,184,185,186,188,189 "174";
175 0 0 11,17,19,21,22,24,26,29,35,36,39,46,48,50,52,53,54,58,59,65,70,72,79,81,84,86,90,92,100,107,108,112,114,122,126,128,131,135,137,139,145,147,149,152,153,155,158,160,162,163,167,169,172,174,179,185,188 "175";
176 161 1 2,3,5,7,10,20,22,24,25,30,36,37,40,43,46,48,50,52,53,57,61,65,69,72,75,76,81,83,85,87,95,97,104,106,108,111,114,123,127,131,135,139,141,143,144,145,147,153,154,156,158,160,163,165,168,176,182,185,188 "176";
177 177 0 0,2,4,9,13,20,25,27,31,36,42,47,50,51,56,60,64,66,68,70,74,76,77,82,84,87,89,93,95,97,99,101,103,106,111,112,119,121,123,125,128,132,134,135,138,151,158,160,163,164,169,171,173,181,183,184,186 "177";
178 173 1 1,7,12,14,16,19,20,28,34,38,39,41,42,46,48,51,52,56,62,64,68,71,73,79,83,88,90,92,93,95,97,99,101,104,106,107,114,115,120,121,125,126,128,129,130,135,137,139,141,144,147,151,152,153,155,157,161,165,166,171,177,180,185,190 "178";
179 96 0 2,23,35,36,44,54,60,64,71,74,78,80,82,83,87,89,93,95,99,100,107,109,115,116,120,125,139,143,145,146,156,157,159,161,175,181,185 "179";
180 175 1 0,140,152 "180";
181 62 1 31,48,79,138,145 "181";
182 36 1 3,6,8,10,12,14,16,18,23,27,29,31,36,38,40,41,44,47,48,52,56,58,61,63,68,71,72,75,76,77,80,81,82,88,92,93,96,104,106,112,113,117,121,130,133,135,137,138,140,143,148,149,152,153,159,164,168,172,173,175,179,181,184,187 "182";
183 167 1 12,14,26,38,44,56,61,63,69,71,78,79,84,88,91,94,110,118,123,126,128,131,136,141,154,159,160,162,167,182,186,190 "183";
184 71 1 4,5,16,29,42,49,52,60,66,69,72,74,80,85,98,105,111,123,145,149,153,171,187 "184";
185 79 0 20,29,40,45,48,54,58,59,65,77,92,97,99,102,113,115,123,133,136,138,141,144,145,152,155,159,161,178,184,189,190 "185";
186 121 0 1,2,5,6,8,9,11,16,17,18,21,22,25,28,31,33,36,38,39,41,44,47,52,54,59,61,63,65,66,68,73,74,76,79,83,86,89,93,96,97,99,100,102,103,104,107,108,109,110,111,114,118,125,126,128,131,134,136,138,139,142,146,148,151,154,155,158,160,161,165,167,172,174,176,179,189 "186";
187 81 1 13,20,24,34,39,42,45,69,74,77,83,93,98,101,102,118,121,122,127,129,136,138,139,143,146,150,163,165,171,175,179,181 "187";
188 24 0 1,4,5,8,12,16,19,20,22,23,27,31,33,39,40,45,50,51,54,55,56,59,63,68,69,70,72,73,79,83,94,96,98,99,105,109,110,113,117,124,126,128,133,134,136,137,144,147,149,150,153,156,159,166,168,170,172,177,178,180,182 "188";
189 74 0 11,16,17,20,26,27,29,33,46,48,49,51,60,62,69,73,76,81,86,89,96,103,105,113,116,119,122,125,128,131,132,134,135,137,146,155,157,162,165,167,168,170,175,179,182,185,187,188,189,190 "189";
190 140 0 5,12,13,34,35,38,44,46,49,50,54,56,60,67,71,78,93,99,101,102,105,110,115,119,135,137,139,141,145,149,152,155,167,169,173,177,181 "190";
