parity 145;
0 112 1 3,6,8,11,12,17,20,26,29,34,38,40,42,45,49,51,55,57,61,65,66,68,72,75,77,79,80,82,87,90,92,93,94,99,104,109,113,118,119,120,122,124,126,131,136,139,145 "0";
1 113 1 1,3,4,6,7,10,15,17,19,23,25,28,30,31,32,37,38,40,42,45,46,48,50,53,54,56,59,61,64,65,66,68,70,72,73,76,77,80,84,86,88,91,93,95,98,101,105,107,109,111,115,119,123,124,128,129,131,132,134,137,142,144 "1";
2 10 1 1,3,7,10,13,14,17,19,21,23,26,28,30,33,35,37,39,42,44,45,47,49,54,56,58,59,60,63,65,67,68,69,71,73,74,76,80,81,82,84,86,88,89,90,92,93,95,96,98,100,101,103,108,109,111,113,114,116,118,121,123,128,131,136,138,140,143 "2";
3 15 1 0,2,5,13,16,19,21,29,32,35,36,39,41,44,45,48,56,58,61,64,67,68,69,71,73,76,78,83,84,85,93,95,97,98,102,105,106,108,117,120,122,124,128,131,133,137,138,141,143 "3";
4 61 1 3,8,28,31,33,36,39,41,44,45,49,51,53,55,57,67,69,72,73,78,86,89,90,97,100,102,103,107,114,118,127,129,132,143 "4";
5 79 0 0,3,5,7,10,11,13,16,18,20,22,23,25,26,28,31,32,34,37,38,41,42,47,48,50,53,54,55,58,60,62,64,65,68,70,73,74,76,79,80,81,82,84,85,87,89,90,93,94,96,98,99,102,103,106,108,112,114,122,123,125,126,129,131,132,134,135,138,139,140,142 "5";
6 101 0 2,24,30,38,42,45,46,49,50,75,82,86,92,93,98,101,102,104,105,110,116,121,124,126,130,132,136,143 "6";
7 132 1 1,3,4,7,9,10,11,14,16,18,20,21,25,26,27,28,30,33,34,36,38,39,42,43,46,49,50,52,54,56,59,60,65,66,67,68,69,72,73,75,78,79,82,83,86,87,89,92,93,94,96,99,102,103,105,107,109,114,117,120,122,126,127,128,131,132,133,136,140,142,145 "7";
8 2 0 0,2,3,10,34,55,60,62,64,65,80,125,139,141 "8";
9 53 1 12,19,29,48,72,114 "9";
10 33 1 6,9,22,28,68,71,80,93,96,97,113,119 "10";
11 21 0 9,20,27,41,46,64,73,85,89,126 "11";
12 24 1 0,4,5,11,16,20,22,24,25,29,32,34,38,41,45,48,50,51,54,55,59,60,61,67,72,75,77,78,82,87,88,91,92,99,102,105,107,113,114,118,124,126,128,129,131,134,137,140,142,144,145 "12";
13 84 1 0,4,7,17,18,21,23,24,27,32,36,40,44,45,59,65,70,71,84,86,92,94,107,108,111,114,118,119,125,128,133,138,139,141 "13";
14 114 1 0,2,4,7,12,14,16,17,19,21,23,24,26,29,31,35,40,42,44,47,48,50,53,54,56,57,58,60,61,62,64,65,67,68,72,73,77,82,84,86,88,89,91,92,94,96,98,101,103,105,107,109,115,117,119,120,122,125,127,129,131,132,134,137,139,145 "14";
15 58 0 4,5,6,9,11,13,16,17,18,19,21,25,26,28,30,33,34,37,39,40,45,47,51,52,54,57,59,61,65,68,70,72,73,74,77,79,81,84,85,86,88,92,94,95,99,105,106,110,111,113,118,119,120,122,123,125,127,129,132,135,137,143,145 "15";
16 24 1 8,29,36,58,63,73,74,79,88,114,132,134,141 "16";
17 119 0 1,9,13,21,25,33,35,39,43,46,48,54,66,79,91,93,100,101,103,106,111,113,118,124,128,134,140 "17";
18 101 1 0,3,13,15,18,22,24,25,30,33,35,36,40,42,43,48,49,51,55,57,58,59,62,67,68,71,72,74,75,78,82,87,88,90,95,97,99,101,103,108,109,111,112,115,122,123,125,126,130,134,141,143 "18";
19 41 1 31,36,107,110 "19";
20 3 1 2,4,8,15,17,20,34,36,46,47,50,54,56,59,61,63,68,76,79,93,94,107,110,113,115,122,125,127,128,135,143 "20";
21 41 1 6,15,35,60,67,89,100,128,138,145 "21";
22 145 1 0,2,3,6,7,9,11,12,15,17,20,21,22,24,25,27,29,31,35,37,38,39,40,42,44,46,47,49,51,52,56,61,64,66,69,70,71,74,77,78,82,84,86,89,90,93,95,97,98,99,101,102,104,105,109,111,113,114,116,120,123,125,130,132,133,135,138,139,141,143,144,145 "22";
23 20 1 25,36,50,52,64,87,90,94,100,108 "23";
24 3 0 7,16,25,28,31,32,36,39,47,55,58,63,66,79,85,92,96,104,130,144 "24";
25 94 1 11,31,34,38,56,59,63,71,94,100,105,115,138 "25";
26 131 0 1,11,27,28,36,41,47,53,55,65,73,82,88,89,94,99,101,104,107,117,120,123,132,136,141 "26";
27 145 0 0,2,4,9,10,12,15,16,18,20,21,22,26,28,31,34,39,42,45,46,47,49,51,54,63,64,65,66,68,71,73,77,78,79,83,84,88,90,91,104,106,107,111,115,120,121,124,125,127,130,132,134,141,142,145 "27";
28 98 0 0,1,3,7,9,11,13,15,17,21,24,26,33,34,36,39,41,43,45,48,49,51,52,54,55,56,57,61,64,67,69,74,76,77,79,81,82,84,88,92,95,96,97,100,103,104,105,108,110,111,113,115,118,128,132,134,136,139,140,142,144 "28";
29 91 1 1,36,37,63,76,83,85,119,120,143 "29";
30 99 0 0,2,4,7,8,9,14,17,19,22,23,26,31,35,37,38,41,46,47,50,51,52,54,56,58,59,60,64,65,66,68,69,71,72,73,74,79,81,84,86,89,90,92,94,96,100,103,104,107,108,110,113,114,117,118,122,124,126,128,129,130,131,133,137,140,143 "30";
31 62 0 0,2,3,6,7,9,11,13,14,20,22,24,25,27,28,29,34,35,37,40,41,43,45,46,50,52,54,56,57,59,61,62,63,65,66,68,70,72,74,75,76,78,80,81,84,87,88,91,94,95,97,98,102,104,107,108,110,112,113,115,118,119,121,124,128,130,132,135,137,143,144 "31";
32 76 1 1,2,6,8,10,12,13,17,21,24,25,26,28,30,33,34,38,40,41,44,46,47,50,51,55,56,58,60,63,65,66,69,71,72,73,74,76,78,79,80,82,83,84,86,90,92,98,101,103,105,107,109,112,114,116,119,120,121,122,124,126,128,129,130,133,135,136,138,141,143 "32";
33 15 0 0,5,11,14,24,26,29,31,33,44,47,53,55,58,61,65,67,70,72,74,81,83,85,89,90,94,99,100,101,102,104,112,115,116,118,122,130,132,133,135,136,138,144,145 "33";
34 26 1 8,35,59,95 "34";
35 38 0 0,2,4,5,10,12,23,30,36,41,44,48,51,54,62,68,75,76,81,86,88,91,95,102,111,113,122,130,132,134,138,139,141,144 "35";
36 119 0 2,10,64,66,71,72,82,97,101,127,130,135,143 "36";
37 96 1 7,11,26,28,32,47,50,51,57,71,72,80,122,129,132,133 "37";
38 10 0 6,16,17,23,42,56,66,68,77,83,85,88,93,94,99,104,127,139 "38";
39 14 1 0,8,22,25,39,41,57,66,72,76,80,84,90,100,104,118,120,123,137,141 "39";
40 46 0 0,1,5,7,8,10,12,13,15,17,22,27,29,30,33,34,37,40,41,42,44,45,47,48,50,54,56,58,64,66,68,72,74,76,78,80,82,86,88,89,92,95,99,103,104,106,108,110,114,119,120,123,125,129,131,134,137,139 "40";
41 114 0 4,5,6,9,10,12,16,17,24,26,29,34,37,39,45,46,51,53,57,61,65,67,68,70,73,77,78,80,81,82,86,89,93,95,97,101,102,106,110,112,116,118,121,127,130,132,134,137,139,145 "41";
42 56 1 54,103,119 "42";
43 110 1 2,16,22,24,34,37,40,44,46,49,54,56,63,69,75,77,80,87,88,91,94,95,99,101,105,120,124,135,143 "43";
44 26 1 6,7,16,30,37,39,44,47,50,51,53,54,55,60,64,68,71,74,80,82,89,91,105,108,109,111,138,139 "44";
45 73 1 2,4,9,11,16,19,24,27,31,33,34,36,39,40,44,46,47,48,50,51,52,54,55,60,65,67,69,71,75,80,82,84,88,89,90,93,96,99,100,105,106,107,109,110,113,117,118,121,123,125,129,131,133,137,138,140,143,144,145 "45";
46 105 1 6,9,18,21,65,83,89,91,93,95,117,122,128,135,145 "46";
47 37 0 0,1,5,7,10,11,17,19,20,24,30,36,39,41,44,51,54,55,58,62,64,67,68,69,73,76,78,83,85,89,92,96,97,99,101,105,116,126,129,130,133,135,140,141,144 "47";
48 64 1 0,4,6,10,16,17,23,27,28,31,33,37,40,46,48,49,53,55,61,63,65,69,70,72,74,78,79,81,85,87,89,91,92,93,96,101,104,108,112,114,119,120,122,124,126,128,136,137,141,144 "48";
49 142 1 2,3,5,8,11,13,20,27,30,35,36,37,39,41,43,46,47,49,52,56,57,59,61,62,63,65,74,78,80,82,84,87,92,96,100,102,104,105,106,108,109,112,116,117,122,124,126,128,131,132,134,138,140,144,145 "49";
50 15 0 0,7,9,18,26,28,38,39,41,45,47,52,58,61,66,70,71,73,89,100,101,104,105,113,117,118,122,126,129,132,134,142,144 "50";
51 143 0 15,16,44,48,66,86,92 "51";
52 119 1 8,26,32,35,40,44,45,54,56,57,72,76,83,86,87,103,105,108,109,111,114,115,122,128,137,138,143 "52";
53 14 0 3,6,14,16,18,20,24,27,29,30,33,39,41,43,44,45,48,49,55,57,58,61,62,65,66,68,70,76,77,79,83,85,91,95,96,98,99,101,102,104,108,109,114,116,117,121,125,129,132,138,141,143 "53";
54 51 0 8,12,21,25,31,36,39,40,42,46,52,53,61,69,72,76,83,87,89,95,96,99,101,105,106,110,122,124,125,127,130,131,136,144,145 "54";
55 27 0 1,5,6,11,15,18,20,23,25,31,33,35,37,40,41,46,47,50,52,54,57,59,61,63,65,66,68,71,73,74,76,78,79,81,83,84,86,89,91,92,96,100,103,105,107,108,110,112,115,117,119,120,122,123,125,127,130,131,133,136,138,140,141,145 "55";
56 95 0 24,48 "56";
57 105 0 0,1,4,6,7,12,14,15,18,19,20,22,24,26,28,30,33,35,37,38,40,43,45,46,50,52,54,58,61,62,64,66,69,71,73,75,77,79,81,82,83,87,88,90,91,92,96,98,100,102,105,108,109,111,114,117,118,120,121,124,126,127,129,130,131,135,136,137,138,141,142,144 "57";
58 25 0 6,16,23,62,90,103,121 "58";
59 113 1 103,117,137 "59";
60 55 0 0,2,4,7,14,16,18,23,28,31,33,34,36,37,39,41,49,51,52,55,62,64,65,66,67,68,70,75,77,82,83,85,86,89,94,96,98,100,101,106,108,110,111,114,118,128,129,132,133,141,143 "60";
61 32 0 5,7,9,11,13,20,21,24,27,30,31,33,37,39,40,42,44,45,48,50,51,53,59,62,65,66,67,69,70,72,74,76,78,82,84,86,91,93,94,96,100,102,104,106,109,111,112,114,115,120,121,125,127,128,133,136,137,139,141,143,145 "61";
62 95 0 1,3,4,7,10,11,13,14,17,18,22,26,33,35,37,38,39,42,45,49,50,51,53,54,56,62,65,67,69,71,73,77,78,81,85,86,89,90,91,93,96,100,106,108,110,112,113,118,119,122,123,125,128,130,131,132,133,140,145 "62";
63 40 1 1,24,30,35,36,38,44,47,49,60,63,68,89,94,98,99,114,118,120,129,131,139,141,142 "63";
64 115 1 1,4,8,9,12,18,21,23,26,30,37,39,46,47,50,51,53,55,59,60,62,63,64,69,72,75,76,79,80,81,83,89,90,98,99,106,108,109,111,114,117,119,120,121,122,124,126,129,132,133,134,136,138,139,141,143,144,145 "64";
65 62 0 8,9,12,14,15,16,18,20,21,25,33,35,40,41,45,50,55,58,61,63,68,72,74,81,84,90,91,93,97,101,103,105,108,114,115,118,119,123,126,133,136,139,145 "65";
66 91 1 2,4,9,10,15,17,21,22,33,38,39,43,51,52,63,65,68,70,74,89,99,100,102,104,111,119,123,131,133,135,136,138,140,142,145 "66";
67 134 0 0,12,22,28,29,39,45,49,51,54,55,59,62,64,68,74,76,78,92,99,103,114,118,123,132,135,136,138,139,142 "67";
68 119 1 0,9,11,15,16,18,25,28,33,36,40,42,45,57,58,60,63,65,68,69,74,77,80,83,84,92,94,99,105,108,109,116,117,122,124,127,128,136,138,144 "68";
69 23 1 0,2,3,8,10,11,13,17,20,22,24,28,30,32,35,37,39,43,45,46,50,51,54,57,60,62,63,65,66,69,71,72,77,80,83,85,87,89,90,93,96,97,99,102,104,107,108,110,113,115,118,125,129,130,131,132,134,136,139,144,145 "69";
70 67 0 37,40,43,44,47,51,56,59,71,74,82,84,85,86,100,121,136,145 "70";
71 135 1 1,3,4,5,11,21,25,26,29,34,35,37,45,46,52,54,57,58,60,62,66,69,74,75,78,79,83,97,100,103,106,114,116,117,119,122,124,125,127,128,129,131,134,139,140,142,144,145 "71";
72 102 0 2,7,9,12,21,30,31,37,48,50,58,64,65,68,80,82,86,87,92,96,117,122,125,132,134,139,144,145 "72";
73 115 1 0,4,8,11,13,18,25,28,32,34,38,39,44,45,46,52,56,58,59,60,62,64,66,69,75,77,80,82,84,90,92,95,103,105,107,111,119,122,125,130,136,138,139 "73";
74 45 1 3,6,12,13,17,23,24,28,34,36,39,40,42,44,46,51,62,75,94,95,98,104,110,111,112,114,122,126,128,131,132,133,138,142,144 "74";
75 122 0 1,4,12,17,18,23,28,31,33,35,38,46,47,48,51,52,54,57,58,74,84,85,93,96,100,103,104,106,109,111,113,119,129,131,136,141,144,145 "75";
76 14 0 2,34,40,87,98,104 "76";
77 27 1 2,5,9,11,13,16,17,19,26,29,31,32,37,39,40,43,45,46,48,50,56,58,68,71,79,84,90,93,97,98,100,104,106,107,116,119,121,124,125,127,129,131,132,135,137,142,145 "77";
78 66 0 0,4,7,9,11,12,14,16,17,19,20,21,23,28,30,31,33,35,36,42,43,45,48,51,53,54,56,58,60,61,69,71,77,83,87,88,91,92,93,99,100,101,103,104,105,107,110,111,113,114,118,119,120,122,125,126,127,133,135,136,138,145 "78";
79 106 1 1,4,6,8,10,17,18,20,26,29,32,38,42,44,48,49,56,67,75,76,84,93,95,99,110,112,115,117,119,121,123,140,142 "79";
80 21 1 2,4,7,10,11,12,14,15,17,19,21,24,25,27,28,29,30,32,35,37,38,40,42,43,48,52,53,55,60,63,64,65,70,71,73,77,78,80,82,89,90,93,95,96,98,99,102,105,107,109,110,113,114,119,120,123,125,130,132,134,138,140,143,144 "80";
81 125 1 7,10,16,23,35,36,42,45,50,53,59,62,65,77,81,87,93,96,98,110,122,143,145 "81";
82 66 1 2,4,7,29,64,71,115 "82";
83 71 1 1,5,6,9,10,12,19,23,27,28,34,36,41,43,46,52,54,56,58,64,67,72,73,81,85,90,93,94,112,113,116,125,126,129,140 "83";
84 110 1 4,6,7,8,11,13,17,18,20,24,29,36,38,42,47,48,52,54,58,62,64,66,70,72,74,75,77,83,88,91,94,95,96,98,102,103,104,112,114,115,117,122,124,125,130,134,137,139,141,145 "84";
85 4 0 5,9,11,15,19,20,22,23,28,33,39,42,46,57,62,67,80,81,84,96,99,110,111,115,121,123,140,142 "85";
86 125 0 3,9,13,16,20,23,26,30,36,40,44,46,49,53,55,59,60,68,71,72,79,84,93,95,96,99,107,111,113,116,119,122,126,131,134,137,138,141,142 "86";
87 26 1 0,1,3,6,7,8,11,13,14,16,17,19,21,23,25,28,30,34,36,38,40,41,43,47,49,51,53,55,57,58,60,61,62,64,67,72,73,76,79,80,81,84,88,91,92,94,96,98,101,104,105,106,108,109,110,111,117,119,120,121,124,127,129,130,131,132,134,136,137,140,141,144,145 "87";
88 117 1 70,76,87,91,98,104,120,123,133,141 "88";
89 146 0 48,55,112,115,118 "89";
90 91 0 57,67 "90";
91 6 0 4,9,11,14,17,34,39,50,60,73,81,86,88,96,102,106,113,130,142 "91";
92 54 0 2,3,5,6,9,10,13,15,17,19,28,29,30,35,38,41,45,47,48,50,56,58,61,62,67,70,71,73,76,78,81,83,87,91,92,97,102,103,104,107,108,110,111,113,114,115,117,118,120,123,125,126,128,133,134,137,142,143,144 "92";
93 32 0 0,3,5,8,13,15,17,18,20,23,35,41,45,57,60,62,64,65,68,77,92,97,100,106,108,113,115,120,130,132,137,138,139,145 "93";
94 126 0 1,3,6,7,9,11,12,14,16,19,20,22,23,29,33,34,36,37,38,40,43,47,53,54,55,59,63,65,68,70,72,75,77,79,81,86,87,90,92,93,96,98,102,104,112,116,120,126,131,133,135,139,140,145 "94";
95 124 1 0,3,4,5,9,13,15,18,21,23,25,26,27,29,31,33,36,39,41,42,43,46,47,49,51,53,54,57,59,60,62,66,67,69,71,73,74,75,76,78,79,83,84,85,91,93,95,96,98,100,105,106,109,112,114,115,117,118,121,122,125,128,130,132,135,136,138,142,144 "95";
96 24 1 0,3,7,14,19,22,23,25,38,42,47,51,53,62,63,64,67,69,75,80,87,92,111,116,123,126,128,133,136 "96";
97 127 1 1,4,13,16,22,26,29,32,38,41,42,44,49,58,62,67,70,72,74,79,84,86,88,90,93,95,99,102,105,108,116,121,123,125,129,132,133,137,140,142 "97";
98 58 0 0,7,9,10,12,13,17,20,22,23,27,29,31,33,35,36,38,40,42,43,44,47,49,51,55,57,60,62,63,64,65,67,69,70,71,73,74,76,79,81,86,87,90,93,97,100,101,104,106,107,108,111,113,115,117,119,122,123,124,131,133,136,138,140,143,144,145 "98";
99 132 1 1,8,16,22,26,28,29,30,34,39,41,45,46,48,49,50,55,57,64,66,67,69,70,71,74,75,77,83,87,88,95,98,99,106,110,113,118,121,123,127,130,133,134,136,138,139,141,144 "99";
100 84 1 2,4,5,7,11,13,14,17,18,21,22,24,27,29,32,33,34,36,39,44,45,46,48,50,59,61,62,64,69,71,72,74,77,79,82,84,85,87,91,93,96,97,98,100,101,108,110,115,117,122,124,126,127,129,132,134,140,141,144 "100";
101 144 1 4,19,25,30,40,67,70,77,126,142 "101";
102 116 0 10,49,54,66,81,98,102,113,114,126,131,144 "102";
103 8 1 0,3,4,7,10,12,18,22,25,26,30,33,35,38,43,47,49,50,52,55,56,61,63,66,68,69,71,75,77,79,81,85,86,87,89,90,94,97,98,99,102,103,104,105,107,108,109,113,119,123,126,129,131,133,135,138,139,141,145 "103";
104 84 1 0,1,11,12,18,23,26,28,30,34,37,46,47,50,55,59,60,62,64,72,73,82,88,92,96,105,106,112,115,118,120,123,129,136,142,143,145 "104";
105 121 1 4,10,11,16,23,25,27,32,36,42,45,53,54,56,58,60,63,66,70,74,82,94,98,100,109,113,119,133,135,136,138 "105";
106 64 0 2,3,5,7,10,12,15,18,19,22,25,27,30,31,33,34,35,37,38,39,42,44,46,47,50,51,55,58,60,61,62,65,67,72,73,75,76,77,78,84,86,88,89,90,92,93,96,98,102,105,106,108,109,111,112,113,115,116,119,121,124,125,127,128,131,132,134,136,137,138,144 "106";
107 124 1 3,5,7,12,13,14,18,23,34,35,37,41,44,52,55,60,62,65,69,70,71,75,79,81,82,87,93,96,100,106,109,111,117,118,120,122,125,127,129,131,134,135,137,138,140,145 "107";
108 63 0 2,4,5,6,8,10,12,17,18,26,27,29,30,35,36,39,40,44,45,47,48,49,52,53,55,59,60,64,66,70,73,76,77,79,81,83,84,85,86,89,90,91,93,95,97,100,102,105,107,108,112,113,116,117,119,120,121,124,128,130,132,134,137,139,140,142,144 "108";
109 144 0 1,3,9,10,12,13,15,16,18,19,22,23,31,35,36,38,43,44,47,49,51,53,56,58,61,63,64,66,67,69,71,73,76,77,78,79,81,83,87,89,91,92,93,95,97,98,102,104,107,110,112,113,114,116,119,121,123,124,127,130,133,136,137,145 "109";
110 115 1 0,2,5,6,9,12,14,15,17,21,22,23,24,25,27,28,30,33,35,36,38,41,44,45,51,54,55,56,58,61,63,64,70,71,73,76,79,83,86,87,91,92,94,98,100,101,103,104,106,107,110,113,116,122,124,126,130,132,134,135,138,142,145 "110";
111 132 0 70,74 "111";
112 11 1 0,3,6,7,10,12,14,15,17,18,22,24,25,26,28,29,32,36,39,43,45,46,54,56,58,61,62,65,69,71,77,80,84,85,89,99,104,105,106,108,110,114,115,118,130,138,145 "112";
113 27 0 0,1,3,5,8,10,11,13,15,17,22,26,29,31,35,38,40,45,49,53,56,58,61,64,68,72,76,77,79,80,83,87,88,91,93,94,97,100,102,103,104,106,107,108,112,114,126,129,132,133,136,137,139,145 "113";
114 59 1 0,1,11,14,15,20,24,27,30,43,45,48,51,54,59,64,68,72,74,76,82,91,92,98,100,102,105,110,112,113,115,117,120,122,126,127,143 "114";
115 71 1 1,2,3,6,7,9,11,12,14,18,19,23,28,30,31,33,36,38,40,42,44,45,46,48,51,56,58,59,61,63,64,65,67,74,82,84,86,87,90,97,99,101,102,103,105,111,114,116,123,132,134,136,138,140,141,144,145 "115";
116 14 1 13,63,96,134 "116";
117 146 0 10,15,21,22,23,26,28,32,33,41,44,46,49,57,61,66,74,77,79,83,86,88,93,95,97,101,102,104,107,109,111,120,122,125,130,143 "117";
118 133 0 3,9,12,20,22,25,29,32,33,35,56,66,86,87,90,92,94,98,106,119,123,124,129,130,134,136,140,141 "118";
119 116 0 0,23,28,30,41,46,52,60,63,70,74,87,93,125,134 "119";
120 4 1 1,2,4,5,8,10,12,14,15,17,19,21,22,24,25,28,30,31,34,39,41,42,44,47,51,53,55,56,57,60,64,66,67,69,70,72,73,75,77,78,81,82,84,86,87,88,89,91,92,97,99,102,104,106,109,110,112,114,116,119,121,122,124,128,129,131,133,135,137,138,141,144,145 "120";
121 60 0 1,15,17,22,35,42,58,68,69,107,131,136 "121";
122 17 1 0,2,4,8,11,12,14,16,18,21,23,25,26,30,31,37,38,41,43,48,53,56,60,62,64,65,71,76,77,80,83,85,90,91,94,95,98,105,107,109,111,114,116,118,119,121,123,124,126,127,129,131,132,138,141,143,145 "122";
123 74 0 2,9,13,32,40,52,55,63,73,84,86,87,91,100,124,129,131,143 "123";
124 76 0 3,4,6,13,15,17,21,36,43,46,52,56,59,61,64,66,75,77,88,90,97,99,101,102,104,108,109,111,123,129,131,133,142,144 "124";
125 37 0 1,3,6,10,13,17,23,24,25,27,29,31,37,39,45,46,50,54,55,59,64,66,74,75,76,78,79,81,83,84,88,90,91,95,96,98,102,105,109,111,115,119,122,124,125,127,131,134,135,143 "125";
126 68 0 1,2,4,6,8,9,12,13,14,16,18,19,21,23,26,27,29,30,31,33,34,37,38,40,41,42,46,53,54,56,57,58,60,62,64,66,70,72,73,77,78,79,81,84,86,88,95,96,97,101,103,106,108,110,112,116,120,122,123,125,129,130,131,133,135,137,138,139,141,145 "126";
127 77 1 0,10,18,20,21,24,27,28,33,35,41,48,51,52,59,61,70,71,75,76,77,83,86,99,103,105,109,110,112,113,115,118,123,127,133,137,139,145 "127";
128 82 1 2,4,8,14,16,18,20,24,26,28,30,36,40,45,53,55,60,63,65,75,87,91,92,93,97,99,101,106,109,113,115,117,126,131,135,145 "128";
129 134 0 33,109,117 "129";
130 90 0 3,12,21,28,36,37,40,53,60,73,74,80,96,108,110,119,126,143 "130";
131 53 1 1,4,12,16,18,19,23,24,28,33,35,38,40,41,43,44,47,48,52,56,59,61,65,68,69,74,76,78,81,82,92,93,95,98,102,105,106,108,109,111,112,116,117,122,123,124,127,130,132,134,141,142,144 "131";
132 48 1 2,5,9,12,16,19,22,26,27,34,36,44,46,47,50,57,59,62,64,65,67,71,79,81,82,85,86,91,94,98,100,104,106,109,114,116,117,118,120,125,128,129,132,137,139,142,145 "132";
133 57 1 0,4,6,8,12,13,15,18,20,22,25,28,31,32,34,36,39,42,43,45,46,48,49,53,54,55,57,59,60,62,66,71,72,75,77,78,79,81,83,84,85,90,92,93,95,100,102,105,107,108,109,111,115,118,120,124,129,130,132,133,134,138,140,144,145 "133";
134 111 0 6,8,10,11,15,21,25,26,32,34,37,39,41,44,47,48,54,56,58,59,61,62,64,67,69,75,77,78,80,81,84,85,87,93,95,98,100,101,104,106,108,112,115,117,120,128,130,131,136,137,139,141,143,145 "134";
135 5 1 1,57,61,70,95,109,114,129,140 "135";
136 108 0 1,7,9,13,16,26,50,52,58,59,64,67,83,92,101,108,117,130,132,141 "136";
137 145 1 13,34,43,47,51,53,57,63,71,80,90,109,118,122,127,131,136,138,142 "137";
138 3 0 67,121,123,133 "138";
139 41 0 36,42,62,65,67,76,85 "139";
140 40 0 9,10,19,25,28,31,35,42,44,47,48,51,55,67,94,96,97,104,105,106,123,128 "140";
141 11 0 5,9,11,14,24,28,29,45,57,72,83,86,90,105,108,109,111,113,121,125,132,135,139 "141";
142 82 1 1,3,4,8,11,16,19,22,26,30,34,37,39,41,42,43,46,48,50,52,54,56,58,60,62,74,75,77,81,83,85,89,91,94,95,96,98,99,101,103,106,111,112,114,117,121,122,126,127,130,135,137,139,143 "142";
143 79 0 0,1,3,5,7,8,11,14,17,20,22,24,26,30,31,33,35,38,39,45,47,48,51,52,53,55,57,63,65,66,67,69,71,72,73,75,77,81,86,89,91,92,94,96,104,106,107,109,112,114,115,119,121,123,125,127,129,131,132,133,136,139,142,144 "143";
144 120 1 1,4,6,10,11,13,18,20,21,24,26,28,29,31,33,35,36,37,39,42,43,44,46,49,53,54,57,58,60,62,65,66,68,70,72,74,78,81,86,88,91,100,101,103,104,105,106,108,109,112,116,122,123,125,129,132,136,137,139,140,141,145 "144";
145 70 0 77,119,125 "145";
