parity 90;
0 83 1 6,9,10,12,13,16,18,23,30,32,35,40,45,48,56,61,62,65,68,71,73,78,80,83,88 "0";
1 43 0 0,1,2,4,5,6,8,12,14,17,18,19,22,23,28,30,31,33,35,36,39,40,43,46,48,49,52,56,58,59,60,63,64,68,71,73,74,77,78,79,82,84,85,88 "1";
2 5 0 4,13,17,20,23,27,35,36,38,42,45,49,51,56,63,66,71,76,78,87,88 "2";
3 27 0 0,1,3,4,6,7,10,11,13,16,19,21,22,24,26,28,29,30,32,34,36,37,39,44,49,51,53,56,58,59,60,62,65,67,68,71,73,75,78,80,82,83,86,87,89,90 "3";
4 45 0 1,4,5,7,10,11,13,25,28,30,37,41,44,46,48,49,51,55,61,62,67,70,73,74,77,81,85,88 "4";
5 2 0 16,26,32,50,69 "5";
6 59 1 12,14,16,17,21,24,28,32,34,36,37,42,44,48,49,51,53,55,57,67,69,72,79,84,87,89 "6";
7 20 0 4,11,16,19,23,25,28,31,36,38,41,44,45,46,48,51,54,58,59,64,66,79,82,86,89 "7";
8 88 0 0,1,6,7,10,13,15,16,18,20,22,23,24,27,28,29,31,33,35,38,39,42,43,44,46,48,49,50,51,56,58,60,61,62,63,66,69,70,74,75,78,80,81,82,85,89 "8";
9 81 0 0,5,8,11,14,15,17,18,20,21,24,26,28,29,32,33,35,37,42,45,46,48,49,51,53,55,57,58,59,60,61,62,65,70,71,72,73,75,78,80,81,85,87,89 "9";
10 58 1 0,8,9,13,16,21,23,26,28,29,31,34,35,37,39,42,43,45,48,50,51,53,56,58,61,62,64,65,69,71,73,77,79,80,82,83,85,86,90 "10";
11 0 1 0,1,4,8,10,15,23,28,35,36,38,40,43,45,47,49,52,56,58,59,60,62,63,65,67,68,71,73,76,85,87,89,90 "11";
12 7 1 1,5,7,8,10,11,13,14,20,21,22,24,25,27,29,30,31,33,35,37,40,44,45,46,47,49,51,54,55,56,58,59,62,64,65,67,68,69,73,74,76,77,78,80,87,89 "12";
13 70 0 1,10,12,13,17,23,29,31,43,50,67,68,74 "13";
14 7 1 0,2,5,8,10,12,13,16,18,20,25,27,29,31,33,36,37,39,41,43,45,48,50,52,53,54,56,58,59,60,62,64,65,67,69,71,73,75,76,78,79,80,83,84 "14";
15 53 1 5,15,25,32,40,46,50,60,65,72,73,80,82 "15";
16 42 1 1,5,8,11,14,17,20,22,29,31,38,43,45,53,54,58,60,66,72,87 "16";
17 82 0 0,1,2,6,7,12,15,24,27,28,33,43,45,47,54,56,57,65,67,72,74,76,77,79,83,84,88,90 "17";
18 75 0 3,6,10,13,39,42,55,76,85,87 "18";
19 6 0 0,2,5,6,8,10,11,14,16,22,23,34,37,42,44,46,53,56,60,61,63,65,66,70,72,73,78,83,88,90 "19";
20 58 0 1,3,9,13,16,17,22,24,27,29,36,43,44,46,48,53,55,59,60,62,64,67,70,73,78,81,85,86,89 "20";
21 4 1 0,90 "21";
22 73 1 7,12,61,74 "22";
23 70 0 0,11,17,25,41,53,65,69,78,81,84 "23";
24 70 1 5,15,31,38,44,51,70 "24";
25 2 1 0,1,4,5,11,15,18,21,23,25,27,29,33,37,41,44,46,49,57,60,66,68,72,74,75,83,84,87 "25";
26 73 1 75,77 "26";
27 24 1 2,8,10,11,15,19,24,27,28,30,33,41,42,54,55,63,65,66,69,70,72,75,76,80,82,84,86,88,90 "27";
28 36 1 3,5,8,9,14,15,17,19,25,28,29,30,34,36,38,40,41,43,50,51,52,55,59,60,62,66,67,70,72,73,75,76,78,79,80,81,90 "28";
29 89 0 0,3,6,8,11,13,14,16,23,25,26,28,31,34,35,43,52,53,54,56,61,65,66,69,71,72,73,75,78,79,83,85,87,90 "29";
30 77 1 0,2,5,7,9,13,15,18,20,21,32,34,37,45,48,49,51,53,54,55,59,62,64,67,69,70,74,76,78,82,83,88,90 "30";
31 6 1 3,5,10,13,20,23,24,36,39,44,47,48,53,56,62,64,68,75,77,80,89 "31";
32 53 0 0,1,3,6,7,9,10,12,14,15,16,19,22,24,25,26,27,28,31,32,33,35,39,40,43,45,47,48,51,52,54,56,58,60,62,64,66,68,71,73,74,75,79,84,86,88 "32";
33 43 0 6,10,24,40 "33";
34 54 1 0,5,8,22,30,32,34,40,49,53,57,58,61,75,85,88,89,90 "34";
35 57 1 5,6,8,9,16,21,28,32,34,35,38,42,46,47,52,53,55,56,61,63,67,69,72,88 "35";
36 71 1 1,3,5,6,9,11,14,19,20,21,26,29,35,37,41,42,47,48,56,58,60,63,69,79,81,85 "36";
37 30 1 0,2,7,8,11,12,15,21,22,23,26,27,32,35,37,38,40,41,42,45,48,49,52,59,62,63,68,72,74,79,80,81,83,84,87,89 "37";
38 26 1 0,6,13,26,29,36,40,45,46,56,61,64,68,78,89,90 "38";
39 4 0 6,8,10,12,35,39,46,55,90 "39";
40 28 1 0,1,6,10,13,15,19,23,26,27,29,33,36,37,41,43,45,48,51,52,54,59,65,66,70,73,75,80,81,84,85,88 "40";
41 14 1 3,5,7,13,15,18,21,22,27,29,30,35,37,42,48,50,54,57,70,72,78,81,88 "41";
42 66 0 0,5,26,72,74,82,88 "42";
43 3 1 1,3,6,8,10,13,21,24,27,31,33,36,38,52,57,62,63,64,67,72,74,75,82 "43";
44 91 1 1,4,6,14,17,18,22,29,32,33,36,48,51,53,57,58,62,74,76,81,87,89 "44";
45 87 0 0,7,8,11,21,22,25,34,35,38,40,42,45,49,52,58,61,63,64,69,70,73,74,79,81,85,87 "45";
46 10 0 0,2,9,10,13,15,19,21,25,29,31,34,36,38,40,43,45,47,48,49,59,61,69,70,72,74,77,78,81,84,87 "46";
47 9 0 13,48,55,81 "47";
48 63 0 0,1,4,7,8,10,12,13,24,26,28,33,34,36,37,41,43,44,45,52,55,56,58,60,63,66,67,72,73,74,75,77,79,81,83,86,87 "48";
49 58 1 3,8,23,25,31,39,50,68,71,72,77,80,84 "49";
50 75 1 0,2,6,7,9,13,14,16,18,20,21,22,26,29,31,32,35,37,38,39,41,43,45,47,48,51,52,57,60,63,64,67,70,71,72,74,76,77,79,81,83,84,86,87,88,90 "50";
51 80 1 0,4,5,8,10,14,16,21,22,25,29,32,34,35,37,39,46,54,56,61,64,65,67,73,78,80,86,88,90 "51";
52 5 0 4,5,9,17,20,23,25,29,32,47,53,58,66,80,83,87,90 "52";
53 37 0 1,37,43,65,74,81 "53";
54 11 0 0,7,10,11,15,24,25,28,34,36,43,45,48,50,54,61,69,79,81,82,85,86,88 "54";
55 53 1 2,4,22,27,28,35,43,52,65,71,72,80,84,87 "55";
56 87 1 1,4,5,7,9,10,11,14,15,17,19,20,23,24,28,29,33,34,36,38,39,41,43,45,47,49,51,54,56,57,58,60,61,65,68,70,74,77,81,84,86,88,89 "56";
57 48 1 2,3,4,6,9,12,17,20,22,28,30,31,32,35,36,41,48,49,52,56,60,61,62,64,75,77,79,82,85,87,89,90 "57";
58 37 0 2,13,20,26,35,40,48,64,69,77,83 "58";
59 14 0 1,6,7,16,21,23,25,29,30,40,42,43,45,46,54,56,58,59,61,64,69,73,79,86,88,90 "59";
60 16 0 1,4,6,7,8,9,11,13,16,17,18,20,21,23,25,27,28,30,35,37,40,41,46,47,49,56,57,59,60,66,69,73,74,76,79,80,82,84,85,87,89,90 "60";
61 25 1 2,5,9,11,13,14,20,21,23,29,31,32,33,36,40,43,44,47,51,53,56,58,59,61,64,66,67,69,71,75,76,80,81,85,86,89,90 "61";
62 9 1 26,28,39,53,57,58,63,80 "62";
63 58 0 0,4,5,7,10,14,16,18,23,24,27,30,34,36,38,39,43,45,47,49,53,55,56,58,61,65,69,71,72,75,83,84,90 "63";
64 63 0 2,3,7,14,17,21,32,42,44,51,54,55,59,64,70,74,75,76,79,90 "64";
65 10 1 0,1,3,7,10,13,15,17,19,26,29,32,33,37,39,42,43,45,47,48,50,55,57,63,66,69,76,80,88 "65";
66 26 0 50,52 "66";
67 47 0 7,11,13,16,20,21,23,25,29,31,34,37,38,40,43,50,64,69,75,76,80,82,84,86,88 "67";
68 69 1 1,3,5,11,13,15,17,18,23,26,29,34,36,39,41,43,45,56,58,60,63,64,66,70,71,75,76,79,81,86 "68";
69 82 0 2,3,5,7,8,10,12,15,16,18,19,20,21,23,25,26,28,30,31,34,38,40,43,44,49,51,52,54,55,57,60,64,66,68,70,72,76,79,81,84,87,89 "69";
70 66 0 23,25,63,74,76,81,90 "70";
71 0 1 14,21,37,42,47,87 "71";
72 28 0 3,11,13,15,20,25,33,85 "72";
73 55 0 0,2,4,5,6,7,9,10,13,14,16,18,22,23,25,26,33,37,39,40,42,44,45,48,50,51,53,55,57,59,61,62,65,66,67,71,73,74,77,78,81,83,85,87,88,90 "73";
74 48 1 4,6,8,11,17,19,22,24,27,29,32,37,40,44,51,57,59,61,62,67,70,74,77,79,81,82,83,85,88,89 "74";
75 9 1 0,5,8,10,11,12,15,16,20,23,24,26,27,28,30,31,36,37,38,40,43,47,51,54,58,60,62,66,67,69,72,73,76,79,81,83,84,86,88,90 "75";
76 56 0 1,3,6,13,15,16,17,20,25,29,30,32,36,38,40,41,43,44,45,47,49,53,55,57,59,61,62,64,67,69,70,71,72,75,77,81,83,85,87,89,90 "76";
77 76 0 4,8,20,26,31,45,46,48,50,55,63,71,72,75,79,81,83,87,89 "77";
78 12 0 0,4,10,13,18,21,28,34,38,41,47,55,65,70,71,73,76,83,87,90 "78";
79 39 0 2,4,5,9,14,18,21,23,25,30,34,36,41,44,45,48,49,52,56,57,59,60,62,63,73,75,81,87,88,90 "79";
80 12 0 0,43,45,51,52,57,65,67,85 "80";
81 57 1 24,25,29,33,47,53,59,64,81,84 "81";
82 35 1 1,2,4,9,11,12,16,18,23,25,28,34,35,37,38,45,48,50,53,62,67,74,79,87 "82";
83 11 0 0,1,3,5,7,8,10,14,16,17,20,26,28,30,31,32,35,38,39,41,42,43,45,48,49,52,55,56,59,62,63,66,69,70,74,77,79,81,82,85,87,89 "83";
84 75 0 5,11,18,22,25,27,30,44,67,68,79,81 "84";
85 29 1 6,15,36,53,81,83 "85";
86 4 1 2,4,5,10,16,19,41,47,55,64,70,76,80,82,83,85,87 "86";
87 17 0 7,16,17,19,24,29,32,38,39,43,45,48,51,55,57,59,61,63,67,71,74,75,77,78,81,85 "87";
88 2 1 0,5,6,7,11,18,19,23,24,28,29,36,39,40,43,45,47,51,53,58,61,63,67,70,71,72,75,77,82,83 "88";
89 91 1 4,12,14,15,26,37,50,57,61,74,83 "89";
90 73 0 8,9,16,17,22,27,29,31,38,41,46,49,52,54,56,59,61,63,65,67 "90";
