parity 155;
0 109 0 14,26,40,66,78,126,132 "0";
1 77 0 1,2,3,5,8,14,15,17,18,20,21,22,26,28,29,33,34,40,44,46,50,53,58,62,67,69,71,75,76,77,79,82,84,85,92,93,96,99,100,103,105,106,107,111,112,114,115,117,118,120,122,124,128,131,132,134,135,137,139,142,144,145,150,152,154 "1";
2 60 1 2,8,20,25,34,37,39,40,43,51,52,54,57,64,66,68,71,73,75,76,83,88,91,96,100,102,109,113,116,119,122,127,129,131,136,139,140,147,150,152 "2";
3 43 0 6,12,17,22,24,30,34,36,39,41,49,50,53,57,60,74,76,80,88,90,93,96,101,111,118,123,125,126,129,134,136,138,141,144,148,151 "3";
4 51 1 7,22,32,54,62,63,106,112,122,125,154 "4";
5 144 1 3,6,10,11,12,23,26,29,32,36,41,45,49,63,67,72,73,76,79,84,85,90,97,101,104,106,112,116,119,122,126,128,138,140,147,149,154 "5";
6 88 0 10,50,78,89,92,108,119,122,128,146,155 "6";
7 130 1 0,1,5,6,9,11,12,14,17,19,21,23,25,28,30,31,37,38,42,44,45,46,50,52,54,55,58,61,65,71,75,79,83,84,86,89,91,94,97,98,100,102,104,108,112,113,115,118,125,126,127,135,137,140,143,145,148,152 "7";
8 81 0 0,1,4,9,11,12,14,15,18,20,22,24,27,28,31,34,38,39,40,41,43,50,52,54,57,60,63,65,68,69,70,72,74,76,77,80,81,86,87,90,91,95,99,103,106,108,111,113,115,118,119,122,123,126,127,129,130,133,135,137,139,141,144,147,148,150,151,154,155 "8";
9 82 0 2,4,5,7,10,11,13,17,18,19,20,21,25,27,28,30,32,35,37,39,40,42,45,46,47,49,51,52,54,59,60,64,65,67,69,74,76,78,80,82,84,85,89,92,93,94,95,97,99,101,102,104,105,108,109,111,112,113,114,117,118,120,123,124,126,128,130,131,133,135,136,138,142,144,146,151,153 "9";
10 35 1 0,2,3,5,7,10,14,18,21,23,28,33,36,37,40,41,42,46,49,52,54,55,58,59,66,70,71,73,75,76,79,81,85,86,89,92,94,96,97,98,101,103,104,106,109,110,112,115,116,118,120,121,124,126,128,130,131,135,140,142,147,149,152,155 "10";
11 44 0 0,3,7,8,10,17,20,22,24,29,34,36,37,38,43,47,55,56,58,66,70,72,76,77,85,90,93,94,99,102,106,107,112,116,117,127,131,133,139,141,145,150,151,154,155 "11";
12 67 0 4,7,13,16,17,19,24,28,30,37,39,40,60,61,63,67,71,76,83,88,91,92,94,97,98,100,124,136,138,145,149 "12";
13 41 0 0,1,5,13,16,22,25,28,36,39,46,47,50,52,53,58,59,63,65,67,68,72,85,87,90,95,100,101,110,111,112,113,121,125,127,130,133,135,136,139,144,145,149,154 "13";
14 135 1 3,7,10,12,15,16,18,20,22,25,29,37,40,44,46,47,48,50,56,62,69,72,74,80,83,85,89,94,99,100,107,117,123,127,128,132,138,140,142,145,148,150,152 "14";
15 71 0 2,11,55,58,76,82 "15";
16 50 1 0,2,3,5,6,10,12,14,15,17,21,23,24,25,31,33,35,39,40,41,45,47,48,55,56,58,59,64,67,69,71,72,74,75,79,82,83,88,91,96,99,101,103,104,105,106,107,109,111,112,114,117,119,121,123,124,126,129,130,131,133,134,136,141,143,147,150,152,153,155 "16";
17 130 1 1,2,4,7,9,10,11,16,17,19,20,23,25,27,29,33,34,36,37,40,42,44,47,48,50,51,56,58,59,63,66,69,70,72,74,75,78,81,83,86,89,91,93,94,97,101,102,105,107,109,110,114,115,117,120,122,124,125,127,130,132,133,135,136,141,142,144,147,148,150,152,153,154 "17";
18 66 0 3,4,8,9,12,14,17,18,20,22,24,27,30,32,33,35,37,39,40,42,43,46,48,49,51,53,57,61,64,65,68,70,72,76,79,81,83,84,86,88,96,99,100,102,103,107,110,112,115,117,119,122,123,124,127,129,134,137,138,140,141,146,148,150,152,155 "18";
19 145 0 0,5,8,10,12,13,15,17,19,20,22,23,26,29,31,35,36,37,39,41,44,46,48,49,51,53,54,57,58,60,62,63,65,70,72,74,77,78,83,86,90,92,94,97,100,102,108,109,112,114,115,117,120,122,126,128,131,132,138,139,140,143,145,146,148,149,153,155 "19";
20 72 1 5,22,26,30,42,43,46,50,56,63,67,69,71,73,75,82,83,88,91,94,96,103,114,118,127,129,143,147,153 "20";
21 25 0 0,3,8,10,12,17,23,30,31,46,49,53,57,59,68,89,100,108,115,117,129,147 "21";
22 135 0 41,68,115,146 "22";
23 51 0 1,5,8,10,11,13,14,16,17,20,24,26,29,30,32,35,38,40,43,44,46,50,54,55,57,61,62,66,68,69,72,76,78,79,81,82,83,86,89,91,93,94,99,102,104,105,110,112,113,115,116,117,120,123,125,126,128,130,131,132,133,135,137,140,142,144,146,147,150,151,154,155 "23";
24 137 1 11,24,42,48,62,68,80,84,112,124,128,133,151 "24";
25 23 1 0,3,6,8,12,18,20,23,27,28,32,40,42,52,58,62,63,71,73,82,88,93,94,96,105,109,116,119,122,124,137,138,141,144,146,147,149 "25";
26 13 0 0,3,7,10,11,13,15,17,19,22,24,26,27,30,31,32,34,35,37,39,40,41,43,45,46,48,50,52,56,59,60,62,64,69,70,71,73,76,78,79,81,83,85,87,89,90,91,93,94,96,98,101,103,106,107,109,110,111,113,116,118,119,122,124,126,127,130,131,134,135,137,142,144,147,149,152,153 "26";
27 134 1 2,3,6,8,9,11,12,13,15,17,19,20,22,25,27,31,32,35,39,42,45,49,50,54,56,57,58,60,61,63,64,65,68,70,71,73,74,78,80,82,83,87,89,91,92,94,98,107,109,110,112,113,115,121,124,126,128,130,132,134,135,141,142,143,146,148,151,154,155 "27";
28 99 0 0,4,48,59,107 "28";
29 156 1 27,77,136 "29";
30 145 0 10,15,17,19,42,45,92,98,100,103,106,114,116,119,129,154 "30";
31 149 0 1,4,7,9,11,13,14,17,20,21,23,24,26,28,31,32,34,35,36,38,40,41,42,44,45,47,48,50,54,56,58,64,66,68,69,71,73,76,77,78,80,81,82,83,87,88,89,92,94,95,97,99,100,102,105,107,109,111,113,116,119,121,123,124,126,127,129,135,139,141,143,145,148,149,151,153,155 "31";
32 101 0 2,8,10,15,18,21,25,30,36,39,41,45,49,51,54,62,70,72,74,76,82,86,90,95,96,98,103,107,111,118,123,126,130,138,144,150 "32";
33 122 0 0,3,6,7,9,11,12,13,16,19,20,25,26,30,32,34,37,41,42,43,45,49,51,52,53,59,62,67,71,77,78,80,84,86,88,90,93,96,98,108,110,115,116,120,121,124,126,131,132,135,139,140,150,151,153,155 "33";
34 150 0 0,6,8,9,18,20,22,23,25,33,35,38,39,40,42,46,49,59,65,67,69,71,77,78,79,81,90,91,97,98,101,104,106,108,110,116,117,122,130,132,133,134,137,140,143,149,152,153,155 "34";
35 14 1 1,6,8,11,16,18,23,25,27,28,29,30,32,34,36,41,53,54,56,59,61,63,65,69,73,82,83,87,89,90,92,93,96,97,99,104,106,108,109,111,113,119,121,122,127,129,133,135,137,140,142,144,147,151,152 "35";
36 77 0 3,5,8,11,13,14,16,18,20,21,23,26,28,30,32,36,37,41,43,47,49,51,52,55,56,60,61,63,65,67,69,71,74,76,78,83,84,87,88,89,94,95,96,97,101,102,105,106,108,112,114,117,119,121,122,126,127,129,131,132,139,142,143,147,150,151,154,155 "36";
37 111 0 0,3,4,5,7,10,12,14,16,18,21,24,26,28,29,30,31,36,38,39,44,47,49,51,52,54,55,56,58,61,62,63,66,67,68,71,75,76,78,80,81,83,85,87,89,92,94,99,101,102,104,105,107,108,110,111,117,120,121,124,127,129,130,131,132,133,135,139,140,142,143,145,146,148,149,151,152,153 "37";
38 112 0 0,9,14,25,31,36,43,50,54,64,72,78,84,99,103,112,121,137,138 "38";
39 84 0 8,22,37,40,43,50,57,60,67,73,78,82,100,110,113,117,119,120,127,132,134,137,144,150,152,154 "39";
40 105 0 13,18,27,33,37,41,47,52,54,60,61,72,79,82,89,93,94,96,116,118,133,140,144,149,151 "40";
41 16 0 5,6,7,11,14,16,18,19,24,33,41,44,59,62,70,74,77,80,85,88,91,98,102,105,110,112,118,120,131,138,140,143,147,150,155 "41";
42 79 0 1,2,5,7,9,12,20,23,24,27,30,36,38,39,44,45,48,51,61,67,75,79,81,82,88,89,92,93,96,98,104,106,111,114,117,119,125,127,133,136,139,142,146,148,150,151 "42";
43 121 0 2,4,7,13,17,24,26,28,32,43,44,49,57,73,81,86,89,94,95,97,98,102,107,110,111,114,116,121,125,128,134,138,143,144,150 "43";
44 27 0 2,7,10,14,28,30,35,37,38,40,45,51,61,65,67,74,78,80,91,92,99,101,104,105,107,110,113,121,126,128,131,138,140,142 "44";
45 47 1 7,21,66,83,110,151 "45";
46 117 0 1,6,7,11,12,14,15,21,26,28,31,32,34,35,38,40,44,46,47,48,53,54,56,57,58,61,63,65,68,72,75,78,80,81,83,84,90,91,92,94,96,97,98,100,102,105,106,108,109,111,113,114,118,124,125,127,131,133,134,136,138,139,142,144,146,147,149,155 "46";
47 63 1 0,4,7,8,11,14,15,17,19,20,23,29,30,31,34,35,40,42,45,47,48,49,51,52,53,55,57,60,62,65,67,68,69,71,74,77,80,81,83,85,87,88,90,94,95,97,100,102,103,106,107,108,111,114,115,116,118,119,120,122,124,125,127,128,130,132,134,136,138,139,140,143,145,147,151,152,154,155 "47";
48 51 1 0,2,4,5,7,11,13,14,15,17,20,22,24,26,29,35,36,37,39,40,42,44,45,47,49,50,51,54,56,59,60,67,68,70,71,74,77,79,81,82,84,85,89,93,95,97,101,103,104,107,109,111,112,113,115,118,122,123,128,130,132,133,135,136,137,139,140,142,145,147,149,152,153,155 "48";
49 77 1 0,3,10,13,21,54,56,59,60,71,75,88,109,110,116,118,131,145,154 "49";
50 124 0 0,2,3,6,7,8,11,12,15,20,23,30,31,33,34,35,36,41,53,55,57,60,62,66,70,74,75,77,79,84,85,87,88,90,94,96,100,101,104,106,108,111,113,118,119,123,128,131,134,137,139,141,144,145,147,148,150,152,153,155 "50";
51 8 1 0,1,5,8,10,11,19,21,22,25,26,35,36,38,48,56,61,67,69,72,76,77,79,82,86,89,90,92,93,98,105,107,112,114,117,119,122,124,127,129,135,141,145,149,151 "51";
52 60 1 21,34,40,53,68,85,98,100,108,118,128,129,144,147 "52";
53 116 1 1,5,7,9,14,16,18,20,21,23,25,27,29,30,33,36,41,42,47,48,52,55,57,60,62,63,64,66,68,70,75,77,81,83,84,90,92,94,95,103,105,107,112,113,115,118,119,124,125,127,128,133,139,140,142,146,149,151 "53";
54 154 1 2,14,20,22,38,104,108,117,128,129,142,152,154 "54";
55 13 1 3,15,27,28,34,37,39,46,49,52,66,69,71,75,77,81,83,84,85,90,93,96,100,105,106,117,123,128,132,136,138,152 "55";
56 13 0 49,56,61,69,99,101,129,152 "56";
57 123 0 0,2,3,6,7,9,11,12,14,16,19,20,22,26,28,29,32,37,38,41,42,44,47,48,50,52,54,57,61,62,64,65,68,71,74,75,78,81,82,85,86,89,93,94,97,100,105,109,110,112,113,115,116,118,120,121,123,124,126,127,128,131,134,136,138,144,146,148,150,152,153 "57";
58 51 1 2,4,8,9,10,14,17,19,20,22,23,25,26,28,30,32,36,38,41,42,44,50,51,52,54,55,57,58,59,60,63,68,70,72,73,75,76,77,79,80,83,85,87,88,90,92,95,99,100,102,103,105,108,110,112,114,115,117,119,121,123,126,128,129,135,137,138,140,144,146,149,151,153,155 "58";
59 61 0 1,2,5,7,12,15,17,19,23,26,29,32,34,35,36,38,39,40,42,45,48,49,50,51,57,59,61,65,70,72,73,74,77,81,84,86,88,90,95,97,105,106,109,116,117,123,125,126,128,129,130,133,135,138,139,143,147,150,154,155 "59";
60 133 1 5,12,15,24,31,40,44,46,68,72,81,85,89,107,122,129,143,145,149 "60";
61 20 1 0,6,7,8,11,12,14,15,17,20,22,26,28,33,35,37,38,39,41,42,43,44,46,47,49,51,53,56,59,63,64,66,69,70,73,74,76,78,79,80,81,83,84,87,89,90,91,99,100,101,105,107,109,110,112,115,118,120,121,122,124,125,127,129,134,135,136,141,142,143,144,148,149,151,153,155 "61";
62 22 1 25,30,35,57,58,68,99,120,124,128,146,154 "62";
63 94 0 3,11,16,22,26,33,36,38,64,74,76,79,91,96,99,108,112,124,134,139,154 "63";
64 81 0 1,3,7,8,11,12,15,16,19,20,21,23,25,26,33,35,37,39,40,42,44,46,47,52,54,56,58,60,61,62,64,65,67,70,73,74,76,78,79,81,82,84,89,93,98,101,103,105,107,108,109,111,113,114,116,117,119,121,122,124,126,127,128,130,132,133,134,136,139,143,144,147,148,151,153,155 "64";
65 128 1 1,7,8,10,11,13,17,19,23,24,35,37,39,41,44,49,53,55,57,58,61,65,68,69,72,79,81,86,93,94,96,98,103,106,109,110,113,115,116,118,119,121,124,130,131,133,135,137,140,141,148,155 "65";
66 78 0 19,24,35,50,89,91,103,134,142,154 "66";
67 10 1 0,12,20,25,31,32,38,40,44,54,57,58,60,71,79,81,84,90,91,93,98,113,124,129,145,155 "67";
68 41 1 16,55 "68";
69 87 1 15,18,26,37,47,67,84,110,114,136,150 "69";
70 4 0 37,46,72,82,93,98,101,114,119,126,127,129,133 "70";
71 111 1 1,2,7,8,10,12,13,14,16,17,19,20,21,23,24,26,27,29,32,33,35,38,40,42,46,47,50,51,53,55,57,58,59,63,66,68,69,72,75,79,84,90,92,95,96,98,100,103,104,108,110,112,114,115,117,120,121,124,126,127,130,131,134,135,137,140,142,144,145,147,148,150,151,152,153,155 "71";
72 43 1 8,11,20,25,37,47,58,60,74,82,83,103,130,133,137,139,149,151 "72";
73 79 0 0,5,9,10,14,21,25,26,29,31,37,45,48,49,62,63,69,71,78,108,114,121,129,136,139,140,142,149,152,153 "73";
74 44 1 1,4,6,12,13,19,24,28,30,31,37,40,43,46,48,49,62,63,66,67,81,83,87,89,94,97,100,102,103,106,107,110,115,117,120,122,125,126,135,136,139,144,153,154 "74";
75 60 0 11,30,67,76,81,89,97,100,102,115,121,143 "75";
76 6 1 4,9,25,26,38,39,41,44,51,62,67,69,86,90,97,103,106,113,129,140,142,147 "76";
77 14 0 6,8,10,14,16,18,19,20,22,25,29,31,34,39,46,49,54,68,69,84,85,92,96,98,100,105,112,113,117,126,127,135,138,139 "77";
78 35 1 1,3,6,9,10,12,16,18,19,23,26,28,29,32,35,36,38,40,45,47,49,54,55,56,59,60,64,65,69,71,72,73,78,80,81,82,84,86,88,90,92,94,96,98,99,105,106,109,113,115,118,119,121,125,126,127,131,133,134,137,139,141,144,146,149,152,154,155 "78";
79 18 0 0,1,2,4,6,9,11,13,14,17,19,23,25,28,30,31,34,37,38,40,41,47,48,50,52,53,54,57,59,60,61,63,64,65,72,73,74,76,77,81,82,88,89,90,91,93,95,98,100,101,103,106,111,112,116,118,120,121,123,124,125,130,132,134,136,137,139,142,146,151,152,154,155 "79";
80 120 1 0,2,9,12,15,19,23,25,29,31,39,46,47,59,61,65,68,72,74,76,80,81,84,90,93,94,95,99,102,106,111,113,119,123,125,127,129,133,136,140,142,144,149,152,154 "80";
81 30 0 24,30,41,45,84 "81";
82 43 1 1,3,6,8,10,12,13,15,16,18,19,22,24,26,28,31,33,35,36,38,39,41,45,48,53,54,55,57,58,59,61,62,65,67,69,71,75,77,79,81,82,84,86,88,89,90,93,96,97,100,101,102,104,107,109,110,116,118,119,124,126,130,135,138,140,143,146,147,148,150,153,154 "82";
83 142 0 0,2,4,5,6,7,11,13,14,16,17,19,22,23,25,26,28,31,33,39,44,47,48,50,51,53,55,56,57,59,64,65,66,69,70,72,73,75,76,78,80,82,83,85,86,89,90,92,93,96,100,102,104,105,106,108,109,112,113,115,118,120,121,122,124,127,128,130,132,133,136,141,143,144,145,148,152,154 "83";
84 65 1 8,11,15,36,37,63,66,71,77,80,83,86,89,99,101,103,105,114,116,120,122,123,126,131,134,152 "84";
85 94 1 0,5,6,9,10,13,14,17,19,20,22,23,25,27,28,30,31,32,34,37,40,42,45,49,51,55,57,59,60,62,63,64,66,67,71,72,73,76,79,80,83,85,88,89,91,93,94,100,103,107,108,110,114,117,119,120,123,126,131,133,135,140,141,143,145,146,148,150,151,152 "85";
86 119 0 6,8,9,11,13,22,23,25,28,31,35,36,37,42,44,47,49,50,56,59,60,64,66,68,70,72,73,75,76,78,80,83,84,86,87,88,89,91,92,94,99,101,103,109,110,111,117,118,120,123,125,126,128,131,134,136,140,141,144,145,146,148,154,155 "86";
87 28 0 0,1,8,12,13,16,21,24,27,31,32,34,36,39,45,51,58,60,62,64,72,74,75,91,94,102,103,107,110,118,120,125,127,134,135,138,147,151,153,155 "87";
88 25 1 0,2,3,5,8,9,11,12,16,17,18,20,21,24,25,26,29,31,32,34,36,37,39,40,41,43,45,48,49,51,53,54,56,58,63,64,69,71,75,78,80,81,83,84,86,88,93,94,96,97,101,103,104,107,113,116,118,119,122,126,127,133,134,135,138,141,143,144,145,147,152,155 "88";
89 138 1 0,8,12,19,23,25,31,33,39,41,42,47,50,53,54,58,61,62,64,70,76,81,85,91,96,97,102,110,114,118,123,127,129,131,133,134,136,137,139,142,143,145,146,151,153,155 "89";
90 40 1 2,3,5,7,8,10,11,12,14,16,22,25,32,34,40,41,43,45,47,48,49,51,52,54,56,57,58,65,66,69,72,73,79,80,82,87,88,89,91,98,101,104,105,107,110,113,114,117,120,122,124,125,127,128,130,131,134,136,137,138,140,147,152,155 "90";
91 47 1 8,12,15,19,42,53,57,59,61,69,87,88,102,107,109,116,117,134,138 "91";
92 89 1 0,5,8,10,11,12,14,20,22,23,28,29,31,35,36,39,41,44,48,51,52,54,55,56,61,63,67,74,75,80,82,84,86,88,91,96,97,99,104,105,106,111,114,116,121,125,128,132,135,136,139,142,143,145,146,150,151,152,154 "92";
93 146 1 1,3,9,10,12,17,18,23,24,27,33,37,42,45,50,53,56,58,63,68,69,78,82,84,86,89,95,106,108,110,112,115,117,119,121,124,126,128,129,131,135,138,141,142,145,149,152 "93";
94 66 1 3,4,6,11,13,14,16,18,21,22,25,26,27,28,30,35,36,38,40,44,45,50,54,55,57,62,65,66,69,71,73,75,76,79,81,84,85,88,90,93,96,98,104,106,107,113,114,116,117,118,121,123,128,130,134,135,137,138,139,141,142,143,145,147,150,151,153 "94";
95 144 1 0,4,11,19,26,31,33,37,38,40,47,49,58,61,65,94,98,101,103,107,109,116,123,137,141,153 "95";
96 132 1 0,2,3,5,6,8,13,16,21,24,26,29,32,38,39,47,48,49,51,53,58,60,62,74,75,77,78,79,81,83,86,89,90,98,99,100,105,106,109,110,111,113,114,116,117,119,121,123,125,130,132,133,136,141,144,146,148,149,151,153,154 "96";
97 153 1 0,2,7,9,11,17,19,25,29,32,37,39,40,42,43,46,49,51,52,53,58,64,67,68,70,72,76,78,80,86,90,92,96,105,109,110,114,117,120,122,127,129,136,141,143,145,146,149,152 "97";
98 32 0 0,2,3,5,6,8,9,12,14,16,17,18,20,21,22,24,27,29,32,35,36,41,42,48,50,52,54,56,57,59,61,64,65,66,69,70,71,73,74,79,80,81,83,86,89,91,92,94,96,97,100,101,103,104,106,107,108,111,112,113,115,117,122,124,126,128,135,137,140,141,143,151,153,154,155 "98";
99 99 0 0,6,10,18,25,31,33,35,39,52,54,63,68,80,84,104,114,120,124,130,134,142 "99";
100 125 1 9,11,17,21,41,49,51,82,84,89,92,97,106,120,122,144,152 "100";
101 21 1 2,5,8,11,14,17,20,27,30,39,40,45,47,51,62,65,69,71,75,78,82,86,89,92,95,96,105,107,113,127,130,136,137,142 "101";
102 113 0 94,152 "102";
103 139 1 2,3,5,27,30,42,48,52,100,105,116,122,137,146,152,154 "103";
104 135 0 0,3,7,13,21,24,26,27,35,43,45,47,49,70,94,101,112,115,121,123,135,136,148,150 "104";
105 101 1 1,3,5,8,10,14,17,19,23,24,27,29,31,33,35,37,40,47,48,51,54,56,58,61,62,66,67,71,76,77,82,85,86,87,90,93,95,97,102,103,105,106,110,111,115,120,121,124,125,127,129,131,133,135,136,139,141,142,144,146,148,150,152 "105";
106 30 1 0,2,5,6,8,9,12,13,15,18,19,21,24,27,29,31,32,36,38,41,42,44,47,50,51,54,57,60,63,64,72,74,78,80,81,83,85,89,90,93,94,97,99,101,103,105,107,111,113,116,118,121,122,127,129,130,132,133,135,137,140,141,143,144,146,148,150,153,154 "106";
107 141 1 2,3,4,7,9,11,16,17,21,22,24,25,27,29,31,34,37,38,40,42,43,44,46,48,49,51,54,56,58,60,64,65,68,76,78,79,81,82,83,86,87,89,94,97,100,103,106,107,108,112,113,118,119,121,125,126,127,128,129,131,132,133,135,136,142,145,147,148,152,153,154 "107";
108 79 0 1,2,3,5,6,10,13,14,18,21,27,29,31,34,37,39,43,45,46,48,51,52,53,55,58,60,62,64,67,69,71,74,76,78,80,83,86,87,88,90,91,93,94,97,99,100,102,107,113,114,115,119,123,125,127,133,134,136,140,142,144,146,149,151,152,154 "108";
109 139 0 70,72,142,151 "109";
110 43 1 2,8,13,15,20,23,24,26,34,38,39,49,57,58,73,76,81,88,90,101,103,106,110,116,124,128,129,142,145,146,148,151 "110";
111 108 0 0,4,6,7,8,23,26,30,33,35,41,44,51,52,54,58,61,62,66,72,73,81,91,100,108,109,114,115,119,123,125,127,130,136,138,140,142,147,149,155 "111";
112 75 0 0,2,7,16,18,20,26,27,29,34,35,37,41,42,44,50,52,55,57,63,67,68,69,75,78,82,84,88,90,93,94,96,98,99,102,104,109,113,114,117,121,125,129,131,134,138,142,144,147,150,153,154,155 "112";
113 60 1 3,4,6,8,10,11,12,15,18,20,22,23,30,31,33,34,36,37,39,42,43,45,48,50,52,55,58,62,64,66,68,69,70,74,75,77,80,81,83,86,91,96,99,101,103,104,105,108,109,112,116,118,119,121,122,124,126,128,131,132,135,137,138,140,145,146,148,149,154 "113";
114 44 1 2,5,13,22,27,28,30,31,35,40,44,48,51,54,60,65,71,76,78,87,89,92,94,97,104,119,131,137,144,149,155 "114";
115 3 1 13,30 "115";
116 7 1 1,3,4,5,7,9,11,12,17,19,22,26,27,29,33,34,38,42,44,46,47,52,56,57,58,63,65,67,71,72,74,76,79,80,81,88,91,94,96,101,104,105,107,111,114,118,119,122,124,126,128,131,133,136,138,139,141,144,146,147,150,151,154,155 "116";
117 95 1 0,4,6,8,9,12,15,17,19,21,25,26,28,30,31,34,36,39,41,44,45,46,48,53,55,57,62,63,67,70,72,73,76,78,79,81,83,86,88,93,94,97,98,100,101,103,104,106,108,112,113,116,117,122,123,125,127,128,130,133,134,135,137,140,142,143,145,147,151,153,154 "117";
118 153 0 77,82,83,84,97,118,121,125,146,155 "118";
119 153 1 0,1,3,6,9,13,16,17,21,24,26,31,34,35,42,45,47,49,50,51,58,63,73,81,83,86,87,89,91,93,97,100,102,104,106,111,118,122,124,130,132,135,137,138,144,146,150,152,154 "119";
120 26 0 0,4,6,8,12,14,19,20,26,28,35,46,50,58,60,64,69,73,81,83,90,96,104,109,113,115,117,119,125,128,135,139,141,142,151 "120";
121 144 1 9,15,21,25,29,31,35,45,49,51,56,59,77,79,86,92,97,98,109,115,117,119,121,123,129,131,135,141,144,148,149,155 "121";
122 56 0 0,7,15,20,24,32,44,59,62,96,118,130,136,143,146 "122";
123 91 0 0,7,12,14,15,17,19,23,25,28,29,31,34,36,37,39,41,43,51,55,59,61,64,66,70,74,76,84,86,92,94,95,97,99,100,105,107,108,110,115,117,118,121,125,127,129,132,136,137,140,141,147,150,153,154 "123";
124 96 1 1,4,6,10,14,16,18,31,35,37,48,54,58,63,76,80,81,82,84,88,92,99,104,106,111,115,117,120,121,123,126,133,134 "124";
125 11 0 20,21,24,26,28,31,41,47,51,53,62,81,91,100,102,104,114,116,119,154 "125";
126 15 0 0,5,6,8,13,16,18,19,20,24,25,27,28,30,31,32,34,35,39,40,43,45,46,48,51,57,59,62,64,65,66,68,71,73,74,75,77,79,81,82,83,85,87,89,90,91,94,95,97,99,100,104,105,107,109,111,112,116,118,119,121,126,128,129,131,132,136,139,145,148,150,151,153,154,155 "126";
127 78 0 5,8,11,12,14,17,19,21,22,25,33,36,38,40,45,47,48,50,52,53,63,64,65,68,70,73,74,78,85,86,87,89,92,94,99,101,104,107,110,111,113,114,116,118,123,127,128,131,134,137,144,146,147,149,151,152 "127";
128 153 1 13,24,29,38,43,45,63,73,79,84,96,117,126,128,129,145,154 "128";
129 1 0 1,3,6,10,13,15,17,19,21,23,25,26,27,30,36,39,42,46,48,52,55,57,61,62,68,69,70,74,78,79,82,87,90,91,92,94,95,100,101,104,106,108,109,114,115,117,120,125,128,129,132,139,143,146,148,152 "129";
130 84 0 4,13,25,28,33,41,45,47,49,52,53,59,63,65,68,75,84,87,91,93,95,97,108,115,118,124,128,142,143,150,151,155 "130";
131 44 0 0,5,21,35,39,56,60,71,73,93,94,96,100,117,122,128,129,130,137,145 "131";
132 62 0 1,2,3,12,44,72,85,130 "132";
133 25 0 2,7,12,14,15,16,19,20,24,25,26,29,32,34,36,37,41,42,44,45,50,55,57,58,59,61,62,66,71,72,74,78,79,81,83,88,90,96,98,100,106,108,109,111,120,122,125,130,134,135,138,140,149,150,152 "133";
134 18 0 3,11,18,19,70,90,91,114,128,129 "134";
135 109 1 0,2,8,9,12,14,15,17,20,21,23,24,26,28,30,32,33,36,37,40,43,45,47,49,51,55,57,59,60,61,63,66,68,70,71,73,74,75,78,81,83,84,86,88,89,93,97,101,105,107,108,110,111,113,115,116,117,119,123,126,128,130,134,135,137,139,142,147,148,152,155 "135";
136 127 0 0,4,10,15,18,26,34,42,45,47,48,57,64,68,71,76,84,92,97,101,103,108,109,111,114,116,120,121,126,128,132,140,141,148,151,152 "136";
137 117 1 0,7,10,15,17,21,23,24,25,32,33,35,39,41,43,48,60,67,68,74,75,76,79,84,85,87,89,92,94,105,110,111,113,120,121,124,129,130,134,136,140,141,142,152,154 "137";
138 19 0 6,7,10,24,33,87,96,117,140,142,155 "138";
139 47 0 1,2,4,5,8,9,12,15,16,21,23,24,32,35,39,41,42,45,49,56,57,60,61,63,65,67,68,70,73,75,78,81,82,84,86,93,97,98,101,104,106,107,109,111,115,117,119,120,123,124,126,129,134,135,137,138,140,141,146,149,150,152 "139";
140 41 1 4,32,38,41,46,48,61,136,145,154 "140";
141 10 1 3,8,11,17,20,22,28,35,39,41,46,49,53,64,67,71,74,78,85,87,91,92,97,99,105,106,109,111,112,117,122,125,130,134,137,138,139,144,146,147,151 "141";
142 44 1 3,13,112,140 "142";
143 52 1 5,8,13,20,21,25,28,32,38,51,53,68,82 "143";
144 106 1 6,12,19,23,25,39,50,51,57,70,82,90,92,96,99,111,119,129,131,148 "144";
145 60 0 1,4,5,7,9,12,22,26,30,33,34,42,45,48,52,54,56,59,65,67,72,73,76,79,80,81,83,84,86,88,91,93,95,97,102,103,105,106,108,110,111,115,118,119,121,123,125,130,131,135,137,142,144,147,149,150,151,153,154 "145";
146 64 0 5,11,18,25,28,36,43,46,56,63,64,65,69,72,74,76,80,84,86,89,92,99,104,107,109,111,112,115,120,125,131,134,137,144,146 "146";
147 98 0 0,2,5,8,12,14,16,17,19,21,23,26,28,30,33,35,36,38,40,42,43,45,48,50,51,53,54,56,65,67,70,72,74,75,77,79,81,83,85,87,89,93,96,100,109,111,112,115,120,122,126,127,140,143,145,147,149,154,155 "147";
148 99 1 0,25,27,33,43,45,48,55,78,96,102,110,112,115,131,148,154 "148";
149 110 1 8,28,31,62,63,74,80,83,111,117,120,129,134,137,142,148,150 "149";
150 86 1 1,4,7,11,13,22,38,55,57,67,69,72,73,75,79,90,91,93,94,96,113,115,133,138,139,155 "150";
151 78 0 1,54,64,66,96,103,146 "151";
152 149 1 1,5,10,12,16,17,22,25,30,31,33,35,40,42,50,52,56,59,61,63,67,71,73,75,76,79,83,86,87,89,91,96,97,104,106,109,113,117,120,127,128,131,134,136,138,143,148,152,153,155 "152";
153 152 0 3,5,6,12,14,16,18,21,24,26,28,29,33,36,40,42,44,51,54,57,58,62,66,70,76,81,88,92,95,99,100,109,112,130,135,138,141,142,144,146,147,149,150 "153";
154 88 1 0,2,3,7,9,12,15,16,19,20,22,24,25,28,30,31,35,36,37,39,41,43,45,52,54,57,58,62,67,69,70,72,76,77,78,80,81,82,85,86,88,90,92,95,96,97,99,100,102,103,105,106,109,110,112,113,116,117,121,122,123,124,127,129,130,132,134,136,140,141,143,144,146,147,149,152,154,155 "154";
155 130 1 13,26,46,64,66,71,78,93,99,101,105,107,120,121,147,155 "155";
