parity 22;
0 9 0 1,5,10,13,14,17,20,21 "0";
1 23 0 0,1,2,5,7,12,14,17,20 "1";
2 4 1 0,1,2,6,9,10,13,16,20,22 "2";
3 18 0 0,1,3,4,6,8,11,14,16,18,19,22 "3";
4 14 1 6,14,15,20 "4";
5 2 0 0,2,4,6,8,11,17,20,22 "5";
6 0 0 0,5,9,11,13,15,19,22 "6";
7 7 0 2,7,13,15,17,19 "7";
8 13 1 0,3,7,13,15,17,22 "8";
9 7 1 8,12,22 "9";
10 19 1 1,5,11,12,18 "10";
11 21 1 1,3,4,5,7,12,15,16,18,21 "11";
12 20 1 8,21,22 "12";
13 0 1 2,3,5,7,9,12,13,16,18,20,22 "13";
14 3 1 1,4,12,16,22 "14";
15 11 0 6,13 "15";
16 18 1 0,1,2,9,10,13,15,16,20 "16";
17 20 1 0,4,5,7,9,10,12,14,16,17,22 "17";
18 9 0 4,7,13,18,19 "18";
19 9 1 1,2,4,7,9,10,13,15,21,22 "19";
20 22 1 0,3,4,6,7,9,11,12,14,15,17,20 "20";
21 9 0 0,4,7,8,11,14,15,16,18,20,22 "21";
22 8 1 1,2,3,5,7,10,15,17,18,19,21,22 "22";
