parity 103;
0 97 0 6,8,14,25,34,35,39,44,52,58,59,63,70,74,90,91,99 "0";
1 74 0 4,5,6,11,13,15,18,21,24,28,30,33,35,37,39,40,45,47,52,55,57,60,62,65,67,68,70,72,75,76,80,85,86,87,89,95,97,100 "1";
2 78 0 10,14,15,24,28,32,36,41,42,68,72,80,86,89,92,94,99,102 "2";
3 35 0 1,3,5,12,14,18,20,21,24,26,27,33,35,36,38,42,50,51,57,59,61,62,67,69,71,74,78,79,81,83,88,90,92,98,99,101,102 "3";
4 43 0 0,25,26,28,36,40,47,51,57,69,70,74,78,89,98 "4";
5 21 0 0,1,5,9,11,14,18,19,22,27,29,31,33,35,37,41,43,44,45,48,50,51,54,55,57,60,64,67,68,73,74,77,78,81,83,85,87,89,94,96,97,99 "5";
6 9 1 0,5,6,7,12,13,15,17,19,20,26,33,39,41,43,46,48,50,53,55,57,60,76,77,80,81,83,87,89,92,95,98,99,102 "6";
7 3 1 1,4,5,6,11,15,19,23,24,25,27,29,31,35,37,40,52,59,61,70,74,79,82,83,91,92,96 "7";
8 13 1 0,3,4,5,8,9,11,16,18,21,22,24,25,27,29,35,36,37,38,40,43,45,46,48,50,53,54,57,58,60,61,64,65,67,69,73,74,76,77,79,84,87,88,90,92,95,97,99,102 "8";
9 39 1 1,3,4,5,8,9,11,12,13,18,20,22,23,24,26,29,33,35,37,39,40,41,43,47,48,49,50,53,54,57,60,63,64,65,66,67,69,72,73,75,77,79,83,84,85,88,90,92,97,99,102 "9";
10 37 0 1,5,6,9,11,12,13,15,21,23,24,27,28,29,31,32,34,36,39,42,44,46,47,52,54,55,57,59,64,66,67,68,71,76,77,78,80,83,84,86,87,89,92,93,98,100,103 "10";
11 60 1 11,17,18,21,27,29,34,36,41,42,54,77,88,95 "11";
12 80 1 11,30,32,41,52,55,60,67,70,76,83,91,94,96,99,101 "12";
13 53 1 1,11,15,23,40,48,50,85,96 "13";
14 56 1 2,4,7,9,14,15,17,25,27,29,32,34,36,39,41,45,49,55,57,59,61,63,65,69,71,73,74,77,79,83,88,94,97,98,99,101,102 "14";
15 4 0 22,38,55,80,82,88,93,102 "15";
16 88 0 2,4,6,9,14,16,18,20,24,26,29,30,33,35,37,39,41,42,45,50,51,56,58,62,63,66,68,72,76,80,82,84,85,87,89,95,96,97,99,103 "16";
17 77 1 5,7,10,11,16,19,24,30,65,81,96,101 "17";
18 55 1 60,76,81,93 "18";
19 31 1 0,30,51,60,61,76,78,83,89,91 "19";
20 80 0 43,48,57,69,75 "20";
21 10 0 20,85 "21";
22 69 1 1,8,11,14,20,23,29,38,65,66,83,89,97,103 "22";
23 92 0 0,27,29,70,95 "23";
24 8 1 0,2,3,4,6,9,12,14,15,17,19,21,24,25,27,30,32,33,37,38,40,43,45,49,52,54,55,56,58,59,61,63,64,65,66,68,70,71,72,74,78,81,84,86,88,91,94,96,97,100 "24";
25 88 1 1,2,4,7,12,23,24,26,32,38,40,41,43,47,53,58,59,63,70,73,74,76,78,81,84,87,91,94,97,99,102,103 "25";
26 92 0 0,3,5,7,9,11,12,15,17,18,19,21,22,26,28,29,31,33,37,39,40,42,44,45,47,48,53,55,57,59,60,64,67,68,75,76,79,81,84,85,88,91,93,95,97,99,102,103 "26";
27 4 0 6,8,11,14,31,32,34,46,67,69,73,77,89,90 "27";
28 47 1 1,5,8,11,12,14,18,21,26,28,37,40,42,44,45,48,51,59,61,63,65,69,71,72,76,80,81,83,85,87,89,92,94,97 "28";
29 18 0 15,17,43,45,47,66,87,93 "29";
30 30 1 8,9,11,13,16,20,21,29,31,32,33,35,37,39,41,43,44,45,46,48,50,53,54,57,60,62,64,70,71,78,82,84,87,90,93,95,97,100,103 "30";
31 12 0 2,9,14,18,20,21,24,26,29,33,37,41,42,44,46,48,51,54,55,61,66,67,70,73,75,85,86,89,90,93,96,97,101 "31";
32 25 0 3,7,11,15,24,26,28,31,32,38,52,61,63,68,69,70,71,73,76,84,85,87,93,95,97,103 "32";
33 3 1 14,18,19,39,49,61,67,102 "33";
34 2 1 0,7,9,10,12,15,16,20,21,22,23,24,27,28,30,32,34,38,40,43,44,45,47,48,51,53,56,58,59,62,64,66,68,69,71,72,77,78,86,88,92,93,95,100,102,103 "34";
35 83 1 1,3,5,6,13,14,17,18,21,24,28,33,34,43,44,47,49,51,54,58,59,61,63,64,66,70,71,74,75,77,79,80,82,87,89,91,103 "35";
36 1 0 4,14,19,29,35,58,63,64,80,82,101 "36";
37 35 0 1,10,19,25,28,36,38,41,44,48,50,52,56,60,64,68,69,75,76,81,88,90,92,93,99,101 "37";
38 63 1 0,9,23,25,26,28,37,40,45,46,50,60,69,73,75,81,87 "38";
39 43 0 3,13,26,29,31,44,49,56,63,69,84,97,102,103 "39";
40 20 0 0,1,2,6,7,9,10,18,22,28,30,35,37,41,44,51,52,54,57,58,64,66,67,70,72,73,84,86,88,93,97,98,103 "40";
41 77 0 4,7,11,12,14,16,17,21,23,27,28,30,31,33,34,35,36,42,43,45,48,50,55,56,59,65,66,74,76,78,84,90,92,93,96,99,102 "41";
42 48 0 0,8,18,20,22,30,35,40,55,61,68,73,74,81,84,87,95,96,103 "42";
43 61 1 1,7,26,34,51,63,66,79,99 "43";
44 60 0 8,10,12,13,15,16,26,44,50,57,60,61,65,78,89,92,97 "44";
45 7 0 1,14,16,22,27,29,31,51,57,59,63,68,75,78,82,91,92,96,97,101 "45";
46 61 0 0,1,3,4,7,9,10,11,12,14,18,20,22,24,26,30,32,33,37,39,40,41,43,45,46,47,53,57,64,66,68,73,75,77,79,80,82,88,90,91,93,96,99,102,103 "46";
47 44 0 17,21,33,41,47,57,66,72,76,103 "47";
48 12 0 8,10,12,13,16,26,29,31,35,36,41,43,44,48,53,58,66,70,73,90,100,102,103 "48";
49 48 0 0,1,2,4,7,9,14,15,17,18,21,23,27,28,29,31,34,37,48,52,55,56,58,61,62,69,70,73,79,81,82,84,85,87,90,91,99,101 "49";
50 35 0 0,7,9,12,16,19,21,22,23,25,26,29,30,32,33,34,35,38,39,43,44,47,50,52,55,57,60,64,66,69,73,74,76,78,81,82,84,90,92,97,99,100,103 "50";
51 52 0 2,38,47,70,76,88,100 "51";
52 42 0 2,7,11,13,18,20,26,28,38,40,44,62,65,67,68,70,82,83,89,91,93,99,102 "52";
53 25 0 9,22,48,51,96,101 "53";
54 28 0 0,10,13,15,34,38,45,56,59,64,67,76,77,82,95,103 "54";
55 7 1 3,11,17,19,22,26,29,30,42,44,48,52,54,55,63,65,68,70,80,84,85,90,92,93,101 "55";
56 6 0 0,10,12,15,21,23,27,31,34,35,36,41,44,46,52,60,67,73,75,78,82,89,96,103 "56";
57 38 0 2,5,6,14,21,23,24,26,28,29,31,32,33,35,36,38,40,43,44,45,47,50,52,55,60,61,64,67,69,72,73,77,80,81,84,85,86,89,91,93,99,101,103 "57";
58 74 1 8,10,17,26,32,44,60,67,68,87,89 "58";
59 6 1 2,4,10,14,15,18,21,30,33,35,36,38,40,43,45,50,51,54,62,64,67,68,71,72,75,76,80,83,85,86,90,94,98,99 "59";
60 45 0 0,1,3,4,8,10,12,13,14,16,17,23,24,29,31,35,38,41,43,47,48,49,52,56,57,62,64,66,70,71,72,75,76,77,79,80,82,84,87,89,90,93,95,96,98,99 "60";
61 78 0 0,2,3,5,9,12,14,16,24,35,37,39,41,45,46,48,49,51,54,63,68,72,78,82,85,86,89,91,93,94,96,101,103 "61";
62 65 1 7,9,13,30,39,48,55,58,60,88,93 "62";
63 37 0 6,23,30,46,66,81 "63";
64 2 1 13,16,18,24,28,31,34,36,42,64,74,77,80,84,100,103 "64";
65 75 0 6,26,32,35,40,45,47,52,54,73,82,84,85,95,97,98 "65";
66 74 0 1,3,4,7,8,12,14,16,19,24,26,29,32,40,42,48,50,53,54,55,60,64,72,73,75,76,79,81,89,90,94,99,101 "66";
67 77 0 5,6,17,22,29,35,36,61,63,66,69,75,89,103 "67";
68 96 1 2,3,16,19,21,29,30,38,44,53,59,64,68,72,75,78,80,81,88,93,96,103 "68";
69 72 1 5,8,9,26,29,30,43,48,51,59,61,64,75,90,103 "69";
70 104 0 0,1,8,10,11,17,18,20,33,43,44,46,49,55,57,60,61,63,64,66,67,68,70,74,76,86,90,92,94,103 "70";
71 97 0 0,2,5,9,14,17,18,21,23,25,28,32,35,37,38,40,44,45,46,50,51,53,55,57,60,63,65,66,68,70,72,73,76,78,80,83,86,90,92,94,95,99,101 "71";
72 16 1 1,8,13,15,25,29,42,49,51,53,54,75,82,87,89,98 "72";
73 78 1 0,2,6,12,13,17,20,21,23,30,32,45,46,50,56,59,64,69,76,79,80,86,92,93,101 "73";
74 66 0 16,27,30,32,46,56,77,84,85,99 "74";
75 46 1 5,7,23,26,39,40,44,46,48,50,51,54,55,56,58,63,69,75,80,83,84,86,88,90,103 "75";
76 9 1 0,2,7,8,10,11,13,15,21,22,24,26,28,29,31,41,46,49,50,57,60,64,66,70,71,74,75,78,81,82,84,86,88,91,93,95,96,100,103 "76";
77 35 1 2,4,6,10,13,16,18,21,24,26,27,29,32,35,38,42,50,53,54,55,58,60,61,64,69,72,73,76,77,80,85,87,89,91,92,94 "77";
78 79 0 0,1,3,5,6,8,10,12,16,21,22,24,26,27,32,35,36,38,40,41,43,44,49,51,55,58,60,63,65,69,73,75,76,77,79,85,86,87,89,91,94,96,98,100,102,103 "78";
79 33 1 8,15,23,35,37,39,50,54,62,68,71,75,77,83,89,93,103 "79";
80 76 1 2,8,11,14,23,26,27,29,32,38,44,47,48,50,52,54,56,57,63,67,69,71,72,74,78,79,81,83,85,89,94,96,98,102 "80";
81 87 0 1,3,9,18,21,23,43,74,82 "81";
82 26 1 0,4,7,8,10,12,13,15,18,20,22,23,25,26,30,31,34,35,36,37,38,39,43,44,46,48,49,52,53,54,56,60,62,64,65,66,70,71,75,77,79,82,83,85,86,90,94,96,98,100,101,102 "82";
83 78 0 45,97 "83";
84 96 0 0,2,4,6,10,11,12,14,16,17,20,21,23,24,26,27,29,31,34,39,41,43,47,49,50,53,55,59,60,63,64,66,68,72,74,76,77,79,81,83,85,87,89,90,93,97,99,101,103 "84";
85 76 1 5,11,15,17,27,28,34,38,40,44,48,50,57,67,83,91,100,102 "85";
86 60 0 0,2,4,6,8,10,12,16,20,21,23,24,27,29,32,33,34,36,37,38,40,42,45,47,48,49,50,52,53,54,57,59,61,65,67,68,71,75,76,78,79,81,82,87,96,98,99,100,102 "86";
87 72 0 0,1,3,7,10,11,13,15,17,19,22,25,27,28,30,31,33,34,36,38,40,41,42,44,46,47,49,51,52,54,55,57,58,59,60,65,66,67,71,72,73,74,78,82,86,88,90,93,98,100 "87";
88 57 0 3,7,12,16,20,21,22,26,30,32,33,35,38,40,42,43,49,55,58,61,63,69,72,76,78,79,81,85,86,89,91,93,96,101 "88";
89 7 0 0,6,8,11,20,22,26,27,30,36,48,53,59,61,64,78,95,100,103 "89";
90 97 0 1,7,9,11,12,15,18,20,33,35,38,42,44,48,52,54,59,61,65,67,70,76,77,79,81,82,85,91,92,99,102 "90";
91 59 0 7,42,75,76 "91";
92 37 1 2,5,22,31,32,38,41,45,51,65,66,69,70,72,76,77,80,86,88,91,92,93,100 "92";
93 17 0 0,1,5,7,9,11,12,15,16,18,19,21,23,24,25,28,31,33,36,37,39,40,42,44,47,50,51,55,57,59,62,65,67,68,72,73,74,76,77,80,81,82,84,86,89,91,93,95,97,101,103 "93";
94 20 0 1,4,7,8,10,11,16,17,23,24,31,33,34,36,37,38,42,46,47,49,52,53,55,56,63,65,66,72,76,78,80,83,86,93,94,97,99 "94";
95 25 1 2,4,6,10,11,12,13,16,17,20,26,28,31,32,35,37,39,42,44,48,56,57,59,61,62,63,64,67,70,72,74,76,80,82,84,87,90,92,94,98,100 "95";
96 98 1 4,5,11,15,18,19,31,33,36,40,45,49,54,57,59,61,64,66,74,76,79,80,84,87,93,95,97,103 "96";
97 16 1 12,54,58,67,91 "97";
98 3 1 1,3,6,10,12,13,15,19,20,22,26,31,36,40,44,45,48,50,51,54,57,59,60,63,66,67,69,70,78,84,85,90,97,100,102 "98";
99 53 0 12,16,24,28,29,33,39,43,45,56,69,75,83,86,92,94,102,103 "99";
100 79 1 8,36,44,59,70,84,92 "100";
101 27 0 3,4,11,18,22,25,26,30,35,37,48,61,67,68,70,75,77,84,87,89,90,100 "101";
102 100 1 2,8,15,22,27,31,35,38,48,50,56,68,74,83,85,87,98,100 "102";
103 49 1 2,6,7,10,11,13,19,23,26,28,30,33,35,41,43,45,46,48,49,55,58,59,61,66,67,68,70,73,76,79,80,81,84,85,87,89,91,92,96,97,98,100,103 "103";
