parity 22;
0 18 0 0,7,17,20 "0";
1 2 0 11 "1";
2 6 0 3,6 "2";
3 20 1 0,18 "3";
4 16 1 21 "4";
5 22 1 6,10,13,15 "5";
6 6 1 4,5,6,8,18,22 "6";
7 10 0 0,5,11 "7";
8 12 1 3,7,9,10,12 "8";
9 6 0 0,3,7,11,15,18 "9";
10 14 0 0,1,3,4,6,9,10,13,16,18,21,22 "10";
11 16 1 0,2,15,16 "11";
12 7 0 0,9,10,11,13,15,16,19 "12";
13 2 0 1,3,10,12,13,17,18,21 "13";
14 0 0 3,9,14,19 "14";
15 11 1 2,6,14,15,16,18,20 "15";
16 2 0 0,2,4,6,8,9,11,12,15,16,19,20 "16";
17 20 0 10,14,22 "17";
18 23 0 17 "18";
19 2 0 1,6,11,14 "19";
20 22 1 22 "20";
21 0 0 1,6,16 "21";
22 19 0 4,8,11,13,14,18,19,21 "22";
