parity 152;
0 82 1 4,6,8,14,21,27,28,30,37,39,52,57,63,68,77,79,84,87,92,97,99,101,103,104,136,150,152 "0";
1 72 0 6,8,10,19,24,38,41,44,48,50,62,64,78,81,92,96,112,113,116,118,129,135,136,138,145 "1";
2 102 0 1,40,47,56,87,93,101,108,115,125,133,141 "2";
3 79 0 25,28,36,39,44,49,60,75,89,90,94,96,101,105,127,144 "3";
4 11 0 3,6,7,12,29,33,41,46,52,53,57,60,70,72,80,99,103,105,111,112,116,128,132,133,138 "4";
5 112 1 0,1,3,4,6,7,9,13,15,17,21,23,24,26,28,29,31,34,35,38,39,41,42,44,45,48,49,51,52,55,56,58,60,62,64,66,68,69,72,76,78,80,82,84,85,87,91,92,93,95,96,97,100,102,103,104,107,112,113,115,116,118,124,126,127,128,129,131,133,135,141,142,146,148,152 "5";
6 86 1 3,14,25,49,65,73,76,83,85,136 "6";
7 106 1 5,6,16,19,28,31,34,38,39,40,43,45,48,50,52,70,75,93,97,102,104,106,118,120,129,133,135,138,139,145 "7";
8 22 1 0,1,3,4,6,9,10,11,12,16,17,23,24,26,29,30,35,37,40,42,47,49,51,54,56,58,60,61,62,64,68,70,71,75,77,78,80,82,84,86,88,90,100,102,104,106,108,111,112,113,116,117,119,120,121,124,126,128,129,130,133,135,137,139,141,142,144,145,149,152 "8";
9 75 0 0,4,5,7,11,13,18,20,21,25,26,28,30,32,33,35,36,37,39,41,43,45,47,49,51,55,56,57,59,61,65,73,79,81,82,83,86,88,89,91,92,93,97,98,100,101,103,104,106,110,112,119,120,122,123,128,130,132,134,137,138,139,142,144,145,148,149,150,152 "9";
10 129 0 0,2,4,7,10,19,26,32,36,43,48,49,52,56,59,62,68,72,73,78,82,85,88,90,115,121,122,123,125,130,134,136,144,147,151 "10";
11 131 1 0,3,4,8,9,11,14,16,19,20,22,24,25,28,31,36,38,40,43,44,46,51,52,56,58,62,65,67,74,75,76,79,80,81,84,89,92,93,95,97,99,101,104,108,110,112,116,119,122,123,129,132,134,136,138,143,148,152 "11";
12 13 0 7,31,42,43,46,51,77,85,100,109,114,122,143 "12";
13 2 1 1,2,10,13,20,25,26,28,29,34,38,40,43,48,53,55,57,59,66,68,73,74,78,80,87,89,91,92,96,98,100,102,104,105,107,112,115,120,122,123,125,140,141,143,149,152 "13";
14 137 0 16,39,70,74,76,82,85,87,102,130 "14";
15 143 1 6,10,25,29,32,35,41,48,51,55,77,84,102,104,106,120,125,126,128,130,141,144,150 "15";
16 8 0 0,5,7,10,13,22,32,34,36,38,40,47,49,57,64,69,70,73,81,82,99,103,109,123,125,129,134,136,139,148 "16";
17 16 0 2,4,9,10,11,13,17,20,21,25,27,30,33,34,39,41,43,50,53,58,62,63,70,75,77,79,80,82,83,92,93,94,96,98,104,105,111,113,115,120,124,130,134,136,138,140,142,143,145,146,150,152 "17";
18 120 1 0,7,9,14,15,24,25,30,34,40,44,52,67,68,71,76,79,81,97,100,111,112,114,136,141 "18";
19 60 1 0,1,3,5,7,8,9,11,14,17,18,21,24,26,29,33,35,36,39,41,43,46,47,48,51,53,54,56,59,62,66,68,69,74,78,81,82,83,86,88,89,90,92,94,96,98,101,103,105,110,112,114,115,117,118,119,121,123,125,126,128,131,132,134,136,138,140,145,148,150,152 "19";
20 75 0 0,1,2,4,5,8,9,10,14,16,18,19,24,27,29,30,31,33,35,36,38,39,40,43,44,46,49,51,55,56,60,61,62,64,68,74,76,79,82,86,88,89,92,95,100,105,107,109,114,118,119,121,122,127,130,133,134,140,141,144,145,151 "20";
21 97 1 1,5,7,10,17,27,35,37,40,42,48,51,55,59,61,63,78,83,84,86,89,94,97,98,100,102,108,111,112,114,116,119,125,128,130,132,136,141,142,143,145,147,150,152 "21";
22 103 1 2,5,20,29,31,33,36,44,50,51,54,58,62,72,75,77,80,84,88,94,97,99,104,108,109,122,124,126,131,134,137,141,142,147,148 "22";
23 71 0 122,124,144 "23";
24 20 1 0,3,10,11,13,18,29,33,36,37,43,55,63,71,73,75,82,84,85,86,89,92,93,99,105,107,109,111,117,119,124,126,132,135,145,150 "24";
25 19 1 1,2,10,14,22,23,36,37,41,44,49,59,61,65,67,74,75,77,83,85,90,97,99,102,117,119,127,130,131,140,141,144,149 "25";
26 73 1 0,2,3,5,7,12,13,16,19,22,27,29,31,37,42,45,49,51,52,54,55,59,60,61,63,65,66,68,69,73,77,80,82,83,84,86,88,91,94,96,97,98,99,100,103,105,106,108,112,114,117,119,120,122,124,126,128,131,133,134,136,138,143,146,148,149,150,152 "26";
27 67 0 19,27,38,48,57,81,96,99,102,107,115,120,122,135,145 "27";
28 103 0 2,4,8,9,11,14,17,20,25,26,28,32,33,35,38,41,48,51,53,57,60,64,69,71,76,79,82,85,87,89,91,94,95,98,99,102,109,115,117,121,124,128,130,133,134,135,138,142,143,146,152 "28";
29 132 1 1,7,13,16,18,20,28,32,33,41,48,50,57,61,69,71,74,77,79,86,90,97,102,104,107,109,111,113,115,127,132,133,139,142,144,148,150 "29";
30 67 0 4,17,19,22,28,34,41,45,69,84,87,90,92,94,96,97,109,112,114,118,125 "30";
31 62 1 1,3,4,7,8,9,12,14,15,17,18,20,21,22,25,26,27,29,30,31,32,36,39,41,43,46,48,50,52,53,58,60,62,65,66,68,70,76,86,87,89,90,92,93,95,96,98,99,100,104,106,108,109,111,117,121,123,125,134,135,136,140,141,143,148,149,151,152 "31";
32 53 0 3,6,10,12,13,15,17,19,22,25,27,31,35,38,45,50,61,66,71,72,74,76,82,88,91,94,98,100,104,125,129,137,139,148,150 "32";
33 4 1 1,2,4,5,12,13,15,16,17,19,24,25,29,32,35,37,38,40,42,44,46,47,49,52,53,58,60,63,64,65,67,68,70,71,75,76,79,82,84,85,86,88,89,91,93,94,96,97,99,102,104,105,107,108,111,113,115,117,119,120,121,122,127,129,131,133,134,137,140,144,146,147,150 "33";
34 100 1 2,3,5,6,7,9,13,15,20,21,23,24,26,27,31,34,38,40,42,44,46,50,51,54,55,57,63,66,74,78,80,81,83,86,87,95,98,100,102,104,106,109,111,113,114,118,121,122,127,129,130,134,137,140,142,144,147,149,151 "34";
35 121 0 2,6,8,10,17,18,20,23,29,47,50,52,62,63,69,70,72,73,77,80,81,85,86,88,89,96,99,103,105,110,114,118,120,122,130,132,136,137,141,142,145,150,152 "35";
36 91 0 0,19,21,28,46,49,52,58,64,67,70,81,87,92,94,103,117,119,122,128,129,130,133,139,145,149 "36";
37 51 1 9,12,16,17,18,22,25,26,29,31,35,38,40,41,43,45,47,50,54,56,59,69,75,80,81,84,87,92,94,96,98,99,101,104,105,107,110,111,114,118,120,134,135,139,140,145,147,152 "37";
38 60 1 0,3,5,10,12,15,24,26,39,47,49,52,54,56,59,61,72,76,79,82,88,90,94,100,102,106,107,108,110,114,116,117,119,123,124,130,131,137,138,139,141,142,146,147,148,151,152 "38";
39 88 0 0,4,5,8,11,12,14,15,17,23,24,25,29,31,37,39,41,44,45,49,50,52,54,56,58,59,63,65,69,74,75,77,78,83,85,87,90,92,94,97,99,100,102,106,112,113,117,120,126,130,132,136,147,151,152 "39";
40 110 1 5,6,8,10,14,16,17,19,20,21,23,31,33,42,51,52,57,60,63,71,72,75,76,79,82,88,92,95,98,99,101,110,111,114,117,118,119,122,124,130,136,148,151 "40";
41 79 1 0,2,4,7,11,15,16,19,21,27,29,31,35,38,39,40,49,50,51,52,54,57,58,61,63,65,68,71,74,76,80,81,82,85,86,88,92,94,99,101,105,106,111,112,114,116,120,122,124,127,129,131,135,136,140,144,146,149 "41";
42 46 0 4,6,7,10,33,39,42,68,70,73,109,111,116,121,131,141,144 "42";
43 28 0 1,5,7,9,11,18,20,21,24,26,28,32,34,40,43,51,55,64,70,72,73,83,86,87,91,92,96,99,102,104,107,109,110,112,116,117,118,119,121,122,125,127,130,133,138,139,142,145,146,148,151,152 "43";
44 138 1 23,30,42,70,86,90,121,126,134,135,138,144 "44";
45 124 1 8,23,28,31,35,37,45,71,74,83,91,95,100,102,103,106,107,110,114,115,117,120,131,146 "45";
46 125 0 1,3,4,7,10,12,16,17,21,25,27,30,34,39,47,51,52,54,59,63,68,70,74,76,78,86,89,92,94,99,101,103,104,108,110,118,120,124,127,131,135,141 "46";
47 3 0 10,14,25,30,31,55,112,117,137 "47";
48 102 0 32,47,51,95,103,120,133,136 "48";
49 29 0 13,18,19,58,61,93,104 "49";
50 97 1 7,38,61,62,81,82,126,127,136 "50";
51 118 0 0,7,8,16,19,23,26,29,53,56,59,62,64,65,67,68,70,73,90,96,97,102,109,114,121,122,123,125,128,140,146,150 "51";
52 34 1 13,38,49,53,54,57,61,69,70,75,82,87,89,91,120,123,124,127,129,131,136,139,144,147,151 "52";
53 40 1 10,21,24,33,63,79,109 "53";
54 55 0 0,2,6,9,11,15,16,19,24,25,29,33,34,39,41,46,47,51,53,58,61,65,68,74,75,77,78,79,84,87,88,91,92,93,97,100,102,103,105,107,111,112,114,117,118,119,123,134,136,139,142,144,145,147,149,151,152 "54";
55 26 1 2,3,5,13,21,23,28,31,32,33,34,43,45,46,55,66,69,73,74,76,86,96,100,102,103,109,114,126,127,129,132,135,137,138,140,141,143,147,151 "55";
56 23 1 0,4,30,37,54,61,87,89,107,110,113,115,119,140,144 "56";
57 78 1 0,13,17,20,21,25,27,28,30,34,35,36,41,55,60,61,63,66,71,72,83,87,92,93,97,98,106,109,112,128,132,134,136,139,141,145,147,150 "57";
58 114 1 3,4,6,8,13,14,15,17,18,20,22,24,26,27,29,31,32,34,35,37,39,40,41,43,45,47,49,50,52,53,54,56,57,59,63,65,66,68,69,71,75,76,78,80,84,86,87,89,91,94,96,98,101,102,104,105,108,110,112,114,116,118,119,121,123,125,127,133,135,137,138,142,144,148,150,151,152 "58";
59 70 1 1,3,5,8,10,14,15,16,19,20,22,27,30,34,37,39,40,41,44,45,50,52,53,55,58,60,66,68,69,70,75,80,84,85,87,89,93,94,96,98,102,104,105,110,111,113,114,116,118,122,123,126,128,129,130,132,133,135,140,142,144,146,148,149,151,152 "59";
60 73 1 0,1,2,4,6,7,9,11,13,14,16,18,20,22,25,28,31,33,35,38,41,43,48,50,55,58,60,62,67,71,76,77,79,81,82,86,88,97,99,101,103,104,106,110,113,115,118,128,130,137,138,141,143,146,149,152 "60";
61 29 1 3,10,14,31,36,38,44,46,49,51,54,56,58,59,62,68,70,73,74,81,85,87,94,95,100,102,108,116,117,119,128,129,130,132,135,137,152 "61";
62 38 0 4,6,8,11,12,14,19,23,26,28,31,34,35,39,40,42,44,47,49,56,58,62,71,73,74,76,77,85,90,92,97,101,103,110,112,117,120,122,125,128,131,132,137,141,146 "62";
63 87 1 1,3,7,11,15,16,18,22,26,27,29,34,38,41,43,46,47,49,55,62,69,70,74,76,80,89,91,96,99,102,105,107,108,110,112,115,118,120,127,129,130,138,148,151 "63";
64 135 1 1,5,6,8,10,11,13,15,16,17,24,29,30,33,36,37,38,41,42,44,46,48,49,52,53,55,56,61,65,67,69,71,73,76,80,84,86,90,92,93,95,98,100,104,112,120,123,127,129,130,132,140,142,143,144,147,150 "64";
65 11 1 0,2,4,6,11,13,15,18,23,26,27,33,42,44,46,55,59,64,65,67,73,78,80,82,84,85,87,97,99,108,109,114,118,119,120,122,131,141,143,145,149 "65";
66 65 1 0,3,6,15,19,20,27,29,30,32,35,46,49,51,57,59,65,67,69,74,77,79,82,86,88,92,96,102,104,105,108,110,113,120,122,125,127,131,135,136,138,142,143,144,145,146,148,152 "66";
67 54 1 15,24,48,72,73,75,99,111,114 "67";
68 51 0 33,38,78,148 "68";
69 92 0 0,1,4,6,7,9,12,15,16,19,22,24,27,29,31,33,35,37,38,39,40,43,44,46,51,59,60,61,63,64,66,70,72,74,75,77,79,83,84,88,90,92,93,94,99,105,106,108,111,112,115,117,123,129,131,132,134,137,140,144,145,147,149,150 "69";
70 47 1 0,2,4,7,9,12,15,17,20,21,23,27,31,32,33,35,39,42,45,47,54,57,59,60,61,66,70,74,77,79,80,82,84,86,87,94,95,98,100,102,103,105,108,109,111,113,114,115,119,120,123,124,126,128,129,131,133,135,137,139,141,144,147,150,151 "70";
71 11 0 4,5,6,10,13,14,15,17,19,21,23,24,26,29,32,34,35,36,39,41,43,44,47,48,55,57,58,62,64,67,68,69,70,72,73,74,77,85,87,88,89,91,94,95,98,99,100,103,104,106,113,118,120,122,126,127,129,133,135,137,139,141,142,145,147,149,152 "71";
72 52 1 1,2,3,6,7,13,17,22,24,32,33,35,37,39,42,48,49,55,60,67,80,88,91,94,97,102,109,112,115,118,122,126,128,132,133,135,149,150 "72";
73 3 0 1,3,6,12,13,15,16,24,26,28,29,31,33,34,35,37,38,40,41,43,44,47,48,49,50,52,53,55,57,59,60,62,63,65,67,69,70,71,75,76,77,80,82,85,87,89,90,92,96,97,102,103,106,108,110,113,116,117,119,122,125,126,128,129,132,135,137,138,140,143,144,145,146,149,151,152 "73";
74 99 1 28,131 "74";
75 96 1 17,33,43,94,121,125 "75";
76 95 0 3,4,10,17,19,22,31,37,39,47,50,52,53,55,58,59,62,66,69,70,73,74,79,82,89,100,105,106,109,110,115,116,120,124,136,150,152 "76";
77 104 1 8,12,27,35,36,80,98,105,115 "77";
78 45 0 10,14,15,21,27,30,34,36,44,48,52,57,60,65,74,76,79,82,90,105,107,109,112,116,121,128,134,141,150 "78";
79 30 0 0,3,11,18,21,26,35,36,39,45,46,51,58,61,72,74,78,81,84,86,89,93,96,97,98,101,107,109,113,120,121,127,133,134,141,142,145,146,150 "79";
80 0 1 5,10,82,99,117,135,151 "80";
81 48 0 8,22,25,37,45,56,60,68,77,90,114,124,130,135,140,148 "81";
82 97 1 7,15,18,21,27,28,36,41,54,60,64,67,75,77,78,79,86,92,95,105,112,128,136,139,143,144,146,149 "82";
83 113 1 38,64,68,90,146,148,152 "83";
84 37 0 0,2,3,6,9,11,12,14,17,18,19,21,22,24,29,30,32,33,35,37,39,43,44,46,48,51,56,60,61,64,66,68,69,71,73,74,75,82,84,87,89,93,94,97,98,100,104,108,110,112,115,118,119,120,122,124,125,127,128,130,132,133,135,137,138,139,141,143,148,149,151 "84";
85 0 0 0,1,5,7,10,13,14,15,18,20,21,25,28,29,31,34,38,44,45,46,47,51,53,55,56,57,59,60,61,66,69,71,73,75,78,80,83,84,87,88,90,91,94,96,98,101,103,106,109,111,112,116,118,120,121,124,125,126,127,130,132,134,137,138,140,141,142,146,148,150,152 "85";
86 67 0 12,30,35,37,64,100,111,118,127 "86";
87 72 0 0,2,3,4,8,13,17,22,23,26,28,29,32,34,36,37,39,41,45,47,49,50,53,60,63,64,84,85,87,100,102,104,111,120,121,128,130,134,141,143,145,146,152 "87";
88 126 0 4,5,6,8,10,13,16,18,19,21,23,26,29,31,36,37,38,43,45,47,51,52,55,57,58,59,61,62,64,69,72,73,74,77,78,82,85,86,89,95,101,102,106,111,118,119,121,123,125,127,129,130,132,133,136,137,142,143,144,149,150,152 "88";
89 71 1 2,4,5,6,11,15,18,20,23,28,31,33,37,43,51,53,55,59,64,68,70,72,77,86,88,93,104,107,110,112,114,115,118,120,125,128,132,134,136,138,139,140,146,149,152 "89";
90 31 1 2,4,10,12,15,18,19,27,28,29,33,56,58,64,68,74,77,80,87,93,95,104,107,109,110,114,115,119,121,129,131,137,140,145,148,151 "90";
91 88 1 0,1,3,4,5,6,8,9,11,13,15,16,18,19,20,32,34,36,38,42,45,47,50,53,56,58,60,61,64,66,68,70,74,78,80,81,82,85,86,87,93,96,99,101,104,106,108,111,112,114,119,121,122,125,127,129,132,133,136,137,139,143,145,150,152 "91";
92 119 0 8,9,13,15,18,20,22,24,27,29,40,42,43,49,50,58,59,62,66,69,73,77,80,83,85,87,91,96,101,103,110,111,116,118,121,122,123,128,130,132,133,136,140,142,144,147 "92";
93 70 0 1,3,4,9,10,12,14,16,18,19,21,22,24,29,31,33,35,38,41,43,44,52,54,59,60,64,65,67,68,70,71,74,76,77,79,82,84,87,89,91,92,94,95,97,101,103,108,109,112,114,116,118,119,122,123,126,128,131,137,141,143,147,148,151 "93";
94 44 1 4,6,12,28,30,34,35,45,51,55,67,69,72,74,80,81,84,87,89,92,98,104,108,110,114,115,118,120,124,126,129,131,139,144,149,151 "94";
95 106 1 26,47,48,53,80,84,96,109,119,123,124,127,140 "95";
96 71 1 0,1,3,5,9,27,32,46,69,79,83,85,90,112,117,121,131,139 "96";
97 131 0 0,3,5,6,8,9,11,15,16,18,26,27,33,35,37,42,45,48,53,59,67,77,79,83,85,91,94,100,102,103,104,109,110,112,117,121,125,126,131,132,141,142,148 "97";
98 82 0 5,6,9,19,20,23,26,28,30,33,36,37,39,43,44,46,47,55,59,60,63,67,68,78,80,81,83,90,106,107,108,112,118,119,121,123,127,128,131,133,136,138,141,143,149 "98";
99 136 1 3,12,17,18,21,23,24,27,30,31,36,43,44,56,60,65,70,90,92,93,103,105,118,121,122,125,135,148,151,152 "99";
100 46 0 2,7,10,15,18,20,22,28,31,34,36,38,42,44,47,50,51,53,59,60,62,65,67,68,69,72,78,80,85,86,87,88,90,93,95,99,101,102,105,107,109,112,115,116,117,121,122,128,131,133,135,136,140,141,143,145,150 "100";
101 30 0 2,7,18,19,23,26,28,29,42,48,50,53,55,61,64,71,74,77,79,87,90,98,107,109,114,120,121,124,128,129,131,135,137,138,142,144,150,152 "101";
102 136 0 30,48,118,138,145 "102";
103 70 1 1,3,5,11,16,17,23,25,26,29,30,33,36,37,40,47,56,61,62,64,72,77,78,82,84,88,90,93,94,95,99,100,103,107,108,110,113,116,118,120,121,125,126,127,132,134,140,146,150,152 "103";
104 67 1 8,12,15,17,27,28,30,34,42,75,79,97,105,106,107,110,115,122,124,138,144,146,148 "104";
105 63 1 6,46,58,72,119 "105";
106 110 0 1,3,6,9,11,13,17,18,20,24,27,29,30,33,35,36,37,38,41,44,46,49,53,56,61,63,65,70,72,74,78,79,81,83,84,86,88,91,92,95,97,98,102,105,107,109,111,115,117,122,125,126,127,129,131,133,134,136,137,141,145,146,152 "106";
107 14 0 12,13,29,46,48,49,62,71,78,80,82,84,86,90,97,100,102,112,115,126,130,131 "107";
108 43 0 0,2,6,8,9,12,14,16,17,19,23,24,25,27,31,32,34,36,38,40,44,47,48,51,56,58,60,62,63,65,67,68,69,71,73,74,76,78,80,82,84,86,87,89,91,93,95,97,99,102,103,105,106,108,112,114,115,118,120,124,126,129,130,132,136,139,141,143,144,147,148,149,150,152 "108";
109 129 1 127,132 "109";
110 70 1 0,4,7,11,12,14,17,20,23,26,28,30,33,34,36,37,39,42,45,46,48,51,54,56,57,59,61,65,66,68,69,73,74,75,77,78,86,94,98,100,103,108,109,110,112,113,115,118,119,121,123,125,129,130,133,135,137,141,142,145,146,149,150,152 "110";
111 68 0 2,8,17,18,30,46,63,77,83,99,135,140,145 "111";
112 106 0 7,19,25,49,56,61,86,91,98,106,110,123,124,127,138,147,151 "112";
113 27 0 1,2,5,6,10,14,19,22,24,26,29,42,51,54,56,61,62,68,72,76,90,102,106,107,109,112,114,120,125,131,134,136,138,139,144,150,151 "113";
114 75 1 7,11,14,17,20,21,24,26,29,31,33,37,38,41,43,45,48,49,50,53,55,56,58,60,61,64,68,71,76,77,79,80,81,85,88,91,93,96,99,104,105,111,112,114,118,120,124,129,133,134,136,138,139,146,148,149,151,152 "114";
115 81 0 3,4,11,15,17,23,38,43,50,64,67,68,70,72,75,79,108,112,114,115,121,128,142,147 "115";
116 98 1 2,23,27,42,45,48,50,53,60,61,71,74,75,86,99,100,111,119,125,127,147 "116";
117 18 0 0,4,5,8,11,14,16,18,19,22,24,26,29,30,32,34,36,38,41,43,47,51,53,56,58,60,63,64,66,68,69,71,72,74,77,80,84,85,87,88,89,94,95,99,100,102,103,107,112,114,117,121,123,125,127,128,130,132,134,136,139,141,142,144,148,150,151 "117";
118 49 0 5,9,10,11,13,14,15,17,19,22,27,30,33,37,41,45,52,54,57,62,63,65,70,71,73,74,77,85,87,94,98,100,103,105,107,118,124,127,130,132,139,142,145 "118";
119 141 0 25,28,31,33,44,57,92,110,112,117,123,142,150 "119";
120 39 1 1,6,15,17,19,24,29,37,40,44,56,58,74,77,79,85,94,97,102,103,112,122,125,128,130,142,146,148 "120";
121 150 0 0,2,9,10,17,19,25,26,32,34,38,43,45,49,60,62,64,70,72,75,88,97,107,113,114,117,120,123,128,130,140,147 "121";
122 14 1 5,8,12,31,46,47,50,59,68,74,81,83,88,92,93,94,96,98,102,103,106,113,117,120,122,124,135,142,145,149,151 "122";
123 115 0 17,20,37,40,50,72,75,100,112,116,124,127,129 "123";
124 8 0 0,3,7,16,24,28,33,41,42,44,48,51,54,57,65,74,77,80,82,86,89,91,103,105,113,115,123,125,133,134,137,152 "124";
125 115 1 0,4,11,12,14,28,38,44,45,49,50,56,57,67,69,70,74,85,86,89,97,99,104,108,110,115,127,129,130,136,138,141,150 "125";
126 63 0 3,7,15,16,30,31,39,42,46,49,50,52,67,68,70,73,77,80,82,84,86,91,94,95,104,109,118,120,123,126,131,137,140,141,142,145,151 "126";
127 80 1 5,11,130 "127";
128 120 0 20,22,55,67,76,81,117,124,135 "128";
129 129 0 6,23,25,123,135 "129";
130 99 1 0,4,8,10,12,20,22,24,25,28,30,36,38,41,46,48,54,58,63,64,66,69,72,74,78,84,85,87,88,92,93,96,97,101,103,105,112,114,119,122,124,126,127,128,132,141,145,146,148,149,151 "130";
131 38 0 0,4,5,6,10,11,13,14,15,16,18,20,25,29,32,33,35,37,38,41,43,44,45,50,55,57,61,62,63,65,69,70,71,72,76,77,80,82,84,87,90,93,96,100,101,102,103,106,107,109,110,114,116,117,119,120,125,127,128,129,132,134,135,137,139,142,143,144,145,148,150,151,152 "131";
132 4 0 2,3,5,7,15,17,22,25,27,29,30,32,33,36,38,40,43,51,52,57,59,61,62,66,68,70,73,74,75,79,81,82,84,88,89,91,92,95,99,100,102,103,108,111,112,115,125,127,130,132,134,135,143,150,151 "132";
133 152 1 6,10,12,24,27,28,30,32,34,41,45,48,51,53,56,60,63,65,69,71,72,75,77,78,83,85,86,87,89,90,93,95,96,98,101,104,105,108,111,113,114,117,119,122,124,126,127,129,131,135,136,138,141,144,146,147,150 "133";
134 26 1 4,10,12,13,18,19,20,21,24,30,35,37,38,40,45,46,47,52,55,61,63,65,66,67,69,70,78,80,87,90,95,96,98,101,103,109,112,116,129,132,134,135,139,144,146,149,151,152 "134";
135 124 1 0,3,5,8,9,11,13,15,21,23,29,30,32,35,36,39,41,43,46,48,49,56,61,62,64,65,73,74,77,79,80,82,85,94,96,100,101,105,107,110,113,114,116,117,118,120,121,124,130,132,134,135,136,140,141,143,146 "135";
136 132 1 11,17,21,32,37,42,45,50,57,65,75,79,84,88,92,102,111,120,122,128,130,131,144,148 "136";
137 121 0 7,12,18,20,26,30,33,37,38,42,46,53,56,60,62,63,66,74,78,88,97,100,105,107,110,111,114,115,119,121,127,131,133,147 "137";
138 136 1 2,3,6,9,12,14,16,19,20,23,24,28,30,31,34,35,38,41,42,47,49,52,54,56,60,62,63,65,66,68,71,73,74,78,86,87,88,90,92,94,95,96,99,102,104,106,108,111,112,116,118,120,121,123,127,130,131,132,134,136,137,139,141,144,147,149,150,151,152 "138";
139 7 0 0,5,9,12,14,16,18,24,25,27,31,33,35,37,39,40,41,45,49,51,54,55,59,60,61,64,67,71,74,75,77,80,83,85,87,89,91,95,96,99,101,103,105,107,110,112,114,117,118,120,125,127,129,131,132,134,136,137,138,140,143,146,147,148,150,151 "139";
140 38 1 3,5,6,8,9,11,12,17,28,33,36,37,39,45,47,48,51,53,61,64,68,70,72,75,81,84,85,89,93,95,96,101,103,105,114,115,117,118,119,120,124,128,131,138,140,141,152 "140";
141 110 0 10,19,21,24,27,30,35,42,43,48,49,57,62,64,67,70,71,72,80,87,89,90,92,95,97,98,100,111,114,117,119,121,122,124,129,142,143,144,146,147,150 "141";
142 106 0 0,3,4,6,8,10,14,16,20,23,24,25,28,30,32,35,38,41,42,43,46,47,49,50,51,52,55,57,61,62,64,66,68,69,71,72,74,76,77,80,83,87,88,89,91,96,98,100,101,103,105,107,108,110,111,113,114,119,122,123,126,127,129,132,134,137,143,144,145,149,151,152 "142";
143 6 1 4,8,11,14,17,19,22,25,28,32,34,37,39,42,43,46,48,49,52,64,66,81,82,85,89,92,93,95,100,105,107,110,111,112,117,119,127,131,132,137,139,142,145 "143";
144 1 1 7,9,12,25,28,34,37,43,47,49,53,55,59,68,70,75,78,92,93,96,104,105,111,120,126,142,144,147,150 "144";
145 139 1 1,4,6,8,9,14,19,23,41,48,68,70,73,80,85,88,90,94,97,98,100,107,120,128,132,136,145,148 "145";
146 69 1 0,1,2,6,8,10,12,13,14,17,19,20,22,24,26,27,29,32,33,37,38,42,45,47,49,51,52,54,55,57,60,61,64,68,69,71,73,75,77,78,83,85,87,88,90,91,93,97,100,101,104,106,108,110,111,113,115,117,120,121,123,124,125,127,130,132,134,135,138,139,141,143,146,147,149,150,152 "146";
147 2 0 11,12,13,17,20,21,23,35,39,44,46,49,53,55,61,64,65,68,71,75,77,79,80,88,90,92,93,94,95,97,103,107,111,113,114,115,121,123,126,134,136,138,139,141,144,149 "147";
148 144 0 0,2,6,8,12,13,16,17,19,21,23,27,28,33,34,38,39,41,42,43,45,46,51,52,54,55,56,57,59,61,62,63,68,70,74,76,79,81,83,85,86,89,92,94,95,96,98,100,102,104,105,107,109,111,113,114,115,118,120,121,123,124,126,128,134,136,137,140,142,143,145,148,149,151 "148";
149 115 0 31,59,67,90,93,124 "149";
150 134 0 1,8,10,13,15,17,18,22,27,28,31,35,36,38,41,42,43,44,46,47,48,53,54,56,58,59,61,66,69,71,73,74,79,81,84,91,92,100,102,103,108,111,112,113,115,119,123,124,126,127,129,131,137,141,145,146,147,149,151,152 "150";
151 106 0 4,6,9,11,12,13,16,18,21,23,26,33,35,36,38,44,45,48,50,56,57,58,59,62,65,70,73,76,80,85,92,95,97,102,104,108,115,117,118,125,126,131,133,135,137,143,144,147,148,152 "151";
152 4 1 0,1,3,9,11,13,15,16,17,20,25,27,30,32,34,36,38,43,45,47,49,57,60,61,67,69,73,75,80,81,82,83,84,86,88,90,91,94,98,102,103,105,107,110,111,113,115,116,120,121,123,126,127,128,129,131,133,134,136,137,139,143,145,148,150 "152";
