parity 30;
0 22 1 0,3,4,5,9,10,11,13,16,18,22,24,26,30 "0";
1 23 0 1,2,5,8,9,10,11,13,14,16,20,25,27,30 "1";
2 28 1 0,2,4,6,8,9,13,15,17,21,23,27,29,30 "2";
3 14 0 25,29 "3";
4 20 0 1,2,3,4,6,8,9,11,14,18,19,22,24,26,27,29 "4";
5 30 1 0,10,16,19,21,23,24,27,30 "5";
6 4 0 0,2,5,6,7,8,12,13,17,19,20,24,29,30 "6";
7 31 1 12,18 "7";
8 6 1 0,2,5,6,9,11,14,19,21,22,24,26,27,30 "8";
9 2 1 4,5,14,18,21,24,25,30 "9";
10 20 0 0,5,7,8,13,14,17,18,21,22,24,26,27,30 "10";
11 19 1 0,2,4,5,7,8,10,12,14,18,21,22,23,28 "11";
12 15 0 11,15,20,23,24,25,29 "12";
13 25 0 1,5,7,10,12,14,15,17,19,22,24,25 "13";
14 26 1 2,6,14,20,24,25 "14";
15 0 0 1,4,15,17,18,21,23,24,27,30 "15";
16 21 1 4,6,7,10,15,17,22,25,27,29 "16";
17 19 1 4,19,27 "17";
18 13 0 7,10,14,16,17,19,21,22,24,27,30 "18";
19 26 1 0,3,5,6,7,9,14,16,17,19,20,22,24,26,28,30 "19";
20 5 1 0,2,6,10,11,13,15,17,21,22,24,25,27,28 "20";
21 0 1 0,5,11,12,14,18,26,29 "21";
22 4 0 11,13,16,27 "22";
23 6 0 1,4,7,9,10,13,16,18,21,22,26,30 "23";
24 7 1 9,19,30 "24";
25 4 0 12,23 "25";
26 14 1 0,1,2,4,8,11,21,23,24,26,29,30 "26";
27 11 0 2,6,9,10,13,14,16,17,19,23,26 "27";
28 30 1 1,3,5,7,8,10,11,12,13,18,21,22,23,26,28,29 "28";
29 12 1 22,24 "29";
30 4 1 0,1,3,5,7,11,15,18,19,22,23,25,28,30 "30";
