parity 182;
0 57 1 1,2,7,10,11,13,17,21,22,23,26,48,58,60,63,66,71,73,75,77,85,88,91,105,107,109,112,116,119,121,129,133,139,140,143,162,166,171,173,175,179 "0";
1 148 0 4,5,8,11,13,16,18,21,31,33,37,38,44,46,51,52,54,56,59,63,66,71,80,81,87,89,91,93,95,98,100,102,106,107,114,118,119,132,136,138,143,147,148,153,159,165,166,171,172,175,178,179 "1";
2 121 1 0,1,3,5,9,10,11,13,16,17,19,20,21,23,27,30,33,36,37,41,42,43,46,47,48,51,55,57,59,61,63,65,67,68,70,71,73,75,77,79,80,83,84,85,88,94,95,97,98,100,102,106,109,110,114,116,118,119,122,124,125,127,129,131,133,137,138,140,142,145,146,147,148,149,154,160,161,162,164,165,168,170,172,175,177,178,180,182 "2";
3 154 1 51,103,155,160,162 "3";
4 14 0 10,11,21,28,31,53,55,58,59,60,64,71,74,75,78,81,90,91,97,99,103,117,129,133,135,155,160,174,178,182 "4";
5 131 0 2,4,5,7,10,13,14,17,19,21,27,28,33,35,36,39,46,48,49,52,53,55,57,65,74,80,83,85,89,91,96,98,100,101,104,105,108,110,112,120,122,125,134,137,140,142,143,145,146,148,152,154,156,158,160,161,165,167,168,169,172,174,177,182 "5";
6 121 0 1,2,4,7,14,15,18,21,24,28,30,31,33,36,37,38,40,42,46,48,55,58,64,69,72,73,75,77,79,81,84,88,89,90,94,95,98,101,104,107,110,111,114,118,122,124,127,130,131,134,138,142,146,149,156,162,168,170,172,175,178,179,180,182 "6";
7 99 0 0,2,5,12,15,17,20,22,23,26,27,33,38,40,41,43,48,51,52,54,56,57,60,63,65,67,69,70,73,74,76,80,84,87,88,90,93,95,97,99,101,103,105,110,111,113,114,117,120,122,123,124,130,131,134,136,141,144,146,148,150,152,153,156,157,161,162,165,166,168,169,172,174,176,179,181,182 "7";
8 68 1 0,3,9,11,13,15,17,20,22,30,31,34,40,43,48,49,51,58,59,67,70,72,76,78,81,84,91,93,97,98,99,100,103,104,107,113,120,130,131,132,137,139,141,144,146,149,153,156,157,159,162,165,174,175,178,181 "8";
9 13 1 1,3,4,6,8,9,11,13,15,18,19,23,28,30,32,35,37,39,41,46,48,49,50,51,54,56,57,61,69,74,77,78,81,83,84,88,89,90,93,99,102,103,106,108,109,111,113,116,118,119,121,124,127,128,129,132,133,136,141,142,144,146,148,151,153,154,155,156,158,161,162,164,165,167,171,173,175,176,178 "9";
10 106 0 2,15,18,21,24,28,59,64,72,96,105,109,111,121,130,133,146,154,161,171 "10";
11 91 0 134,152,181 "11";
12 73 1 1,3,5,6,7,10,12,15,17,19,26,28,30,31,32,34,35,38,42,43,44,46,47,49,50,53,55,59,63,67,69,72,73,74,79,81,87,89,92,93,94,96,100,104,106,107,109,111,113,114,117,118,121,122,124,127,131,133,134,136,140,141,143,145,149,150,151,153,155,157,158,160,161,163,164,166,168,169,172,175,177,180,181,182 "12";
13 170 0 1,5,6,14,18,20,22,28,34,36,39,43,45,50,52,56,60,62,67,71,72,74,75,82,83,102,105,107,110,114,116,119,120,122,123,125,127,136,140,147,154,166,172,178,181,182 "13";
14 96 1 11,17,18,25,28,38,42,47,52,63,65,81,87,88,91,102,110,116,124,126,127,133,143,145,151,153,162,167,168,180 "14";
15 30 0 12,23,26,39,42,48,50,56,57,75,77,86,97,105,109,119,133,159,163,165,171,173 "15";
16 25 0 0,1,3,4,5,9,11,14,19,21,26,29,30,31,37,39,41,45,47,49,50,55,57,58,61,64,66,72,78,80,82,87,88,89,92,95,98,104,106,108,110,112,115,116,119,123,125,127,129,130,131,134,137,145,148,150,151,152,156,158,161,162,164,168,171,172,176,181,182 "16";
17 120 1 1,3,13,16,17,19,23,24,27,29,30,32,34,35,39,45,48,50,53,55,58,59,65,69,70,72,75,78,82,86,89,94,97,99,104,105,108,109,110,116,121,125,126,129,130,131,132,134,141,145,148,153,154,156,157,160,163,166,176,179,180,182 "17";
18 52 0 1,4,8,13,14,17,19,21,23,25,26,28,30,31,33,35,40,41,43,45,47,51,53,56,59,60,61,62,64,65,68,73,75,79,81,82,86,87,90,93,95,96,97,98,100,102,103,104,106,108,109,111,113,115,116,118,120,125,131,133,136,139,141,144,148,154,156,158,161,162,164,165,167,169,171,173,175,177,179 "18";
19 45 1 2,4,5,9,11,20,22,27,34,39,40,50,52,65,77,93,95,99,109,117,120,135,140,143,148,159,161,169,171,174,177,179 "19";
20 170 1 0,2,3,5,10,12,14,20,21,23,25,27,32,38,39,43,51,53,61,65,66,68,71,73,77,81,82,84,90,91,92,99,101,105,111,114,116,117,122,124,127,128,130,132,137,139,142,145,146,149,165,171,174,177 "20";
21 91 0 0,2,3,6,8,16,18,25,28,29,33,34,38,39,42,44,46,48,52,55,57,61,63,64,68,70,71,75,79,84,85,87,90,106,108,109,110,113,117,120,123,129,138,141,143,144,146,149,151,155,158,160,168,171,175,176,178,180,182 "21";
22 104 1 0,11,19,27,28,30,37,39,47,66,68,70,77,82,87,89,91,94,96,105,109,113,123,124,126,134,136,142,145,150,164,173,178 "22";
23 19 1 1,11,13,25,28,34,35,40,46,62,68,79,82,87,90,98,113,114,118,119,128,133,136,144,148,151,156,166,173,179,181 "23";
24 160 0 1,6,8,9,11,14,16,17,18,20,21,22,24,26,27,31,33,37,38,40,42,43,49,50,54,55,56,59,62,66,69,70,73,75,78,79,83,84,86,87,88,91,93,95,98,99,101,103,104,108,109,111,114,117,119,120,122,125,128,129,131,133,135,136,139,142,143,146,151,155,157,159,161,162,163,165,167,168,170,174,179,180,182 "24";
25 157 1 8,10,15,23,25,30,34,35,37,38,40,44,46,49,52,54,57,59,60,63,64,67,77,83,86,92,95,96,102,103,106,108,122,123,124,129,131,134,142,146,147,167,170,171,178,182 "25";
26 56 0 26,56,95,101,141 "26";
27 10 0 1,3,5,11,14,17,19,23,34,35,37,39,42,44,46,48,52,57,62,63,65,69,72,78,83,85,86,88,91,94,100,107,108,111,114,117,118,121,125,130,132,137,141,145,147,148,149,152,155,159,164,167,169,170,172,176 "27";
28 10 0 4,6,9,13,15,17,20,23,25,27,29,32,38,41,42,43,53,55,60,61,64,69,70,73,75,78,79,81,84,89,90,98,100,102,104,107,108,113,118,120,121,127,130,132,133,135,139,140,143,144,148,155,160,161,163,166,169,171,172,175,178,180 "28";
29 42 1 0,2,6,8,12,13,15,17,19,24,27,29,31,33,36,39,41,43,44,45,48,49,60,64,66,67,76,78,79,81,83,84,85,90,92,95,98,99,100,104,107,113,115,121,123,125,127,130,132,134,137,140,141,144,146,148,159,160,162,163,170,172,176,177,180,182 "29";
30 23 1 59,109,118,121,127,134,138 "30";
31 158 1 0,2,3,5,8,9,11,16,18,20,21,26,30,32,33,35,36,37,40,42,44,46,49,54,55,58,61,64,65,67,69,70,72,74,75,77,79,82,84,85,90,93,94,96,97,103,104,105,108,112,114,117,119,121,122,124,126,129,130,135,140,143,145,148,149,152,158,160,161,163,165,168,169,173,177,179 "31";
32 79 1 15,23,54,85,98,146,156,179 "32";
33 79 0 3,5,10,17,22,24,37,43,45,50,52,54,57,60,63,68,70,76,78,79,82,90,96,99,101,102,105,113,114,116,118,121,124,126,129,131,133,139,141,146,152,154,156,157,159,165,166,170,179 "33";
34 133 1 1,3,5,6,9,12,15,18,20,21,26,28,30,32,36,38,41,48,51,54,56,64,66,70,72,73,74,89,91,93,109,118,121,125,131,135,138,141,142,144,148,149,154,156,168,170,173,175,176,178 "34";
35 160 0 0,3,6,8,9,11,13,17,21,23,25,27,29,34,36,39,42,43,48,58,59,62,65,66,68,70,73,79,81,82,85,86,94,97,98,99,103,104,108,109,112,114,120,122,127,129,136,137,139,142,147,151,153,154,157,160,163,166,167,170,174,176,177,178,181,182 "35";
36 48 1 1,2,8,13,17,19,21,23,25,27,29,45,47,50,57,61,63,64,67,72,73,75,81,86,88,91,93,95,103,107,112,117,120,122,123,126,130,131,133,137,139,142,143,145,151,154,157,160,163,167,170,176,178,181 "36";
37 24 1 0,2,8,10,11,12,14,17,18,20,21,23,25,29,32,35,37,39,40,42,44,45,47,50,55,57,58,60,61,68,71,73,75,77,79,82,83,86,87,89,90,92,94,95,97,101,102,104,105,108,110,112,114,116,118,119,121,123,125,127,132,134,137,139,141,143,146,149,151,153,156,160,161,162,164,165,167,169,172,173,176,179,180,182 "37";
38 178 0 5,10,14,54,67,78,103,120,127,142,151 "38";
39 38 0 3,7,9,10,15,18,23,25,40,49,54,57,62,81,85,93,102,104,106,114,120,135,140,144,147,149,152,157,160,161,165,175,179,182 "39";
40 40 1 1,2,4,5,9,11,13,15,16,21,23,25,30,33,35,38,43,46,49,51,55,56,59,63,64,71,75,79,81,85,86,90,92,94,95,99,104,106,109,113,119,121,123,125,128,129,130,133,134,137,138,139,141,144,152,153,157,160,164,165,168,170,174,177,182 "40";
41 114 1 4,21,59,70,75,99,113,119,125,128,150,153,162,173 "41";
42 83 1 1,10,15,19,22,28,29,40,41,43,55,59,66,68,75,88,93,104,109,120,126,129,131,134,137,145,149,150,153,156,159,165,172,174,176,180,182 "42";
43 81 1 3,6,8,10,11,22,25,34,37,38,41,44,50,56,60,61,65,67,75,81,85,90,91,93,106,108,110,114,117,120,125,128,135,137,139,141,143,145,180,182 "43";
44 112 0 7,8,12,14,18,22,24,27,30,32,41,47,49,52,54,57,59,61,64,65,67,69,71,72,75,77,81,84,86,88,91,94,104,105,108,109,110,118,121,123,127,131,135,138,140,142,146,148,150,153,154,164,167,171,172,175,179 "44";
45 105 1 4,6,12,16,18,20,23,24,26,27,29,32,34,35,37,38,39,41,42,44,46,47,49,52,53,55,56,58,61,62,64,67,71,75,76,77,80,84,87,89,90,92,93,95,96,97,98,101,102,104,109,110,112,113,115,116,120,122,123,125,129,130,131,133,134,138,139,140,142,143,144,146,148,149,150,153,155,157,158,163,164,166,167,168,169,173,176,177,180,181 "45";
46 101 0 0,11,13,16,25,30,34,37,41,43,47,50,58,77,92,95,99,109,110,114,120,124,134,141,144,146,147,163,165,167,169,171,179 "46";
47 70 0 0,2,3,6,8,10,12,14,15,21,24,27,28,31,33,34,38,40,43,51,53,54,56,57,64,67,68,71,72,73,75,79,80,82,85,89,93,94,98,100,101,103,104,106,108,110,111,112,115,116,118,121,125,126,127,130,133,134,141,142,144,148,149,150,152,153,155,156,158,162,166,168,170,171,177,179,180,182 "47";
48 12 1 0,2,4,9,11,16,19,22,23,29,33,35,37,40,45,46,48,52,56,59,64,73,77,84,86,89,93,102,106,108,112,117,123,126,128,131,138,140,141,143,145,148,153,161,166,171,175 "48";
49 134 1 2,3,6,11,13,15,19,20,21,26,29,32,33,36,40,44,46,49,53,55,60,64,67,69,75,77,78,80,81,83,85,88,94,96,97,103,107,110,111,113,116,118,120,122,123,125,129,130,133,136,137,139,145,151,163,165,172,174,178,180 "49";
50 26 0 5,9,20,27,28,34,39,45,50,55,63,66,70,80,81,86,90,93,95,104,108,111,122,126,137,139,141,146,148,151,157,169,172 "50";
51 78 0 5,8,15,22,33,34,38,43,54,58,66,67,85,91,96,100,106,112,116,129,131,133,139,147,154,158,168,171,176 "51";
52 107 0 2,16,20,24,35,48,75,102,104,106,114,115,124,138,157,180 "52";
53 140 1 4,12,38,45,47,54,61,87,142,151,178,181 "53";
54 25 0 2,4,5,7,8,15,18,19,21,24,26,29,32,34,36,37,40,42,43,46,47,50,59,61,66,70,72,74,76,77,80,82,83,90,93,96,97,99,102,104,106,108,109,111,119,120,121,123,126,130,131,135,138,140,142,145,146,147,151,152,155,157,161,163,164,172,173,177,178,180 "54";
55 110 1 0,3,4,6,7,10,14,15,18,19,20,24,32,34,35,40,41,43,45,49,51,54,61,63,66,68,70,72,73,85,90,95,96,97,99,101,102,109,111,113,114,117,126,141,143,146,155,158,160,161,164,168,170,171,173,174,176,177,182 "55";
56 32 0 1,2,4,6,9,11,14,16,17,18,21,26,31,35,37,39,40,42,43,46,48,50,56,60,63,66,68,69,73,74,77,78,79,81,85,89,94,99,100,102,104,105,107,110,114,115,118,119,122,124,130,132,138,139,143,145,149,153,156,158,161,162,164,166,168,171,172,175,180,181,182 "56";
57 94 0 54,83,140 "57";
58 82 1 1,3,6,8,11,18,20,22,36,39,44,83,85,91,98,99,103,105,106,107,114,116,117,121,126,127,129,132,133,135,138,142,143,145,152,156,161,164,167,171,175,176,178 "58";
59 128 0 0,1,2,3,4,5,7,9,11,16,17,19,20,22,24,26,28,29,33,36,42,44,45,47,50,55,58,59,61,63,64,67,68,69,70,74,75,76,78,79,81,82,86,90,92,94,95,99,101,103,104,109,112,114,115,118,120,121,122,123,125,126,128,129,132,133,135,136,138,139,142,145,146,148,150,152,153,155,156,157,159,161,163,164,165,166,169,172,174,179,181,182 "59";
60 180 0 1,4,7,9,11,12,13,15,16,17,19,20,23,25,31,34,35,37,38,40,44,49,51,52,54,60,62,63,65,67,74,77,79,82,84,91,93,95,97,100,102,106,107,113,115,116,119,121,122,124,125,131,133,135,141,144,146,147,148,151,152,153,156,162,166,170,174,176,179,180,182 "60";
61 157 1 2,5,6,8,10,16,19,21,24,25,29,32,38,45,48,50,53,55,58,63,65,70,72,74,75,80,83,84,88,90,92,94,97,98,100,107,108,110,112,116,119,120,122,123,130,131,135,137,139,141,143,148,151,154,158,161,163,166,167,170,171,173,177,179,181,182 "61";
62 40 0 3,5,7,9,10,13,17,19,22,24,26,30,32,39,40,43,44,47,49,50,53,55,57,60,61,63,65,66,67,69,72,80,84,86,90,92,93,94,95,98,99,101,103,105,108,109,111,113,118,119,125,127,128,130,132,134,135,136,139,141,144,145,149,151,155,160,163,165,173,176,179,181 "62";
63 68 1 4,8,9,11,14,28,30,32,38,43,46,47,58,61,63,67,69,71,72,73,82,83,86,88,98,101,106,108,109,111,118,124,125,127,129,132,137,140,145,151,154,155,160,161,164,168,169,174 "63";
64 100 1 9,12,13,19,26,29,33,49,51,55,62,64,67,72,77,83,87,95,97,99,100,103,111,118,124,129,130,134,139,148,150,151,155,166,170,174,178,181 "64";
65 94 1 0,1,2,6,8,10,12,13,16,17,18,19,20,23,26,28,30,31,33,36,39,40,42,44,48,54,55,56,58,60,61,64,66,67,68,70,71,72,74,75,81,84,86,88,89,90,92,95,96,99,101,102,104,107,109,110,112,117,120,121,123,124,128,130,132,134,137,138,140,142,143,145,146,149,151,153,155,157,160,164,165,168,171,173,174,175,176,178,179,180,181 "65";
66 66 1 0,1,2,6,7,10,12,14,24,26,28,33,35,38,39,41,43,45,47,48,51,53,59,61,65,66,72,74,76,79,81,88,93,95,96,99,101,103,109,112,116,119,123,125,127,129,132,133,135,136,139,143,144,148,150,154,158,160,162,164,168,171,173,175,179 "66";
67 105 1 2,11,12,17,33,49,59,70,81,124,154,156 "67";
68 9 0 1,2,4,6,9,12,13,14,18,19,23,24,26,27,34,35,37,40,41,44,47,49,50,52,54,56,58,60,63,64,66,70,72,74,76,77,78,80,82,84,87,89,90,92,93,94,96,98,101,106,107,108,111,115,117,119,122,125,127,130,132,135,136,138,141,143,147,155,161,166,168,172 "68";
69 131 1 2,4,6,14,19,23,25,31,33,39,41,43,47,60,61,63,66,68,70,71,77,80,84,88,89,95,97,100,106,109,112,113,118,124,126,130,134,138,140,142,146,148,149,153,159,164,171,172,174,178,179,181,182 "69";
70 77 0 5,19,29,33,43,51,52,59,80,87,89,118,124,130,137,138,151,154,158,165,171,176,181 "70";
71 49 1 6,16,18,27,34,37,45,50,61,64,71,73,88,91,99,100,111,112,114,117,120,127,140,142,144,145,147,152,155,160,165,176,181 "71";
72 120 1 1,8,10,14,21,24,25,28,30,36,37,41,43,44,46,48,49,51,53,57,59,69,71,78,80,83,85,87,88,89,92,93,96,97,99,103,107,112,118,120,125,131,132,135,138,139,142,143,149,150,153,156,159,163,164,167,174,175,178,182 "72";
73 147 0 0,6,9,10,11,14,15,16,17,28,31,41,45,46,48,50,55,57,60,63,64,67,79,82,84,85,89,92,98,100,103,104,108,117,124,128,133,135,136,141,143,148,150,158,159,161,163,167,168,172,174,177,179,182 "73";
74 152 0 0,5,16,18,19,23,25,28,29,30,31,32,34,35,37,40,42,45,46,48,49,52,54,56,57,58,60,61,62,65,67,69,72,74,76,85,90,94,99,101,103,110,112,113,115,118,120,121,122,124,132,134,135,136,138,143,146,148,152,153,155,156,157,159,161,164,166,167,169,170,172,175,176,180 "74";
75 162 1 3,6,10,13,14,28,40,42,43,47,49,55,58,61,64,77,78,82,84,86,89,93,94,98,104,109,115,118,119,121,128,131,132,136,139,144,146,147,151,154,167,168,171,173,178 "75";
76 72 0 3,10,20,23,31,41,49,61,70,74,78,81,95,115,120,127,128,135,138,147,153,155,158,173,178,180,181 "76";
77 176 0 30,46,82,116,167 "77";
78 67 0 5,7,10,12,14,17,21,22,25,26,27,33,38,40,44,48,49,52,58,65,67,75,78,79,80,85,90,96,97,100,102,103,108,109,111,112,114,117,119,131,135,137,139,142,143,144,148,151,152,154,155,160,168,170,173,175,177,182 "78";
79 16 1 2,10,13,16,24,26,30,32,33,37,45,52,66,67,73,79,81,97,99,105,106,108,111,115,119,121,123,133,134,140,143,146,150,153,156,160,163,170,174,178 "79";
80 112 0 2,23,28,82,117,132,141 "80";
81 90 1 6,18,21,26,28,33,36,40,44,50,52,55,57,60,67,92,98,105,110,112,120,131,137,143,144,149,154,175,177,182 "81";
82 59 1 11,14,16,17,19,20,25,28,31,35,42,45,48,55,57,67,74,82,87,89,102,105,107,110,118,120,127,131,140,142,143,145,149,155,171,172,179,181 "82";
83 76 1 10,22,30,33,42,50,51,55,58,72,73,78,83,87,89,93,97,107,115,119,126,151,155,160,165,168 "83";
84 139 0 2,11,16,19,40,45,64,65,78,79,90,95,97,104,113,116,142,146,156 "84";
85 16 1 7,20,21,24,35,50,54,63,68,76,77,91,96,97,98,106,115,121,130,138,140,145,150,151,157,175,178 "85";
86 29 0 0,1,3,5,14,27,37,40,41,44,45,47,54,55,61,63,64,66,70,71,79,88,93,97,107,111,117,119,125,130,132,137,139,143,156,163,166,170,173,180 "86";
87 74 1 0,2,3,4,6,7,10,12,13,14,16,18,20,22,23,25,27,28,30,34,36,38,44,47,52,57,58,60,62,66,67,71,73,81,86,87,88,90,91,94,96,98,101,102,103,108,110,112,114,116,118,121,122,125,126,127,129,130,134,137,139,140,141,143,145,146,147,149,151,153,156,157,158,160,163,165,169,171,175,178,181 "87";
88 143 1 2,5,7,9,16,27,32,38,43,46,48,63,66,68,69,73,74,81,83,85,87,90,94,96,100,111,112,115,122,130,133,134,138,139,147,152,156,158,160,171,173,175,180 "88";
89 163 0 0,4,5,9,11,12,15,19,21,23,25,27,33,41,42,47,52,61,65,67,80,83,87,89,90,95,97,98,103,104,107,119,120,127,128,134,144,146,148,164,166,167,171,176,177 "89";
90 108 0 0,14,19,23,25,28,33,35,48,62,86,98,102,130,154,166,178 "90";
91 68 1 3,5,8,11,12,31,32,76,93,121,144,159,163,170 "91";
92 160 0 0,7,13,19,21,24,25,30,33,37,46,53,72,76,78,80,84,93,104,108,111,112,119,130,137,145,147,148,153,154,161,162,164,166,167,173,175 "92";
93 136 1 1,2,4,5,6,8,10,13,14,15,16,17,22,23,24,26,28,30,33,34,35,37,38,39,41,42,43,46,47,49,51,52,54,55,58,60,63,65,67,69,70,71,75,76,77,79,80,82,84,87,88,90,91,96,101,103,104,107,108,110,113,114,115,118,119,122,124,127,131,133,134,136,138,142,144,147,148,153,154,159,160,163,164,167,169,170,172,173,175,179,180,181 "93";
94 49 1 4,6,8,13,15,17,19,25,32,36,39,46,49,50,53,55,56,58,62,66,70,72,74,77,79,86,89,93,100,102,106,113,116,119,122,127,131,134,139,151,157,159,162,164,173,175,176,178 "94";
95 176 1 2,4,8,10,12,14,16,19,21,25,26,32,39,41,43,45,49,53,58,63,71,74,76,78,79,81,82,85,87,88,90,94,96,97,98,101,105,106,108,109,112,115,116,119,120,123,125,126,130,133,136,140,141,143,147,150,151,152,154,156,157,160,161,162,167,169,173,177,178,179,181,182 "95";
96 142 0 2,4,6,7,11,13,15,17,22,25,27,29,32,33,35,37,40,43,45,48,50,56,59,62,71,74,76,78,82,90,91,93,97,100,101,103,104,105,107,120,123,126,132,136,140,142,144,154,155,158,159,164,165,166,168,169,171,173,174,177,178 "96";
97 20 0 5,21,26,29,36,44,50,52,64,67,69,75,80,81,82,84,93,98,99,101,104,126,133,136,141,144,173,182 "97";
98 158 0 3,5,6,11,14,18,19,22,28,31,34,36,38,40,44,46,48,52,55,63,66,67,73,78,80,83,86,88,93,96,97,105,107,109,110,121,123,126,133,134,136,137,140,142,148,158,160,163,166,168,178,182 "98";
99 38 1 4,6,26,31,32,35,40,44,52,59,66,68,72,73,84,88,94,97,101,112,114,120,122,130,141,144,151,156,173,180 "99";
100 147 0 1,3,10,16,23,34,39,45,48,49,56,58,59,64,65,68,69,71,77,80,83,85,89,91,95,99,107,109,113,114,116,120,133,136,141,144,148,151,153,158,169,172,178,179 "100";
101 43 0 3,24,27,31,45,48,54,79,88,90,100,101,104,106,117,124,135,137,144,148,151,153,158,160,163,164 "101";
102 22 1 13,17,19,26,30,40,43,46,48,54,58,61,67,69,79,94,98,110,112,128,131,132,139,144,149,157,161 "102";
103 140 0 22,29,30,39,44,47,48,56,61,80,107,115,118,134,135,141,142,165,177 "103";
104 124 1 4,5,7,15,22,26,27,53,64,71,83,94,96,110,116,119,123,126,128,135,142,143,145,146,151,155,157,174 "104";
105 174 0 1,3,6,8,11,13,14,17,20,21,23,24,29,30,32,34,35,38,42,45,48,50,51,52,55,56,57,58,59,61,63,64,65,68,69,70,72,73,75,76,78,81,83,84,86,90,92,95,96,99,102,104,106,108,110,113,115,116,117,118,120,122,124,128,129,131,134,136,138,139,141,143,145,150,153,156,158,160,162,163,166,168,169,171,172,174,175,176,180,181,182 "105";
106 111 0 5,8,13,16,21,23,26,35,36,44,46,50,54,59,63,65,68,71,75,79,82,89,91,94,98,106,111,115,116,119,121,127,130,131,143,147,149,158,162,165,168,170,174,178,180,182 "106";
107 134 0 2,5,9,11,13,15,17,22,25,28,29,32,33,39,42,43,53,57,59,61,66,69,72,75,77,81,82,84,87,92,100,103,105,114,115,116,118,119,120,123,124,128,130,135,138,141,144,146,148,152,153,159,162,165,169,171,174 "107";
108 0 0 4,6,8,12,14,15,18,27,28,30,32,37,39,40,41,42,46,48,50,53,55,58,61,62,63,68,71,72,74,77,79,81,84,87,90,92,94,95,97,102,104,106,107,109,110,114,117,119,123,125,128,130,131,132,135,137,141,142,143,148,149,152,154,157,160,164,166,168,170,171,174,178,181 "108";
109 31 0 0,4,9,13,15,19,21,22,26,27,29,31,33,37,38,40,42,47,60,62,65,66,71,74,80,83,85,90,93,94,97,99,100,103,106,108,114,115,117,118,120,123,125,126,128,131,134,137,140,144,145,146,150,152,155,156,157,160,162,163,168,169,172,177,179,181 "109";
110 108 1 27,46,57,64,68,76,88,90,100,108,123,127,131,132,145,154 "110";
111 113 1 2,4,5,11,12,15,17,18,19,21,23,25,27,30,32,35,38,39,40,42,43,44,46,48,50,51,56,61,62,68,70,73,77,79,81,82,84,86,90,92,94,96,97,99,101,103,107,109,115,116,118,119,123,125,126,133,135,140,142,148,150,153,156,158,159,162,165,166,171,176,180,182 "111";
112 59 0 2,3,4,8,11,14,17,20,26,30,34,38,44,45,46,51,53,55,56,63,68,72,76,79,81,85,97,100,102,105,107,111,115,118,130,134,135,137,140,143,144,146,148,156,159,162,165,168,170,174,179 "112";
113 103 1 1,5,6,8,9,14,15,18,19,20,22,24,28,29,30,32,34,37,39,44,46,49,50,52,54,56,57,59,62,64,69,71,74,76,77,81,85,86,90,92,94,95,96,97,100,102,104,107,108,110,113,118,121,124,126,128,130,134,136,137,139,143,144,148,149,150,153,155,157,159,161,164,165,166,167,169,173,175,176,178,179,181,182 "113";
114 4 0 2,3,6,7,11,13,18,20,21,22,23,25,26,28,29,30,33,37,38,39,41,43,45,49,50,52,53,58,61,65,67,69,70,71,72,74,75,80,82,84,86,87,90,97,99,100,101,102,104,105,106,109,110,112,113,115,117,119,120,121,123,124,125,127,128,129,131,133,134,135,137,138,142,144,145,148,151,156,158,160,161,165,167,168,170,172,175,178,179,180 "114";
115 117 0 6,9,11,20,40,56,57,58,61,76,81,87,89,92,97,98,105,106,112,116,119,124,136,149,161,163,166,174,179 "115";
116 111 0 9,13,46,55,57,59,62,82,94,96,118,125,136,140,151,156,177,180 "116";
117 130 1 0,2,3,5,7,9,12,15,20,22,27,29,33,34,35,41,44,46,50,55,59,62,71,73,74,75,78,82,83,89,93,97,98,100,103,105,107,110,117,119,127,129,135,137,141,145,148,154,156,159,161,165,169,173,174,179 "117";
118 61 1 0,4,7,8,9,15,18,20,24,25,28,31,33,35,40,41,42,44,45,47,49,51,53,56,57,61,62,63,64,66,71,72,78,81,84,86,87,92,94,95,97,98,99,102,111,115,120,123,126,132,135,136,138,149,152,156,158,164,166,168,173,180,182 "118";
119 146 0 0,3,7,8,23,24,30,35,41,43,47,49,52,55,57,62,64,67,68,70,72,86,93,98,99,102,108,111,114,115,118,122,125,135,138,144,145,146,149,152,157,159,175,178,179,181 "119";
120 47 0 0,6,8,11,15,17,19,27,28,31,32,35,39,41,44,45,49,51,54,56,59,63,66,67,69,75,76,78,80,84,87,90,92,93,98,100,102,104,108,110,112,113,115,117,123,125,129,130,132,133,135,136,138,139,143,155,159,162,164,166,168,171,176,179,182 "120";
121 50 1 2,3,6,23,29,30,33,36,38,45,53,56,60,64,66,72,87,88,104,111,123,125,128,143,151,153,160,171,172,176 "121";
122 41 1 0,2,5,11,13,16,25,28,29,30,31,32,34,37,41,48,50,52,53,59,60,62,63,66,67,69,73,75,77,78,81,86,87,90,95,97,99,100,102,107,108,109,113,122,124,128,134,136,140,142,146,148,150,151,153,157,163,165,167,169,170,172,173,175,177,180,182 "122";
123 17 0 2,7,16,19,28,31,43,47,48,49,54,56,59,60,63,65,68,70,72,75,77,80,81,82,84,88,89,93,96,101,102,104,124,132,138,140,142,144,152,153,167,170,179,182 "123";
124 175 1 2,3,5,7,8,11,13,15,16,17,19,21,23,24,25,27,30,35,39,41,42,44,45,47,52,54,55,57,58,59,60,62,66,68,70,72,73,77,83,86,89,91,92,93,98,100,101,107,112,114,116,121,124,125,126,129,133,134,135,139,141,142,144,146,147,148,150,151,153,156,158,163,165,166,167,169,172,175,179 "124";
125 28 1 7,14,16,23,26,28,29,36,41,42,44,51,52,56,60,61,63,67,74,77,89,94,103,105,110,116,120,122,123,127,129,130,132,133,142,153,168,175,176,178,180,182 "125";
126 168 1 7,14,16,19,25,36,38,42,47,49,57,62,63,73,78,86,102,104,105,117,120,122,125,126,129,136,139,141,146,150,152,155,156,158,167,170,172,176,179 "126";
127 39 1 2,3,5,8,11,12,14,16,19,20,22,25,27,28,31,32,34,37,38,40,41,43,44,48,50,51,53,55,59,60,62,64,66,68,71,73,74,76,77,80,81,83,85,87,88,90,92,94,95,98,99,100,103,105,110,112,113,114,117,118,121,124,126,127,130,131,132,134,136,140,142,144,147,148,152,155,157,158,160,161,163,165,168,169,171,175,176,177,180 "127";
128 99 1 6,8,18,24,29,33,36,38,43,44,55,60,67,69,70,77,80,90,101,103,104,106,109,110,123,125,127,128,130,133,137,141,145,159,161,164,167,174,179,181 "128";
129 183 0 14,16,30,42,44,55,66,73,76,82,98,102,112,135,156,158,163,168,170,175,178 "129";
130 119 1 5,15,20,28,29,39,49,57,68,72,73,87,92,95,97,98,105,126,135,143,145,147,151,157,182 "130";
131 179 1 1,3,6,8,13,16,17,20,23,25,26,27,28,30,31,34,37,39,41,48,50,51,58,59,65,69,74,75,78,81,83,87,90,91,99,100,102,104,105,108,110,112,113,115,118,122,125,126,128,129,131,132,134,136,139,140,142,146,147,149,153,155,158,163,164,165,170,173,177,178,180,182 "131";
132 34 1 0,3,5,8,9,12,15,17,18,19,20,22,24,25,26,29,34,35,37,38,41,44,45,50,52,54,58,60,63,65,67,68,69,71,72,76,77,81,84,85,87,92,93,95,97,100,101,103,106,109,111,112,114,116,120,122,124,127,128,130,132,136,137,139,140,142,143,144,145,148,150,152,153,158,161,162,170,173,174,176,180,182 "132";
133 172 0 1,20,31,74,83,98,156 "133";
134 59 0 21,22,38,48,50,53,64,121,126 "134";
135 12 0 11,32,48,54,62,69,100,106,108,121,122,126,139,150,165,174,176,179 "135";
136 121 0 2,4,5,8,11,14,17,23,25,26,29,31,32,35,40,42,43,45,46,48,49,50,54,56,57,59,61,65,66,68,72,76,78,79,80,84,87,88,90,94,96,97,99,104,106,108,110,111,112,113,115,122,124,125,127,130,131,135,136,140,142,146,147,151,154,156,160,162,166,167,171,173,176,178,180,182 "136";
137 121 1 4,12,46,80,87,89,106,116,180 "137";
138 99 0 0,4,18,25,29,35,37,43,46,50,59,63,68,70,71,75,85,88,95,99,104,115,117,119,123,126,136,138,148,155,159,163,167,172,176,179,181 "138";
139 58 1 1,5,8,9,11,13,16,18,28,30,33,37,40,42,57,63,65,76,77,89,92,96,98,101,103,106,107,118,136,140,144,146,151,158,159,165,171,172,174,182 "139";
140 50 0 29,33,48,55,67,88,101,118,121,132,136,143,144,160 "140";
141 93 0 4,9,15,18,27,35,44,47,55,58,72,100,101,103,150,158,166,176 "141";
142 111 1 0,4,6,16,25,36,38,41,47,59,70,75,81,83,93,95,98,102,107,108,117,119,122,130,132,137,143,147,153,160,164,166,170,172,177,182 "142";
143 42 0 0,2,3,4,6,7,10,16,28,32,35,37,40,42,46,48,51,54,57,65,70,73,75,80,81,83,91,96,97,104,107,110,111,113,114,116,120,123,124,126,130,135,137,138,146,151,154,157,160,165,169,172,174,177,178 "143";
144 1 0 1,4,10,12,14,15,19,21,22,25,28,30,31,33,34,38,41,44,45,46,49,50,52,54,56,60,61,62,64,65,68,70,73,75,77,81,84,86,88,89,91,92,95,96,100,103,110,112,113,115,116,118,121,126,131,133,137,140,142,143,145,146,148,149,152,153,154,156,157,161,166,169,171,175,178 "144";
145 75 0 37,48,82,96,100,115,121,136,154,168 "145";
146 124 1 1,4,7,10,13,14,17,19,20,21,23,25,26,27,29,30,32,36,37,38,41,44,48,50,52,55,56,58,60,62,64,65,67,69,71,73,76,77,82,83,85,87,90,91,92,95,98,101,102,105,107,110,113,116,117,118,120,121,124,125,127,129,131,132,134,136,138,140,141,142,145,148,150,152,154,156,158,159,160,163,167,169,171,173,176,178,180,181 "146";
147 78 0 0,2,4,5,8,9,11,18,20,21,22,24,32,34,38,40,44,45,46,53,55,57,59,62,64,66,70,72,75,84,90,91,92,96,97,103,105,113,117,119,122,129,131,138,139,143,144,145,147,149,152,154,157,158,161,168,169,171,175,178,181,182 "147";
148 23 0 0,1,4,9,14,15,17,20,23,26,28,31,35,36,39,40,44,46,49,52,55,57,59,60,64,66,67,69,71,72,74,79,81,83,86,90,91,94,99,100,103,105,114,116,118,120,122,123,125,128,133,135,137,141,143,145,148,149,152,155,157,159,161,164,170,177,179,180 "148";
149 2 1 3,5,6,10,12,14,15,19,22,25,26,28,29,31,32,34,35,37,38,39,41,43,44,50,51,53,54,56,59,62,63,64,66,68,72,74,78,79,83,84,86,87,93,94,95,98,101,103,106,111,112,114,116,118,120,122,124,126,128,131,133,136,137,139,143,145,146,149,150,152,154,156,157,159,160,164,166,167,168,170,171,173,175,176,177,179,180,182 "149";
150 144 0 2,4,6,8,11,12,15,16,18,19,20,22,26,28,33,35,38,40,41,43,44,45,49,50,53,55,58,59,60,62,65,68,70,72,75,76,77,81,85,86,89,92,93,95,98,99,102,103,108,109,113,115,117,119,120,122,124,126,128,137,140,141,143,145,149,150,151,153,154,156,157,158,161,164,165,167,168,172,177,180,182 "150";
151 18 1 19,37,42,45,52,76,110,115,126,141,144,162,175 "151";
152 88 1 0,3,5,9,11,20,22,24,26,28,29,31,32,35,37,39,43,45,47,49,53,55,57,58,59,60,68,70,85,91,95,99,101,107,109,110,112,117,121,123,125,126,130,131,133,140,147,148,150,151,153,155,157,161,164,166,172,178,180 "152";
153 133 1 1,3,6,8,10,13,15,16,18,21,22,24,31,33,37,38,40,45,47,49,52,54,57,58,60,61,64,69,72,74,76,78,80,83,85,87,88,93,96,100,101,103,105,106,109,111,117,125,126,128,133,135,137,138,140,141,142,144,154,158,164,165,170,172,173,176,178,181 "153";
154 117 1 0,3,5,7,8,10,12,13,18,19,22,23,24,27,30,31,33,34,37,38,42,48,49,50,52,54,55,58,62,65,66,71,73,74,77,78,79,81,86,87,89,91,93,95,96,98,99,100,102,104,105,107,109,112,113,114,116,118,122,124,126,129,130,132,134,135,136,139,140,142,147,150,154,157,159,161,162,165,169,173,174,176,180,181,182 "154";
155 51 0 0,2,4,5,6,8,9,13,16,26,29,35,36,39,41,43,47,48,50,52,54,56,57,58,61,62,64,67,69,72,74,77,79,82,83,86,87,91,97,100,101,102,104,105,106,108,111,112,114,115,117,121,127,128,130,133,135,136,138,139,142,145,148,150,154,158,166,168,169,171,172,175,176,181,182 "155";
156 14 1 1,2,3,4,6,9,10,12,13,15,17,22,24,25,26,30,32,35,39,40,42,45,46,48,52,53,55,57,60,61,63,64,66,68,70,71,74,76,78,82,83,85,89,90,92,95,96,97,100,102,104,108,110,113,115,116,118,119,123,127,128,130,133,137,140,142,143,146,148,150,152,157,158,159,161,164,166,168,169,171,172,174,175,177,179 "156";
157 7 0 2,3,8,13,20,22,24,28,29,30,34,35,38,40,42,49,51,56,59,60,62,66,71,73,75,78,81,87,93,97,100,103,106,118,123,125,127,130,131,136,142,146,147,153,157,158,160,162,165,170,174,177 "157";
158 167 1 0,2,6,11,14,17,21,24,31,35,37,40,42,45,46,51,52,54,55,58,59,61,63,66,68,70,72,74,79,81,83,86,88,90,91,93,95,97,100,104,107,110,115,116,117,119,120,124,125,130,133,134,137,139,141,142,143,145,147,149,150,155,156,159,161,163,165,167,168,169,172,176,179 "158";
159 99 0 0,1,3,6,8,13,14,15,20,22,25,27,28,30,32,33,35,40,43,44,50,52,55,58,64,65,67,73,75,83,92,94,97,99,107,112,114,117,118,122,125,128,132,135,136,139,140,142,144,145,147,154,158,161,163,165,166,167,176,180 "159";
160 144 0 11,21,59,123,127,129,177 "160";
161 128 0 4,8,14,19,20,23,24,33,38,39,44,45,49,53,58,61,66,68,72,75,76,78,80,86,87,96,105,108,113,121,124,125,130,132,140,142,145,146,148,150,151,158,163,174,178,182 "161";
162 175 0 0,7,15,16,35,43,47,58,61,65,80,85,91,94,97,101,111,114,119,120,139,141,146,160,163,166,173,176,181,182 "162";
163 181 1 1,5,10,11,13,14,16,18,19,21,23,24,26,29,30,33,34,36,38,40,42,44,49,52,57,58,60,63,64,67,70,74,77,82,85,88,90,92,93,96,99,102,103,104,107,109,111,112,115,117,120,122,127,129,132,133,138,140,141,144,145,149,152,154,157,160,162,163,164,165,166,170,171,174,176,177,180,182 "163";
164 115 0 8,14,16,22,30,31,34,40,44,49,51,54,56,58,59,63,68,71,76,80,85,87,94,95,100,103,106,115,116,122,131,133,135,139,145,149,153,158,162,170,173,175,180,181 "164";
165 165 1 1,14,18,34,37,45,47,54,62,65,67,74,77,80,91,99,101,122,143,146,147,156,158,159,161,163,167,171,175,179 "165";
166 151 1 0,2,5,6,8,10,13,15,17,18,20,21,24,25,28,29,31,33,34,36,37,38,40,41,42,45,47,49,50,51,53,54,55,57,58,61,63,64,66,68,70,72,73,74,77,79,81,83,85,86,91,94,95,99,100,101,102,105,107,108,112,114,119,121,122,124,125,130,131,134,136,137,142,144,146,148,149,150,157,158,162,164,165,169,172,175,177,178,182 "166";
167 111 1 1,9,10,19,23,33,37,44,46,51,53,54,62,64,78,80,84,88,94,95,100,109,110,113,125,133,136,139,142,144,149,155,158,163,170,174,178,179 "167";
168 73 1 1,3,7,9,10,11,13,15,16,18,19,21,23,25,27,29,31,33,36,39,41,42,50,51,52,54,56,58,59,60,63,66,68,69,72,74,76,78,79,82,83,84,87,88,90,91,92,94,97,99,101,102,103,104,107,111,113,114,116,119,122,124,125,126,128,130,132,135,136,138,141,142,143,146,147,149,150,155,156,161,164,166,168,170,172,174,176,179,181 "168";
169 103 1 6,16,21,22,39,42,43,56,57,84,87,91,120,129,153 "169";
170 36 1 0,1,3,4,5,8,10,11,12,14,15,18,20,22,25,28,32,34,36,37,43,45,46,49,51,52,54,56,57,59,60,62,66,68,70,73,76,81,83,87,88,90,91,94,97,99,105,106,110,113,114,115,117,121,123,125,126,129,131,134,135,136,139,142,143,147,153,154,158,161,165,167,169,170,171,176,177,178 "170";
171 51 1 5,8,9,18,21,22,24,33,35,46,48,51,56,58,61,62,64,66,70,78,83,84,88,94,96,99,100,104,107,113,115,116,118,121,127,130,134,137,139,141,146,149,153,157,158,164,165,167,172,174,175,181 "171";
172 128 1 0,8,12,17,23,28,51,64,68,72,81,84,89,105,109,110,139,141,144,153,167,173,177 "172";
173 176 1 0,5,6,10,12,16,19,26,30,47,49,50,53,58,65,78,85,96,99,102,110,112,113,124,129,154,156,158,160,163,164,167,172,173,176,177,182 "173";
174 162 0 0,2,3,7,8,11,15,17,19,20,22,25,26,28,33,37,42,44,46,48,51,52,57,59,60,62,65,66,67,69,71,74,76,77,80,83,86,88,90,92,94,95,98,99,101,104,105,107,108,109,111,113,114,117,119,121,124,129,130,131,132,135,139,140,142,144,145,147,148,150,154,157,159,161,163,164,166,167,170,172,175,178,180,181 "174";
175 80 0 9,12,49,59,74,89,180 "175";
176 55 1 0,6,10,14,23,27,32,40,42,43,47,53,57,58,60,63,64,79,82,90,94,100,106,108,131,133,137,139,144,146,148,150,164,169 "176";
177 97 0 9,11,13,15,16,21,24,32,35,48,51,53,54,59,68,71,75,76,80,84,92,99,102,105,109,124,126,128,129,140,147,154,157,162,164,171,174,179,182 "177";
178 97 0 0,2,7,11,14,17,18,19,22,26,28,31,33,35,39,43,45,46,48,50,52,53,56,57,60,61,64,65,68,69,70,72,73,76,80,81,84,87,89,92,98,101,104,106,110,112,114,119,120,122,128,129,134,137,140,143,148,149,151,152,153,154,159,161,165,168,169,170,173,176,182 "178";
179 78 1 3,4,10,11,18,32,36,40,43,49,51,54,59,62,66,72,88,92,94,104,122,124,127,128,139,143,145,158,170,172,176,178,181,182 "179";
180 119 1 0,3,5,8,13,15,16,20,21,25,27,30,32,34,38,39,44,46,49,52,54,56,58,61,63,64,65,66,70,73,74,75,77,78,82,84,86,88,90,93,95,101,104,107,109,113,116,117,122,125,126,131,133,136,141,142,144,146,149,151,157,159,165,167,171,173,176,179,181 "180";
181 3 1 22,45,51,65,109,117,138,146,150,153,155 "181";
182 179 0 0,2,4,5,7,8,10,17,20,22,25,27,29,32,33,35,37,39,42,43,45,49,50,53,55,56,58,61,62,64,67,70,73,74,77,79,81,82,84,86,87,89,90,92,94,95,100,102,105,107,109,110,112,114,116,117,118,121,124,127,130,132,134,135,137,138,141,144,149,154,157,158,162,163,165,167,168,170,172,174,177,178,179,180,182 "182";
