parity 157;
0 45 1 6,12,24,37,69,75,124,132,146,150 "0";
1 155 0 8,10,12,16,28,31,36,44,47,50,75,77,97,100,102,104,111,118,119,123,150 "1";
2 6 1 1,4,7,8,9,11,13,14,21,23,27,30,32,34,39,43,44,47,50,52,53,55,58,61,66,68,69,70,73,75,76,78,79,83,85,86,90,93,96,97,100,104,106,108,109,111,112,114,116,117,118,124,126,128,130,132,133,135,137,139,141,146,148,150,153,155,156,157 "2";
3 153 1 7,9,10,24,26,28,33,34,38,46,57,59,85,87,95,101,105,106,112,113,117,124,129,132,134,136,138,143,145,147,149,153,155 "3";
4 9 0 31,40,94 "4";
5 77 1 5,7,11,19,23,24,32,38,43,49,52,56,58,60,89,98,101,104,111,114,122,131,134,135,150,157 "5";
6 20 0 0,2,15,23,29,34,42,45,47,48,52,58,65,67,69,71,77,82,90,95,104,110,114,131,133,134,146,154,156,157 "6";
7 8 1 6,9,16,18,22,27,31,34,36,39,40,50,53,61,64,65,78,81,88,93,97,99,106,109,110,115,117,118,121,127,128,129,137,142,150,151,152,154,156 "7";
8 25 1 12,61,143 "8";
9 31 0 3,4,8,11,13,15,17,20,23,25,28,32,33,35,39,41,46,48,50,56,61,62,63,66,68,69,72,74,75,78,80,83,88,89,92,94,96,101,102,107,109,115,116,121,124,134,139,141,145,147,149,152 "9";
10 156 1 3,58,71,77,92,110,122 "10";
11 32 0 8,11,51,99,151,153,157 "11";
12 131 1 0,2,3,5,7,8,9,11,13,16,19,26,27,37,39,44,45,47,51,54,56,59,61,63,66,70,71,72,74,77,79,80,81,86,88,89,91,92,94,95,98,103,105,106,108,110,111,113,114,122,127,129,130,131,133,134,135,137,139,140,141,142,144,147,150,152,154,156,157 "12";
13 83 0 1,3,6,8,10,11,13,15,20,22,24,28,30,33,34,36,38,40,43,45,47,50,52,56,58,61,62,65,66,73,75,78,79,80,82,84,91,93,94,98,102,103,107,109,111,113,115,117,119,121,122,126,130,134,137,139,141,144,145,150,152,153,156 "13";
14 89 1 0,3,6,8,9,16,19,21,23,25,26,33,36,38,44,48,50,53,57,60,64,65,73,81,88,91,93,94,97,98,99,100,103,105,106,109,111,113,115,120,123,125,126,128,136,137,138,139,142,145,149,154 "14";
15 111 0 3,6,10,12,13,14,22,24,26,27,29,31,32,33,35,39,42,43,45,47,49,53,55,56,63,65,69,71,73,83,84,87,90,91,101,104,109,113,118,119,126,128,130,131,139,142,144,147,148,149,151,153,155,156 "15";
16 74 1 0,5,7,8,9,11,13,18,23,32,35,39,41,43,45,46,50,57,59,65,67,74,84,87,89,93,95,97,99,103,105,107,111,115,118,127,129,133,137,138,144,149 "16";
17 82 0 1,3,9,12,13,15,18,19,22,23,26,28,30,33,34,36,38,39,40,42,44,45,47,49,52,53,55,56,60,63,69,70,71,73,76,77,80,81,83,84,85,89,92,94,96,98,100,103,104,105,107,110,114,116,117,120,122,124,125,127,128,129,131,133,134,140,142,145,147,150,151,154,155 "17";
18 119 1 1,3,5,9,10,12,15,17,19,24,28,29,38,42,44,47,48,52,54,55,57,61,62,63,67,69,70,76,78,82,86,88,90,93,94,96,97,98,101,104,107,110,111,117,122,123,128,130,131,135,140,141,146,151 "18";
19 80 1 1,6,9,11,17,21,25,26,28,32,34,38,40,43,62,65,75,91,92,95,102,107,109,114,117,125,133,136,140,149,151 "19";
20 49 0 1,2,5,6,8,9,12,14,15,16,17,19,21,22,24,25,29,30,32,33,35,36,38,39,40,42,45,47,50,51,53,55,57,58,59,62,63,65,67,69,70,73,74,76,78,80,83,86,89,91,93,94,96,98,99,101,103,104,109,111,113,115,120,123,125,129,133,136,138,140,142,143,145,146,149,150,152,153,155 "20";
21 123 1 2,4,7,8,11,12,13,19,21,22,31,32,34,41,43,45,46,51,54,56,59,60,65,66,70,71,75,77,80,81,83,84,85,87,88,92,93,95,99,101,108,109,113,118,120,121,125,129,131,133,137,140,141,143,147,148,149,152,154,157 "21";
22 139 1 5,20,23,30,34,54,70,84,93,112,116,125,141 "22";
23 94 1 9,44,49,55,57,66,68,76,82,86,88,101,106,118,121,122,130,137,147,148,149,153 "23";
24 112 1 5,6,9,11,12,14,16,19,20,22,26,28,30,32,36,37,41,49,56,61,64,67,68,70,77,79,83,97,101,113,117,120,122,123,126,127,130,133,134,140,142,146,151,154 "24";
25 76 1 2,8,10,11,13,15,16,21,28,30,33,38,43,46,48,53,56,59,62,64,65,68,71,72,73,74,77,89,95,98,99,102,104,105,106,107,108,112,115,116,119,124,127,128,130,131,132,136,139,146,150,153,154,155 "25";
26 6 0 3,5,10,13,20,26,28,30,36,38,42,43,51,54,61,65,66,70,72,75,77,80,86,89,91,100,108,110,116,120,121,128,129,134,137,140,146,149,155 "26";
27 139 1 2,4,8,9,12,15,17,19,21,23,24,25,27,31,32,34,35,44,46,48,49,51,52,55,57,61,63,66,67,69,72,74,76,78,80,82,86,90,96,98,99,101,105,109,111,116,117,122,123,124,125,127,130,131,132,134,135,137,140,143,147,148,149,151,152,154,156 "27";
28 50 0 1,3,37,39,67,73,76,86,109,111,142,144,148,153 "28";
29 150 0 0,1,6,7,9,13,19,23,25,30,33,36,37,41,46,48,49,51,54,56,59,62,70,74,79,81,83,84,90,93,94,101,103,104,108,110,114,117,119,121,123,124,126,127,131,135,137,139,146,148,149,152,155,157 "29";
30 149 1 0,3,5,8,10,11,17,18,20,25,29,31,34,35,41,45,46,47,49,51,53,55,57,59,61,71,78,79,84,86,87,89,90,92,94,98,100,104,105,107,111,112,114,116,119,122,124,127,129,132,135,137,140,144,146,147,149,152,154,156,157 "30";
31 73 0 0,1,2,5,6,8,9,11,13,14,17,19,21,22,25,27,30,31,32,36,37,40,44,48,49,53,59,62,63,64,68,70,71,73,75,77,81,82,83,86,90,91,93,94,98,101,105,106,108,112,114,117,120,121,122,124,126,128,129,130,132,133,135,137,139,141,142,144,145,147,148,149,151,153,154,155,157 "31";
32 121 1 7,9,13,14,20,21,26,29,31,32,34,38,42,45,47,49,56,57,58,61,62,63,66,69,70,72,74,75,79,81,82,83,86,89,95,101,102,106,108,110,113,119,122,123,128,131,135,136,138,140,145,146,147,149,151,152,154 "32";
33 138 0 0,4,9,11,13,15,17,21,22,27,29,44,47,53,57,59,60,64,67,70,73,74,76,79,81,83,88,91,99,101,104,107,111,114,116,124,126,132,134,139,141,142,145,147,153,156 "33";
34 40 1 1,2,7,9,10,14,15,20,22,25,26,28,32,34,35,37,38,41,43,45,47,48,49,52,54,55,59,60,62,63,68,69,70,73,81,83,84,87,89,91,93,99,100,101,102,106,110,111,112,114,116,117,118,120,122,124,126,128,130,133,135,137,138,140,141,143,150,152,155 "34";
35 91 0 0,4,11,13,15,16,18,20,21,22,27,29,32,33,38,40,42,43,46,50,52,54,57,61,62,65,66,68,70,73,74,80,82,83,88,89,91,94,96,98,99,102,105,109,110,112,114,115,117,120,121,122,124,126,128,130,134,135,137,141,143,144,146,149,154,156 "35";
36 38 1 1,2,3,5,12,14,16,18,19,21,25,29,35,39,41,45,47,49,50,52,55,58,62,65,66,72,76,82,83,88,91,94,99,105,107,111,115,120,123,128,129,130,132,138,141,144,149,150,151,152,154,157 "36";
37 39 0 0,2,5,14,16,19,21,23,25,27,30,45,46,53,58,61,65,67,87,99,100,104,112,113,114,131,132,137,149,152,157 "37";
38 32 0 48,82 "38";
39 30 0 8,29,33,104,117,147 "39";
40 133 0 28,32,34,38,40,45,47,52,55,58,64,68,75,76,80,84,89,93,98,100,110,111,124,127,134,140,155 "40";
41 65 0 1,3,4,5,7,10,12,14,18,20,22,24,25,28,29,31,32,34,40,42,58,61,63,67,68,69,71,73,74,78,79,80,84,87,89,91,94,95,99,103,104,106,109,112,113,115,116,117,118,120,128,134,138,139,141,143,144,148,150,152,154,156 "41";
42 116 1 0,4,9,11,13,15,20,34,39,62,64,66,75,77,82,104,118,120,126,129,139,144,147,149,152,155,156 "42";
43 35 1 0,3,5,10,12,18,19,30,34,38,41,43,47,51,55,57,68,70,72,73,76,82,88,101,105,109,111,114,117,123,125,127,129,131,143,149,150,155 "43";
44 68 0 5,8,10,13,15,17,18,22,23,25,28,29,32,37,42,45,47,50,52,53,55,57,60,61,63,64,66,67,69,70,72,74,75,79,80,81,83,85,87,90,91,94,95,100,103,105,107,110,113,115,117,120,123,126,128,131,132,134,140,141,143,145,146,149,153,154,155 "44";
45 12 0 0,4,7,8,10,11,14,16,17,20,21,23,25,27,29,33,37,39,41,43,45,47,49,50,54,58,60,62,65,66,68,69,72,73,75,77,78,79,83,85,86,87,88,90,92,94,97,102,103,106,108,110,111,113,115,116,118,119,121,122,127,130,131,132,135,137,139,140,141,143,145,146,148,150,151,153,154,156,157 "45";
46 84 1 0,2,5,6,8,9,15,16,18,20,21,23,25,27,28,33,35,37,38,40,41,47,48,52,54,57,59,62,63,65,68,70,72,75,76,81,86,89,91,94,96,98,99,100,106,108,113,114,116,126,128,130,131,133,139,143,144,146,147,149,153,154 "46";
47 18 1 1,2,4,9,13,16,17,22,23,25,32,34,36,40,42,47,51,53,55,59,63,69,71,73,77,80,82,84,87,90,92,93,95,96,99,104,109,111,112,120,122,123,125,130,134,135,138,141,143,145,150,152,157 "47";
48 140 1 2,4,9,10,13,14,18,20,21,22,25,27,32,34,35,36,38,40,42,43,47,50,54,59,66,70,75,76,77,79,81,83,87,88,90,92,96,98,99,105,107,111,113,116,117,123,131,132,133,135,141,145,147,148,150,153,155,156 "48";
49 14 1 35,62,73,76 "49";
50 109 0 2,4,5,10,12,14,16,18,25,28,34,35,38,40,41,42,44,49,53,56,58,59,64,66,67,69,72,75,79,82,84,87,89,98,100,102,104,108,111,113,117,118,121,122,125,128,130,133,137,138,140,142,145,148,150,151,152,156 "50";
51 0 1 1,11,14,19,23,26,27,31,32,34,36,40,48,52,55,56,58,59,60,63,70,76,77,82,86,87,91,93,100,103,108,110,119,122,132,137,144,147 "51";
52 141 1 0,3,4,6,9,11,17,19,22,23,26,27,29,31,33,36,37,40,42,44,47,48,52,53,54,56,57,58,59,60,62,65,66,68,69,73,74,76,80,81,82,83,85,86,88,89,90,92,94,98,100,104,105,116,119,120,122,124,127,128,131,133,134,137,141,143,146,150,153,155,157 "52";
53 29 1 6,10,12,13,16,19,20,24,29,34,40,44,46,50,52,55,56,60,62,63,65,67,68,70,71,76,79,80,83,88,96,104,105,107,111,117,119,123,124,127,133,134,136,139,140,142,144,146,153,155 "53";
54 53 1 0,1,4,5,7,8,12,15,16,17,20,23,24,28,30,34,36,38,41,43,44,48,49,59,61,62,65,66,67,71,77,80,82,83,84,86,89,90,92,93,96,98,99,100,101,102,104,106,109,119,121,125,127,132,133,136,140,143,145,147,149,151,153,156 "54";
55 18 0 8,10,12,15,18,30,32,35,43,47,49,58,60,75,85,92,95,97,104,130,134,148,151,156 "55";
56 105 0 1,8,21,29,45,49,53,58,62,83,94,110,117,120,128,143 "56";
57 76 0 4,10,12,13,15,17,21,22,24,25,26,30,33,35,37,38,42,44,45,46,48,50,55,58,61,66,68,81,84,88,94,101,104,108,117,121,122,124,129,134,140,142,147,155 "57";
58 60 0 0,7,10,12,16,21,23,28,31,35,36,39,43,46,62,65,68,73,75,76,79,82,87,91,92,94,96,98,103,109,110,112,115,117,121,127,129,131,143,146,151,154 "58";
59 40 1 7,8,14,17,25,28,29,45,49,58,62,65,71,83,89,98,112,118,122,124,127,129,138,140,144,146,152 "59";
60 131 0 3,5,13,21,32,46,52,56,60,61,86,92,97,103,112,114,131,138,146,152,155 "60";
61 69 1 2,9,16,17,25,27,29,35,39,44,45,52,58,61,63,64,67,69,71,75,83,85,87,91,95,97,101,107,112,114,116,121,125,126,128,133,135,140,142,144,147,149,153,155 "61";
62 99 1 1,3,5,17,28,38,42,44,64,65,70,80,97,98,103,117,118,125,129,137,138,143,148,154,156 "62";
63 121 0 4,6,7,10,15,20,21,25,30,32,38,42,44,45,51,58,67,70,75,78,80,82,84,85,88,91,94,95,100,103,108,115,128,133,135,141,144,147,152,154 "63";
64 91 1 0,2,4,6,8,10,14,16,18,20,22,24,25,34,37,39,41,45,47,48,49,52,53,55,57,59,61,63,67,71,74,76,79,83,85,88,91,92,95,103,104,106,108,113,115,116,117,120,125,127,129,131,133,135,137,140,143,145,147,149,151,155,156,157 "64";
65 153 0 2,3,9,11,13,23,25,26,36,39,40,46,58,61,63,65,73,75,77,79,80,83,89,94,99,104,108,109,114,122,131,134,136,139,140,141,145,155,157 "65";
66 25 0 0,3,5,7,9,10,12,13,15,18,20,23,26,29,31,34,36,41,45,46,53,55,56,57,61,63,64,66,68,73,77,79,80,84,85,88,90,91,92,94,99,102,104,106,112,114,116,120,122,124,127,128,130,133,134,137,138,140,143,145,147,151,154 "66";
67 112 0 1,3,5,7,8,10,12,13,14,15,17,18,20,23,25,27,29,32,33,36,38,39,40,42,44,45,46,48,49,50,53,57,61,62,65,66,68,72,75,76,78,80,86,87,89,91,94,95,96,97,100,104,105,106,108,111,115,117,120,121,122,126,128,130,132,135,137,142,143,145,147,149,151,152,155,156 "67";
68 117 1 1,3,4,5,6,8,12,13,16,18,19,20,26,27,30,33,34,40,42,45,46,49,51,54,55,60,63,67,72,75,78,80,83,85,87,89,91,92,99,105,111,112,116,123,124,125,128,129,131,134,136,138,140,142,144,146,149,153,156 "68";
69 13 1 2,3,6,7,9,10,12,13,14,17,21,24,25,29,30,32,34,38,41,44,47,49,52,54,56,59,61,62,64,65,67,68,72,74,75,78,80,86,87,90,96,98,99,100,103,104,106,108,110,111,114,118,120,121,123,126,127,130,132,136,137,141,144,147,150,153,157 "69";
70 56 1 6,11,15,16,19,26,27,33,34,38,45,49,52,53,58,60,66,68,73,77,81,83,85,87,90,94,100,105,106,110,119,122,123,132,144,148,152,156 "70";
71 63 0 1,7,14,16,17,22,35,40,48,65,83,87,91,94,98,101,110,115,120,128,136,139,148,150,155 "71";
72 79 0 3,5,8,10,12,15,19,20,24,26,28,29,32,34,35,39,41,43,46,47,48,53,60,61,67,70,72,73,74,81,86,88,90,93,94,98,99,102,105,107,110,113,114,115,116,118,120,121,124,126,127,128,130,131,137,145,146,148,150,155,156 "72";
73 148 0 11,16,27,29,39,46,50,55,56,61,69,73,77,81,82,84,87,90,91,93,96,99,109,111,118,119,124,128,130,132,138,145,148,155 "73";
74 53 1 3,9,11,16,17,35,51,69,73,76,79,82,84,92,98,100,101,108,113,115,117,124,130,157 "74";
75 85 1 0,10,15,16,18,19,20,23,24,30,32,43,57,61,69,72,74,77,78,82,86,89,91,93,98,100,104,107,110,114,122,131,133,136,140,143,146,153,157 "75";
76 64 0 0,3,5,6,7,9,13,14,16,17,18,21,22,24,25,28,30,34,36,38,39,41,42,45,47,48,52,54,58,60,61,63,64,66,69,71,72,74,79,81,83,85,88,91,93,95,97,98,101,102,105,107,108,110,112,114,117,119,125,128,137,138,141,142,143,145,147,149,151,152,155,156,157 "76";
77 23 0 0,3,7,11,14,17,22,29,32,34,46,48,50,55,59,61,63,67,69,71,77,84,86,93,103,108,111,116,130,135,144,152,154 "77";
78 3 0 0,3,6,7,9,14,17,19,22,27,29,35,38,46,49,51,52,55,57,59,60,63,66,72,76,79,83,85,89,101,102,107,109,111,113,115,116,120,122,127,129,138,143,147,154 "78";
79 99 0 0,2,6,7,9,10,13,14,15,16,18,19,23,24,25,27,29,30,32,38,40,41,42,44,46,47,52,56,59,60,62,64,67,71,73,77,79,80,81,82,85,87,89,92,93,96,99,101,103,108,112,113,114,118,119,123,126,127,129,134,138,139,140,142,143,145,148,149,150,155,157 "79";
80 128 1 0,2,3,6,13,15,16,18,19,23,24,27,29,31,36,38,39,43,45,46,47,51,53,56,62,67,72,74,76,77,80,83,84,86,88,97,99,104,107,108,110,111,112,114,117,119,120,121,124,129,131,133,144,145,148,149,152,154 "80";
81 14 1 2,6,10,12,17,19,22,24,25,27,30,31,32,33,35,37,41,44,46,47,51,53,54,56,58,60,62,64,67,69,71,79,80,82,85,86,90,92,99,102,104,105,106,111,113,114,116,119,121,125,131,133,135,137,142,144,146,148,149,154,156,157 "81";
82 116 0 4,12,16,26,29,72,74,76,93,97,106,114,120,131,137,139,143,149,156 "82";
83 79 0 1,5,20,30,31,37,45,52,53,57,58,61,66,75,80,84,86,87,90,91,96,98,100,111,113,116,121,122,126,131,134,139,143,146,147,154,156,157 "83";
84 11 1 0,3,9,12,15,18,24,27,31,35,42,56,63,71,75,83,89,102,144,150,151,152,154 "84";
85 24 0 0,3,4,5,6,7,11,12,19,21,25,26,27,29,31,34,36,40,42,44,46,47,49,51,52,53,56,57,59,63,64,65,66,67,69,73,77,78,80,83,85,88,91,92,95,96,100,103,107,108,111,112,115,117,118,120,122,127,129,131,132,134,135,136,139,143,145,153,155,157 "85";
86 107 0 1,3,5,6,13,14,16,20,24,29,31,33,36,39,41,45,47,50,55,57,58,60,65,68,73,79,83,87,88,90,96,101,109,111,113,116,119,126,129,131,132,135,137,138,140,150,152,156 "86";
87 65 1 0,1,3,7,8,12,14,16,18,19,22,26,29,31,33,36,37,40,42,45,47,53,55,56,58,62,66,68,69,70,72,75,76,79,83,84,88,89,91,94,99,101,102,104,107,108,110,113,117,121,127,129,132,135,138,141,143,147,150,155,157 "87";
88 102 0 5,7,10,14,16,17,25,26,29,30,34,40,41,43,52,54,55,57,60,62,69,70,72,76,79,81,86,88,91,95,101,106,108,112,115,118,120,122,124,130,132,142,147,149,153 "88";
89 36 1 1,4,5,13,18,20,23,24,32,33,37,42,45,48,60,65,70,84,91,93,99,102,103,104,111,118,120,138,139,143,149,151,156 "89";
90 126 1 2,5,8,9,10,13,15,19,20,26,27,41,45,48,49,52,60,63,66,69,72,81,82,85,87,90,98,107,114,116,129,130,136,142,143,146,150,152,155,157 "90";
91 71 1 1,5,6,13,14,15,20,26,33,39,41,47,56,61,65,66,71,83,95,98,104,109,111,115,117,126,134,141,143 "91";
92 59 0 0,1,2,4,6,7,9,11,13,18,21,23,29,32,37,40,42,45,48,49,50,56,60,62,63,65,66,68,73,74,79,81,84,88,93,95,97,99,103,104,106,109,110,114,116,117,119,121,123,124,125,127,128,132,133,135,137,138,140,144,150,151,152,155,157 "92";
93 118 0 1,37,91,95,110,111,132,145 "93";
94 72 0 95,129 "94";
95 23 0 0,3,4,7,11,16,17,19,20,22,23,25,27,30,34,38,40,41,48,50,55,56,58,65,67,70,71,74,77,80,81,85,87,93,96,97,101,102,104,106,110,112,114,117,121,123,128,129,131,134,135,141,142,145,147,149,156 "95";
96 116 1 1,4,10,13,18,20,23,25,26,28,30,34,41,45,50,55,60,70,71,72,73,76,87,92,97,102,105,109,115,122,128,131,133,139,141,146,149,153 "96";
97 64 1 0,4,9,13,14,17,18,20,24,26,28,29,31,32,34,36,40,42,43,46,48,49,50,51,53,57,59,61,65,68,70,71,73,75,77,79,82,84,86,89,90,92,94,96,98,100,103,104,105,106,110,113,115,116,117,121,127,129,134,136,140,141,143,149,150,154 "97";
98 101 1 1,2,7,9,10,12,16,19,21,23,24,26,29,33,38,40,41,44,46,49,53,55,56,57,62,65,66,72,74,76,78,81,84,86,88,89,92,95,101,105,106,108,111,112,114,115,118,119,122,125,126,130,135,137,138,139,141,142,144,146,148,154,155,156 "98";
99 87 1 9,12,21,76,89,134,143,153 "99";
100 33 1 2,4,6,7,9,10,15,17,19,24,27,40,42,43,47,49,53,55,58,60,61,63,65,66,71,74,82,83,84,86,90,91,93,95,96,98,99,101,104,109,114,115,117,118,120,122,124,126,130,131,134,138,144,145,152 "100";
101 4 1 5,9,12,16,33,47,49,50,55,57,59,61,72,76,80,81,82,87,88,89,93,96,107,109,116,118,119,121,124,125,126,132,133,148,150,152 "101";
102 55 0 1,3,8,9,10,11,20,24,26,28,29,32,34,36,37,38,40,42,43,44,45,49,50,52,53,54,55,56,60,63,64,66,70,72,73,75,76,78,79,81,83,85,88,89,90,91,93,94,96,99,100,104,107,109,111,112,114,117,120,123,126,127,130,131,134,137,138,140,143,144,146,148,151,153,155 "102";
103 49 1 4,45 "103";
104 49 1 4,10,11,13,15,16,23,24,31,34,36,38,40,41,46,48,51,54,56,57,58,60,63,65,69,72,74,75,77,85,88,91,93,100,103,104,105,111,112,114,117,122,124,126,131,134,138,146,150,155,157 "104";
105 108 0 2,12,20,21,22,26,29,37,39,40,42,45,48,57,63,65,69,70,79,82,86,96,99,102,107,115,118,120,123,124,126,128,131,133,136,140,143,148,157 "105";
106 32 1 1,6,9,12,28,35,48,61,92,112,118,123,140,156 "106";
107 8 0 21,26,71,75,80,86,93,102,130 "107";
108 14 0 1,3,6,8,9,11,14,15,17,18,19,22,23,29,30,32,35,39,41,43,44,48,49,54,57,58,60,61,63,65,66,68,70,72,74,77,79,81,84,86,88,92,93,96,98,99,100,101,102,104,109,111,117,118,121,124,126,129,132,134,137,138,141,143,147,149,152,153,154,156,157 "108";
109 76 1 0,1,4,8,10,11,14,16,20,21,23,26,27,32,33,35,37,42,48,50,54,57,59,65,66,73,74,75,77,78,80,82,85,87,89,91,94,99,102,103,108,110,111,113,123,125,128,130,131,132,134,135,138,139,143,144,145,147,153,155,156 "109";
110 71 1 0,1,9,13,18,19,22,31,34,42,45,47,48,49,59,62,65,75,78,80,88,90,98,100,102,104,108,119,123,126,128,133,138,143,145,148,154,156 "110";
111 89 1 1,4,11,13,15,21,25,29,37,65,68,71,83,89,94,100,102,106,111,115,125,138,146,149,157 "111";
112 95 0 3,9,10,16,18,21,23,26,27,30,35,37,38,39,46,47,49,53,59,62,64,72,74,76,78,79,84,88,89,90,93,99,100,101,103,105,106,109,113,118,120,123,125,128,129,131,132,140,144,153,157 "112";
113 16 1 28,30,67,114,123,138,157 "113";
114 109 0 1,3,9,11,13,15,16,18,23,25,27,28,32,34,36,38,41,43,45,47,49,53,55,56,58,59,60,62,68,70,74,76,77,79,81,82,83,89,94,97,99,101,103,105,108,109,110,114,115,117,118,119,120,123,128,131,133,136,138,141,142,143,144,145,148,151,153,154,156 "114";
115 152 0 1,18,69,88,105,113,123,138,151 "115";
116 73 0 13,17,24,28,29,37,38,40,46,53,62,69,71,73,78,79,82,83,84,89,93,96,97,111,113,114,118,127,130,131,132,148,156 "116";
117 20 0 3,6,8,9,14,15,18,25,28,36,43,45,50,53,55,61,63,65,67,68,71,73,74,77,78,80,82,86,90,93,94,96,98,99,101,104,107,112,117,119,122,124,134,139,141,143,145,146,151,153 "117";
118 132 1 2,8,12,18,21,22,26,32,41,47,49,53,57,58,62,68,72,73,78,82,91,94,101,106,116,119,120,124,133,135,138,141,146,149,155 "118";
119 158 0 1,3,5,6,8,15,17,25,26,33,36,45,47,48,50,57,60,61,71,75,83,85,87,89,96,97,102,103,114,119,127,130,137,140,142,144,146,147,152 "119";
120 143 0 2,9,10,14,23,29,34,35,37,40,43,46,47,49,50,51,54,58,59,60,65,67,69,70,72,77,79,82,84,88,90,92,94,95,100,101,108,109,110,112,114,115,128,133,143,144,147,149,151 "120";
121 111 0 12,16,18,19,20,23,25,27,30,31,38,39,48,50,52,54,58,61,76,78,85,92,94,95,99,102,106,109,111,114,122,125,128,130,131,134,140,141,147,150,152,153 "121";
122 100 0 0,2,4,7,8,11,14,17,20,23,24,25,28,30,31,34,41,44,46,50,52,53,56,58,60,62,64,67,68,69,70,72,75,77,83,84,85,87,89,96,99,101,105,110,115,116,118,120,121,126,128,133,136,138,139,140,143,145,146,148,149,151,152,156,157 "122";
123 69 1 8,11,21,22,33,40,43,45,48,50,53,54,58,59,65,70,72,74,76,85,93,105,108,111,127,128,142,156 "123";
124 158 1 0,2,5,7,8,9,12,13,15,17,19,24,26,28,31,35,36,37,39,43,44,47,48,49,52,54,58,64,66,80,81,83,84,86,89,90,95,98,103,108,110,115,117,119,122,125,129,133,135,136,140,142,144,148,150,153,154,156,157 "124";
125 5 1 7,35,46,75,88,96,99,108,112,124,130,135,136,141 "125";
126 17 1 0,4,7,10,15,20,27,37,39,41,42,43,47,49,51,59,61,64,65,67,68,73,74,77,79,81,84,89,94,95,96,97,98,100,101,107,109,110,112,113,115,120,122,124,126,129,130,132,134,136,141,142,145,146,147,152,154,155,156 "126";
127 69 1 0,2,4,11,17,18,19,20,23,25,26,28,30,34,35,37,39,42,43,48,50,52,53,56,58,60,63,64,65,67,69,73,74,77,78,80,81,85,90,91,93,97,100,104,113,114,116,118,121,123,125,126,128,130,131,133,135,137,139,141,142,145,146,148,149,150,151,152,154,157 "127";
128 156 1 3,15,20,28,31,35,41,47,55,58,70,80,83,87,97,99,104,118,122,124,132,133,147,150,154 "128";
129 72 1 25,39,40,49,53,70,72,75,80,100,105,111,122,123,127,132,147,150,152 "129";
130 116 0 4,5,8,10,12,14,17,20,22,24,25,29,30,33,36,38,39,45,50,51,57,58,63,65,66,70,71,73,79,81,83,87,88,91,93,99,101,105,106,107,111,114,116,122,124,125,129,132,135,137,141,142,144,149,151,153 "130";
131 103 1 0,1,3,4,6,7,10,13,14,17,25,26,28,33,34,38,39,41,43,46,49,51,54,56,59,60,64,65,67,70,73,76,80,81,84,85,86,89,92,93,94,97,98,100,101,103,104,105,110,115,117,119,121,125,126,127,131,135,136,137,140,143,144,146,148,150,152,155,157 "131";
132 31 0 1,4,5,9,12,15,18,20,22,24,29,30,36,39,43,48,52,55,57,58,61,62,65,69,73,75,81,82,86,94,95,100,102,106,108,122,125,127,128,130,131,134,135,138,145,149,151,154,157 "132";
133 6 1 4,7,12,18,20,28,33,38,42,45,58,59,63,69,71,72,73,77,79,80,88,97,101,106,108,112,113,116,119,120,124,127,128,131,136,137,140,143,146,152,154 "133";
134 158 0 0,1,2,4,9,11,14,16,20,23,25,27,30,32,34,38,40,43,46,48,49,52,53,55,56,57,58,60,62,63,67,69,71,73,76,80,83,84,87,89,90,92,95,97,99,101,103,105,107,110,111,115,116,119,121,123,126,128,134,136,137,146,149,151,154,156 "134";
135 3 0 2,4,7,9,18,22,23,28,37,39,45,49,54,58,62,67,69,71,75,77,79,83,85,90,91,92,93,96,101,107,109,115,117,120,124,139,140,142,146,149,152,156,157 "135";
136 123 1 1,3,8,11,14,16,25,27,30,33,38,40,43,49,51,56,57,60,64,66,67,73,76,80,83,94,96,98,104,113,117,120,126,130,132,135,141,146,151 "136";
137 85 0 43,67,149 "137";
138 147 0 0,4,5,7,9,21,22,28,35,43,46,62,65,67,70,73,74,77,85,86,91,96,100,102,104,105,108,116,123,125,126,128,130,139,146,150,153,156 "138";
139 116 0 10,12,14,17,20,21,24,27,31,34,39,47,50,54,58,64,71,72,77,79,81,84,87,89,93,95,100,101,104,107,113,117,120,128,131,133,134,139,143,145,152 "139";
140 68 1 0,2,6,10,16,18,23,25,29,42,47,51,53,58,65,68,69,76,80,81,85,88,89,93,98,101,103,118,120,121,123,127,131,133,136,137,141,142,144,146,150,152,154,156 "140";
141 0 0 2,3,6,10,17,18,20,21,22,25,26,28,29,32,36,38,40,43,46,47,49,57,59,63,70,73,78,79,82,85,88,89,93,96,97,100,105,107,109,111,113,115,117,120,123,129,138,139,144,147,149,151,152,155,156 "141";
142 142 0 3,13,17,24,29,32,35,37,42,48,54,55,66,69,76,86,91,92,94,97,99,102,112,118,119,125,127,135,149,157 "142";
143 4 1 1,6,15,33,37,44,46,56,63,82,89,93,100,127,142,149 "143";
144 93 0 3,7,10,18,22,24,25,27,31,35,43,46,48,50,51,58,60,65,66,71,72,74,84,90,91,94,95,99,101,103,104,111,112,119,121,125,126,128,129,131,132,133,139,142,143,145,147,148,150,152,154,156 "144";
145 61 1 6,24,42,44,48,58,112,122,141,148 "145";
146 22 0 0,1,3,7,9,13,19,22,24,27,31,35,40,45,48,50,53,60,61,64,68,80,84,92,94,99,101,107,112,114,117,119,121,136,140,144,146,147,154,157 "146";
147 90 1 3,7,9,11,13,15,16,18,21,24,25,27,29,31,34,35,36,38,41,43,45,46,50,52,54,56,58,59,60,66,70,71,73,75,76,78,82,84,88,93,100,101,102,107,109,110,111,113,115,116,119,120,122,123,125,126,128,131,132,134,135,136,138,139,140,142,143,148,151,155,157 "147";
148 45 0 0,1,3,4,7,8,10,11,15,16,20,22,23,26,27,28,31,32,37,38,40,42,44,46,47,49,52,53,56,57,58,60,61,63,64,68,70,71,74,76,77,78,80,85,86,87,88,90,92,96,99,105,106,111,112,114,117,120,123,126,128,129,130,131,133,137,138,140,143,149,151,153,156,157 "148";
149 20 0 0,9,12,14,16,22,24,27,34,44,54,55,56,78,83,86,91,94,114,125,134,140,145 "149";
150 143 0 0,4,6,10,18,24,26,29,34,42,46,48,50,61,67,70,77,78,87,116,117,121,123,131,140,144,150 "150";
151 12 1 0,4,5,7,8,11,12,14,16,19,20,22,25,28,30,32,34,35,37,39,41,44,46,48,53,54,55,58,60,61,63,66,67,70,73,74,76,77,79,82,83,86,90,94,96,98,99,103,105,106,107,109,110,112,113,115,116,120,121,124,127,131,133,134,135,137,138,143,144,146,149,151,153,154,155 "151";
152 62 1 20,45,53,81,117,128 "152";
153 17 1 2,7,16,19,27,42,51,59,62,71,92,110,111,113,116,146,151 "153";
154 113 1 0,2,3,5,7,10,13,16,19,20,23,25,28,31,33,36,37,40,43,45,46,47,50,51,58,59,60,62,65,69,70,72,74,75,77,82,84,86,87,89,91,92,96,105,106,111,115,117,120,123,125,129,131,132,137,141,144,145,146,148,149,153,154,156 "154";
155 87 1 2,9,10,12,14,16,20,22,23,26,29,33,35,40,42,47,48,51,53,59,60,61,63,69,73,77,82,84,87,89,92,93,95,98,99,102,104,105,107,109,111,114,116,126,128,129,130,133,134,135,138,142,144,149,153,157 "155";
156 20 0 1,3,8,11,13,15,19,27,30,31,32,34,35,37,38,42,46,47,51,53,56,58,62,63,65,69,71,73,76,79,81,84,85,92,95,101,103,105,107,109,111,113,115,116,118,121,123,125,130,133,135,136,138,139,140,142,144,145,147,150,155,157 "156";
157 146 1 0,1,6,8,10,12,17,18,21,24,27,30,31,33,35,37,38,40,42,43,45,47,49,52,53,55,58,59,61,64,67,71,72,74,77,80,84,88,89,93,95,97,100,101,103,104,105,108,110,112,113,115,117,118,120,124,126,128,132,135,136,140,142,143,145,146,148,149,151,153,154,157 "157";
