parity 194;
0 175 1 7,10,11,16,18,21,39,40,52,54,56,57,63,65,72,77,79,82,83,84,87,89,91,94,97,113,115,119,120,130,133,138,142,143,152,162,179,185,186,191 "0";
1 123 1 117,128,149,167,181 "1";
2 141 1 0,4,9,15,18,21,23,24,27,28,31,39,48,51,65,78,79,86,91,95,96,103,106,115,116,121,131,133,134,144,151,153,155,158,160,163,164,166,170,173,175,180,184,186,188,191,194 "2";
3 114 1 9,10,18,20,22,23,24,26,28,29,32,38,41,43,45,48,51,56,60,62,63,65,67,71,73,75,76,82,88,93,94,95,99,101,102,103,105,107,109,112,114,117,118,120,125,132,134,138,140,143,146,148,150,152,154,157,158,159,161,163,169,171,173,176,178,179,181,183,185,190,191,194 "3";
4 101 0 10,65,72,152,176 "4";
5 47 0 0,4,6,9,12,15,17,19,22,24,26,30,32,35,38,40,41,45,47,49,52,56,58,59,60,62,63,65,67,68,69,73,75,77,81,83,84,85,88,91,94,95,97,101,104,105,106,111,112,113,115,116,117,121,122,125,127,129,130,132,133,135,136,138,140,145,146,151,153,155,156,159,160,162,163,164,167,171,174,175,176,181,183,185,187,189,191,192,193,194 "5";
6 143 1 0,2,5,6,8,11,13,15,18,20,24,25,28,30,31,33,34,36,38,41,43,45,47,48,49,51,52,56,58,62,63,65,70,72,76,80,84,86,89,91,94,95,96,98,101,102,104,105,110,111,113,114,116,118,120,121,125,126,128,132,135,138,139,141,142,153,156,159,161,164,166,168,173,175,176,180,182,184,185,187,190,193 "6";
7 95 1 2,3,5,7,8,10,12,18,20,22,25,28,30,35,36,38,40,43,48,55,56,60,72,73,75,79,81,83,85,86,87,89,91,94,96,98,99,100,102,105,108,110,111,113,116,122,125,127,129,134,138,142,143,148,149,151,159,160,162,165,166,168,169,171,172,173,178,179,181,183,186,189,191,192,193 "7";
8 23 1 9,27,29,35,38,41,48,62,70,96,109,111,129,132,133,135,143,146,150,161,164,173,177,180,190 "8";
9 91 1 0,2,4,7,11,12,22,25,27,37,39,42,43,45,49,55,60,65,69,70,77,87,93,108,110,116,117,122,123,129,134,135,141,143,144,150,152,155,156,158,176 "9";
10 27 0 1,2,5,6,9,10,11,19,20,25,32,37,41,46,47,49,52,53,55,56,62,63,73,74,75,77,80,81,82,83,85,87,89,92,98,99,102,108,109,113,114,119,121,123,126,129,133,135,136,140,142,152,154,155,160,163,170,174,177,182,183,187,190 "10";
11 97 0 6,10,13,17,22,24,25,28,32,38,40,44,48,49,57,61,69,72,77,79,85,88,94,96,99,101,108,109,111,118,120,124,126,128,130,140,142,154,165,168,171,172,174,177,179,188,190 "11";
12 95 1 0,1,3,5,7,9,10,11,13,14,16,18,19,21,22,24,30,33,34,36,39,40,42,43,45,47,48,52,54,55,60,62,64,65,68,69,71,72,75,78,79,82,83,86,88,90,91,92,93,95,97,98,100,101,102,105,109,110,112,116,119,121,122,123,125,128,130,133,135,136,139,143,146,148,150,151,152,156,162,163,165,170,172,176,180,183,188,189,191,192,194 "12";
13 23 0 1,4,5,7,8,9,12,14,17,21,23,25,26,28,29,32,35,39,42,48,50,55,56,59,62,67,72,74,75,80,82,85,87,92,94,95,98,101,105,107,108,110,112,115,118,119,121,124,131,134,135,139,143,144,146,149,150,152,154,157,158,161,163,165,167,168,169,172,175,176,179,182,185,187,189,190,191,193 "13";
14 4 0 3,7,13,18,26,51,69,71,79,92,94,98,121,126,133,141,147,152 "14";
15 22 0 0,7,11,12,15,31,34,36,37,38,43,44,48,49,52,58,62,64,68,71,75,78,82,84,86,88,89,91,104,105,113,122,124,133,137,139,141,143,146,148,150,155,172,176,179,186,187,189,191 "15";
16 152 0 0,4,6,8,12,13,16,17,18,20,21,22,24,25,26,27,29,31,32,34,36,39,41,43,44,46,50,52,53,57,61,62,64,67,69,70,73,75,76,78,84,88,89,92,95,96,98,103,104,109,111,115,118,121,123,127,130,132,134,136,137,138,140,142,146,148,150,153,154,156,158,160,162,163,164,166,168,171,173,175,176,178,179,180,181,184,185,186,188,190,191,193,194 "16";
17 149 0 0,2,3,6,8,9,10,13,14,21,22,25,26,29,37,41,46,47,49,51,52,56,59,62,64,65,66,68,69,73,75,78,81,82,84,86,87,89,91,93,96,98,99,102,105,108,109,111,114,120,121,125,128,131,134,135,137,138,143,147,153,155,157,160,161,171,182,185 "17";
18 129 0 1,2,5,7,10,11,15,17,19,23,25,27,29,30,32,33,35,37,38,40,41,44,46,47,48,50,52,53,56,58,59,60,62,63,65,66,67,68,70,71,74,77,78,81,83,87,88,93,95,96,98,101,102,103,105,106,107,108,112,114,116,119,120,121,123,124,126,127,128,131,139,141,142,144,147,153,154,157,160,162,166,169,170,172,174,175,178,179,181,185,187,190,192,193,194 "18";
19 111 1 0,3,4,8,9,10,12,15,18,20,22,26,27,34,37,39,40,42,43,45,46,50,52,53,57,59,61,64,66,69,70,72,73,76,78,79,81,84,85,88,90,92,93,96,97,100,101,103,104,105,107,108,109,111,114,116,119,120,123,125,126,128,129,131,133,134,135,137,138,142,144,145,146,147,152,154,155,156,157,159,161,163,164,166,167,168,170,174,176,178,185,186,190,193 "19";
20 128 1 9,11,16,17,32,42,58,71,84,87,97,100,128,144,147,157,159,168,176,186,188,193,194 "20";
21 8 1 2,3,8,10,11,13,16,21,23,27,28,31,35,36,41,42,46,47,52,55,56,58,64,66,67,68,72,74,80,81,84,86,87,89,90,96,97,99,101,102,105,107,108,113,117,118,119,121,123,125,128,129,131,134,137,139,145,146,151,155,156,163,165,170,171,174,176,177,181,183,185,187,189,192,194 "21";
22 133 0 0,2,7,9,12,24,28,29,31,34,36,40,42,45,47,50,53,55,67,73,79,92,94,97,99,100,104,128,145,153,159,173,194 "22";
23 180 0 12,15,31,58,60,89,155,180 "23";
24 187 1 3,5,8,11,12,18,29,31,32,35,36,38,39,41,43,45,48,52,54,62,63,67,69,74,77,78,81,83,87,88,90,92,100,102,105,108,109,110,115,116,117,120,125,126,129,132,134,137,138,140,141,145,146,148,150,161,163,166,168,171,173,175,179,181,183,186,187,191,192 "24";
25 71 1 15,16,21,30,37,39,40,42,44,46,47,51,53,55,59,61,63,74,78,83,86,89,91,94,96,98,102,105,109,111,118,120,121,122,126,127,132,135,141,143,148,158,163,178,188,190,191 "25";
26 1 1 53,56,129,133,138,144,146,170 "26";
27 109 1 1,3,5,6,7,9,10,13,14,18,20,21,23,25,26,30,32,33,35,36,39,40,42,43,44,46,49,50,54,55,56,64,66,68,69,71,75,78,82,83,84,85,90,91,97,98,101,103,104,110,112,115,118,122,124,125,126,129,130,133,135,136,138,139,142,144,145,147,148,153,156,158,160,163,165,167,169,170,173,175,177,178,180,182,184,186,188,191,193,194 "27";
28 132 1 5,8,11,14,16,19,26,43,45,49,58,67,74,76,81,87,95,96,104,108,137,141,157,159,162,169,173,187,189 "28";
29 20 1 15,62,82,101,108,117,137,140,143,147 "29";
30 165 0 7,11,16,24,34,47,52,53,59,60,68,70,80,111,113,124,129,181,187 "30";
31 70 1 4,13,15,19,23,24,25,27,29,31,33,35,38,40,42,44,45,47,50,53,54,60,64,65,72,76,78,82,90,94,100,103,105,109,110,112,119,121,125,127,135,136,138,139,142,147,150,157,158,159,162,163,167,168,173,178,182,185,187 "31";
32 20 0 13,85,95,111,120,125,183 "32";
33 52 1 2,24,36,42,47,57,77,90,97,106,108,122,129,152,159,164,165,169,179,192 "33";
34 135 0 2,31,41,53,84,86,112,123,138,159,161,165 "34";
35 84 0 1,2,4,7,11,15,16,19,21,22,23,25,26,28,30,31,36,39,40,42,43,45,48,49,51,54,55,58,67,69,70,72,74,76,78,79,80,81,84,85,87,89,91,92,94,100,105,107,111,113,114,119,121,123,125,131,136,137,140,142,148,150,153,154,157,158,162,163,166,167,169,173,175,176,178,179,184,186,188,191,193,194 "35";
36 45 0 4,19,45,49,77,95,135,144,177 "36";
37 17 0 0,1,2,4,5,8,10,13,15,16,18,21,22,24,25,28,33,35,37,39,50,51,53,54,57,60,63,65,67,69,70,72,74,79,82,85,86,90,91,92,95,97,100,106,107,108,111,112,114,116,118,120,122,124,127,129,134,135,142,146,147,151,154,156,158,161,166,170,171,172,175,176,178,180,182,184,186,188,190,194 "37";
38 66 1 1,13,16,23,25,27,29,31,33,35,37,44,46,48,51,52,53,55,56,59,61,64,72,76,78,81,83,88,90,92,94,99,104,107,109,114,120,124,125,127,129,136,139,142,144,146,151,153,157,159,161,175,178,184,188 "38";
39 188 0 0,1,3,4,5,7,9,11,12,13,15,18,20,21,23,26,29,32,34,37,38,42,43,44,46,47,49,50,51,54,56,60,63,66,69,70,73,76,79,80,82,84,86,87,88,90,92,94,96,98,100,102,103,105,109,110,111,113,114,117,119,120,121,122,124,125,131,132,134,135,137,138,140,143,144,148,151,155,159,162,163,164,166,167,169,171,172,173,176,178,179,182,186,187,189,191,193,194 "39";
40 47 1 16,17,46,49,54,56,62,64,75,95,110,113,141,154,162,169,172 "40";
41 169 1 0,3,5,10,12,19,26,27,28,37,41,44,51,55,58,60,67,68,72,74,78,80,82,88,91,92,101,102,111,112,113,118,120,121,127,133,135,140,142,151,152,156,159,161,166,168,174,176,181,183,185,189,190,191 "41";
42 189 0 1,10,13,15,19,29,32,33,43,45,46,50,53,55,60,64,67,69,73,77,83,85,87,90,92,94,96,98,100,104,107,115,117,119,122,128,134,135,140,141,143,147,149,151,154,157,160,162,168,169,177,180,187 "42";
43 13 1 1,4,5,6,10,12,13,15,18,19,21,22,24,25,26,27,30,31,32,38,39,41,43,47,51,52,54,55,57,60,62,64,67,68,71,74,79,81,83,87,89,91,92,94,96,98,99,100,103,104,106,108,113,114,116,121,125,127,128,130,131,133,134,135,136,139,141,145,148,151,152,156,158,159,161,162,164,168,172,174,176,178,179,181,184,185,187,188,190,192,194 "43";
44 84 0 0,1,3,4,6,7,9,12,14,17,18,20,23,28,30,31,34,35,37,38,39,40,41,43,44,45,46,48,51,53,54,56,57,60,62,65,68,70,73,74,76,78,82,84,85,86,88,89,90,94,95,98,100,101,103,106,110,113,115,116,119,120,123,124,125,128,129,130,132,133,137,138,141,143,145,147,149,152,153,154,156,157,160,164,172,174,175,178,181,184,185,187,189,190,192,193,194 "44";
45 144 1 0,1,3,7,8,16,18,21,24,29,32,37,38,40,42,45,46,51,52,58,59,62,64,66,67,70,72,74,78,82,84,87,89,91,92,93,95,97,100,103,105,110,112,113,115,116,118,121,125,126,131,133,134,137,138,139,141,144,148,150,154,156,158,161,166,167,168,171,174,181,184,189,192 "45";
46 78 1 0,1,2,5,8,9,13,16,19,21,25,27,29,39,41,47,51,53,55,57,59,61,62,63,64,66,68,69,71,75,76,78,80,83,84,86,87,90,98,101,103,105,107,110,113,115,116,118,119,121,122,130,132,136,138,142,143,145,146,147,149,151,154,156,157,159,162,165,167,170,173,177,178,182,185,186,188,193 "46";
47 124 0 68,74,80,97,112,120,191 "47";
48 121 0 4,11,18,25,26,28,33,37,38,48,49,50,53,56,58,60,82,94,99,101,105,107,109,111,113,121,123,129,135,153,154,156,157,159,161,162,171,177,179,181,183,185,190,191,194 "48";
49 68 1 0,1,3,5,15,17,19,23,25,28,30,35,50,56,61,67,69,77,81,87,94,100,102,107,110,112,123,125,132,136,144,146,148,151,156,165,166,179,182,184,186,188,191 "49";
50 126 0 9,19,23,29,34,44,61,66,77,78,82,89,113,115,116,149,154,156,160,165,167,174,179,186,194 "50";
51 65 1 3,8,10,15,16,17,21,24,26,27,36,40,42,44,46,52,54,57,58,60,62,64,67,71,75,79,84,86,89,90,91,92,94,96,98,100,103,105,109,110,111,114,117,119,123,132,136,143,144,146,154,156,157,166,167,171,173,176,179,181,183,185,188,189,191,194 "51";
52 165 1 11,37,41,53,78,110,114,134,141,142,165,172,181 "52";
53 72 0 2,4,7,9,11,13,17,23,27,29,31,33,34,39,41,44,46,48,54,57,58,59,61,63,66,68,70,72,74,79,80,84,86,87,89,92,93,95,97,98,107,108,111,113,116,120,122,123,129,133,135,137,140,142,145,148,149,150,151,153,155,157,159,160,162,166,168,169,172,174,176,181,192,193 "53";
54 52 1 0,2,5,7,8,10,11,12,14,17,20,22,25,26,28,30,32,37,38,40,41,43,44,45,47,49,51,52,54,55,58,60,63,65,67,69,71,73,75,78,80,82,85,88,89,90,93,95,97,99,100,101,103,105,106,109,110,111,115,118,119,121,122,124,127,129,131,132,133,135,136,138,139,142,146,148,149,151,152,156,157,158,163,166,168,170,173,174,177,179,180,181,184,185,188,190,191,194 "54";
55 131 0 6,9,14,16,20,27,29,33,36,37,43,44,46,48,50,52,54,56,63,69,71,72,73,81,83,86,88,89,92,103,107,113,115,118,120,126,127,130,133,140,142,147,154,158,161,163,168,171,175,186 "55";
56 67 1 1,3,5,7,10,11,15,16,18,21,22,24,25,26,31,32,37,38,43,45,49,54,61,62,63,66,69,71,72,75,77,78,82,85,87,88,90,92,94,97,98,100,101,103,105,107,109,111,113,115,116,124,126,128,131,133,135,137,138,139,142,146,148,149,152,153,156,157,160,162,163,167,170,171,173,174,176,177,179,181,185,188,189,191,194 "56";
57 96 0 2,3,6,9,13,16,22,26,28,29,30,33,36,37,38,40,41,42,46,47,49,52,55,57,59,61,63,66,67,68,70,72,74,75,78,80,82,84,89,91,93,97,102,109,110,111,117,118,120,122,125,127,129,130,132,136,138,139,143,144,148,157,158,162,165,168,174,175,177,183,189,191 "57";
58 134 1 0,3,7,10,12,15,16,18,20,21,23,29,31,32,35,39,43,48,52,54,57,58,61,62,65,71,74,81,83,85,86,88,89,96,97,100,104,111,113,114,117,118,119,120,126,128,129,133,135,137,139,144,146,148,150,154,155,156,157,162,168,170,172,175,179,180,183,187,188,191,194 "58";
59 130 0 4,13,14,23,27,34,37,44,55,59,66,79,86,87,103,122,144,155,157,165,168,169,176,181,184,187,192,193 "59";
60 105 0 2,4,5,8,11,13,15,19,20,22,23,24,25,27,29,31,35,38,39,42,44,46,47,49,51,56,58,61,65,70,72,76,78,86,90,92,94,95,96,98,101,103,104,108,109,110,111,113,116,117,119,120,123,127,130,131,133,135,139,141,144,145,148,150,152,156,157,158,161,162,164,165,167,169,171,174,176,180,184,186,187,188,192,193 "60";
61 79 1 0,3,5,6,10,17,23,26,29,31,34,35,39,42,43,45,50,53,56,61,65,66,71,72,76,79,81,87,89,91,94,102,104,106,111,118,124,128,130,131,133,143,145,153,159,163,164,169,172,180,183,185,189,193 "61";
62 157 0 4,6,9,14,26,39,50,63,72,80,87,92,96,105,138,140,144,146,157,179,183 "62";
63 174 1 5,9,34,36,54,56,97,99,102,120,173 "63";
64 30 0 2,11,21,22,29,33,35,41,43,52,55,56,63,68,71,74,75,81,85,87,90,96,103,111,119,130,133,138,140,142,144,158,163,167,178,183,191,192 "64";
65 48 1 12,19,21,25,32,37,45,50,61,74,76,92,94,106,109,127,138,144,146,147,150,155,176,179,186,189,194 "65";
66 13 0 5,7,9,13,15,18,20,33,35,37,39,45,47,51,55,62,64,72,84,85,109,111,116,118,120,124,127,131,137,143,148,152,153,158,166,169,186,191,192 "66";
67 112 1 0,2,3,9,11,13,15,16,17,23,26,27,28,31,34,36,39,41,43,46,51,55,57,61,65,69,70,78,79,81,83,84,86,87,90,96,97,99,102,106,109,110,114,118,120,123,125,126,127,128,131,135,140,144,145,147,148,150,155,158,161,163,169,172,177,178,180,181,183,185,189,190,192,193 "67";
68 173 0 2,4,5,7,18,26,28,31,33,40,46,50,51,54,63,67,71,73,75,79,86,90,98,100,110,115,117,124,126,130,132,134,136,143,145,147,149,150,153,155,156,159,160,163,169,178,181,182,186,191,192,194 "68";
69 62 0 1,3,5,8,10,15,17,21,23,28,34,39,41,44,48,50,54,57,58,62,65,75,79,86,89,90,95,97,98,105,107,110,114,119,122,125,128,136,138,140,141,144,145,147,148,150,152,154,157,159,169,170,173,180,181,183,186,190 "69";
70 117 0 22,45,73,98,113,178 "70";
71 171 0 1,2,3,6,13,14,16,18,19,23,24,25,27,28,30,31,32,34,35,37,41,44,46,48,49,54,55,56,57,60,61,66,71,73,76,78,80,81,83,87,91,93,95,96,98,99,101,103,106,108,110,111,113,115,118,121,124,126,127,130,133,138,139,140,141,142,144,146,149,151,153,154,156,157,160,162,164,166,167,169,172,173,176,184,186,187,189,190,191,193,194 "71";
72 169 0 4,6,18,20,22,23,37,39,43,44,46,47,55,57,65,66,69,74,75,81,84,87,89,91,95,97,99,101,112,114,117,121,123,126,127,129,137,138,140,143,145,147,149,151,164,166,167,170,172,176,178,179,186,189,191,193 "72";
73 68 0 3,6,8,11,12,19,22,26,30,32,48,66,71,86,107,119,120,130,155,165,176,182,186,189,190 "73";
74 126 1 2,3,4,7,11,13,15,20,21,22,24,32,36,38,40,41,42,44,48,50,51,53,54,55,59,61,62,65,66,68,72,74,77,79,82,89,92,96,98,99,101,103,105,107,109,112,115,117,119,122,123,125,130,131,133,135,137,141,143,145,148,149,151,153,154,157,159,161,169,170,174,181,183,185,187,190,192 "74";
75 132 1 0,3,4,6,7,10,11,13,14,17,19,23,25,26,27,29,33,35,37,40,42,44,47,49,50,52,55,56,57,60,61,62,63,65,66,68,69,70,71,72,74,75,77,78,79,81,83,85,88,92,93,95,99,100,103,104,108,112,115,116,119,121,125,129,131,136,137,138,139,141,143,145,147,148,150,152,153,155,157,158,160,161,163,164,167,168,171,172,177,180,182,184,185,187,189,190,192,194 "75";
76 132 0 0,1,4,6,8,12,15,19,22,23,28,34,36,42,47,48,53,55,56,58,59,62,65,68,71,73,75,78,80,81,83,87,89,91,95,98,103,107,111,113,115,117,122,125,126,127,128,130,135,138,141,143,145,146,149,151,155,157,160,163,165,167,169,175,176,178,180,181,182,184,188,190,191,193 "76";
77 50 1 0,1,2,5,6,8,10,14,15,18,22,23,28,35,39,40,42,44,48,51,52,60,62,64,65,68,71,73,75,76,78,80,82,83,84,87,90,91,93,95,98,99,101,103,107,108,109,112,113,115,118,122,123,126,127,128,130,135,138,140,141,144,145,146,148,149,153,155,157,159,162,163,164,168,169,173,177,179,181,185,186,187,189,192,194 "77";
78 182 1 23,25,29,34,40,50,51,54,55,57,68,72,84,87,94,97,103,104,110,122,124,126,141,151,170,172,175,187,194 "78";
79 68 0 3,24,37,41,60,82,86,89,91,93,98,101,104,105,107,112,113,115,119,121,127,138,146,152,154,158,162,164,169,176,178,181,184,187,189,191 "79";
80 52 1 1,2,5,7,8,10,11,14,17,21,22,26,27,29,30,32,33,34,36,40,43,45,48,49,51,52,54,55,58,60,62,66,71,79,80,83,84,86,89,91,94,96,100,102,104,106,109,111,112,114,116,119,122,124,126,128,129,131,133,134,138,139,141,145,148,150,155,156,158,159,165,168,171,173,175,176,178,180,182,183,187,190,191 "80";
81 178 1 2,4,6,10,16,20,30,35,36,42,43,47,49,52,57,58,60,63,64,74,79,84,85,87,90,99,105,109,112,113,119,122,125,131,133,134,139,140,141,143,152,154,159,160,167,169,173,175,176,182,185,187,188,191,192,194 "81";
82 40 0 7,25,31,33,37,42,44,52,58,60,62,63,71,81,83,85,87,92,96,112,118,124,127,130,133,137,144,147,150,156,168,175,180,185,188 "82";
83 80 0 4,6,8,10,13,15,16,17,20,23,27,30,37,40,41,43,44,46,47,50,52,55,57,59,60,62,66,70,72,75,78,84,87,89,95,98,100,101,105,114,118,119,121,123,127,128,131,133,134,136,139,141,144,146,149,152,153,156,160,163,165,167,170,175,176,178,183,186,190,191,194 "83";
84 109 0 15,21,23,25,41,47,49,62,63,64,83,88,97,103,105,107,109,122,123,126,133,137,139,145,152,156,167,168,174,178,189 "84";
85 68 1 48,81,134,142,147,168,175 "85";
86 152 0 3,7,12,14,16,18,19,21,22,34,37,39,45,49,53,66,68,74,79,82,92,95,96,97,101,104,106,112,113,116,119,121,123,128,130,132,140,145,148,158,168,172,175,186,188,192,193 "86";
87 3 1 11,20,56,79,87,114,166,180 "87";
88 56 0 0,1,2,4,13,15,16,19,20,22,23,26,28,29,31,33,34,37,39,42,44,46,47,50,51,52,54,56,59,61,62,67,69,72,73,79,81,83,85,87,88,89,91,93,94,96,98,99,102,103,108,109,110,113,115,117,120,123,127,129,133,135,137,138,141,142,145,147,151,152,153,155,157,158,159,161,163,166,171,174,176,181,182,183,187,189,190,191 "88";
89 61 1 27,39,49,52,56,65,73,75,77,79,89,92,102,105,111,116,122,126,127,144,152,157,164,174,176,180,183,190 "89";
90 186 0 7,9,14,15,17,19,24,25,27,28,30,34,36,39,42,44,46,48,50,51,56,57,60,61,63,65,68,71,72,74,75,77,82,86,89,91,92,94,97,99,104,105,106,110,113,116,121,122,124,126,127,128,132,136,141,142,144,145,147,148,150,152,154,163,168,174,177,179,181,183,184,187,189,190,193,194 "90";
91 70 0 2,4,5,12,13,14,16,17,19,21,23,27,30,32,37,38,43,45,48,52,56,59,61,65,67,73,78,80,81,84,88,90,92,97,98,100,103,105,106,108,110,114,116,117,122,123,125,130,132,135,136,138,140,142,144,145,148,149,151,153,155,157,159,160,161,164,166,168,174,176,178,180,182,183,187,188,190,191,194 "91";
92 81 1 0,3,5,13,14,16,17,19,27,29,33,34,42,45,49,50,57,66,69,72,73,76,86,89,95,98,100,101,106,109,112,120,122,125,128,136,138,139,141,152,153,156,160,161,166,169,177,179,182,185,186,190,191,194 "92";
93 24 1 7,16,18,30,38,41,45,52,62,65,73,74,83,93,96,100,102,116,139,141,156,158,163,168,174,188 "93";
94 109 1 0,6,15,17,18,20,21,23,24,26,27,28,33,35,39,41,43,44,47,54,57,58,59,61,64,70,72,74,78,81,82,84,87,90,94,99,101,104,106,108,110,112,115,118,122,123,124,126,128,131,134,135,137,138,140,142,146,147,150,152,154,156,158,159,160,163,164,167,169,172,174,175,179,182,183,190,194 "94";
95 128 0 50,77,109,112,157,190 "95";
96 182 0 4,7,9,14,25,28,33,42,43,49,58,60,71,74,76,77,80,83,87,91,101,102,105,111,113,116,121,123,126,129,133,135,137,141,146,152,168,178,192 "96";
97 41 1 59,63 "97";
98 192 0 1,5,8,17,21,27,37,64,89,97,99,100,104,109,114,116,122,126,140,143,147,165,178 "98";
99 93 0 7,16,18,28,33,34,37,39,43,48,52,53,56,59,64,65,67,69,72,73,80,86,88,93,95,98,101,107,115,117,123,124,131,132,133,137,140,143,146,151,152,157,158,161,168,169,171,175,181,186,193 "99";
100 104 1 18,34,44,48,60,62,81,89,98,100,116,119,135,139 "100";
101 53 1 0,5,7,9,11,13,15,16,21,22,23,26,29,32,36,39,40,43,44,47,49,52,55,61,63,65,68,71,72,75,77,78,80,82,85,87,89,92,94,96,97,100,101,104,105,108,113,114,116,118,120,123,124,125,126,128,132,139,141,142,144,146,147,150,152,157,161,165,166,167,169,172,174,180,182,184,187,188,190,193,194 "101";
102 147 1 0,2,5,7,8,9,11,13,14,16,17,20,23,25,27,29,30,31,33,36,38,39,40,42,44,47,49,53,55,57,60,63,65,67,68,70,72,73,74,78,79,82,84,86,90,91,94,95,97,98,100,103,104,106,107,108,109,112,113,115,118,119,122,123,125,126,129,134,137,139,140,142,144,146,147,151,152,153,156,160,162,163,164,168,170,172,173,174,176,179,180,182,184,185,187,189,194 "102";
103 5 0 4,6,8,11,12,15,17,20,23,25,32,34,37,39,44,47,53,54,56,60,62,66,67,70,72,74,75,77,79,81,83,87,90,96,97,99,105,108,110,111,112,114,116,117,119,120,124,130,132,135,136,141,142,145,151,152,156,163,164,165,167,169,171,173,176,178,179,182,184,189,193,194 "103";
104 109 1 61,87,120,164,176 "104";
105 89 1 2,10,14,15,21,23,27,28,32,35,36,38,41,46,49,51,54,56,58,60,64,69,78,82,83,87,89,93,101,103,105,110,115,117,118,126,132,137,141,143,147,156,158,161,163,167,174,175,179,181,184,185,191,194 "105";
106 74 0 0,7,16,17,22,27,41,44,48,50,52,59,65,70,78,80,84,86,100,110,113,117,118,122,128,132,135,138,140,141,146,149,152,165,167,169,178,185,189,192,193,194 "106";
107 31 1 2,21,25,32,33,44,51,55,58,63,88,94,95,106,115,118,121,155,157,171,190,194 "107";
108 58 1 0,2,4,5,7,9,11,15,16,18,20,23,24,25,27,31,33,37,41,42,52,53,55,57,61,63,69,72,76,81,83,88,91,92,93,96,97,100,104,106,112,115,116,117,118,120,121,124,133,134,137,140,141,143,146,150,151,154,156,157,159,160,163,166,168,175,177,178,180,182,186,189,190,192,194 "108";
109 91 0 0,2,5,9,10,12,17,20,21,23,25,37,39,44,47,52,53,58,59,63,65,67,68,70,75,80,82,87,91,95,96,103,104,105,113,120,122,125,132,134,136,139,142,144,146,149,151,159,162,165,167,169,178,180,182,185,187,188,189,191,194 "109";
110 172 0 4,6,8,10,19,26,28,29,31,33,34,38,41,44,45,50,53,54,58,59,62,70,75,81,84,85,91,93,116,117,123,128,131,137,138,140,141,144,145,149,152,154,157,162,176,178,185,190,193 "110";
111 11 1 58,100,188 "111";
112 173 0 0,1,7,10,11,15,16,17,18,19,20,22,26,28,33,34,38,40,42,43,44,45,47,51,53,54,56,58,61,63,66,67,69,70,71,72,79,81,82,83,85,87,89,90,93,95,100,102,103,107,108,110,111,113,115,118,121,124,125,126,127,131,133,134,137,138,140,141,147,149,150,152,153,155,158,159,161,163,167,168,170,171,173,176,178,179,182,183,184,187,188,191,193 "112";
113 77 0 2,20,30,49,71,74,90,92,96,121,130,146,159,185,189 "113";
114 25 0 0,13,23,54,59,61,64,84,86,89,93,146,182 "114";
115 6 1 2,3,7,11,14,16,20,24,26,31,33,34,35,37,40,44,45,47,49,51,52,54,55,56,59,61,64,65,66,72,73,76,77,80,82,85,86,89,93,94,96,99,104,105,107,110,113,114,116,118,121,124,126,127,128,130,132,134,135,137,138,140,141,143,147,149,155,157,159,160,161,163,169,172,174,175,177,178,180,181,183,189,191,194 "115";
116 28 0 2,3,5,8,10,15,16,21,23,28,29,30,32,34,35,38,40,47,53,57,58,60,66,71,73,75,78,81,82,84,87,88,97,100,106,113,114,122,125,127,130,131,134,138,140,141,145,146,150,154,156,159,163,164,166,168,170,172,178,179,181,186,189 "116";
117 88 0 1,5,8,14,17,18,20,28,30,45,52,57,65,69,72,76,77,86,89,95,101,103,107,115,125,127,130,131,148,152,161,162,170,177,188,190 "117";
118 12 0 1,5,8,17,20,23,25,27,28,29,34,36,43,45,52,55,57,60,61,63,69,71,75,77,84,92,93,100,102,105,109,113,118,129,132,133,139,146,147,151,153,155,158,159,161,162,166,169,171,173,176,180,187,190,192,194 "118";
119 182 1 2,8,9,11,13,15,17,20,23,28,32,33,36,42,44,45,50,51,55,57,62,66,68,77,83,84,87,89,93,94,96,98,99,101,103,105,107,109,112,120,122,124,127,128,129,132,136,137,141,146,148,150,152,153,155,160,162,169,177,180,184,185,188,192 "119";
120 71 1 1,3,4,6,8,10,12,14,16,17,21,23,25,27,28,36,38,40,43,45,47,48,52,53,54,58,59,60,63,67,68,71,72,77,79,82,83,84,88,90,91,92,97,98,99,100,101,102,105,106,108,109,111,116,118,120,124,126,127,128,132,140,142,145,146,147,148,152,157,164,165,167,169,172,174,175,176,178,180,184,185,189,194 "120";
121 148 1 7,15,63,100,114,118,127,146,157,162,181 "121";
122 7 0 0,2,4,13,16,17,21,23,24,26,28,30,33,34,37,45,48,49,52,54,56,57,60,62,66,68,72,75,77,78,80,82,85,86,88,90,94,98,99,101,104,106,112,114,118,119,122,124,129,132,136,139,141,142,146,148,150,153,154,156,157,158,160,162,164,165,166,172,173,175,176,178,180,182,183,185,187,188,191,192 "122";
123 165 1 9,45,48,62,64,73,95,110,122,128,141,148,155,156,159,169,176,178,183 "123";
124 59 1 6,7,30,34,47,49,57,62,69,71,74,85,86,95,103,105,110,119,133,135,137,140,143,149,151,168,174,177,180,186 "124";
125 109 1 0,8,9,11,13,18,22,24,29,31,33,35,36,37,39,41,44,46,49,54,58,59,62,64,66,67,69,70,71,75,77,82,85,92,100,101,104,105,107,108,110,116,118,119,121,122,125,126,129,130,133,134,136,137,140,144,145,147,150,152,154,157,160,162,163,165,167,169,170,172,175,181,182,185,186,187,189,192,194 "125";
126 90 0 1,3,6,7,9,16,19,20,22,24,26,28,29,31,32,35,36,37,40,45,46,51,52,54,58,62,64,68,72,73,75,76,79,80,84,86,89,91,94,96,100,101,103,109,110,112,114,119,120,122,125,126,127,128,130,133,135,137,139,140,142,144,145,147,149,152,153,156,158,160,161,162,164,166,168,169,172,175,177,181,182,186,188,191,192 "126";
127 83 0 5,12,28,36,39,45,51,56,57,74,117,120,127,130,154,167,172,179,183 "127";
128 146 1 0,3,4,6,7,8,11,13,17,19,25,30,38,40,43,46,52,53,55,57,59,61,65,67,70,73,74,82,85,97,100,102,103,106,107,109,112,114,118,120,122,124,126,130,132,134,139,142,143,146,150,151,152,155,156,159,160,162,164,165,166,169,171,173,174,176,177,179,188,190,194 "128";
129 164 0 1,3,6,7,11,12,14,17,20,24,26,29,31,34,36,41,47,48,49,51,53,55,56,57,59,60,63,64,68,70,72,73,75,76,78,80,81,82,86,87,89,91,92,93,95,99,101,104,107,111,113,116,118,119,124,126,129,130,132,134,135,136,139,140,143,147,152,154,158,161,165,167,168,172,174,177,178,179,184,185,188,190,192,193,194 "129";
130 185 0 2,7,12,24,28,31,36,49,51,56,62,73,74,77,84,87,89,98,102,104,117,122,124,132,143,145,146,148,151,162,173,174,176,180,182,185,194 "130";
131 12 1 0,1,2,3,4,6,8,10,18,20,22,24,27,30,32,35,36,38,41,44,46,47,49,50,51,54,55,59,61,65,67,72,73,75,76,78,80,84,85,88,93,94,97,98,100,102,104,106,107,108,111,113,116,117,119,120,125,130,131,133,137,140,143,144,146,148,149,153,155,156,160,164,166,168,170,172,174,177,179,181,184,187,189,190 "131";
132 156 1 0,25,76,90,94,100,130,148,162,176,190 "132";
133 65 0 0,2,3,5,8,13,16,21,24,29,31,32,33,35,36,37,42,43,45,47,49,51,53,54,56,59,61,64,65,67,68,70,72,76,77,78,80,81,83,84,85,86,89,94,97,98,99,101,102,104,106,107,108,109,110,112,114,115,119,122,124,126,128,130,133,134,135,137,141,142,143,144,147,152,154,155,158,159,162,163,166,168,169,172,175,177,179,181,184,186,188,189,191,192,194 "133";
134 28 1 1,8,24,57,75,165,174,177 "134";
135 1 0 0,3,5,6,8,9,13,18,19,20,22,26,30,32,34,38,39,41,45,46,48,51,52,54,58,59,61,63,64,68,69,73,76,78,80,85,89,90,92,94,95,104,106,107,111,113,115,117,120,122,124,126,127,129,131,136,138,140,143,145,148,154,156,158,161,163,165,168,170,173,175,178,180,182,185,190 "135";
136 95 1 0,2,4,5,7,9,10,12,17,18,20,22,24,25,28,29,33,34,40,41,42,43,45,46,48,49,51,54,56,57,60,63,65,67,69,71,72,74,77,81,83,85,87,90,92,96,98,100,103,105,109,110,113,116,117,120,121,124,125,130,131,133,136,137,138,140,142,143,145,146,147,150,152,154,156,158,159,160,162,163,164,165,167,170,172,174,175,178,179,184,188,190,192,193 "136";
137 167 1 1,6,8,15,25,30,33,34,35,43,47,51,61,67,73,79,81,89,93,99,104,109,115,120,127,129,138,139,141,142,144,146,155,165,169,172,182,183,187,190 "137";
138 38 0 91,131,164,175 "138";
139 154 0 0,1,7,10,12,15,17,19,23,24,26,27,28,29,30,35,37,40,41,42,45,48,53,57,58,60,63,66,67,72,73,75,76,79,81,83,87,97,98,99,104,109,111,112,113,115,117,121,124,128,135,136,138,140,141,147,149,153,156,158,161,165,166,168,171,172,177,179,183,184,186,191,193,194 "139";
140 108 1 1,6,8,16,20,24,28,29,40,47,48,52,56,61,66,68,73,76,78,79,81,82,89,95,97,98,100,105,107,110,115,128,134,143,145,147,155,159,160,162,169,176,180,182,184,186,188 "140";
141 185 1 0,3,5,10,13,16,17,21,22,24,30,34,38,40,41,43,52,55,61,64,66,68,74,75,79,82,86,87,88,91,97,99,100,105,106,109,113,116,119,121,123,128,133,136,138,140,143,145,149,151,153,156,158,160,164,167,169,171,175,177,178,180,183,185,186,189,190 "141";
142 116 1 22,24,37,47,50,59,73,81,83,91,99,108,114,116,119,123,128,132,136,157,161,165,168,171,173,177,183,184,189,194 "142";
143 78 0 0,1,3,4,5,8,12,14,17,18,19,21,23,28,29,31,33,36,40,41,43,44,46,47,49,50,51,53,54,55,56,58,63,65,71,72,74,78,82,84,86,88,90,92,95,101,104,106,108,109,110,112,117,119,121,125,127,129,131,134,138,143,144,146,151,153,154,155,158,160,161,163,164,166,168,170,173,174,175,177,180,182,184,185,187,189,191,192,194 "143";
144 55 0 1,3,8,9,11,12,15,17,18,19,20,23,24,25,27,28,32,33,35,40,41,43,48,50,51,54,55,58,59,62,64,67,69,70,73,76,78,80,85,87,89,91,94,96,103,107,108,111,116,118,119,122,124,126,127,130,131,135,140,144,145,146,157,159,161,162,164,167,169,170,173,174,175,178,180,181,184,185,188,189,191,194 "144";
145 119 0 6,8,15,19,26,27,30,35,37,40,51,58,64,70,73,74,76,81,84,90,93,96,101,103,118,120,122,123,126,132,135,137,146,153,154,156,163,168,175,180,182,189 "145";
146 127 1 2,4,5,6,9,10,12,13,15,17,18,19,24,26,28,29,32,33,35,37,40,42,45,49,52,55,56,57,58,61,64,67,69,74,75,76,78,80,81,83,87,89,90,92,93,95,97,99,101,103,105,110,111,112,115,117,119,125,127,129,130,131,134,136,138,140,142,144,145,148,150,154,156,159,164,166,167,169,171,172,174,175,177,180,184,186,187,189,190,193 "146";
147 128 0 4,37,40,43,61,117,139,159,166,177,192 "147";
148 48 0 5,7,9,11,14,16,18,20,21,23,24,25,27,30,32,34,36,39,40,42,44,45,47,49,51,52,55,56,58,60,62,65,71,75,77,79,81,82,85,89,96,98,100,104,107,108,111,114,116,119,123,124,125,126,127,129,130,133,134,135,138,142,146,148,149,150,152,155,156,157,159,161,164,168,169,170,173,174,176,178,180,183,184,186,187,189,190,191,193,194 "148";
149 167 0 2,14,25,27,36,37,47,56,60,64,66,72,91,110,115,123,137,140,142,146,149,151,153,157,159,186 "149";
150 174 0 4,8,15,16,21,29,31,34,42,44,49,53,63,73,75,76,89,97,105,106,110,115,123,127,132,144,146,147,157,164,169,171,175,178,190 "150";
151 96 1 3,4,10,14,17,19,20,24,28,31,38,40,45,49,53,58,62,64,78,84,86,96,105,106,111,116,117,118,124,127,128,130,136,138,144,153,156,164,166,169,171,173,175,178,184,185,189 "151";
152 3 0 4,8,10,31,38,41,44,46,56,63,64,66,68,86,88,90,91,101,103,110,122,124,130,154,158,166,168,173,179,184,186,188 "152";
153 19 0 38,50,79,110,128,148,164 "153";
154 34 0 1,4,5,10,17,20,21,23,26,31,32,34,41,42,43,46,48,49,51,52,56,58,59,61,64,66,68,73,76,78,80,81,85,87,89,92,94,99,100,103,105,115,118,119,121,122,123,124,125,127,129,131,137,140,144,145,146,148,149,151,153,154,158,161,164,166,168,170,172,180,186,188,190,191,193 "154";
155 29 1 3,5,7,12,13,25,30,32,35,43,48,54,57,64,66,72,88,95,100,107,111,114,115,128,131,135,137,140,144,145,148,149,159,174,181,186,187 "155";
156 48 0 0,2,4,5,12,21,26,29,33,34,35,40,46,48,50,59,72,75,90,96,99,114,115,118,129,133,137,141,142,149,152,155,167,169,171,183,185,187,188 "156";
157 111 0 4,6,10,13,16,19,21,24,26,28,31,34,36,38,43,47,50,52,54,55,58,62,63,65,69,72,74,79,86,87,93,96,99,101,102,105,107,112,113,115,116,117,119,121,124,128,131,133,135,138,142,143,147,150,151,154,155,157,158,160,164,166,168,170,171,173,175,179,182,183,185,186,187,188,192,194 "157";
158 175 1 0,3,5,9,10,12,13,19,21,24,30,31,35,36,39,43,44,50,53,56,57,61,62,64,66,69,71,73,77,78,80,82,85,87,90,93,95,100,102,103,108,110,112,114,118,121,123,126,132,135,137,139,143,145,146,148,150,151,153,155,160,162,164,165,167,168,170,171,173,174,176,178,180,182,185,186,188,190,191,194 "158";
159 189 1 4,5,13,17,19,20,21,23,26,27,28,30,31,32,34,35,40,41,44,46,48,51,54,56,58,59,62,64,66,68,71,72,74,75,77,80,82,83,84,87,88,89,94,95,97,99,100,101,104,106,107,109,111,113,115,116,117,118,119,122,123,124,127,131,134,136,138,139,141,142,144,146,147,150,151,152,154,156,159,160,163,165,170,171,173,175,178,180,181,183,184,188,190 "159";
160 129 0 10,52,108,114,151,152,173,194 "160";
161 119 1 0,2,7,10,14,17,20,25,27,31,33,36,38,39,41,42,45,47,51,53,56,61,67,69,72,75,77,78,83,88,91,96,99,101,102,105,109,115,116,122,123,125,126,128,130,136,139,141,147,148,151,153,158,160,162,164,170,174,175,176,180,182,185,187,190,192 "161";
162 128 0 1,7,13,17,19,20,26,31,32,37,39,43,44,46,48,52,65,68,73,82,91,97,105,109,111,115,117,120,125,131,136,139,142,143,144,149,166,167,172,181,183,185,193 "162";
163 145 0 14,22,44,86,137,185 "163";
164 112 0 0,4,6,11,13,22,24,32,34,38,40,44,46,49,51,54,55,60,61,62,74,75,79,81,85,87,92,103,105,112,113,116,117,126,129,130,142,147,148,151,154,158,162,163,165,183,184 "164";
165 100 0 14,57,137 "165";
166 47 0 12,44,48,71,97,108,113,129,132,136,161,169,171,174,190,193 "166";
167 36 0 4,5,6,8,9,14,20,21,23,27,30,31,34,37,44,46,47,49,53,55,56,58,59,63,71,73,76,77,79,82,84,85,88,90,95,99,101,105,108,109,113,120,122,125,130,131,142,143,145,147,148,150,152,157,159,163,168,171,174,176,182,185,187,190,193 "167";
168 155 1 1,3,4,9,13,15,18,20,21,24,28,29,31,35,36,39,41,42,44,45,49,54,57,59,60,61,63,66,68,70,71,73,74,79,81,84,87,88,90,95,96,99,105,108,109,111,113,117,118,119,121,124,125,126,130,132,139,141,143,146,148,149,150,153,156,159,164,165,167,169,171,172,177,178,181,183,184,185,187,189,192,194 "168";
169 147 0 0,7,15,17,26,33,34,37,41,42,47,50,52,62,64,70,71,79,81,84,88,97,101,106,111,112,113,114,116,118,121,122,131,134,136,142,146,149,153,158,159,163,166,168,169,172,174,176,181,185,187,190,193 "169";
170 79 1 0,3,6,8,10,11,15,19,21,27,28,29,33,37,43,48,52,53,56,59,61,66,68,70,73,78,82,84,95,98,102,104,119,120,124,127,129,138,144,147,153,156,159,161,162,164,166,169,171,174,183,185,186,188 "170";
171 30 1 3,12,22,31,35,37,42,45,49,54,64,66,72,78,81,96,98,100,101,103,106,115,124,126,131,134,140,142,145,150,153,167,173,175,179,182,187,189,193,194 "171";
172 151 0 13,132,173 "172";
173 164 1 6,12,19,28,32,34,37,39,43,48,51,54,56,57,63,67,73,74,83,88,91,99,105,112,119,122,130,137,144,146,148,149,150,152,154,157,159,164,165,170,174,178,180,185,188,193,194 "173";
174 112 0 1,18,20,22,26,42,56,61,70,74,76,79,88,94,99,101,104,107,109,112,115,122,125,126,136,138,139,146,147,154,159,162,178,179,185,194 "174";
175 34 0 0,1,4,5,7,10,11,13,14,15,18,20,24,25,28,29,30,32,33,35,41,42,45,47,48,51,53,54,55,56,58,60,62,63,65,67,69,72,76,85,87,89,91,95,96,98,100,103,106,108,109,111,113,115,116,118,119,122,124,127,129,130,132,133,137,138,141,142,145,147,148,149,150,152,153,155,156,163,164,169,170,172,173,174,176,179,181,184,187,189,190,193 "175";
176 27 1 0,1,3,5,6,9,11,14,19,20,22,23,25,26,28,29,33,34,35,37,41,43,45,47,48,50,51,52,55,58,62,66,68,70,72,74,78,79,80,82,84,85,87,89,90,96,98,99,101,102,104,107,109,111,113,114,115,119,121,122,123,125,126,128,129,130,132,134,137,139,141,143,144,146,147,148,150,152,154,156,159,161,163,166,168,171,174,176,177,180,181,183,185,187,188,189,192,194 "176";
177 13 0 5,6,9,14,18,20,21,24,26,27,28,29,41,43,44,45,47,49,52,53,55,57,59,60,63,64,67,68,69,70,75,81,83,85,90,91,93,95,96,97,101,102,104,105,107,113,116,117,119,121,123,125,126,131,135,138,141,142,145,146,149,152,154,157,160,161,163,167,168,170,171,177,181,183,186,188,189,191,193 "177";
178 137 0 16,18,26,29,33,38,66,77,106,123,130,136,148,152,170,179,192 "178";
179 48 0 10,13,16,21,24,28,37,46,48,57,63,65,69,76,88,90,93,101,114,116,118,119,121,128,129,134,143,153,155,171,176,178,184,190,191,192 "179";
180 186 0 2,9,16,20,32,38,40,43,50,52,53,65,84,93,97,102,104,106,112,117,137,138,139,142,144,149,152,158,163,166,168,176,181,184,188,192 "180";
181 94 0 2,20,25,34,37,60,66,81,111,115,135,155,183,193 "181";
182 122 0 1,5,7,8,11,12,14,17,18,21,23,25,26,27,29,30,31,33,38,40,43,45,48,50,51,52,54,58,59,61,63,65,69,70,72,76,77,80,82,83,84,85,87,88,92,93,95,97,98,100,101,103,104,105,107,109,111,112,113,114,115,117,119,124,125,126,131,135,138,141,142,144,146,147,148,149,154,156,158,161,163,164,165,166,168,172,173,175,176,178,182,183,185,187,190,192,194 "182";
183 44 0 8,12,15,16,18,27,33,35,45,49,52,56,58,75,93,108,111,114,117,118,126,130,132,139,141,143,144,147,153,155,163,165,166,169,176,178,180,185,189 "183";
184 20 1 4,6,10,17,19,23,25,28,31,34,38,41,44,50,51,53,55,57,59,62,66,67,69,72,75,77,78,80,83,90,93,98,102,105,107,108,109,110,113,114,119,124,126,128,129,130,132,134,137,141,142,143,145,146,147,152,154,157,158,161,168,169,171,176,179,181,182,187,189,190,191,193 "184";
185 141 1 1,2,3,5,7,11,13,14,18,20,27,31,42,44,48,51,55,60,68,69,72,76,81,83,85,86,88,92,101,103,107,112,115,116,118,122,125,127,130,132,135,137,139,143,149,151,154,158,159,165,166,168,172,175,177,180,183,185,189,192,193 "185";
186 72 1 0,1,2,5,7,8,10,11,13,14,16,17,20,22,23,24,26,30,32,33,35,37,38,40,42,44,46,49,53,56,59,60,62,64,67,69,70,72,76,79,80,81,85,87,90,92,97,99,101,102,104,105,107,110,111,114,115,116,118,125,128,129,131,133,134,136,137,139,141,143,145,148,149,150,152,153,155,157,158,160,161,163,165,168,169,171,173,177,179,181,182,183,185,187,189,191,193,194 "186";
187 64 0 2,5,12,16,20,27,36,41,62,66,73,76,77,79,93,101,116,120,122,127,129,131,134,135,145,147,151,153,156,158,159,161,164,168,175,178,179,191 "187";
188 139 0 2,3,5,26,42,54,57,61,67,73,74,78,79,81,91,98,100,101,107,109,117,119,125,126,129,131,134,135,139,141,143,147,153,159,163,166,169,172,173,175,187,188 "188";
189 193 1 9,11,51,52,55,67,78,96,111,129,155,164,177,191 "189";
190 194 0 1,4,9,15,19,30,47,50,51,54,60,63,67,73,76,81,85,92,94,96,104,107,111,115,121,125,130,149,173,181,192,193 "190";
191 107 1 1,4,17,18,55,85,91,100,127,129 "191";
192 12 0 6,9,13,14,17,27,30,31,33,37,45,54,59,62,72,76,82,86,92,100,108,116,118,120,122,123,124,129,132,134,140,154,156,159,173,175,178,183,188,191,194 "192";
193 9 0 0,1,3,5,10,15,17,21,23,25,28,32,33,35,37,39,42,44,47,49,50,56,58,59,67,69,71,73,81,84,85,87,89,91,94,96,100,104,108,110,112,113,114,120,121,122,124,127,130,132,135,138,141,145,146,150,151,157,158,161,164,166,170,171,173,175,184,186,188,190,193 "193";
194 40 0 0,1,3,6,8,9,12,13,15,16,19,20,22,24,26,27,29,31,35,36,37,44,45,53,55,58,61,64,67,68,72,73,74,76,77,79,86,87,90,92,94,96,98,101,102,104,106,107,115,116,117,127,129,131,132,134,147,148,149,154,155,157,158,159,161,163,165,167,168,170,172,174,175,176,178,180,181,183,185,186,187,188,191,192,194 "194";
