parity 23;
0 1 0 1,2,6,9,15,22 "0";
1 9 1 0,3,7,15,16 "1";
2 19 1 1,5,9,10,12,13,16,18,20 "2";
3 18 1 8 "3";
4 11 1 0,2,6,8,12,14,15,17,20,22,23 "4";
5 22 0 0,4,7,8,9,15,22 "5";
6 8 0 2,4,7,9,11,13,14,16,20,21,23 "6";
7 17 1 0,2,4,7,16,22 "7";
8 24 1 1,9,13,16,20 "8";
9 16 0 0,1,3,9,10,19,21,22 "9";
10 15 1 0,6,9,14,17,19,22 "10";
11 0 1 0,1,14,16,19,23 "11";
12 16 1 0,2,3,4,7,9,12,15,20,21 "12";
13 23 0 5,7,13,14,18,20 "13";
14 18 0 1,4,6,9,10,15,17,18,21,22 "14";
15 3 0 0,2,6,8,12,15,17,19,21,22 "15";
16 15 0 22 "16";
17 23 1 0,1,11,20,21 "17";
18 6 0 2,6,10,12,13,16,17,22,23 "18";
19 24 1 1,3,5,10,13,17,21,23 "19";
20 14 1 8,13,19 "20";
21 11 0 2,10,17,21 "21";
22 8 0 2,4,8,15 "22";
23 6 0 0,7,10,11,13,14,17,20,23 "23";
