parity 108;
0 98 1 20,23,37,47,56,63,67,99 "0";
1 85 0 0,7,24,25,31,32,33,40,42,43,55,58,61,63,64,82,86,87,101,107,108 "1";
2 1 0 0,3,6,9,12,15,16,18,20,22,26,28,31,33,36,38,39,42,43,44,46,48,49,54,56,58,59,62,64,65,67,69,71,73,76,77,79,80,85,88,92,93,94,96,98,103,104,106,107 "2";
3 71 1 33,49,50,70,80,93,95 "3";
4 2 0 6,10,16,18,20,21,22,25,29,33,34,58,62,64,67,69,70,78,93,94,104 "4";
5 92 1 3,6,7,11,13,14,15,18,19,21,24,36,39,45,46,51,56,60,62,66,70,75,80,83,87,90,94,96,103 "5";
6 31 1 0,1,5,10,19,20,23,35,36,39,41,44,46,49,52,53,58,60,62,70,73,77,80,82,88,90,94,96,100,102,104,105,108 "6";
7 31 1 0,1,5,14,17,20,22,26,38,39,44,47,49,50,52,53,54,57,60,61,63,65,67,73,75,77,78,79,82,84,86,87,91,92,95,97,104,108 "7";
8 89 0 12,21,23,37,104 "8";
9 17 1 28,41,43,72,89 "9";
10 96 1 2,3,4,6,8,10,11,12,13,15,18,19,21,22,25,27,32,34,40,41,42,43,46,47,50,51,52,53,55,56,58,60,61,62,64,66,69,71,74,75,77,78,81,83,84,86,88,92,94,95,97,100,102,103,106 "10";
11 44 0 5,38,62,68,79 "11";
12 12 1 0,2,9,17,19,25,27,28,33,37,40,41,42,46,54,55,62,68,72,81,84,90,93,96,101,106,107 "12";
13 51 1 0,12,16,18,46,74,90 "13";
14 57 0 1,2,4,6,8,14,16,22,23,24,27,29,31,32,33,35,37,41,44,47,49,53,55,57,59,61,63,67,68,70,72,73,77,79,82,85,87,96,97,99,103,104,105,107 "14";
15 89 1 0,2,3,7,10,13,14,15,17,18,19,21,23,24,26,27,28,32,35,41,43,45,46,48,49,50,51,55,59,61,64,65,66,68,70,71,72,73,76,78,79,80,82,85,87,89,93,95,98,99,100,101,103,108 "15";
16 84 0 0,9,18,20,27,30,40,45,52,57,59,69,75,76,78,80,86,88,90,100,101,103,105,107 "16";
17 91 1 1,2,4,5,9,11,14,16,19,20,21,23,30,34,35,38,39,42,45,48,53,55,61,63,65,75,76,88,90,94,97,99,103,105 "17";
18 72 0 1,5,7,25,31,34,37,49,53,66,70,81,96,99,101,104,108 "18";
19 33 1 0,2,3,5,7,9,11,14,16,21,25,27,28,33,36,45,47,50,52,55,59,61,62,64,67,69,72,73,74,78,79,81,83,84,86,91,92,93,97,98,101,102,106,108 "19";
20 108 1 5,8,11,14,19,24,28,34,37,41,45,48,50,53,55,64,72,73,77,83,89,100,107 "20";
21 71 0 6,8,35,45,95,103 "21";
22 42 0 1,3,5,6,9,11,15,16,18,21,22,23,24,25,28,33,35,38,41,42,45,46,47,50,53,55,56,58,61,62,65,69,71,76,77,83,84,85,89,93,99,100,103,107 "22";
23 84 1 2,4,6,16,19,25,32,43,48,61,67,82,95,100,101 "23";
24 22 1 22,35,38,68,78,105,108 "24";
25 88 0 0,2,18,22,31,39,40,46,48,51,62,65,67,81,87,93,94,97,98,104,107 "25";
26 80 1 10,17,19,24,25,32,47,49,50,59,63,66,68,80,96 "26";
27 93 1 1,7,10,21,30,40,49,51,53,58,65,68,71,74,81,90,102,105,108 "27";
28 99 0 1,4,6,7,13,14,15,18,21,22,25,26,27,30,31,32,34,36,38,42,43,45,48,51,53,56,57,59,60,61,63,64,67,68,69,71,72,74,75,77,83,84,85,86,92,93,95,97,98,100,101,103,107 "28";
29 101 1 2,5,7,12,24,26,28,30,33,34,36,40,41,43,49,50,53,54,59,62,64,66,71,72,74,80,82,83,91,98,101,103,104,107 "29";
30 1 0 0,3,9,19,22,27,37,43,49,55,66,73,74,79,81,83,90,93,95,97,100,108 "30";
31 35 1 4,6,7,9,14,16,19,20,22,23,25,26,36,40,44,46,48,49,51,55,57,58,62,64,66,73,75,78,80,82,83,85,86,88,92,95,97,101,106 "31";
32 108 1 3,5,11,13,18,19,20,26,28,30,33,35,39,45,47,49,52,55,56,57,61,65,68,73,78,82,88,89,90,91,101,102,103,105,106,107,108 "32";
33 85 1 5,19,21,25,65,79 "33";
34 40 1 3,4,6,16,21,52,55,57,61,80,103 "34";
35 89 0 0,3,7,14,18,19,25,32,39,43,67,70,74,75,79,80,84,89,91,95,100,104,108 "35";
36 81 1 8,10,26,27,53,67,73,85,92,100 "36";
37 36 0 37,38,45,55,57,66,69,95 "37";
38 35 0 1,2,4,5,6,8,10,12,17,18,20,22,26,28,33,37,40,42,43,46,48,50,57,60,63,67,70,73,75,76,79,80,81,82,85,87,92,93,98,99,100,103,104,106 "38";
39 10 1 1,6,12,14,17,23,29,32,34,39,41,44,52,56,60,65,69,71,73,77,82,89,92,96,104,107 "39";
40 76 1 1,3,5,14,18,25,26,30,32,36,40,45,48,50,53,62,64,66,81,86,89,94,101,104 "40";
41 1 0 30,32,37,46,61,64,80 "41";
42 20 1 2,4,5,7,8,11,13,14,17,18,22,24,26,30,31,37,39,40,41,43,45,46,48,52,54,55,57,60,61,63,64,65,67,69,70,77,79,80,84,85,87,92,94,100,104,106 "42";
43 74 1 1,7,10,16,19,23,25,28,32,35,40,41,44,45,50,54,56,64,68,72,74,78,80,87,98,101,108 "43";
44 78 0 3,5,8,9,13,15,19,23,25,29,30,32,34,36,38,39,41,44,47,49,51,54,59,61,62,64,67,70,72,73,76,78,82,83,86,87,89,91,92,94,96,97,100,103,104,106 "44";
45 13 0 17,24,25,34,42,43,57,71,72,76,79,87,88,91,95,100,108 "45";
46 62 1 0,1,4,10,11,13,18,19,21,23,25,27,28,32,34,36,38,42,44,45,46,48,49,50,52,53,54,57,58,61,62,67,68,71,73,76,79,80,82,83,87,89,90,94,95,97,98,100,103 "46";
47 77 1 0,2,3,4,8,13,14,16,18,21,23,26,27,29,34,37,38,45,48,54,56,58,67,70,72,75,77,80,85,89,90,97,102,104 "47";
48 19 0 1,5,7,11,12,15,16,17,20,22,24,26,27,31,32,33,35,36,38,40,42,45,46,50,51,53,57,58,59,62,64,67,69,70,72,75,79,81,84,86,88,89,91,95,98,99,101,103,107 "48";
49 104 1 13,23,31,33,35,42,51,52,59,60,71,83,91,98,99,108 "49";
50 99 0 0,3,5,7,9,11,15,16,18,21,22,23,25,27,32,34,36,38,40,43,46,48,51,55,57,58,59,61,63,64,66,67,70,71,73,76,78,79,81,82,91,93,96,99,102,106,107 "50";
51 11 0 0,4,11,12,15,17,22,39,42,45,56,60,62,65,67,69,77,79,84,85,94,95,100 "51";
52 65 1 0,1,5,9,11,12,14,16,22,28,31,36,38,39,51,56,65,66,69,73,76,80,83,85,88,89,92,97,101,106,108 "52";
53 14 1 0,2,5,10,12,17,18,20,23,24,28,30,37,38,40,43,44,49,52,53,55,56,57,59,60,61,64,66,67,69,70,80,82,84,87,88,89,91,92,94,95,97,100,102,105,108 "53";
54 8 1 0,5,7,9,12,15,16,18,19,25,29,31,35,44,51,54,57,67,68,74,78,82,84,85,87,88,95,99,104,106,108 "54";
55 55 0 23,63,74,86,91 "55";
56 16 0 1,3,7,9,11,16,28,30,37,41,42,46,51,54,60,61,68,69,86,89,102 "56";
57 27 0 1,11,15,30,34,38,43,45,54,55,57,65,74,94,96,102 "57";
58 60 1 0,2,4,5,7,11,16,17,19,20,22,25,26,28,31,32,34,35,37,39,40,42,43,44,46,49,51,52,56,60,62,63,64,65,67,69,71,73,77,79,82,84,86,87,94,96,98,101,105,107 "58";
59 102 0 1,2,4,5,8,9,11,12,15,17,19,20,22,23,25,27,28,29,33,35,37,39,41,44,46,49,50,51,52,53,54,57,59,62,64,65,68,70,72,74,77,79,80,83,84,86,88,90,91,94,98,100,101,106,108 "59";
60 64 1 1,6,8,10,11,15,19,22,25,26,28,31,32,33,34,35,36,38,39,41,42,43,45,49,50,52,54,56,60,63,64,66,68,72,73,76,78,79,81,83,85,86,87,90,91,94,96,98,99,102,104,106,107,108 "60";
61 46 1 1,7,8,10,18,20,22,23,28,30,35,38,40,41,44,45,46,49,51,54,56,58,61,62,64,71,74,80,85,86,88,92,96,98,100,102,104,105,106 "61";
62 78 1 0,1,4,5,7,9,10,12,13,16,19,22,23,24,25,29,31,33,35,36,39,41,48,50,51,52,54,56,60,63,65,66,68,69,70,72,73,75,77,80,81,82,84,86,88,89,92,93,95,97,98,101,103,104,106 "62";
63 107 0 25,32,60,85,89 "63";
64 17 1 3,5,9,30,31,38,43,46,48,52,55,59,64,69,73,78,91,93,100,103 "64";
65 29 0 0,4,12,14,17,20,22,25,29,35,41,46,49,53,62,72,76,86,90,93,95,99,102,103,106 "65";
66 84 0 5,6,8,12,21,35,37,41,45,47,50,52,56,62,76,81,86,100,101,105 "66";
67 78 0 2,5,7,9,11,13,19,23,26,32,36,39,45,47,51,58,60,66,69,76,82,83,86,88,94,100,104,105 "67";
68 12 1 1,2,7,10,12,14,15,17,22,27,29,34,36,38,40,45,48,53,55,56,58,62,63,65,72,73,75,76,82,85,86,90,93,95,96,97,98,104,105,106,107 "68";
69 28 0 16,49,72 "69";
70 35 1 5,8,9,23,26,29,44,45,46,48,49,52,60,62,67,71,73,75,77,80,82,83,87,96,98,102 "70";
71 93 0 12,22,24,29,38,68,69,83,94,108 "71";
72 33 0 11,20,23,25,29,31,37,46,49,50,64,73,91,103,106 "72";
73 59 1 0,4,8,9,11,12,13,15,17,18,19,21,22,24,27,28,30,33,36,38,41,44,48,49,52,59,60,62,66,67,69,70,72,74,75,78,79,83,85,86,89,92,95,96,98,100,103,107,108 "73";
74 88 1 1,5,10,14,21,27,40,50,54,60,69,80,85,95,96,108 "74";
75 68 0 3,18,30,32,33,55,60,99,107 "75";
76 27 1 0,6,21,25,27,38,40,45,50,54,63,64,72,84,86,88,94,97,99,101,102,106 "76";
77 49 0 5,16,20,25,28,33,49,55,58,66,68,69,71,76,81,89,92,100 "77";
78 26 1 0,2,3,4,5,11,13,16,22,24,26,28,30,31,34,36,38,40,41,42,47,49,50,53,54,56,57,61,62,66,67,68,70,71,72,76,77,80,81,85,86,89,92,93,95,96,100,103,106,108 "78";
79 105 1 14,30,59,96,98,104 "79";
80 88 1 0,3,4,5,8,9,12,13,14,16,19,22,24,26,28,30,31,33,36,39,40,42,44,48,49,53,54,55,57,59,67,70,71,74,76,79,80,81,84,86,88,89,91,93,98,100,103,105,106,108 "80";
81 98 1 0,6,28,35,43,45,53,73,74,81,84,87,92,105 "81";
82 7 1 1,19,20,27,29,30,32,40,48,50,58,67,81,90,106 "82";
83 60 0 3,5,6,8,10,12,14,15,17,18,21,23,24,25,27,29,30,31,34,36,38,40,43,46,50,51,53,55,58,59,61,63,65,67,68,69,70,72,75,76,78,81,83,85,87,88,89,92,94,95,102,105 "83";
84 12 1 1,3,5,8,9,11,13,15,17,19,20,23,25,26,28,30,32,33,35,36,38,47,50,51,53,54,55,58,61,63,66,68,71,73,74,77,79,83,84,86,87,89,91,93,94,98,99,101,103,105,106,108 "84";
85 38 0 3,25,30,41,47,48,57,64,72,89,97,107 "85";
86 72 0 6,16,18,22,24,27,38,41,45,50,76,78,83,88,89,90,95,99 "86";
87 35 1 3,5,6,8,10,12,17,18,20,22,23,25,27,29,30,32,34,35,37,39,44,47,49,50,51,52,54,56,59,60,62,63,66,67,69,73,74,76,82,84,85,88,91,97,98,99,100,102,105,106 "87";
88 109 0 15,19,22,26,29,32,44,47,51,53,55,57,62,69,72,74,89,96,99,102,103,104 "88";
89 49 0 1,9,15,19,20,24,27,30,58,60,66,73,77,79,81,85,86,95,99,106,108 "89";
90 71 1 1,3,6,8,10,11,26,33,34,49,58,60,62,68,70,73,80,84,87,88,93,98,106,107 "90";
91 102 1 4,9,15,26,36,40,42,59,61,65,67,71,76,78,82,91,95,100,108 "91";
92 101 0 0,2,3,5,8,14,16,17,20,21,23,25,26,28,30,31,34,35,36,38,39,41,43,47,48,50,51,52,57,58,63,64,67,70,74,75,77,79,82,83,85,86,87,97,100,103,104,107 "92";
93 77 0 5,11,15,24,29,32,36,45,51,53,65,67,69,71,75,82,84,86,90,95,98,101 "93";
94 7 0 0,4,7,11,13,14,15,18,20,22,23,25,27,28,32,33,34,37,39,43,46,47,48,50,52,54,56,58,60,64,65,69,70,73,75,76,85,86,88,90,91,95,97,99,102,104,105,106,108 "94";
95 1 1 2,7,8,10,28,30,42,44,59,73,80,88,92,106 "95";
96 62 1 4,24,26,28,39,47,50,59,63,66,78,80,82,84,94,96,101,108 "96";
97 11 1 1,3,8,9,13,16,37,39,43,44,45,49,58,65,66,68,71,73,78,81,83,85,88,91,95,101,103,106 "97";
98 89 1 0,26,54,86 "98";
99 42 1 5,8,9,17,21,22,24,30,31,34,40,42,47,50,54,58,60,62,63,70,73,75,78,80,93,97,99,101 "99";
100 84 0 0,2,3,5,7,9,15,18,19,21,23,26,27,28,29,34,43,47,50,56,59,61,63,65,68,69,70,73,74,80,82,85,88,95,99,103,106 "100";
101 86 1 0,1,2,4,5,7,9,14,17,18,20,22,24,25,28,30,31,32,36,38,40,41,43,45,46,47,49,54,56,58,61,62,63,65,70,71,73,75,76,78,80,83,84,90,92,94,97,100,102,106 "101";
102 4 0 2,7,12,14,15,16,18,19,21,24,28,31,33,35,38,39,42,43,45,47,48,51,52,57,58,62,65,66,68,74,78,80,81,84,86,87,90,91,94,95,96,98,100,102,103,107 "102";
103 85 1 23,29,66,72,87,107 "103";
104 57 1 5,13,14,15,24,25,29,35,47,53,55,57,59,61,67,70,72,90,92,94,100,102,108 "104";
105 80 0 0,4,8,10,17,19,22,33,35,37,43,44,51,53,58,60,62,64,65,67,68,71,74,75,76,86,88,91,96,100,106 "105";
106 10 1 12,36,58,69 "106";
107 57 1 0,2,3,5,9,14,15,17,19,20,21,23,24,25,29,31,33,34,36,38,40,41,43,45,46,49,50,52,56,57,59,63,65,67,68,71,73,75,78,81,82,85,87,88,90,93,95,97,99,101,103,105,107 "107";
108 5 0 1,3,4,5,8,14,16,19,20,22,23,24,29,30,35,36,38,40,43,45,46,50,51,57,58,62,66,71,74,77,80,82,85,86,88,91,94,96,98,100,101,104,105,107 "108";
