parity 153;
0 67 1 0,3,4,6,7,8,11,14,16,17,18,21,22,23,25,29,31,33,35,37,38,40,42,44,48,50,51,52,57,58,59,60,61,66,67,68,70,72,75,77,79,81,82,84,87,89,92,93,94,98,100,102,105,106,108,110,112,113,116,118,119,121,122,125,129,132,133,134,140,144,146,148,150,152 "0";
1 105 1 1,3,5,7,9,10,11,12,14,18,20,22,24,26,32,34,35,37,39,45,47,50,52,54,57,58,60,61,62,63,66,71,77,79,81,85,89,90,91,94,99,103,110,111,112,116,117,119,126,128,129,131,132,134,138,140,142,144,146,147,149 "1";
2 29 1 4,9,13,14,18,21,29,32,56,63,64,74,90,92,97,103,105,113,116,121,125,126,133,141,143,147,153 "2";
3 83 0 1,3,5,11,19,25,36,43,45,47,48,51,53,65,67,73,95,98,113,125,135,140 "3";
4 106 1 0,1,4,5,7,9,12,16,18,20,22,23,31,32,33,36,38,40,41,43,45,48,51,55,57,58,61,63,66,69,70,72,73,75,76,78,80,82,84,85,86,89,91,93,95,98,102,103,104,105,107,111,113,114,115,117,121,122,124,125,127,130,132,136,137,138,141,142,143,144,146,147,148,150,152,153 "4";
5 2 0 0,1,5,9,11,15,19,20,23,24,30,31,33,39,41,43,46,52,55,59,62,71,72,74,76,78,83,85,87,92,94,98,103,105,116,119,126,127,131,132,134,138,140,143,145,148,149,153 "5";
6 68 1 5,19,26,32,39,57,62,63,73,95,100,102,105,107,108,117,132 "6";
7 133 1 0,1,3,5,11,12,14,16,19,20,24,28,29,32,37,43,45,47,53,54,56,61,63,65,66,69,80,83,85,86,96,97,107,109,124,126,131,134,136,140,141,144,152 "7";
8 128 0 0,2,7,9,10,13,14,20,23,25,27,30,33,35,36,41,44,46,48,54,58,59,61,63,66,68,70,71,77,81,82,86,90,93,96,98,99,101,102,103,104,106,110,111,112,121,124,128,130,133,134,140,141,143,145,148,150,151 "8";
9 78 1 0,1,3,6,8,11,12,17,18,22,24,25,28,29,31,37,39,41,42,44,45,49,51,53,55,56,61,63,64,67,69,70,73,75,76,77,79,80,81,85,86,87,88,90,92,96,97,101,103,105,106,107,109,111,112,114,116,118,121,122,123,124,127,129,130,136,137,138,141,144,145,146,148,149,151,153 "9";
10 124 0 0,5,6,8,10,12,14,15,20,21,23,24,26,27,32,34,35,39,42,46,63,65,71,72,76,78,79,84,87,92,95,96,99,100,102,106,108,111,113,114,122,126,128,135,143,146,149,150,153 "10";
11 13 0 5,7,13,17,20,22,25,27,30,33,37,38,40,45,50,55,57,63,68,74,89,92,94,95,97,98,102,106,109,118,126,131,135,142,145,151 "11";
12 92 1 1,4,6,7,11,16,18,20,23,25,29,31,33,34,37,44,46,47,50,51,55,59,60,64,67,68,72,74,77,80,82,83,84,87,89,93,96,98,106,108,116,120,122,123,126,127,130,132,135,137,138,143,144,149,153 "12";
13 7 0 3,5,7,10,14,15,17,18,23,24,25,27,32,35,37,38,42,44,45,46,51,52,53,55,56,58,60,63,71,74,76,81,83,86,88,90,93,95,99,100,103,108,111,112,113,114,118,123,126,130,133,135,137,138,141,143,145,146,149,151,153 "13";
14 41 0 2,5,7,12,14,15,19,24,26,29,35,38,39,41,45,48,54,56,60,62,64,68,69,72,78,80,81,82,84,86,89,90,92,94,103,106,108,110,116,120,122,123,125,129,132,135,140,142,145,150 "14";
15 21 0 14,24,42,43,48,77,78,85,87,104,112,131,141,147,153 "15";
16 73 1 0,2,4,5,8,10,13,15,20,22,24,26,28,29,31,33,35,36,38,40,41,43,46,53,54,56,58,60,64,65,68,77,79,82,83,89,93,96,100,103,104,108,110,111,114,122,123,124,125,126,127,129,131,134,138,141,143,148,153 "16";
17 19 1 2,3,5,7,8,9,11,15,18,19,20,22,27,28,31,33,35,38,42,43,44,46,48,50,53,54,56,58,61,62,67,68,70,71,73,74,75,78,80,82,83,87,89,90,92,95,96,100,101,103,107,110,111,113,116,118,120,124,127,128,129,133,134,137,139,140,141,142,143,145,149,150,152 "17";
18 120 1 1,3,4,7,9,11,12,15,16,17,19,23,24,28,30,32,36,39,41,43,45,46,47,50,53,54,56,58,59,61,62,64,66,68,69,71,72,74,76,77,80,81,82,84,86,87,89,91,94,95,98,101,105,107,108,110,112,114,116,118,120,123,129,132,135,136,138,139,140,142,144,145,147,149,150,152,153 "18";
19 65 0 1,4,5,7,10,12,13,15,17,19,21,23,24,26,29,32,33,35,36,38,43,44,47,48,50,51,56,58,60,62,63,67,68,70,74,75,79,81,83,84,85,87,90,92,94,95,96,99,100,101,102,103,105,108,109,111,112,113,115,116,118,119,123,124,128,129,132,136,138,142,145,147,148,151,153 "19";
20 40 1 0,3,5,9,11,17,22,34,36,39,42,44,47,52,53,56,60,61,65,69,75,78,80,85,87,102,104,109,114,117,119,121,123,131,135,137,140,142,145,152,153 "20";
21 127 0 3,5,6,7,9,13,14,19,22,23,27,29,31,32,34,35,38,40,42,44,46,47,50,51,52,54,55,58,61,62,63,64,65,68,70,71,72,74,75,80,82,85,86,88,89,91,94,97,99,100,102,104,106,107,109,110,113,114,116,118,120,124,125,130,131,133,136,139,141,143,144,145,148,149,151,153 "21";
22 74 0 1,10,14,18,20,25,27,28,30,34,35,39,41,42,48,50,52,56,67,72,74,79,84,91,92,94,97,99,101,106,111,113,117,126,129,130,132,133,134,135,151,153 "22";
23 151 1 0,1,3,4,6,8,9,10,12,13,15,16,17,20,22,24,26,30,36,41,44,47,53,56,59,60,65,67,68,71,73,76,77,80,81,85,86,88,92,93,96,98,100,104,106,108,114,115,116,118,120,122,123,125,126,129,130,132,133,134,135,136,141,142,145,148,150,152 "23";
24 111 0 0,1,3,4,6,7,9,12,13,14,16,19,20,25,29,31,32,35,37,39,41,45,46,48,52,55,56,58,61,63,64,67,69,70,71,73,74,76,78,80,81,84,86,88,89,90,92,93,98,101,106,108,109,112,113,116,118,119,123,125,126,127,130,132,134,135,138,140,141,142,144,146,147,152,153 "24";
25 84 0 0,2,4,10,11,16,23,25,27,31,34,37,43,45,46,49,50,51,52,54,57,61,68,71,72,75,76,79,82,86,90,96,103,107,111,114,119,121,123,124,130,131,133,135,138,140,144,145,149 "25";
26 72 0 0,4,9,11,12,14,18,20,22,25,29,32,35,37,39,40,42,43,45,46,49,50,52,53,55,58,59,62,64,65,67,73,74,76,83,87,88,89,90,94,96,98,100,102,104,106,108,112,113,115,117,118,121,124,128,131,132,134,136,138,139,141,146,149,152 "26";
27 127 0 37,50,78,91,138,145 "27";
28 129 0 0,2,4,6,10,13,14,15,16,17,20,21,22,25,27,33,34,38,40,41,43,44,45,47,49,51,53,55,57,59,60,62,63,65,67,69,71,74,76,78,83,84,86,90,93,96,98,99,101,102,104,106,109,111,112,115,116,118,122,124,125,129,133,135,138,140,141,143,149,152,153 "28";
29 138 0 23,38,53,54,72,92,109,115,118,136,142 "29";
30 11 0 4,6,7,9,12,16,22,25,26,29,32,34,35,37,38,39,43,44,46,48,50,52,56,66,67,70,71,74,76,77,80,86,89,92,95,97,99,101,103,106,109,114,116,119,123,126,128,131,133,135,136,139,140,142,145,146,148,149,152 "30";
31 61 1 0,26,33,35,49,53,60,69,105,134,148 "31";
32 4 0 1,5,9,10,13,22,28,42,45,58,62,66,67,70,74,90,95,99,102,105,108,110,111,122,126,128,130,135,143,145 "32";
33 90 0 1,3,6,7,8,10,14,20,22,27,28,31,33,36,38,39,42,43,45,54,59,61,64,67,70,72,77,79,81,86,88,92,99,106,109,111,118,120,127,129,132,135,136,138,139,146,153 "33";
34 71 0 17,28,30,37,40,42,44,51,53,56,62,65,72,78,89,90,97,105,115,118,120,129,140,142,145 "34";
35 3 1 3,32,44,63,70,93,95,126,133,135 "35";
36 72 1 1,4,7,14,28,35,43,50,79,115,127,130,134,136,138 "36";
37 55 0 11,18,21,52,62,80,108,111 "37";
38 49 1 1,4,8,9,11,15,16,17,19,21,23,25,27,30,34,35,36,39,40,42,45,47,52,53,55,57,59,61,62,65,67,71,72,78,79,80,82,90,93,94,95,96,103,110,112,113,115,119,120,121,125,127,129,130,131,133,135,137,139,142,148,152 "38";
39 154 1 1,2,5,9,13,17,20,30,31,41,76,81,87,88,91,95,136 "39";
40 46 1 18,22,32,41,55,93,103,111,112,120,128,146,152 "40";
41 73 0 3,7,9,13,18,22,27,28,35,38,40,48,49,54,55,58,60,63,64,66,68,70,74,78,79,81,84,86,88,92,95,96,99,101,107,112,114,116,117,123,126,127,130,132,137,144,146,147,152 "41";
42 39 0 1,6,11,17,21,25,42,44,64,67,81,83,91,94,95,97,99,101,112,116,119,122,124,133,136,138,145 "42";
43 16 1 1,2,3,4,7,17,21,25,26,28,32,35,36,38,49,52,53,57,58,59,66,73,84,86,90,92,95,97,106,107,110,112,114,116,117,119,120,124,132,133,135,140,143,146 "43";
44 96 1 4,29,35,36,82,118,126,132,133,142 "44";
45 121 0 10,14,31,34,45,51,60,73,83,103,125,128,149 "45";
46 10 0 3,5,12,23,27,29,42,46,54,77,80,82,88,90,92,100,102,104,110,112,115,117,118,124,130,137,146,147,148 "46";
47 74 0 0,1,4,10,11,13,15,17,19,20,22,23,26,27,30,31,33,35,36,37,39,40,44,47,56,59,60,61,63,66,67,69,72,73,75,78,81,84,85,89,91,92,95,96,100,102,106,109,111,112,116,118,119,120,123,124,125,126,129,130,133,137,140,142,144,151,152 "47";
48 34 0 6,14,16,18,19,22,24,25,29,35,40,44,46,48,51,53,55,57,59,61,62,68,70,74,77,80,83,85,86,88,89,93,95,98,103,105,106,107,110,113,117,119,121,125,127,129,131,134,135,138,142,146,147,151 "48";
49 36 1 4,6,12,18,21,35,36,51,58,64,69,77,87,89,103,107,113,119,126,136,137,145,146 "49";
50 29 1 3,11,17,21,32,54,57,59,72,78,81,86,88,90,95,101,102,108,110,117,123,127,129,133,140,142,144,146,151 "50";
51 6 1 1,7,13,15,18,22,37,39,41,50,53,55,60,64,70,71,73,85,86,88,92,95,99,103,105,106,110,113,114,121,124,127,134,136,143,144,145,149 "51";
52 41 1 5,11,19,55,82,85,90,97,105,114,133,137,139,149,153 "52";
53 47 0 23,37,44,47,50,52,54,56,66,71,87,102,109,110,121,130,133,138,143,152 "53";
54 100 1 2,9,15,19,21,35,38,39,44,48,49,60,62,69,70,71,73,86,88,94,97,98,108,111,114,118,121,123,128,129,143 "54";
55 136 1 0,1,3,5,8,12,13,16,21,23,28,42,52,55,59,62,63,68,69,73,77,82,93,95,98,99,103,119,120,126,127,129,131,134,143,144,149 "55";
56 93 0 0,4,6,10,13,15,20,22,27,30,32,33,34,35,37,41,43,45,50,52,53,55,56,61,64,65,67,70,72,74,75,77,80,82,86,87,90,93,95,98,100,105,107,112,113,118,119,124,125,127,129,134,137,138,141,143,145,148,151 "56";
57 44 0 1,26,28,30,32,34,48,71,72,90,118 "57";
58 92 1 0,3,4,6,8,10,14,16,18,19,22,30,31,34,36,38,40,44,45,46,49,50,52,54,56,58,66,69,71,72,81,83,88,89,92,98,99,101,102,103,106,108,112,114,118,119,122,124,126,127,130,132,133,134,137,138,140,143,148,152 "58";
59 4 0 0,6,7,10,11,15,17,19,24,31,33,37,52,69,76,80,82,84,87,89,92,94,96,98,100,101,106,109,112,116,119,120,124,125,129,131,134,136,137,140,145,147,149,151 "59";
60 129 1 6,7,8,15,16,21,23,31,32,33,39,44,45,49,54,59,64,69,78,84,96,101,106,112,114,115,116,119,127,128,130,132,134,136,139,141,150 "60";
61 141 1 1,15,18,24,28,33,46,59,60,69,105,106,113,116,118,137,141 "61";
62 91 1 3,5,7,10,14,15,19,20,21,22,24,26,30,31,33,37,43,44,48,50,53,54,56,57,59,63,65,66,69,73,76,77,78,80,81,83,86,88,90,92,93,94,96,98,100,101,104,106,107,110,112,113,116,117,120,121,123,129,131,133,135,139,141,142,143,144,147,149,152,153 "62";
63 32 0 3,13,17,22,23,24,26,32,36,38,42,45,48,51,54,56,59,67,72,74,77,79,81,87,88,100,103,111,114,119,124,131,132,133,134,141,143,145,147,149,152 "63";
64 70 1 0,1,4,5,10,11,17,18,22,26,27,29,30,32,34,37,41,43,45,47,48,51,52,55,56,59,60,61,65,68,71,77,81,82,84,85,87,88,90,95,98,99,101,105,109,110,113,117,123,126,128,131,134,135,136,140,141,143,146,150,153 "64";
65 149 0 0,1,3,5,10,13,16,18,20,27,29,32,36,37,39,41,43,46,47,52,53,57,59,66,67,71,74,77,79,81,85,89,90,94,97,99,100,103,104,105,108,109,113,117,118,132,136,138,141,142,144,145,147,150,152,153 "65";
66 85 0 16,22,25,28,34,37,43,48,64,89,97,104,120,125,138,147 "66";
67 45 0 1,2,6,8,11,13,14,15,17,18,20,25,33,37,39,44,54,62,64,65,69,70,75,76,79,86,88,92,97,103,105,108,109,113,118,121,125,128,136,139,146,150,151 "67";
68 102 1 3,4,12,14,17,22,24,27,34,35,41,50,72,73,78,87,98,101,116,118,119,139,145,149 "68";
69 74 1 0,2,8,13,18,19,21,23,24,26,31,33,37,40,42,48,59,62,64,66,67,69,73,81,83,88,89,94,97,99,101,104,106,107,110,115,116,117,119,121,123,126,128,129,131,134,136,137,140,141,142,144,147,153 "69";
70 48 0 5,11,37,40,45,47,50,52,54,55,58,59,66,76,78,84,91,94,124,127,132,135,136,143,147,149,152 "70";
71 142 0 0,8,10,11,15,17,20,23,25,28,32,43,45,47,50,69,74,80,82,86,88,94,95,99,101,103,105,106,110,116,121,126,127,129,132,136,143,148,152 "71";
72 47 1 1,3,4,6,7,9,10,13,14,16,18,20,21,22,24,25,28,30,31,35,40,41,44,45,47,48,52,53,54,56,61,63,65,66,68,70,72,74,75,79,81,82,83,85,86,92,93,94,96,97,99,100,102,106,107,108,110,113,114,117,120,121,122,125,127,129,130,131,135,139,142,144,145,146,149,150,153 "72";
73 88 0 1,2,4,10,14,16,17,19,20,22,24,26,28,30,32,34,37,39,40,41,44,47,49,51,55,56,58,60,62,64,66,68,71,72,74,76,77,82,84,88,90,92,93,95,98,99,101,102,104,107,110,113,115,118,121,123,125,127,133,134,138,142,143,145,146,149,151,153 "73";
74 41 0 1,3,6,9,12,16,20,22,38,42,44,48,53,59,64,66,68,70,79,84,85,97,100,102,104,105,108,111,112,116,118,120,129,134,136,142,143,145,149 "74";
75 75 1 18,27,29,45,56,58,78,92,117,142,152 "75";
76 72 0 2,3,4,7,10,11,13,15,16,18,20,26,27,29,30,31,33,36,37,41,42,44,46,47,48,51,53,55,57,58,59,63,66,67,69,72,75,77,78,81,86,87,88,92,94,96,100,101,107,110,111,113,115,120,122,123,126,127,128,131,134,135,137,138,143,145,146,151,153 "76";
77 117 1 2,3,8,11,13,15,17,18,20,23,27,29,31,33,34,40,41,45,46,48,51,53,56,58,60,63,66,68,70,72,74,75,76,78,79,81,88,89,91,93,94,96,97,102,103,104,105,107,108,109,111,114,116,117,120,122,123,124,125,127,128,129,131,133,136,141,143,146,148,153 "77";
78 9 1 3,6,9,11,17,39,49,56,67,83,86,88,91,96,99,101,113,115,118,128,129,132,142,145,152 "78";
79 68 0 1,5,7,9,12,14,23,25,29,31,35,48,64,67,69,74,81,83,86,87,89,96,99,108,110,112,116,120,122,133,138,145,146,149 "79";
80 7 0 2,7,11,12,39,43,46,48,55,64,72,79,91,98,101,109,110,114,121,122,126,130,132,140,147,150 "80";
81 93 0 13,52,68,89,133,134,137 "81";
82 41 0 0,3,6,8,9,11,12,13,15,16,18,20,21,22,23,25,28,29,31,34,36,37,39,40,41,43,47,49,50,52,56,59,60,64,66,68,70,71,76,80,84,85,87,89,95,99,100,101,104,106,108,109,113,114,116,118,119,120,122,123,125,126,128,129,132,136,139,140,143,146,147,150,151 "82";
83 11 0 40,65,140,143,148,153 "83";
84 26 0 0,3,17,25,27,35,40,53,71,84,87,93,98,103,105,112,120,125,127,134,136,143,153 "84";
85 76 0 0,2,3,4,7,9,10,14,17,19,20,21,26,28,30,31,33,37,38,39,43,44,46,48,49,51,52,55,58,59,65,66,70,72,74,75,76,79,81,84,85,87,88,89,90,94,96,97,98,99,101,103,105,109,112,113,118,120,124,128,132,134,136,139,141,144,145,147,148,151 "85";
86 151 0 17,25,60,90,153 "86";
87 43 1 1,7,26,27,29,31,35,48,50,53,54,61,71,76,81,86,89,93,102,106,108,109,114,117,132,135,140,151 "87";
88 111 1 0,2,3,5,7,8,10,16,18,20,21,24,29,31,33,36,40,45,47,48,49,53,57,58,59,61,63,64,66,74,78,83,84,86,88,90,92,93,95,97,102,104,106,110,112,115,123,124,126,128,130,134,135,138,139,141,150,152,153 "88";
89 92 1 0,2,4,7,8,10,17,20,21,23,35,36,38,44,47,53,55,58,60,66,68,70,71,74,76,80,84,86,87,93,94,98,101,103,105,108,110,112,116,119,120,121,123,124,126,131,138,140,148,150 "89";
90 41 0 0,3,5,7,8,11,13,15,16,19,20,22,25,28,31,33,34,39,52,54,60,66,70,73,75,76,84,85,87,90,97,104,107,111,112,114,117,118,120,126,129,130,133,135,137,139,143,145,146,147,149,153 "90";
91 132 1 0,2,5,15,16,17,23,25,29,34,37,39,40,41,53,62,68,71,73,89,92,100,108,114,115,121,125,131,135,139,142,146,147,152 "91";
92 15 1 3,4,8,10,18,21,48,52,58,61,65,72,77,82,88,89,96,101,102,106,113,119,128,133,135,140,150,152 "92";
93 117 1 6,8,9,14,19,26,29,32,34,35,38,40,42,43,46,47,51,53,58,61,66,68,70,72,74,77,81,87,89,90,92,99,102,108,109,116,118,119,135,137,142,143,145,148,150 "93";
94 56 1 16,19,21,23,28,32,37,46,56,59,67,72,74,76,84,92,96,98,107,109,111,115,122,127,128,130,131,132,134,141,143,145,147,151 "94";
95 61 0 41,60,133 "95";
96 51 0 1,14,16,19,21,26,39,44,49,54,59,65,67,68,73,78,81,85,95,96,98,105,107,109,113,115,122,123,127,132,134,143,145,146,147,149 "96";
97 81 1 1,6,13,26,36,37,46,50,51,56,74,79,101,102,110,112,113,115,119,120,125,132,145,152 "97";
98 139 1 0,1,9,12,24,25,32,41,42,48,53,56,60,68,83,87,92,103,109,112,113,122,126,132,136,145,147,148,150,153 "98";
99 102 0 0,3,6,8,10,12,13,19,24,32,34,36,37,40,44,45,46,49,50,54,59,63,64,68,72,76,79,81,85,90,92,97,99,101,102,104,106,108,111,112,117,122,125,128,132,135,139,141,142,144 "99";
100 102 0 9,13,17,36,39,44,57,69,76,79,107,110 "100";
101 10 0 7,8,10,13,17,19,22,25,28,34,37,39,45,48,51,54,55,58,62,63,68,74,79,86,87,94,96,100,112,121,124,125,127,129,131,139,146,150,152,153 "101";
102 62 0 39,43,63,66,93,119,142,148 "102";
103 108 1 2,3,5,7,9,10,16,17,19,21,25,29,30,33,36,39,40,41,44,45,48,50,54,57,61,64,67,69,73,76,78,81,82,84,85,88,91,97,99,101,104,112,115,117,119,122,124,125,127,130,132,134,135,139,142,144,145,148 "103";
104 96 1 0,1,2,4,6,9,11,13,14,16,19,21,24,26,30,36,37,38,40,43,44,45,47,51,56,59,62,64,67,69,70,74,76,77,78,79,81,83,86,87,89,90,93,94,95,96,100,103,106,108,110,112,113,115,116,117,119,123,126,130,132,133,135,137,139,141,144,145,147,151,153 "104";
105 31 1 6,7,11,14,16,18,23,28,30,40,43,45,46,48,50,52,60,63,67,70,74,76,79,80,87,90,92,93,95,102,109,112,114,116,117,119,127,133,135,138,143,144,147,150,152,153 "105";
106 113 1 2,4,7,12,13,15,20,28,29,32,35,40,42,43,45,50,55,56,58,61,63,66,70,76,78,83,84,86,88,89,95,97,104,107,108,110,115,121,128,129,134,136,139,145,147,150,153 "106";
107 51 1 1,3,6,17,23,33,46,52,55,56,64,70,73,77,84,85,91,94,118,120,123,125,130,132,137,145 "107";
108 151 0 1,4,6,28,35,38,43,50,58,68,71,77,82,86,91,113,115,122,125,127,132,136,141,149 "108";
109 94 0 1,6,8,12,18,22,25,28,30,32,40,43,45,46,49,51,55,57,59,63,67,69,76,79,81,82,91,92,95,98,104,108,111,118,121,125,126,128,132,134,136,138,148 "109";
110 65 1 1,7,10,11,13,19,22,24,25,28,30,31,33,36,39,42,45,47,53,54,57,59,62,63,64,66,69,71,73,76,77,80,84,92,95,97,98,102,103,105,106,108,116,120,123,125,127,129,131,133,137,139,140,142,145,146,152 "110";
111 130 0 1,4,7,9,11,12,14,17,30,39,40,43,45,47,50,54,57,59,61,62,64,66,67,69,73,75,77,80,85,87,88,90,94,105,108,114,115,123,124,127,128,138,139,147,151,153 "111";
112 24 1 3,5,13,17,22,31,42,45,46,50,53,55,74,84,85,87,99,104,106,109,114,122,125,129,140,146,148 "112";
113 2 1 2,5,6,8,11,13,18,24,25,31,33,45,48,52,56,75,82,101,119,121,131,133,138,144,146,148 "113";
114 74 0 2,4,6,8,10,14,16,20,23,25,27,28,31,33,34,37,38,41,43,47,49,51,52,55,56,59,62,64,65,69,72,73,74,76,78,79,81,83,84,86,88,93,96,99,100,102,103,105,106,109,113,115,116,117,120,122,123,126,128,130,131,132,136,140,142,145,148,153 "114";
115 68 0 0,3,6,7,11,12,43,62,64,73,77,80,83,91,92,100,121,127,146 "115";
116 106 0 2,6,7,9,11,23,28,30,33,39,41,42,50,53,54,56,58,64,67,79,82,88,89,91,94,100,101,109,112,113,115,121,123,124,127,130,135,138,145,147,152 "116";
117 58 1 4,5,7,9,11,13,17,22,24,25,26,57,62,64,67,70,71,73,76,83,96,105,115,123,127,130,141,146 "117";
118 126 1 2,13,17,28,31,37,38,65,90,93,101,102,106,109,113,115,121,123,125,128,134,136,138,145,152 "118";
119 115 0 2,3,5,8,11,13,14,16,17,18,21,24,26,27,29,32,34,37,38,39,41,43,45,47,50,53,55,56,62,64,65,66,69,70,71,72,74,75,77,78,84,88,91,92,94,95,96,98,100,101,102,105,107,110,111,115,117,118,119,120,123,126,128,129,134,136,138,139,143,146,147,149,151 "119";
120 104 0 6,27,35,48,73,79,90,113,125,133 "120";
121 45 0 4,21,26,30,48,63,70,76,78,95,98,130,139,147,149,151 "121";
122 25 0 0,1,8,11,13,14,16,19,23,24,25,28,32,37,43,44,50,52,55,60,63,65,66,68,72,75,78,79,81,85,88,91,95,97,98,101,104,106,108,109,113,122,124,126,128,130,138,141,143,146,147,149,151,153 "122";
123 47 0 1,4,5,8,13,14,21,22,24,27,29,32,33,35,39,43,47,48,52,55,58,59,60,67,71,76,78,79,80,82,83,87,88,90,94,100,102,105,107,110,112,115,116,118,121,123,125,129,131,133,136,137,138,145,152,153 "123";
124 76 1 0,1,3,4,7,12,17,23,26,28,31,36,42,44,45,47,48,50,52,56,60,61,62,63,65,68,69,70,73,77,79,82,84,95,98,103,104,105,111,112,114,115,116,118,122,124,133,135,139,141,143,145,146,148,152,153 "124";
125 119 1 3,5,7,9,11,14,16,18,21,26,28,29,33,34,36,37,39,41,42,43,45,53,55,58,59,64,65,67,69,71,73,74,76,78,79,81,84,86,88,89,91,92,94,96,100,105,106,108,110,112,114,115,118,121,124,126,128,131,134,135,139,142,144,145,149 "125";
126 81 1 3,8,9,14,24,25,38,39,45,49,50,56,64,66,67,69,70,71,77,79,81,83,86,91,96,100,101,116,121,123,131,134,137,140,142,144,145,147,149,152 "126";
127 83 0 73,85,129 "127";
128 73 0 4,7,12,15,24,28,33,43,44,47,52,65,68,73,74,81,84,107,112,114,130,132,139,141,144,146,150 "128";
129 25 0 3,8,11,13,19,20,26,27,29,33,37,41,43,48,52,54,60,66,68,74,77,79,81,87,88,92,95,98,102,105,107,110,113,117,125,129,131,133,136,138,140,144,147 "129";
130 132 0 0,1,3,5,6,7,9,11,13,15,17,21,22,25,26,28,30,32,33,34,36,38,41,44,48,50,51,54,57,59,61,62,69,71,72,76,81,85,88,90,91,93,96,98,99,101,102,108,112,113,114,117,118,124,129,131,132,136,137,138,140,143,144,146,150,152,153 "130";
131 144 0 3,6,7,9,11,14,16,19,20,22,26,29,30,34,36,37,41,43,45,46,49,51,52,54,57,59,60,65,67,70,72,74,78,81,84,87,89,90,93,98,101,104,107,108,111,112,114,126,130,131,132,135,137,140,149 "131";
132 8 0 14,15,22,25,27,46,47,52,60,62,65,83,85,96,98,108,115,137 "132";
133 41 0 0,10,14,16,17,18,34,37,38,41,51,53,57,65,72,79,82,89,92,97,102,130,136,137,149,150 "133";
134 22 1 3,25,65,73,81,94,95,134,146,149 "134";
135 69 0 2,4,7,9,10,12,15,16,19,20,22,24,27,29,31,33,35,38,40,42,43,44,45,46,48,49,51,54,60,63,65,67,70,72,74,75,78,79,81,88,90,94,96,97,100,102,104,106,108,109,114,116,117,123,126,128,129,130,132,134,137,138,139,140,143,144,145,147,149 "135";
136 85 0 1,10,14,16,21,25,28,31,35,38,42,44,47,51,53,59,62,67,68,72,73,78,79,81,82,84,87,90,92,94,96,100,106,108,110,116,119,120,122,123,127,129,132,134,136,139,141,142,143,144,150,152 "136";
137 40 0 1,2,3,5,6,10,12,13,15,18,19,26,29,31,34,36,38,40,41,43,47,48,51,53,58,60,62,64,69,70,72,76,79,82,84,85,90,91,92,94,96,100,102,104,106,107,109,111,116,117,118,120,123,128,131,133,137,139,140,142,144,146,148,149,151,153 "137";
138 106 0 0,4,6,8,12,13,14,17,20,23,26,36,37,39,41,43,45,50,51,54,57,58,59,61,62,63,66,69,70,71,74,75,76,77,79,80,83,86,95,97,108,113,115,116,118,119,123,124,128,130,132,133,134,138,141,142,145,151,153 "138";
139 81 1 4,8,15,18,23,26,34,37,46,76,86,102,111,113,114,118,130 "139";
140 81 1 4,6,11,20,24,26,32,36,39,44,49,53,58,59,61,66,81,88,90,93,94,97,98,100,103,107,110,114,116,118,122,124,125,126,127,130,135,137,140,146,148,153 "140";
141 32 0 5,26,71,129,142 "141";
142 70 0 4,8,10,12,16,18,22,23,25,28,38,40,43,45,46,47,49,50,53,54,62,65,68,70,71,74,89,95,97,98,103,104,106,109,112,117,119,120,121,128,132,134,135,137,139,142,147,150 "142";
143 90 0 2,4,13,22,23,25,28,29,30,36,50,52,60,65,66,69,73,75,84,87,90,98,101,103,116,121,126,134,137,144,149 "143";
144 82 1 9,21,24,55,88,99,103,106,108,123,139,150 "144";
145 46 1 4,12,13,28,34,35,43,46,48,52,57,59,78,82,85,107,109,110,112,133,135,143,144,146,147,148 "145";
146 10 0 0,2,6,13,15,17,21,22,26,30,31,34,38,40,41,43,44,46,48,49,50,52,53,56,57,58,60,61,64,65,70,75,76,77,79,83,87,88,90,91,93,100,101,103,106,112,114,116,118,119,123,126,128,130,132,133,136,145,148,149,151,153 "146";
147 134 1 6,47,113,127,142,150 "147";
148 146 0 5,13,14,19,21,24,27,28,30,35,39,41,46,51,54,58,61,64,65,69,73,75,76,80,82,85,86,91,100,102,104,106,108,110,120,121,124,128,130,131,133,138,141,142,144,145,146,149,150,151,153 "148";
149 72 0 6,8,13,15,17,20,21,23,28,34,36,40,43,50,55,58,60,66,74,75,77,80,83,90,94,96,98,119,123,125,131,132,134,148,150,152 "149";
150 65 0 2,6,8,13,14,17,21,24,26,28,31,34,36,38,41,43,47,50,54,55,56,58,60,62,63,64,66,69,70,74,76,79,81,85,87,90,95,96,99,101,106,110,116,117,119,121,124,126,128,129,133,135,139,145,147,151 "150";
151 105 1 3,6,17,20,21,26,34,35,40,44,47,49,54,56,60,64,67,68,71,73,78,81,87,89,91,92,96,101,106,110,112,122,128,130,137,140,141,151 "151";
152 4 0 0,1,4,10,18,19,25,26,39,50,59,66,71,76,78,79,84,87,93,98,102,104,106,108,111,112,114,118,128,135,141,147,151 "152";
153 74 1 1,5,7,13,16,20,22,29,35,45,53,61,63,66,72,79,87,93,101,107,110,114,116,121,129,130,132,134,136,142 "153";
