parity 109;
0 101 1 35,47,76,108 "0";
1 83 1 0,3,5,7,9,14,17,21,28,35,37,39,41,43,45,50,52,55,59,61,63,65,68,70,72,75,79,80,83,84,93,100,102,103,109 "1";
2 96 0 2,5,7,9,11,13,14,16,18,24,25,26,29,31,34,37,44,45,47,49,50,56,58,60,63,69,72,79,82,83,85,86,93,94,95,100,104,105,107,108 "2";
3 91 1 1,4,6,7,9,10,12,17,20,27,35,39,41,43,47,51,52,55,57,61,63,64,68,69,72,77,81,84,87,94,96,97,105,108 "3";
4 69 1 2,4,21,24,25,39,41,42,44,48,58,70,76,84,89,92,100,102 "4";
5 93 1 0,2,3,4,6,10,11,14,15,18,21,24,27,29,30,35,39,41,46,47,50,52,55,56,58,59,64,66,68,70,71,73,76,78,79,81,83,92,94,96,98,99,103,108,109 "5";
6 81 0 4,13,17,23,45,47,56,66,69,75,82,93,94,108 "6";
7 42 1 40,59,73 "7";
8 75 1 8,12,14,32,34,38,43,49,51,58,61,63,65,77,78,87,89,109 "8";
9 4 0 3,5,6,8,9,12,14,20,21,23,26,32,34,37,38,43,45,51,55,61,63,65,68,71,72,75,79,83,86,88,92,97,100,105,108,109 "9";
10 44 0 0,4,5,8,10,15,16,21,22,28,32,33,37,40,41,52,53,61,62,63,71,77,80,85,86,89,92,93,103,106,109 "10";
11 75 0 9,13,21,23,25,35,78 "11";
12 69 0 0,3,4,7,8,11,12,13,15,21,22,23,29,30,32,34,35,40,42,45,51,56,59,60,61,64,67,69,70,71,73,74,76,77,79,83,86,87,92,94,98,100,101,103,104,108 "12";
13 70 1 7,15,18,60,72,103 "13";
14 74 0 3,7,10,13,15,16,21,23,24,26,34,39,45,46,58,60,70,73,79,80,82,86,94,96,99 "14";
15 60 1 1,2,4,6,9,12,16,19,20,25,28,29,30,32,33,34,36,37,39,41,46,47,53,55,64,65,66,68,69,75,77,80,81,83,85,86,87,89,93,95,97,99,104,108,109 "15";
16 38 1 1,2,5,8,9,12,15,18,19,22,24,25,26,28,29,30,32,33,34,36,38,39,43,45,47,50,51,52,54,56,57,59,60,61,64,66,68,70,72,78,82,84,85,87,89,92,93,95,97,98,101,102,106,107 "16";
17 85 0 22,58,70,79,82,93,99,109 "17";
18 95 1 0,3,8,13,18,21,22,27,28,33,34,40,44,46,54,56,62,69,70,75,76,81,82,86,87,89,97,100,106,107,109 "18";
19 10 0 0,7,14,18,20,23,28,31,34,38,52,67,69,75,81,86,91,92,94,95,97,98,99,102,104,109 "19";
20 58 1 2,5,9,10,12,13,16,17,19,21,23,24,30,33,35,37,39,40,43,45,49,50,52,53,54,57,59,60,61,62,64,66,68,69,71,76,77,79,81,82,86,87,90,91,93,96,100,101,103,105,107,109 "20";
21 93 0 10,14,16,46,49,59,60,72,84,98,102,109 "21";
22 7 0 1,7,9,11,20,23,32,35,37,39,40,41,46,48,50,51,54,59,60,67,71,75,83,85,88,94,97,99,100,104,106,108 "22";
23 1 1 3,4,9,12,14,16,20,22,26,27,29,31,33,39,40,42,44,48,52,55,59,61,62,64,71,73,75,77,78,84,93,97,99,104,107,109 "23";
24 36 1 16,21,23,27,40,53,63,65,73,87,97,108 "24";
25 53 0 0,14,22,35,41,45,50,58,66,69,87,92,94,104,107 "25";
26 110 0 0,4,10,16,17,21,24,30,38,39,40,44,50,52,55,56,60,65,75,79,81,84,90,94,101,102,104,108,109 "26";
27 35 1 3,4,8,9,22,27,30,33,41,47,54,56,65,72,74,85,89,104,105,106 "27";
28 12 0 0,2,4,5,8,9,10,17,19,29,33,34,36,39,41,46,49,53,56,61,64,67,69,71,73,75,79,81,84,85,89,92,93,96,99,102,106,109 "28";
29 20 0 2,24,43,67,87,90,96 "29";
30 9 1 2,19,25,27,28,33,45,57,83,85,88,90,92,99,100,101 "30";
31 42 1 5,26,28,32,34,39,42,45,49,64,69,76,80,88,91,103 "31";
32 25 1 1,5,6,7,10,15,17,19,21,23,25,26,29,33,34,35,37,38,39,42,45,47,48,50,54,57,59,60,67,74,76,79,87,90,92,97,100,104,109 "32";
33 95 1 1,3,4,5,6,8,9,10,11,13,17,21,22,26,29,30,32,33,36,38,40,41,44,46,47,49,53,56,59,62,67,69,70,72,73,74,76,77,78,82,84,86,88,90,91,93,95,98,99,100,101,103,109 "33";
34 45 0 0,5,9,12,13,15,17,18,21,22,24,28,31,33,42,44,51,55,59,64,65,68,73,75,76,79,81,84,90,91,103,106,109 "34";
35 81 0 17,23,26,98,100 "35";
36 61 0 3,5,9,12,14,16,19,20,23,26,29,31,44,47,49,55,60,64,65,68,70,73,75,78,80,86,87,91,95,98,100,101,103,106 "36";
37 98 0 3,4,6,7,13,18,19,21,23,24,26,33,38,40,45,48,51,53,55,64,70,72,74,87,88,92,99,102,104,108 "37";
38 54 1 2,34,38,49,71,85 "38";
39 71 0 0,5,9,11,13,15,17,19,20,24,33,36,38,41,44,46,48,50,53,55,58,77,80,81,83,86,88,90,92,94,95,97,98,100,106,108,109 "39";
40 104 0 5,16,22,40,41,51,59,72,75,81,82,104 "40";
41 1 1 7,12,29,34,39,48,50,59,60,62,63,68,82,85,88,92,101,109 "41";
42 83 0 0,2,4,5,9,12,14,17,19,22,24,25,27,29,30,32,35,37,38,44,46,49,51,52,54,55,57,58,62,63,64,67,68,78,80,85,88,94,98,100,103,106,108,109 "42";
43 29 1 1,5,10,11,13,26,36,40,42,47,52,58,72,74,77,84,85,96 "43";
44 101 1 3,5,8,9,15,19,26,33,45,55,58,61,74,76,86,88,92,97,102,106 "44";
45 44 1 3,18,27,30,42,62,80,84,88,91,94,104 "45";
46 81 0 0,1,3,5,6,10,13,15,16,21,23,24,26,27,30,35,37,39,40,42,44,49,51,52,54,55,58,62,63,66,69,71,72,75,76,77,79,81,82,83,85,87,89,93,95,96,98,100,103,104,108,109 "46";
47 31 0 25,60,79 "47";
48 40 1 0,3,6,13,17,23,25,30,41,44,51,57,58,59,60,68,70,75,79,86,91,93,106 "48";
49 101 0 1,3,8,10,22,25,28,30,31,35,39,41,46,53,55,57,59,62,63,70,75,77,79,82,85,91,98,103,107,109 "49";
50 4 1 3,5,7,9,10,12,14,15,19,21,23,25,29,31,35,36,39,40,43,49,52,54,56,58,59,66,68,71,72,74,76,82,83,87,89,93,97,99,104 "50";
51 40 1 4,8,10,16,18,27,35,38,39,41,42,45,49,51,53,55,58,60,64,66,67,72,87,104 "51";
52 55 0 4,6,28,56,59,73,74,84,94,102 "52";
53 6 1 7,10,19,20,42,52,53,64,76 "53";
54 64 1 1,2,9,22,30,35,37,44,48,57,62,71,91,101,109 "54";
55 74 0 0,1,6,7,9,10,12,20,23,24,28,29,30,31,33,34,36,38,40,42,44,46,48,51,54,55,59,60,64,65,66,67,70,73,75,77,78,79,81,84,87,89,90,91,94,96,98,100,101,104,106,107,109 "55";
56 11 0 6,17,27,82,88 "56";
57 61 0 1,2,4,5,7,8,9,11,12,17,21,25,27,28,29,31,33,34,35,37,40,42,43,44,46,47,51,52,54,56,59,61,62,65,66,70,72,74,76,79,81,84,85,88,89,91,93,95,98,102,104,106,107,108 "57";
58 26 1 2,19,21,27,49,54,74,98,105 "58";
59 99 1 1,12,14,15,17,21,23,34,41,51,62,73,75,76,79,81,83,100 "59";
60 64 0 1,4,5,6,11,16,18,23,29,30,33,36,42,44,46,47,53,54,56,65,67,69,71,73,75,79,80,85,87,88,93,94,99,100,102,103,108,109 "60";
61 48 1 3,5,6,8,10,13,15,18,20,21,24,25,28,33,35,36,39,43,48,49,51,53,56,58,59,60,62,65,68,71,73,75,77,80,86,89,90,91,93,96,98,101,102,103,105,108,109 "61";
62 107 1 1,11,18,19,30,34,54,58,61,64,73,83,88,91,101,103,108 "62";
63 64 1 10,14,21,28,31,34,37,45,56,57,59,62,64,66,69,74,76,84,86,91,94,98,100,105,108 "63";
64 65 1 0,8,12,13,14,16,18,21,23,25,28,30,31,32,34,35,37,40,42,44,46,49,50,53,55,58,60,61,63,66,69,71,72,73,75,76,78,79,82,85,86,87,90,92,94,99,101,102,104,105 "64";
65 43 1 0,2,4,5,6,9,10,13,14,24,25,27,29,30,32,33,35,36,37,39,40,41,43,45,48,50,52,53,55,56,58,60,61,66,68,69,71,72,75,77,79,80,81,82,84,86,90,93,96,98,101,105 "65";
66 103 0 0,2,6,7,10,13,15,16,18,20,23,25,26,27,29,30,31,34,36,39,41,44,47,48,50,53,58,59,61,64,66,71,72,74,75,78,79,83,86,88,89,90,94,97,99,100,101,105,106,108,109 "66";
67 70 0 10,12,17,41,47,62,74,76,105 "67";
68 74 0 3,9,10,12,15,16,24,33,36,42,47,53,56,60,64,65,68,70,73,81,84,85,94,96 "68";
69 81 0 2,4,5,7,12,19,20,26,33,40,42,44,46,53,55,63,65,72,83,85,88,90,93,100,108 "69";
70 105 0 12,13,17,23,25,28,30,31,33,35,37,46,48,49,51,53,56,58,61,62,65,71,72,78,81,83,84,90,92,95,96,97,100,105,109 "70";
71 41 0 0,1,5,7,11,13,14,16,20,24,28,33,35,37,39,42,44,50,51,55,56,63,69,71,74,77,80,82,84,86,87,90,91,92,93,95,96,100,106,107 "71";
72 78 1 4,6,8,9,10,11,13,15,17,19,21,26,27,29,32,36,38,40,43,48,49,50,55,58,60,63,65,66,68,70,72,74,76,79,82,84,85,87,88,89,93,96,101,103,104,106,108,109 "72";
73 76 1 0,1,2,7,9,12,13,15,19,20,21,22,24,25,28,31,32,34,36,37,38,39,41,43,45,47,48,52,53,55,58,59,60,62,63,65,66,68,70,77,81,82,83,86,88,90,91,94,97,98,100,102,104,106,109 "73";
74 19 1 0,1,6,8,12,13,14,17,20,22,23,25,28,31,33,36,37,40,41,43,45,47,48,51,53,57,62,65,68,70,71,73,79,88,89,90,91,94,95,100,101,102,104,106,109 "74";
75 37 0 1,3,10,11,12,15,16,18,21,24,29,34,37,42,44,45,51,53,56,60,61,65,67,68,69,77,81,83,87,92,94,100,107,108 "75";
76 77 1 2,3,7,10,12,15,19,24,25,28,30,31,33,36,40,50,52,54,57,59,62,63,66,69,70,72,75,77,79,84,86,88,98,100,102,103,107,109 "76";
77 14 0 5,10,14,28,31,45,51,60,61,72,75,78,80,82,85,87,90 "77";
78 16 1 3,11,17,29,35,36,38,44,45,52,58,67,79,84,90,92,103,106 "78";
79 78 1 1,2,5,8,12,14,17,19,21,23,27,28,30,31,35,37,38,40,41,44,47,48,49,51,52,56,58,61,64,66,70,73,75,82,84,87,89,91,94,101,102,104 "79";
80 21 1 0,2,3,5,7,8,10,12,15,16,21,22,24,25,29,32,33,34,38,41,42,45,47,48,50,52,54,55,57,59,61,62,64,69,71,73,76,79,81,83,88,90,91,96,98,101,105,106,107,108 "80";
81 76 0 0,2,5,7,9,10,13,14,15,17,18,20,22,23,25,26,30,34,35,39,41,44,45,48,50,51,52,54,56,58,60,62,65,67,70,72,73,74,76,78,80,87,92,93,96,99,100,104,105,106,109 "81";
82 68 0 1,4,6,8,9,12,13,18,21,23,27,29,32,34,37,39,42,45,48,50,55,57,59,62,64,69,71,74,75,77,79,84,86,89,90,91,92,95,97,98,99,101,102,103,104,108,109 "82";
83 80 0 8,19,20,22,31,35,36,43,46,58,74,87,91,98,101,107 "83";
84 7 1 15,18 "84";
85 73 0 5,24,26,29,31,46,52,55,67,78,83,84,89,91,96,102,104,108 "85";
86 85 0 2,4,6,10,45,48,53,65,93,98,101 "86";
87 35 1 1,4,6,9,13,16,17,19,20,22,26,28,30,33,37,40,42,43,46,48,50,54,58,61,67,69,73,76,77,85,86,88,89,91,96,98,101,102,108 "87";
88 58 1 2,3,6,9,13,14,15,19,22,26,29,32,34,36,38,41,43,45,46,48,51,55,58,60,62,66,67,69,72,74,76,78,85,86,89,98,102,107,108 "88";
89 41 0 3,6,8,17,22,33,36,38,49,57,60,63,65,71,72,75,79,82,85,87,102,105,106 "89";
90 110 0 5,13,22,26,27,29,37,42,49,56,75,93,105 "90";
91 27 1 3,4,6,8,9,12,14,16,18,19,21,23,25,26,28,30,32,36,38,41,42,44,47,48,49,51,54,56,58,60,64,65,66,71,72,74,77,78,79,82,85,88,90,91,93,95,96,99,100,101,103,104,106,107,109 "91";
92 49 1 0,3,7,12,13,15,16,18,22,24,29,31,33,36,40,44,47,50,59,62,63,66,69,70,72,75,78,79,80,97,100,102,104,106,107,108 "92";
93 61 0 15,30,33,46,51,63,77,80,83,84,91,100 "93";
94 12 0 8,29,44,49,58,68,85,98 "94";
95 26 1 0,2,8,11,13,18,19,21,22,24,28,37,45,49,51,53,55,58,59,63,67,69,70,72,75,80,82,84,92,95,96,98,100,102,104,107,108 "95";
96 48 0 4,5,8,9,14,16,18,24,26,28,30,35,47,49,54,56,59,61,63,65,69,72,78,81,83,86,90,93,98,108,109 "96";
97 68 0 1,3,4,9,10,13,15,20,23,25,26,28,31,37,39,40,43,45,47,49,50,51,53,54,56,57,59,60,62,65,66,67,69,70,73,74,80,82,86,87,89,91,93,94,97,98,100,103,105,106,108,109 "97";
98 95 0 0,9,13,21,24,25,31,33,39,41,47,51,52,62,64,66,80,83,86,87,88,91,92,93,94,96,98,99,101,103,106,109 "98";
99 90 1 0,7,13,18,26,27,29,36,38,46,50,54,57,62,74,78,83,87,109 "99";
100 40 0 12,14,22,31,32,44,45,49,51,53,59,64,75,77,78,83,92,93,96,98,99,104,109 "100";
101 15 0 7,20 "101";
102 81 0 0,4,6,7,9,11,12,16,19,21,24,27,28,30,34,35,39,40,43,49,53,54,56,60,64,69,70,72,74,76,77,78,80,81,83,84,88,89,91,99,101,103,106,107,109 "102";
103 107 0 5,12,13,20,32,51,53,61,68,77,85,94 "103";
104 83 1 0,4,7,9,10,11,12,13,16,17,21,23,26,28,29,31,33,34,36,37,40,42,44,45,46,53,55,56,58,59,61,62,63,65,67,69,70,74,75,79,80,84,85,87,89,92,94,96,99,100,101,103,105,106,109 "104";
105 108 1 0,8,20,25,45,46,49,50,52,60,62,63,77,80,86,91,93,103 "105";
106 99 0 0,1,4,5,6,18,20,25,28,29,33,36,41,43,45,51,56,58,63,67,69,72,75,79,81,83,84,85,88,89,91,92,94,100,103,106,108 "106";
107 58 1 2,3,5,7,8,12,13,14,16,19,20,21,22,24,27,28,36,39,41,43,44,45,46,47,48,49,51,53,55,56,57,59,63,64,66,71,73,74,76,77,79,81,83,84,86,87,90,92,97,98,102,106,108 "107";
108 19 1 0,4,5,7,9,11,12,14,15,16,18,19,20,23,24,28,29,31,33,34,36,38,41,43,45,47,53,57,60,61,63,65,66,68,69,71,74,77,79,83,85,88,90,92,94,97,99,100,101,104,105,107,108,109 "108";
109 70 0 3,11,17,21,28,37,40,44,50,53,67,78,93,94,99,101 "109";
