parity 73;
0 56 0 4,17,20,30,42,48,55,72 "0";
1 19 0 10,14,38,42,44,47,54,67,70,73 "1";
2 73 0 0,2,4,6,7,9,12,13,15,17,19,21,22,31,32,38,40,43,45,46,48,50,51,56,57,60,64,66,71 "2";
3 9 1 0,8,11,12,15,16,18,20,25,32,36,39,44,47,49,55,56,61,63,66,70 "3";
4 70 1 0,2,13,15,19,22,28,30,34,39,40,61,66,68,72,73 "4";
5 20 0 0,5,7,8,12,16,18,20,22,24,25,27,29,30,32,34,36,37,39,40,43,44,45,50,51,55,57,59,61,62,64,65,68,70,73 "5";
6 18 1 0,2,4,10,11,13,15,16,18,20,22,23,24,27,29,32,35,36,37,38,40,42,43,46,47,51,52,54,61,63,65,66,68,73 "6";
7 39 0 2,7,8,11,16,18,21,23,25,26,29,30,31,33,35,38,40,45,46,51,53,54,56,58,59,61,63,64,66,69,70,72 "7";
8 61 1 3,6,8,11,12,13,17,20,21,23,25,28,33,41,44,47,48,51,52,53,55,56,61,63,68,73 "8";
9 18 0 0,2,11,13,14,16,20,30,36,38,39,42,47,50,52,56,59,63,64,67,69,71,72 "9";
10 26 1 20,54,59,64,69 "10";
11 51 0 3,5,8,9,11,13,22,24,26,27,30,34,37,42,43,45,50,53,55,56,61,62,63,67,70,72 "11";
12 4 0 1,4,5,6,9,11,13,15,19,21,22,23,25,29,31,35,36,38,39,41,42,44,45,47,49,52,54,55,57,60,62,63,69,70,72 "12";
13 2 1 0,2,5,7,10,13,23,26,28,30,32,34,38,41,42,44,45,48,49,51,54,55,57,58,62,63,65,66,67,70,71,73 "13";
14 49 0 0,22,35,39,46,56,63,67,71 "14";
15 16 1 5,17,18,26,31,41,52,54,66 "15";
16 34 1 23,34,66 "16";
17 69 0 1,27,31,35,37,40,44,49,61,64,67 "17";
18 35 0 3,4,7,9,10,13,15,20,22,28,31,33,34,36,39,40,42,44,45,46,48,49,50,51,53,56,58,59,60,65,67,69,70 "18";
19 5 1 4,42,55,60 "19";
20 12 0 3,5,8,9,12,14,18,20,21,22,24,28,31,32,33,37,38,40,41,44,45,48,52,55,56,58,60,63,65,68,71 "20";
21 19 1 25,58 "21";
22 54 1 2,10,21,23,25,26,35,36,39,48,53,54,58,61,62,64,67,70 "22";
23 49 0 5,7,10,13,16,24,25,27,34,49,66,70,73 "23";
24 45 1 0,4,6,10,25,30,45,57 "24";
25 13 1 5,7,21,23,31,33,35,38,45,52,53,57,60,65,67,68,70,73 "25";
26 9 1 0,2,4,6,10,11,18,20,23,25,28,31,32,34,36,39,40,43,45,47,51,54,55,56,58,59,60,62,66,72 "26";
27 7 1 0,1,3,5,6,12,16,18,19,21,23,24,29,30,31,33,37,39,43,45,46,48,50,57,64,65,66,67,70,71,73 "27";
28 46 0 0,3,8,9,13,17,21,22,23,25,29,32,37,39,41,42,43,45,47,48,52,54,55,57,59,62,63,65,68,70,72,73 "28";
29 35 1 3,42,48,64,69,71 "29";
30 64 0 6,9,10,13,22,27,31,38,47,52,56,61,64,68,70,73 "30";
31 0 0 7,8,12,14,15,23,25,29,34,38,59,61,65,67,70 "31";
32 28 0 0,3,5,10,13,15,22,24,28,32,35,36,39,42,44,47,49,50,54,56,60,63,66,68,71,73 "32";
33 10 0 0,1,2,3,4,6,11,13,15,17,18,21,26,28,31,32,34,39,41,43,45,47,50,51,52,53,55,56,58,60,61,62,64,67,69 "33";
34 63 0 7,9,12,16,24,26,32,35,40,45,50,52,60,70 "34";
35 18 0 2,5,7,8,11,16,18,22,27,33,35,36,39,40,41,43,44,59,64,67,70,73 "35";
36 37 1 16,30,33,35,42,55,58,69 "36";
37 7 0 59 "37";
38 40 1 0,1,4,6,10,14,18,25,26,29,30,32,34,35,38,39,41,45,49,51,55,57,58,63,65,67,68,71 "38";
39 16 1 0,1,6,7,9,10,12,20,22,24,26,27,29,30,31,32,34,36,37,38,45,46,50,55,56,57,61,62,64,67,69,70,71 "39";
40 65 0 1,3,4,5,6,7,9,11,14,15,17,20,26,28,38,46,48,53,57,58,61,63,68,70 "40";
41 0 0 3,5,8,11,14,16,18,21,23,25,28,29,33,34,38,39,42,44,46,47,49,52,54,56,58,59,61,62,64,65,67,70,72,73 "41";
42 9 1 0,3,11,17,20,34,37,39,53,57,59,61,63,69,71,73 "42";
43 38 1 0,5,7,9,12,16,18,19,22,23,25,27,32,34,37,38,41,42,46,52,57,58,62,64,65,67,69,71 "43";
44 31 0 0,2,4,5,6,8,11,14,15,18,19,22,24,26,28,32,33,35,36,37,39,40,43,48,49,52,54,55,56,58,60,62,63,64,66 "44";
45 59 0 1,4,8,11,16,17,20,22,24,27,28,33,34,37,43,44,45,48,52,56,60,62,65,66,69,71,73 "45";
46 60 0 0,2,6,9,10,12,14,15,16,19,20,22,24,31,38,43,44,45,50,51,54,55,59,60,63,67,70,72 "46";
47 34 1 4,15,21,25,26,32,34,35,44,48,55,59,61,63,64,65 "47";
48 33 0 2,5,7,13,25,26,28,30,33,35,36,40,42,49,54,57,61,67,69 "48";
49 8 0 0,2,3,4,5,7,10,12,16,19,21,24,26,28,32,34,36,37,39,42,44,45,47,49,51,53,58,59,63,65,67,73 "49";
50 21 1 1,5,7,8,10,13,15,17,21,25,27,29,36,42,46,49,50,52,55,57,60,61,70,72 "50";
51 59 1 13,14,17,43,47,70 "51";
52 24 0 0,25,55,60 "52";
53 43 0 1,6,8,13,15,16,22,27,29,31,32,36,38,40,41,43,45,46,47,49,51,54,57,58,60,61,63,66,68,72,73 "53";
54 58 1 2,7,10,11,14,20,26,28,36,38,43,45,53,55,57,58,64,66,72 "54";
55 47 0 0,1,6,7,9,11,13,16,21,24,25,26,28,29,31,32,35,38,40,41,43,46,49,51,53,55,59,61,64,67,69,71,73 "55";
56 14 0 2,5,10,13,15,19,20,26,30,31,33,35,36,40,42,44,45,46,53,60,63,70 "56";
57 67 0 2,8,9,18,20,27,29,42,46,48,50,51,58,62,69,71 "57";
58 8 1 13 "58";
59 4 1 6,10,17,20,23,26,27,31,32,38,42,43,44,56,59,61,63,64,66 "59";
60 68 0 2,28,44,55,59 "60";
61 27 1 6,17,30,33,44,51,71 "61";
62 56 1 1,4,6,8,11,13,14,15,16,18,19,21,23,26,28,30,33,35,36,37,39,41,43,45,47,49,51,56,61,63,64,67,70,73 "62";
63 65 1 1,3,4,6,7,9,10,15,16,18,25,31,35,36,38,39,41,42,43,47,50,51,55,56,58,59,60,64,67,69,73 "63";
64 74 0 3,4,12,50,51,56,58,66 "64";
65 10 0 0,3,6,7,8,13,20,22,24,26,28,30,32,36,38,39,41,48,50,52,56,57,60,61,63,64,66,68,71,73 "65";
66 59 1 36,59,66 "66";
67 27 1 2,4,9,14,18,21,24,34,37,41,43,47,48,50,55,59,61,65,68,70,73 "67";
68 74 0 3,4,6,11,14,15,18,20,23,26,27,32,33,37,38,40,44,45,48,52,54,57,60,66,69,72,73 "68";
69 29 1 3,7,8,12,19,22,24,38,41,43,45,48,67,70 "69";
70 17 1 0,1,6,8,12,16,19,20,22,23,26,28,31,32,34,35,37,39,41,45,46,50,51,52,57,58,60,62,65,67,70,71 "70";
71 70 1 14,19,20 "71";
72 19 0 0,1,4,5,7,8,14,15,19,20,22,23,30,34,37,38,41,42,45,51,55,56,58,62,63,65,67,69,70,72 "72";
73 46 0 1,30,32,36,38,43,45,52,59,61,65,68 "73";
