parity 154;
0 12 1 2,4,5,10,12,14,16,18,19,22,23,25,27,29,31,32,34,35,38,40,42,46,51,53,54,56,60,63,65,70,73,75,81,82,86,87,90,92,95,97,99,100,102,104,108,109,112,114,116,118,121,124,125,127,132,134,138,139,141,144,146,147,150,151,154 "0";
1 142 1 0,1,4,5,7,8,9,10,12,13,14,17,18,21,22,24,34,40,42,43,45,46,48,49,51,52,53,57,58,60,61,63,65,66,69,71,73,75,76,79,82,85,86,89,91,93,94,96,97,98,100,102,103,105,106,111,113,115,116,117,119,125,128,130,133,134,136,137,140,142,144,145,146,149,150,151,154 "1";
2 109 0 0,1,3,7,11,13,19,21,27,29,33,36,40,42,44,46,50,52,53,58,60,65,66,68,72,75,78,83,84,86,89,91,93,94,97,99,101,103,105,107,108,112,113,116,117,120,122,127,129,133,137,139,141,143,152,153 "2";
3 50 0 2,3,4,5,7,8,9,10,11,13,15,16,18,20,22,24,26,27,29,31,38,41,44,46,49,51,53,55,58,60,64,68,70,71,74,76,77,79,81,82,83,85,89,93,94,96,98,100,102,104,106,107,111,112,114,117,118,122,124,126,128,130,133,134,137,139,141,145,147,150,151,152,154 "3";
4 47 0 3,7,9,10,12,13,15,16,19,21,23,24,27,29,32,35,37,42,45,47,49,50,52,54,56,57,61,64,68,69,73,74,75,77,79,81,84,86,89,91,93,95,96,98,101,102,104,106,107,108,111,112,114,116,117,120,122,125,128,130,131,133,135,140,143,145,148,150,152,153,154 "4";
5 126 0 31,36,42,105,116,146 "5";
6 89 0 0,1,2,6,7,11,13,14,16,19,20,21,28,30,31,35,36,38,40,43,45,47,48,50,52,53,55,59,62,65,68,69,71,74,79,81,82,84,85,89,91,93,95,97,99,100,105,106,107,109,112,116,118,119,123,124,125,126,127,129,135,136,137,139,141,142,143,149,151,152,154 "6";
7 102 0 2,6,9,10,12,14,20,21,31,36,38,41,47,50,51,57,58,59,62,64,67,74,82,84,88,103,105,107,109,113,118,120,121,123,125,126,139,141,149 "7";
8 81 1 2,7,8,9,11,13,14,16,17,19,25,26,29,30,31,34,37,38,41,42,44,45,47,50,51,53,55,56,58,60,63,66,70,71,73,75,77,81,84,85,89,90,93,95,96,97,98,101,102,104,107,108,109,111,113,114,115,117,118,119,121,124,125,128,130,133,135,138,139,142,144,146,148,152,154 "8";
9 151 1 1,4,5,6,7,9,10,17,18,20,21,23,26,30,31,33,34,37,47,50,54,66,71,73,77,79,81,83,87,92,95,96,101,103,104,106,111,113,114,115,118,119,121,133,136,144,146 "9";
10 26 1 1,3,4,10,14,16,17,19,22,23,25,26,28,29,31,32,35,37,38,41,43,45,49,54,57,59,60,63,65,70,76,80,81,84,85,86,88,89,92,93,98,100,102,104,107,111,112,114,115,117,120,121,124,126,128,130,131,137,139,141,144,146,148,153 "10";
11 70 0 5,34,57,61,93,98,138 "11";
12 69 1 0,12,14,20,21,26,31,34,49,59,74,80,92,94,99,106,110,119,123,127,148,149,151 "12";
13 121 0 7,11,50,94,98,101,118,124,128 "13";
14 3 1 18,39,66,69,71,79,81,106,108,118,121,123,129,132,145 "14";
15 4 0 2,4,9,10,15,17,20,22,23,26,27,33,34,38,46,48,52,57,58,62,66,72,76,78,83,85,87,89,91,92,96,97,100,103,105,107,113,114,119,122,126,128,129,132,138,144,147,148,152,153 "15";
16 91 0 7,9,14,49,54,56,93,114,116,121,141,144,150 "16";
17 22 1 23,36,39,52,122,123,126,132,151 "17";
18 138 1 2,4,5,10,15,16,18,21,36,39,57,58,68,72,76,82,84,88,100,101,105,107,110,114,115,117,120,127,131,132,141,142,144,146,148,150,154 "18";
19 36 0 0,4,7,10,13,15,19,20,27,29,35,37,44,55,59,61,64,65,68,73,77,80,86,90,92,95,96,103,108,112,114,115,123,129,131,132,134,139,147,153 "19";
20 33 0 2,3,6,11,18,20,21,23,27,31,36,37,40,42,44,47,48,50,51,57,59,61,66,71,74,78,80,83,85,87,88,89,91,94,96,99,100,102,104,106,109,110,112,113,116,118,121,122,123,128,131,132,134,138,140,143,145,146,148,149 "20";
21 61 1 0,1,9,11,14,18,20,22,23,25,29,32,35,36,37,43,45,48,50,53,58,61,63,65,70,73,75,79,81,84,90,92,93,95,97,104,106,107,108,110,115,117,119,120,123,126,127,131,132,133,136,137,138,140,142,144,146,148,151 "21";
22 99 1 0,1,2,5,7,8,10,11,14,15,20,22,25,26,27,33,35,36,40,42,43,45,46,48,49,52,53,56,58,60,61,62,64,66,70,73,75,77,79,80,82,86,87,89,91,93,94,96,97,99,100,102,103,104,107,108,110,112,113,116,120,121,123,128,129,130,133,134,135,137,138,140,146,147,149,151,152,154 "22";
23 6 1 2,4,7,9,11,12,18,20,22,25,28,30,33,35,37,38,43,44,48,49,51,54,58,60,62,63,67,68,72,73,74,76,80,81,86,88,90,91,97,100,103,104,106,107,109,113,115,118,121,127,128,133,136,138,139,146,149,150,153,154 "23";
24 118 1 0,2,10,11,13,14,16,22,25,27,28,29,31,37,38,39,41,45,50,56,57,59,61,63,67,72,77,83,84,86,90,92,93,94,96,100,104,108,109,115,118,119,122,125,137,139,141,142,143,146,148,150,154 "24";
25 46 1 0,1,6,8,10,19,21,23,24,26,28,36,41,43,47,49,54,57,58,64,67,76,78,81,84,87,89,92,93,97,102,106,107,111,115,121,124,128,130,133,135,138,142,144,146,150,153 "25";
26 19 0 9,13,32,39,53,64,66,78,84,86,88,96,103,109,127,131,136,140,143,144,148 "26";
27 66 1 2,6,9,11,13,15,16,18,19,26,27,29,31,33,42,43,48,50,51,53,54,56,62,64,66,69,76,79,84,86,90,94,96,99,100,102,104,108,111,113,116,118,120,122,124,125,126,140,141,144,145,149,151,152,153 "27";
28 27 0 0,17,18,20,22,25,29,33,34,41,49,51,53,56,57,61,65,73,75,77,79,81,82,90,91,96,98,102,105,109,110,111,121,125,127,129,133,137,140,142,147,152 "28";
29 95 1 0,1,3,4,5,8,12,14,26,33,34,41,43,46,51,54,55,58,60,64,66,72,78,80,83,86,92,94,95,97,103,104,107,111,113,117,134,136,146,149,154 "29";
30 150 0 4,19,35,52,55,75,89,97,101,117 "30";
31 87 1 5,9,23,33,40,62,69,94,118,139,144 "31";
32 146 0 0,1,4,6,8,12,14,15,21,23,26,27,29,32,33,34,38,39,48,51,52,58,59,64,67,69,72,74,80,81,84,85,93,94,98,100,102,103,105,109,110,112,114,116,119,124,129,131,135,136,139,140,142,143,145,148,150,151 "32";
33 75 1 12,32,33,37,62,67,84,88,136,137,142,143,153 "33";
34 52 1 3,4,6,9,14,16,17,20,25,26,27,29,31,32,39,40,42,45,46,47,51,53,55,57,68,70,71,75,82,86,87,89,91,93,99,102,105,106,108,113,114,116,118,121,131,135,136,137,139,142,144,146,147,148,153 "34";
35 38 1 0,2,3,4,8,9,11,14,15,23,28,29,34,36,40,42,45,48,56,57,62,63,66,69,74,80,82,83,85,86,89,91,92,97,99,102,103,105,106,107,108,112,116,118,120,121,123,125,127,129,130,132,134,137,138,140,141,144,146,147,151,153,154 "35";
36 97 1 0,2,7,8,9,11,12,13,14,17,18,19,21,25,26,27,28,30,33,37,38,43,44,47,49,51,55,58,59,64,65,70,73,75,78,79,81,82,85,87,90,93,94,97,101,102,104,108,109,113,115,118,121,126,128,129,133,134,135,138,141,144,146,147,150,153 "36";
37 134 0 0,1,3,4,7,9,10,11,13,14,17,18,20,22,24,27,32,34,35,36,40,42,43,45,49,50,52,53,55,57,59,63,65,66,68,70,74,75,78,81,82,84,88,90,92,93,94,95,98,99,101,104,107,109,110,112,115,117,120,122,124,126,131,137,139,141,142,147,148,151,152,153 "37";
38 153 1 0,1,3,7,9,10,11,13,15,16,17,19,21,24,26,27,30,31,32,39,40,41,45,48,49,53,54,58,69,70,71,75,78,80,82,85,87,89,91,94,96,98,100,101,103,105,107,108,110,118,119,122,124,126,127,128,130,134,136,138,140,142,143,147,150,154 "38";
39 120 0 0,2,4,6,7,8,11,12,14,20,21,22,24,27,29,30,32,33,35,37,43,44,45,47,48,51,52,55,56,57,59,61,63,65,67,68,69,72,73,75,79,83,86,87,89,90,91,94,98,100,101,102,104,106,109,112,114,115,117,118,120,122,125,126,128,129,133,134,136,140,145,146,148,149,152,153 "39";
40 59 1 9,13,18,23,26,40,61,64,72,77,78,79,91,113,117,128,131,138,140,148,152 "40";
41 77 0 8,39,91,96,100,110,125,149 "41";
42 108 1 0,5,7,9,10,12,18,22,24,25,29,31,36,41,43,46,52,53,58,60,62,65,66,67,69,75,76,80,81,84,86,89,90,92,94,95,98,101,104,106,111,112,116,119,123,124,128,129,133,136,141,142,145,150 "42";
43 118 1 12,41,43,59,83,93,106,108,154 "43";
44 140 1 1,25,29,34,39,42,56,57,63,68,71,75,78,88,97,98,100,104,110,122,124,129,140,142,145 "44";
45 0 1 1,11,18,23,29,36,52,55,66,69,79,84,92,98,116,118,121,133,135,138,150,152 "45";
46 137 0 6,13,16,19,27,38,40,49,69,87,107,112,114,123,125,128,131,141,147,150,152 "46";
47 6 1 5,15,27,31,38,48,49,56,59,61,62,64,66,67,70,72,75,88,89,90,98,105,106,113,116,119,122,126,146 "47";
48 78 1 6,24,33,35,109,118,125 "48";
49 41 1 0,9,10,21,28,39,43,48,49,59,61,65,67,74,75,76,85,88,97,100,104,108,112,140,143 "49";
50 40 0 1,4,10,14,21,36,38,43,53,70,72,73,75,94,114,123,125,129,138,143,145,151,153 "50";
51 31 1 10,52,62,64,87,92,104,139,144,147 "51";
52 141 1 1,4,14,21,24,28,30,33,35,43,46,48,49,52,61,67,72,83,85,97,99,101,103,105,106,112,125,127,132,134,137,142,144,148 "52";
53 113 1 0,5,17,19,30,35,44,58,74,90,97,110,113,115,118,121,124,127,136,142,146,147,154 "53";
54 44 1 2,3,5,14,17,19,20,22,24,29,32,37,39,45,48,50,51,54,56,60,62,67,74,77,81,84,85,87,88,91,101,104,106,109,112,113,115,120,121,128,130,134,138,146,148,154 "54";
55 103 0 0,9,10,13,15,18,21,22,25,26,32,35,37,39,43,45,51,54,56,57,59,65,68,74,75,76,79,81,84,85,89,91,92,96,99,100,103,109,112,114,115,117,120,124,126,130,135,140,142,144,147,149,153,154 "55";
56 37 0 3,5,6,8,11,14,15,17,18,20,24,25,28,30,31,36,39,41,44,45,47,49,50,52,54,58,62,63,65,67,75,77,82,90,93,99,102,103,106,111,112,115,116,118,119,124,131,135,136,142,145,147,150,151,153 "56";
57 68 1 1,3,5,9,10,13,14,17,19,23,27,28,32,33,36,39,41,43,49,50,52,55,60,63,66,69,71,73,74,76,77,78,80,81,82,88,90,92,94,97,99,100,103,104,106,107,113,115,116,118,122,124,126,128,129,130,133,136,137,141,143,144,145,148,150,153 "57";
58 111 0 1,5,9,20,22,25,37,39,53,54,62,63,73,82,86,97,104,106,107,110,111,119,126,139,141,149 "58";
59 133 0 6,7,8,10,12,14,16,22,23,27,30,32,34,36,40,44,47,51,53,54,58,60,61,65,67,68,71,73,75,79,84,87,89,91,93,97,102,105,115,117,119,122,125,135,138,140,142,143,147,149,151,152 "59";
60 133 0 0,2,3,4,5,9,11,13,15,17,18,20,26,27,28,30,32,35,37,38,41,43,47,49,50,52,54,55,56,58,59,61,63,65,66,69,70,72,74,76,77,80,82,84,87,88,94,96,99,102,104,105,108,111,112,114,116,119,120,122,126,127,128,131,133,137,141,142,144,145,146,147,151,153 "60";
61 6 0 13,36,68,111,117,136 "61";
62 129 0 2,9,24,65,68,69,73,79,86,92,104,125,129,133,135,154 "62";
63 51 0 0,3,9,15,17,18,21,22,29,30,32,37,40,43,45,47,48,52,54,56,58,59,62,69,70,72,76,77,84,87,89,91,93,95,97,98,102,105,106,107,108,113,117,121,123,125,131,136,137,139,143,146,148,149,151,152 "63";
64 149 0 0,4,5,10,12,19,27,31,40,44,45,47,49,52,53,55,58,60,64,70,76,79,83,87,101,103,105,106,107,116,124,129,139,140,142,145,146,151,152 "64";
65 15 0 5,56,112 "65";
66 15 0 2,7,12,15,19,26,30,33,38,50,56,81,83,88,89,90,96,99,107,114,117,119,122,125,126,130,134,136,142,146 "66";
67 67 0 0,15,18,20,22,25,27,28,30,34,35,36,38,41,50,55,59,65,68,71,74,75,86,88,90,91,99,101,103,107,109,111,113,119,131,135,141,146,148,152,153,154 "67";
68 32 1 1,9,11,13,16,21,23,29,33,34,40,41,44,46,49,50,51,56,60,62,65,68,69,70,72,73,75,78,80,82,83,85,95,99,101,104,105,107,110,111,113,116,120,121,126,132,135,136,143,145,146,148,152,153 "68";
69 3 1 7,25,33,40,43,47,51,69,74,97,107,109,111,142,146,149,150 "69";
70 20 0 54,89,114,117,151 "70";
71 102 1 2,3,6,7,8,11,13,24,26,27,30,31,33,39,42,45,47,50,51,53,55,64,67,69,71,77,78,84,87,88,89,91,93,96,99,104,108,111,115,117,123,124,130,132,134,141,142,144,146,149,152,154 "71";
72 25 0 5,6,18,20,22,27,29,31,35,36,38,41,47,52,60,71,78,81,83,88,98,108,111,121,131,134,137,139,140,147,150,154 "72";
73 107 1 37,45,50,74,94,99,129 "73";
74 88 0 0,14,23,27,34,39,43,44,51,55,61,66,70,74,81,92,97,100,108,150 "74";
75 62 0 0,12,75,92,105,130,132 "75";
76 6 1 16,19,27,30,33,35,38,42,43,52,55,78,79,82,98,101,103,104,107,112,123,129,133,135,146,152,154 "76";
77 120 0 0,3,6,8,9,10,11,15,16,18,19,21,23,27,28,30,32,36,39,41,42,44,48,50,53,56,57,58,61,62,66,67,69,70,72,75,76,77,80,83,86,87,88,89,94,96,97,99,101,103,105,106,110,112,113,115,117,120,122,123,125,128,130,131,133,138,140,144,148,150,151,152,154 "77";
78 104 0 1,2,4,5,10,13,17,21,29,35,43,45,47,52,56,57,60,61,66,72,81,82,93,101,106,118,123,127,149,150 "78";
79 15 0 0,2,3,4,11,14,16,17,20,21,24,25,28,29,32,35,36,37,38,39,41,42,45,47,49,53,54,56,59,61,62,64,66,67,69,70,72,77,78,80,82,83,85,88,89,93,100,101,104,105,108,109,110,111,113,116,117,119,122,124,126,128,129,133,134,142,145,146,150,151,154 "79";
80 98 0 1,3,12,14,19,21,22,23,29,31,32,34,38,39,41,45,47,49,55,61,63,65,68,70,73,74,76,81,86,88,91,95,99,105,106,109,111,114,116,119,126,129,132,138,140,142,145,147,149,152,154 "80";
81 117 0 1,3,5,6,9,10,12,13,15,16,17,21,22,24,25,28,34,38,40,41,44,45,47,50,52,53,60,61,65,70,71,73,74,77,80,81,85,86,88,92,93,95,97,98,102,104,107,108,110,114,118,122,123,125,127,128,130,132,133,137,140,142,144,146,147,150,151,153 "81";
82 109 1 0,2,3,5,6,8,9,11,15,19,21,23,27,35,42,47,48,51,52,54,58,65,66,68,70,72,74,78,84,86,87,93,95,98,100,103,105,109,110,114,120,124,125,129,130,137,139,140,142,145,148,153,154 "82";
83 103 0 3,9,12,19,21,24,50,61,75,101,105,112,116,153 "83";
84 90 1 1,8,15,25,31,39,60,72,74,78,96,98,100,104,110,111,132,143,146,150,152 "84";
85 99 1 4,5,14,21,27,38,45,48,52,54,61,67,84,93,98,102,108,109,115,117,120,130,131,140,142,154 "85";
86 28 0 0,2,7,34,44,46,48,50,54,59,71,76,77,83,85,90,102,106,112,122,125,128,131,132,134,136,139,142,150,153 "86";
87 28 0 0,5,9,11,12,13,17,20,21,23,26,28,33,38,39,42,43,45,46,49,50,52,54,56,58,60,62,64,66,67,69,71,74,77,78,79,81,82,83,85,87,88,92,93,96,98,102,105,106,107,112,114,118,119,120,123,126,130,132,133,135,136,138,141,142,143,144,146,147,148,149,153,154 "87";
88 58 1 25,35,57,104,128 "88";
89 8 1 3,8,13,18,22,25,26,38,40,42,44,47,57,62,64,67,71,79,82,86,89,90,93,94,98,100,103,105,107,114,120,124,127,130,132,134,136,139,142,143,145,149,151,154 "89";
90 106 1 5,6,11,23,26,27,30,35,37,43,47,49,56,62,64,73,78,80,83,91,100,101,113,114,116,117,120,125,127,134,143,144,149,150 "90";
91 119 1 1,5,7,9,12,14,15,17,19,20,21,23,28,30,34,35,37,39,42,44,46,47,50,52,54,55,57,59,64,65,68,72,76,77,83,85,90,92,96,98,100,102,105,107,109,112,113,115,116,118,124,129,130,133,136,139,141,148,153,154 "91";
92 83 0 3,7,21,22,28,38,44,46,48,59,62,64,82,85,86,97,104,106,111,119,131,136,146,152,154 "92";
93 60 0 4,13,18,21,22,27,29,32,35,37,42,44,47,50,57,58,62,67,71,82,85,89,91,92,93,97,102,106,110,111,116,117,123,127,133,140,142,143,148,153 "93";
94 14 1 27,57,80,117 "94";
95 112 1 49,53,129,136 "95";
96 136 1 2,20,32,41,42,48,54,61,64,77,83,97,98,106,111,117,121,131,143,147,154 "96";
97 155 1 0,3,8,10,14,22,24,28,29,31,38,41,43,45,47,49,53,62,65,74,78,80,82,85,86,88,93,104,106,110,112,116,120,124,125,128,135,144,148,151 "97";
98 108 1 2,5,6,12,13,17,23,27,29,30,31,33,38,41,43,45,49,55,61,63,67,68,70,72,73,76,82,84,85,86,88,91,92,94,97,98,100,107,111,113,120,123,128,131,133,140,144,148,153 "98";
99 122 1 7,17,26,32,43,60,68,83,88,96,104,106,135,145,147,149 "99";
100 36 1 1,8,9,13,15,18,19,24,25,26,29,30,34,41,46,47,50,52,54,56,60,63,64,66,71,77,79,87,92,97,98,100,103,107,108,111,112,115,116,120,121,122,123,128,129,131,134,135,136,138,140,143,146,147,149,152,153 "100";
101 65 1 1,8,18,32,36,37,39,41,46,50,55,61,64,72,83,95,97,99,100,106,111,120,123,128,130,134,152 "101";
102 99 0 1,5,8,12,14,16,17,19,24,27,29,31,33,39,40,44,48,51,55,58,59,62,66,67,71,73,75,77,81,83,87,88,91,94,95,97,101,102,106,107,115,118,124,129,132,134,141,142,146,150,153 "102";
103 134 1 39,76,108,128,132 "103";
104 137 1 0,4,8,11,12,19,21,24,25,28,29,31,36,40,41,50,52,59,60,63,64,66,70,72,73,75,78,79,85,86,88,91,94,96,98,103,104,107,111,116,119,120,124,133,135,140,143,149,152,153 "104";
105 71 0 1,20,25,30,32,37,40,52,90,103,110,115,117,137 "105";
106 79 0 0,8,11,14,15,17,21,26,27,30,31,33,34,40,43,46,49,56,61,64,67,69,70,74,77,79,87,91,97,99,102,106,107,109,112,114,117,118,123,125,128,134,137,138,142,145,149,151 "106";
107 22 0 3,38,45,71 "107";
108 18 1 4,13,15,16,20,29,31,41,43,47,55,59,68,71,76,77,80,81,85,92,97,103,117,125,127,130,133,136,138,154 "108";
109 87 1 4,9,11,12,21,25,27,32,40,43,58,62,66,67,73,77,80,87,92,96,107,110,111,113,115,117,119,121,127,134,138,144 "109";
110 86 0 0,7,12,16,18,25,27,29,31,33,34,55,59,60,66,69,70,74,83,88,93,103,109,110,117,124,126,133,138,142,146,151 "110";
111 69 1 2,3,4,13,19,26,30,34,40,45,46,50,64,70,81,83,91,101,119,123,132,143,148,150 "111";
112 122 0 1,40 "112";
113 42 0 2,5,10,14,17,23,25,30,37,39,40,42,47,48,49,58,60,64,66,68,70,73,74,81,92,97,100,104,107,110,113,115,120,124,128,131,136,141,149,154 "113";
114 77 1 3,9,20,25,30,33,34,42,45,52,54,56,57,70,95,99,106,113,131,135,150 "114";
115 60 1 2,12,17,21,29,31,32,35,36,37,45,50,55,58,61,63,67,70,74,76,77,82,88,91,94,101,116,117,120,124,135,138,146,148,149,151,152,154 "115";
116 39 1 6,9,12,16,19,25,27,29,32,33,38,42,46,48,50,51,54,56,60,63,65,66,70,72,74,76,81,85,86,88,90,98,102,103,105,108,111,115,119,120,123,125,126,130,131,133,134,135,136,143,147,152,154 "116";
117 149 0 0,1,3,5,9,10,12,14,16,18,21,24,28,29,33,36,39,40,42,44,46,48,49,53,55,56,60,62,64,67,69,70,78,79,81,83,85,86,89,93,97,98,100,105,107,108,110,111,113,116,119,123,124,126,131,133,135,137,138,143,146,147,149,151,154 "117";
118 10 0 2,3,27,33,38,53,58,67,93,100,109,120,132,139,147,148 "118";
119 63 1 26,49,88,98,126,135 "119";
120 66 0 2,4,5,7,8,9,11,13,15,18,21,23,26,36,38,44,45,47,54,55,57,59,60,66,70,75,78,82,83,87,90,92,94,99,100,105,107,112,117,118,121,122,124,125,127,128,130,131,133,135,137,139,141,142,144,146,154 "120";
121 125 1 6,33 "121";
122 10 0 1,2,4,5,8,10,11,18,20,22,25,26,28,31,32,34,36,37,38,41,43,46,49,51,53,55,56,57,60,62,64,70,72,76,79,81,82,83,86,90,91,92,93,95,100,102,103,106,108,112,114,117,118,120,124,125,127,128,130,131,135,138,141,143,146,147,149,151,153,154 "122";
123 112 1 1,26,74,135 "123";
124 35 0 0,4,6,8,9,10,12,14,20,21,23,27,28,33,35,38,42,44,45,51,58,62,63,67,69,70,72,74,75,79,81,84,87,93,95,98,99,100,101,103,108,112,124,126,131,138,140,142,144,146,151 "124";
125 106 1 2,3,5,7,10,11,12,14,18,20,27,29,30,31,32,33,38,40,45,49,52,54,55,57,60,63,64,66,67,69,71,72,76,78,80,82,84,85,86,89,90,92,93,95,97,99,104,107,109,111,115,117,119,120,121,122,126,127,128,130,131,133,135,138,139,141,145,147,154 "125";
126 13 0 4,6,8,10,11,14,18,19,20,22,24,26,31,34,36,37,41,43,44,47,49,50,51,53,54,56,60,62,64,67,68,69,70,73,75,77,79,80,82,83,84,86,87,90,92,94,95,98,101,102,105,106,111,112,115,117,121,125,126,127,129,130,131,132,134,136,138,139,141,142,145,148,151,153 "126";
127 96 0 0,2,4,6,9,10,12,16,19,21,25,26,28,31,39,43,45,52,55,59,62,66,67,69,71,76,78,79,81,83,86,88,92,93,100,102,109,113,115,117,118,119,122,124,126,128,130,132,134,135,136,139,140,142,146,147,149,150,153 "127";
128 0 0 14,16,21,25,34,38,44,62,69,83,85,94,98,103,107,114,121,135 "128";
129 67 1 3,5,7,10,13,16,17,18,21,23,26,31,32,37,42,44,48,51,52,55,59,60,62,63,68,71,75,77,78,82,83,91,92,94,102,104,105,107,110,112,114,115,118,121,123,127,129,132,134,136,139,142,144,149,151,154 "129";
130 130 1 2,3,5,8,13,22,24,25,32,33,36,40,41,43,45,49,51,53,54,57,59,61,62,65,69,72,74,75,81,83,86,88,97,98,102,104,107,108,110,112,113,114,115,119,123,125,127,128,132,135,140,144,145,147,148,150,153 "130";
131 63 1 0,1,2,6,8,14,15,17,18,19,21,23,31,37,40,47,49,53,55,68,71,74,77,79,80,84,85,91,94,97,98,101,102,104,105,106,110,111,113,118,120,123,126,129,131,133,137,138,145,147,150 "131";
132 146 1 1,3,4,8,14,16,23,25,26,28,30,35,38,43,45,49,51,60,62,63,67,69,72,74,75,77,82,85,91,94,96,100,102,103,105,113,119,128,134,138,140,149,150,153,154 "132";
133 45 0 0,2,3,5,7,11,12,13,17,18,20,24,26,27,32,34,36,38,39,42,43,45,47,48,52,56,59,65,69,70,72,74,77,78,81,83,86,88,90,93,95,99,100,102,103,105,108,111,112,114,118,119,122,125,127,128,130,137,139,140,141,142,144,145,149 "133";
134 81 0 2,10,23,38,43,54,57,77,80,81,90,98,113,126,128,130,137,150 "134";
135 22 0 3,7,12,16,22,27,33,72,140 "135";
136 71 1 10,15,41,52,87,136 "136";
137 119 1 1,4,6,8,10,11,15,23,25,27,29,30,31,35,39,42,44,45,46,48,50,52,53,55,56,57,58,60,65,67,69,71,73,74,76,79,80,83,84,90,92,97,98,103,105,110,112,113,114,116,118,121,124,125,127,129,130,132,133,138,139,141,142,143,145,147,154 "137";
138 119 0 3,5,6,8,10,11,14,15,19,22,24,26,30,32,36,39,41,43,46,49,51,54,55,56,60,62,63,65,68,69,72,74,75,77,79,80,82,84,87,89,91,92,95,96,105,108,109,111,113,115,121,122,123,126,127,129,131,133,143,145,146,147,150,152,153 "138";
139 17 0 7,12,16,18,21,35,37,48,50,55,61,64,65,67,68,75,85,87,89,92,95,96,100,102,103,107,110,114,121,130,140,148,151 "139";
140 86 1 24,53,102,136 "140";
141 88 0 0,6,8,9,12,15,18,22,26,28,29,34,37,38,41,43,49,50,51,53,57,59,63,65,66,67,68,77,79,80,84,89,90,95,98,100,104,106,111,114,116,118,119,121,123,126,128,129,131,139,141,147,151,154 "141";
142 17 1 5,13,35,75,77,101,107,124,129,131 "142";
143 154 0 0,4,7,8,10,14,15,19,21,25,26,31,33,34,35,39,48,49,54,55,59,60,65,71,73,75,79,81,89,90,93,96,97,100,101,107,109,111,113,116,117,121,125,129,130,132,133,135,137,139,141,143,145,146,148,150,153 "143";
144 135 0 19,35,38,52,100,152,154 "144";
145 2 0 1,5,6,9,11,15,17,20,23,26,29,31,33,35,38,43,50,53,55,57,58,60,67,69,71,72,76,79,82,83,85,87,88,89,91,95,96,100,104,106,108,111,113,115,116,118,122,127,130,136,139,141,142,143,144,147,149,152 "145";
146 27 1 5,6,11,14,15,17,18,19,22,24,27,30,31,36,41,43,45,46,48,50,55,57,60,64,75,76,79,85,86,95,98,99,101,105,106,109,113,124,132,137,138,141,145,154 "146";
147 118 1 2,3,4,6,10,18,20,22,25,27,32,42,44,46,50,52,55,57,59,61,64,67,70,72,76,82,85,97,102,120,122,125,132,134,137,142,148,153 "147";
148 13 0 21,23,26,62,103,118,130,134 "148";
149 12 0 4,6,12,17,22,23,34,36,37,40,47,51,54,55,56,58,62,64,67,68,71,79,80,83,90,91,97,99,102,109,112,113,115,120,122,124,131,132,136,141,143,144,147,149,152 "149";
150 79 0 104,128,142 "150";
151 75 1 5,32,36,39,54,57,98,106 "151";
152 104 1 9,66,129,133,149 "152";
153 155 0 0,5,6,11,13,14,17,19,20,21,24,27,31,33,35,37,38,41,42,43,45,47,51,52,54,58,59,60,63,64,67,68,70,73,75,77,79,81,82,83,87,88,92,94,97,99,101,102,108,111,112,115,117,123,126,128,129,131,134,136,138,139,141,142,144,145,147,148,151,153,154 "153";
154 141 0 0,4,7,8,13,17,19,21,39,46,49,50,52,56,62,71,73,75,77,80,85,93,100,102,104,105,108,111,113,114,117,118,120,125,128,129,131,134,136,137,140,148,152,154 "154";
