parity 83;
0 54 1 0,29,34,36,37,42,44,46,55,59,63,67,72,74,76,77,80 "0";
1 52 0 0,7,11,14,21,29,40,43,56,73,78 "1";
2 65 1 1,15,26,45,71 "2";
3 74 1 0,2,5,6,8,9,11,12,16,18,19,21,24,30,31,36,40,42,43,46,48,49,51,55,57,61,64,65,67,69,73,75,77,80,83 "3";
4 3 0 13 "4";
5 23 1 22,28,39 "5";
6 44 0 0,1,5,11,12,14,17,18,21,22,24,25,28,31,32,35,38,40,44,46,48,51,53,62,64,66,70,71,74,78,79,82,83 "6";
7 42 0 21,23,26,43,52,54,58,60,66,73,74,81 "7";
8 74 1 21,24,28,65,70 "8";
9 82 1 0,2,4,6,7,15,17,18,27,29,34,41,44,49,50,54,65,66,72,74,78,80,83 "9";
10 18 1 0,4,18,28,33,43,49,52,70,78,80,83 "10";
11 38 1 0,4,5,14,16,22,24,26,28,31,35,43,44,46,55,61,64,71,75,79,83 "11";
12 60 1 0,10,13,35,42,68 "12";
13 51 0 7,10,12,18,22,23,26,28,33,34,36,38,41,45,58,60,61,63,65,68,73,75 "13";
14 37 1 2,4,5,7,8,11,12,15,18,21,22,25,28,31,32,37,42,45,49,52,54,55,58,59,61,62,67,68,69,71,75,79,83 "14";
15 81 0 3,12,14,17,21,27,29,32,34,38,40,51,59,64,65,69,73,78 "15";
16 61 1 0,2,3,5,6,8,9,10,12,14,18,20,25,32,36,40,41,46,48,51,55,59,65,67,70,71,72,73,77,78 "16";
17 4 1 1,2,4,5,8,10,12,15,16,21,22,26,27,29,30,32,34,35,38,41,44,48,49,51,52,54,55,59,61,65,68,71,73,74,76,77,78,80,83 "17";
18 47 0 2,5,7,9,15,18,21,24,27,28,37,38,40,41,47,48,50,53,56,60,62,63,66,68,71,72,77,80,81 "18";
19 1 0 1,3,5,6,8,10,13,15,17,19,20,22,24,25,30,39,45,51,54,57,62,69,76,78,80,82 "19";
20 18 0 1,4,5,8,11,12,16,20,22,24,26,28,29,31,33,35,37,38,40,42,45,47,49,50,53,54,60,61,63,66,67,71,73,77,79,80 "20";
21 41 1 1,3,5,8,12,14,18,20,25,27,33,34,38,41,43,47,62,64,67,68,72,81 "21";
22 54 0 0,2,4,6,8,10,12,16,18,20,21,23,25,28,30,31,32,33,38,39,42,45,47,53,54,55,59,61,62,64,67,68,71,72,75,76,82,83 "22";
23 49 0 5,7,13,15,20,25,28,31,32,36,39,44,53,55,58,61,65,70,71,79,83 "23";
24 65 0 1,2,5,8,13,15,16,19,21,24,26,31,33,34,37,38,41,44,45,47,49,51,52,53,55,56,61,64,65,66,67,72,74,76,79,81,82,83 "24";
25 6 1 1,2,5,7,9,12,15,18,25,27,29,31,36,39,45,48,50,52,53,54,59,65,67,68,72,74,77,79,81,83 "25";
26 15 0 1,2,4,5,7,9,10,16,18,19,22,26,32,35,37,38,41,42,45,46,49,50,51,52,55,56,57,59,61,63,65,67,68,70,75,76,77,79,80,81,83 "26";
27 8 0 1,2,3,5,8,11,12,13,19,21,23,25,27,33,35,37,38,41,43,45,49,50,52,53,54,55,57,61,62,63,66,67,68,72,73,75,78,79,81,82,83 "27";
28 31 0 1,4,7,9,13,15,20,24,28,30,32,43,45,50,53,60,62,63,67,69,71,72,80,82 "28";
29 80 0 9,21,24,28,29,31,37,40,41,43,44,46,47,49,52,53,57,58,59,64,68,70,72,74,77 "29";
30 34 1 5,6,11,12,14,15,18,20,24,27,29,37,40,45,48,51,57,59,61,62,65,66,68,74,76,77,79 "30";
31 72 1 1,2,17,21,29,32,36,40,54,68,70,78,79 "31";
32 80 0 0,3,6,9,10,14,16,17,18,20,24,27,30,32,34,37,41,42,46,48,51,53,54,56,57,59,62,64,66,67,68,70,75,77,78,80,81,83 "32";
33 35 1 26,28,32,38,42,52,64,75,81 "33";
34 43 0 24,63 "34";
35 39 1 0,2,3,8,12,15,16,18,21,22,24,26,30,34,35,37,38,40,42,43,47,48,50,53,56,59,60,62,64,66,69,73,77,81,82 "35";
36 28 1 3,4,6,11,13,17,18,20,27,28,29,30,33,35,36,39,40,44,46,49,50,51,55,57,65,69,70,73,75,79,82,83 "36";
37 60 1 2,4,6,10,11,12,14,15,18,20,21,22,25,28,29,31,33,36,38,41,43,47,48,50,51,52,54,58,59,61,62,64,67,68,69,71,72,76,78,79,81 "37";
38 32 1 1,6,12,14,15,16,20,22,31,34,37,43,50,66,67,71,78,80 "38";
39 41 0 0,1,5,6,9,10,11,15,17,20,21,23,24,31,32,35,37,40,41,44,45,51,52,54,55,57,58,63,65,68,70,72,73,74,76,79,80,82 "39";
40 32 1 1,5,7,9,12,17,19,24,26,31,32,40,42,46,48,50,52,54,57,58,59,63,65,69,71,74,76,80 "40";
41 36 0 32 "41";
42 48 0 0,2,9,13,15,17,24,31,36,37,38,39,41,42,50,52,56,58,61,62,63,65,66,68,69,70,73,75,78,81,83 "42";
43 70 0 1,3,4,6,7,8,9,11,13,17,18,19,24,26,28,30,31,32,34,35,37,38,39,40,42,44,45,47,48,54,56,57,58,61,67,69,76,79,81,82 "43";
44 31 1 45,49,77 "44";
45 69 1 8,15,28,29,35,38,51,66,73,76 "45";
46 81 0 5,8,10,13,19,24,27,39,47,49,51,53,55,59,74 "46";
47 56 1 8,37,76,81 "47";
48 66 1 0,7,9,19,24,27,29,45,48,59,64,67,70,75,78,80 "48";
49 70 0 1,2,4,8,11,14,18,22,23,26,27,30,34,35,38,39,40,42,44,53,56,58,60,65,67,69,71,73,76,79,81 "49";
50 39 0 5,37 "50";
51 18 0 0,13,27,31,33,39,42,44,47,48,60,63,65,66,69,73,77,82 "51";
52 73 0 0,1,3,4,5,7,9,11,14,17,27,29,36,37,40,42,44,46,48,54,60,62,65,66,68,71,73,75,79,82 "52";
53 82 1 10,13,15,35,38 "53";
54 75 1 0,1,3,5,9,11,13,16,17,19,23,26,28,30,31,32,34,37,39,40,42,45,49,51,53,55,56,58,59,62,64,65,68,70,71,73,74,78,79 "54";
55 1 1 4,15,35,38,50,57,60,66 "55";
56 74 0 20 "56";
57 39 1 4,6,8,14,20,25,28,31,37,44,61 "57";
58 82 1 13,18,19,23,36,37,40,43,49,53,54,57,62,66,68,74,78,79,82 "58";
59 20 1 0,3,5,7,8,9,13,15,17,18,20,22,29,31,36,37,40,41,44,46,48,49,53,56,58,59,64,65,70,71,74,75,76 "59";
60 41 1 1,6,8,9,13,15,20,22,24,28,30,31,33,36,38,43,45,46,47,48,51,54,59,63,65,68,74,75 "60";
61 48 1 6,11,16,19,21,32,34,39,44,45,46,53,57,58,61,69,71,73,76,79,81 "61";
62 8 0 4,22,38,42,82 "62";
63 15 1 0,3,5,7,8,9,12,15,19,21,23,26,29,31,33,35,38,43,44,46,48,49,52,54,56,61,63,65,66,68,69,70,73,76,78,81,82 "63";
64 83 1 0,1,6,8,11,12,13,15,16,17,20,21,23,26,30,33,34,37,44,46,47,50,53,55,57,59,60,62,64,66,68,70,72,75,77,80,81,82,83 "64";
65 71 0 61 "65";
66 12 1 0,2,5,7,9,11,13,14,15,19,21,23,28,30,32,35,37,38,39,44,46,51,52,54,55,57,59,62,68,70,71,75,77,79,81 "66";
67 41 0 0,5,6,8,11,12,13,20,22,23,25,26,27,29,30,33,36,37,40,43,45,48,49,51,54,56,57,59,63,64,67,73,74,77,78,80,81,83 "67";
68 65 0 1,8,11,13,14,15,16,19,22,23,27,29,31,32,34,35,37,39,40,42,43,44,45,51,52,53,55,58,60,61,66,67,70,74,76,80,81,82,83 "68";
69 23 0 0,1,5,7,8,16,17,24,27,28,30,33,35,36,38,40,41,46,47,49,52,54,63,64,65,66,68,69,73,75,76,79,81 "69";
70 34 0 2,40,43,83 "70";
71 75 0 3,13,28,56,66,77 "71";
72 4 0 4,6,8,9,13,14,16,17,20,23,25,27,30,32,33,37,38,39,43,45,47,49,50,51,53,56,57,59,60,64,69,72,73,78,80,81,83 "72";
73 57 1 1,2,4,8,22,24,27,35,38,40,48,50,67,71,74,75 "73";
74 69 0 5,20,25,37,39,61,81 "74";
75 13 1 6,19,22,24,36,38,42,45,53,60,67,78,82 "75";
76 8 0 0,4,7,11,18,23,26,31,32,38,44,45,46,48,49,56,60,64,66,67,68,71,74 "76";
77 66 0 2,3,5,6,10,13,14,17,20,23,25,27,31,33,35,40,42,44,53,55,56,58,62,70,74,78,82,83 "77";
78 81 0 2,5,7,11,12,15,17,22,26,31,33,36,57,60,66,73,74,80 "78";
79 63 1 0,5,8,11,13,14,18,20,22,25,26,29,33,36,40,45,46,48,50,52,54,56,59,60,66,70,71,74,77,79 "79";
80 27 1 2,75 "80";
81 16 1 1,3,5,7,9,11,13,15,19,22,25,28,31,32,36,38,39,41,42,45,47,50,51,53,55,59,63,64,68,71,72,73,78,80,81,83 "81";
82 20 1 1,4,5,6,9,10,16,17,20,25,27,28,32,34,40,41,43,46,47,49,51,53,54,59,65,67,70,72,74,77,79,81,83 "82";
83 9 1 0,2,6,9,16,18,19,21,23,26,27,31,32,35,38,42,53,58,61,63,70,72,73,77,79 "83";
