parity 55;
0 38 0 12,55 "0";
1 27 0 4,18 "1";
2 29 1 21,38,42,50,51 "2";
3 24 1 1,3,6,9,12,13,15,16,18,21,26,31,32,34,35,36,39,42,44,45,47,48,51,55 "3";
4 12 0 1,3,5,8,20,25,29,31,42,45,52,54 "4";
5 45 0 4,7,10,11,13,14,16,19,30,35,39,41,42,44,48,49 "5";
6 49 1 1,4,6,7,9,12,13,16,17,18,21,26,27,30,32,33,35,37,42,44,45,47,51,54 "6";
7 21 0 1,3,7,9,12,15,20,21,24,27,31,36,42,45,51,54,55 "7";
8 22 1 9,11,17,19,23,25,26,30,39,46,49 "8";
9 53 1 10,13,21,42,51,52 "9";
10 4 1 0,6,9,13,16,17,20,22,23,24,26,28,30,32,36,38,40,43,44,45,47,48,52,53,55 "10";
11 50 1 0,2,8,17,28,32,39,41,46,52,55 "11";
12 9 0 0,2,5,10,11,14,15,17,18,21,25,26,31,33,36,43,50,51,54 "12";
13 11 1 2,3,5,7,8,10,12,13,18,19,21,26,27,29,30,32,34,35,37,38,41,44 "13";
14 55 0 1,4,6,8,10,12,14,18,20,22,24,27,36,42,44,46,48,50,51 "14";
15 41 1 4,6,14,21,24,28,31,32,34,36,41,45,48,49,55 "15";
16 22 1 1,4,12,18,22,25,27,28,29,34,35,36,43,45,50,53 "16";
17 0 1 1,6,8,9,10,12,17,18,19,20,25,26,28,32,35,36,38,42,44,46,52,53,54,55 "17";
18 6 0 4,7,10,18,26,29,34,37,44,46,52 "18";
19 21 0 3,4,6,7,8,11,14,16,17,19,20,22,25,27,28,32,34,36,40,42,43,45,46,48,53,55 "19";
20 38 0 0,1,4,9,11,13,15,18,22,26,31,32,45,47,49,53 "20";
21 4 0 0,1,4,6,8,11,13,15,16,21,22,23,25,26,29,30,34,37,39,42,44,48,49,50,52,53,55 "21";
22 20 1 1,3,5,8,9,12,15,18,19,21,23,26,28,30,33,36,37,39,41,43,44,47,49,51,52,54,55 "22";
23 3 1 0,2,10,14,17,23,27,37,45 "23";
24 14 0 1,3,8,11,21,23,47,52 "24";
25 43 1 1,4,5,7,9,11,17,18,20,22,25,26,28,33,43,45,46,50,51,52 "25";
26 33 1 3,6,12,19,23,25,28,30,34,37,39,41,43,48,51,55 "26";
27 55 1 20,27,34,38,44 "27";
28 35 0 0,5,7,12,16,19,21,25,28,31,42,44,46,55 "28";
29 44 0 0,1,5,9,10,13,16,17,21,23,25,27,29,30,33,34,36,39,43,49,53 "29";
30 18 1 1,3,5,8,12,15,16,19,26,31,34,36,44,47,51,54 "30";
31 17 1 1,2,10,13,15,19,28,30,32,38,39,42,43,48,53 "31";
32 33 0 1,4,7,13,20,23,26,28,31,36,40,44,46,49,51,55 "32";
33 1 1 2,4,6,10,11,13,16,19,20,22,25,26,28,30,32,35,38,42,46,48,50,54 "33";
34 4 0 0,1,3,5,6,7,8,12,16,19,21,23,24,25,27,28,31,32,36,37,43,44,46,50,53,54,55 "34";
35 27 1 2,3,5,7,12,22,25,26,30,32,36,38,39,44,47,50,52 "35";
36 9 1 1,34,36 "36";
37 14 1 4,6,34,37,51 "37";
38 47 1 10,12,22 "38";
39 29 0 9,14,17,18,51,54 "39";
40 5 1 4,6,22,37,38,41,43,45,48,49,53,54 "40";
41 39 0 2,4,5,10,11,14,20,24,25,31,33,35,36,47,48,50,51,53,55 "41";
42 14 1 4,6,9,14,17,19,22,32,42,46,48,49,52,55 "42";
43 29 1 2,5,7,20,22,28,30,32,34,39,41,44,46,47,48,51,53,55 "43";
44 25 1 0,2,3,5,6,8,20,23,26,28,33,34,35,41,42,54 "44";
45 34 1 1,3,20,23,25,27,35,43,53 "45";
46 26 1 2,7,15,20,27,31,33,37,39,46,50 "46";
47 14 0 0,1,3,5,8,10,11,13,14,17,18,21,24,28,29,32,34,36,37,40,42,43,45,48,52,54 "47";
48 35 0 8,9,13,19,31,38,40,42,54 "48";
49 29 0 1,3,4,6,7,10,12,13,16,19,21,23,25,26,27,29,33,37,38,40,41,42,43,46,48,50,52,53 "49";
50 25 1 0,2,5,7,12,17,19,21,25,28,31,34,36,37,38,42,43,45,47,48,52 "50";
51 17 0 0,1,11,14,17,27,34,36,38,45 "51";
52 1 0 2,7,15,29,34,38,42,43,44,46,53,55 "52";
53 25 0 0,7,9,10,16,17,18,20,24,25,27,32,35,38,40,41,46,47,49,51,52 "53";
54 40 0 1,2,6,14,17,23,25,31,38,52,55 "54";
55 26 1 6,11,13,19,24,41,43,55 "55";
