parity 128;
0 57 1 1,3,7,8,10,12,16,18,19,22,26,28,32,34,36,39,40,42,44,46,47,51,53,54,55,57,59,62,63,64,66,68,69,70,73,74,76,79,80,82,83,84,86,88,89,92,93,97,99,100,101,105,107,109,113,114,115,120,122,123,125,126,127 "0";
1 75 0 1,3,5,6,9,11,13,15,17,19,21,23,24,28,29,31,32,36,38,39,43,44,46,48,50,51,54,56,58,60,62,66,67,71,72,74,77,80,82,83,86,88,94,96,98,102,105,107,109,111,117,120,121,122,124,126,128 "1";
2 81 1 7,9,13,15,17,18,19,21,28,30,31,34,38,40,46,48,52,54,62,65,67,70,74,76,78,79,85,89,91,92,93,95,98,101,103,106,110,113,116,118,120,122,125,126 "2";
3 80 1 0,2,4,8,11,14,15,17,18,19,20,23,24,33,35,41,47,49,55,58,61,63,65,67,69,70,73,74,76,77,79,80,82,84,86,87,89,91,94,99,101,105,106,108,111,114,116,117,120,123,127 "3";
4 41 0 1,4,10,13,21,24,27,29,31,37,38,42,44,47,50,51,53,55,66,71,73,75,80,83,90,98,106,108,111,114,116,125,126 "4";
5 129 1 5,20,37,45,50,64,68,91,100,112,120 "5";
6 70 0 1,3,6,13,15,17,30,32,37,39,46,49,65,67,71,76,84,98,109,120,126 "6";
7 86 0 1,3,8,9,11,13,14,17,18,22,24,25,29,31,35,36,38,39,41,42,43,44,46,48,51,52,54,55,56,60,62,65,66,68,72,74,75,78,83,84,86,87,90,91,93,95,98,99,101,103,105,106,108,109,110,112,114,115,116,118,120,122,124,128 "7";
8 127 0 0,2,4,5,9,11,13,14,15,19,22,23,32,34,38,39,43,48,51,53,57,58,60,65,66,67,69,71,73,77,78,79,81,82,86,87,89,92,93,95,97,104,109,111,113,114,116,118,120,122,124,125,128 "8";
9 23 1 4,7,8,10,11,13,15,17,18,20,21,26,29,31,46,48,50,53,54,55,56,58,60,62,68,70,73,75,77,82,85,87,97,98,100,102,104,105,112,114,117,120,121,124 "9";
10 121 1 0,2,5,6,13,16,19,22,23,26,28,30,31,37,39,44,45,47,51,56,58,60,61,63,65,66,67,69,73,77,81,82,84,89,91,93,94,97,99,102,103,108,111,114,115,117,118,119,123 "10";
11 105 1 0,5,6,17,19,20,22,26,33,36,39,41,42,51,55,57,61,65,71,77,80,82,83,86,88,92,97,104,106,111,119,120,128 "11";
12 52 1 5,21,23,26,33,55,66,70,72,93 "12";
13 67 0 23,55 "13";
14 24 0 0,1,10,13,23,24,32,35,38,45,54,57,58,60,64,66,71,79,83,88,94,109,115,116,119,123 "14";
15 55 1 11,26,28,29,39,42,48,66,79,85,106 "15";
16 80 0 5,7,13,14,19,20,28,35,37,42,46,49,50,62,70,72,81,86,89,90,99,111,116,119,123,126 "16";
17 26 1 1,4,5,7,8,11,12,14,16,17,19,21,24,27,28,30,31,32,35,37,39,40,45,50,52,55,57,61,63,65,66,67,68,71,72,73,75,76,78,79,80,82,88,90,97,99,103,107,108,114,116,118,120,122,123,126,128 "17";
18 15 0 0,2,5,8,11,12,14,17,20,26,29,30,31,35,37,38,41,42,46,49,51,53,55,58,61,63,66,67,75,80,84,88,91,92,94,95,99,101,104,106,108,111,116,117,124,127 "18";
19 3 1 18,37 "19";
20 58 0 1,7,9,10,11,13,14,15,17,18,19,20,24,25,28,30,32,34,37,41,44,45,48,49,51,52,55,58,59,61,63,67,69,70,78,82,84,87,88,90,93,97,100,105,106,108,110,112,113,115,117,118,120,121,125,127,128 "20";
21 24 0 0,5,8,9,15,19,24,26,27,28,30,32,34,40,43,47,53,55,57,58,62,64,66,67,69,76,77,80,84,87,91,94,95,99,100,102,105,107,111,113,114,117,118,123,128 "21";
22 56 1 0,3,4,6,9,10,13,14,16,20,26,29,31,32,34,40,42,48,50,57,59,60,62,72,78,82,85,86,89,97,99,104,109,114,121,123,125 "22";
23 124 0 1,3,11,14,17,18,20,25,29,32,33,36,48,52,53,55,58,66,75,78,89,99,100,103,110,116,120,121,122,125,128 "23";
24 37 0 12,39,66,111 "24";
25 60 0 1,2,4,6,8,9,13,16,17,18,23,31,35,36,40,41,46,47,51,55,61,69,70,73,74,76,79,81,83,85,87,88,91,99,100,102,103,105,110,113,115,119,120,124 "25";
26 2 1 7,18,31,32,37,46,47,49,52,57,59,65,72,75,80,83,90,111,113,116,126,128 "26";
27 107 0 1,4,9,11,21,22,26,30,35,37,40,41,43,46,49,51,53,57,58,62,64,72,74,78,80,85,87,95,99,103,108,109,115,118,119,122,123,125 "27";
28 26 1 0,1,3,5,6,10,11,13,16,19,20,21,24,25,27,28,30,31,33,35,36,38,39,40,41,43,46,48,51,57,59,60,61,62,65,66,69,78,81,83,84,85,87,89,92,94,96,98,100,102,106,109,112,114,115,116,118,120,124,128 "28";
29 40 0 1,2,4,6,7,9,10,12,13,16,21,25,26,27,30,31,33,34,36,37,39,42,44,45,50,52,53,55,57,60,63,64,65,67,70,72,74,75,78,81,83,85,87,89,93,95,97,98,102,104,105,107,108,111,115,116,118,120,121,123,126,128 "29";
30 13 1 18,37,43,46,61,63,81,87,91,95,98,118 "30";
31 9 0 78,122 "31";
32 0 0 0,1,3,5,6,7,8,11,14,17,18,20,24,26,28,29,31,32,33,36,40,41,43,45,50,52,53,56,58,61,64,65,66,71,74,76,78,80,83,87,88,89,90,92,94,95,96,98,100,102,105,107,108,109,111,113,114,116,117,119,120,122,123,127 "32";
33 66 0 1,5,7,10,11,14,17,19,20,23,24,27,28,30,31,33,37,38,40,41,42,43,44,47,48,51,53,54,58,59,60,62,65,67,68,69,71,75,76,77,80,82,83,85,87,89,91,93,94,96,98,100,102,104,105,108,110,113,114,116,118,121,123,124,126 "33";
34 71 0 8,27,29,59,62,66,72,78,81,84,85,93,96,101,104,107,109,112,117,127 "34";
35 124 0 5,33,47,57,60,62,69,94,97 "35";
36 57 1 1,2,9,13,21,46,49,53,54,63,64,78,84,88,93,98,111,113,127 "36";
37 9 1 4,18,19,21,23,29,31,41,43,61,65,83,88,89,93,97,102,104,110,112,117,119,120,122,124 "37";
38 125 0 1,4,10,11,13,16,21,27,33,35,37,41,43,47,48,50,58,60,62,77,78,80,82,83,85,91,93,94,98,102,109,113,121,122,124,127 "38";
39 117 0 1,2,4,7,13,19,26,27,29,32,40,43,47,51,52,57,61,69,73,77,80,85,87,93,106,120,121,125 "39";
40 107 0 0,7,11,22,30,42,47,56,57,60,62,66,76,84,92,94,96,103,107,109,113,119,121 "40";
41 21 0 2,3,6,16,23,29,32,39,45,49,50,55,66,77,89,94,106,108,120 "41";
42 25 1 3,8,16,18,24,27,40,46,57,65,73,75,79,82,87,90,93,98,107,111,122,125,126 "42";
43 110 1 1,39,53,66,69,73,79,102,107,109 "43";
44 78 1 0,2,3,5,7,8,10,13,19,23,25,27,30,33,34,35,37,42,44,47,49,50,52,54,55,57,59,61,63,66,67,70,72,73,76,79,82,84,86,87,91,92,93,96,98,100,101,109,110,112,114,117,122,123,126,127 "44";
45 36 1 2,5,18,22,30,32,52,63,82,87,101,108,113,124 "45";
46 129 0 12,14,17,45,47,63,66,68,71,76,118,124,127 "46";
47 9 0 2,5,10,14,25,32,35,38,40,44,50,54,58,74,77,81,86,92,95,102,103,107,110,120,122,123,127 "47";
48 111 1 7,13,21,37,41,43,48,58,61,78,85,88,90,95,97,107,112,113,116,119,122,128 "48";
49 5 0 3,5,8,11,13,15,17,20,22,24,26,27,29,31,33,36,38,40,41,42,43,45,48,49,51,56,58,59,61,62,64,66,70,72,75,76,79,81,83,84,86,88,90,92,94,96,98,99,101,102,103,107,110,113,114,115,117,119,122,126,128 "49";
50 31 1 24,38,70,81,84,115 "50";
51 104 1 36,83,92 "51";
52 105 0 3,6,8,17,18,22,24,27,38,41,42,46,59,61,64,72,74,76,78,81,83,85,87,94,99,100,112,116,123,128 "52";
53 56 1 1,31,36,56,64,92,108,113,115 "53";
54 81 1 11,24,35,36,42,65,74,86,92,100,110,117,118,123 "54";
55 26 0 17,21,24,27,35,41,51,54,60,72,76,79,98,117,123,128 "55";
56 112 0 0,1,2,5,6,11,14,16,19,20,28,39,42,47,50,54,56,59,65,66,68,71,73,75,76,79,85,90,92,95,96,99,101,105,107,109,110,112,114,121,124,125,126,127 "56";
57 20 1 55,73,78,80,106 "57";
58 7 0 0,2,3,5,8,10,12,14,15,17,19,25,29,31,32,37,38,39,40,42,43,48,50,53,55,58,60,62,63,65,69,73,76,85,89,92,97,103,105,109,111,113,115,116,119,121,123,124,126,128 "58";
59 10 1 2,33,37,49,54,63,70,79,86,96,105 "59";
60 14 1 0,1,3,8,11,13,15,20,22,23,24,26,28,30,32,35,36,43,45,46,50,51,53,56,59,61,62,67,69,71,74,78,84,85,94,95,96,98,99,101,102,106,108,110,112,115,117,119,121,123,126,128 "60";
61 89 1 3,7,10,13,16,18,24,28,33,35,38,42,44,47,56,59,60,62,65,70,74,75,77,79,82,85,92,95,96,101,104,112,116,121,123,128 "61";
62 5 1 0,1,7,10,11,13,14,16,18,23,26,28,31,32,33,36,40,44,45,47,48,52,54,55,56,58,62,63,64,66,69,71,74,78,81,84,87,88,91,92,94,96,100,101,103,106,107,109,111,114,120,123,125 "62";
63 45 0 2,5,8,10,13,14,15,17,18,19,20,26,27,30,31,32,33,35,37,38,40,41,45,46,48,52,55,56,58,61,65,66,68,70,71,73,76,78,79,84,86,87,89,90,92,93,97,98,102,105,106,108,109,110,112,114,115,117,118,120,122,124,127 "63";
64 111 1 0,6,9,14,16,19,24,27,28,31,34,36,41,43,45,46,48,50,51,55,58,60,61,63,66,67,69,70,72,73,75,82,86,87,94,96,101,106,107,109,111,113,116,119,120,123,125,127,128 "64";
65 23 0 2,8,10,12,15,18,20,22,23,26,27,29,30,32,34,36,37,39,43,45,47,50,55,58,61,70,74,79,82,84,86,91,96,98,103,105,111,113,126 "65";
66 108 1 5,8,9,10,12,16,18,21,23,25,31,33,34,37,39,43,44,45,46,48,51,53,56,57,59,60,62,63,66,67,68,70,73,80,83,85,89,92,93,95,97,100,105,107,109,111,112,115,117,118,120,123,127 "66";
67 105 0 0,5,8,10,13,15,17,22,23,25,26,38,39,43,45,50,53,56,59,65,70,75,82,83,89,91,94,96,101,102,106,108,109,111,115,117,123,125 "67";
68 1 1 15,34,38,50,58,62,72,87,89,101,119,127 "68";
69 94 1 22,41,44,47,56,65,77,88,90,112,115,121,125,126,128 "69";
70 10 0 0,2,3,4,6,8,10,15,16,21,22,24,25,30,31,34,36,37,40,42,44,45,46,51,54,55,57,58,60,61,62,65,66,67,69,71,72,75,77,78,80,81,83,85,86,88,90,91,93,94,97,99,102,106,108,109,111,112,114,116,117,120,122,124,126 "70";
71 122 1 0,4,15,45,50,52,59,68,69,76,79,80,86,97,99,103,105,118,121,127 "71";
72 6 0 1,7,9,13,17,20,21,22,23,24,26,28,30,31,33,36,39,42,43,46,49,54,62,63,66,68,72,75,77,81,84,86,88,90,91,93,94,96,97,99,103,104,108,110,111,116,119,121,122,123,125,127 "72";
73 27 0 0,5,8,11,14,17,20,22,23,28,30,31,38,44,49,51,54,56,67,76,84,88,100,102,106,111,118,123,125 "73";
74 1 1 0,1,3,4,6,8,11,14,15,17,19,20,23,25,30,32,34,35,37,40,42,43,45,46,47,52,53,56,59,60,62,64,69,71,74,75,80,83,84,86,89,91,92,94,97,100,103,105,107,111,113,116,118,121,122,125,128 "74";
75 124 1 0,4,13,20,31,33,36,39,42,59,61,83,99,110,128 "75";
76 93 0 2,6,8,9,10,16,19,20,22,24,26,29,33,34,39,41,43,44,48,51,52,53,56,62,66,67,69,71,79,81,84,91,94,102,107,109,117,120,123,124 "76";
77 27 1 0,2,6,11,12,14,17,19,21,24,28,29,32,33,35,38,39,40,42,44,46,51,53,54,56,58,60,62,64,65,68,69,75,78,82,84,85,87,89,92,94,96,101,103,106,110,112,117,119,121,124,126 "77";
78 18 1 18,43,73,84 "78";
79 126 0 0,2,11,16,22,24,25,32,34,36,38,42,46,56,57,60,61,67,69,71,82,85,89,92,94,98,104,107,111,115,116,119,121,124,128 "79";
80 88 0 0,12,16,18,46,48,104,108,112,128 "80";
81 32 0 0,8,14,16,17,22,26,29,33,40,43,44,49,51,56,57,66,71,79,84,86,87,93,96,100,103,104,106,109,111,113,116,120,121,125 "81";
82 58 0 16,51,63,87,93,99,119 "82";
83 13 1 4,21,38,58,62,70,77,90,93,100,109,119,123 "83";
84 121 0 3,5,10,12,20,35,44,50,63,68,72,80,90,100,101,110,114,121 "84";
85 5 0 5,8,14,19,22,24,31,33,49,51,56,57,59,68,70,72,76,77,82,84,85,87,92,97,98,104,112,119,122,126 "85";
86 90 1 4,9,11,13,14,15,18,20,23,24,26,29,30,36,39,41,43,53,55,56,57,62,64,70,72,75,77,83,93,97,106,109,112,115,117,124,127 "86";
87 68 0 2,3,9,29,54,55,61,62,63,66,68,72,73,81,83,87,90,97,99,102,106,114,119,122,123 "87";
88 69 1 0,4,8,12,18,22,24,26,27,31,32,43,48,49,51,55,56,59,61,63,68,72,73,77,79,82,86,88,92,103,114,115,117,120,124 "88";
89 62 0 1,2,5,11,13,19,22,27,30,33,36,39,40,42,44,46,47,49,51,56,64,65,69,70,76,78,79,81,85,88,89,97,100,104,107,115,117,118,121,124,128 "89";
90 93 0 2,19,82 "90";
91 103 1 63,113 "91";
92 49 1 3,5,6,7,10,13,15,18,21,22,26,29,30,31,33,35,36,41,43,44,48,51,53,55,56,58,64,72,73,75,77,78,80,82,83,85,86,88,90,93,94,96,98,100,103,106,107,110,111,118,120,121,122,125,127 "92";
93 96 1 0,4,5,8,9,12,15,17,20,22,23,25,30,31,33,34,36,40,43,47,49,51,53,54,56,58,60,62,65,69,72,75,76,82,83,85,87,89,90,92,96,97,98,100,106,108,112,113,116,117,118,126,127,128 "93";
94 113 0 3,9,30,34,40,44,57,69,72,79,83,112,118 "94";
95 87 1 4,5,7,11,13,16,17,21,25,27,33,35,37,41,45,48,49,53,54,55,58,64,67,71,73,74,76,78,81,82,85,87,92,93,95,97,108,111,113,120,122,123,126,128 "95";
96 7 1 3,10,21,25,36,41,42,50,51,60,64,69,71,78,80,86,100,109,111,115,117,120,121,127 "96";
97 43 1 0,4,11,14,21,22,28,32,36,38,40,55,62,74,82,92,111,119,121,128 "97";
98 54 1 4,10,25,27,32,33,35,48,50,52,54,64,68,70,78,79,83,86,88,93,101,103,105,107,110,117,125,127 "98";
99 98 0 1,6,14,16,24,26,39,53,61,71,73,75,80,85,104,116,117,120,124 "99";
100 47 0 8,11,16,25,26,39,40,41,47,61,65,91,108,111,113 "100";
101 28 1 53,75 "101";
102 32 0 1,6,10,16,20,26,34,38,41,43,51,66,69,77,83,89,96,108,112,126 "102";
103 126 1 0,2,3,4,6,7,9,10,11,12,18,20,21,22,24,27,29,30,33,34,36,42,47,48,53,55,57,61,62,66,67,69,72,73,76,80,82,84,86,88,89,92,95,98,103,105,107,115,116,117,120,124,125,126 "103";
104 43 1 0,2,3,6,7,10,11,14,16,17,18,21,22,27,28,30,32,34,36,38,40,44,50,51,53,55,56,57,59,60,62,64,66,71,72,74,77,79,83,84,86,87,90,96,98,100,101,104,105,108,110,113,117,121,123,127,128 "104";
105 15 0 0,4,8,22,26,35,43,47,50,53,56,60,72,80,96,106,111,114,116,120,126,127 "105";
106 7 1 0,2,7,14,15,16,18,19,20,32,35,37,39,40,41,42,45,46,49,51,52,53,55,57,60,62,63,65,68,71,73,75,77,79,82,85,88,89,91,93,94,95,101,107,112,113,116,118,120,123,127,128 "106";
107 28 0 6,8,13,16,20,23,29,32,37,42,46,53,57,60,63,65,69,70,72,77,82,86,91,100,114,117,118,121,125,127 "107";
108 108 0 0,3,4,5,6,8,9,12,14,18,21,24,26,28,32,33,36,37,41,46,47,48,50,51,53,54,56,57,59,63,66,67,68,75,83,85,86,88,92,93,95,96,98,99,101,103,106,110,112,118,119,122,123,125,126,128 "108";
109 48 1 11,24,28,30,61,71,75,86,104 "109";
110 116 0 15,17,41,50,56,59,62,91,97,109,119,127 "110";
111 10 1 9,18,28,29,31,40,41,42,50,57,61,64,71,93,100,105,109,114 "111";
112 50 1 5,8,9,10,11,14,15,16,18,19,22,31,35,40,42,44,46,47,48,50,55,57,58,60,62,63,65,67,68,69,71,73,75,78,79,83,85,87,89,90,92,95,96,97,102,105,107,109,110,112,114,118,123,126 "112";
113 48 1 3,4,5,7,8,11,14,17,18,21,29,31,33,44,47,48,49,52,60,61,63,68,71,75,77,79,80,83,89,92,95,96,98,99,107,110,117,119,125,128 "113";
114 60 1 2,7,10,11,14,19,25,32,37,39,40,42,43,44,45,51,53,57,63,64,67,70,71,73,74,76,78,84,89,94,98,100,102,104,105,115,118,121,124,126 "114";
115 7 0 17,25,30,40,49,55,57,86,113 "115";
116 117 1 2,8,11,14,17,29,32,36,37,39,41,48,53,59,61,67,68,70,73,75,77,78,84,85,89,91,94,98,109,112,114,116,119,121,124,126 "116";
117 63 1 2,22,32,37,39,46,52,56,60,65,78,80,85,96,102,106,113,116,123,128 "117";
118 89 1 0,2,3,5,8,10,12,14,15,22,28,30,33,34,37,40,46,48,50,51,53,55,68,72,76,79,81,83,91,92,93,97,99,105,108,109,112,116,119,124,127,128 "118";
119 59 1 0,4,5,8,9,11,23,26,28,29,31,32,34,37,40,41,43,44,45,46,49,50,54,56,58,61,67,70,71,72,74,75,77,78,81,82,83,84,87,88,89,91,92,93,94,98,99,101,102,103,105,109,110,113,114,115,118,121,123,124,126,127 "119";
120 86 0 4,28,40,46,50 "120";
121 36 0 0,1,3,4,5,11,13,14,15,17,19,21,22,23,25,27,29,30,32,33,35,37,38,40,42,43,44,47,49,52,54,55,57,59,60,62,65,68,72,74,75,77,79,81,82,84,86,88,89,93,95,96,99,101,103,105,107,112,113,115,117,119,122,123,128 "121";
122 6 1 8,11,12,24,29,31,36,38,42,45,56,59,67,68,72,74,78,85,91,92,97,99,101,107,109,111,112,114,123,126 "122";
123 97 1 75,79,117 "123";
124 48 1 3,8,9,12,15,16,20,22,23,25,28,32,33,36,37,39,40,41,44,46,48,51,53,57,58,64,68,73,77,78,79,81,85,88,90,91,93,94,98,99,101,102,104,107,109,112,113,115,116,120,124,127,128 "124";
125 2 1 28,94,118,120 "125";
126 58 1 0,4,5,7,14,17,18,19,22,26,27,30,31,32,35,37,38,41,43,45,46,47,51,56,58,60,61,67,70,72,74,80,82,84,86,87,90,92,93,95,98,100,102,104,105,112,113,115,120,122,124,127 "126";
127 43 0 0,3,4,6,9,11,13,17,20,22,25,27,30,33,34,37,41,42,45,48,51,57,59,63,64,68,75,79,82,84,87,91,93,95,98,102,104,107,110,118,120,123,125,127,128 "127";
128 65 1 0,2,3,4,6,7,9,10,13,14,17,19,21,22,26,29,30,32,34,36,39,41,46,48,51,53,56,58,61,64,66,67,68,71,72,74,75,77,79,80,81,83,85,86,88,91,93,95,97,98,99,103,104,107,109,111,114,115,119,125,127 "128";
