parity 153;
0 141 1 0,3,5,8,10,12,13,14,16,21,23,28,31,35,37,38,40,43,48,49,51,54,61,65,73,74,77,78,80,82,85,87,89,95,97,100,103,110,111,114,117,119,121,122,125,127,129,138,141,145,147,149,152 "0";
1 19 0 1,8,10,14,15,17,18,22,23,29,32,46,47,51,53,60,61,63,66,70,71,73,79,91,94,96,98,99,101,105,106,110,112,113,115,118,120,121,123,135,137,141,144,147,150,152,153 "1";
2 105 0 7,13,25,27,29,33,37,39,45,52,58,60,66,69,70,73,79,85,91,93,104,111,112,113,122,127,128,137,139,146,147,152 "2";
3 152 1 0,6,7,9,13,15,17,18,22,24,27,28,32,34,36,37,39,41,46,48,51,52,54,56,59,60,65,72,73,76,77,82,86,87,91,93,95,97,100,101,104,107,110,112,114,115,117,119,121,124,126,128,131,132,134,136,137,139,141,143,144,149,150 "3";
4 112 0 1,3,5,7,9,12,13,16,22,25,28,30,32,33,35,37,39,41,44,46,49,53,55,57,62,68,70,73,77,78,80,84,85,87,89,92,93,96,100,103,106,115,119,121,124,128,131,138,141,147,149,151 "4";
5 28 1 0,4,6,7,12,16,21,22,23,24,26,28,31,36,39,43,49,50,53,56,57,59,63,65,76,79,82,85,87,90,94,95,99,101,103,107,108,111,117,120,122,123,130,132,135,137,138,143,145,147,148,151,152 "5";
6 153 0 1,25,28,38,53,54,61,81,85,86,94,103,110,118,121 "6";
7 110 0 0,2,3,5,7,8,10,19,23,26,31,34,36,41,43,45,47,48,51,53,55,57,58,60,61,63,65,68,70,73,75,82,83,85,87,88,93,98,100,105,106,108,110,111,117,118,121,124,125,131,134,140,143,147,148,150,151,153 "7";
8 66 1 0,5,6,9,12,17,18,22,25,28,32,35,39,44,45,48,49,51,54,55,56,59,60,63,66,67,70,82,87,90,93,95,105,108,113,125,127,129,136,138,145,146,149,151 "8";
9 148 0 0,4,9,10,15,21,29,30,33,36,37,38,39,41,43,44,46,51,56,59,61,62,72,74,79,81,82,84,89,90,91,94,101,104,106,107,111,113,117,123,125,127,129,132,133,136,145,146,148,153 "9";
10 14 1 1,2,4,6,9,11,12,13,20,24,27,28,32,33,35,37,40,42,45,46,47,50,57,58,60,62,65,69,72,74,75,77,80,81,83,85,88,91,96,97,103,105,109,110,112,114,117,118,119,121,123,124,125,127,129,131,134,136,138,143,147,150,152,153 "10";
11 94 0 81,84 "11";
12 151 1 13,29,56,75,87,95,142 "12";
13 103 0 0,2,4,5,9,12,13,15,19,21,24,25,26,28,30,32,35,36,39,41,43,44,46,54,55,56,57,61,65,67,74,75,77,78,83,84,85,86,89,91,93,95,97,98,100,102,105,106,107,113,116,118,120,123,125,126,128,130,132,134,137,139,143,144,148,149,153 "13";
14 46 0 39,110 "14";
15 22 1 17,31,68,72,74,89,92,95,101,114,122,153 "15";
16 108 0 5,6,8,10,13,15,19,23,25,29,31,33,34,35,41,42,44,47,49,50,52,56,57,59,60,68,69,70,74,76,78,81,87,92,94,98,103,106,108,109,113,114,116,121,127,128,130,132,134,137,141,143,145,146,148,150,151,153 "16";
17 139 1 38,50,54,72,75,106,109,137 "17";
18 147 0 2,9,18,23,32,47,67,74,82,84,102,104,105,108,113,123,124,129,131,139,143,146 "18";
19 16 0 7,9,11,12,14,16,18,20,24,26,29,34,37,40,44,47,50,51,55,61,73,80,82,83,90,92,95,101,106,110,114,117,119,122,124,126,130,133,134,136,140,143,144,149,151 "19";
20 28 1 4,8,10,14,15,21,24,25,27,32,35,41,45,47,50,54,55,57,59,63,69,71,81,82,84,86,88,93,96,98,100,102,104,105,108,111,114,115,121,122,124,125,128,130,133,135,138,141,142,143,151,152 "20";
21 53 1 6,8,11,12,22,29,39,43,44,47,52,55,57,63,64,69,72,73,75,77,79,86,88,89,95,97,98,102,110,112,121,123,128,134,137,140,141,146,147,150 "21";
22 148 0 21,42,56,66,99,111,131,137 "22";
23 45 1 7,16,24,26,39,50,60,82,104,126,137,144,148,153 "23";
24 98 1 4,111,124,129 "24";
25 77 1 21,27,38,42,54,81,110,114,127,135,138,140,147 "25";
26 38 0 2,4,5,7,8,10,13,18,22,27,30,35,36,38,40,42,49,51,53,56,59,61,63,68,70,71,75,76,79,81,83,86,87,89,95,96,99,104,110,112,114,116,119,120,122,124,127,128,134,136,139,142,143,144,147,150,151,153 "26";
27 140 0 1,12,13,21,29,31,32,33,36,39,40,46,49,51,53,57,60,68,71,74,78,80,81,90,92,98,102,103,104,107,111,117,120,127,132,137,139,151 "27";
28 122 0 10,13,15,18,19,21,25,28,30,34,38,39,44,46,47,50,56,58,63,64,69,70,71,73,74,76,85,88,90,91,94,96,98,105,107,110,112,121,122,124,130,134,135,139,140,143,145,152 "28";
29 113 0 1,2,3,14,16,20,23,25,27,35,37,38,45,46,55,63,65,75,80,91,97,101,103,107,109,115,124,129,137,142,145,147,149,152 "29";
30 114 0 3,5,9,12,14,15,19,25,26,27,29,32,39,42,45,47,49,50,53,55,57,59,67,69,72,77,78,84,85,87,89,91,92,93,95,98,102,103,110,114,116,118,123,124,126,132,134,139,141,143,144,148,151,152,153 "30";
31 124 1 2,3,5,8,10,12,14,16,17,19,20,24,25,27,30,31,35,36,39,41,46,48,49,53,56,61,63,65,68,70,73,76,78,79,81,82,85,88,89,91,93,96,104,107,108,110,111,114,121,122,127,131,132,134,136,138,139,141,143,145,148,150,151 "31";
32 6 1 16,19,28,34,35,37,38,39,41,42,44,50,54,56,57,59,60,67,70,72,74,76,78,90,94,106,110,117,121,127,131,140,149,152 "32";
33 15 0 0,7,9,11,13,15,22,25,27,28,31,33,36,37,39,40,42,45,48,50,54,62,64,65,69,73,74,77,81,84,90,93,95,99,106,109,112,113,116,118,120,123,125,127,129,138,140,142,143,148,150 "33";
34 49 0 4,7,10,18,19,21,23,33,46,49,55,57,66,68,72,104,108,111,112,115,117,127,129,130,133,134,143,146 "34";
35 45 0 2,7,8,10,13,19,21,24,26,28,31,33,37,39,41,45,48,52,56,57,60,62,64,71,73,74,80,88,91,92,95,97,107,109,110,116,118,121,122,129,133,135,137,141,143,144 "35";
36 102 1 54,55,63,80,82,85,107 "36";
37 102 1 0,1,3,6,8,9,11,13,15,16,18,21,22,28,29,30,32,35,37,42,44,46,47,52,55,57,61,63,65,67,70,71,73,74,75,76,79,82,84,87,90,91,94,96,97,98,100,103,106,108,110,113,114,116,117,119,121,123,124,127,128,130,131,132,134,135,138,139,141,143,144,145,146,148,149,152,153 "37";
38 154 0 2,67,129,131 "38";
39 76 0 8,16,17,21,31,34,48,50,52,53,54,59,62,66,67,73,80,83,85,93,94,101,106,125,134,141,146,147,151 "39";
40 41 1 1,5,9,11,13,23,28,32,34,45,48,53,61,66,68,72,75,76,79,82,86,91,92,93,101,108,109,110,120,127,133,134,140,147,152 "40";
41 102 0 0,2,5,7,13,14,16,17,18,21,23,26,29,32,35,40,41,44,46,48,52,54,57,59,60,62,65,67,70,71,72,77,82,84,86,89,90,92,94,98,99,102,103,105,106,111,113,115,122,123,124,126,128,131,135,136,138,140,143,146,147,151,153 "41";
42 53 0 0,2,4,7,9,10,15,18,19,20,27,28,33,35,37,39,41,42,45,49,50,51,53,57,60,61,64,65,67,69,70,72,74,79,80,81,83,85,88,92,94,97,99,100,103,104,106,109,110,112,114,115,117,118,121,122,123,125,130,133,137,139,140,142,145,146,150,152,153 "42";
43 29 0 3,7,13,15,17,19,22,23,26,31,32,35,37,40,43,44,45,48,50,54,55,57,60,61,63,65,66,69,71,74,75,77,80,81,85,87,89,93,97,100,101,103,104,107,110,111,118,120,121,123,126,131,133,135,136,139,142,144,147,149,151,152 "43";
44 57 1 3,12,13,26,27,32,34,37,40,55,58,63,70,75,86,90,101,105,107,111,119,143 "44";
45 120 0 1,4,36,146 "45";
46 67 1 5,7,9,11,13,14,17,18,20,22,25,28,32,33,35,37,41,43,44,50,54,55,58,69,72,75,76,81,85,90,94,96,97,99,102,104,106,108,115,117,120,122,123,125,130,132,133,139,144,146,147,153 "46";
47 21 1 26,33,78,106 "47";
48 66 1 4,5,7,15,19,23,24,30,51,59,65,70,98,99,107,114,115,121,128,130,133,141,144 "48";
49 69 1 3,27,55,63,112,113,150 "49";
50 96 1 0,1,4,6,9,13,15,21,24,27,28,34,35,38,42,48,61,62,64,65,68,71,79,81,82,84,92,95,101,103,105,112,114,116,124,126,139,145,149 "50";
51 132 0 0,10,11,13,19,25,27,29,33,36,47,48,59,62,68,71,81,84,94,99,104,107,113,117,123,131,133,151 "51";
52 69 0 0,2,3,6,7,9,11,17,18,20,22,23,24,25,29,30,33,35,36,41,44,46,48,49,51,52,55,58,61,62,63,65,66,68,69,70,74,79,80,81,86,89,93,97,98,100,101,104,105,107,108,110,114,115,117,118,120,125,127,132,133,135,137,138,140,142,144,148,149,150,151 "52";
53 73 1 0,2,3,7,10,19,21,26,28,32,39,44,51,53,55,58,68,71,72,83,87,88,91,93,98,100,103,105,116,120,129,133,135,137,139,142,151 "53";
54 10 0 4,5,9,14,17,26,29,35,38,40,45,49,50,55,58,62,67,70,72,75,79,81,83,84,96,103,106,116,117,124,126,133,148 "54";
55 96 1 0,1,5,6,10,11,15,19,21,26,30,31,33,34,35,39,40,42,43,48,50,52,54,56,61,64,70,73,77,78,87,91,94,95,101,105,108,111,113,114,116,118,120,121,122,123,124,125,130,133,134,138,140,143,147,148,150,152 "55";
56 77 0 7,12,13,20,32,39,45,55,70,83,87,105,114,125,144,147 "56";
57 42 1 0,3,4,5,8,9,12,15,18,20,21,22,28,33,35,39,41,43,47,49,53,56,60,63,66,69,71,73,75,77,81,82,84,85,90,93,96,100,101,103,105,107,109,111,112,114,121,123,125,128,129,132,133,138,139,141,145,147,149,151 "57";
58 152 1 3,16,19,20,27,28,29,31,45,50,51,53,60,72,78,83,88,95,98,100,107,119,123,124,128,133,136,142,147 "58";
59 5 1 6,11,15,17,22,24,28,32,33,34,41,42,48,50,61,62,69,73,76,91,100,105,112,117,123,127,129,131,134,142,143 "59";
60 6 0 4,22,27,37,39,49,50,58,89,91,102,104,152 "60";
61 58 0 2,11,13,18,20,22,27,31,33,37,38,44,46,48,52,54,56,57,65,66,69,71,73,78,87,88,90,92,93,96,102,103,106,109,112,114,117,119,123,126,128,130,132,134,140,142,144,146,150,152,153 "61";
62 142 0 19,65,80,81,110,123 "62";
63 85 1 4,8,16,26,29,32,34,38,43,47,53,55,62,71,80,112,117,123,128,138,144,147 "63";
64 115 1 8,10,22,32,45,53,57,66,69,85,87,91,93,97,104,108,109,111 "64";
65 56 0 0,3,4,6,10,11,13,15,18,19,20,23,24,26,31,32,34,35,37,38,44,46,47,48,50,55,58,61,63,65,67,70,78,80,81,82,83,84,86,88,89,90,91,94,99,107,108,110,112,113,114,117,120,123,124,126,128,129,133,137,139,140,141,143,145,150,152 "65";
66 63 1 0,2,4,7,11,12,15,16,21,23,26,27,29,36,39,40,42,43,46,48,49,52,54,56,58,59,60,65,67,69,71,72,74,77,80,81,82,89,95,96,98,99,100,101,103,104,106,107,108,109,111,113,115,119,123,126,128,129,130,132,134,136,139,142,144,148,149,153 "66";
67 129 0 8,83,85,126,128 "67";
68 81 1 0,5,9,11,17,19,22,24,26,31,32,37,38,40,43,44,51,53,54,56,59,60,64,68,69,75,78,94,96,98,102,103,104,108,110,111,112,119,130,137,143,147,149,151 "68";
69 18 1 5,14,21,23,26,34,36,38,39,41,46,49,51,52,54,63,65,67,75,78,80,81,87,88,89,94,99,102,103,106,116,121,123,136,142,149,153 "69";
70 94 0 7,16,57,61,72,74,79,111,112,127 "70";
71 151 0 1,3,4,6,9,14,18,22,26,35,44,47,48,51,52,56,58,59,62,66,69,73,77,78,81,85,87,89,93,94,100,101,102,105,109,111,112,115,119,120,123,127,128,131,133,134,135,137,138,150,152 "71";
72 68 1 15,30,90,109,118,126 "72";
73 101 0 8,18,38,44,65,90,93,117,130,138,144,149,151 "73";
74 119 1 1,5,6,13,17,18,20,22,24,26,27,29,32,34,39,46,48,51,55,59,65,67,71,73,74,76,80,81,87,88,93,97,100,102,107,108,111,114,116,122,125,126,130,132,134,138,142,153 "74";
75 117 0 0,7,12,16,18,22,27,30,31,44,49,51,54,60,70,74,76,81,89,94,97,101,104,110,128,129,142,148,151 "75";
76 136 1 10,16,24,25,39,44,65,104,116,125,145,147 "76";
77 139 1 2,4,10,15,26,31,34,37,38,43,46,49,52,57,59,61,64,79,83,90,95,104,109,112,115,117,119,120,124,125,129,142,150,153 "77";
78 33 1 6,7,8,12,14,19,21,22,49,56,58,74,82,83,88,103,118,126,128,139,147 "78";
79 116 0 6,9,47,48,56,68,73,124,130 "79";
80 110 0 0,1,4,5,7,8,11,14,16,17,19,20,22,25,27,31,32,34,37,38,41,43,45,51,52,55,57,58,61,63,64,68,71,73,74,76,78,79,85,86,88,92,94,95,96,100,101,105,106,107,109,111,112,114,118,121,122,127,128,130,132,133,135,137,138,141,145,151,152,153 "80";
81 85 1 1,9,11,16,17,20,28,33,35,37,42,44,45,48,50,53,56,57,61,63,64,66,68,70,72,74,77,79,84,87,92,95,97,99,103,105,106,109,110,112,115,117,118,119,122,123,125,130,135,140,142,144,145,147,148,153 "81";
82 133 0 2,21,26,28,30,44,47,50,51,56,58,59,61,70,71,80,93,94,95,102,112,114,119,126 "82";
83 105 1 0,4,10,11,13,17,22,26,28,30,36,38,39,42,47,51,53,54,61,62,63,65,67,69,72,75,76,83,84,96,97,99,100,102,107,109,111,115,118,119,122,125,127,128,130,134,136,138,139,141,142,144,153 "83";
84 83 1 1,3,9,15,16,17,19,28,29,31,33,35,46,47,54,57,59,60,62,67,72,74,80,81,86,88,90,91,98,100,103,105,111,115,118,122,125,132,135,142,145,147,151,152 "84";
85 21 1 2,8,12,19,34,40,46,48,51,55,56,58,61,62,67,69,77,83,87,91,94,100,111,118,120,122,130,135,136,148,151 "85";
86 58 1 0,1,3,5,6,9,13,15,16,18,19,22,24,28,31,37,40,43,45,46,50,52,56,57,60,63,65,67,70,71,72,73,75,76,77,79,81,84,85,86,89,90,94,97,99,102,104,105,108,110,113,115,123,126,127,131,134,135,136,139,141,145,146,149,150 "86";
87 95 1 15,17,45,62,84,104,110,113,123,153 "87";
88 149 0 1,7,10,11,13,18,20,22,23,25,33,35,37,38,40,42,43,44,49,51,53,54,58,60,62,64,67,68,69,70,71,73,75,77,79,81,82,85,86,87,89,92,93,95,97,101,103,106,108,109,111,114,115,118,120,121,124,126,129,130,131,132,133,135,137,140,141,143,144,145,146,149,151,152 "88";
89 33 0 1,3,5,11,12,15,18,21,22,25,29,30,33,35,36,37,40,41,45,49,50,53,55,56,59,60,63,64,65,66,68,70,73,75,76,78,79,83,85,86,87,92,94,96,98,100,102,105,106,108,110,112,115,118,120,121,123,124,126,127,128,131,132,136,143,145,147,148,150,152 "89";
90 53 1 1,9,11,19,20,22,24,27,30,32,35,48,51,54,60,64,65,68,71,81,84,98,105,140,141,143,151 "90";
91 100 1 2,5,11,15,18,19,20,27,35,37,38,40,41,45,48,50,51,53,54,57,59,63,68,69,75,78,80,82,83,85,91,93,96,98,100,103,105,107,111,113,116,120,123,125,127,128,130,140,145,146,148,152,153 "91";
92 154 1 5,8,9,13,15,16,18,19,22,25,29,31,38,40,42,43,44,47,49,50,52,53,54,56,57,59,60,62,63,65,71,72,73,75,76,78,81,83,89,91,92,94,97,98,101,102,103,104,107,109,111,114,115,119,121,123,124,125,126,128,129,131,134,136,138,143,144,146,148,150,153 "92";
93 99 1 3,4,6,11,15,23,26,28,32,39,40,45,48,51,52,59,63,64,66,70,74,78,87,93,96,101,106,112,118,125,130,132,134,135,138,139,144,147 "93";
94 75 1 4,5,7,9,11,16,18,25,26,27,28,30,32,34,35,38,40,42,47,50,54,56,58,62,66,69,74,76,78,81,83,89,94,95,97,98,101,103,106,117,119,122,123,127,129,131,135,139,144,145,147,150,151,153 "94";
95 41 0 0,3,5,8,12,13,15,17,23,25,28,30,32,33,35,36,37,39,41,43,45,47,50,52,54,57,59,60,63,69,71,73,75,77,79,81,83,85,86,87,89,92,97,98,103,105,107,113,116,118,122,123,126,128,133,136,137,141,142,146,148,151,153 "95";
96 82 1 1,10,15,49,64,80,90,96,97,101,116,149 "96";
97 24 0 1,8,9,11,13,15,16,21,23,26,29,30,31,33,35,39,42,45,46,47,50,52,54,58,61,63,65,68,72,73,78,79,80,81,83,86,88,90,92,94,99,100,105,107,109,110,114,117,120,121,125,128,134,136,140,142,144,146,150 "97";
98 7 1 33,59,71,145,149 "98";
99 54 1 1,15,31,35,44,46,57,62,69,73,74,75,82,87,92,95,99,101,104,108,109,111,112,115,130,134,136,141,145,149,152 "99";
100 136 0 3,5,9,11,12,14,18,20,21,25,26,28,39,47,50,51,53,56,57,60,61,63,67,68,69,72,77,78,86,87,90,92,99,100,103,105,110,113,115,117,121,126,135,136,138,139,141,145,147,149 "100";
101 21 0 2,7,10,22,35,42,48,58,59,65,68,73,74,77,80,91,97,103,111,114,133,136,139,151 "101";
102 98 1 0,7,10,12,15,16,17,21,29,33,34,35,36,39,41,43,46,48,50,58,62,64,65,66,67,69,71,73,74,75,77,79,81,83,84,89,90,91,93,97,99,103,104,111,114,116,123,129,131,135,137,141,147,148,149,151,152 "102";
103 30 0 1,2,4,5,6,8,10,12,14,16,17,19,20,23,27,29,31,34,37,41,42,43,46,50,52,55,57,58,60,63,64,68,70,73,76,77,81,84,85,87,88,90,96,99,100,101,102,106,108,110,112,115,117,121,123,125,127,128,131,132,134,136,138,140,142,147,149,150,153 "103";
104 47 1 0,3,4,6,8,10,13,14,16,18,19,24,26,28,30,31,32,39,42,44,45,47,50,53,54,58,60,64,68,72,74,75,76,78,82,84,90,93,97,101,104,106,107,111,115,117,118,119,122,123,127,129,130,131,132,134,135,138,140,144,146,147,151,152 "104";
105 15 1 0,7,10,13,17,19,21,23,26,27,28,30,34,36,40,43,45,48,49,51,53,55,57,63,67,71,73,75,77,79,83,86,92,96,97,99,103,106,108,110,112,114,124,127,137,141,142,146,148,152,153 "105";
106 123 0 0,4,7,9,11,12,14,18,20,23,28,30,32,34,35,37,39,41,44,45,48,50,51,54,55,56,58,63,64,65,68,70,74,75,76,78,80,83,84,87,88,90,92,93,94,96,100,101,104,105,106,107,109,112,114,121,122,124,129,131,135,136,140,142,146,147,150,151,152 "106";
107 27 0 0,3,6,7,11,13,16,17,19,21,24,25,34,35,38,41,42,43,45,50,53,54,56,60,61,63,65,67,69,73,74,76,77,79,82,110,111,113,115,117,119,121,122,124,127,130,132,133,135,142,145,148,149,150,152 "107";
108 136 0 4,12,15,21,24,25,44,87,89,116,140,145,149 "108";
109 93 0 2,4,7,9,16,17,23,25,30,32,36,38,43,44,48,50,51,53,55,59,60,62,67,70,72,74,76,79,83,85,86,88,90,93,96,99,104,110,114,115,117,120,121,124,126,128,129,138,140,142,146 "109";
110 76 1 15,55,59,85,111,135,144 "110";
111 91 1 36,83,103,108 "111";
112 46 0 0,2,4,10,13,17,22,26,28,29,30,32,33,37,39,40,43,48,50,51,53,61,63,65,73,76,77,78,83,86,91,92,95,97,104,110,116,118,121,126,128,130,131,133,136,138,139,142,145,148,151 "112";
113 87 0 2,22,24,26,34,41,45,48,55,57,62,65,67,73,77,79,82,87,109,115,120,122,128,131,132,134,138,151 "113";
114 107 0 0,7,23,25,28,51,56,61,66,73,78,87,102,106,107,133,135,138,139,147,153 "114";
115 85 1 0,2,6,7,8,9,10,12,14,15,17,19,21,23,24,29,31,34,36,38,40,41,43,45,48,50,51,53,55,56,57,59,63,65,66,71,73,74,78,80,83,84,89,92,94,95,97,98,101,103,105,106,107,108,114,118,119,122,124,125,127,128,129,131,133,135,138,139,140,141,145,146,147,148,150,151,152 "115";
116 82 1 6,14,18,20,24,29,51,52,94,99,104,132,147,149 "116";
117 107 1 0,2,5,7,8,13,18,19,21,24,26,28,31,33,34,36,38,39,41,44,45,48,49,52,54,55,57,60,62,63,69,72,74,75,77,81,85,87,88,93,94,96,97,99,104,108,111,112,115,117,120,121,122,125,126,129,131,133,138,139,141,143,144,147,149 "117";
118 4 1 1,2,3,5,7,12,13,15,16,18,20,22,24,27,29,32,34,36,37,39,41,43,45,46,48,50,53,54,56,57,59,61,63,64,66,67,68,72,74,75,77,78,79,82,84,86,88,89,91,92,94,99,100,102,107,109,110,113,114,117,120,121,122,124,126,130,132,134,137,138,139,142,143,145,150,151 "118";
119 88 1 1,3,6,8,11,15,18,20,23,24,31,32,35,36,39,40,45,49,51,55,61,67,69,84,86,88,94,99,101,105,112,114,116,124,127,129,143,145 "119";
120 102 0 2,8,11,13,17,23,31,34,40,58,61,67,74,83,85,87,91,102,106,109,117,120,121,125,130,137 "120";
121 144 1 5,9,25,41,70,117,122,124 "121";
122 139 1 1,10,11,14,16,18,30,32,33,35,39,41,45,48,50,51,57,64,66,69,71,73,74,82,84,96,100,101,105,108,110,118,127,134,137,141,145,148,150,152 "122";
123 69 1 3,9,10,11,27,31,32,38,43,47,50,52,53,55,57,66,67,70,75,84,87,88,90,92,95,99,100,102,106,112,113,115,120,122,127,130,132,134,135,137,140,147 "123";
124 109 0 1,3,4,6,7,12,13,16,19,21,24,26,28,29,30,32,33,35,36,38,39,48,52,55,56,57,59,62,67,68,71,75,77,78,81,82,83,86,87,89,90,96,98,99,102,103,107,109,111,112,114,115,117,119,123,125,127,130,132,133,136,138,141,145,148,151,153 "124";
125 92 0 3,8,11,12,15,16,18,20,27,32,33,36,37,38,40,45,47,52,55,57,65,74,77,78,79,81,84,86,87,89,90,93,94,98,102,105,108,110,115,116,118,122,128,137,138,143,147,149,153 "125";
126 8 0 0,3,6,7,15,16,20,25,27,31,32,33,36,43,54,59,62,66,72,73,78,79,82,86,89,91,94,97,100,102,104,105,107,109,112,120,122,124,128,130,139,148,151,153 "126";
127 68 1 0,2,6,10,15,17,19,21,24,27,30,32,35,37,42,44,47,49,51,61,67,71,75,78,94,95,100,105,107,109,110,112,118,120,123,128,133,151 "127";
128 100 0 10,33,54,81,98,123,132,139 "128";
129 26 0 4,7,9,16,19,28,37,47,49,52,65,73,82,86,91,94,96,99,106,108,113,114,116,119,121,132,134,136,138,146,148,153 "129";
130 91 0 1,12,16,27,33,36,37,49,74,77,79,82,86,89,103,116,122,128,132,140,141,143,145,150,152,153 "130";
131 27 0 2,9,13,15,25,27,32,33,35,36,39,43,47,48,51,53,56,61,65,75,86,89,90,93,94,97,108,113,116,118,122,131,134,140,149,150,152 "131";
132 101 0 0,134 "132";
133 93 0 5,23,24,29,31,35,41,88,103,112,124,140,146 "133";
134 1 0 0,3,7,21,23,24,27,28,34,36,37,39,45,53,55,56,58,61,64,70,71,73,74,76,81,85,88,91,94,95,97,98,102,104,106,107,109,114,117,119,120,121,124,133,135,136,139,140,142,149,150,152 "134";
135 103 0 7,15,35,39,44,50,62,67,73,75,101,102,104,109,123,125,133,135,137,142,144,151 "135";
136 143 1 0,3,6,7,10,17,20,24,28,36,43,44,48,55,57,58,61,67,69,70,74,76,82,92,94,96,101,102,106,118,123,126,132,135,138,140,142,145,146 "136";
137 34 0 16,18,21,27,35,44,48,59,65,72,75,76,79,81,83,89,105,121,122,133,140,144,149 "137";
138 56 0 0,4,9,12,14,16,21,22,24,28,30,31,33,36,39,40,44,45,46,51,52,58,59,62,63,65,66,67,68,70,71,74,77,80,82,86,87,88,91,95,96,98,101,103,105,107,109,111,113,115,119,122,125,129,130,133,136,139,143,148,150 "138";
139 81 1 7,30,36,64,65,67,72,81,83,88,136,146 "139";
140 33 0 1,2,4,5,7,14,16,21,22,24,26,27,29,31,34,35,38,39,40,42,44,45,47,49,52,55,57,58,61,64,67,72,78,83,85,87,90,93,95,98,101,103,105,106,107,109,112,115,117,119,125,129,133,135,136,138,142,146,149,150,152,153 "140";
141 104 1 4,5,6,8,10,13,15,17,26,37,50,59,62,65,67,68,74,75,77,78,83,86,88,90,93,97,101,102,105,111,128,130,131,134,138,142,144,150 "141";
142 79 0 0,2,58,64,71 "142";
143 138 1 1,3,4,5,6,8,13,15,16,19,23,31,34,35,38,41,43,45,48,51,56,58,63,64,66,71,75,79,80,82,84,87,91,94,98,100,104,106,108,110,112,113,119,121,123,125,130,136,138,140,142,143,147,148,153 "143";
144 58 1 0,1,4,8,10,11,15,16,18,20,22,23,25,26,28,30,32,35,36,37,39,40,48,49,51,52,56,58,60,63,65,67,69,71,72,74,77,80,83,84,88,90,91,92,93,94,95,97,100,103,105,107,109,111,112,115,118,120,122,126,134,138,140,142,145,146,150,151,153 "144";
145 17 1 0,2,22,44,131 "145";
146 136 1 4,6,7,12,14,15,18,25,26,28,32,40,46,48,52,54,59,61,63,65,68,71,73,77,78,86,89,90,94,99,102,104,105,106,112,113,114,115,117,119,121,123,125,127,128,130,133,137,139,140,141,146,148,150,152,153 "146";
147 147 1 4,6,11,13,14,15,19,22,26,28,30,31,33,35,37,39,40,43,47,48,50,54,55,59,62,64,69,72,73,76,80,85,87,88,92,96,98,103,107,111,115,117,126,127,129,130,132,136,139,140,145,149,152 "147";
148 52 1 0,2,7,33,38,47,51,55,80,110,114,120,130,143 "148";
149 14 0 5,9,10,28,74,77,83,88,105,122,127,130,140,145,150 "149";
150 34 1 1,3,5,7,9,13,14,16,18,23,26,27,28,30,31,33,36,37,42,43,45,46,48,50,51,53,55,58,61,64,66,67,68,73,76,77,80,81,85,88,91,93,94,98,100,101,102,104,105,107,109,115,119,121,122,126,129,132,133,136,137,139,141,142,143,145,146,147,150,151,152 "150";
151 117 0 0,1,6,7,9,14,16,17,20,21,24,27,28,30,33,34,35,38,41,44,48,49,51,56,58,59,60,64,65,67,69,71,73,77,79,80,85,87,89,91,93,94,96,97,101,102,103,104,107,110,111,113,114,115,117,118,120,122,125,128,130,132,135,138,143,144,147,152,153 "151";
152 62 0 0,2,4,8,11,13,14,15,19,20,21,24,26,27,30,31,33,37,47,48,51,53,54,56,58,62,65,70,71,73,75,81,86,88,92,94,102,104,105,107,109,110,112,113,115,117,122,123,124,126,128,129,131,133,134,138,139,140,144,145,152 "152";
153 98 0 4,10,15,16,27,42,62,73,87,91,95,99,106,123,126,130,134,145,149 "153";
