parity 165;
0 85 0 5,7,10,22,24,27,29,32,39,48,54,65,71,74,75,78,79,82,84,86,88,91,96,101,108,112,114,125,126,135,140,145,147,149,153,159 "0";
1 34 1 7,11,14,16,19,20,23,26,28,29,31,33,35,37,40,43,44,46,47,49,55,56,58,64,68,71,73,75,77,80,84,87,88,94,95,100,102,104,111,115,116,123,127,129,131,132,134,139,140,142,143,145,146,148,150,153,154,155,157,159,161,163 "1";
2 101 1 0,4,5,7,11,14,18,21,28,30,34,35,43,45,53,57,60,67,69,70,79,80,81,83,85,91,97,99,100,102,110,113,117,121,124,125,129,131,138,144,149,153,158,162,163,165 "2";
3 132 0 5,11,15,18,26,48,56,60,63,67,73,78,98,103,106,119,124,127,136,144,152,164 "3";
4 140 0 1,2,3,5,7,10,11,13,16,17,19,22,24,26,29,32,33,38,41,42,43,46,49,50,51,52,56,58,60,62,66,67,68,70,72,73,75,77,80,81,82,83,86,89,91,92,94,96,98,102,105,106,107,109,110,111,118,120,121,124,127,129,131,132,134,136,138,141,143,146,147,149,151,153,154,155,160,162,163 "4";
5 39 1 33,65,119 "5";
6 162 1 17,22,31,37,38,45,48,49,55,57,64,65,67,68,74,77,79,83,84,87,88,90,91,93,107,112,114,116,125,131,136,138,140,143,153,155,160,163 "6";
7 22 0 8,29,36,42,69,92,117,151 "7";
8 8 1 3,8,11,13,15,22,31,37,45,51,54,58,66,69,75,79,82,83,92,97,98,101,107,113,115,118,144,153,165 "8";
9 36 1 14,24,49,67,103,115,118,161 "9";
10 31 1 3,5,6,11,12,13,14,15,16,19,20,21,23,24,25,26,34,37,39,40,41,44,45,47,53,54,64,66,68,70,72,74,77,78,80,82,83,85,86,87,90,93,94,98,100,103,107,111,113,117,118,120,123,124,126,129,138,140,143,149,156,157,159,161,162,163,165 "10";
11 133 0 1,2,3,6,7,9,10,15,17,20,22,25,30,32,37,41,45,46,51,55,56,57,59,63,67,71,73,76,81,82,84,86,87,91,101,105,112,117,119,121,127,132,137,146,148,149,150,152,157,159,165 "11";
12 77 0 4,7,13,20,26,30,33,46,47,51,64,78,99,138,140,148,152,155,161,163 "12";
13 164 1 0,3,7,11,15,17,23,27,28,30,32,34,38,39,42,44,45,47,53,56,58,59,62,63,66,69,72,74,76,77,78,82,86,87,90,93,94,97,101,102,103,105,107,110,111,113,115,119,121,124,129,130,133,135,136,138,141,142,144,145,151,154,156,158,159,164 "13";
14 45 1 3,4,7,9,12,14,16,19,20,23,24,25,28,29,33,34,37,38,40,42,44,45,48,50,53,55,57,58,60,62,68,70,73,78,81,88,90,93,94,97,101,110,112,115,116,119,121,122,124,127,129,132,136,138,141,143,144,146,147,150,156,158,160,161,164,165 "14";
15 147 1 0,8,9,11,18,23,25,29,34,40,52,53,54,56,57,61,71,73,81,83,95,101,109,127,145,148,151,154,158,160,164 "15";
16 27 0 1,2,4,6,9,11,12,13,16,17,22,23,25,28,30,33,34,39,44,46,49,50,52,53,55,57,59,60,62,66,72,74,76,77,78,79,84,85,87,88,90,95,100,103,105,111,112,115,117,123,128,129,143,147,148,150,152,154,157,159,161,162,164 "16";
17 118 1 0,1,4,8,10,12,15,16,18,20,23,24,29,30,32,34,36,38,39,40,43,46,52,54,55,56,59,60,65,69,72,76,80,84,85,86,91,93,94,96,102,105,108,115,117,118,122,124,126,131,134,136,138,140,142,143,144,146,149,155,157,160,162,164 "17";
18 112 1 0,7,12,20,22,24,27,29,30,35,44,47,52,60,64,68,70,71,87,94,100,103,105,107,124,127,151,152,156,163 "18";
19 161 0 1,6,9,11,12,15,19,23,24,26,29,31,32,36,39,43,46,48,50,52,54,57,68,70,73,75,78,82,83,84,90,91,95,99,105,107,108,118,122,123,124,127,130,131,137,144,148,156,162 "19";
20 135 1 4,12,14,18,21,22,24,26,34,42,45,50,52,54,57,64,84,87,93,102,104,108,115,116,117,122,125,126,128,136,140,143,148,149,151,153,154,155,156,157 "20";
21 163 0 1,4,11,13,15,16,18,19,21,27,28,29,31,35,36,38,40,41,45,48,56,58,61,63,65,67,68,69,72,75,76,80,81,86,87,94,101,104,109,117,119,123,127,132,134,135,137,138,143,144,146,148,151,153,159,160,162,165 "21";
22 64 0 3,8,12,14,28,30,32,34,35,40,41,44,46,49,57,60,65,69,74,75,77,79,85,87,94,108,111,112,122,124,132,141,142,144,147,154,158,160 "22";
23 11 0 0,3,11,12,20,23,24,35,41,43,49,51,56,66,72,76,89,94,97,98,100,106,116,121,122,130,132,147,151,154,161,163,164 "23";
24 27 1 0,4,7,9,10,13,15,18,23,24,27,30,32,34,41,49,51,52,55,57,59,63,67,70,73,77,93,94,96,100,101,104,106,109,112,114,125,127,130,132,133,136,139,145,151,155,158,161,163 "24";
25 125 1 0,2,3,4,5,8,12,15,17,22,23,24,26,28,29,31,32,34,35,37,39,40,41,43,45,49,50,55,56,59,60,62,66,69,70,72,77,81,84,85,87,89,95,98,100,102,103,106,107,109,110,111,114,115,117,118,119,120,123,125,126,127,130,132,134,135,138,141,143,145,147,149,151,153,154,155,159,160,161,163,164 "25";
26 118 1 0,4,12,15,20,24,27,29,32,36,42,49,52,54,56,59,60,62,65,83,84,86,95,96,99,105,107,131,133,142,144,147,151,156,157,162 "26";
27 102 0 0,2,6,9,12,13,14,19,24,25,28,34,35,42,44,45,47,49,51,55,58,59,61,62,65,67,68,72,76,78,81,83,84,86,89,90,91,96,97,99,100,102,105,106,109,111,114,116,120,125,129,131,138,144,148,150,152,154,157,158 "27";
28 81 1 1,3,7,9,10,12,15,16,22,26,28,31,36,38,42,45,48,50,52,54,55,58,69,74,80,81,85,88,89,92,97,99,100,111,120,121,124,130,133,135,137,139,140,141,143,149,152,156,160,163,164 "28";
29 120 0 0,4,13,39,50,57,60,70,71,74,80,85,87,92,94,106,127,128,138,154 "29";
30 35 1 3,5,8,23,42,47,49,50,59,65,73,77,81,95,96,107,108,120,138,143,149,162,164 "30";
31 115 1 2,4,10,20,22,23,29,30,34,41,43,47,49,50,57,62,64,72,73,74,77,79,83,85,86,88,90,93,95,98,99,108,112,116,118,122,126,128,133,151,154,155,158,162,164 "31";
32 37 0 9,12,21,24,36,59,75,86,94,109,111,113,121,130,144,147,149,151,158,161,165 "32";
33 124 1 0,10,11,21,28,33,45,49,56,58,86,88,92,95,96,99,105,111,113,114,116,126,131,134,138,144,145,151,156,162 "33";
34 1 0 8,39,60,81,84,93,104,140,160 "34";
35 116 1 14,19,23,29,42,52,55,66,71,109,118,145,149,153 "35";
36 110 1 0,2,6,7,9,10,11,14,15,16,19,22,27,29,31,32,34,38,44,46,50,52,54,55,58,61,63,64,65,68,69,71,72,73,75,77,78,80,82,83,86,89,90,92,94,95,97,98,100,102,104,105,107,108,111,113,115,117,123,125,130,133,134,135,137,139,140,142,143,144,146,148,150,153,155,156,157,159,161,164,165 "36";
37 132 1 8,11,13,14,21,27,29,35,40,42,45,49,50,57,62,67,74,75,80,84,91,110,112,116,125,133,135,142,151 "37";
38 139 1 25,39,53,56,62,74,84,98,106,121,123,151,162 "38";
39 154 0 9,30,34,42,54,69,71,81,82,83,85,87,100,108,112,133,136,140,145,157,160,163,165 "39";
40 118 1 5,10,12,14,17,19,29,36,47,56,63,66,76,92,96,99,100,103,113,120,122,123,137,147,148,159,164 "40";
41 8 1 3,7,8,9,11,13,14,25,28,31,34,36,40,44,54,59,62,65,66,72,77,81,84,87,89,91,93,96,99,101,103,106,108,110,112,113,115,117,119,120,123,127,129,132,134,137,138,141,143,147,150,151,152,155,162,164 "41";
42 49 0 73,110,123,125,157 "42";
43 130 0 0,4,8,18,25,29,32,36,38,39,43,44,45,48,49,51,52,54,57,60,66,68,72,75,77,79,85,88,90,92,96,97,104,106,107,109,112,114,116,119,122,126,128,129,132,135,136,145,146,151,154,155,158,160,163,164 "43";
44 75 0 5,8,15,20,22,30,34,37,44,48,52,62,64,69,75,79,81,88,89,95,101,107,108,112,115,119,125,126,128,130,132,135,137,139,141,146,152,160,164 "44";
45 121 0 8,12,13,15,27,57,61,63,65,68,73,77,100,103,107,110,113,116,118,130,137,143,149,150,153,155,158 "45";
46 80 1 5,25,29,30,31,39,41,45,49,67,71,89,90,116,126,150,163,164 "46";
47 19 1 1,2,6,8,9,11,13,16,20,22,26,27,29,32,33,38,40,42,44,49,52,53,55,59,62,64,68,72,74,76,78,80,84,85,86,87,90,91,93,94,96,97,98,102,104,105,107,111,112,114,116,118,119,120,121,126,129,131,134,136,137,140,141,142,144,147,149,150,155,157,158,159,161,164,165 "47";
48 66 1 4,10,12,19,22,30,32,36,38,41,43,48,54,55,58,69,70,72,74,76,77,81,85,93,94,97,107,110,117,128,132,142,146,149,151,153,157,159,160 "48";
49 128 1 0,7,13,26,29,36,41,52,72,115,116,128,133,135,154,156,163 "49";
50 19 1 0,6,8,19,26,29,34,42,53,66,77,88,97,111,131,132,138,144,145,152,159 "50";
51 110 0 2,7,14,16,18,21,23,24,26,32,37,39,44,46,47,49,51,52,59,60,66,68,72,75,88,92,94,97,99,109,110,111,113,122,125,126,133,136,137,140,147,148,149,150,152,154,156,159,160 "51";
52 12 0 8,24,47,53,105,113,118,144,150,153 "52";
53 163 0 0,3,4,9,10,12,14,15,18,19,20,22,25,26,27,30,32,35,41,42,44,46,49,50,53,55,57,59,62,63,65,71,76,78,80,82,84,86,87,89,90,91,93,94,96,101,102,104,106,108,113,115,118,120,123,124,126,127,129,131,133,139,141,142,143,147,149,150,154,158,159,161,165 "53";
54 30 1 0,1,9,17,22,23,46,52,55,64,65,72,88,93,105,107,111,127,132,137,154,159 "54";
55 156 0 15,19,23,28,36,37,40,44,46,48,52,56,58,63,65,67,70,72,81,83,85,92,97,102,113,115,121,123,131,146,151,159 "55";
56 151 1 0,2,5,7,9,10,11,13,14,17,19,20,23,26,27,29,31,33,34,35,37,40,41,43,47,49,50,52,55,56,60,61,67,69,74,76,78,80,82,85,86,90,92,95,96,100,104,106,107,109,110,112,114,115,118,119,122,124,125,127,130,131,133,137,139,141,144,146,149,155,156,159,163 "56";
57 8 0 0,1,2,4,7,10,11,13,14,15,18,20,23,27,28,29,30,33,34,36,38,40,43,48,49,51,52,58,60,62,63,64,65,67,69,73,75,78,81,82,87,90,93,98,100,102,103,106,108,110,112,113,116,118,119,123,127,131,133,134,137,139,142,143,146,151,156,157,159,160,162 "57";
58 53 0 5,10,17,23,24,26,28,39,44,48,51,56,60,65,70,75,81,85,87,88,92,93,95,97,99,109,111,114,116,119,124,127,129,133,135,138,143,146,153,156,158,160,161,164,165 "58";
59 119 1 9,14,17,19,27,31,38,40,44,48,50,53,55,62,63,71,72,80,81,85,89,92,96,99,102,105,110,112,113,115,116,117,120,121,123,127,131,142,144,146,147,151,152,154,159,160,163,165 "59";
60 42 1 1,2,4,7,8,9,15,18,19,21,23,25,28,31,33,34,35,37,40,42,44,46,49,50,51,56,58,59,61,63,66,68,70,72,74,76,77,79,80,81,83,84,85,86,90,93,95,97,99,101,103,110,112,116,118,120,123,125,130,137,138,142,144,146,148,151,152,157,159,160,165 "60";
61 38 1 1,2,4,9,13,14,17,19,23,25,26,28,29,32,33,34,37,38,40,42,43,45,48,51,53,54,56,58,59,61,62,64,66,70,75,77,81,83,84,93,96,98,99,104,108,110,112,114,116,117,119,121,127,129,131,133,138,140,143,145,147,151,152,154,159,160,161,163,165 "61";
62 154 0 0,2,5,9,10,11,13,14,16,17,20,23,26,27,31,33,35,37,40,41,45,47,50,52,54,57,59,61,63,66,69,72,74,75,78,82,84,86,89,91,95,100,102,103,105,108,109,110,112,116,117,122,124,125,127,130,131,132,137,138,140,142,144,146,150,152,153,155,156,159,160 "62";
63 153 1 0,3,6,8,13,20,22,25,38,50,55,57,59,65,67,77,79,84,91,94,97,100,110,117,118,124,127,130,134,138,140,146,155,161 "63";
64 46 0 0,1,2,3,5,6,9,10,12,13,15,17,18,20,22,24,25,26,28,30,31,34,36,37,39,40,43,49,52,53,56,59,60,61,63,65,69,71,73,76,77,78,80,82,83,87,88,90,91,93,94,96,100,107,109,111,112,114,116,119,120,122,123,125,127,128,130,135,136,137,140,142,143,145,148,151,152,155,158,161,163,164 "64";
65 122 0 3,4,8,10,12,17,19,21,24,26,28,29,32,33,34,35,37,38,44,46,47,48,51,52,54,56,57,58,60,65,68,71,73,75,81,87,93,95,98,100,102,104,106,108,110,115,116,118,122,125,132,133,135,136,143,144,146,148,151,152,154,157,158,162 "65";
66 56 1 2,4,6,8,12,14,15,17,18,19,20,22,25,26,28,30,31,34,36,41,42,44,45,46,48,50,51,52,54,56,60,62,64,66,71,75,80,81,84,87,89,93,94,96,99,102,103,106,107,109,111,112,113,118,120,121,123,125,128,131,133,135,136,138,139,141,143,145,146,148,151,156,157,159,163 "66";
67 131 1 7,12,20,26,32,45,49,54,56,60,68,73,86,91,95,107,113,133,139,142,144,148,157 "67";
68 96 0 1,4,5,6,10,13,16,17,22,23,26,29,30,34,35,37,38,40,47,49,51,52,55,56,59,65,66,68,71,75,76,78,79,82,83,85,87,88,90,91,94,96,99,100,101,102,106,107,109,111,113,115,117,118,120,126,127,130,131,132,135,137,139,140,141,145,146,148,150,151,156,160,162,164 "68";
69 56 1 1,2,4,8,10,12,13,14,17,20,24,25,27,28,29,32,34,36,38,39,44,45,47,50,51,53,55,56,58,60,61,64,65,71,86,90,93,94,96,98,99,101,103,104,105,109,111,112,114,117,119,120,123,125,129,131,134,136,138,139,141,143,144,145,148,152,154,157,159 "69";
70 61 0 16,28,36,40,47,160 "70";
71 147 0 0,1,10,17,19,22,24,29,32,36,43,46,53,57,66,68,71,73,76,78,99,104,106,108,110,114,119,120,122,132,133,134,138,140,144,153,156,159 "71";
72 47 0 0,3,4,8,12,14,17,19,22,25,29,31,33,34,42,45,46,47,51,53,57,59,61,63,67,68,70,73,76,82,84,89,90,94,100,103,106,107,109,110,113,116,118,120,122,125,129,132,134,137,138,139,145,153,156,158,160,163 "72";
73 35 0 8,12,15,16,19,22,24,34,36,51,53,59,61,67,77,78,86,88,90,98,101,107,113,117,121,133,135,141,143,145,146,149,154 "73";
74 119 1 0,2,4,9,34,47,50,61,68,75,77,82,91,100,114,126,128,130,140,148 "74";
75 98 0 0,4,6,7,13,16,18,20,22,24,25,27,28,30,32,37,40,52,53,54,59,62,64,66,68,70,71,73,75,80,81,82,86,87,91,92,94,96,99,103,104,106,109,110,112,115,117,122,123,124,125,127,131,132,134,135,137,138,140,146,147,149,152,154,155,158,159,160,164,165 "75";
76 8 1 1,6,8,9,12,16,19,20,22,25,26,27,30,31,32,34,35,39,40,41,42,43,44,46,48,49,51,54,55,57,59,61,62,67,68,69,71,72,73,76,79,81,82,84,85,87,91,94,97,98,99,102,104,105,109,111,113,116,118,119,121,125,127,131,132,135,136,137,140,141,144,149,151,153,155,157,159,160,163,165 "76";
77 106 0 0,2,5,8,17,20,22,23,27,29,30,31,35,37,39,41,47,52,54,56,65,69,77,79,80,81,83,84,86,90,98,100,101,108,110,113,123,125,126,130,134,136,138,141,146,148,150,152,156,161,163,164,165 "77";
78 121 0 3,4,8,10,11,12,13,14,16,17,21,24,29,32,34,36,42,46,48,49,51,52,53,55,58,62,64,66,67,69,71,73,76,77,80,87,91,95,98,100,105,107,109,114,116,118,120,121,123,125,127,128,135,136,137,138,142,146,149,155,156,159,164,165 "78";
79 119 0 6,7,10,12,29,33,41,47,50,57,65,68,81,84,89,97,100,113,125,132,148 "79";
80 155 1 12,25,43,105,123,142,158 "80";
81 40 0 0,7,9,12,17,18,21,23,25,27,31,33,35,37,39,43,48,50,51,52,53,55,57,65,66,67,75,77,78,79,84,86,91,93,94,97,99,101,103,105,107,108,111,112,114,116,119,121,126,129,131,132,134,136,139,143,144,145,147,152,153,155,157,160,162 "81";
82 80 0 1,9,11,16,37,61,64,67,73,80,86,93,97,110,112,128,133,139,143,148,151,163 "82";
83 86 0 4,9,21,30,49,62,70,86,90,118,119,156,165 "83";
84 140 0 0,3,6,9,13,14,31,35,39,48,52,68,73,76,83,85,89,91,95,96,108,114,118,120,128,132,134,144,149,153,155,157,159,161,163 "84";
85 154 1 0,9,15,23,24,35,39,40,42,48,49,50,54,56,59,60,66,77,80,82,84,87,90,97,98,109,116,121,124,126,135,139,154,157,164 "85";
86 24 0 1,3,15,17,18,23,25,27,29,34,36,38,40,43,46,53,58,60,64,66,78,80,83,84,87,89,90,92,102,108,111,114,116,119,120,128,130,132,135,137,138,140,144,146,149,150,153,155,159,160,163,164 "86";
87 75 1 1,3,7,10,12,14,17,19,20,22,23,25,29,35,37,40,43,44,47,48,49,50,52,55,58,60,63,66,67,69,77,80,82,83,85,86,89,90,94,95,97,98,100,103,106,107,109,110,111,114,117,120,122,123,125,127,129,130,131,133,134,136,137,138,140,142,143,145,146,147,149,151,152,155,158,162,165 "87";
88 64 0 0,1,3,5,11,14,17,18,20,21,23,25,26,29,30,33,35,37,41,42,44,45,54,57,58,65,66,67,70,72,74,77,79,81,82,84,86,89,91,92,94,95,97,98,100,105,109,111,113,114,116,117,119,122,124,125,129,130,133,136,137,139,141,142,143,145,147,151,153,154,156,158,162,163,165 "88";
89 50 0 1,3,4,8,10,11,13,19,25,27,31,34,36,39,41,46,49,52,53,54,56,58,60,61,62,63,65,67,68,69,71,72,74,76,77,78,80,81,82,83,85,91,93,94,95,96,99,102,105,107,111,112,114,117,119,120,121,123,127,129,133,136,138,140,144,147,149,150,151,153,155,158,160,162,165 "89";
90 21 1 15,28,30,34,39,65,69,89,92,126,130,134,142,144,153 "90";
91 91 1 30,36,45,47,57,82,85,87,92,97,105,107,113,117,130,155 "91";
92 152 1 3,8,15,17,24,25,28,38,41,42,44,46,49,51,59,62,63,69,77,79,81,86,89,90,102,106,114,119,121,134,135,137,139,149,151,156,161 "92";
93 149 0 0,8,9,11,12,14,17,21,22,24,26,28,29,30,36,39,40,45,52,58,61,63,65,68,72,74,76,78,82,84,90,92,95,97,99,105,107,108,109,111,112,121,123,124,127,129,130,134,135,138,140,142,143,146,148,151,153,154,160,163 "93";
94 5 1 0,1,3,6,7,8,11,13,18,23,28,29,32,36,39,40,42,43,44,45,50,56,59,63,74,75,82,84,86,94,96,98,100,101,104,105,112,117,122,134,138,142,144,146,150,151,154,158,159,161,165 "94";
95 77 1 1,12,20,25,42,43,44,49,54,64,82,87,97,99,109,116,127,130,139,141,145,156,161 "95";
96 44 0 8,22,29,35,37,63,68,75,85,100,106,113,118,120,126,129,132,138,154 "96";
97 3 0 1,2,5,8,14,16,17,21,25,26,27,32,34,37,40,42,43,44,46,50,53,55,57,58,62,64,66,67,72,75,76,85,87,93,94,95,98,100,103,105,106,108,114,117,123,124,128,130,132,135,137,139,140,142,143,146,148,150,154,165 "97";
98 46 1 0,2,6,9,13,21,22,33,37,40,42,44,45,49,51,54,55,57,61,64,67,68,69,73,79,81,83,84,86,88,92,94,99,102,103,106,108,109,110,111,113,114,116,119,121,122,126,129,130,131,133,134,138,139,143,144,146,149,153,155,158,159,161,164 "98";
99 47 0 2,19,22,26,31,36,38,39,46,49,53,60,66,80,90,93,109,133,136,146,148,149,155,164 "99";
100 49 0 62,74 "100";
101 162 1 1,14,24,32,40,48,50,56,65,70,73,75,109,121,128,135,142,143,144,149,157,163,165 "101";
102 17 0 12,55,65,68,74,113,114,129,142,154,155,157,163 "102";
103 52 1 0,2,7,11,13,15,16,20,24,25,26,28,32,36,39,41,44,52,55,60,62,64,69,71,73,74,76,86,88,94,97,99,100,107,110,112,117,118,120,122,124,127,129,130,134,137,140,144,150,153,157,158,159 "103";
104 129 0 0,1,3,5,10,14,17,24,34,36,37,39,41,43,45,46,55,57,63,68,73,76,79,80,83,84,90,91,95,97,99,104,107,109,111,118,120,123,128,129,139,140,145,150,153,159,160,163 "104";
105 155 1 7,11,20,21,33,44,47,53,55,58,68,71,87,89,94,96,101,108,110,113,116,119,129,143,151,155 "105";
106 2 1 0,1,3,5,9,10,18,19,20,22,24,27,30,32,33,35,36,39,42,44,46,48,49,50,53,55,57,58,64,67,69,72,75,76,77,79,81,85,87,88,91,93,94,96,97,98,102,104,105,111,112,115,117,119,121,123,124,130,132,134,136,137,139,141,143,144,146,148,149,154,156,157,158,160,164,165 "106";
107 123 0 1,2,11,14,23,24,32,33,35,36,40,42,45,46,48,49,55,57,63,68,72,75,78,81,82,84,85,87,88,94,104,113,116,124,139,141,142,147,149,151,153,154,158,164 "107";
108 123 1 9,49,58,90,92,149 "108";
109 142 1 14,35,47,51,58,60,83,109,113,128,133,143 "109";
110 148 1 15,20,23,50,74,80,83,105,111,130,143,162 "110";
111 10 0 3,6,13,19,23,24,36,43,45,49,52,56,69,73,77,83,87,97,99,110,118,119,120,123,126,128,132,133,136,138,140,154,156,160,161,164 "111";
112 41 1 36,57,63,78,81,82,99,109,113,118,126,141,145,148,156,161,164 "112";
113 65 1 9,22,24,31,34,41,43,44,52,67,69,80,89,97,103,107,108,110,114,121,123,124,130,138,142,145,147,150,152,160 "113";
114 143 1 5,15,17,31,51,67,80,85,96,105,106,115,117,120,130,138,140,151,163 "114";
115 3 1 3,14,20,31,38,55,65,72,76,77,84,85,101,104,108,114,116,119,124,132,142,151,153,161 "115";
116 138 1 2,3,4,7,9,10,11,12,14,21,22,24,27,28,29,31,33,35,39,40,46,47,48,50,52,55,58,62,65,66,67,68,72,78,80,82,85,87,89,91,94,95,97,99,100,106,111,112,117,119,120,122,124,126,128,131,132,133,138,139,145,147,149,153,156,157,159,161,162,165 "116";
117 160 1 1,2,5,6,9,12,13,15,19,20,22,24,27,29,32,34,36,41,43,44,47,52,53,54,56,59,65,67,69,71,73,75,78,79,80,82,84,85,87,93,96,97,98,100,102,105,106,107,108,114,116,118,119,121,125,127,129,130,132,135,137,139,140,141,143,144,145,147,148,150,153,156,158,160,161,163 "117";
118 71 0 70,98,130 "118";
119 136 1 0,3,5,6,8,9,10,13,15,17,19,20,27,30,31,34,35,37,39,41,42,48,52,54,56,59,61,64,66,67,69,73,75,77,79,81,85,87,88,90,92,94,96,98,101,106,107,110,114,118,121,123,125,131,135,138,140,142,144,147,152,154,156,158,160,161,163,165 "119";
120 46 1 17,22,25,37,50,57,61,71,73,79,81,91,96,98,103,109,117,123,135,147,151,157 "120";
121 90 0 0,11,13,15,26,27,34,36,40,41,47,56,60,64,73,75,94,96,106,112,120,124,128,140,142,146,148,152,156,165 "121";
122 16 0 0,1,3,5,7,8,13,14,16,18,23,26,29,37,39,41,45,47,49,51,54,55,59,60,61,64,65,66,68,71,73,75,77,80,81,83,85,86,88,89,90,96,99,102,103,106,108,113,117,118,120,123,124,126,128,132,133,134,136,139,143,146,148,151,153,154,157,161,163,165 "122";
123 104 1 17,38,50,52,70,77,86,138,149,165 "123";
124 137 0 0,2,4,6,8,11,13,14,15,17,18,22,26,28,30,34,36,39,41,44,49,51,53,58,60,62,65,69,73,75,76,77,79,81,83,86,88,91,95,101,103,104,108,110,112,114,116,119,121,122,124,125,127,128,131,134,135,139,142,145,147,149,152,154,158,160,162,163,165 "124";
125 78 1 0,4,5,11,12,17,19,22,24,26,28,29,31,33,34,37,40,41,44,46,50,52,55,59,64,70,71,76,78,82,85,86,90,95,97,99,103,104,105,106,109,113,114,116,117,118,119,122,126,127,129,134,138,141,144,147,151,155,160,163 "125";
126 90 0 0,2,3,5,6,12,14,16,17,20,24,25,27,30,32,34,35,36,38,41,42,44,47,48,49,51,52,53,54,56,58,61,65,67,73,74,77,81,82,84,89,90,91,94,95,97,98,101,104,106,110,113,117,118,119,120,121,123,124,126,130,131,133,135,138,140,143,146,151,154,155,158,162,164 "126";
127 55 1 3,7,8,13,15,18,30,33,34,36,37,50,60,64,76,82,84,85,90,96,103,110,115,132,144,154,156,159 "127";
128 64 0 1,4,8,9,12,14,16,19,24,25,27,28,33,35,36,40,43,47,48,49,53,56,60,61,63,64,65,67,71,72,73,75,76,78,81,83,86,90,93,96,97,100,102,104,106,108,111,118,119,122,124,126,128,132,133,137,139,143,145,147,148,150,152,154,155,157,159,163 "128";
129 64 1 0,11,16,21,29,32,36,37,44,46,49,51,53,59,65,69,74,77,79,82,83,87,100,105,106,111,112,122,128,147,149,151,154,161,164 "129";
130 55 1 6,7,19,23,25,27,28,35,37,46,68,69,72,73,75,78,82,84,89,97,98,103,105,109,113,116,123,125,129,136,138,142,147,148 "130";
131 20 0 0,1,17,19,24,26,30,38,39,42,43,48,59,68,71,72,78,80,86,91,93,96,105,110,113,120,121,123,126,130,133,135,138,145,149,151,158,164 "131";
132 68 0 2,3,8,10,14,18,20,21,22,24,26,28,29,33,35,41,44,46,49,51,52,54,56,59,61,62,65,70,72,73,76,77,82,84,87,88,90,94,99,100,103,105,109,110,111,112,114,115,117,119,122,125,126,128,130,131,134,135,136,138,141,143,145,146,148,150,152,155,157,158,162,164 "132";
133 115 1 1,5,7,9,11,17,20,22,23,25,29,31,35,37,40,41,42,44,45,48,50,51,52,54,55,57,59,61,62,64,66,68,73,75,77,78,79,84,85,88,90,91,96,98,99,101,104,107,109,111,114,116,118,121,122,124,125,129,133,134,136,139,142,145,147,149,154,157,158,159,161,164 "133";
134 137 0 0,3,7,10,15,27,29,31,35,38,42,45,49,57,60,61,69,73,79,82,85,86,88,95,102,104,109,112,118,120,122,130,140,141,143,145,151,156,159 "134";
135 160 0 0,2,10,12,19,22,25,31,34,40,43,49,52,55,59,62,64,66,68,71,72,74,77,79,82,85,91,95,101,102,104,106,108,114,118,123,127,130,137,142,143,145,148,149,154,156,161,163,165 "135";
136 62 0 0,2,5,6,9,11,12,15,17,18,20,23,25,28,31,33,34,40,41,45,47,48,49,52,54,58,61,63,64,66,67,68,70,73,76,77,80,82,84,86,87,88,90,93,96,97,98,100,101,105,107,108,110,112,115,116,118,119,121,123,125,127,131,132,135,137,139,141,144,147,152,155,157,159,160,162,163 "136";
137 61 0 5,6,9,11,12,15,16,17,20,22,24,27,28,30,32,33,39,40,43,44,46,47,49,51,53,54,56,58,59,60,62,64,69,70,72,73,76,77,80,82,84,86,88,90,93,94,97,99,100,102,103,106,108,110,112,113,115,117,120,122,124,125,128,133,137,138,140,142,143,146,147,152,153,156,158,160,162,164 "137";
138 49 0 2,5,10,23,33,37,42,53,61,68,74,77,80,83,88,102,106,108,118,119,126,127,133,137,141,147,149,159,163,164 "138";
139 100 0 4,6,8,11,18,19,24,26,28,33,44,48,51,56,59,61,66,67,72,74,76,78,88,91,98,103,109,116,119,125,128,134,135,140,142,146,150,152,155,157,160,163 "139";
140 30 0 4,10,20,24,26,27,29,37,39,46,55,56,63,67,69,78,87,89,93,96,99,107,109,113,116,119,121,125,128,133,153,155,161,165 "140";
141 89 1 3,4,6,17,63,79,102,112,114,130,149,151 "141";
142 12 1 24,28,34,56,61,65,92,126,133,137,148 "142";
143 58 0 3,5,6,8,11,14,16,20,21,24,25,26,28,30,37,39,44,45,46,50,52,55,63,65,67,69,70,73,75,76,78,80,84,87,89,90,91,94,95,96,99,101,102,103,107,109,112,113,116,118,121,123,125,127,129,130,132,140,141,142,144,148,151,153,154,157,158,160,162,163,165 "143";
144 69 0 2,6,7,39,80,98,100,107,134,154,159,161 "144";
145 83 0 0,1,3,5,11,16,20,22,26,29,30,33,37,39,43,46,49,51,52,58,64,69,72,74,77,82,85,93,94,95,98,100,106,112,115,119,126,127,130,133,134,139,143,147,149,150,154,155,158,160,164,165 "145";
146 150 0 5,8,9,11,16,19,20,22,25,26,27,29,33,34,39,40,44,46,47,50,52,57,58,61,63,65,67,68,74,76,77,80,83,86,89,93,94,96,100,101,104,106,108,109,111,112,114,115,118,120,122,124,125,126,128,129,130,131,132,134,136,137,138,141,143,144,147,149,152,155,156,163 "146";
147 11 1 2,8,10,13,14,20,23,24,25,27,30,31,38,39,42,43,44,45,51,53,54,56,58,60,62,63,67,71,72,73,75,77,78,80,81,83,85,87,88,91,94,99,103,104,107,110,115,121,122,124,125,127,133,134,136,138,142,144,146,147,149,154,156,160,162,163 "147";
148 55 1 1,9,22,27,38,58,80,84,100,107,112,115,121,130,131,135,141,165 "148";
149 93 1 12,16,21,22,25,27,29,36,39,42,49,50,64,67,71,74,76,84,85,89,91,92,94,98,109,112,115,117,120,126,127,130,132,134,143,144,148,152,154,164 "149";
150 4 1 3,5,15,20,22,34,37,41,47,50,55,57,61,76,78,81,84,86,87,118,122,130,131,139,140,146,154,157,160,165 "150";
151 75 1 1,4,6,8,9,10,12,19,21,22,25,28,30,35,37,40,41,42,44,45,47,50,52,53,54,56,57,61,64,65,68,69,71,76,78,82,83,86,87,88,90,91,95,96,97,99,101,102,104,108,110,112,117,119,120,121,123,124,126,131,133,135,137,138,143,145,146,149,151,153,154,155,157,161,164,165 "151";
152 134 0 0,3,4,6,8,9,12,13,15,17,18,21,22,24,26,27,30,31,33,36,38,40,43,48,50,52,54,55,57,59,60,61,64,65,67,68,71,72,74,76,78,80,82,83,84,86,87,88,90,92,94,95,100,101,103,104,106,111,113,116,120,121,124,127,131,133,137,139,140,142,145,149,150,151,154,155,157,159,162,163 "152";
153 0 0 1,4,6,12,13,19,22,27,31,35,37,39,43,45,48,53,56,58,60,63,64,67,68,81,87,88,92,97,99,101,103,109,114,115,117,124,132,134,136,144,147,149,151,152,156,158,164,165 "153";
154 41 0 4,8,11,13,14,19,21,28,32,38,40,43,45,47,50,52,57,61,69,70,71,74,82,84,86,89,97,100,105,109,114,116,119,121,125,127,129,134,135,139,145,156,159,161 "154";
155 79 1 0,10,13,16,17,19,20,22,25,38,42,43,47,48,51,54,60,72,80,82,89,105,107,110,113,116,122,135,137,141,145,147,154,157,159,163 "155";
156 94 0 0,1,3,4,6,7,9,11,12,15,17,19,23,25,26,27,28,30,34,36,37,40,42,43,44,46,54,57,59,63,64,65,67,70,71,73,76,79,82,83,84,85,88,89,91,92,94,97,102,103,107,108,110,112,113,114,117,118,121,122,126,128,130,131,133,142,145,146,148,152,153,155,157,158,160,163,164,165 "156";
157 156 1 1,2,3,5,9,11,12,18,19,21,23,25,26,27,31,33,35,53,54,55,57,61,63,64,65,69,70,72,79,81,85,86,87,90,96,99,100,103,105,106,108,112,117,124,127,128,131,134,137,139,140,145,149,151,154,155,159,164 "157";
158 110 1 31,33,35,48,51,63,67,74,102,120,135,142,156,162 "158";
159 74 0 6,7,10,13,16,20,62,64,75,83,89,95,104,114,120,126 "159";
160 141 1 1,3,5,8,9,14,17,22,26,27,31,38,40,41,42,53,65,66,67,71,77,78,79,87,89,95,98,103,105,107,109,111,114,118,119,123,125,132,133,135,136,137,139,141,143,145,149,150,153,155,161,164 "160";
161 149 0 3,5,7,8,10,13,25,37,42,49,55,57,67,71,73,74,76,78,83,86,90,92,94,98,122,128,137,148,154,164 "161";
162 43 0 2,5,7,11,13,25,29,32,34,37,41,43,46,47,52,54,57,62,67,69,71,72,74,77,79,80,81,82,97,107,108,111,114,119,125,127,130,133,137,142,145,147,149,153,157,163,164 "162";
163 138 0 2,6,7,11,15,20,23,27,29,34,36,39,41,43,45,47,50,52,53,54,59,60,62,69,70,71,73,76,78,83,84,88,92,100,102,104,105,109,115,117,122,125,129,136,137,138,142,145,148,152,155,159,160,162,163,165 "163";
164 132 0 5,6,7,11,15,17,19,20,23,25,27,29,32,36,39,42,44,47,55,59,67,69,74,75,77,79,82,89,91,93,97,100,104,108,111,112,115,117,120,122,126,128,132,134,135,136,139,140,142,145,147,149,150,152,155,159,160,164 "164";
165 64 1 6,10,13,15,18,20,24,29,30,36,38,40,44,46,50,54,56,59,62,63,65,66,69,74,75,79,81,83,85,86,93,97,101,102,105,112,114,115,118,121,123,126,130,138,143,145,156,157,161,163,165 "165";
