parity 132;
0 35 1 1,2,4,6,9,10,14,18,19,21,22,24,25,27,30,32,33,35,37,39,41,43,44,47,50,52,55,56,59,62,64,67,69,71,74,76,77,81,84,85,86,88,89,90,92,94,96,97,99,100,102,103,104,107,113,118,120,123,124,126,129,130,132 "0";
1 105 0 3,9,11,16,31,73,76,86,97,104,106,107,111,127,131 "1";
2 96 1 7,16,35,61,69,75,92,123,126,128,131 "2";
3 80 1 0,2,3,5,10,11,13,14,16,18,20,22,23,24,29,37,38,39,42,43,45,48,53,56,57,59,60,64,65,66,70,72,76,77,79,87,88,90,92,93,96,97,100,102,104,108,110,114,115,118,119,121,123,126,128,130,131 "3";
4 119 1 0,2,16,23,24,27,29,31,35,40,52,54,56,61,65,66,75,77,78,87,89,91,94,103,109,116,119,120,125 "4";
5 51 0 0,2,11,19,21,26,28,33,39,43,48,49,51,53,54,56,57,59,61,62,66,74,80,83,84,87,90,92,94,96,98,102,105,107,114,117,126,130 "5";
6 18 0 0,2,4,5,6,9,12,14,17,19,22,24,26,27,29,31,34,35,38,42,43,47,48,51,52,54,58,62,64,68,70,72,74,75,77,79,80,81,83,84,90,92,94,99,103,107,108,109,112,114,118,120,121,122,124,126,127 "6";
7 96 1 0,3,4,7,9,11,13,14,17,22,25,27,31,39,52,57,59,60,64,67,74,78,85,87,98,101,102,107,109,112,114,116,118,120,122,124,125,127,131 "7";
8 4 1 0,1,3,10,11,14,17,29,32,44,48,51,52,54,57,59,63,68,69,72,79,89,92,95,96,101,103,111,113,117,125,127,128 "8";
9 64 1 1,7,12,14,18,20,24,26,27,29,31,34,36,40,42,44,46,47,51,56,60,62,67,70,74,79,83,88,91,92,94,96,97,99,101,104,107,109,112,113,114,115,120,124,125,126 "9";
10 3 1 0,1,4,6,10,16,23,25,28,29,32,34,42,45,48,49,54,55,58,59,62,65,69,71,72,75,79,81,89,90,93,94,96,99,102,103,105,107,110,115,120,121,127,128,131,132 "10";
11 102 1 1,4,5,8,12,13,16,18,19,22,25,27,30,33,39,42,45,48,49,51,57,59,61,65,66,71,74,75,77,79,82,83,90,93,95,96,97,98,99,102,104,105,107,108,113,115,120,122,125,126,127,131 "11";
12 76 0 1,8,9,11,12,14,15,20,23,24,26,28,33,40,41,45,47,52,53,56,57,60,63,65,66,68,73,78,82,84,85,91,92,94,101,107,110,112,118,125,127,130,131 "12";
13 79 1 2,6,10,12,14,16,20,64,68,74,88,93,123 "13";
14 96 0 2,4,9,13,15,27,37,39,42,44,45,46,50,53,55,57,59,67,68,71,73,77,82,84,92,97,105,108,111,115,116,119,126,130 "14";
15 35 0 6,7,9,11,18,28,35,39,44,47,57,59,70,73,77,81,82,95,100,117,124,128 "15";
16 62 1 12,19,21,31,33,35,36,39,47,49,62,68,70,74,79,96,99,104,108,112,123,126 "16";
17 88 1 1,13,21,32,34,36,41,47,59,64,66,82,91,93,122,124,125,127,129 "17";
18 28 1 0,3,6,7,11,12,25,26,29,30,33,36,38,40,42,43,44,46,47,49,52,54,55,57,60,63,65,68,71,72,84,89,91,94,98,104,105,108,111,114,116,117,119,120,121,123,128,132 "18";
19 20 0 1,4,27,31,34,42,46,47,53,58,59,61,63,73,77,83,97,109,119,120,122,128 "19";
20 16 1 0,2,4,6,8,9,11,13,17,26,28,33,34,36,41,42,45,47,54,58,61,63,64,67,70,76,77,79,86,88,90,91,95,100,104,109,113,117,123,124,129,130,132 "20";
21 60 0 3,7,12,13,15,18,24,26,32,39,44,45,47,48,50,51,52,54,63,65,71,73,76,78,82,88,90,92,94,96,101,104,106,108,112,116,120,124,126,127,129,131,132 "21";
22 94 1 6,12,45,52,55,61,62,87,99,101,109,115,119,123 "22";
23 68 1 1,2,3,5,6,12,13,14,16,17,18,20,22,25,28,31,32,34,35,38,41,45,47,49,50,54,56,57,58,60,61,64,68,71,72,78,79,82,84,86,87,89,91,93,96,99,100,102,104,106,109,110,112,114,116,118,121,124,126,127,128,130,132 "23";
24 94 1 2,4,11,12,16,26,28,29,31,33,40,42,46,48,62,63,64,66,68,70,76,82,87,91,94,100,106,109,119,130,132 "24";
25 80 1 8,31,46,51,64,76,108,113,129,131 "25";
26 93 1 6,19,29,102,106,120,124 "26";
27 125 0 4,11,16,18,22,23,27,35,36,39,43,45,47,51,55,61,62,65,71,76,79,81,90,92,96,103,109,110,112,115,118,122,125,127,132 "27";
28 54 0 4,10,12,17,43,60,106,108,117,121,123,124 "28";
29 62 1 5,9,16,18,21,22,26,35,38,45,47,50,59,61,67,77,87,92,94,98,100,104,106,109,117,119,126,127,130 "29";
30 104 0 3,10,48,60,63,82,114,126 "30";
31 95 0 2,4,6,7,8,10,11,13,15,19,21,22,23,24,25,27,30,34,38,40,41,43,44,45,46,49,52,55,58,61,64,67,68,70,73,75,77,79,81,82,83,85,86,88,90,93,94,95,98,100,102,103,106,107,111,116,123,124,126,128,129,131 "31";
32 8 0 18,23,38,51,67,79,95,108,111,131 "32";
33 11 0 38,131 "33";
34 99 1 3,6,10,12,13,15,18,23,25,27,29,31,34,47,50,52,59,60,63,65,71,72,74,78,79,80,82,84,95,96,98,100,101,107,110,112,117,118,120,122,127 "34";
35 55 0 0,1,4,5,6,8,12,13,14,16,20,24,25,26,27,31,39,42,44,45,47,51,52,55,56,60,63,67,69,71,72,73,75,76,78,80,81,85,86,87,89,90,93,95,96,99,102,107,108,109,110,114,115,116,118,122,124,128,130,132 "35";
36 51 0 3,8,47,48,84,85,89,99 "36";
37 111 1 10,13,25,27,29,30,35,38,39,51,54,63,65,71,74,77,80,92,97,99,105,107,116,118,130 "37";
38 24 1 0,1,4,6,7,8,13,14,18,20,24,26,30,36,43,44,49,52,54,56,57,58,62,65,66,68,70,74,75,76,77,79,81,84,88,90,95,97,99,102,103,106,107,111,113,115,117,121,125,127,128,131 "38";
39 123 0 0,10,12,30,34,36,40,52,54,66,68,71,73,74,78,89,94,95,111,123,126,129 "39";
40 90 0 0,2,4,7,9,11,19,21,22,23,25,28,30,34,36,38,41,42,44,45,47,48,49,50,52,54,55,58,59,61,62,64,67,70,71,73,77,78,81,82,85,87,88,93,94,96,98,99,102,105,107,108,110,111,117,119,120,122,124,126,128,130,131,132 "40";
41 99 1 5,7,11,13,14,20,24,29,31,37,40,44,46,54,60,66,67,70,77,80,81,82,87,90,91,96,98,99,102,106,107,108,111,119,121,123,127,130,131 "41";
42 62 1 0,3,7,9,11,13,16,20,22,24,26,28,29,32,34,36,37,41,42,43,49,51,53,56,57,59,61,63,65,66,70,72,73,76,78,79,81,86,88,91,93,95,97,98,103,105,106,107,109,117,119,124,127,129 "42";
43 49 1 0,7,14,22,30,34,58,62,65,73,74,92,118,121,123,129,132 "43";
44 58 1 10,52,75 "44";
45 69 1 5,15,21,35,38,48,53,61,63,65,67,69,71,76,78,88,93,96,104,117,119,121,123,129,130 "45";
46 66 0 21,109,121,128,131 "46";
47 100 0 0,2,6,16,18,19,26,32,38,48,52,54,62,67,78,79,81,84,90,94,97,106,111,112,120,124 "47";
48 3 1 1,2,3,5,7,13,17,18,22,23,25,27,30,33,37,45,47,51,52,54,61,64,67,68,72,74,77,82,88,94,97,100,107,112,115,116,118,120,124,127,131 "48";
49 77 0 4,5,13,19,30,34,36,39,71,74,82,97,127 "49";
50 99 0 23,27,38,45,46,66,77,92,128,130 "50";
51 69 1 4,7,10,12,19,22,24,27,30,32,34,36,37,48,54,57,62,65,67,88,93,97,101,110,120,121,123,130,132 "51";
52 3 1 0,3,5,8,12,15,17,21,22,23,28,29,31,32,34,36,37,38,40,42,43,46,49,50,52,58,59,61,63,66,67,68,69,73,75,76,78,80,81,84,85,86,88,90,92,96,99,103,105,107,109,112,114,119,121,123,125,127,130,131 "52";
53 94 0 43,51,71,94,96,108,127 "53";
54 32 0 0,1,3,5,7,8,9,11,13,16,18,19,21,23,27,28,32,35,40,43,45,48,51,52,53,55,57,58,59,63,64,67,69,71,75,81,83,84,86,89,91,93,94,97,99,101,102,104,105,106,107,109,112,113,116,117,121,122,125,126 "54";
55 97 0 3,6,21,27,34,80,86,102,108,126,130 "55";
56 10 0 7,18,54,131 "56";
57 102 1 2,6,8,11,13,14,16,17,20,21,29,32,35,37,40,42,46,49,51,54,56,60,61,62,69,72,73,74,76,80,81,83,85,86,89,95,97,99,101,103,106,109,111,112,114,118,121,123,127,131 "57";
58 102 1 3,14,16,19,38,129 "58";
59 10 0 9,10,12,15,22,23,28,29,42,48,49,52,62,65,68,79,81,83,88,102,107,108,126,128 "59";
60 43 1 7,21,26,62,66,79,96,104,108,119,125 "60";
61 87 0 3,10,32,48,51,53,63,64,76,85,90,93,99,106,120,130 "61";
62 111 1 1,2,6,7,9,11,12,13,16,18,19,22,24,27,32,34,35,39,44,46,49,50,52,53,56,57,63,66,68,70,72,76,77,78,79,82,89,92,94,96,98,101,105,107,108,109,110,111,113,116,117,121,123,125,127,130 "62";
63 18 1 0,1,7,10,12,13,15,17,20,23,25,34,36,40,44,45,48,52,54,56,58,63,71,72,74,76,80,85,89,90,92,99,101,103,107,114,119,121,122,130 "63";
64 28 1 3,5,8,10,14,17,19,20,24,25,29,31,32,36,41,46,47,50,57,60,62,63,66,72,73,85,91,93,95,96,102,103,105,108,115,117,119,123,124,126,128,132 "64";
65 5 1 0,6,10,16,19,29,34,38,41,45,54,57,59,63,64,67,70,72,73,79,80,83,89,93,95,97,106,113,115,119,123,126,132 "65";
66 42 0 15,34,48,50,73,78,84,117 "66";
67 106 0 0,5,6,8,12,13,15,17,18,20,22,23,26,27,29,30,32,37,39,41,44,46,51,54,55,56,58,59,60,62,63,68,69,70,71,73,76,80,82,83,85,88,93,94,96,98,100,103,105,106,108,109,111,113,117,120,122,123,127,130 "67";
68 133 1 26,28,33,47,81,106,126 "68";
69 20 0 3,6,10,18,27,30,31,45,53,55,66,68,72,81,83,87,90,92,99,100,102,105,110,114,118,122 "69";
70 25 0 1,4,9,11,12,13,17,20,23,26,28,31,32,34,35,37,42,45,49,52,53,54,61,62,68,75,76,80,82,83,93,96,99,102,104,111,114,115,118,120,123,126,129,131 "70";
71 102 1 0,2,3,6,8,9,10,12,14,19,20,23,24,31,32,37,39,40,44,45,49,51,53,56,57,60,62,63,66,68,71,72,74,77,84,87,91,94,96,98,102,103,110,112,114,117,120,124,125,128,130,131 "71";
72 78 0 8,19,27,36,38,40,50,52,64,70,73,75,77,78,82,88,90,95,105,108,111,114,126 "72";
73 64 0 0,6,8,9,11,12,20,23,24,26,27,29,31,34,35,37,38,40,41,42,44,45,46,48,49,51,52,56,58,60,61,63,65,67,69,70,72,74,75,77,78,80,81,83,85,90,91,94,95,97,99,100,106,107,108,114,115,116,118,120,122,126,128,129,131 "73";
74 112 0 2,8,10,11,12,18,25,32,33,41,42,46,47,53,55,60,63,67,68,73,74,75,79,80,82,84,88,92,97,100,101,102,104,108,110,112,115,117,120,126,130 "74";
75 71 0 31,43,73,95,108 "75";
76 35 1 26,49,50,55,61,92,105,118 "76";
77 74 0 0,4,11,14,17,20,26,28,29,34,35,37,40,41,43,46,51,58,65,68,70,72,74,78,80,81,86,88,91,93,95,98,100,101,103,105,107,108,109,115,118,120,122,124,129,131,132 "77";
78 90 1 0,1,4,6,7,10,12,13,19,22,23,25,26,29,31,33,35,37,39,42,44,46,49,51,52,54,55,58,62,65,70,73,74,75,77,78,79,82,83,84,86,87,88,90,93,94,98,99,101,106,108,111,112,115,116,118,119,120,122,124,125,126,128,130,131,132 "78";
79 13 1 48,63,113,118,121 "79";
80 118 0 2,3,11,17,31,36,37,39,44,50,58,66,72,74,75,90,101,114,115,123,132 "80";
81 43 0 2,3,5,7,8,11,14,15,17,23,25,31,32,35,36,40,41,43,48,49,51,53,56,58,61,62,65,66,69,71,72,73,74,76,79,81,83,86,88,89,90,92,93,95,97,100,102,103,104,105,108,109,113,116,118,123,125,127,128,130,131 "81";
82 97 0 0,2,4,5,7,9,13,16,17,20,22,26,29,30,31,34,41,43,47,52,54,57,59,60,62,66,69,70,74,76,78,81,86,88,92,96,97,99,101,103,104,106,107,109,110,111,113,116,120,121,122,124,126,127,131 "82";
83 95 1 11,12,15,27,28,39,49,53,69,76,89,93,125 "83";
84 32 1 7,8,10,18,21,33,34,37,39,41,42,49,58,67,69,70,73,74,75,84,86,91,97,102,103,105,111,114,115,119,124,126,128,129 "84";
85 76 0 5,7,9,11,13,15,16,20,23,25,27,30,32,34,35,36,39,41,44,45,47,49,51,52,54,55,57,60,61,63,64,69,71,73,75,76,78,80,81,82,85,87,89,90,92,94,97,99,100,101,102,107,108,109,111,113,116,117,118,120,121,122,124,125,127,131,132 "85";
86 79 1 1,3,4,9,22,29,32,33,38,41,48,51,52,56,63,68,69,71,73,78,79,80,82,87,90,93,96,99,102,108,113,115,116,118,120,128,130,131 "86";
87 116 0 0,3,4,6,8,9,10,12,17,20,21,23,25,26,29,31,33,34,36,39,42,43,45,46,49,50,53,55,56,58,59,60,64,67,69,70,76,79,81,84,86,88,92,95,98,100,101,102,103,108,109,110,119,126,128,129,132 "87";
88 41 1 3,8,11,13,17,18,20,25,28,32,37,44,47,60,63,71,73,74,78,81,86,93,97,102,108,117 "88";
89 125 0 1,3,7,8,9,11,13,14,16,17,20,25,27,28,32,33,35,38,39,41,42,43,45,47,49,51,52,54,56,59,60,63,66,68,69,71,73,74,75,78,80,82,83,87,96,99,100,101,106,107,108,112,114,116,118,119,120,122,123,125,126,128,132 "89";
90 78 0 0,2,3,4,7,17,21,24,27,41,43,44,51,54,56,57,59,61,63,66,67,68,69,71,79,80,83,85,86,88,89,93,97,99,106,117,118,123,125 "90";
91 81 0 0,4,5,6,8,15,19,21,23,28,31,33,38,39,40,44,45,49,51,54,58,62,65,75,77,79,88,89,91,92,101,106,108,111,112,117,118,119,121,124,125,127,128,130 "91";
92 47 0 0,1,3,5,8,9,10,13,18,19,22,23,26,27,29,32,33,35,43,45,47,54,55,57,58,62,67,71,72,73,78,79,90,96,98,99,117,124,125,129,132 "92";
93 76 1 1,8,10,11,13,14,17,21,22,24,27,28,30,32,33,34,35,38,40,41,43,44,46,48,51,53,54,56,58,59,62,64,65,67,68,70,71,74,76,80,81,82,89,90,92,96,98,100,104,111,112,114,115,117,121,122,124,127,129,131 "93";
94 104 0 1,13,15,18,20,22,31,33,35,37,42,45,47,52,56,57,59,64,67,68,73,75,77,81,83,85,87,89,90,91,93,96,101,102,105,106,109,110,112,126,128,130 "94";
95 31 0 6,13,19,27,30,33,35,37,47,50,54,56,64,71,73,85,86,88,94,97,101,103,105,107,109,111,114,115,117,123,130 "95";
96 26 0 0,3,4,6,9,12,13,14,18,20,23,24,25,27,28,33,35,36,37,40,41,42,47,56,58,59,61,63,66,68,70,72,75,76,78,80,81,82,83,84,88,89,93,95,96,98,99,100,107,109,112,114,115,117,118,119,120,122,123,125,126,128,130,132 "96";
97 117 1 15,35,53,70,122,127 "97";
98 118 0 1,9,11,21,24,32,38,40,47,49,54,55,58,62,65,71,85,86,91,94,96,97,104,107,111,115,120,124,126 "98";
99 6 1 0,1,4,8,9,12,16,17,19,20,23,24,26,27,28,29,31,34,36,37,40,42,43,45,49,51,53,55,56,58,61,65,66,68,71,72,75,77,78,79,82,84,88,89,90,91,95,98,101,103,104,106,107,108,110,112,113,115,117,119,121,122,126,127,130 "99";
100 80 0 0,3,4,6,10,15,21,24,25,28,29,31,33,39,41,43,45,47,49,51,54,59,61,64,69,70,72,73,75,83,84,87,93,95,108,113,118,124,126,127,131 "100";
101 43 0 8,10,14,30,42,44,53,56,75,77,87,95,100,108,111,114,122 "101";
102 4 1 0,4,8,17,22,25,31,43,47,53,57,58,60,66,77,78,81,83,88,92,96,98,100,101,103,105,117,126,130,132 "102";
103 47 0 5,8,12,14,16,22,26,31,34,36,41,47,53,54,57,60,66,73,79,80,82,89,96,97,99,102,109,110,116,118,120,126,129,132 "103";
104 17 1 0,1,3,10,14,16,18,20,25,26,31,34,36,39,41,47,48,51,56,58,59,64,68,69,75,77,79,85,86,90,97,103,107,109,110,112,113,117,119,120,121,125,126,130,131 "104";
105 98 0 0,6,7,10,11,13,14,16,20,21,23,24,25,30,32,34,35,38,42,44,46,49,51,52,53,55,58,61,63,65,67,69,72,73,76,81,82,83,87,89,92,95,99,100,102,109,111,113,117,122,123,125,126,128,132 "105";
106 31 1 7,21,31,33,37,55,68,80,84,88,118 "106";
107 15 0 0,3,5,8,10,11,14,17,20,23,26,28,29,31,35,37,38,40,41,45,47,49,51,54,55,58,60,61,64,65,66,68,69,70,71,75,77,79,80,85,86,87,88,90,92,94,97,99,101,103,105,106,109,112,114,115,118,123,125,127,129,131 "107";
108 17 1 2,16,21,28,39,79,112,125 "108";
109 113 0 17,24,31,35,41,42,46,49,51,54,61,63,67,71,76,79,80,88,91,95,100,102,107,110,111,112 "109";
110 129 1 2,8,13,16,28,31,36,41,56,63,69,73,77,80,104,106,110,115,120,126,128,131 "110";
111 128 1 3,4,8,10,11,15,18,21,23,25,28,30,32,33,35,37,39,40,41,42,43,46,49,50,52,53,54,56,59,60,62,65,69,72,75,76,79,87,89,95,97,98,100,103,106,107,109,112,114,116,117,119,121,125,127,128,130,132 "111";
112 69 1 0,2,3,4,5,6,9,10,11,13,15,18,19,23,25,27,33,34,36,37,41,43,48,49,51,52,54,56,58,61,62,64,66,67,70,71,73,75,76,80,81,82,83,85,86,89,90,91,96,98,99,102,104,107,108,110,111,112,114,116,117,119,120,125,131 "112";
113 56 0 3,6,9,16,21,24,25,26,29,32,33,37,39,40,41,44,51,52,54,56,58,62,65,68,70,73,75,76,82,84,85,89,90,92,94,99,100,101,105,106,108,110,114,115,116,118,119,124,125,126,132 "113";
114 42 0 0,2,4,6,9,11,13,15,17,19,21,23,24,26,28,31,32,35,36,38,40,41,43,46,47,48,49,54,57,59,61,62,63,67,68,71,73,76,78,84,86,89,91,95,98,100,104,108,110,112,121,122,125,126,128,129,130 "114";
115 50 1 1,3,6,9,10,14,16,18,20,22,25,26,27,31,32,33,35,36,38,41,42,49,50,51,56,57,59,61,62,65,67,71,72,78,85,87,90,93,96,98,99,101,112,119,125,126,128,130,131,132 "115";
116 124 1 0,2,4,6,9,10,11,12,14,15,17,20,22,26,28,30,32,34,35,38,39,40,42,43,46,50,51,52,54,56,58,59,61,63,66,68,72,77,78,80,83,85,87,90,91,92,93,96,98,99,101,102,104,106,107,109,111,114,115,116,118,121,122,128,130,132 "116";
117 83 0 0,14,15,19,21,22,23,26,29,30,36,38,41,45,47,48,52,57,64,69,71,73,78,81,84,87,89,91,92,94,101,103,104,108,111,113,119,125,131 "117";
118 102 0 0,1,2,4,8,15,18,19,22,25,31,32,35,38,40,44,45,46,49,53,54,58,59,62,65,67,73,74,76,78,79,81,83,85,86,88,89,91,92,98,99,102,103,105,106,109,111,114,119,120,123,125,126,132 "118";
119 110 0 5,11,14,20,30,40,41,43,47,53,59,60,69,83,85,87,90,103,122,126,129,131 "119";
120 3 1 0,8,13,16,17,19,29,30,32,39,41,46,48,51,55,58,67,74,91,98,100,110,114,117,124,125,127,128,130,132 "120";
121 13 1 2,4,9,11,15,19,20,22,28,37,40,46,47,53,59,62,65,68,70,73,78,79,87,90,93,95,99,103,104,106,109,111,112,115,123,126,127,128,130,132 "121";
122 71 0 1,5,9,10,13,15,16,17,19,21,23,24,37,39,40,44,46,47,51,53,57,58,63,64,65,70,72,76,78,83,85,89,90,91,95,97,103,107,108,111,112,115,126,128,130 "122";
123 87 0 1,4,8,11,15,19,22,25,28,34,38,41,47,48,49,53,55,60,64,69,75,78,84,88,90,91,95,101,104,105,109,111,112,116,119,120,123,126,128,129,130,132 "123";
124 125 1 38,90,109 "124";
125 43 1 1,11,13,14,18,19,22,27,37,40,44,46,50,52,55,57,60,65,67,69,74,78,81,83,89,93,99,102,105,107,109,112,119,120,122,123,129 "125";
126 110 0 0,1,4,6,8,9,12,13,15,17,18,19,20,23,25,27,30,32,37,38,40,43,47,50,54,56,57,60,62,63,66,68,69,70,72,73,74,76,77,79,80,82,85,87,88,90,92,95,97,99,101,102,104,105,108,110,111,118,120,121,123,124,126,129,130,132 "126";
127 25 1 0,2,5,7,8,13,17,23,27,40,43,51,53,57,59,64,66,67,74,75,77,81,87,88,92,94,101,104,106,109,117,118,121,124,128,129 "127";
128 37 0 4,7,12,16,20,21,24,26,28,29,32,36,38,41,42,46,49,53,55,57,58,60,62,64,70,71,74,76,80,82,87,89,94,95,99,101,108,110,113,117,121,122,124,128,130,132 "128";
129 124 1 0,2,5,7,9,11,13,15,18,22,26,30,36,37,38,42,53,56,59,64,69,73,76,80,85,86,88,89,93,95,98,100,101,103,107,110,115,116,119,121,122,124,125,126,129,132 "129";
130 19 0 5,11,41,46,57,61,79,108,130 "130";
131 21 1 0,1,3,6,7,11,13,14,16,25,27,29,34,35,37,39,40,41,44,47,49,51,55,58,59,61,63,64,65,68,70,72,74,75,76,84,87,89,92,97,99,100,102,106,109,112,114,116,122,124,127,129,130 "131";
132 76 0 0,6,8,11,18,19,25,30,38,42,48,50,52,58,63,72,93,96,104,105,107,109,111,120,122,126 "132";
