parity 58;
0 19 1 0,4,5,8,15,17,20,23,24,25,27,30,39,43,45,48,51,55,57 "0";
1 11 1 0,2,6,9,12,17,19,21,26,30,37,40,46,47,48,50 "1";
2 58 1 4,23,27,33,38,46 "2";
3 18 0 9,11,13,18,22,29,32,36,43,44,48 "3";
4 53 0 2,3,6,9,11,12,13,14,16,19,22,24,27,29,30,33,35,36,38,39,41,43,46,48,49,51,54,56,57 "4";
5 48 0 0,1,3,5,7,13,16,18,20,21,23,26,28,32,33,40,42,43,44,46,49,51,55,57 "5";
6 34 1 0,41,45,51 "6";
7 16 0 22 "7";
8 17 0 5,8,12,13,16,24,26,30,38,43,48 "8";
9 48 1 0,4,8,17,19,21,23,27,28,29,31,33,36,37,41,42,45,49,51,53,57,58 "9";
10 5 0 0,2,5,6,8,11,13,17,19,20,22,23,25,30,31,33,34,37,38,40,42,45,49,52,55 "10";
11 15 0 0,2,5,7,8,10,14,18,21,22,26,28,33,36,38,39,42,46,47,53,55,56,58 "11";
12 15 1 3,10,13,16,21,24,31,32,36,38,41,44,46,47,50,51,54,58 "12";
13 41 1 2,6,8,9,12,14,15,17,25,26,28,30,31,33,36,39,43,44,50,52,54,56,58 "13";
14 25 1 2,4,5,7,12,15,17,20,26,27,30,33,34,35,37,39,40,42,44,45,48,49,51,53,55,57 "14";
15 5 1 1,3,5,10,12,13,15,18,20,22,25,28,31,34,39,40,41,43,46,47,49,50,55 "15";
16 3 0 11 "16";
17 23 1 1,6,17,22,26,32,34,37,39,40,47,48,58 "17";
18 0 1 0,3,7,9,11,15,18,28,32,36,38,40,41,49,52,56 "18";
19 37 0 10,36 "19";
20 41 0 0,8,17,18,20,33,35,45,46,52,55 "20";
21 5 1 0,4,5,10,15,16,18,20,22,23,25,26,28,30,34,39,42,44,45,47,50,52,53,56,58 "21";
22 39 0 0,1,4,6,9,11,12,16,19,21,24,26,27,29,31,32,33,35,37,39,40,41,44,47,48,49,51,52,54,57 "22";
23 34 0 3,6,13,22,28,33,37,40,41,52 "23";
24 46 0 25,31 "24";
25 22 1 3,4,5,7,9,11,13,15,17,19,21,22,24,28,30,33,34,36,38,39,41,47,49,50,51,52,54,57 "25";
26 14 0 2,9,11,14,17,31,35,41,50,54 "26";
27 57 1 0,3,5,11,12,14,16,18,20,22,23,26,29,30,33,34,39,40,41,43,45,53,56,58 "27";
28 9 1 0,8,22,30,32,36,40,45 "28";
29 50 0 4,11,29,51,53 "29";
30 39 1 0,4,7,13,21,23,31,38,41,44,46,47,52,54 "30";
31 56 0 0,3,4,5,7,12,17,20,24,32,36,40,45,47,49,51,52,54,55,58 "31";
32 1 0 8,20,24,33,35,37,55,57,58 "32";
33 3 1 0,1,2,4,7,8,11,14,15,17,21,22,25,26,28,31,33,34,36,38,42,43,48,51,52,55,57,58 "33";
34 11 1 8,12,18,19,30,35,40,42,46,48,51,55,57 "34";
35 55 0 1,8,10,15,18,23,25,28,31,33,35,38,46,48,49 "35";
36 57 1 32,41,48,58 "36";
37 29 1 0,2,4,5,15,16,19,26,28,31,39,45,48,51,55,57 "37";
38 26 1 1,7,20,37,44 "38";
39 38 0 0,15,22,27,28,40,41,45,49 "39";
40 37 1 0,4,6,7,9,14,17,20,25,27,30,35,36,38,40,45,47,48,55,57 "40";
41 12 0 33 "41";
42 10 0 7,11,14,20,21,29,31,34,36,49,51,53,58 "42";
43 11 0 3,5,10,18,25,31,35,41,42,58 "43";
44 30 1 0,2,13,15,21,22,26,32,34,36,43,45,51,54,55 "44";
45 54 1 0,4,6,8,10,12,14,19,20,24,26,27,28,30,31,35,37,40,43,47,48,51,54,55,56,58 "45";
46 24 1 1,3,5,6,7,9,10,12,13,15,20,21,24,25,27,29,30,32,33,34,37,38,41,42,45,47,49,51,52,54 "46";
47 22 1 1,4,6,7,9,11,13,15,17,18,19,22,27,30,31,34,35,36,40,42,44,46,48,50,53,56,58 "47";
48 53 1 3,11,14,17,38,39,42,46 "48";
49 36 0 3,6,9,13,14,15,29,31,32,34,39,45,52,54,56 "49";
50 37 0 2,3,6,10,11,14,23,25,28,29,30,35,38,41,46,48,51,53,57,58 "50";
51 43 0 26,34,47 "51";
52 12 0 13,26,35,46 "52";
53 4 0 11,13,27,48 "53";
54 23 1 3,6,9,11,14,17,22,29,31,33,36,38,42,44,45,49,51,52,54,57,58 "54";
55 16 0 11,14,33,57 "55";
56 18 0 9,29,41,45,49 "56";
57 39 0 1,20,26,31,45,58 "57";
58 47 1 0,5,19,21,24,31,40,42,55 "58";
