parity 119;
0 106 0 1,6,7,9,11,15,17,23,28,29,34,36,37,38,45,46,48,52,54,56,57,59,62,64,66,69,70,72,73,76,79,80,82,84,86,89,91,94,97,99,102,103,105,106,107,109,111,116,119 "0";
1 118 1 0,1,3,5,8,9,14,16,17,18,19,21,22,25,27,30,32,33,34,36,38,40,41,43,45,50,51,53,55,59,63,67,68,71,72,75,77,80,82,83,85,87,88,90,92,94,99,101,102,106,109,111,113,116,117 "1";
2 76 0 5,16,17,22,32,35,39,53,57,59,71,77,86,92 "2";
3 23 1 1,3,7,13,16,20,44,45,49,59,65,67,69,71,76,80,84,98,100,103,119 "3";
4 9 1 1,3,5,6,8,10,11,13,15,19,20,22,23,25,27,31,33,36,41,44,51,53,56,57,60,63,64,66,67,69,71,75,78,81,85,87,92,94,98,101,104,108,109,110,112,113,115,118 "4";
5 41 1 0,1,2,3,6,8,9,12,14,16,19,22,25,27,29,31,35,38,43,45,48,50,51,53,54,57,58,59,61,62,64,69,71,73,75,77,78,79,83,87,89,90,92,94,96,98,99,103,110,112,113,118,119 "5";
6 5 0 3,10,14,18,19,24,37,53,56,58,59,65,84,95,102,109,115,119 "6";
7 28 1 0,1,14,45,55,75,77,84,86,91,98,116,117 "7";
8 107 0 0,9,16,41,51,53,70,75,80,84,107,110,111,114,117 "8";
9 120 0 4,13,15,21,22,25,32,47,51,72,73,77,80,83,87,95,98,105,114 "9";
10 85 1 10,14,19,21,23,34,43,47,51,54,68,72,77,86,91,105,108,112 "10";
11 61 1 0,2,3,6,10,12,15,17,21,23,25,29,31,32,33,35,37,39,43,45,48,53,55,56,58,60,62,64,66,67,68,71,72,75,78,84,86,88,90,92,94,97,98,99,101,103,106,107,110,112,113,115,116,118 "11";
12 36 1 0,4,7,32,36,46,52,57,75,84,101,113 "12";
13 47 1 0,1,3,5,6,12,16,18,19,21,24,25,29,31,34,36,40,43,46,50,52,58,60,62,64,66,67,71,76,79,82,83,85,89,90,93,94,99,100,103,104,108,113,116 "13";
14 67 1 5,10,16,21,26,43,48,49,51,54,60,70,76,80,81,96,98,100,110,112,119 "14";
15 95 1 3,5,13,15,17,23,28,29,32,34,45,48,53,58,60,66,70,72,76,78,79,83,88,90,96,100,103,107,119 "15";
16 97 0 2,3,6,8,9,12,15,16,19,20,26,37,39,41,43,44,45,49,57,60,67,69,74,78,80,81,83,84,86,89,93,95,97,98,100,107,111,114,115,117,119 "16";
17 102 1 15,21,31,39,53,65,91,96,99,111 "17";
18 66 0 1,4,6,7,8,11,13,14,16,19,20,23,24,26,27,29,30,32,33,35,37,39,41,42,43,45,46,48,51,53,54,55,57,59,63,64,66,70,72,73,77,78,83,85,87,89,90,92,97,98,99,101,105,109,111,113,116,117,118 "18";
19 87 1 0,1,5,6,9,19,31,32,36,38,42,47,58,59,62,64,70,78,81,82,101,105,108,112,115,116,117,118 "19";
20 105 1 0,3,5,7,15,21,25,27,29,30,32,33,35,41,48,50,51,54,63,67,70,89,91,92,99,102,104,107,110,114 "20";
21 9 0 4,11,14,15,22,24,25,31,35,40,42,46,47,50,52,55,58,61,63,64,66,70,75,81,85,90,94,96,102,107,113,116,118 "21";
22 88 0 3,5,6,10,15,18,20,22,24,26,28,31,32,36,40,41,43,45,46,53,58,59,63,66,68,69,72,73,75,76,80,81,84,86,87,89,93,94,96,97,99,101,103,105,106,108,110,118,119 "22";
23 66 0 1,4,6,8,9,10,13,16,18,21,24,29,30,31,35,40,41,44,45,48,50,54,56,58,61,70,76,78,80,82,87,90,92,93,95,98,100,102,104,105,108,112,116,117,119 "23";
24 100 1 2,6,8,11,13,15,21,25,26,27,28,29,31,33,46,50,54,58,60,62,82,84,86,87,90,92,95,97,99,101,103,107,108,110,111,112,114,118,119 "24";
25 69 1 1,5,16,17,19,22,26,33,34,37,45,47,48,52,54,56,59,65,66,68,70,73,77,78,80,83,86,90,93,94,96,98,106,107,112,117,119 "25";
26 117 0 8,10,20,24,27,29,35,42,45,47,52,53,55,59,65,70,78,79,84,91,98,99,101,109,110,114,118 "26";
27 61 0 10,13,22,23,42,45,54,56,67,78,79,97 "27";
28 34 0 1,6,9,11,13,15,20,23,25,28,30,32,33,35,36,39,43,44,48,53,54,60,63,67,70,73,76,79,80,82,83,86,88,89,91,92,94,95,99,100,108,111,112,115,119 "28";
29 15 0 0,3,4,7,8,10,11,12,14,15,17,20,22,23,25,27,28,30,32,33,35,37,40,43,49,53,54,56,59,60,62,63,66,69,72,73,75,77,80,83,86,87,89,93,94,96,99,100,101,103,106,108,110,114,117,118,119 "29";
30 33 1 1,3,4,9,11,13,19,21,24,26,30,31,33,35,37,39,40,41,42,46,49,53,58,60,65,69,71,72,74,78,79,80,82,85,86,87,91,93,97,103,105,108,109,110,112,115,117,118 "30";
31 30 1 0,9,10,12,18,19,20,22,26,28,31,33,34,36,37,39,40,42,51,52,55,58,61,64,66,68,70,72,73,75,76,78,81,83,86,87,91,92,95,96,99,100,102,104,106,109,111,112,113,117 "31";
32 65 1 39,53,56,62,68,72,74,91 "32";
33 93 1 95,98 "33";
34 80 1 0,3,5,6,8,10,13,17,18,20,21,23,24,27,33,36,41,43,47,49,50,52,57,61,62,65,72,73,75,78,83,84,85,88,90,92,93,94,97,104,106,108,109,112,114,117,118 "34";
35 5 0 8,19,22,24,25,26,29,40,42,46,50,53,56,61,63,71,72,73,79,88,107 "35";
36 8 1 2,4,5,7,10,11,15,17,19,20,21,23,25,27,29,32,35,36,37,39,43,44,45,47,49,51,52,56,61,67,70,73,74,76,78,82,84,85,87,88,91,95,97,98,99,101,104,105,107,110,112,113,115,116,119 "36";
37 43 0 53,57,58,63,76,95,108 "37";
38 20 1 17,19,60,82,101,117 "38";
39 40 0 0,1,3,8,11,18,20,26,27,30,35,39,40,44,54,59,63,74,76,80,86,88,111,113 "39";
40 76 0 0,6,7,10,14,16,26,30,32,43,44,49,50,54,56,64,65,76,78,79,83,89,93,95,99,103,104,107,113,116,118,119 "40";
41 17 1 17,69,92,102 "41";
42 68 0 0,2,5,6,8,10,11,13,14,17,18,28,32,35,36,42,43,45,51,53,58,63,67,78,79,80,82,83,84,94,96,97,98,99,101,107,114,116,117,118 "42";
43 91 1 1,8,12,15,17,23,25,30,41,46,50,59,68,72,83,85,86,88,92,98,101,102,108,111,116 "43";
44 15 1 3,4,7,8,11,12,15,18,20,21,23,25,30,32,37,38,41,43,47,48,53,54,57,59,60,63,66,67,69,73,75,77,78,81,86,88,92,93,97,101,106,107,110,117,119 "44";
45 34 0 0,2,6,11,14,18,21,30,32,37,40,47,51,54,57,60,61,63,66,67,77,80,83,91,93,98,101,116,118,119 "45";
46 56 1 12,21,28,30,34,39,60,65,66,67,70,76,85,87,88,90,92,93,101,103,106 "46";
47 95 0 4,8,20,24,25,28,30,31,36,46,52,53,55,58,61,64,67,72,74,77,79,82,84,87,89,90,92,94,96,98,107,112,117 "47";
48 53 1 1,6,8,10,19,20,22,27,29,31,33,34,35,36,43,45,49,51,52,55,60,63,68,69,70,73,74,75,77,79,82,84,85,86,88,90,93,95,99,101,103,105,107,113,114,116,117,119 "48";
49 5 0 3,4,6,10,11,13,16,19,20,22,28,38,44,45,50,53,60,62,64,71,74,76,82,84,86,88,92,93,98,102,103,108,111,112 "49";
50 118 0 4,9,10,14,20,22,25,27,30,33,35,36,45,48,51,54,56,61,63,65,68,69,71,74,82,83,90,93,100,109,112,114 "50";
51 22 1 0,11,13,21,24,34,43,47,63,65,75,76,78,81,86,96,116 "51";
52 66 1 4,10,11,21,34,41,66,78,88,108,111 "52";
53 5 1 18,24,31,36,41,48,53,55,81,94,97 "53";
54 65 0 12,19,26,27,29,34,37,58,68,70,87,101,109,116 "54";
55 29 0 40,46,85,109 "55";
56 99 0 0,3,4,7,8,12,14,56,59,80,91,94,96,111,115,119 "56";
57 117 1 0,1,7,9,10,13,22,26,30,33,39,41,46,49,50,53,60,62,74,77,82,87,89,91,94,97,98,100,102,103,106,111,112,118 "57";
58 62 0 0,18,48,86,98,105,107,109 "58";
59 108 1 1,5,10,16,17,22,24,25,27,33,34,43,45,48,53,54,57,65,67,72,73,78,82,84,87,95,97,104,111,113,116 "59";
60 33 1 0,3,6,8,10,13,14,15,18,21,22,25,27,29,31,33,34,36,40,41,42,44,46,47,50,52,53,55,57,58,60,63,65,67,69,72,74,75,79,81,83,87,91,93,94,95,100,101,105,106,107,108,110,112,113,115,116,118,119 "60";
61 69 1 23,26,53,87 "61";
62 114 1 1,2,3,7,9,13,14,17,18,20,22,24,26,27,29,32,35,37,38,41,44,47,54,56,57,65,66,70,71,73,74,76,80,81,86,87,89,91,95,99,101,102,103,107,109,110,112,115,117,119 "62";
63 2 0 0,3,4,8,14,19,33,41,46,59,68,87,89,91,100,105,108,112,114 "63";
64 116 1 0,1,2,7,9,13,14,15,17,21,24,28,30,33,34,36,37,38,41,42,45,47,48,50,56,62,65,66,68,73,75,76,78,85,87,89,92,95,96,97,99,107,111,115,117,119 "64";
65 15 1 7,10,13,14,19,24,26,28,29,30,33,37,38,39,45,47,52,57,59,63,69,70,75,77,79,80,82,87,90,92,93,95,96,102,106,107,116,118 "65";
66 62 0 0,2,4,6,11,16,19,25,29,30,32,37,40,45,50,53,55,59,63,67,69,71,72,74,77,84,87,93,95,99,101,102,104,108,114,115,116 "66";
67 63 0 2,3,5,6,8,14,15,18,21,23,24,25,27,29,30,31,34,37,40,42,43,45,47,49,50,53,55,57,59,60,62,64,65,66,69,71,74,77,80,82,84,87,89,90,92,93,94,96,98,99,101,105,106,108,111,112,114,116,118,119 "67";
68 8 0 6,7,25,29,38,43,48,51,57,64,73,75,77,82,91,93,101,107,115 "68";
69 102 0 0,2,6,7,10,29,33,40,44,48,52,56,57,59,60,72,78,80,82,92,98,103,105,107,110,113,116 "69";
70 66 0 3,6,8,10,16,17,23,24,27,29,31,32,33,34,36,38,40,41,42,44,46,47,48,50,52,53,55,58,59,64,65,66,69,70,72,73,76,77,78,82,84,85,87,88,90,91,96,97,99,101,103,105,106,108,110,111,119 "70";
71 37 0 0,2,3,4,7,8,10,12,13,15,19,23,24,26,28,29,30,34,36,38,39,41,43,45,49,51,53,54,55,57,59,64,68,70,73,74,76,83,84,87,92,93,95,97,99,102,104,106,108,111,115,117,119 "71";
72 44 1 6,10,13,31,35,44,46,50,52,57,63,73,85,89,93,94,97,100,110,111,118 "72";
73 105 1 0,1,3,6,8,10,12,13,15,17,18,20,22,23,24,25,28,29,31,34,37,38,41,42,45,47,50,53,56,59,61,63,64,66,68,70,72,73,74,77,78,81,85,86,88,90,91,94,95,98,101,104,105,107,109,110,112,116 "73";
74 28 1 11,23,40,63 "74";
75 25 0 56,68 "75";
76 7 1 34,93,118 "76";
77 105 1 8,12,18,20,26,39,53,56,71,72,78,85,89 "77";
78 1 0 1,2,5,8,13,15,20,22,24,25,26,30,35,37,41,45,52,57,59,63,67,70,72,75,76,83,84,87,91,93,94,100,103,104,106,111,118 "78";
79 57 1 1,3,8,9,13,15,16,20,21,23,24,27,28,30,31,33,34,35,37,39,40,49,54,55,56,57,59,60,63,64,66,67,68,69,71,73,75,78,80,81,85,86,88,91,92,95,97,100,101,103,105,107,108,111,112,117,118 "79";
80 109 1 0,2,5,8,10,11,13,14,15,17,20,22,23,25,26,29,31,32,35,37,39,40,42,43,44,46,48,49,51,52,55,57,58,59,63,65,67,70,73,74,77,79,80,86,89,90,94,97,98,101,103,105,108,112,115,117,118,119 "80";
81 23 1 11,14,35,64,74,80 "81";
82 96 0 7,25,32,40,64,76,119 "82";
83 54 1 0,7,20,47,63,89,93,117 "83";
84 86 0 53,99 "84";
85 45 1 0,2,3,6,7,8,11,15,18,20,24,25,26,29,30,35,36,37,39,41,42,43,47,50,52,54,56,57,61,62,63,65,66,70,72,74,75,79,82,83,84,86,88,89,92,95,96,97,99,101,103,104,109,114,115,116,118,119 "85";
86 2 0 0,2,10,14,17,27,29,31,33,34,39,45,46,50,54,57,64,69,72,77,80,82,83,86,90,91,95,96,104,105,108,111,117,119 "86";
87 54 1 2,5,7,9,13,18,21,25,27,31,33,35,36,40,41,47,48,55,57,58,61,62,63,66,69,72,74,75,77,79,80,84,88,90,92,93,94,96,98,99,100,102,106,110,118 "87";
88 9 0 21,26,55,60,61,67,73,75,79,96,109,116,118 "88";
89 45 0 7,15,19,21,24,27,33,40,42,46,51,54,74,81,84,86,88,92,94,98,99,113,118,119 "89";
90 119 0 23,25,33,37,39,40,42,48,50,52,53,58,74,83,90,94,108 "90";
91 18 0 0,5,6,9,10,15,18,20,24,26,31,37,40,42,44,51,52,54,57,61,64,65,67,69,71,73,76,78,81,82,93,96,98,101,105,107,108,112,117 "91";
92 37 0 1,4,6,8,19,21,27,38,52,57,60,64,66,67,71,73,75,82,86,92,94,102,104,106,110,114,115 "92";
93 73 1 13,16,24,26,42,45,49,81,91,97,99,104 "93";
94 118 0 1,4,9,11,13,18,21,23,26,27,30,31,33,36,37,39,40,42,43,45,48,52,54,56,58,61,64,66,68,70,71,72,75,76,78,82,83,86,88,91,92,94,95,96,97,99,103,104,108,111,112,114,116,117 "94";
95 115 1 0,2,3,5,7,8,9,11,14,15,16,19,23,25,27,28,32,34,36,37,40,42,43,45,51,52,54,57,61,63,67,69,72,74,76,77,80,82,83,85,86,89,91,92,99,101,103,105,106,110,113,114,116,117,118 "95";
96 111 0 0,1,2,4,8,10,13,15,17,19,21,25,27,34,35,37,40,42,43,44,46,47,48,52,54,56,57,60,61,63,65,68,70,74,76,77,79,82,83,84,87,88,90,92,96,97,100,101,104,106,108,111,115,116 "96";
97 113 1 1,4,8,9,13,15,25,30,33,36,38,45,47,50,52,54,57,59,61,64,65,70,71,74,76,78,81,83,84,87,88,90,92,95,97,102,104,106,111,116 "97";
98 101 0 0,2,3,7,10,12,16,18,19,21,23,24,29,33,36,37,38,40,42,44,45,48,50,52,53,55,56,59,61,64,65,67,69,72,74,77,81,84,86,87,89,90,94,95,96,100,101,103,107,110,112,113,114 "98";
99 12 1 2,16,18,21,26,28,29,31,32,44,46,49,54,60,61,69,72,74,78,79,87,90,93,96,99,100,104,107,108,114,116 "99";
100 59 0 3,7,21,24,28,37,41,46,49,54,66,68,72,81,83,87,100,102,105,107,111,113 "100";
101 86 1 0,4,8,10,11,13,16,18,21,22,24,25,32,33,37,41,45,46,47,49,54,56,58,65,66,67,72,78,80,82,85,89,92,97,99,100,103,107,109,115 "101";
102 69 0 4,9,11,25,26,28,35,39,40,46,57,59,65,71,75,85,88,95,101,107 "102";
103 49 0 0,15,44,49,56,57,61,77,88,91,94,106 "103";
104 5 0 0,3,5,10,11,12,14,21,22,23,25,28,29,30,32,38,40,41,44,49,51,54,55,57,58,59,63,65,66,70,71,77,79,81,82,84,86,88,90,93,95,96,98,99,100,103,105,107,110,112,114,117 "104";
105 63 1 17,40,43,70,84,95 "105";
106 85 0 0,2,4,6,10,11,16,18,19,23,24,26,29,32,34,42,46,48,53,60,63,65,72,75,79,81,82,83,86,88,90,95,101,103,104,106,108,110,113,115,118,119 "106";
107 5 0 2,7,9,12,14,20,25,26,27,29,33,35,37,39,45,48,50,51,52,57,60,62,65,69,71,73,76,78,83,85,86,91,93,95,96,103,106,110,113,117 "107";
108 6 1 0,2,7,36,40,68,71,74,87,94,101,109 "108";
109 106 0 3,4,7,9,11,15,18,19,21,24,28,30,33,35,37,38,40,41,45,48,51,53,54,58,60,61,63,64,65,67,68,70,71,72,78,80,82,85,90,92,95,100,101,102,104,109,112,115,116 "109";
110 46 0 5,10,14,28,32,38,40,48,52,57,63,64,79,84,96,97,99,108,117 "110";
111 15 0 0,6,8,10,13,18,20,21,22,25,26,27,29,35,40,43,46,50,52,54,56,59,61,68,71,75,78,84,86,94,96,101,104,109,117,119 "111";
112 92 1 0,7,9,18,20,21,25,31,32,43,47,55,62,66,75,85,87,101,104,106,111,119 "112";
113 81 0 7,8,15,16,18,24,27,28,36,37,40,42,45,49,57,60,62,67,69,71,75,83,98,100,102,104,111,112,119 "113";
114 2 0 35,40,50,58,59,88,104 "114";
115 0 1 0,8,10,20,27,50,58,71,82,93,101,117 "115";
116 114 1 4,8,14,19,22,25,29,33,37,45,51,55,59,64,68,72,75,78,80,89,93,96,99,100,109,114 "116";
117 4 0 1,4,5,8,11,13,17,20,22,25,28,31,32,35,38,41,44,46,48,52,53,54,60,65,66,68,70,72,76,78,80,86,88,90,92,95,96,101,103,106,107,110,111,112,114 "117";
118 44 1 0,1,4,6,8,9,14,16,17,19,21,24,29,31,32,33,40,43,44,45,47,48,51,53,54,57,61,63,64,66,67,68,70,72,73,74,77,79,81,83,84,87,89,90,93,95,96,97,99,101,102,105,107,108,110,112,114,117,119 "118";
119 46 0 8,19,25,29,30,31,68,76,85,87,112,117,119 "119";
