parity 119;
0 54 0 0,4,6,12,26,36,38,42,52,56,69,81,89,94,98,100,107,110,115,119 "0";
1 76 0 7,15,21,59,94,117,118 "1";
2 18 0 42,61,69,75,114 "2";
3 56 1 7,63,105 "3";
4 38 0 8,11,19,44,46,50,55,58,60,63,78,100,106,114 "4";
5 99 1 0,4,7,16,20,21,28,31,32,35,37,39,48,51,53,55,58,62,70,74,76,79,81,92,94,97,99,101,105,109,111,114,115,118 "5";
6 51 0 2,3,6,8,10,14,18,20,23,31,33,38,39,41,44,45,46,47,48,50,56,58,61,65,67,69,70,73,75,77,79,80,81,88,90,94,96,98,100,101,103,104,106,110,112 "6";
7 45 1 0,3,6,11,12,13,15,22,24,27,30,32,39,41,45,46,47,51,53,64,66,77,83,84,90,91,98,101,104,105,114,116 "7";
8 38 0 1,2,4,6,8,11,13,14,15,16,20,21,23,25,27,28,30,31,39,40,41,43,45,49,51,53,54,59,62,63,64,65,67,69,70,74,75,76,78,85,86,87,90,91,95,96,98,103,105,107,109,111,114,115,116,117,119 "8";
9 99 1 0,2,6,9,10,14,15,19,20,25,29,31,33,34,37,38,40,43,45,47,48,50,56,57,60,62,66,70,74,76,78,79,81,82,84,85,88,89,91,94,95,96,100,102,104,108,109,110,113,115,117,118 "9";
10 115 0 0,1,5,10,11,13,14,17,19,20,22,23,25,31,33,34,37,38,41,42,45,46,48,51,54,56,60,62,64,69,71,72,75,76,79,81,84,87,88,90,91,94,100,103,105,106,107,111,112,113,117,118,119 "10";
11 22 1 0,4,9,13,19,22,26,30,34,35,37,44,48,50,58,59,67,73,74,78,83,87,95,97,99,105,119 "11";
12 3 1 1,2,4,6,11,12,14,17,18,19,22,24,25,27,34,37,38,41,43,48,49,54,59,60,62,64,65,66,70,72,78,81,92,95,96,98,101,102,110,117 "12";
13 23 1 1,4,5,7,9,11,13,16,17,19,21,22,24,26,28,31,33,38,40,42,44,45,49,50,54,55,57,58,59,62,63,64,66,69,70,72,73,75,76,78,81,82,83,85,87,90,92,93,95,96,99,100,103,106,107,109,112,115,118,119 "13";
14 73 1 1,2,4,6,7,11,13,14,16,18,20,21,24,30,33,34,36,37,42,46,47,48,53,56,60,65,70,77,84,86,88,89,92,95,99,103,106,107,109,116,118,119 "14";
15 33 0 3,7,11,14,18,19,20,23,24,26,27,32,34,35,39,42,43,44,49,53,58,59,61,64,67,70,71,74,75,78,82,83,84,88,91,96,100,101,105,106,108,111,113,116,117,118 "15";
16 24 0 0,3,4,8,11,13,15,21,24,25,27,29,30,32,36,41,43,47,50,54,56,58,63,67,68,72,73,75,76,79,80,81,85,89,92,93,95,97,99,100,101,102,104,107,109,112,115,116,119 "16";
17 34 0 37,46,50,56,87 "17";
18 27 1 6,14,29,32,33,35,38,55,57,60,71,75,79,81,87,98,115 "18";
19 104 0 26,42,57,74,77,85,114 "19";
20 100 0 0,1,4,5,7,12,15,17,20,23,25,27,29,32,35,37,38,40,41,44,48,50,52,57,59,60,61,67,69,70,72,76,79,81,83,84,86,88,89,92,93,95,97,99,101,104,108,109,112,114,115,117 "20";
21 66 1 0,2,6,13,15,20,24,26,31,41,43,50,53,54,60,61,63,66,67,72,75,79,80,82,84,86,89,92,93,96,99,107,108,110,111,113,115 "21";
22 111 0 1,3,13,17,23,25,28,31,33,37,42,44,47,49,50,53,56,60,61,63,64,66,68,71,72,75,77,78,80,84,86,91,96,99,100,102,103,105,109,110,114,116,119 "22";
23 46 1 22,56,102 "23";
24 99 0 4,5,22,24,25,27,36,37,38,40,41,44,46,48,51,52,60,70,72,77,82,86,88,91,100,103,106,108,113,119 "24";
25 23 0 0,1,4,6,8,9,10,12,17,20,22,23,24,27,29,31,32,34,36,38,41,43,45,48,52,53,55,57,58,60,61,63,67,68,69,71,72,76,77,79,88,90,91,94,96,97,101,102,109,111,113,114,116,117 "25";
26 103 0 0,5,13,14,16,19,29,33,36,37,39,42,45,46,52,53,55,60,64,68,71,72,73,75,76,79,82,84,87,91,93,94,97,100,102,107,109,117 "26";
27 10 1 0,1,5,8,10,14,19,24,26,29,32,34,35,40,41,44,45,51,59,62,63,66,68,69,71,74,75,76,81,82,83,85,87,89,91,95,96,98,100,102,103,108,111,113,116,118,119 "27";
28 27 0 0,2,4,8,9,11,12,14,16,18,21,23,25,27,28,30,31,33,35,39,41,43,46,48,51,53,55,56,59,60,64,66,68,69,71,74,77,80,84,88,90,92,95,96,99,101,102,106,108,116,117,119 "28";
29 53 1 4,5,12,14,16,21,29,30,32,34,35,36,40,43,44,45,47,56,57,59,65,67,68,69,71,77,79,81,86,93,94,96,97,98,104,107,108,117 "29";
30 26 1 4,5,8,9,10,13,14,15,17,21,22,24,27,30,32,36,39,40,42,43,45,47,50,52,55,57,60,62,63,65,66,73,74,77,79,80,82,83,85,87,89,92,94,95,96,98,99,101,105,107,109,111,113,117,118 "30";
31 32 0 1,2,4,8,10,12,14,17,20,24,25,27,29,30,32,34,35,37,40,41,43,45,47,48,50,51,53,54,57,58,60,62,65,67,68,72,74,75,79,80,82,86,87,89,91,93,94,95,98,99,102,103,105,107,108,112,116,119 "31";
32 108 0 6,10,12,16,20,24,33,38,41,43,48,51,54,55,57,59,61,62,69,72,80,82,91,92,94,100,105,106,108,112,113,116,119 "32";
33 42 0 0,5,6,9,10,13,31,40,44,45,50,52,55,58,64,65,73,76,81,82,91,93,96,99,101,110,111 "33";
34 9 0 3,47,60,68,83,87 "34";
35 27 0 0,4,6,7,9,10,11,13,15,16,20,27,28,31,33,35,38,41,43,44,46,47,48,50,52,55,57,60,62,64,66,70,72,74,79,80,82,84,86,87,90,91,92,93,94,96,100,101,103,104,107,108,111,113,114,117,118 "35";
36 84 0 0,22,42,52,65,72,74,80,84,90,94,112,115 "36";
37 77 1 1,2,9,11,13,16,21,22,23,25,27,33,37,43,45,46,49,56,58,62,66,70,72,80,84,86,88,95,99,110,118 "37";
38 33 1 1,4,6,8,9,12,14,18,20,23,24,26,28,30,33,34,36,39,40,42,48,50,54,56,57,59,60,62,65,66,68,72,74,75,77,81,83,84,89,92,94,96,98,102,104,106,108,112,115,119 "38";
39 24 1 1,2,6,10,12,15,22,23,25,27,32,34,35,37,40,41,45,50,52,58,61,76,89,95,98,104,108,110,113,116 "39";
40 115 1 3,12,24,26,34,38,40,44,58,64,68,70,77,86,87,91,105,114 "40";
41 66 1 1,2,9,14,21,23,28,35,37,40,43,49,55,57,59,64,65,67,68,70,76,78,81,88,90,96,97,98,101,103,104,105,107,109,114,115,118 "41";
42 83 0 1,4,6,7,8,9,11,15,16,18,20,22,25,26,27,29,30,31,32,36,38,41,43,48,50,51,52,55,57,59,61,62,65,68,69,72,73,75,76,79,81,85,86,89,90,91,100,102,104,106,108,111,112,114,116,118 "42";
43 8 1 5,8,9,15,19,22,25,27,30,34,42,51,53,58,62,65,69,71,75,80,82,83,85,86,87,89,92,94,96,98,99,101,102,104,107,109,116,118,119 "43";
44 69 1 1,2,3,7,9,14,28,35,37,38,46,58,66,75,83,88,95,98,103,105,111,114 "44";
45 19 1 3,7,14,20,29,32,38,45,50,53,59,60,62,64,69,73,81,88,97,105 "45";
46 17 0 0,2,3,6,9,11,14,16,18,19,21,24,25,29,31,32,34,37,38,40,41,43,44,47,48,50,52,54,55,57,58,61,65,66,67,69,72,73,75,77,82,85,86,88,90,91,93,94,96,98,99,103,105,109,111,112,117,119 "46";
47 90 1 1,2,4,7,8,13,14,15,18,20,21,24,25,26,29,33,35,37,40,41,42,48,50,51,52,54,57,60,61,63,65,67,71,72,73,78,80,81,83,85,88,91,92,95,96,97,100,102,104,106,107,109,111,112,114,117 "47";
48 93 1 0,1,2,4,5,10,12,14,16,19,22,26,28,31,32,36,38,41,46,47,50,54,58,61,63,64,65,69,71,74,76,77,81,82,83,85,86,89,92,98,101,102,105,107,111,112,115,116,117,119 "48";
49 8 0 3,5,7,9,11,12,17,20,22,25,32,34,37,40,42,44,46,49,50,54,60,62,63,70,72,74,82,83,86,88,91,93,95,100,107,110,111,115,116,117,118 "49";
50 94 0 2,9,12,15,24,34,35,37,41,53,55,57,62,65,67,70,71,75,76,92,101,116,117,119 "50";
51 16 1 3,5,7,12,21,29,33,38,47,49,70,88 "51";
52 46 1 0,5,10,12,21,22,26,29,31,37,39,40,43,46,47,49,51,54,55,56,59,62,63,65,68,69,70,75,76,79,80,83,85,88,89,90,93,94,96,97,100,101,103,110,112,113,115,118,119 "52";
53 101 1 0,1,2,5,6,8,13,19,21,22,24,25,29,38,40,44,46,54,55,59,61,63,64,69,71,75,76,78,79,82,85,89,96,98,100,101,106,111,114,116 "53";
54 107 1 2,4,7,12,14,18,23,24,26,27,29,32,34,37,38,39,42,45,47,48,49,51,53,54,56,60,63,64,68,70,74,76,84,88,90,92,94,98,100,102,104,105,108,110,112,113,114,116,118 "54";
55 84 0 0,1,5,7,8,11,17,20,22,25,28,30,31,35,37,41,45,47,50,54,55,58,61,66,68,73,77,78,79,81,86,90,94,97,101,102,105,106,109,110,112,113,114,115 "55";
56 110 0 0,2,5,7,11,14,21,22,24,26,28,30,33,35,39,41,42,44,45,48,51,53,55,56,59,63,67,69,72,73,78,82,83,87,90,92,95,97,99,100,101,103,105,107,109,111,113,114,116,117,119 "56";
57 91 1 6,10,13,15,21,26,27,30,32,33,34,38,42,50,54,59,62,65,66,69,70,74,78,81,82,83,87,90,92,95,97,99,100,105,113,114,115,117 "57";
58 24 0 1,2,3,6,8,9,10,12,15,16,18,20,23,24,27,29,30,31,35,36,39,43,44,45,50,52,53,55,57,59,61,62,63,67,68,70,72,74,78,80,81,84,87,91,92,95,96,98,99,102,104,106,108,110,113,114,116,118 "58";
59 35 1 0,1,3,4,5,6,7,11,14,18,21,22,24,26,28,35,37,38,39,42,43,45,48,50,53,56,57,59,61,63,66,68,71,72,75,77,78,82,84,85,90,96,97,101,102,110,113,116,119 "59";
60 51 0 8,13,19,22,25,31,34,35,41,43,45,49,52,70,76,78,80,85,89,90,94,97,98,103,112,113,115,116,119 "60";
61 27 0 1,2,4,6,8,9,11,14,18,19,22,27,30,32,33,34,35,38,39,40,42,43,45,46,48,50,53,54,59,60,62,65,67,69,71,72,76,82,87,88,91,92,93,94,96,98,100,101,102,105,107,109,111,115,117 "61";
62 1 0 0,1,31,33,39,43,45,48,49,51,55,58,61,62,65,68,74,77,85,91,94,95,101,103,107,109,116 "62";
63 84 1 2,4,14,17,19,23,29,31,37,39,41,44,47,54,64,70,76,81,88,92,93,105,115 "63";
64 34 0 4,8,9,83,88,96,100 "64";
65 28 1 10,11,13,14,17,19,20,36,38,44,50,54,64,74,78,80,119 "65";
66 78 0 18,36,59,106,117 "66";
67 64 1 25,27,34,43,65,92,109 "67";
68 58 1 3,6,11,15,17,18,20,22,23,26,27,31,32,33,35,36,38,39,42,43,45,46,48,50,57,58,60,63,64,66,71,72,76,78,82,84,85,86,87,90,91,92,97,98,100,104,105,106,107,110,116,118 "68";
69 50 0 3,43,50,55,61,81,86,93,106 "69";
70 16 1 3,8,11,14,21,23,25,26,29,34,40,41,44,51,53,56,57,63,68,70,76,78,83,84,85,87,90,96,99,108,115,117 "70";
71 107 0 2,3,9,10,11,15,18,21,24,29,32,33,36,37,39,41,42,46,50,53,55,56,58,61,68,73,82,84,87,88,92,95,96,99,102,105,108,111,113,116,119 "71";
72 42 0 3,5,9,12,14,18,22,23,30,31,33,34,38,42,46,49,57,60,63,65,68,70,72,73,75,80,83,85,87,88,92,93,96,100,102,104,105,107,109,114,118 "72";
73 5 0 8,12,15,16,19,24,26,35,36,39,47,51,54,57,59,70,77,82,86,92,104,106,108,113,118 "73";
74 73 0 0,1,2,4,5,9,11,14,18,20,23,24,27,29,31,33,34,36,39,41,43,45,47,49,50,52,54,55,58,61,62,66,68,69,72,75,77,79,80,83,84,87,88,90,91,93,94,95,98,107,109,110,114,115,117,118 "74";
75 15 1 1,3,4,6,13,17,19,20,23,27,29,31,37,39,42,44,48,51,60,67,74,82,84,88,90,93,97,98,103,104,105,107,108,110,112,113,115,116,118 "75";
76 48 1 1,2,4,5,7,11,13,14,16,17,19,20,22,23,25,28,29,31,33,34,38,41,42,44,46,47,51,52,57,58,66,68,69,71,74,76,79,81,84,85,88,90,91,93,94,96,97,99,102,103,105,106,107,109,112,116,117 "76";
77 15 0 2,4,5,18,22,24,41,53,55,62,71,79,83,103,116 "77";
78 1 0 2,7,9,12,14,16,17,19,20,23,28,33,38,39,42,55,61,63,64,67,69,77,78,82,84,86,90,94,98,100,104,107,109,111,114 "78";
79 0 0 24,32,78,86,100,103,117 "79";
80 117 1 1,2,3,5,7,8,11,12,14,16,19,21,22,24,25,27,31,32,35,37,39,40,42,43,47,49,50,52,55,57,58,60,62,64,65,67,69,72,74,76,78,79,83,85,91,92,94,96,98,101,104,106,107,110,112,113,115,117,118,119 "80";
81 59 0 2,3,5,7,9,12,13,17,20,23,24,25,27,30,31,35,37,39,43,49,50,51,55,58,59,61,64,68,70,71,74,77,78,83,87,89,95,96,98,104,107,112,115,118,119 "81";
82 84 0 0,2,5,8,9,11,14,17,19,21,22,25,32,35,38,40,42,44,45,46,48,49,51,54,55,57,58,59,60,61,63,66,68,72,73,75,80,83,85,86,88,90,91,94,97,98,100,102,103,105,107,109,111,112,114,115,118 "82";
83 110 0 2,6,7,19,22,25,26,35,47,51,53,63,75,78,85,95,99,109,115,116,118 "83";
84 41 1 7,24,38,51,63,67,74,104,116,118 "84";
85 50 0 4,9,16,18,20,25,26,28,29,31,40,43,45,49,53,55,58,67,70,71,73,80,85,88,91,93,98,105,108 "85";
86 50 0 0,3,8,12,14,15,16,20,25,26,27,29,30,31,35,37,39,43,45,47,50,54,56,58,62,64,70,72,74,75,76,80,85,89,91,92,95,100,104,106,109,113,118,119 "86";
87 58 0 8,11,13,17,20,22,30,31,33,39,40,43,51,54,60,73,74,82,83,104,106,107,110,111,113,115 "87";
88 5 0 1,4,7,9,11,13,18,24,30,34,38,39,40,41,45,46,49,50,54,56,58,59,61,63,64,69,71,75,77,79,82,84,87,89,91,96,105,106,108,110,113,118,119 "88";
89 65 1 7,12,15,19,26,36,37,41,48,55,60,61,64,71,75,76,79,85,87,92,93,96,97,100,101,103,113,116,117,119 "89";
90 47 1 4,6,7,9,12,16,19,20,23,27,29,31,35,36,41,43,47,51,53,55,57,60,66,71,78,79,80,82,84,86,87,93,95,98,100,101,106,109,112,113,116,117 "90";
91 27 1 6,9,10,12,15,17,21,22,25,28,32,34,37,41,42,49,51,52,57,59,60,62,71,77,85,88,89,92,95,98,100,103,106,107,111,118 "91";
92 37 1 0,1,5,7,9,10,13,16,17,19,21,22,25,26,28,30,31,35,37,39,44,49,55,56,57,59,62,66,67,72,77,78,80,81,86,93,95,97,98,104,108,109,113,116,118 "92";
93 56 0 5,9,11,12,20,24,39,45,50,52,62,76,95,99,106,109,113 "93";
94 21 1 6,14,17,19,30,32,34,43,44,50,51,54,55,60,63,72,81,83,88,98,100,104,107,115 "94";
95 117 1 8,24,30,34,39,59,63 "95";
96 89 1 1,2,3,5,6,8,9,12,17,20,22,28,30,33,34,35,37,38,40,42,45,48,49,51,53,54,55,59,60,62,63,66,70,71,73,75,78,80,81,87,88,89,90,92,93,97,100,103,106,107,108,110,112,113,115,118,119 "96";
97 91 1 2,7,8,10,12,14,15,19,22,25,28,31,33,34,36,39,41,45,48,52,55,57,59,60,62,66,67,70,73,79,81,82,87,88,91,93,94,95,96,97,99,100,104,105,107,108,109,112,113,115,118,119 "97";
98 59 0 0,3,5,8,12,15,17,18,19,23,25,26,27,29,31,32,37,38,43,45,46,48,49,51,53,54,58,62,63,65,66,68,69,70,71,75,76,77,79,80,82,83,84,86,89,90,93,94,97,99,101,103,104,108,109,112,113,114,117 "98";
99 10 0 9,11,12,15,16,17,30,34,37,44,46,47,50,52,53,54,56,57,59,72,73,78,86,91,92,95,98,101,106,110,113,115 "99";
100 20 1 1,4,9,16,28,30,32,37,39,40,42,43,46,50,54,56,58,62,63,65,67,69,73,76,80,82,84,87,101,104,109,115,116,118 "100";
101 9 1 1,3,9,14,15,20,22,24,26,29,30,32,35,39,45,46,50,52,55,57,60,61,64,66,70,72,75,76,78,79,81,84,86,89,91,93,94,97,102,103,105,106,108,112,113,115,116,119 "101";
102 54 1 1,22,46,55,59,60,62,71,81,88,89,99,100,112 "102";
103 106 1 3,9,12,17,20,21,25,26,29,30,31,33,37,44,48,49,51,52,56,63,66,68,72,74,75,77,81,83,86,88,95,98,103,106,109,113,114,119 "103";
104 34 0 0,2,7,8,11,16,18,20,25,31,33,34,35,40,44,48,55,57,61,64,66,68,69,76,77,79,86,88,95,97,102,103,108,109,115,119 "104";
105 65 1 0,2,5,8,17,24,25,31,37,38,41,47,55,61,69,74,78,81,82,97,105,110,113,117 "105";
106 32 1 3,5,12,14,21,29,33,47,53,57,60,62,66,67,71,73,75,80,85,88,95,98,100,106,114,116,118 "106";
107 20 1 42,99 "107";
108 26 0 1,8,13,17,20,21,22,31,35,41,44,46,48,53,61,64,67,74,75,81,86,87,103,106,107,110,113 "108";
109 85 1 6,10,20,22,23,24,27,30,46,48,50,52,53,61,63,67,68,72,74,77,78,84,87,92,107,115 "109";
110 95 0 0,11,12,13,15,20,21,25,32,45,52,55,57,60,69,71,85,100,103,105,112,114 "110";
111 32 1 0,2,7,11,13,19,21,23,29,30,34,36,37,42,48,53,55,57,59,62,68,71,74,76,78,81,82,87,101,103,115,117 "111";
112 73 1 1,12,15,18,20,24,25,28,32,33,38,42,45,50,53,55,58,61,64,67,68,70,72,77,81,91,95,96,100,103,106,108,112,117 "112";
113 58 1 0,2,7,10,13,14,18,20,24,27,32,35,37,40,43,45,49,53,58,59,60,64,65,67,71,76,79,82,90,94,96,102,104,106,108,110,112,116,117 "113";
114 57 0 0,2,4,5,7,9,10,12,13,25,26,28,29,30,32,33,37,39,42,44,45,47,49,50,51,53,54,56,58,59,61,63,64,65,66,69,70,74,75,76,77,80,82,84,85,88,89,90,95,96,98,99,101,103,105,106,110,116,118 "114";
115 23 0 1,2,5,7,9,12,14,16,19,21,24,25,30,33,37,38,40,41,44,47,49,51,55,57,68,69,70,76,84,92,94,98,101,102,106,112,115,117 "115";
116 98 0 1,2,20,27,29,32,35,38,44,54,56,61,63,65,68,83,85,90,92,99,115,119 "116";
117 5 1 0,7,11,13,15,17,19,23,25,28,32,37,39,42,46,49,53,60,65,69,71,73,75,79,86,87,97,103,106,108,110,111,116,118 "117";
118 45 1 1,4,6,7,9,10,12,15,16,19,20,22,26,27,29,32,34,35,39,41,43,45,47,48,54,57,60,62,66,68,70,75,76,78,80,82,83,85,93,95,102,107,110,112,114,115,117,119 "118";
119 5 0 5,8,15,18,21,23,28,39,42,59,64,67,68,70,82,85,87,91,92,93,98,99,104,107,110,111,114,117 "119";
