parity 120;
0 89 1 28,64,70,77,95,114,117 "0";
1 11 0 2,4,10,12,15,18,20,22,25,29,43,56,57,61,64,67,69,73,76,81,84,88,96,107,109,110,116,118,120 "1";
2 84 1 0,2,3,4,7,8,12,16,17,18,20,22,24,25,29,30,35,37,40,41,43,44,45,52,53,55,59,61,64,67,68,72,74,77,81,83,87,90,92,93,94,98,101,103,107,113,115,116,119,120 "2";
3 87 1 0,7,11,13,23,30,34,45,61,81,89,92,94,98,100,104,107,112,114,118 "3";
4 33 0 0,15,21,23,69,82,93,100,101,112 "4";
5 97 1 0,4,8,11,19,22,24,27,29,31,33,35,38,41,44,45,46,48,50,52,55,56,57,59,61,63,65,67,69,70,72,73,75,77,78,84,85,87,89,91,92,96,99,101,102,105,106,108,111,112,114,117,119 "5";
6 83 1 0,4,6,8,9,13,15,16,18,20,22,29,31,34,39,43,47,50,52,53,56,58,61,65,67,70,74,75,82,85,87,88,96,100,103,109,113,116,117 "6";
7 24 1 2,9,10,19,21,24,29,32,33,41,51,57,58,66,67,68,70,73,85,90,102,105,107,110,120 "7";
8 23 0 14,23,32,47,53,88 "8";
9 46 0 1,9,11,12,15,17,20,23,26,28,31,39,42,43,51,55,63,65,71,72,75,76,79,81,83,84,86,88,90,91,92,97,99,100,101,104,106,108,110,112,114,115,119 "9";
10 94 0 1,3,5,7,9,13,17,18,21,22,24,25,27,28,31,33,34,36,38,39,41,42,44,47,49,51,52,53,58,59,62,64,66,68,72,73,77,80,81,83,85,86,87,89,90,92,93,95,96,97,99,101,102,104,108,110,111,113,117,119,120 "10";
11 80 1 32,44,46,48,58,63,66,73,77,82,102,114,115 "11";
12 88 1 9,79 "12";
13 48 1 1,6,7,12,13,15,18,20,22,26,27,30,31,33,35,36,39,41,42,43,45,47,49,52,54,57,59,61,63,64,65,68,69,70,73,75,78,79,82,86,88,89,97,99,101,103,111,113,114,115,117,118 "13";
14 92 1 45,56,63,71,78,85,103,106,111,114 "14";
15 69 1 3,5,56,63,88,99 "15";
16 3 1 0,1,3,6,8,10,16,17,21,23,29,30,32,34,35,36,39,41,47,56,61,63,64,68,70,71,74,79,83,86,88,90,92,100,103,104,105,108,112,115,116,117,120 "16";
17 21 0 0,2,10,14,22,30,31,42,46,79,81,84,87,93,99,102,109,114 "17";
18 61 1 1,3,16,18,19,23,28,31,36,37,38,39,40,53,58,73,74,77,82,83,85,89,93,96,111,113,118 "18";
19 87 1 9,51,94 "19";
20 87 0 3,7,13,16,24,28,34,37,41,42,45,48,50,51,59,65,70,72,75,77,80,82,88,90,91,93,95,96,100,104,107,112,117,119 "20";
21 92 1 0,3,4,5,7,9,11,15,17,21,26,32,34,36,37,40,43,45,47,52,54,56,57,60,65,68,70,72,73,75,76,79,80,84,86,87,91,95,99,102,104,105,109,111,112,115 "21";
22 74 1 72,115 "22";
23 38 0 13,32,50,90 "23";
24 75 1 4,8,9,11,13,15,16,17,18,29,37,40,41,49,57,59,61,65,67,82,88,92,95,98,100,101,105 "24";
25 39 0 25,54,78,89 "25";
26 45 0 2,4,6,10,14,18,20,23,29,37,41,43,46,48,49,52,54,56,58,59,62,66,68,70,71,73,74,76,77,79,85,88,95,96,98,104,107,109,110,114,116,119,120 "26";
27 119 0 10,23,25,37,48,79,98 "27";
28 7 0 5,8,14,15,21,29,37,41,49,54,58,76,78,85,86,89,95,96,98,102,103,106,111,114,118 "28";
29 41 1 6,13,14,17,18,19,21,23,27,30,34,35,36,39,42,46,51,52,60,62,67,68,74,76,79,84,96,99,102,104,105,107,110,113,116,118,120 "29";
30 99 1 21,42,50,78,84,93,96,113 "30";
31 64 0 1,6,7,9,18,20,24,25,28,30,32,36,40,43,44,47,50,55,57,58,59,62,65,70,72,75,77,79,80,81,85,91,92,94,100,104,106,110,111,115,120 "31";
32 6 1 1,2,5,7,9,10,16,19,21,22,24,29,31,32,34,36,38,41,42,43,45,47,51,53,55,57,61,62,63,74,75,81,82,85,86,88,89,91,92,93,99,102,103,105,109,111,113,114,115,116,117,120 "32";
33 22 0 6,12,13,21,24,30,32,34,36,39,42,44,47,50,56,57,78,80,86,87,91,92,105,108,112,116,118 "33";
34 2 0 3,5,7,10,12,15,16,18,19,21,23,24,30,35,37,38,41,42,44,46,47,48,50,54,55,61,64,67,70,71,77,83,88,90,93,96,99,101,104,105,107,110,114,115,117,119 "34";
35 88 1 3,5,17,18,20,24,49,55,72,75,97,102,110,116,118,119 "35";
36 100 1 1,4,7,15,16,22,23,31,39,40,48,49,57,58,60,61,62,64,73,78,82,85,90,93,99,101,102,105,109,111,116,119 "36";
37 27 1 0,5,24,31,32,33,38,41,50,55,57,60,68,73,77,80,83,86,89,92,93,99,106,110,115 "37";
38 77 0 1,3,4,5,6,7,10,13,17,18,21,23,29,33,35,37,38,40,42,46,48,49,51,57,59,60,61,64,65,68,73,76,77,80,81,82,85,87,89,90,91,94,96,97,99,100,102,104,108,110,113,114,115,118,120 "38";
39 113 1 3,5,10,12,16,21,22,24,28,31,40,42,47,53,68,69,73,79,83,86,90,99,100,101,104,110,115,119 "39";
40 26 0 0,4,10,14,19,22,25,27,29,31,32,34,36,39,44,48,54,57,61,65,69,71,75,78,83,84,85,88,90,91,93,96,98,100,103,108,109,111,112,116,119 "40";
41 107 0 0,1,2,4,6,10,15,18,24,25,28,30,32,33,35,37,38,39,41,43,45,47,48,49,51,53,55,57,59,61,62,63,64,67,70,71,73,75,77,78,80,85,87,90,94,96,97,98,101,104,106,108,111,113,115,116,117 "41";
42 51 1 0,1,2,6,7,9,10,12,16,18,20,24,25,27,28,29,31,32,34,36,41,43,44,46,48,49,54,55,58,59,63,64,69,70,72,75,77,80,81,83,86,88,89,92,94,98,99,101,106,107,109,113,114,115,117,119 "42";
43 34 0 1,3,6,12,24,28,35,48,50,57,65,73,86,90,92,95,101,104,110,112,115,116,119 "43";
44 120 1 0,3,20,24,29,32,39,40,42,45,52,53,56,58,59,64,66,68,70,80,82,84,93,95,100,102,108,113,115,116,119 "44";
45 9 1 18,20,23,29,76,81,89,94,96,101 "45";
46 20 1 1,7,12,22,24,28,30,31,36,37,46,54,58,65,75,77,80,85,87,90,93,95,97,99,110,112,116 "46";
47 31 0 5,8,11,19,24,26,31,33,34,37,39,42,46,52,59,62,67,73,80,82,86,88,89,92,99,100,105,107,110,113,116,119,120 "47";
48 12 0 0,3,6,9,11,14,20,24,26,28,29,31,33,39,40,42,45,49,54,55,57,59,61,63,66,68,70,74,75,77,79,83,85,87,88,91,94,96,99,100,103,104,106,110,111,112,114,116,117,120 "48";
49 46 1 2,13,27,29,41,51,54,57,60,62,67,73,77,83,87,120 "49";
50 105 0 0,6,11,28,46,59,61,66,67,84,98,99,101,104,112,113,117,120 "50";
51 71 0 0,2,3,7,10,12,16,18,25,32,33,35,41,52,53,57,61,63,64,69,72,75,82,90,95,105,109,115,119 "51";
52 99 1 0,2,4,7,8,12,14,17,19,21,26,27,29,31,36,37,39,41,42,45,47,49,51,53,55,56,62,64,66,67,70,71,73,76,77,81,83,85,88,91,94,96,98,99,103,105,108,110,113,115,117,119 "52";
53 41 1 29,46,49,75,99,107 "53";
54 88 1 0,10,28,36,44,46,50,55,72,77,84,94,99,120 "54";
55 78 1 0,5,21,25,29,31,33,43,49,50,54,57,61,63,67,78,92,97,100,108,119 "55";
56 82 1 8,12,19,21,22,24,26,27,36,39,45,53,54,61,71,73,76,81,90,98,118,119 "56";
57 8 0 7,12,28,32,37,40,42,53 "57";
58 113 1 13,22,35,52,55,73,76,81,88,95,110 "58";
59 66 1 1,3,5,7,8,10,13,17,21,24,25,27,31,34,35,37,39,41,44,45,49,51,52,55,58,59,62,64,68,70,72,73,76,77,79,85,87,88,90,92,94,97,100,103,105,106,111,113,116,120 "59";
60 92 0 2,10,13,16,17,18,20,23,26,31,32,35,37,40,46,49,50,52,53,54,56,59,61,63,65,66,69,74,76,77,78,79,83,87,90,94,95,97,99,101,106,107,113,117 "60";
61 82 0 0,2,4,5,7,9,10,15,16,19,23,26,29,31,33,37,38,40,41,43,46,50,51,54,56,60,63,65,68,72,74,81,83,84,87,89,93,95,98,101,105,106,107,110,112,115,118 "61";
62 98 1 2,14,27,43,48,67,79,90,91,103,104,105,107,112,114,116 "62";
63 112 1 0,3,4,6,9,11,13,14,16,17,21,23,24,27,28,30,32,34,36,38,40,42,47,48,50,52,56,61,62,65,67,69,70,72,73,74,76,77,78,80,83,85,86,88,92,94,95,103,104,106,107,108,109,113,119 "63";
64 39 1 0,5,9,11,13,15,17,19,20,22,24,26,28,29,32,34,37,41,43,45,49,51,52,54,55,57,59,60,62,65,68,72,73,76,79,81,83,87,89,92,95,97,98,100,103,106,108,111,113,116,117,119 "64";
65 70 0 1,10,12,15,17,18,23,27,32,36,41,44,47,50,52,65,72,78,91,94,96,99,104,109,111,113,114,117,118 "65";
66 16 0 0,4,9,11,14,16,21,25,32,35,39,43,45,51,55,59,61,68,77,79,80,81,86,95,98,99,103,108,112,113,116 "66";
67 112 1 0,2,4,5,7,11,24,26,35,38,46,48,50,52,56,57,59,66,68,77,81,96,98,104,105,117,119 "67";
68 92 1 15,19,20,24,48,50,53,55,62,64,75,77,79,86,89,92,95,100,110,112,115,117,119 "68";
69 120 0 0,5,9,11,16,18,23,25,26,29,33,35,37,40,41,46,56,62,67,68,71,73,74,77,83,85,86,87,88,91,92,96,103,106,114,119 "69";
70 16 0 1,3,6,17,26,28,46,50,53,55,57,62,65,66,68,71,72,78,82,85,90,91,100,105,110,115,116,118,120 "70";
71 21 1 4,11,13,14,16,19,30,33,57,63,65,67,73,88,89,93,101,103,104,110,115,119 "71";
72 67 0 0,9,11,16,19,22,27,32,35,37,41,50,56,59,61,64,68,69,76,79,85,90,92,94,101,103,104,107,109,110,112,114,118,119 "72";
73 59 1 2,10,12,20,24,30,34,38,48,76 "73";
74 78 1 2,3,11,12,17,24,26,32,33,35,36,37,40,43,47,50,55,62,65,66,69,72,75,79,81,84,87,95,99,106,112,114,116 "74";
75 73 0 2,8,9,11,15,29,32,38,40,47,50,64,66,70,85,89,91,93,96,99,105,108,113 "75";
76 29 0 25,47,53,84 "76";
77 74 1 9,33,34,47,58,72,73,83,101,110,112 "77";
78 62 1 5,7,8,10,17,26,30,32,46,47,48,50,59,62,64,66,67,70,72,74,76,78,85,86,87,91,92,98,106,108,112,115,117 "78";
79 30 1 0,1,5,6,7,8,10,14,17,19,20,23,25,26,28,32,35,36,37,39,41,42,44,45,47,50,52,54,56,58,61,65,67,68,72,73,76,78,80,81,83,85,87,90,91,94,96,97,100,102,103,105,106,108,110,112,118,120 "79";
80 105 0 2,6,8,10,12,18,22,24,26,27,33,38,40,42,44,45,50,53,55,58,62,69,77,79,81,83,84,86,89,93,96,104,109,110,111,113,115,117,118 "80";
81 83 1 1,18,22,34,44,60,64,72,82,106,109,120 "81";
82 103 0 1,8,24,29,33,35,43,86,92,96 "82";
83 92 0 0,2,8,11,15,16,18,20,21,22,26,28,32,33,34,36,41,42,43,44,45,49,52,54,60,62,64,65,67,68,70,72,74,75,78,80,82,85,89,90,91,92,94,95,99,100,102,106,109,110,112,114,117,118,119 "83";
84 41 1 6,13,17,33,35,38,43,49,54,59,60,62,64,66,68,70,75,80,91,95,102,104,109,114,115 "84";
85 41 0 2,5,8,9,12,14,19,22,23,25,27,31,32,36,37,39,42,45,46,50,54,61,64,67,70,72,77,79,84,91,96,97,100,102,104,108,109,111,116,120 "85";
86 44 1 18,73,91,100,119 "86";
87 115 0 0,3,4,9,10,14,15,17,20,22,23,24,27,29,31,40,41,42,44,46,48,49,50,52,53,57,59,60,65,67,69,70,73,74,76,78,79,80,81,83,85,88,90,92,96,97,99,101,104,105,106,109,110,112,114,117,118,120 "87";
88 18 1 3,11,15,16,18,24,28,37,39,49,50,53,55,59,62,64,66,70,76,79,84,89,108,110,116,120 "88";
89 44 1 1,3,8,11,17,19,24,29,34,36,42,46,48,49,58,60,61,69,72,74,76,79,86,87,95,98,104,108,109,116,119 "89";
90 104 1 1,3,4,13,14,29,30,33,35,38,41,45,46,49,54,55,60,64,69,77,85,87,88,90,92,99,105,106,109,116 "90";
91 43 1 1,4,10,53,79,82,117 "91";
92 31 1 4,11,17,30,41,46,55,57,66,67,71,75,80,82,85,89,90,107,115,117 "92";
93 119 0 1,6,8,12,15,20,21,23,27,30,36,40,42,49,53,56,60,61,65,69,70,71,73,75,77,82,84,85,89,90,92,94,95,98,100,102,105,108,119 "93";
94 12 0 2,4,17,26,32,42,54,60,62,65,83,85,88,90,103,108,116 "94";
95 32 0 0,2,4,11,13,14,15,18,21,24,26,28,32,39,41,43,48,50,52,54,57,58,60,64,65,83,84,87,89,91,93,96,97,99,101,103,107,109,110,112,113,114,117,119 "95";
96 90 1 2,3,7,9,11,13,14,15,17,20,23,24,26,28,31,35,41,44,46,48,49,50,52,54,55,56,58,60,61,63,65,66,71,74,76,78,81,82,85,86,87,89,90,94,97,100,102,105,108,110,111,112,114,120 "96";
97 29 0 0,7,12,23,25,28,30,45,52,54,57,61,76,78,89,92,96,97,115 "97";
98 40 1 4,5,7,9,10,12,13,15,18,20,22,24,26,27,29,31,33,35,40,41,43,44,45,48,49,52,53,55,58,60,62,64,66,70,72,74,78,80,82,84,85,87,88,90,91,96,97,99,100,101,104,105,107,108,110,111,113,115,116,117,120 "98";
99 39 1 0,1,2,4,5,9,11,13,15,17,19,21,23,32,34,35,36,38,42,44,45,47,48,50,53,54,55,58,59,62,65,66,68,71,72,73,76,77,81,82,86,89,90,93,94,96,98,100,101,102,104,106,108,110,111,112,113,117,120 "99";
100 21 1 12,15,21,28,32,36,50,59,61,65,78,87,88,90,94,98,107,112,116 "100";
101 102 0 31,34,40,54,57,76,81,111,118 "101";
102 40 1 1,2,3,5,6,9,10,12,13,14,16,20,22,24,25,26,27,28,30,31,33,34,36,40,41,46,49,51,52,58,62,64,66,68,71,73,77,79,81,84,91,95,96,98,100,105,108,112,114,116,120 "102";
103 55 0 4,11,14,22,28,36,43,46,50,57,59,62,66,71,80,82,83,85,86,87,94,99,104,116 "103";
104 50 1 4,5,9,17,20,22,28,30,31,33,34,41,42,45,47,48,50,52,54,55,56,59,62,65,72,73,78,79,81,86,87,90,95,98,102,106,110,115,118 "104";
105 79 0 0,2,3,6,7,9,11,13,15,18,21,22,25,27,28,29,33,37,40,42,46,47,52,53,55,56,60,65,66,68,71,74,78,80,81,84,85,87,88,92,94,96,98,101,102,106,109,110,113,114,115,118,120 "105";
106 39 0 9,10,18,19,29,32,43,45,46,51,62,66,71,79,84,88,92,94,100,105,113,116,118 "106";
107 85 0 7,14,17,18,22,26,27,44,55,56,62,73,86,90,92,111,113,117 "107";
108 105 0 0,2,6,7,9,10,15,16,19,21,23,25,26,27,29,31,32,34,37,39,40,42,44,46,48,49,51,52,57,58,61,63,67,69,70,72,73,74,76,78,79,81,85,86,87,90,91,93,94,97,99,101,102,103,105,107,108,113,118,119 "108";
109 63 1 16,41,50,59,87,118 "109";
110 105 0 2,7,17,19,25,27,35,43,49,52,54,64,84,86,87,90,92,93,95,96,102,104,109,110,113,116,117,118 "110";
111 44 0 3,9,12,13,20,29,33,36,40,43,47,52,58,61,70,77,79,82,85,90,92,93,95,99,104,106,108,118 "111";
112 81 0 3,14,17,18,19,22,31,35,39,42,45,47,52,53,59,61,62,63,67,69,70,75,77,79,84,89,98,102,105,110,111,114,115,117,120 "112";
113 75 1 0,2,4,6,7,11,12,14,16,19,21,23,25,26,30,32,34,36,37,38,40,45,50,53,54,56,57,60,61,62,65,70,72,75,77,84,87,90,91,93,97,98,101,103,106,110,112,114,115,117 "113";
114 102 0 0,4,8,11,12,18,20,26,28,32,34,39,44,57,61,69,70,72,73,75,80,83,91,100,102,107,108,119 "114";
115 85 0 3,20,29,44,91,94,113,118 "115";
116 7 1 11,31,40,51,57,64,67,75,76,92,98 "116";
117 53 0 2,7,8,9,16,17,24,25,33,39,42,49,52,54,59,64,65,68,82,88,90,97,99,101,109,112,119 "117";
118 91 1 3,6,11,16,26,28,30,31,35,37,40,44,46,50,54,56,68,71,74,84,87,93,100,108,110,114,115,117 "118";
119 0 1 0,2,3,6,8,12,14,16,20,22,23,25,26,27,33,39,43,44,46,51,60,63,64,67,70,80,85,88,90,95,96,98,100,102,103,107,110,115,118 "119";
120 85 0 22,28,54,57,63,93,97,104 "120";
