parity 91;
0 87 0 5,13,15,36,45,47,56,57,73,80,82 "0";
1 41 0 1,4,7,9,23,28,31,35,43,48,50,51,54,56,57,60,61,62,64,67,69,70,72,77,80,82,85 "1";
2 59 0 1,4,7,11,13,19,24,38,43,46,52,54,57,68,72,75,77,82 "2";
3 3 1 3,4,7,9,10,11,14,16,19,20,22,23,25,26,28,30,32,35,38,40,41,45,48,50,52,54,56,57,58,63,68,72,76,78,79,80,83,85,86,88,90,91 "3";
4 52 0 9,11,19,21,22,35,53,58,63,71,73,75,77,79,80,82,86,91 "4";
5 9 0 1,2,7,8,11,12,15,19,20,23,24,28,30,31,32,35,36,38,41,43,45,52,55,56,58,60,62,70,72,73,77,79,80,81,87,89,90 "5";
6 74 0 0,1,4,9,11,13,15,18,21,24,25,29,33,36,39,41,43,45,48,49,52,54,55,56,59,61,62,66,67,71,72,73,77,80,83,84,86,89,91 "6";
7 12 0 0,2,4,7,9,10,12,14,18,20,21,23,27,30,32,35,36,38,40,42,44,45,48,50,52,54,56,58,60,63,65,66,68,70,72,76,77,78,80,83,86,88,91 "7";
8 41 0 1,5,14,23,26,30,33,36,38,42,44,54,58,63,65 "8";
9 9 0 3,5,7,8,11,16,17,19,20,22,23,24,25,27,30,33,36,38,41,42,44,45,46,50,52,55,58,60,62,64,66,67,68,70,73,74,76,78,84,87,88,91 "9";
10 73 0 3,7,8,9,12,15,16,18,19,22,23,25,27,30,32,33,36,39,40,42,44,57,58,59,63,64,65,67,68,70,73,74,75,77,81,82,84,85,87,88 "10";
11 91 1 17,24,38,42,78 "11";
12 18 0 0,2,9,10,18,22,28,32,34,36,41,44,51,56,59,60,65,77,79,88,89 "12";
13 67 1 5,8,21,31,35,45,46,51,54,67,73,77,86,90,91 "13";
14 32 0 3,7,14,22,40,42,44,57,60,62 "14";
15 7 0 0,3,4,6,7,9,11,13,16,19,22,24,27,29,31,33,35,36,37,39,41,43,44,46,48,49,51,52,54,58,59,62,66,68,69,73,76,80,88,89,91 "15";
16 27 1 19,39,54,56,62,75 "16";
17 4 1 1,2,7,9,13,16,19,22,23,26,30,32,34,35,37,41,43,48,49,50,52,53,55,57,60,62,63,65,68,70,73,74,77,79,80,83,87,89,91 "17";
18 1 1 12,27,31,37,45,60,87 "18";
19 72 1 1,2,4,7,9,21,30,45,47,53,57,59,63,74,76,78,81,83,86,91 "19";
20 49 0 1,2,11,13,14,20,23,27,31,48,54,58,65,69,73,78,88 "20";
21 21 1 0,1,8,9,11,15,20,25,31,34,37,39,42,44,54,63,65,67,69,71,74,78,83,86,89,90 "21";
22 38 0 3,11,13,16,20,28,30,34,37,38,39,47,51,59,66,67,76,82,90,91 "22";
23 81 1 4,7,12,13,17,19,23,24,25,30,33,37,41,43,45,48,58,59,60,63,65,70,72,75 "23";
24 33 0 4,6,8,20,23,35,38,39,48,51,54,60,61,65,69,72,77,80,83,87,88,89 "24";
25 0 1 4,5,7,14,23,26,28,31,48,57,70,72,76,82,86,91 "25";
26 34 1 1,5,10,12,19,24,29,44,50,53,65,68,77,86 "26";
27 43 0 15,26,33,47,64,66,78 "27";
28 68 0 1,3,5,9,10,12,15,19,22,23,26,27,28,30,32,33,34,36,42,44,49,55,57,59,60,63,78,79,81,87,88 "28";
29 59 1 2,5,8,13,14,23,26,34,37,39,42,44,45,51,52,55,59,63,66,68,69,75,76,78,81,84,85,88,91 "29";
30 5 1 0,5,12,16,17,21,24,30,31,36,38,39,43,45,47,51,52,53,55,58,61,65,68,71,81,84,87,90 "30";
31 66 1 0,2,40,47,49,62,67,69,85,87 "31";
32 33 1 11,23,25,30,37,53,58,66,67,75,76,91 "32";
33 63 1 0,2,6,17,19,26,37,57,70,75,77 "33";
34 65 1 0,1,4,6,8,10,12,16,17,19,22,23,26,28,30,32,34,35,37,38,40,42,44,47,49,51,54,55,59,60,61,63,64,65,68,69,70,74,76,77,80,82,86,87,89 "34";
35 55 1 0,2,5,10,14,15,18,20,21,23,25,27,29,31,32,35,36,38,39,40,41,43,45,46,49,51,52,53,55,56,58,60,64,66,67,68,70,73,75,77,78,80,81,83,88,91 "35";
36 36 0 12,16,20,28,42,48,62,72,77,78,90 "36";
37 86 1 1,3,7,22,28,33,47,51,55,57,79,84 "37";
38 15 0 8,9,16,27,28,43,44,49,51,57,64,67,71,73,77,80,81,86,88 "38";
39 90 0 0,1,4,5,8,14,16,18,19,24,25,30,33,34,36,40,41,43,44,46,49,50,56,62,66,67,71,73,75,84,86,89 "39";
40 90 0 2,8,12,13,16,17,19,23,25,28,29,35,37,38,40,41,45,49,51,52,56,58,67,71,72,77,82,84,87 "40";
41 17 1 8,15,16,19,33,35,39,41,45,47,50,58,62,64,71,75,81,85,89,90,91 "41";
42 43 0 10,11,20,21,22,25,27,30,32,38,41,44,47,50,51,52,55,58,64,67,71,72,75,77,78,81,82,83,86,88,90 "42";
43 22 1 0,1,2,5,6,7,12,15,16,19,21,24,25,27,32,34,35,37,40,43,47,49,52,55,56,59,62,64,67,70,74,77,78,81,84,85,88,90,91 "43";
44 47 0 4,6,7,11,14,15,24,26,33,36,41,46,47,48,52,58,67,69,70,73,79,89 "44";
45 73 1 57,67,80,91 "45";
46 92 1 0,1,2,4,5,8,10,12,13,15,16,17,19,20,23,24,26,27,29,31,34,35,38,39,41,44,47,49,50,52,56,57,61,62,63,67,70,71,73,76,78,79,84,85,89,91 "46";
47 73 0 14,26,31,35,47,50,54,62,63,69,82,83,85,88,89 "47";
48 72 0 0,3,8,9,11,15,19,23,24,28,29,30,36,38,40,41,44,46,51,53,57,64,66,69,72,76,80,81,87 "48";
49 68 1 10,20,27,39,45,61,65,68,70,71,77,82,83,90 "49";
50 18 0 2,6,13,45,49,65,71,72,74,78,86,88 "50";
51 0 0 1,3,12,19,24,29,32,34,36,39,41,43,51,53,57,62,64,66,91 "51";
52 63 0 2,4,9,10,13,17,21,23,36,45,46,50,52,53,58,60,66,68,74,77,83,84,88 "52";
53 57 0 2,3,6,10,13,19,23,27,29,31,33,35,40,49,50,56,60,63,70 "53";
54 61 1 1,5,8,9,12,13,18,19,20,21,27,29,31,32,34,38,39,40,46,47,49,52,56,57,60,67,70,72,74,75,82,86,90,91 "54";
55 74 0 0,2,5,10,12,14,15,16,19,21,22,24,25,31,34,37,39,40,42,44,48,49,54,56,57,59,62,63,64,66,69,70,71,73,74,76,77,81,83,85,87,91 "55";
56 74 0 1,3,5,11,17,23,26,29,31,41,46,48,51,52,53,55,56,61,66,68,75,83,84,85,89 "56";
57 12 0 2,7,11,15,21,24,28,31,35,37,43,51,54,55,58,61,62,63,70,71,73,76,80,83,87,90 "57";
58 23 1 4,13,16,18,20,41,55,65,84 "58";
59 30 1 29,31,39,42,48,53,55,57,60,66,70,72,89 "59";
60 41 1 1,3,5,11,15,17,33,48,49,53,57,60,62,64,66,70,73,82,84,87 "60";
61 60 0 0,1,2,5,6,8,10,11,13,16,19,22,25,26,28,29,31,35,38,43,44,46,47,48,50,52,55,56,60,62,64,70,73,75,76,77,79,81,83,84,86,88,89 "61";
62 80 1 1,12,17,20,34,36,47,74,85 "62";
63 21 0 0,5,8,10,12,18,22,26,34,35,39,43,47,49,51,52,56,59,63,73,74,77,80,83,89,91 "63";
64 25 0 0,2,5,7,8,11,13,14,15,18,19,20,21,26,28,30,32,34,36,37,41,42,44,48,50,51,53,55,57,59,61,64,65,69,72,74,77,78,80,81,84,85,86 "64";
65 20 0 2,5,10,14,18,24,26,28,32,39,41,46,57,65,69,76,77,78,88,90 "65";
66 19 1 4,6,8,10,14,17,20,24,31,32,33,37,44,48,54,56,62,63,66,69,74,81,86,89,91 "66";
67 47 0 2,8,10,11,13,16,19,28,31,36,39,44,49,50,52,56,66,72,73,76,78,79,86 "67";
68 13 1 0,1,3,4,7,9,11,14,19,21,22,24,26,29,30,32,36,38,40,43,46,48,50,51,53,54,55,57,58,60,61,64,67,68,72,73,75,83,85 "68";
69 82 0 0,10,13,19,26,29,33,44,57,70,73,84,89 "69";
70 83 0 9,25,39,58,71,77,81,83,85,91 "70";
71 74 1 9,11,18,46,53,85 "71";
72 68 0 1,3,7,9,13,14,15,18,24,28,30,46,47,55,57,68,74,85,87,88 "72";
73 5 1 2,5,7,13,16,24,25,28,31,38,40,42,46,49,55,57,61,63,67,69,74,75,77,80,83,85,87 "73";
74 50 0 2,4,7,10,12,13,15,19,20,22,23,25,26,29,31,33,35,37,39,40,42,44,46,47,49,52,54,57,59,62,65,66,69,70,72,73,76,77,78,80,83,84,86,88,91 "74";
75 82 1 0,1,5,6,8,12,16,17,22,25,27,35,39,40,43,44,53,56,58,61,66,70,76,77,80,83,84,87 "75";
76 20 0 0,3,18,22,35,38,40,48,57,68,70,72,76,82,84,88 "76";
77 32 1 0,2,3,5,8,9,11,14,16,19,24,26,28,37,47,50,55,62,63,65,67,68,70,74,77,80,82,83,87,88 "77";
78 33 0 9,16,22,26,29,32,43,57,60,61,63,64,66,68,69,75,82,88 "78";
79 54 0 2,10,13,14,15,19,20,22,24,25,29,31,33,34,43,47,52,54,55,57,60,64,66,69,71,72,74,75,77,79,82,83,84,87,89 "79";
80 38 0 7,10,12,38,43,59,62,79,90 "80";
81 49 0 0,2,3,10,17,23,31,39,41,43,47,50,51,53,56,57,58,68,71,73,83,84,88 "81";
82 64 1 2,7,9,16,19,26,28,34,44,48,51,52,57,59,61,64,68,72,75,79,84 "82";
83 31 1 3,8,10,13,17,22,24,27,31,32,35,36,39,42,46,49,50,53,54,58,60,63,66,68,72,73,76,79,82,84,85,86,88,91 "83";
84 36 1 4,6,9,14,19,22,28,41,48,51,69,72,83,89,90 "84";
85 45 0 0,4,9,11,12,13,15,16,19,22,26,31,34,36,38,40,43,51,57,60,64,70,72,76,81,83,84,87,88,90 "85";
86 22 0 1,3,5,9,12,13,16,19,21,24,29,31,33,40,44,45,48,50,52,54,57,58,63,66,68,72,73,77,79,81,82,87,90,91 "86";
87 67 1 4,5,6,18,19,34,36,38,42,44,46,48,57,65,66,69,71,76,80,81,83,86,91 "87";
88 10 1 1,3,5,8,12,13,18,27,33,37,42,47,65,77,78,81 "88";
89 23 1 0,1,4,5,6,9,11,13,14,15,17,19,23,25,28,30,34,38,39,41,45,46,48,51,52,54,55,57,59,60,62,66,69,70,72,75,76,78,81,82,84,85,88,90 "89";
90 45 1 6,36,84,90 "90";
91 40 0 5,9,24,27,32,34,36,47,50,53,56,60,62,65,66,72,74,76,78,79,85,86,89 "91";
