parity 135;
0 77 1 0,2,4,9,12,15,18,19,21,32,34,39,44,47,48,50,53,54,55,63,66,68,70,73,75,78,81,82,93,97,99,101,103,104,111,119,121,125,129,130,132,134 "0";
1 94 0 3,7,8,12,22,23,25,29,31,35,38,40,43,45,54,56,57,59,65,71,73,75,81,88,101,108,114,119,122,132 "1";
2 66 1 0,2,4,8,14,15,17,19,24,26,27,30,32,34,36,39,41,45,46,48,50,53,56,58,60,62,65,70,72,74,78,81,86,89,90,93,94,95,102,107,108,115,116,117,125,128,129,135 "2";
3 88 1 28,61 "3";
4 38 0 4,13,16,27,35,40,45,47,50,61,64,69,72,78,81,84,96,98,111,124,125,134 "4";
5 125 0 2,10,13,28,34,38,41,45,54,56,62,66,73,78,86,100,106,107,110,115,123,129,133 "5";
6 126 0 4,8,14,15,18,33,38,40,42,62,65,72,77,79,81,86,91,92,106,108,110,116,129,133 "6";
7 103 1 0,5,7,9,11,12,19,20,21,23,26,29,31,34,37,40,42,47,48,49,50,52,53,57,58,61,63,65,67,69,72,73,75,84,85,88,90,94,99,101,102,104,106,107,111,113,115,118,120,121,123,125,128,130,132,133 "7";
8 80 0 5,9,13,14,16,18,21,24,29,30,33,37,39,42,46,51,53,54,56,57,58,61,64,65,66,69,81,84,88,89,93,95,97,98,101,105,107,112,114,118,120,124,127,133 "8";
9 57 0 9,18,23,45,50,59,66,99,128,134 "9";
10 39 0 3,5,7,8,15,18,19,22,24,28,29,30,31,33,34,36,46,48,50,51,52,55,59,61,62,65,66,68,69,70,73,75,76,78,79,80,81,83,85,87,90,96,98,100,102,105,108,109,112,113,115,117,118,120,124,126,129,132,134 "10";
11 124 1 29,44,51,64,74,80,88,102,110,116 "11";
12 37 1 0,2,5,7,9,14,18,19,20,33,39,43,57,59,62,66,74,80,83,84,87,90,93,98,100,105,107,111,113,122 "12";
13 76 0 14,22,31,45,50,55,57,61,66,69,70,77,78,84,95,96,99,119,123,130 "13";
14 129 1 2,4,6,9,12,19,20,22,31,36,39,43,50,52,53,54,55,58,63,71,72,74,77,78,82,85,88,89,93,100,104,107,108,112,113,117,120,126,135 "14";
15 92 1 0,3,4,17,22,23,25,27,35,42,43,45,62,66,79,93,106,107,111,116,131 "15";
16 33 0 0,3,7,12,17,19,21,25,29,32,34,36,39,40,46,49,50,52,53,54,62,64,76,79,81,82,83,103,109,112,118,121,124,128,131,135 "16";
17 3 1 10,42,81,84,129 "17";
18 43 0 1,6,15,17,21,23,24,26,28,30,32,34,36,38,39,41,45,50,51,54,61,63,64,66,68,71,73,74,76,82,84,85,88,91,93,94,95,98,99,101,104,105,107,109,111,113,124,126,127,130,132,134 "18";
19 31 0 30,49,69,133 "19";
20 75 1 2,3,7,9,10,12,14,16,21,23,25,27,29,30,32,35,45,47,53,54,57,59,62,64,68,70,72,78,80,82,86,87,93,95,98,100,101,104,106,107,110,112,117,119,125,127,130,133,135 "20";
21 59 1 0,7,16,19,23,40,50,58,68,80,84,101,117 "21";
22 18 1 0,1,3,4,6,7,10,11,15,16,21,23,28,32,33,34,36,37,38,40,41,43,44,45,47,50,58,63,64,65,71,73,75,76,78,80,81,85,86,90,93,94,97,99,101,104,105,108,110,111,113,114,116,117,118,121,122,124,125,127,129,130,131,134,135 "22";
23 65 1 4,7,14,16,21,24,28,31,33,36,38,42,45,46,48,60,63,69,73,75,83,87,92,94,105,107,110,115,118,122,125,129 "23";
24 116 1 0,13,18,20,22,29,31,33,37,38,40,44,55,58,61,63,65,68,71,73,75,77,78,80,84,85,88,90,92,96,100,102,110,111,114,116,117,119,123,128,130,131,134 "24";
25 132 1 4,5,7,9,12,14,16,20,28,30,32,35,37,41,45,48,50,52,54,59,67,73,75,77,80,87,95,96,102,106,108,114,115,117,124,131,133,135 "25";
26 118 1 7,25,27,30,32,33,36,39,41,44,46,50,57,60,63,65,69,70,73,75,82,83,85,88,90,99,103,107,110,112,119,123,129,135 "26";
27 48 1 56,71,87,111,125 "27";
28 129 0 0,8,10,22,27,34,38,47,54,57,64,67,79,80,87,96,102,108,124,126,133 "28";
29 25 1 0,3,5,6,8,14,15,16,23,24,27,29,30,32,34,39,41,43,46,47,48,49,51,52,54,56,58,59,61,63,65,66,68,69,70,74,77,79,80,81,86,87,89,90,91,93,95,98,100,104,108,110,112,115,120,125,130,132 "29";
30 102 1 13,36,44,57,60,63,74,85,92,99,109,111,117,122,124,131 "30";
31 134 0 0,5,9,10,14,17,20,25,28,29,34,36,41,44,47,50,60,62,63,65,72,79,84,86,89,92,99,105,106,112,117,119,122,125 "31";
32 121 0 0,1,6,11,19,21,22,23,25,31,36,37,40,42,43,44,49,52,56,59,61,62,67,68,72,76,78,87,90,91,92,95,97,99,100,103,104,111,117,126,129,134,135 "32";
33 29 0 7,14,18,21,29,32,37,44,47,48,57,60,63,70,76,79,81,83,85,91,93,98,100,103,107,119,124,126,134 "33";
34 110 1 0,2,10,30,53,56,65,69,84,86,88,93,100,119 "34";
35 9 1 0,1,3,4,6,7,9,13,15,17,22,24,26,28,30,31,32,35,37,39,41,43,44,47,48,50,51,53,55,58,59,61,63,65,66,68,70,74,75,78,80,82,84,85,86,89,90,94,96,102,104,108,113,117,118,120,122,123,127,129,130,132,133 "35";
36 56 1 0,1,3,4,6,9,12,15,17,19,25,26,34,36,39,41,43,45,47,49,51,54,56,58,59,61,70,71,73,75,77,80,84,85,86,89,91,96,97,101,104,107,109,110,113,118,119,120,132 "36";
37 36 1 5,8,37,110,115,120,122,130 "37";
38 10 1 1,3,10,12,14,15,20,23,27,34,36,38,42,46,50,51,53,55,59,60,61,63,64,66,70,73,75,83,84,87,91,94,96,100,104,106,107,113,116,120,126,130,134 "38";
39 18 0 2,3,5,7,10,17,20,25,27,28,35,37,38,39,43,45,50,51,52,53,59,61,62,64,65,76,80,84,87,88,91,93,96,98,103,113,114,116,118,119,121,122,125,127,128,132 "39";
40 9 0 4,7,14,22,36,48,52,55,74,87,90,101,102,111,118,122 "40";
41 67 1 0,2,7,25,36,40,42,51,53,73,75,83,87,89,94,98,102,106,108,112,121,130,134,135 "41";
42 28 1 14,17,30,33,36,43,53,60,72,79,80,92,102,103,104,118,122,123,127 "42";
43 112 1 5,12,13,16,18,23,26,31,38,43,44,46,47,51,59,60,67,70,77,80,83,85,91,99,101,102,108,119,120,122,125,129,131 "43";
44 24 0 2,4,5,8,14,15,17,19,24,27,31,34,35,36,38,42,46,50,52,55,56,58,61,65,67,69,72,76,83,85,89,91,92,96,97,99,100,102,103,105,108,111,114,116,118,121,124,125,129,132,134,135 "44";
45 29 1 39,96,120,124 "45";
46 42 0 8,12,13,14,22,36,50,54,78,80,81,88,109,112,134 "46";
47 41 0 3,9,12,13,20,22,23,28,32,35,36,40,41,44,46,52,54,56,59,60,65,67,68,69,71,72,74,76,77,78,79,81,84,87,91,92,94,97,99,100,102,107,109,110,115,117,118,120,122,126,127,128,129,132,133 "47";
48 5 0 1,5,12,15,22,25,36,65,68,71,76,78,86,92,98,105,112,117,119,135 "48";
49 30 0 14,64,76,94,129 "49";
50 118 1 10,18,24,36,40,50,53,62,65,82,87,104,113,120,129,131,134 "50";
51 118 1 0,4,5,12,17,20,21,30,32,33,34,36,44,54,55,57,60,62,66,68,70,72,78,80,82,86,89,90,95,99,103,104,105,107,108,109,114,116,119,127,133 "51";
52 79 0 0,3,15,20,25,29,33,36,40,45,55,60,62,65,67,75,77,81,84,87,93,97,101,115,117,127,132 "52";
53 70 1 0,3,5,9,12,17,19,31,35,38,39,41,44,50,55,58,60,61,62,67,71,86,87,89,98,106,111,134,135 "53";
54 82 0 0,1,3,4,7,9,11,15,16,18,20,21,22,24,27,29,32,34,35,38,41,42,43,48,49,50,52,53,61,63,66,69,71,73,74,75,79,80,84,85,89,90,92,95,97,99,101,103,106,109,111,113,114,117,119,120,122,123,124,126,127,133,134,135 "54";
55 86 1 0,2,4,5,7,12,13,15,18,20,22,23,25,28,30,34,35,37,40,42,44,48,50,51,54,56,60,65,69,71,77,78,82,84,85,90,94,98,100,103,105,109,113,117,118,119,121,123,124,125,127,130,132,133,135 "55";
56 2 1 0,1,3,6,7,10,12,19,20,21,23,24,27,29,31,33,37,39,44,46,48,50,52,54,55,57,59,60,62,63,67,70,74,75,77,79,81,86,88,90,92,99,105,106,109,111,116,118,120,122,124,126,127,128,129,131,135 "56";
57 87 1 25,94,110 "57";
58 50 0 9,10,23,25,28,34,42,45,52,80,89,105,109,121 "58";
59 66 1 1,3,6,8,9,10,12,14,16,22,23,28,31,32,35,37,39,41,44,45,48,49,51,54,56,60,64,66,67,70,72,73,75,78,80,83,86,88,90,91,93,94,98,100,102,103,105,107,111,113,115,117,118,127,131,132,133 "59";
60 136 1 0,3,4,6,10,11,12,14,18,19,23,26,27,29,31,32,33,36,37,39,41,44,46,48,49,52,53,56,62,63,66,67,70,72,74,76,79,81,92,94,99,100,102,106,109,110,112,113,115,116,117,119,123,128,134 "60";
61 124 1 10,18,20,22,24,26,27,28,29,34,37,40,43,52,62,71,79,85,88,90,91,101,111,118,122,125,133,134 "61";
62 20 1 1,5,11,28,34,36,40,45,48,62,64,75,77,82,84,90,92,98,104,106,110,113,115,122,134 "62";
63 61 1 0,2,3,4,6,8,10,13,14,16,22,24,26,28,30,32,33,35,36,38,42,44,46,49,51,54,55,58,60,62,63,66,70,71,72,73,75,77,79,85,88,90,93,94,95,96,98,101,104,106,108,111,113,115,116,117,119,120,122,125,127,131,133 "63";
64 36 0 3,7,11,17,20,23,52,56,65,70,78,89,97,108,115,117,123,130 "64";
65 107 1 4,6,11,13,16,19,21,22,26,27,28,31,33,35,41,45,48,52,54,56,57,58,60,61,63,64,65,67,70,76,77,78,80,83,86,87,88,91,98,104,106,107,110,111,112,116,120,121,123,127,129,131,133,135 "65";
66 80 0 14,34,39,103,106,121,126 "66";
67 67 1 2,5,6,9,11,13,14,16,21,23,25,26,29,32,34,36,38,40,42,43,46,48,49,50,51,54,57,60,61,63,66,69,72,74,76,80,83,86,88,91,92,94,98,101,103,106,108,113,114,116,119,121,123,124,127,129,133,135 "67";
68 134 1 17,18,33,41,46,81,93,112,122,127 "68";
69 125 1 8,10,14,16,18,20,22,23,26,29,33,38,44,48,50,52,56,58,60,63,65,70,74,75,80,85,91,93,102,109,111,113,117,118,120,121,122,126,128 "69";
70 102 1 8,14,22,30,34,48,67,91,107,129 "70";
71 26 1 11,30,47,91,93,94,129,131 "71";
72 79 0 1,5,9,12,14,16,19,22,24,28,30,32,33,36,37,39,41,45,48,50,51,54,57,61,63,65,73,75,78,80,81,83,89,91,93,94,96,97,99,102,104,105,108,110,112,114,116,125,127,129,132,134 "72";
73 126 1 3,5,18,29,37,40,51,64,80,114,119,124 "73";
74 27 0 1,6,7,12,15,28,41,47,50,54,59,97,104,108,112,116 "74";
75 14 1 2,4,5,7,8,10,12,14,17,24,28,38,42,45,48,52,58,59,62,65,68,70,71,72,82,84,86,88,89,90,93,95,100,105,108,111,118,122,129,131 "75";
76 26 0 0,2,15,16,22,25,27,32,35,37,43,44,45,48,50,56,63,66,76,79,82,87,92,93,97,98,100,106,110,117,120,122,126,133 "76";
77 1 1 0,1,3,16,17,18,19,21,24,29,32,35,42,44,50,54,58,62,66,67,72,75,76,79,84,87,91,92,96,99,104,105,107,110,114,116,118,119,120,122,124,127,130,133 "77";
78 119 1 4,11,13,22,23,26,30,34,37,38,43,49,50,52,55,63,66,71,74,81,85,89,90,95,105,107,117,124,125,131,132 "78";
79 116 0 2,5,13,31,46,69,83,97,104,125 "79";
80 63 0 3,7,10,12,15,17,19,21,26,30,32,38,42,45,47,48,51,54,58,61,64,65,69,71,73,74,80,83,85,87,89,93,96,97,99,101,110,114,116,118,120,123,125,131,133 "80";
81 91 1 7,18,20,35,74,77,86,90,95,110,114 "81";
82 45 0 3,18,21,38,45,67,88,123 "82";
83 11 1 1,3,7,10,23,41,54,56,64,71,104,108,111,119,120,122,132 "83";
84 15 0 31,32,43,56,89,94,126 "84";
85 120 1 0,3,5,12,16,19,21,24,30,36,38,50,52,55,57,58,60,62,64,68,70,71,75,77,78,80,81,82,84,88,92,97,100,103,105,106,110,113,120,125,127,134 "85";
86 67 0 0,2,3,5,11,14,16,18,22,27,29,30,33,39,43,45,47,50,51,52,54,56,58,61,62,65,67,69,71,72,73,74,77,79,81,83,85,87,90,91,97,100,103,105,111,112,117,118,120,122,123,127,128,132,133,135 "86";
87 25 1 0,1,3,6,8,9,11,15,20,22,24,25,29,35,38,41,43,45,46,48,52,56,57,60,66,67,68,72,75,76,77,79,80,82,83,85,89,92,96,98,99,102,103,105,108,111,113,114,118,121,125,126,129,132,133,135 "87";
88 65 1 1,2,10,16,17,20,34,36,41,42,45,47,51,54,58,60,63,67,72,73,74,79,82,94,95,101,103,109,110,114,115,128,129,132,134,135 "88";
89 12 0 2,4,7,13,20,22,24,30,35,38,40,41,45,47,48,53,54,63,64,67,72,74,85,89,91,92,94,102,104,106,111,116,118,126,129,131 "89";
90 114 1 4,22,37,48,62,74,83,106,133,134 "90";
91 39 1 1,7,18,19,27,29,30,34,36,39,48,51,54,59,71,77,80,82,85,86,89,91,93,96,98,100,108,110,115,119,120,122,126 "91";
92 75 0 3,5,6,9,11,12,16,17,20,22,25,26,27,28,30,32,35,39,41,42,44,48,49,50,54,57,58,59,61,63,66,67,69,73,74,75,78,79,81,84,86,87,88,91,93,94,96,97,98,100,102,105,107,110,115,119,122,127,129,130,132,133,135 "92";
93 20 0 0,3,6,9,10,11,13,16,21,24,25,28,30,32,36,43,44,46,49,50,52,56,57,59,62,66,69,71,72,74,80,88,89,90,93,96,99,101,103,108,110,113,114,116,117,118,120,121,127,129,130,133,135 "93";
94 65 1 18,19,85,88,101,123 "94";
95 31 0 5,10,24,42,44,46,53,57,70,74,77,87,89,96,103,106,121,128 "95";
96 79 0 2,6,11,19,24,29,37,43,51,52,57,60,61,63,66,70,76,83,86,91,98,100,104,105,116,118,121,126 "96";
97 49 0 1,2,5,10,12,14,15,17,31,33,37,41,44,45,47,51,52,54,56,58,59,61,65,66,67,70,72,76,80,83,88,90,94,97,100,102,105,109,111,114,116,121,123,125,127,128,134,135 "97";
98 7 0 23,30,32,36,46,51,52,66,67,75,79,88,91,110,116,120,125 "98";
99 10 0 0,12,16,17,19,27,29,38,40,44,47,50,52,56,60,66,69,83,84,102,104,108,120,122,130,133 "99";
100 93 1 9,40,49,54,61,67,77,83,88,94,115,121,122,125 "100";
101 99 1 2,6,8,9,12,14,18,23,25,33,37,39,47,49,51,52,58,64,67,69,73,74,77,78,80,81,89,91,92,98,104,107,109,118,120,124,127,128,133 "101";
102 71 1 5,76,87,111 "102";
103 121 0 0,4,9,12,16,17,26,27,36,41,45,49,50,54,56,64,65,67,69,71,78,79,86,89,96,101,107,108,110,112,113,119,125,128,130,133 "103";
104 128 0 1,4,13,15,23,41,45,59,79,83,100,102,111,128,130,135 "104";
105 107 1 0,14,28,41,64,76,97,131 "105";
106 126 0 0,1,5,7,11,18,25,32,36,48,50,53,55,56,61,67,78,79,86,91,95,98,105,107,113,122,126,133 "106";
107 127 0 8,15,44,45,55,58,63,68 "107";
108 131 0 0,1,8,9,14,18,19,20,21,26,29,30,31,32,36,39,40,43,47,59,60,66,67,68,74,76,77,80,84,85,87,88,89,90,99,101,103,104,106,107,113,115,119,123,125,126,128,129,132 "108";
109 32 1 0,1,5,7,9,10,12,13,14,18,21,23,25,28,30,31,34,35,38,41,42,45,46,48,50,52,54,55,59,61,63,65,67,68,70,77,79,82,83,85,88,89,91,93,95,97,98,99,102,104,106,108,111,114,117,119,120,123,125,126,128,131,132,134,135 "109";
110 21 1 0,3,4,5,6,8,9,12,13,15,16,20,22,25,27,30,32,34,37,40,41,43,47,52,54,56,58,60,61,63,68,69,72,73,76,77,79,80,82,85,87,89,90,93,94,96,98,101,103,106,110,113,116,117,119,121,124,126,130,131,133,135 "110";
111 93 1 2,4,14,16,20,29,30,40,42,44,52,60,62,65,83,96,117,122,135 "111";
112 16 1 22,33,35,45,66,68,73,82,84,91,120,134 "112";
113 109 1 1,4,6,16,18,22,25,28,34,38,43,45,47,51,54,62,67,72,77,87,93,95,97,98,101,112,115,116,126,131,133 "113";
114 20 0 16,59,70,77,107,109,113,122,131 "114";
115 129 1 2,6,7,9,16,17,22,24,25,28,31,33,38,41,43,45,46,53,56,58,64,70,73,76,81,83,87,88,90,92,93,95,97,99,101,104,107,111,112,114,119,120,123,124,127,130,134 "115";
116 1 1 5,8,18,19,20,29,32,39,44,46,52,54,55,70,71,85,91,93,98,99,104,107,116 "116";
117 11 1 4,8,10,14,16,17,19,31,35,37,50,51,53,56,69,74,76,84,90,92,95,109,115,129,132 "117";
118 74 0 9,11,13,22,34,48,67,72,77,97,110,119,125 "118";
119 60 1 16,53,60,68,78,83,89,100,108,116,121 "119";
120 122 0 2,4,7,8,12,15,17,24,26,32,42,45,51,53,65,68,75,84,86,88,101,107,119,121,124,130,132 "120";
121 78 1 3,5,8,10,11,15,17,19,22,24,27,29,32,34,36,37,39,40,42,43,46,48,50,52,53,58,62,63,65,66,70,73,74,76,78,81,83,84,86,88,90,92,95,97,99,101,102,104,105,109,112,115,120,121,122,124,125,126,128,129,131,132,134 "121";
122 85 1 2,5,12,14,17,24,26,28,32,40,47,48,51,55,59,61,62,71,76,79,81,85,87,94,97,98,103,106,107,109,111,112,113,117,120,123,125,128 "122";
123 5 0 1,2,4,5,6,9,11,13,14,20,23,25,27,28,31,32,35,36,41,43,44,49,50,52,54,59,62,63,65,67,68,70,74,78,80,81,84,86,89,90,91,95,97,98,100,101,103,105,107,110,111,113,114,115,117,118,120,123,124,128,129,131,134,135 "123";
124 91 0 0,2,3,6,8,11,14,18,19,21,30,33,34,36,38,39,42,43,47,51,53,56,60,62,65,66,72,73,76,78,88,91,93,96,98,101,106,107,109,111,112,120,121,123,126,127,129,131,134 "124";
125 65 0 2,5,7,11,18,20,25,27,30,31,36,38,40,49,58,60,66,72,73,74,77,79,80,82,84,86,87,91,95,101,104,111,116,120,122,124,125,127,130,131,133 "125";
126 46 1 8,36,44,46,120,128 "126";
127 101 0 0,3,8,10,12,23,29,31,42,48,51,53,56,59,61,66,70,71,78,80,82,88,94,98,101,103,112,114,118,120,125,135 "127";
128 11 1 0,4,5,7,8,10,13,17,18,21,28,36,39,41,54,56,58,64,67,68,70,81,82,85,89,91,94,95,97,98,102,106,107,109,111,115,117,123,126,129,131,132 "128";
129 35 1 8,13,14,16,22,23,30,31,34,36,38,42,45,46,48,50,51,52,55,67,68,74,75,78,80,84,86,89,91,98,102,105,107,109,112,116,122,124,131,134 "129";
130 15 1 3,4,5,7,9,12,13,15,17,18,19,23,25,26,28,33,34,38,40,43,45,49,51,53,54,58,62,64,66,69,70,74,77,82,86,91,93,95,96,98,102,111,113,115,118,120,122,125,127 "130";
131 69 1 0,2,7,9,13,14,16,18,19,20,22,23,24,26,28,30,32,34,37,39,41,42,44,47,50,52,54,55,56,58,60,63,64,66,71,74,75,77,80,81,83,85,87,90,91,92,93,95,97,101,102,106,107,109,112,115,116,118,119,122,124,126,127,129,131 "131";
132 87 0 0,4,11,18,20,25,27,29,31,34,42,46,49,55,59,60,62,72,73,75,77,89,92,94,96,101,104,106,107,109,111,112,114,116,117,119,120,127,129,133 "132";
133 67 1 1,9,27,44,54,58,76,79,91,92,105,108,121 "133";
134 32 1 12,29,35,40,46,47,51,64,71,93,110,123,125,128,133,135 "134";
135 64 1 6,9,11,12,14,16,19,20,24,26,28,34,36,41,42,46,52,54,56,59,62,64,67,71,73,76,79,81,85,86,88,89,91,92,95,99,104,109,112,114,117,119,121,124,127,130,131,132,135 "135";
