parity 45;
0 16 1 5,7,9,10,18,27,33,35,37,39,44 "0";
1 2 1 1,2,4,7,9,14,15,27,28,29,30,32,34,35,38,41,42,43,45 "1";
2 21 0 1,5,6,7,10,12,14,15,18,19,20,22,25,42,44,45 "2";
3 25 0 1,2,5,7,10,12,13,16,20,21,23,26,28,33,34,37,38,39,41,43,44 "3";
4 13 0 1,3,5,14,16,24,30,33,37 "4";
5 6 0 7 "5";
6 1 0 0,1,2,4,6,8,10,12,14,15,19,20,24,26,31,34,38,40 "6";
7 29 1 0,1,4,5,9,11,12,13,14,16,19,24,25,27,28,31,32,34,39,40,42,43 "7";
8 14 1 5,9,11,13,14,17,19,24,25,27,29,31,41,44 "8";
9 37 1 1,5,7,10,12,15,16,18,21,23,26,27,28,30,33,39,41,43,45 "9";
10 42 0 3,8,16,18,30,44 "10";
11 45 0 10,12,16,19,21,25,28,31,43 "11";
12 26 0 3,5,11,13,20,28,31,37,44 "12";
13 1 1 5,9,19,21,30 "13";
14 45 1 9,20,22,24,28,30,40 "14";
15 27 1 14,26,32,35,41,43,45 "15";
16 36 1 14,17,20,24,31,36 "16";
17 43 1 1 "17";
18 29 1 8,12,13,17,20,28,45 "18";
19 39 1 6,27,42 "19";
20 10 1 2,7,13,20,27,28,32,40 "20";
21 16 0 0,27,39,41 "21";
22 19 1 2,4,6,10,11,16,18,19,21,23,26,27,28,32,34,39,40,43,44,45 "22";
23 12 1 0,9,12,15,20,30,33,36,38,45 "23";
24 12 1 7,8 "24";
25 35 0 1,9,11,12,17,18,20,21,24,25,26,28,29,31,32,35,40,43,45 "25";
26 41 0 10,24,33 "26";
27 13 1 1,5,8,10,14,15,18,19,22,24,26,27,32,37,40,41 "27";
28 43 0 9,11,12,13,15,20,24,29,32,34,36,42,45 "28";
29 4 0 4,6,11,13,16,18,20,25,28,30,32,35,37,40,41,43 "29";
30 40 0 8,10,12,16,20,26,28,32,34,37,42,45 "30";
31 1 0 1,2,5,7,10,12,16,18,19,22,25,28,34,36,39,41 "31";
32 13 0 0,4,7,10,16,19,24,26,29,31,33 "32";
33 12 1 0,2,5,7,9,10,11,14,15,16,20,24,28,29,32,35,37,39,41,43,45 "33";
34 36 1 4,5,6,9,10,13,19,20,21,23,24,30,31,37,39,41,42,44,45 "34";
35 31 1 8,19,26,30,41 "35";
36 4 0 2,8,9,12,16,18,21,25,27,29,37,40,41,45 "36";
37 25 1 5,13,18,20,28,31,33,37,42 "37";
38 13 1 8,21,24,28,31 "38";
39 6 1 0,5,6,9,13,17,18,26,31,34,36,40,45 "39";
40 43 0 3,6,10,17,19,27,30,37 "40";
41 35 0 20,30,36,45 "41";
42 43 1 1,6,11,16,18,22,28,29,30,35,45 "42";
43 32 1 1,3,5,6,8,9,10,11,12,17,19,20,21,26,30,32,34,38,40,44 "43";
44 46 0 0,2,4,10,16,17,18,20,22,38,39,42 "44";
45 4 1 2,3,5,9,12,14,16,20,23,26,28,34,37,40 "45";
