parity 91;
0 19 1 0,2,9,10,13,15,16,18,21,23,27,29,32,34,36,38,42,46,47,53,54,56,65,68,70,71,72,74,77,78,81,84,87,90 "0";
1 25 1 31,72,80 "1";
2 30 1 1,4,6,8,10,19,22,28,30,34,35,36,38,40,44,45,47,50,51,55,56,60,62,73,75,76,79,80,81,82,84,86,88,89,91 "2";
3 62 1 0,2,4,6,8,9,10,13,17,21,25,26,32,35,37,45,48,50,51,53,55,58,60,62,64,65,66,71,72,75,76,78,80,83,85,88,91 "3";
4 39 0 2,3,4,8,10,13,14,17,20,21,23,27,29,33,34,37,42,44,45,46,48,51,54,57,61,63,64,67,69,72,74,75,76,77,81,86,88,90 "4";
5 21 0 1,8,10,13,14,17,18,24,28,35,53,65,66,71,75,77,81,83,87,88 "5";
6 68 1 5,8,9,11,16,19,24,26,29,30,33,37,38,45,47,57,62,63,65,67,69,73,78,91 "6";
7 68 1 5,16,26,30,35,45,50,51,62,73,74 "7";
8 48 1 18,26,30,47,53,55,76,81,88 "8";
9 82 0 0,4,6,8,10,14,16,21,24,25,26,28,30,34,35,36,40,43,45,48,56,59,60,63,65,67,68,74,76,77,82,85,89 "9";
10 31 0 2,5,10,13,15,23,25,27,41,49,51,58,61,63,70,89 "10";
11 32 0 1,6,9,11,13,14,16,19,20,27,29,33,34,36,38,39,42,44,47,50,52,58,60,68,72,76,78,82,85,86,88 "11";
12 20 0 1,3,5,7,11,13,17,19,20,26,33,35,36,39,41,42,45,46,47,48,52,56,61,63,66,70,72,75,78,80,85,86,88,90,91 "12";
13 69 0 8,13,16,18,23,25,29,35,38,41,49,52,53,63,65,67,72,77,91 "13";
14 76 0 0,10,13,15,20,28,29,31,33,36,40,42,45,48,49,52,55,58,59,61,63,65,69,70,73,77,80,82,84,88 "14";
15 82 0 0,19,24,29,31,36,50,53,80,83,85 "15";
16 88 0 5,16,22,33,58,59,73,78,80,82,90,91 "16";
17 29 0 9,13,14,22,25,41,45,47,50,51,63,65,66,68,75,80,82,85,90 "17";
18 25 0 1,4,6,8,15,16,20,21,28,29,31,33,37,39,45,47,51,54,55,63,64,66,69,83,85,87,91 "18";
19 91 1 27 "19";
20 73 0 5,24,62,74,78,91 "20";
21 62 1 2,6,10,13,21,30,44,64,68,78,82,90 "21";
22 21 0 0,3,5,8,16,20,22,26,29,34,38,40,42,57,60,69,72,75,79,80,81,87,90 "22";
23 54 1 0,2,3,9,10,12,13,16,17,18,20,21,23,25,27,29,31,35,36,37,39,41,43,45,46,50,51,53,56,58,59,61,64,67,68,72,74,75,76,78,80,82,83,86,89,91 "23";
24 35 1 0,1,3,5,8,9,12,14,16,19,20,21,24,27,28,30,32,34,39,41,43,45,46,49,51,55,56,59,64,66,68,69,71,73,79,81,84,85,89 "24";
25 10 0 4,8,31,39,41,46,47,49,53,57,59,63,74,78,84,90 "25";
26 42 1 0,2,3,5,6,9,10,12,14,17,18,23,25,26,28,30,32,36,38,40,41,43,44,48,51,56,58,60,63,65,68,70,71,73,75,77,78,83,84,85,87,91 "26";
27 42 0 6,8,11,12,15,19,22,27,31,33,35,40,41,44,49,52,55,58,60,62,67,69,70,76,78,84,86,90 "27";
28 22 0 16,48,58,67,75,78,82,83 "28";
29 6 1 0,7,10,13,16,20,30,34,35,37,39,50,52,55,60,62,64,67,69,72,74,80,82,83,84,89,91 "29";
30 35 0 4,9,13,19,25,29,32,39,40,42,52,55,56,59,60,61,67,70,78,80,82,86 "30";
31 32 1 7,9,11,29,35,40,44,48,51,53,54,57,59,82,83,88,89 "31";
32 2 1 3,12,35,37,39,41,46,53,55,57,59,60,64,66,69,74,78,79,83,87 "32";
33 62 1 3,5,8,14,16,17,23,25,32,39,41,44,48,53,55,57,59,61,63,68,73,74,75,76,78,79,83,85,86,88 "33";
34 80 0 1,4,25,40,84 "34";
35 41 1 1,5,8,9,12,16,20,21,31,33,36,39,43,46,55,58,67,70,74,78,80,82,83,88 "35";
36 89 1 1,2,3,4,5,7,8,9,11,12,15,17,18,20,21,23,25,31,33,37,41,43,45,52,53,54,56,57,60,62,64,66,69,72,74,75,78,79,82,84,86,90 "36";
37 88 0 1,2,3,4,7,9,10,11,13,14,16,17,19,20,21,26,30,33,34,36,37,39,41,42,43,45,48,49,52,54,56,58,60,62,65,69,71,77,78,80,84,85,87,89,90 "37";
38 67 1 0,7,20,33,57,66,68 "38";
39 59 0 2,4,6,9,12,15,16,18,21,24,26,28,31,33,34,37,43,51,54,56,63,65,70,71,74,76,80,85,87,90 "39";
40 24 1 5,9,14,15,20,21,24,26,27,32,34,35,38,39,43,44,47,48,50,52,58,59,61,67,72,73,76,84,85,89,90 "40";
41 42 0 0,2,6,8,10,12,14,16,18,19,21,23,25,27,29,32,33,39,42,44,48,49,53,56,59,62,65,68,77,79,82,83,84,86,87,89,91 "41";
42 71 0 3,4,5,7,8,10,11,13,17,18,20,21,22,24,26,30,32,33,35,37,43,45,46,50,52,53,56,57,59,62,69,71,76,78,80,81,83,86,88,91 "42";
43 28 0 4,6,7,9,11,13,15,17,19,21,22,23,25,27,29,37,38,39,40,42,43,46,51,53,55,63,65,69,72,74,76,80,81,83,84,88,89 "43";
44 22 0 0,1,3,5,7,8,9,11,12,13,15,16,18,19,20,22,23,24,28,32,34,35,36,40,41,43,45,51,52,57,58,63,65,67,71,73,74,76,77,79,80,81,83,85,90 "44";
45 42 1 18,25,28,49,52,58,71,87 "45";
46 88 0 6,12,22,26,33,39,41,46,47,51,53,56,59,62,63,67,72,75,77,80,82,84,86,89 "46";
47 36 1 6,9,13,15,16,20,22,28,38,43,56,59,61,66,67,71,75,78,82 "47";
48 89 1 7,19,42,53,56,61,65,76,89 "48";
49 49 1 1,3,5,7,10,14,18,22,23,25,28,31,34,36,37,41,47,49,51,53,56,60,64,66,67,68,70,73,75,77,78,80,82 "49";
50 53 1 1,2,4,8,10,12,14,16,17,19,21,22,24,26,30,31,33,34,37,38,39,40,43,45,47,50,52,56,58,60,62,65,66,67,69,72,76,79,80,81,82,83,84,86,90,91 "50";
51 92 1 0,5,7,9,15,19,23,25,27,29,31,33,35,36,38,40,43,45,47,49,51,53,55,57,58,60,62,65,67,69,71,73,75,76,80,83,86,88,90 "51";
52 48 1 0,3,4,6,8,10,11,12,15,17,18,19,24,27,29,35,36,39,41,45,46,48,49,51,53,54,57,60,64,65,66,68,69,72,73,77,78,79,81,82,84,86,87,89,90,91 "52";
53 79 0 2,14,22,24,44,60,82,84 "53";
54 57 0 8,10,13,50,61,64 "54";
55 79 1 1,11,47,56,59 "55";
56 73 0 0,2,4,5,7,11,14,15,18,20,22,25,27,30,32,34,41,44,48,50,51,52,55,57,59,61,63,64,66,69,72,74,77,81,87 "56";
57 79 1 2,4,5,11,17,18,20,21,23,27,28,33,39,41,42,45,47,48,53,55,57,60,63,66,68,76,78,80,82,86,87,88 "57";
58 22 0 0,2,4,12,16,17,26,27,30,32,39,43,44,51,55,57,63,65,67,69,72,80,86,88 "58";
59 8 1 5,15,59,69,89 "59";
60 23 1 1,2,6,12,14,15,17,19,20,24,27,29,30,31,33,35,36,39,42,44,46,48,51,52,54,58,61,62,65,67,68,71,73,74,76,77,79,81,82,84,85,86,89,91 "60";
61 87 1 1,5,14,22,24,26,35,37,38,43,45,48,49,52,55,57,63,66,67,70,71,75,77,79,83,85,87,88,90,91 "61";
62 73 1 3,9,12,24,27,33,39,41,46,49,52,54,63,68,70,71,75,84 "62";
63 58 0 0,1,3,7,9,10,13,14,16,21,24,26,28,30,34,35,38,40,43,44,46,48,50,51,52,53,57,58,60,63,64,67,79,80,84,86,88,90,91 "63";
64 36 0 25,36,66,72 "64";
65 16 1 31,35 "65";
66 8 1 0,2,3,7,10,12,14,16,21,22,23,26,29,30,31,35,37,41,44,45,50,53,56,57,58,61,62,63,65,66,68,74,76,79,81,85,87,89,90,91 "66";
67 6 0 4,17,25,27,31,45,48,50,52,57 "67";
68 72 1 0,1,2,4,5,6,7,10,11,12,14,15,17,19,21,22,24,25,29,30,33,39,41,42,44,45,47,48,50,52,57,62,64,67,69,72,73,76,78,79,81,85,87,88,90 "68";
69 66 0 15,29,50 "69";
70 31 1 0,3,5,7,9,14,15,17,19,24,28,30,31,34,35,40,41,42,43,47,50,51,53,54,57,59,60,70,71,73,78,79,82,84,85,88,90 "70";
71 73 1 2,7,11,16,19,21,25,30,32,41,43,50,52,53,55,56,60,62,65,67,77,88,91 "71";
72 64 1 3,6,11,30,33,45,48,61,82,91 "72";
73 39 1 5,14,15,33,36,38,41,43,53,55,59,60,67,83 "73";
74 36 1 1,8,26,46,60 "74";
75 5 1 1,9,13,21,25,31,34,35,37,39,43,50,55,56,61,62,64,68,71,75,79,81,85 "75";
76 70 1 49,70 "76";
77 75 1 0,1,3,4,8,13,15,18,19,22,23,26,28,31,32,35,40,41,42,43,44,46,48,49,52,54,56,59,63,65,67,69,71,73,82,84,85,87,89 "77";
78 33 0 0,3,5,7,12,14,15,17,19,20,27,28,32,35,38,44,45,47,49,50,53,54,55,57,59,63,66,68,71,73,75,77,79,81,83,85,86,88,91 "78";
79 29 1 2,3,4,10,14,16,20,21,22,26,28,30,38,40,45,47,53,55,57,60,71,72,90 "79";
80 63 1 0,1,4,5,6,10,11,13,19,22,23,24,26,29,32,35,38,40,43,50,52,55,56,61,63,66,68,69,70,74,76,77,80,82,83,86,89 "80";
81 64 1 23,27,34,45,47,52,54,65,67,75,78 "81";
82 15 0 32 "82";
83 50 0 2,21,24,25,28,36,54,65,69,87,90 "83";
84 58 1 69 "84";
85 91 1 2,4,9,10,19,20,24,27,28,36,40,41,43,48,57,67,71,72,75,77,82,86,90,91 "85";
86 69 0 0,5,8,10,13,15,18,20,21,23,25,27,28,31,32,37,42,44,49,57,60,62,63,66,69,70,73,76,77,78,80,88,90 "86";
87 58 0 7,12,30,36,44,52,56,69,71,89 "87";
88 54 0 2,6,11,16,17,19,23,28,35,36,40,45,50,52,53,58,59,63,64,67,70,72,73,76,78,84,90 "88";
89 70 1 1,7,21,23,25,27,29,41,46,47,50,52,53,57,63,67,72,77,82,84,87,90 "89";
90 26 0 10,56,75 "90";
91 23 1 6,7,10,11,13,16,22,26,27,32,34,37,40,42,48,49,52,53,54,57,59,60,62,64,65,70,75,82,85,88,90,91 "91";
