parity 158;
0 65 0 1,2,6,8,9,10,12,14,16,18,22,24,25,26,28,30,33,34,36,38,39,42,43,44,46,52,54,56,62,64,66,70,71,78,81,84,86,88,90,93,96,99,102,105,107,110,116,117,126,130,132,133,135,137,138,142,146,147,155,156,158 "0";
1 51 1 12,16,19,45,47,53,55,60,64,88,102,106,112,115,126,137,148,153,158 "1";
2 98 0 1,3,5,6,8,12,13,15,19,21,24,25,28,29,30,35,39,41,44,45,47,48,49,53,55,57,60,62,67,68,71,74,76,80,81,84,87,88,90,91,93,96,98,100,103,105,106,109,110,112,113,118,119,121,124,127,129,130,132,133,135,138,139,141,142,147,149,151,153,155,158 "2";
3 68 1 2,3,6,8,9,13,15,23,26,28,32,33,36,38,40,48,51,53,56,62,68,70,71,73,75,76,78,83,87,88,91,93,96,98,101,103,106,108,110,112,114,117,123,127,128,130,131,134,136,137,139,142,144,147,149,150,153,157,158 "3";
4 113 1 6,9,15,18,20,23,25,27,30,32,37,41,45,49,57,64,74,78,81,87,88,96,98,102,103,105,106,111,119,120,121,131,139,142,143,144,147,157 "4";
5 128 1 1,15,85,124,130,158 "5";
6 6 0 0,2,3,5,10,12,15,16,18,19,20,23,25,26,27,30,33,34,40,44,45,47,49,53,56,59,61,64,66,68,70,74,77,78,80,83,85,88,89,92,93,94,97,98,100,102,103,104,106,111,113,114,115,117,119,120,123,126,127,132,135,136,138,140,141,142,143,145,149,150,153,156 "6";
7 113 0 1,2,3,9,10,18,19,20,21,23,25,27,29,30,33,34,37,39,45,47,49,51,57,58,59,61,62,65,70,78,79,81,82,83,84,89,90,91,92,94,97,98,99,101,103,104,108,109,112,115,119,121,124,125,127,128,129,131,133,135,137,139,140,141,143,145,147,149,152,155,156,157,158 "7";
8 121 1 3,14,21,39,52,78,90,111,148 "8";
9 77 1 4,20,30,32,38,42,44,46,49,50,61,62,67,68,71,77,80,89,96,101,112,114,120,124,127,129,132,135,139,157 "9";
10 40 1 0,2,3,4,5,9,11,12,14,17,19,21,22,25,27,30,31,33,35,37,41,42,44,45,49,50,53,54,56,60,63,64,68,69,71,73,75,77,78,81,83,84,86,90,91,93,94,97,99,102,103,104,105,107,108,113,114,117,119,123,128,129,133,134,136,139,141,143,145,147,148,149,151,152,155,157 "10";
11 84 0 0,1,4,5,8,9,11,13,15,16,20,23,25,27,29,30,32,33,35,37,40,42,46,48,49,50,54,56,59,61,64,66,68,70,72,73,74,75,78,80,82,83,86,88,90,91,97,99,101,102,104,106,108,109,110,112,114,116,118,119,121,123,124,130,132,133,134,136,139,140,145,146,148,150,151,152,153,157 "11";
12 25 0 1,2,5,13,14,18,20,25,34,36,39,43,47,51,53,56,57,58,60,63,65,73,75,77,84,86,92,98,103,108,112,120,122,126,128,130,132,138,141,144,146,149,151,152,156 "12";
13 3 0 1,4,6,15,26,29,52,54,57,67,71,73,79,93,103,111,124,140,145,148,155,157 "13";
14 124 0 1,3,4,5,8,16,21,27,31,33,37,45,52,56,58,65,68,69,71,72,74,82,84,86,89,90,95,102,104,106,108,110,114,116,117,118,119,126,129,131,132,134,139,143,145,148,149,151,154,157 "14";
15 115 0 12,19,39,55,59,78,99,106,109,117,119,123,131,144,146,154,157,158 "15";
16 34 1 14,25,48,53,65,97,104,124,136,139,140 "16";
17 40 1 3,7,37,66,72,75,78,79,83,96,124,127,129,140,142,149,152,155,157,158 "17";
18 57 0 0,1,4,6,7,12,13,16,18,20,22,26,29,30,32,34,35,40,41,42,45,46,48,51,54,57,59,61,62,65,66,69,71,75,80,81,82,83,85,87,90,92,96,99,102,103,107,109,110,111,113,115,123,127,128,129,132,134,136,142,144,145,148,150,151,153,154,157 "18";
19 30 0 34,36,56,147 "19";
20 30 1 4,5,6,9,10,13,15,18,20,22,24,27,28,34,40,43,49,51,53,59,61,63,66,68,70,71,73,79,80,85,87,88,90,94,95,98,102,104,106,108,111,113,115,117,120,122,127,131,132,136,138,142,143,149,150,153,157 "20";
21 24 0 0,2,4,6,7,9,10,11,14,18,19,21,23,24,25,33,36,37,38,40,42,46,48,49,52,54,58,59,62,64,68,69,70,72,73,77,78,79,80,83,85,87,88,89,91,93,95,96,98,101,104,107,108,110,113,116,117,119,121,122,126,129,130,131,133,135,136,138,139,142,144,146,149,151,153,155,158 "21";
22 29 0 0,3,5,7,9,12,17,19,21,26,30,33,37,38,43,47,49,53,54,55,59,63,65,69,71,75,80,82,83,87,88,91,98,105,107,108,110,111,113,114,115,119,126,128,129,137,146,149,151,154,156 "22";
23 46 1 5,14,37,39,41,46,49,54,60,62,70,76,93,114,116,119,123,138,149 "23";
24 28 0 1,26,44,47,49,56,57,71,73,75,78,80,82,83,95,96,98,100,115,121,123,124,126,131,135,149,155 "24";
25 58 0 9,12,18,22,33,59,73,78,80,87,90,98,101,103,106,134,135,137,138,149,150 "25";
26 145 1 1,2,6,7,11,13,15,17,18,19,23,25,26,28,30,32,34,36,40,42,44,45,46,48,50,51,55,56,58,59,61,62,65,66,69,73,74,77,78,80,84,85,86,88,91,94,96,99,100,101,102,105,109,110,112,114,115,116,118,123,125,126,128,133,135,137,139,142,144,146,147,149,150,153,154,156,157,158 "26";
27 102 1 7,10,17,40,46,48,53,84,89,97,100,102,104,141 "27";
28 34 1 1,4,11,12,15,17,19,27,28,30,31,33,35,47,48,50,51,52,56,59,61,63,66,68,71,74,76,78,79,81,83,87,89,91,93,95,99,100,106,110,113,114,119,122,127,129,131,132,136,138,145,149,152,154,156,158 "28";
29 59 0 8,18,30,40,42,49,57,71,81,94,105,115,133,136,138,143,152,154 "29";
30 127 1 18,23,28,35,40,52,61,80,89,93,98,137,140,145,153 "30";
31 142 1 1,3,7,10,12,14,15,18,20,21,23,24,27,33,34,35,38,39,40,42,43,45,47,48,50,51,53,56,58,60,63,67,68,71,72,74,75,76,78,79,81,84,90,92,93,97,108,112,113,115,117,120,122,123,124,127,131,133,134,140,142,143,145,146,148,151,152,155,158 "31";
32 65 0 8,21,24,27,29,30,31,32,35,40,46,53,59,78,99,116,117,126,128,133,146,158 "32";
33 14 1 0,8,12,15,22,23,28,31,36,37,44,47,48,51,54,60,68,75,78,80,89,92,101,105,108,119,122,135,139,142,148,150,151,153,154 "33";
34 52 0 0,8,12,14,19,29,33,41,42,44,47,49,54,58,65,68,70,73,74,75,85,96,97,98,101,103,107,108,110,111,113,115,118,119,121,122,123,125,128,129,132,135,138,142,144,146,148,153,157 "34";
35 79 1 4,48,62,85,151 "35";
36 84 1 0,5,6,11,13,14,16,18,19,22,24,25,26,30,32,33,36,43,45,47,48,51,53,54,61,63,65,67,69,70,72,77,81,85,86,89,90,94,96,101,103,111,112,113,115,121,127,130,132,135,140,141,147,152,157 "36";
37 78 0 4,9,13,15,20,21,31,48,50,52,62,69,70,74,76,82,84,90,95,101,103,109,115,117,118,120,123,128,137,139,149,155,156 "37";
38 65 0 1,4,6,9,18,20,24,28,30,31,32,34,38,39,40,43,46,52,54,55,57,63,65,72,74,75,79,81,85,90,91,94,96,98,100,104,110,111,115,117,120,123,126,128,129,131,133,136,139,144,146,148,155,156,157 "38";
39 103 1 10,16,19,23,25,28,51,59,62,84,96,101,110,112,116,126,133,144,148,151 "39";
40 156 0 2,8,11,16,18,20,24,27,29,31,35,39,41,44,46,47,50,54,55,57,63,66,68,71,72,77,78,80,82,84,85,87,89,90,93,95,97,99,101,107,110,113,116,118,119,120,126,127,132,133,136,138,141,143,147,149,151,152,155,157,158 "40";
41 40 1 4,14,18,24,39,52,57,68,69,72,74,77,78,81,88,94,96,97,110,111,119,122,127,137,141,148,150,154 "41";
42 23 0 4,7,11,13,14,15,17,20,22,25,27,28,30,31,32,34,38,39,41,42,43,44,47,48,50,51,52,55,57,59,61,63,65,66,67,70,72,74,75,79,81,83,85,87,89,91,94,102,109,114,116,119,122,123,126,128,130,133,135,141,143,144,147,149,151,152,155 "42";
43 150 1 0,4,9,12,16,18,23,24,25,28,30,31,34,36,37,40,41,43,45,47,51,52,55,57,59,62,64,66,67,69,70,74,79,81,82,85,87,88,90,92,94,98,100,102,105,106,108,110,112,113,115,120,122,124,126,129,132,134,135,136,138,141,143,148,150,151,154 "43";
44 13 1 9,12,15,17,19,22,24,27,32,34,38,40,42,50,51,57,60,62,63,71,75,76,79,86,92,94,96,110,113,117,124,128,131,135,139,142,145,151,158 "44";
45 21 0 0,3,4,6,7,9,12,18,19,25,26,30,32,33,35,38,39,41,42,44,45,47,49,51,53,55,57,58,60,62,64,65,66,71,74,75,77,80,82,86,87,89,91,95,96,100,102,104,105,107,108,110,116,119,122,124,125,128,130,135,137,139,140,142,143,145,146,148,150,152,153,155,158 "45";
46 115 1 2,14,30,52,71,86,89,101,116,124 "46";
47 16 1 1,3,4,6,8,9,12,13,17,18,20,21,24,27,30,34,35,37,38,40,45,47,50,52,54,55,56,59,60,62,64,69,71,72,75,76,78,81,82,84,86,88,90,91,94,96,97,100,103,104,105,110,113,114,115,116,118,122,124,125,127,131,134,136,139,141,142,146,148,149,151,154,155,156 "47";
48 67 0 0,2,6,8,9,11,13,14,15,17,20,21,24,26,28,32,33,36,38,40,43,44,45,47,48,50,52,54,55,59,64,66,70,72,75,77,79,80,81,83,84,86,90,91,94,96,98,100,103,104,106,108,109,111,114,116,117,121,122,123,124,127,129,130,133,134,136,139,141,142,143,145,146,148,150,152,154,156,157,158 "48";
49 125 1 0,2,3,4,5,9,15,16,23,27,31,38,39,43,51,52,60,63,67,70,74,75,78,80,87,88,90,98,102,104,108,109,110,114,122,123,125,129,132,134,138,143,154 "49";
50 38 0 4,13,25,40,58,61,102,112,126 "50";
51 120 1 1,4,6,8,9,13,17,19,22,26,29,33,36,38,41,42,45,48,49,50,53,54,57,58,59,64,69,71,73,74,76,78,79,81,83,84,86,89,90,93,101,104,105,107,110,113,116,117,118,120,122,123,124,126,130,134,135,138,140,141,143,144,145,146,150,151,152,157 "51";
52 102 0 0,5,7,9,11,15,16,24,26,31,34,37,41,42,44,47,49,50,52,55,60,64,65,69,74,77,85,86,89,91,96,98,100,102,104,106,109,111,115,119,121,125,126,129,134,137,140,141,143,145,147,148,150,152,154,156 "52";
53 31 1 103,119,127,144,147,150 "53";
54 11 0 3,6,8,10,12,15,16,18,19,22,23,26,28,30,32,33,35,37,38,41,44,45,46,48,50,51,57,59,61,63,65,66,68,69,71,74,77,79,81,84,85,87,89,90,92,94,95,98,99,101,103,105,107,108,109,111,113,115,118,120,125,127,129,130,136,138,140,141,142,145,146,147,149,152,153,155,156,158 "54";
55 120 1 0,1,2,3,6,7,9,10,11,13,14,18,21,24,26,27,29,33,36,38,40,41,45,47,52,53,55,56,57,60,62,63,64,69,71,77,79,83,84,87,91,93,94,98,101,102,106,108,109,111,113,115,117,120,121,126,129,131,133,134,136,137,139,141,143,152,155,156 "55";
56 91 1 0,1,3,4,7,10,13,15,16,18,24,25,27,29,32,35,38,40,43,45,46,49,53,54,55,57,61,62,69,70,71,72,75,77,79,83,85,86,89,91,93,99,102,103,105,107,108,109,111,113,115,116,117,120,122,125,126,131,132,133,138,140,141,143,145,146,148,149,152,154,155,157,158 "56";
57 35 1 14,26,45,90,94,113,154,155 "57";
58 80 0 3,7,8,9,13,14,18,20,22,24,26,32,35,45,50,53,62,65,75,77,83,90,91,93,103,125,128,130,133,139,140,141,147,153,156 "58";
59 46 1 15,20,29,31,46,52,59,61,64,67,68,70,72,84,86,87,91,92,96,109,110,115,117,120,127,143,148,149,153,156 "59";
60 124 0 53,61,132 "60";
61 41 0 0,2,10,13,15,20,22,23,24,32,35,40,44,46,51,55,57,62,63,65,66,68,70,72,76,79,81,82,84,86,87,94,96,98,105,108,120,122,130,132,135,150,152,154,156,158 "61";
62 49 1 0,3,5,7,9,10,12,15,16,17,18,20,22,23,28,29,31,33,36,37,39,40,44,45,47,50,53,54,55,57,59,60,62,65,67,69,70,77,78,80,82,87,89,95,97,99,100,104,106,107,110,111,113,114,116,118,121,123,124,126,128,130,132,134,136,137,141,143,146,150,154,157 "62";
63 70 1 0,2,3,4,6,7,8,10,16,24,27,33,34,36,42,47,49,53,56,57,67,73,80,83,86,93,96,99,105,109,114,116,125,134,139,145,153,155 "63";
64 31 1 0,3,5,7,8,10,11,12,14,15,16,18,19,22,24,26,27,30,33,36,38,41,42,44,47,49,51,54,56,58,61,62,65,67,71,72,75,77,81,82,85,86,87,88,91,92,93,95,97,99,101,106,109,114,116,117,119,122,124,126,128,130,132,137,138,139,140,145,146,149,150,151,155,156,158 "64";
65 143 1 2,6,28,41,42,48,54,65,68,71,74,75,80,90,104,111,112,113,115,118,123,125,127,130,133,157 "65";
66 75 1 25,34,44,53,78,79,81,85,87,95,107,113,127,130,136,138,151 "66";
67 73 1 4,8,9,17,21,25,26,29,32,34,36,38,40,42,50,52,58,61,66,68,73,75,89,94,97,102,104,105,109,111,114,116,121,125,128,132,133,141,148,151 "67";
68 58 0 69,95,143,158 "68";
69 144 1 3,5,8,10,12,15,19,24,26,30,33,35,37,42,44,46,47,49,50,53,63,65,67,68,70,72,75,80,86,87,89,90,92,94,96,101,105,109,110,112,114,116,119,120,124,125,128,131,133,135,136,138,140,146,150,153,154,156 "69";
70 151 0 2,4,13,15,18,22,24,26,31,36,38,42,43,47,54,60,63,65,67,68,71,76,79,84,86,91,95,98,101,103,110,112,114,116,120,122,126,140,141,144,148,153 "70";
71 78 1 0,5,10,12,17,29,33,41,48,52,58,61,63,65,69,76,85,91,100,102,106,116,119,123,134,153 "71";
72 159 0 0,1,3,5,7,8,11,12,13,15,17,19,22,25,27,29,32,35,36,38,40,44,46,47,48,50,52,53,54,56,60,62,64,65,66,70,71,73,75,76,78,80,82,85,86,87,89,91,94,97,98,100,102,103,108,110,111,113,114,118,120,121,126,128,130,131,132,134,137,139,142,143,144,147,149,156,157 "72";
73 92 1 0,1,3,6,8,10,13,19,25,26,27,34,35,43,46,47,49,52,56,57,59,60,63,65,67,69,70,75,80,82,87,88,91,94,96,98,99,102,104,106,108,110,115,118,119,121,122,125,127,129,131,133,135,139,141,145,148,149,151,154,155,157 "73";
74 40 1 28,34,59,68,74,97,102,122,125,133,138,149,154 "74";
75 136 0 0,2,3,5,8,10,11,12,14,16,19,21,23,24,29,30,32,34,38,40,41,43,47,48,52,53,57,58,60,61,62,64,66,68,69,71,72,73,75,76,78,80,83,85,86,89,92,94,100,101,104,107,109,111,113,115,118,120,122,125,127,128,130,131,132,134,136,138,139,140,141,143,145,146,147,149,154,156,157,158 "75";
76 128 1 3,7,9,36,64,77,83,99,101,124,127,128,134,136,145 "76";
77 85 1 0,3,7,8,13,15,22,27,34,36,46,48,57,60,66,68,76,81,87,91,92,95,101,105,108,115,118,122,126,127,147,152 "77";
78 131 1 0,4,7,10,12,13,15,17,18,20,22,24,25,28,29,30,34,36,37,38,39,40,41,43,44,45,47,50,51,53,57,59,61,64,66,69,70,71,76,77,78,81,83,85,87,90,91,95,97,102,104,107,109,111,112,115,117,118,119,120,123,126,127,128,131,132,134,135,137,139,140,142,145,146,148,149,150,151,153,155 "78";
79 142 0 15,18,20,39,50,73,80,86,89,94,101,132,135,143,147,157 "79";
80 22 1 1,3,8,11,13,15,16,18,20,23,28,30,34,36,38,40,42,43,44,46,48,49,51,54,55,57,69,70,72,73,75,77,79,80,82,84,85,87,88,90,92,95,99,102,105,109,111,113,116,122,124,125,126,128,131,133,136,137,140,142,143,146,149,155,157,158 "80";
81 21 0 5,17,36,43,53,62,68,81,93,148,158 "81";
82 34 0 27,29,67,95,123,134 "82";
83 48 1 0,3,4,7,8,10,12,18,21,28,32,35,37,38,41,42,53,55,56,58,64,65,70,72,75,83,86,88,90,91,93,94,95,97,100,102,105,109,117,121,123,124,126,128,130,137,143,145,150,155 "83";
84 47 1 2,5,7,10,17,20,30,36,37,41,59,61,67,71,76,86,88,91,103,105,110,117,121,123,126,135,137,146,157 "84";
85 8 1 0,5,7,9,11,19,20,22,31,35,39,45,47,52,55,58,64,66,68,69,71,74,75,81,85,87,94,95,97,98,100,103,107,112,117,118,121,124,132,137,141,142,144,147,148,150,158 "85";
86 50 1 12,19,21,38,57,63,65,69,71,77,80,84,85,109,115,124,133,137,149,157,158 "86";
87 53 0 2,7,14,19,21,22,24,28,29,34,46,49,58,60,61,62,65,67,70,72,74,79,80,88,91,96,100,101,103,107,108,113,115,117,118,120,122,125,128,132,135,136,146,158 "87";
88 50 0 0,19,26,29,31,34,47,51,55,62,68,74,77,79,80,83,84,87,90,94,97,100,103,105,108,111,117,118,128,129,136,137,143,145,154 "88";
89 54 0 1,2,6,8,12,25,26,31,32,38,41,43,45,46,53,56,58,60,63,65,67,71,73,75,93,96,98,99,101,107,108,112,116,119,125,127,131,133,140,145,147,148,150,152,154,157 "89";
90 48 0 4,6,8,10,12,15,17,19,21,24,25,26,30,32,33,34,36,38,39,41,42,43,44,46,48,50,52,54,55,57,59,61,64,68,70,71,72,75,76,79,85,87,90,91,94,101,102,104,107,108,111,113,116,119,127,129,130,131,132,136,138,140,142,145,147,149,151,154,155,157 "90";
91 112 0 1,3,5,6,11,13,14,15,16,19,22,24,25,26,27,33,35,40,41,42,43,48,49,51,54,56,57,60,61,63,64,66,68,69,71,72,73,76,85,88,92,93,96,97,100,101,104,108,109,110,112,116,117,120,121,124,126,129,130,132,134,136,138,140,141,142,148,150,152,158 "91";
92 32 1 0,2,4,6,10,11,13,15,16,23,25,29,31,35,37,42,43,45,46,49,50,51,56,57,59,62,64,65,66,68,69,71,72,75,76,77,79,81,82,85,86,91,92,95,96,98,102,106,110,111,112,114,117,120,124,125,130,131,133,134,136,138,140,141,143,144,145,147,148,149,150,153,154,155,156,158 "92";
93 131 1 2,11,17,19,20,24,29,31,32,39,43,47,51,52,58,61,72,74,76,92,96,98,101,105,118,119,127,133,136,138,140,142,149,154 "93";
94 67 1 2,8,11,14,16,17,19,20,22,24,26,28,29,32,33,37,39,40,41,44,45,47,48,53,56,58,59,63,65,68,70,72,74,76,79,84,89,94,95,96,98,100,102,103,107,109,114,115,116,119,120,122,123,125,127,129,130,132,134,135,138,140,142,143,144,145,148,149,151,152,156,158 "94";
95 29 1 5,42,65,71 "95";
96 4 0 7,27,32,37,38,40,64,75,88,93,111,115,142,145,158 "96";
97 122 0 1,8,44,64,81 "97";
98 31 1 1,2,25,28,33,39,41,44,51,54,63,67,73,78,86,91,95,98,109,122,126,128,132,135,137,149,155 "98";
99 157 1 0,8,11,15,21,23,25,29,31,34,35,37,40,43,45,47,48,49,53,56,58,60,62,63,69,70,73,74,76,81,84,85,86,90,91,92,95,97,98,101,107,108,112,115,120,122,124,125,127,131,133,134,136,137,139,145,147,149,150,155 "99";
100 140 0 5,7,8,9,11,16,20,21,24,28,30,32,33,35,37,40,41,45,47,48,50,52,53,55,57,58,60,61,64,66,70,72,75,76,79,80,81,84,86,88,90,93,95,97,100,101,106,107,109,111,113,116,118,122,124,127,128,129,132,139,141,142,147,149,154,155,157 "100";
101 23 1 1,4,7,12,13,14,18,20,22,28,29,31,36,38,39,42,47,55,60,62,65,69,70,72,77,80,88,89,93,96,97,102,107,110,121,124,129,132,133,135,139,140,142,145,148,153,157,158 "101";
102 84 0 0,2,4,10,12,16,18,20,22,26,29,30,31,35,38,42,44,47,49,54,62,69,76,77,82,84,87,88,91,95,99,101,104,111,119,122,126,127,129,132,139,145,147,149,150,151,152,156 "102";
103 40 0 6,7,8,9,12,15,17,20,22,23,27,29,31,32,33,38,39,41,42,49,50,52,54,57,59,61,63,68,71,73,75,76,77,79,80,82,83,86,88,90,91,93,97,99,101,103,106,108,109,111,112,114,117,119,120,122,126,128,130,132,134,135,137,139,141,143,145,147,149,150,151,154,155 "103";
104 50 0 1,3,10,16,21,24,28,30,32,34,38,39,41,42,45,52,54,56,57,58,60,68,70,71,79,82,87,91,92,94,96,97,101,103,105,108,110,113,116,118,119,121,123,132,134,136,143,144,146,151,153,155 "104";
105 77 1 4,6,21,23,25,41,48,51,61,66,76,81,86,91,92,98,104,106,117,123,126,128,131,132,143,145,154,157,158 "105";
106 89 1 2,7,12,16,21,22,28,36,39,45,51,54,58,60,61,65,68,72,80,84,95,97,99,102,104,111,118,119,123,129,130,135,138,140,142,143,151,154 "106";
107 130 1 0,1,3,8,13,16,21,31,32,34,37,38,47,50,56,59,62,66,68,73,74,77,79,84,87,88,91,93,97,103,105,106,108,109,112,113,117,120,124,126,128,131,137,138,140,142,143,146,154,157 "107";
108 125 0 0,4,6,9,10,14,18,19,22,24,25,27,29,30,34,35,36,40,41,44,50,52,56,57,58,61,65,69,71,74,76,77,79,80,82,85,86,88,92,95,97,99,100,103,105,106,109,110,111,112,117,120,122,124,125,128,131,132,134,135,140,144,145,148,153,155,158 "108";
109 54 0 13,34,57,60,102,128,144,151,152 "109";
110 103 1 1,9,11,18,19,26,28,39,44,49,51,52,64,70,73,74,83,93,98,99,103,109,110,113,115,118,125,128,130,132,138,147,148,149,153,154 "110";
111 103 1 1,2,4,6,7,11,12,13,15,16,18,21,25,27,28,30,31,33,37,40,44,46,49,51,54,55,56,61,64,66,67,69,70,74,76,77,79,80,82,84,88,90,92,95,96,98,100,101,103,104,106,108,110,111,113,115,116,120,121,124,126,129,130,131,133,134,135,137,138,140,142,143,144,145,147,149,153,157,158 "111";
112 56 1 0,3,5,8,12,13,14,18,22,24,28,29,32,33,35,37,38,41,42,43,45,47,48,50,52,56,58,59,61,62,65,68,70,72,74,75,77,78,79,80,82,84,90,92,95,96,97,99,100,103,104,106,108,111,113,116,121,122,124,125,127,129,130,133,134,136,137,139,145,147,149,150,152,153,155,157,158 "112";
113 14 1 0,5,14,26,28,30,33,34,36,45,47,53,55,58,60,62,63,66,68,72,77,78,83,88,91,93,102,105,108,111,114,122,123,124,125,127,129,132,136,137,139,142,145,150,151,152,153,156,158 "113";
114 5 0 1,4,6,7,11,15,18,19,20,23,25,27,29,30,33,39,43,46,48,49,52,55,56,62,69,72,78,83,85,86,92,103,104,108,111,114,129,131,133,135,136,139,141,149,152 "114";
115 65 0 1,7,8,10,12,16,17,20,23,28,30,33,36,37,41,44,49,51,53,55,57,60,62,64,67,72,76,78,82,85,88,94,97,98,99,105,106,108,110,112,115,120,122,124,128,132,134,135,139,140,142,144,147,157 "115";
116 12 0 0,4,6,9,10,14,16,19,20,22,25,26,32,33,34,36,37,39,41,42,43,46,47,50,53,54,56,57,60,63,64,73,76,79,82,84,86,89,90,94,96,98,101,102,105,110,112,114,116,117,118,119,121,124,125,127,131,134,135,136,138,140,142,143,146,155,156,158 "116";
117 36 1 3,9,16,18,22,26,30,41,42,43,48,50,57,73,76,82,87,89,91,93,98,100,102,108,115,118,120,123,133,135,138,141,144,146,148,149,157,158 "117";
118 62 1 11,79,104 "118";
119 37 1 4,32,55,61,63,67,80,88,94,101,119,126,128,137,138,141 "119";
120 139 1 1,3,7,9,10,14,15,17,20,22,26,28,29,33,37,38,40,41,45,47,48,62,67,72,74,76,80,82,85,87,89,91,96,99,103,108,109,113,115,117,119,120,124,125,127,131,136,139,142,143,145,146,152 "120";
121 59 0 0,3,9,12,15,23,29,33,37,39,40,41,43,45,46,51,54,55,58,60,62,63,64,66,68,69,71,72,77,80,81,83,85,87,88,90,91,94,99,101,103,104,106,108,115,117,118,123,128,131,133,136,138,143,144,147,148,151,152,154,158 "121";
122 99 0 0,3,5,8,9,11,12,14,16,19,22,25,27,30,38,42,45,46,48,50,51,53,60,63,68,70,71,73,77,79,83,85,88,90,93,98,107,110,112,115,116,121,125,127,130,131,135,137,139,140,148,153,154,156,158 "122";
123 24 1 0,2,3,9,13,16,19,22,23,33,37,41,48,49,66,81,84,89,95,97,99,106,113,118,130,133,134,142 "123";
124 27 1 0,1,5,7,8,11,12,14,19,22,26,30,35,36,39,42,47,50,55,56,58,62,64,71,79,82,88,91,95,97,98,102,105,108,118,120,122,123,131,133,137,138,141,148,149,150,156 "124";
125 139 0 0,1,3,6,7,11,12,14,16,18,19,21,22,24,26,27,29,32,33,35,36,38,40,42,43,46,48,50,51,52,55,57,58,65,67,69,73,75,77,79,80,81,82,87,89,95,97,98,101,103,105,107,108,111,113,115,116,120,122,124,128,129,130,133,136,137,138,140,141,146,148,149,153,156,157,158 "125";
126 82 1 6,12,20,32,34,44,47,52,55,70,76,84,90,128,132 "126";
127 146 0 0,5,17,30,35,45,54,62,64,74,81,82,100,116,122,129,130,144,154 "127";
128 67 1 22,29,55,69,75,117,141,146,148 "128";
129 81 0 4,6,8,16,21,36,43,45,54,70,72,83,97,101,103,105,111,117,119,124,128,129,133,135 "129";
130 94 1 3,4,17,28,36,47,52,57,58,73,75,79,85,91,93,105,109,116,118,125,134,139,146 "130";
131 159 1 7,13,17,23,40,47,50,52,72,75,81,83,88,105,117,135,150 "131";
132 77 0 2,12,25,29,32,35,40,46,57,61,66,69,72,74,81,88,100,109,124,126,138,140,142,150,154 "132";
133 62 1 30,51,56,64,75,78,94,104 "133";
134 77 1 0,3,10,11,16,26,38,43,76,81,98,100,107,117,123,153,155 "134";
135 18 0 0,3,4,6,7,11,13,14,17,18,20,21,23,26,27,31,35,39,46,48,51,53,55,57,63,65,67,70,72,73,75,77,81,85,86,87,92,93,100,102,103,105,110,112,113,116,118,119,121,128,129,132,135,137,138,142,148,152,154,155,156,157 "135";
136 79 0 1,2,5,7,11,12,17,18,20,23,25,27,28,29,31,34,36,37,41,43,46,47,49,50,51,52,53,55,58,59,61,65,67,71,75,76,82,84,86,88,89,91,92,94,96,98,102,103,104,105,112,114,115,119,121,126,128,129,134,135,137,139,140,142,144,146,147,149,150,153,158 "136";
137 1 1 2,13,16,28,30,32,37,39,40,41,43,45,47,51,53,59,61,63,73,82,83,84,87,89,90,94,97,102,109,110,115,118,120,124,125,126,135,138,140,144,145,146,151 "137";
138 22 1 3,8,21,48,53,75,81,87,92,95,100,116 "138";
139 146 0 2,31,33,46,47,52,56,60,72,76,82,86,94,95,100,112,116,117,126,130,138,145,153,157 "139";
140 102 0 3,8,11,15,18,19,21,23,29,33,36,37,48,54,57,59,60,62,64,66,77,81,83,87,88,90,92,94,95,102,105,106,108,111,112,113,119,120,122,126,131,133,134,137,138,140,143,145,147,151,153,154,156 "140";
141 135 1 1,3,6,7,8,10,12,15,16,17,20,22,25,29,31,32,39,44,45,47,48,51,54,57,59,61,63,64,66,68,69,71,73,75,76,78,79,83,87,88,89,91,92,94,96,101,105,108,109,112,113,114,117,119,121,122,124,125,127,128,130,131,132,134,137,138,140,141,143,144,146,149,151,156,158 "141";
142 59 0 0,4,6,8,12,13,19,21,22,24,26,28,29,31,33,34,35,36,39,41,42,44,47,48,50,53,54,58,62,63,64,68,70,72,73,74,78,80,82,84,85,87,88,95,97,98,99,100,105,107,109,111,113,114,116,117,119,120,122,123,126,129,131,132,134,136,140,142,144,145,146,151,152,153,154,155,157 "142";
143 22 0 0,6,8,13,15,18,20,26,30,38,40,41,43,47,50,51,60,62,70,72,91,97,104,107,108,110,115,124,131,137,139,144,147,150,151,153 "143";
144 27 0 2,4,7,9,12,14,17,18,21,22,24,27,29,31,32,33,34,36,37,39,40,46,49,50,52,56,57,59,60,63,64,66,69,70,75,77,80,82,84,85,89,92,93,96,97,100,104,106,107,109,110,112,113,115,117,118,127,129,131,132,136,138,140,141,144,145,147,152,154,155,158 "144";
145 55 1 2,26,46,50,53,67,78,97,103,116,119,124,125,127,142,146,154 "145";
146 1 0 12,26,30,46,51,65,70,72,100,108,109,110,117,120,137,144,149 "146";
147 119 1 0,2,3,4,5,9,10,11,12,14,15,16,19,21,24,27,28,29,31,33,34,39,41,42,45,47,49,51,52,55,56,62,66,68,71,77,79,83,86,90,92,93,94,97,99,101,105,106,107,109,110,113,115,119,121,123,124,126,128,132,134,135,136,138,144,147,148,150,153,155,156 "147";
148 84 0 0,6,12,20,28,29,33,36,39,42,44,46,49,55,57,59,61,64,65,67,69,72,76,79,80,88,91,95,102,104,105,110,115,117,122,127,132,133,135,143,144,148,151,154,155 "148";
149 98 1 2,3,8,16,18,21,24,27,31,33,34,36,39,40,45,47,49,54,55,57,59,61,64,65,66,67,69,77,82,84,89,91,92,101,106,107,110,111,121,122,131,134,135,137,139,142,143,144,146,147,148,151,152,154 "149";
150 64 1 0,1,2,3,6,8,12,14,15,19,21,24,27,29,31,36,37,38,40,42,43,46,47,49,51,55,56,60,64,66,68,69,71,72,73,76,81,84,87,89,93,95,97,98,100,105,109,112,115,116,117,121,122,125,126,128,133,134,136,137,138,140,141,149,150,151,154,155,157,158 "150";
151 155 1 5,7,8,11,12,15,16,19,21,26,38,43,45,48,49,56,58,60,62,64,70,76,81,83,85,89,90,91,93,94,97,101,113,114,119,121,123,129,130,138,144,146,150 "151";
152 67 0 0,2,4,6,9,11,12,16,17,20,22,24,25,27,29,31,33,34,38,39,40,43,45,46,47,49,52,53,54,58,59,61,66,67,68,71,72,74,75,77,81,82,85,88,89,90,91,93,94,97,99,100,101,102,106,108,114,115,116,120,122,126,127,128,130,132,136,137,140,144,150,151,153,155,158 "152";
153 111 1 3,8,10,19,22,29,36,55,56,64,68,78,79,103,120,133,147,150,155 "153";
154 79 1 1,2,3,4,7,9,10,13,17,19,24,26,28,29,32,34,45,46,55,57,58,59,63,64,69,74,79,81,86,89,90,92,95,98,100,102,104,112,114,115,117,119,122,124,127,128,131,132,135,139,140,143,145,146,148,151,154,157,158 "154";
155 150 1 3,6,8,9,21,30,43,45,46,48,54,58,69,75,79,80,84,96,102,104,105,110,121,131,136,138,156 "155";
156 83 1 4,6,10,12,16,21,23,26,28,48,55,65,71,73,74,81,85,86,89,92,94,95,111,117,135,137,144,156 "156";
157 49 1 33,46,67,81,96,107,110,117,118,128,138,140,141,149 "157";
158 1 0 29,35,37,49,76,88,90,100,104,105,109,119,126,130,142,147,152 "158";
