parity 77;
0 36 0 2,4,8,9,12,14,18,24,28,31,32,34,36,42,46,49,51,53,61,63,65,73,75,77 "0";
1 67 1 1,4,12,17,28,29,33,34,40,45,50,57,61,66,68,75 "1";
2 27 1 5,7,10,12,13,16,18,20,23,24,26,28,30,32,39,44,48,57,58,59,60,67,70,73,76,77 "2";
3 62 0 6,7,10,13,19,26,31,33,36,44,48,50,54,55,58,61,70,74,77 "3";
4 65 0 0,4,5,9,11,15,17,18,21,23,29,32,33,35,38,39,43,46,48,50,53,55,59,62,64,67,68,71,73,74,76 "4";
5 31 1 28,51,58,60 "5";
6 3 0 0,1,5,6,8,9,11,14,15,17,20,28,30,33,35,37,41,47,55,58,63,65,66,67,68,69,71,73,74 "6";
7 16 1 0,1,4,5,6,9,11,16,18,20,21,23,25,26,29,33,36,40,42,43,45,47,49,50,52,54,55,59,61,62,63,67,70,71,72,74,75,77 "7";
8 8 1 10,17,22,28,33,34,38,42,44,45,50,54,58,63,65,69,71 "8";
9 29 1 3,5,6,10,11,12,16,19,20,23,26,29,34,36,43,46,48,49,51,53,57,58,59,60,62,64,67,68,70,71,73,74,75,77 "9";
10 70 0 7,9,19,23,24,34,41,42,45,47,50,59,61,62,64,72,74 "10";
11 19 0 0,1,3,5,6,10,11,14,16,20,22,25,28,30,32,35,37,39,40,42,46,48,52,54,56,58,59,61,66,69,70,71,73,75,77 "11";
12 19 1 0,2,4,9,10,13,15,17,24,33,35,41,43,46,49,55,70,75 "12";
13 33 0 0,2,4,6,8,9,11,17,21,29,31,35,38,40,45,46,48,50,51,55,56,59,65,67,70,72,73,75 "13";
14 40 0 62,63,64 "14";
15 37 1 2,4,11,12,24,27,29,31,35,43,49,51,53,64,67 "15";
16 30 1 9,12,19,28,33,42,45,49,52,60,65,68,76 "16";
17 24 1 24,40 "17";
18 18 0 2,10,13,16,21,28,34,37,38,40,41,46,51,53,55,57,60,69,70,72,77 "18";
19 43 1 1,7,9,15,18,22,25,32,34,36,46,48,54,56,58,62,65,67,70,74 "19";
20 11 0 1,4,5,7,9,11,12,14,15,16,19,20,22,23,28,31,35,36,37,40,41,42,46,48,50,51,52,54,55,61,62,63,65,67,68,70,74,76,77 "20";
21 60 1 1,3,7,8,10,13,14,17,23,24,31,33,35,38,39,42,44,46,48,54,56,57,60,65,67,68,69,70,72,73,76,77 "21";
22 54 1 2,4,6,8,9,14,20,22,27,31,37,39,41,44,47,49,52,54,57,59,60,62,64,66,67,68,70,77 "22";
23 32 1 8,26,34,53,66,68,74 "23";
24 38 0 0,3,8,16,19,21,23,27,28,30,36,39,41,42,44,46,48,51,53,56,57,60,66,72 "24";
25 32 0 5,13,19,25,38,43,46 "25";
26 57 1 1,3,5,9,10,14,18,19,23,24,32,38,39,41,47,53,54,56,61,62,66,68,69,71,72,75 "26";
27 70 1 2,4,8,10,12,14,15,25,26,27,29,36,38,43,47,48,50,54,57,60,66,68 "27";
28 6 1 4,10,29,40,58,77 "28";
29 14 0 3,7,8,10,11,14,16,19,20,23,29,30,33,36,39,40,43,47,48,50,52,53,54,59,61,68,69,75 "29";
30 9 1 0,2,5,6,8,9,16,17,18,20,25,26,31,32,34,35,37,39,42,46,48,53,55,56,59,62,63,65,67,73,75 "30";
31 73 1 0,5,6,10,22,26,40,51,57,67 "31";
32 42 0 7 "32";
33 46 0 0,2,4,6,9,11,12,14,18,20,21,23,25,27,32,34,37,38,42,43,45,47,50,52,53,54,56,58,61,62,63,64,65,67,68,71,73,75,76 "33";
34 38 1 0,2,11,14,15,17,21,26,28,34,41,49,51,54,55,57,58,59,61,64,67,72,75 "34";
35 13 0 0,3,5,6,8,9,11,13,14,16,19,22,24,25,27,29,31,34,35,37,38,40,42,45,47,50,53,55,59,60,61,63,65,68,70,71,77 "35";
36 1 0 2,3,5,8,13,16,17,19,22,23,25,28,30,31,33,39,42,44,47,48,51,53,55,57,59,65,67,74 "36";
37 38 0 0,1,3,4,9,10,12,17,18,22,25,27,28,30,32,33,35,39,41,42,44,47,48,53,58,59,63,65,67,71,73,75,76 "37";
38 74 0 0,2,4,7,8,10,14,15,16,18,19,20,23,24,25,27,29,33,34,37,39,40,44,48,49,51,54,56,58,59,60,62,66,71,72,74,75,76,77 "38";
39 26 0 2,3,10,11,16,17,19,21,24,28,30,31,34,40,41,43,45,46,55,57,59,65,68,72,75,76 "39";
40 54 0 0,5,11,35,36,51 "40";
41 65 0 0,5,7,8,10,15,16,20,23,27,28,34,35,38,46,47,52,55,61,68,69,75 "41";
42 49 1 2,3,5,6,9,10,11,14,15,20,21,23,24,26,37,38,40,42,44,46,49,51,53,56,57,59,60,62,64,65,67,68,69,71,73,74,76,77 "42";
43 8 0 7,12,14,22,28,29,33,34,36,37,41,54,71,73,76 "43";
44 43 1 12,16,18,30,34,41,44,47,49,54,75 "44";
45 50 1 31 "45";
46 36 1 6,13,17,22,26,29,31,37,39,41,44,58,60,64 "46";
47 5 0 0,4,8,13,16,26,28,29,31,37,39,41,45,48,51,55,59,60,69,75,77 "47";
48 34 0 6,9,14,18,19,20,23,24,27,28,29,34,40,42,44,46,48,50,55,57,65,68,73,75,77 "48";
49 59 0 6,10,11,14,15,18,25,28,29,33,34,36,38,42,46,47,49,51,52,54,57,58,62,66,67,69,75,77 "49";
50 19 1 0,11,13,16,23,27,33,38,41,47,49,53,57,58,60,63,65,69,77 "50";
51 77 0 1,13,17,39,41,51,55 "51";
52 30 1 1,2,4,6,7,9,10,12,16,18,23,24,28,32,34,39,40,41,43,45,46,52,54,56,58,59,63,65,67,68,70,73,74,76 "52";
53 58 0 7,23,32,34,42,44,45,57,59,68,75 "53";
54 44 1 3,4,11,16,23,46,47,49,51,56 "54";
55 30 1 0,1,3,5,9,11,13,14,18,24,25,28,34,38,39,41,44,46,49,51,54,56,57,59,60,62,64,65,69,70,72,74,76 "55";
56 6 1 6,12,16,18,21,27,29,34,40,43,53,61,63,72,74 "56";
57 71 0 3,8,13,15,18,19,24,25,27,31,38,46,47,49,51,52,53,56,58,59,61,63,64,66,69,71,72,73,74,76 "57";
58 35 1 2 "58";
59 5 0 3,7,9,11,13,18,21,24,30,32,34,41,47,49,50,52,54,56,57,59,61,69,73,75,77 "59";
60 1 0 50,68,72 "60";
61 77 1 0,6,11,12,20,24,25,27,30,35,37,44,49,54,55,60,62,64,67,71,72,77 "61";
62 56 1 0,1,3,5,9,11,12,14,18,19,22,27,29,33,35,39,40,44,48,49,51,53,57,58,60,64,66,68,69,74,76 "62";
63 13 1 2,4,5,6,7,11,12,15,17,20,23,26,30,33,34,36,37,42,46,47,52,54,55,56,60,63,67,68,70,72,76 "63";
64 31 0 0,1,3,6,9,11,12,14,15,16,18,20,23,25,27,28,31,34,38,39,40,44,45,47,50,55,58,64,66,67,69,71,73,77 "64";
65 4 0 5,13,14,17,19,21,30,34,39,49,60,63 "65";
66 48 1 0,2,5,11,18,24,32,42,44,45,51,53,55,56,58,60,63,65,71,74,76,77 "66";
67 44 0 0,3,6,8,10,13,16,17,19,20,22,25,26,28,31,33,39,40,42,44,45,48,49,53,60,62,65,68,72,77 "67";
68 30 1 3,8,13,21,25,26,30,36,37,47,48,50,52,53,54,57,58,61,62,64,66,68,70,72,77 "68";
69 35 1 1,3,4,7,11,13,16,19,23,25,30,32,34,38,40,41,46,48,52,55,57,59,61,63,65,66,68,72,73,76,77 "69";
70 3 0 0,2,4,6,8,10,17,18,23,25,28,30,34,38,41,45,47,50,53,58,59,63,67,70,71,76 "70";
71 19 0 3,4,10,12,14,17,21,22,24,43,44,48,53,54,56,62,63,68,71,74 "71";
72 32 1 0,1,4,8,9,14,15,19,20,22,24,30,31,34,35,37,39,40,42,43,45,49,50,52,53,57,58,59,61,63,64,67,71,72,76,77 "72";
73 59 0 1,3,13,27,30,34,41,74 "73";
74 22 1 56 "74";
75 56 0 14,19,29,40,69 "75";
76 71 1 13,34,54 "76";
77 33 0 0,2,3,9,10,18,21,24,28,32,47,51,61,68,70,75 "77";
