parity 145;
0 89 0 8,15,20,40,82,86,95,102,111 "0";
1 119 1 27,45,59,74,91,123,137 "1";
2 80 1 1,2,4,6,7,9,10,12,14,16,20,22,25,26,27,30,35,37,43,46,48,52,53,55,57,59,63,65,66,67,69,74,76,77,81,83,85,86,90,91,95,99,101,104,108,111,112,114,116,119,122,125,127,130,131,133,136,141,143 "2";
3 142 0 0,4,5,10,14,20,24,28,29,36,38,39,42,45,50,51,55,58,61,65,68,70,73,75,77,84,89,98,101,107,108,112,114,117,119,126,131,138,140,145 "3";
4 21 0 0,3,17,28,31,44,52,53,56,58,62,65,67,74,77,84,90,94,97,99,105,111,112,115,123,125,126,131,137,139,142 "4";
5 129 0 1,10,16,20,24,26,34,35,37,40,43,52,56,58,61,62,70,78,79,85,87,95,97,105,107,110,111,116,119,126,127,131,135,136,138,139,141,144 "5";
6 124 1 0,1,3,9,11,12,13,19,22,26,27,29,30,32,36,39,40,42,46,50,51,53,54,56,57,59,61,62,65,67,70,71,72,75,79,83,85,86,87,89,91,93,95,97,98,101,103,107,112,114,115,121,122,123,125,127,129,131,136,139,144,145 "6";
7 3 1 0,3,4,6,13,16,17,20,21,23,25,27,29,30,32,34,36,39,41,44,46,47,48,51,53,55,57,59,61,62,63,65,67,69,70,71,74,77,78,82,86,88,90,92,93,96,97,99,101,103,104,106,108,109,111,112,114,116,118,121,124,126,127,130,132,133,135,137,138,140,145 "7";
8 86 0 6,10,13,16,17,19,22,24,26,30,40,44,50,51,53,56,58,60,64,66,69,72,73,75,77,79,83,84,86,91,97,100,103,105,106,108,111,113,115,118,126,128,131,133,135,137,138,139,144,145 "8";
9 76 1 14,16,17,20,21,24,28,33,36,37,38,48,49,53,55,56,65,70,71,75,81,82,86,92,94,96,99,104,105,106,110,111,114,117,119,120,127,134,137,142,143,145 "9";
10 89 1 7,13,22,24,33,39,47,56,61,65,67,69,81,84,92,95,97,115,119,122,128,129,145 "10";
11 46 1 47,70,100 "11";
12 27 0 39,90,111,139 "12";
13 72 1 0,2,3,6,7,9,10,12,13,15,16,17,19,21,26,28,30,31,33,35,37,38,40,42,45,47,48,50,54,56,58,60,62,63,67,70,73,78,81,82,84,86,89,91,94,96,97,99,103,105,106,109,112,115,116,119,122,127,128,131,138,140,145 "13";
14 71 0 0,1,3,9,28,38,44,55,63,71,83,93,99,109,122 "14";
15 82 0 0,2,5,6,8,9,12,17,20,23,27,28,30,33,34,37,44,45,48,49,50,51,52,53,54,58,59,60,64,65,67,70,72,75,77,79,81,82,84,85,86,89,92,94,95,97,99,101,103,104,107,111,112,114,116,117,118,120,122,124,125,127,129,131,133,135,139,140,142,143 "15";
16 120 1 3,18,21,36,51,55,70,78,103,107,122,136,138,142 "16";
17 84 0 21,23,26,51,74,128,141 "17";
18 25 0 1,4,11,13,15,41,51,53,55,60,71,76,82,84,91,95,99,102,104,106,108,109,110,115,123,125,127,129,131,136 "18";
19 41 0 0,2,4,5,12,14,15,19,22,24,30,35,36,38,39,42,43,44,47,49,52,58,60,62,66,67,71,72,75,80,84,87,88,90,91,94,99,100,104,106,114,118,120,121,124,125,130,131,133,134,136,139,140,144,145 "19";
20 64 0 18,51,143 "20";
21 55 0 3,4,8,14,23,26,31,33,34,36,38,40,41,53,54,56,60,61,62,63,65,67,69,74,75,78,79,81,85,86,92,94,96,98,102,108,111,112,116,117,118,119,122,123,138,140,144 "21";
22 96 1 0,1,4,6,7,9,12,15,20,22,23,27,30,32,34,39,42,55,56,58,59,65,68,69,70,72,73,74,76,81,82,84,89,90,92,93,94,95,99,100,103,106,108,109,113,114,118,120,122,125,126,129,133,135,137,138,141,142 "22";
23 126 0 2,5,7,14,21,34,42,50,60,62,77,81,83,87,91,113,121,124,132,137,140,142 "23";
24 64 0 11,16,46,55,73,77,94,106,111,120,129,144 "24";
25 74 0 3,5,7,9,12,14,16,17,21,22,24,26,27,29,32,40,46,48,52,54,55,60,62,63,65,68,71,72,77,79,82,83,86,87,88,90,96,99,103,105,107,110,112,114,116,117,120,121,125,126,128,129,130,133,135,136,138,139,141,143,145 "25";
26 21 0 5,8,12,14,15,20,23,24,27,29,31,35,39,40,42,43,48,49,52,55,57,64,65,67,69,71,72,74,79,81,82,84,86,88,89,91,95,99,108,109,112,119,124,127,130,133,135,137,138,140,141,144 "26";
27 40 1 0,4,6,7,8,14,17,18,20,30,34,40,45,48,50,59,62,68,73,91,96,98,100,107,110,116,117,127,128,141 "27";
28 135 0 0,6,8,10,14,15,17,21,23,24,25,27,29,31,34,36,38,39,40,42,44,46,50,51,55,62,63,65,67,70,73,76,78,79,80,83,85,86,88,89,91,92,96,99,100,102,104,107,112,114,116,117,121,123,130,132,133,135,137,139,140,142,144 "28";
29 127 0 8,16,19,21,25,42,43,45,55,56,60,61,65,66,70,75,77,78,82,87,92,95,100,103,107,108,113,115,116,119,122,124,127,132,135,139,145 "29";
30 42 0 1,7,11,15,16,19,21,26,30,33,36,41,52,54,55,56,61,71,76,78,81,85,97,108,110,119,120,123,142 "30";
31 75 0 1,2,4,5,9,11,15,18,20,23,29,30,32,37,39,41,42,43,45,47,48,49,50,52,54,56,58,59,60,62,63,66,69,72,74,77,79,84,87,90,91,93,97,98,102,107,108,111,115,118,122,124,126,128,130,132,133,137,139,141,142,143 "31";
32 14 1 16,22,54,72,88,91,100,145 "32";
33 24 1 2,10,11,17,24,27,35,37,41,45,52,55,57,67,70,81,82,95,100,114,120,126,128,133,134,142 "33";
34 102 1 2,6,14,21,26,29,33,36,40,44,49,52,61,71,77,80,83,91,94,97,108,111,113,122,123,130,135,145 "34";
35 145 1 2,8,13,17,20,22,25,32,36,40,42,49,65,68,70,73,77,79,81,85,87,108,110,116,117,119,120,121,124,128,135,137,141,144 "35";
36 120 0 3,5,11,12,14,19,21,23,24,28,30,31,34,37,40,46,49,51,55,60,61,62,64,68,69,70,72,78,82,84,85,87,90,92,97,100,103,105,109,115,118,119,123,129,133,134,136,137,140,143,145 "36";
37 143 0 0,1,3,8,12,13,15,17,21,24,25,26,28,30,31,33,35,36,39,42,45,47,49,51,53,56,57,59,60,62,63,65,69,71,73,74,78,80,83,84,86,88,90,92,96,98,100,103,106,107,108,109,110,115,116,117,118,124,125,126,128,130,131,136,143,145 "37";
38 67 0 1,7,9,13,15,17,22,24,32,34,37,41,45,47,48,50,53,54,57,70,78,80,84,85,88,97,100,104,107,111,116,123,124,127,133,134,137,139,145 "38";
39 2 1 3,4,5,7,18,21,24,25,29,33,36,38,43,45,46,47,54,55,58,62,63,67,72,73,76,77,79,84,87,89,90,91,95,96,98,106,108,111,118,120,123,126,131,133,135,136,137,139,142,143 "39";
40 78 0 1,4,10,15,19,21,22,26,28,30,31,33,36,42,44,45,48,53,54,56,57,62,64,66,68,69,70,74,75,76,82,86,87,92,94,97,100,102,104,105,108,110,114,115,116,120,122,131,133,135,137,140,143 "40";
41 24 0 3,4,7,10,13,18,21,24,30,35,37,40,42,48,54,57,59,61,63,65,68,72,73,74,78,82,85,89,92,96,99,102,103,106,109,113,116,117,119,123,125,126,133,136,138,140,142,144 "41";
42 80 1 3,6,9,10,14,16,17,18,21,27,28,33,34,36,38,40,42,43,48,52,55,56,61,64,66,67,69,71,73,77,80,82,86,89,90,91,95,98,100,101,104,106,114,115,118,122,128,129,131,134,137,138,140,141,142,145 "42";
43 134 0 0,2,6,9,11,14,15,19,20,22,23,24,27,31,32,33,35,36,37,39,45,50,51,52,54,55,60,61,62,66,68,70,72,74,75,78,81,82,83,85,87,88,90,92,94,96,97,100,101,105,108,110,114,117,121,124,130,131,133,140,141,142,143,145 "43";
44 6 0 1,3,4,8,11,13,14,16,19,21,22,24,25,27,28,29,31,33,34,35,37,38,39,42,43,45,48,54,59,62,65,69,72,78,83,87,90,92,96,98,99,101,103,105,106,107,108,114,115,122,124,125,127,128,130,132,134,136,139,141,144 "44";
45 50 1 0,2,3,5,6,8,12,15,18,21,23,24,25,27,29,31,32,34,36,43,45,47,48,50,51,53,58,60,63,65,66,67,69,78,82,84,88,91,92,95,96,98,99,101,105,108,110,112,114,115,116,118,119,121,123,128,129,132,134,135,136,137,140,141,143 "45";
46 78 0 3,5,7,8,10,13,15,17,19,21,25,28,32,33,38,40,42,48,51,55,58,63,64,68,70,77,99,111,113,115,117,121,122,133,139,142,144,145 "46";
47 15 1 2,4,6,7,9,10,11,17,19,20,21,23,24,28,32,35,40,42,44,45,50,52,54,56,62,63,65,68,70,72,77,79,81,83,84,86,92,93,94,97,99,101,103,108,109,117,118,120,122,124,125,126,129,130,132,134,135,136,139,140,143,145 "47";
48 42 1 0,2,5,11,12,14,17,21,22,24,27,28,30,36,38,41,43,44,48,49,51,57,59,68,70,71,74,76,77,81,83,85,87,91,94,96,98,100,101,105,106,109,112,115,117,119,120,123,125,128,130,131,134,138,141,144 "48";
49 143 0 1,3,4,10,12,14,16,18,19,23,25,26,29,32,33,34,37,38,39,41,43,46,48,49,51,54,55,57,61,63,64,66,67,69,72,73,76,77,78,80,82,83,85,87,88,91,92,94,97,99,100,103,104,109,110,115,118,119,121,123,125,128,131,134,136,138,139,141,145 "49";
50 124 0 25,93,136 "50";
51 135 0 7,9,22,24,27,37,46,55,64,68,70,75,76,83,88,93,94,99,107,112,117,118,121,123,130,132,133,136,140,141 "51";
52 84 0 5,36,45,65,77,82,83,86,88,108,114,117,143,145 "52";
53 48 0 1,3,4,10,14,21,24,27,29,32,35,36,44,48,49,53,55,58,59,61,63,69,73,75,76,78,79,85,87,90,91,94,96,103,106,111,115,117,119,129,134,143 "53";
54 92 1 0,1,2,4,7,9,10,12,16,18,20,23,27,33,34,39,42,43,44,46,47,48,50,51,54,59,63,69,72,73,75,78,79,81,83,85,87,88,90,91,95,97,99,101,102,103,104,106,111,112,113,115,118,121,122,124,127,129,130,132,135,138,139,142,144 "54";
55 93 0 1,6,8,10,17,19,20,23,24,26,28,30,34,38,40,45,48,51,53,56,58,59,61,63,68,71,73,76,82,84,85,87,89,91,93,96,99,100,107,108,113,116,120,121,122,126,127,128,129,131,132,133,136,139,142,143,145 "55";
56 34 1 29,38,42,51,121,138,143 "56";
57 50 0 14,36,59,68,74,75,84,85,95,97,99,101,116,125,133,141 "57";
58 7 1 14,20,25,38,49,143 "58";
59 40 1 1,2,4,6,8,12,14,17,20,25,29,33,34,36,41,42,45,49,51,53,55,61,62,66,68,72,77,83,85,87,88,91,95,97,99,105,106,114,115,120,122,127,129,130,134,141,142,144 "59";
60 73 1 8,9,11,13,16,18,20,24,26,28,31,33,35,37,41,44,46,47,52,53,55,59,61,63,66,67,69,70,71,73,77,84,85,86,87,92,103,107,108,113,115,126,136,142,143,145 "60";
61 134 0 5,8,11,15,23,24,25,36,42,50,60,67,71,72,75,76,77,80,82,86,92,101,118,123,124,127,131,136,139,143,145 "61";
62 93 1 8,12,19,24,26,36,38,45,49,51,75,80,90,100,118,132,142,144 "62";
63 4 0 14,57,85,101,111,121 "63";
64 135 0 2,18,55,71,73,80,101,104,126,138 "64";
65 42 1 0,2,9,12,14,15,17,19,22,24,25,26,27,30,34,36,38,40,43,44,46,50,51,53,54,55,57,60,66,69,70,74,76,78,79,82,84,85,86,88,91,92,96,99,102,104,105,107,110,113,115,118,121,123,125,129,132,134,136,142,144,145 "65";
66 95 1 3,13,15,17,20,21,25,27,31,35,52,53,56,62,63,65,66,78,79,82,84,86,96,103,105,111,125,133,135,139 "66";
67 6 1 1,5,11,13,14,15,19,21,22,27,28,32,34,35,37,40,41,43,45,47,50,52,56,58,62,64,65,67,68,69,70,73,74,75,78,80,83,86,89,90,94,96,99,102,105,106,107,110,113,114,116,118,121,125,129,130,131,133,134,138,140,141,144,145 "67";
68 2 0 0,4,10,11,12,14,17,20,21,22,25,31,34,37,40,42,45,46,49,53,55,62,63,67,69,74,77,80,82,85,87,88,91,92,93,95,98,104,107,110,111,113,114,118,120,123,124,129,131,138,144 "68";
69 45 0 17,18,22,26,27,31,41,42,55,60,64,67,74,76,86,102,108,113,119,120,127,134,135 "69";
70 144 1 3,6,12,18,22,25,31,40,48,55,56,59,60,64,67,70,75,76,82,87,88,90,97,108,114,115,118,120,126,131,138,140 "70";
71 67 1 0,8,11,16,17,19,23,24,26,31,34,36,42,47,52,53,58,59,64,68,79,85,87,93,95,102,103,105,110,112,116,120,122,125,131,137,142 "71";
72 50 0 22,36,57,73,91,106,119 "72";
73 100 0 0,1,3,4,6,8,10,11,13,14,17,19,21,22,24,27,28,31,34,36,38,39,41,42,46,49,53,54,56,61,64,65,67,68,70,71,73,75,76,81,82,84,85,86,88,90,93,95,96,101,102,104,106,107,108,110,115,117,119,121,125,126,128,132,133,136,137,139,141,142,143,145 "73";
74 62 0 2,3,7,10,15,16,18,19,21,22,25,26,29,30,31,35,40,42,47,48,50,51,54,55,59,66,71,74,78,79,83,84,85,87,88,90,93,96,100,102,103,104,107,110,112,115,118,119,120,122,124,125,127,129,135,140,142,143,145 "74";
75 74 1 0,2,9,11,12,16,17,19,21,23,27,28,31,33,35,37,40,41,42,44,45,48,49,50,55,58,61,62,64,67,68,69,71,73,75,78,80,92,95,96,98,103,105,109,114,115,117,119,123,125,126,129,131,133,142,144 "75";
76 19 0 5,6,18,21,26,28,43,52,59,64,65,66,68,71,82,92,96,129,137 "76";
77 70 0 6,10,13,16,19,20,24,25,26,34,38,44,45,49,51,54,57,60,63,64,66,67,70,73,77,80,81,88,89,93,96,97,104,105,108,115,116,120,121,123,129,130,131,137,140,142,143,145 "77";
78 88 0 1,2,5,6,9,12,15,17,18,19,22,24,26,30,31,32,35,38,39,41,45,54,56,58,61,63,67,68,70,73,75,76,85,87,91,93,96,101,104,106,110,114,116,119,120,121,124,127,129,132,134,135,136,139,144 "78";
79 41 1 0,2,4,7,11,12,14,16,18,20,22,24,28,32,33,36,38,39,43,44,46,49,50,52,53,55,58,62,68,69,71,76,78,79,83,85,87,88,89,92,95,96,99,101,105,107,108,109,111,113,118,121,123,127,128,131,134,138,140,142,143,145 "79";
80 32 1 52,65,105,110 "80";
81 82 0 0,1,5,6,9,11,17,20,23,24,25,27,28,29,32,34,37,38,41,44,47,48,51,53,55,56,58,60,61,62,65,66,68,70,75,79,81,83,85,86,87,89,91,92,94,98,102,105,109,111,113,114,116,118,119,121,123,126,127,129,131,132,134,135,137,139,141,144 "81";
82 35 0 0,3,5,7,9,10,12,14,16,17,21,23,24,26,27,29,32,33,34,36,37,40,43,46,49,52,54,55,57,61,62,64,66,67,69,70,72,75,76,77,79,81,86,87,91,94,95,96,99,101,103,106,109,110,111,113,117,119,120,122,123,126,132,135,137,138,142,143,145 "82";
83 33 0 5,7,12,13,16,17,41,43,45,54,55,74,75,87,89,90,104,107,108,112,115,117,122,124,127,128,143 "83";
84 69 1 0,10,15,19,25,39,43,47,49,52,53,63,64,70,73,79,80,82,87,90,92,102,103,115,117,122,130,135,136,139 "84";
85 34 0 54,89 "85";
86 26 1 6,12,16,18,20,32,37,38,41,46,58,60,66,69,70,72,76,77,79,81,83,84,87,93,95,96,99,103,107,111,115,119,121,125,127,128,130,131,135,137,138,142 "86";
87 100 0 0,2,4,6,8,10,12,15,17,18,19,21,22,24,26,28,31,33,34,35,37,40,42,43,44,46,47,51,52,53,54,57,58,60,61,63,67,70,71,73,74,76,77,84,85,87,89,90,99,103,107,108,109,111,112,113,115,117,118,120,122,124,126,128,129,131,132,134,137,141,145 "87";
88 108 0 1,4,6,8,9,11,15,21,23,24,27,31,35,38,39,42,44,45,48,49,51,55,57,58,60,61,62,64,66,68,69,74,77,81,82,84,86,87,89,91,93,95,96,97,101,102,105,107,111,113,115,117,120,122,124,125,127,132,135,137,139,141,143 "88";
89 38 1 4,8,18,34,38,47,55,71,109,124,135,139,142,143 "89";
90 38 0 77,118 "90";
91 82 1 4,7,10,15,17,23,26,45,48,51,52,54,58,64,66,67,72,73,74,83,93,95,100,101,103,106,109,113,116,119,123,124,126,128,132,133,135,139 "91";
92 51 1 7,10,11,15,16,23,26,28,33,35,44,46,60,62,63,65,73,81,85,87,92,94,96,106,109,112,115,122,123,124,126,128,131,132,139,145 "92";
93 108 1 0,5,8,10,17,20,21,26,29,31,33,34,38,43,51,57,70,75,79,85,88,93,97,98,100,102,104,110,112,114,121,123,140,142,145 "93";
94 34 0 18,29,51,94,116 "94";
95 70 0 0,1,7,11,14,17,19,22,26,28,30,34,38,44,46,48,50,52,53,55,60,66,74,76,79,83,84,95,101,104,105,110,116,117,121,122,130,132,134,139 "95";
96 74 1 0,6,7,14,15,16,17,19,22,23,27,30,32,34,36,38,39,41,44,45,47,51,57,60,62,64,66,67,69,71,72,75,78,80,81,83,86,92,94,95,96,100,102,110,112,114,117,119,121,126,130,132,134,142,143 "96";
97 86 0 0,3,9,13,16,19,20,21,23,25,37,39,41,43,46,49,52,53,57,61,65,68,72,77,80,89,104,109,111,115,117,122,128,129,134,140,142,144 "97";
98 25 0 0,2,3,5,10,11,13,14,16,17,18,20,22,23,26,29,33,36,39,40,43,45,46,48,50,51,53,54,56,60,62,63,65,67,68,69,71,73,77,78,79,83,84,86,90,92,95,97,99,101,104,110,114,118,120,125,129,131,133,135,137,139,140,143,144 "98";
99 50 0 1,4,9,10,12,14,17,21,23,24,26,30,33,34,37,39,42,43,44,47,48,50,52,54,55,56,57,59,61,63,65,67,68,70,72,74,76,78,79,80,83,84,88,91,94,96,97,101,102,106,110,112,113,114,116,117,118,122,124,126,127,129,130,132,133,135,136,137,139,140,142,144,145 "99";
100 85 1 5,11,28,31,57,58,65,66,67,71,72,81,84,86,88,91,94,102,104,116,118,119,121,122,126,129,133,135,138,145 "100";
101 98 1 1,3,8,10,12,13,17,20,21,23,25,26,29,31,32,33,38,40,42,43,47,49,52,55,58,59,62,77,79,92,93,95,96,99,100,105,109,110,112,114,122,124,125,126,129,131,132,133,136,137,139,144,145 "101";
102 105 1 2,3,6,10,18,21,23,31,34,35,39,44,47,51,57,64,66,77,79,81,83,88,91,93,96,103,105,110,124,130,132,137,138,144 "102";
103 46 1 4,8,15,16,17,23,28,31,33,34,36,40,41,44,49,50,51,52,59,60,62,64,66,70,76,83,88,94,99,101,103,105,113,115,116,118,126,128,131,137,138,141 "103";
104 51 0 28,33,53,59,63,69,108,118,121,128,136 "104";
105 36 1 6,8,9,11,13,16,19,24,25,26,29,30,33,38,39,44,46,49,50,53,57,58,59,61,65,67,71,76,80,82,84,89,90,98,99,100,106,112,116,117,118,120,121,124,128,135,142,144,145 "105";
106 71 1 0,5,11,13,20,35,98,100,115,120,129,133,141 "106";
107 146 1 3,7,8,21,27,31,34,41,48,53,56,57,61,74,82,85,88,102,117,127,133,134,139,140,145 "107";
108 36 0 2,4,5,8,10,12,14,17,19,21,24,25,29,31,33,34,35,40,41,42,47,48,49,51,52,58,64,65,68,71,73,76,77,79,83,85,87,88,99,104,107,110,112,113,116,121,123,124,126,129,130,132,135,136,140,142,143,145 "108";
109 16 0 5,49,79,135,144 "109";
110 98 1 1,4,12,13,17,20,24,29,32,39,41,54,56,58,60,63,66,71,73,89,93,96,98,99,108,125,126,136,143,145 "110";
111 23 0 0,6,37,56,70,85,90,104,116,132 "111";
112 57 0 0,2,8,14,20,22,23,31,35,41,43,45,47,58,62,65,70,72,96,105,110,112,119,126,129,138,142 "112";
113 90 1 3,4,5,8,12,15,17,19,21,23,28,29,32,34,39,43,44,53,54,55,57,59,60,61,64,66,69,70,72,74,77,79,81,82,84,85,86,88,91,92,94,95,96,102,104,107,108,109,111,115,116,118,120,122,124,127,130,135,142,145 "113";
114 125 1 1,7,9,12,17,29,36,46,50,61,80,98,100,104,108,113,117,120,131,135 "114";
115 104 1 2,3,4,6,13,14,16,19,20,23,24,31,33,35,38,39,40,41,44,45,46,47,49,53,57,59,61,62,63,65,68,69,70,73,75,77,80,83,85,86,88,90,92,93,96,98,99,100,102,103,107,108,111,113,115,117,118,120,123,125,126,129,131,134,135,137,142,145 "115";
116 140 1 0,3,6,11,16,19,22,23,24,26,29,33,36,37,39,40,43,46,47,49,50,52,57,58,59,60,62,64,67,69,70,72,79,83,90,91,93,96,97,98,102,104,105,110,113,121,123,124,128,133,134,136,138,143,145 "116";
117 120 0 6,15,20,31,33,39,48,49,55,73,74,76,82,85,88,91,93,100,120,124,129,145 "117";
118 10 0 3,5,6,10,22,24,25,30,33,36,38,42,47,48,50,51,61,63,82,84,85,87,93,108,109,111,127,131,133,138 "118";
119 85 0 3,7,14,16,24,26,27,30,32,41,46,52,54,65,68,73,78,81,82,89,100,104,107,117,125,131,135,142,144 "119";
120 8 0 3,5,29,33,39,48,53,56,62,67,79,97,100,102,105,106,113,134,136 "120";
121 33 0 6,13,23,38,41,43,50,57,61,66,69,72,77,79,81,92,95,100,103,115,117,134,136,145 "121";
122 137 1 24,31,69,91,103,144 "122";
123 57 0 6,11,18,24,26,28,41,46,51,52,53,58,64,65,67,76,84,86,88,93,94,95,97,100,104,110,119,126,127,129,131,132,141 "123";
124 83 1 18,63 "124";
125 146 1 10,15,40,46,48,55,58,72,78,81,95,101,113,116,121,128,132,134 "125";
126 141 0 9,15,18,19,22,24,28,30,31,33,41,43,47,48,51,54,57,59,61,63,66,70,73,78,80,82,83,85,87,89,90,101,103,106,113,114,116,121,122,124,126,133,134,135,137,141 "126";
127 41 1 4,10,19,24,26,28,32,37,41,46,48,49,59,71,72,77,85,98,106,115,120,126,129,141 "127";
128 29 1 8,10,12,14,17,24,28,40,47,49,62,66,67,70,90,92,93,100,108,110,114,116,118,121,127,135,145 "128";
129 24 1 1,4,5,8,10,12,17,19,22,25,26,28,35,36,39,40,45,46,48,49,51,53,55,57,65,66,69,74,77,79,85,87,89,91,95,97,100,101,103,104,108,110,111,117,118,120,123,129,131,133,136,137,138,141,142,145 "129";
130 77 1 1,5,6,7,9,11,12,14,22,23,26,28,32,33,34,42,58,61,65,72,73,76,79,83,89,92,100,101,105,107,108,112,118,120,122,124,126,130,132,138,139,142,145 "130";
131 58 1 0,2,3,6,10,13,14,17,19,21,23,24,26,28,30,33,36,39,41,43,46,48,50,52,55,57,58,64,66,67,69,70,71,75,76,79,81,84,90,92,93,95,96,98,99,101,103,104,106,110,112,113,115,117,121,123,124,127,129,133,135,136,138,142,144 "131";
132 25 0 3,14,16,31,56,71,89,107,108,118,121,131,138 "132";
133 14 0 6,13,15,24,30,31,35,38,40,47,69,71,76,80,82,83,85,89,93,98,103,107,113,127,131,133 "133";
134 90 0 1,5,29,31,35,40,41,68,86,98,124,131,139 "134";
135 78 0 0,1,6,10,12,14,19,21,22,23,24,26,27,30,32,33,34,38,39,42,44,46,48,49,51,54,55,56,60,62,64,66,67,70,72,73,76,79,81,83,85,89,92,93,100,101,103,105,107,109,111,113,117,120,122,123,124,126,127,130,132,134,137,139,141,142,144 "135";
136 144 1 9,11,21,29,31,52,72,103,108,114,116 "136";
137 143 0 2,5,7,14,21,22,29,33,36,43,52,56,58,64,70,72,74,78,80,84,85,90,97,99,104,105,112,113,117,125,130,131,136,139,142,143 "137";
138 43 1 0,1,5,8,10,11,12,15,17,18,21,22,25,29,30,32,37,38,39,42,43,46,47,51,53,54,56,57,60,62,63,66,67,69,71,77,78,80,81,84,88,89,95,97,105,106,108,110,111,112,118,120,121,125,127,129,131,132,140,141,145 "138";
139 33 1 0,1,3,7,11,13,14,16,18,21,26,28,32,33,35,38,39,42,44,47,51,52,57,58,60,62,66,72,77,82,86,88,90,91,94,96,100,103,104,106,107,109,111,113,115,118,119,120,121,124,125,126,127,129,131,132,135,137,141,144,145 "139";
140 48 0 3,7,9,11,13,15,19,23,25,32,37,38,43,46,48,50,51,54,57,60,63,71,73,79,86,92,95,98,100,101,110,112,113,115,116,119,122,124,127,131,141,143 "140";
141 54 1 0,2,3,5,7,11,17,19,24,26,31,33,34,39,40,41,43,45,46,48,52,53,55,56,58,60,61,63,66,69,71,74,75,80,84,88,90,93,94,95,102,105,106,109,110,112,113,116,119,121,123,132,134,138,140,142,145 "141";
142 55 1 5,7,8,9,12,14,16,18,19,21,27,29,31,37,40,42,45,47,48,50,54,55,56,64,65,66,67,71,75,79,89,95,97,99,103,104,107,111,113,130,134,139,141,145 "142";
143 62 1 0,6,8,9,11,14,17,19,20,22,24,27,29,31,33,34,35,39,40,42,44,45,47,51,52,54,56,61,63,67,68,73,75,77,80,81,83,85,87,88,90,96,97,99,101,102,104,106,111,114,116,120,123,124,125,127,130,131,143,144 "143";
144 119 1 2,12,17,20,25,34,35,42,50,55,59,99,100,104,116,117,138,144 "144";
145 56 0 2,4,7,9,14,27,29,33,35,38,41,43,44,45,48,49,51,55,63,65,67,70,73,76,79,81,83,85,87,89,91,93,94,96,100,101,102,105,108,110,116,120,124,126,127,129,131,135,137 "145";
