parity 35;
0 2 1 1,4,7,9,11,12,16,18,20,21,23,24,25,27,28,30,34,35 "0";
1 27 1 0,1,3,6,7,9,11,12,16,17,23,26,31 "1";
2 11 1 0,4,5,8,12,15,18,21,25,32 "2";
3 20 1 1,7,11,13,16,18,21,24,27,30,34 "3";
4 32 0 0,14,16,22,25,26,27,29 "4";
5 15 0 0,2,5,8,9,12,14,15,19,23,24,29,34 "5";
6 36 0 1,5,7,12,16,19,21,24,28,29,31 "6";
7 13 1 5,8,11,14,16,17,21,22,26,28,29,30,33,34 "7";
8 11 1 0,3,4,7,8,9,10,16,18,19,22,23,25,28,30,32,34,35 "8";
9 31 1 7,17,19 "9";
10 27 0 0,5,12,17,20,23,24,26,28,35 "10";
11 13 0 18,20,35 "11";
12 18 1 2,4,6,7,11,19,23,25,28,34,35 "12";
13 16 1 0,1,5,6,8,9,10,12,16,19,27,29,30,31,35 "13";
14 34 1 0,2,4,11,14,18,27 "14";
15 13 0 2,4,6,7,8,12,18,21,25,26,29,30,34,35 "15";
16 9 1 0,2,3,5,7,11,12,15,17,19,20,25,26,28,30,31,33,34 "16";
17 1 0 3,7,14,22,24,27,34 "17";
18 24 1 0,3,6,8,14,17,19,20,23,25,27,29,31,32,34,35 "18";
19 22 0 4,9,13,18,30 "19";
20 15 0 9,11,18,23,29,31 "20";
21 21 0 7,20 "21";
22 32 0 1,4,5,8,10,12,13,18,21,22,24,25,27,29,31,32,34 "22";
23 15 0 1,4,6,10,11,17,19,20,23,25,26,30,35 "23";
24 15 1 0,3,17,19,33 "24";
25 13 0 0,3,5,7,13,16,18,20,24,25,33,35 "25";
26 8 0 0,2,12,16,20,25,30,34 "26";
27 29 0 0,2,4,6,9,12,14,15,16,18,20,21,27,28,30,34,35 "27";
28 21 0 0,2,3,5,10,17,18,19,22,25,27,29,31,33,35 "28";
29 28 0 0,6,7,9,11,12,17,19,22,25,28,30,31,35 "29";
30 7 0 2,4,6,8,12,17,21,25,29,30 "30";
31 33 0 2,16,19 "31";
32 31 0 2,7,9,10,19,26,31 "32";
33 21 1 1,2,6,9,13,14,15,24,28,30,31,35 "33";
34 11 1 0,6,7,10,13,14,19,22,24,26,28,31,34 "34";
35 27 1 2,10,18,25,32 "35";
