parity 161;
0 69 0 2,5,6,8,9,10,14,17,20,21,22,25,26,29,31,33,34,36,38,39,41,43,44,47,49,57,58,59,62,65,72,75,78,79,81,82,84,86,88,89,91,96,100,101,103,106,111,113,115,116,119,121,122,127,129,132,134,137,140,141,143,144,145,147,151,152,158,159,161 "0";
1 26 1 1,4,6,11,13,14,16,20,22,24,26,32,34,43,45,54,62,63,65,68,76,77,82,86,89,90,92,93,96,97,101,105,108,110,112,117,120,122,127,130,134,136,139,149,151,156,158,160 "1";
2 60 0 1,10,15,25,28,34,37,42,46,47,52,57,65,81,84,87,93,98,113,120,125,147,151,158 "2";
3 161 1 0,4,6,8,10,12,15,23,28,30,32,39,40,43,44,45,49,50,52,54,56,57,58,62,66,68,69,71,73,74,76,81,86,90,92,94,95,97,100,102,103,105,108,109,111,113,115,120,122,126,127,128,131,133,134,135,137,139,141,142,144,149,150,152,153,156,158,160 "3";
4 138 1 0,9,10,15,18,21,24,26,30,37,42,50,51,55,59,61,64,66,74,76,81,84,86,88,89,92,98,104,109,111,113,116,117,119,121,124,125,129,131,133,135,141,154,160 "4";
5 108 0 0,2,4,17,19,21,22,25,27,29,38,42,43,60,62,65,67,70,74,81,87,88,93,95,100,105,107,111,115,121,123,126,130,131,133,134,136,142,144,146,153,156,161 "5";
6 13 1 9,12,14,15,18,25,26,32,36,39,41,46,48,50,57,60,61,71,72,75,82,88,90,93,94,96,103,107,109,113,115,120,122,128,130,135,141,143,148,151,153,156,158,160 "6";
7 52 0 0,2,3,5,6,8,9,11,14,15,17,20,24,26,28,30,32,33,35,36,38,40,42,45,48,49,51,53,54,55,57,59,61,64,66,68,70,73,74,77,78,80,83,84,88,90,91,94,97,98,101,104,105,107,111,115,122,124,125,128,132,134,137,138,140,142,144,146,150,153,156,160 "7";
8 111 1 1,5,12,18,27,49,60,62,70,82,88,100,119,139,143,154,159 "8";
9 115 0 1,25,64,66,124,134,138,139 "9";
10 121 0 4,5,12,20,23,29,31,32,36,39,42,44,49,51,55,56,62,68,71,72,76,77,80,83,87,90,92,99,107,108,111,114,117,120,122,127,129,138,144,145,146,150,155,159 "10";
11 125 1 1,2,6,8,10,11,12,17,19,21,24,26,27,29,30,32,34,35,37,40,44,49,51,54,55,57,61,64,65,68,71,74,77,79,82,83,85,87,89,90,92,97,99,101,103,106,108,110,111,115,117,118,120,121,123,125,127,129,130,132,138,140,141,145,146,148,150,153,155,157,158 "11";
12 130 0 3,13,14,19,32,34,37,39,47,49,67,69,72,73,78,82,86,94,95,98,99,101,105,108,110,113,114,124,126,130,132,134,135,138,144,145,146,150,153,157,159 "12";
13 158 1 11,21,23,41,48,51,55,70,85,110,130,139,142,158 "13";
14 108 1 10,12,26,28,55,67,73,75,105,109,113,126,133,136,138,149 "14";
15 21 0 60,64,68,80,82,97,105,136,141,148 "15";
16 116 1 4,5,11,13,17,25,27,29,30,34,37,40,42,47,51,55,56,60,62,65,67,70,77,78,81,82,86,90,94,96,104,108,113,120,122,129,132,134,140,143,145,146,152,155,156,158 "16";
17 109 0 23,36,37,40,46,86,88,92,108,113,122,136,144,145,153,155,160 "17";
18 24 0 2,3,6,8,12,13,15,18,20,22,24,27,29,32,35,38,41,43,46,49,58,59,61,62,63,71,73,77,80,88,91,94,96,99,100,105,108,110,112,114,116,122,124,126,127,132,133,135,142,144,145,148,149,155,158 "18";
19 100 1 1,2,5,8,18,20,22,27,30,32,33,38,47,50,51,55,57,60,64,66,67,71,74,81,91,92,93,96,101,102,103,109,113,115,121,124,125,129,136,137,141,144,146,149,152,155,159 "19";
20 150 1 2,14,21,29,37,44,52,60,70,81,85,87,94,97,101,102,103,109,111,113,117,123,124,130,134,143,144,150,151,155,157,161 "20";
21 13 1 1,8,18,20,21,25,27,30,33,34,36,39,42,44,47,51,52,56,60,62,64,66,68,69,71,73,75,79,81,84,88,90,101,106,111,112,114,117,123,129,131,133,134,135,137,139,140,141,145,146,150,151,153,154,157 "21";
22 154 0 3,6,7,9,13,15,16,18,23,27,33,36,39,45,47,58,59,66,68,74,75,77,86,90,93,98,99,100,102,113,116,118,130,135,136,147,149,153,155,157,158 "22";
23 118 0 13,35,38,47,50,67,70,84,87,91,104,108,124,127,132,133,148 "23";
24 15 1 2,3,6,7,9,10,15,17,19,23,25,26,27,31,32,43,47,48,52,56,58,60,61,64,68,71,74,75,78,81,83,85,88,90,92,106,109,113,115,119,123,127,129,130,131,134,136,139,143,150,156,160 "24";
25 159 0 14,21,45,94,107,121,131,139 "25";
26 146 1 4,7,10,13,18,19,23,24,26,27,30,32,33,35,36,38,39,41,43,44,50,52,57,58,60,64,65,68,72,73,75,83,84,88,91,93,94,96,97,100,102,103,107,110,112,113,114,118,120,127,128,131,132,133,136,143,147,148,150,153,156,158,160,161 "26";
27 1 1 0,5,8,10,12,13,17,20,22,23,25,27,33,35,38,44,54,58,65,73,75,77,80,82,86,91,93,95,99,101,104,107,109,112,121,123,125,127,131,133,139,141,144,146,149,151,154,160 "27";
28 41 0 0,2,3,4,7,8,12,15,18,19,22,23,25,28,31,33,36,37,40,44,45,49,51,55,57,59,60,63,64,66,67,76,78,82,83,86,87,90,94,99,104,105,107,109,113,115,119,123,127,132,136,139,140,146,148,150,151,154,155,157,160 "28";
29 15 0 69,81,83,95,108,141,157 "29";
30 146 0 0,2,4,7,8,10,11,13,16,18,20,24,26,37,38,40,41,43,49,50,52,55,61,63,65,66,68,69,72,73,77,78,79,81,84,86,88,90,91,93,97,99,101,105,107,109,112,113,121,122,129,133,134,135,139,140,144,147,149,155,156,160,161 "30";
31 102 0 5,6,10,13,14,20,21,28,32,33,35,39,40,41,43,47,49,54,55,59,60,62,63,65,66,69,71,73,80,91,94,97,102,108,111,117,119,121,129,131,137,146,147,153,157,158 "31";
32 110 0 2,3,6,8,13,14,17,18,21,30,32,34,37,40,41,46,47,49,52,54,56,57,59,61,63,68,72,76,79,84,85,87,88,89,100,101,102,107,111,115,120,124,126,128,129,137,139,141,143,144,147,149,156 "32";
33 57 0 6,22,57,69,71,88,91,99,127,130,136,141,142,143,150,156,157 "33";
34 102 0 1,4,5,7,9,10,12,13,16,20,21,22,27,30,32,35,38,40,42,46,47,52,53,55,58,61,62,64,65,67,69,70,73,75,76,78,79,82,83,85,87,91,92,95,97,98,100,101,102,103,105,108,109,112,114,115,117,119,124,125,126,132,133,135,136,140,142,144,145,148,150,152,154,155,157,159,160 "34";
35 139 0 57,122,134 "35";
36 154 0 0,2,3,4,6,7,13,15,17,19,22,33,39,47,49,50,51,53,54,55,68,72,74,77,80,83,85,89,93,94,100,105,107,110,112,116,120,122,124,127,129,132,134,136,137,138,139,141,144,146,149,153,155,158,161 "36";
37 116 0 0,4,7,12,15,19,24,28,29,32,38,39,43,47,48,50,52,53,64,68,70,76,77,81,83,84,89,93,94,96,101,105,108,111,113,116,119,129,132,133,135,143,147,149 "37";
38 15 1 5,9,12,13,14,17,19,31,40,43,47,48,54,63,66,70,81,83,86,87,98,100,112,120,124,125,129,132,146,149,152,156 "38";
39 97 0 1,3,5,9,16,19,21,26,30,33,36,37,40,45,48,50,54,55,56,60,61,65,69,71,74,77,79,80,84,88,91,92,94,99,101,102,103,104,106,111,112,114,115,116,119,124,125,128,132,135,145,146,149,153,161 "39";
40 127 0 34,55,70,86,115,150 "40";
41 137 0 4,19,41,66,96,109,119,125,127,148,149,154,156 "41";
42 69 1 30,43,83,85,93,96,98,102,105,133,158 "42";
43 83 1 0,9,13,21,22,29,44,48,50,55,57,60,63,64,76,77,82,86,87,90,93,99,103,107,108,114,123,126,130,132,141,142,145,148,152 "43";
44 158 1 6,10,12,15,19,24,29,35,38,41,45,46,47,51,52,56,58,60,61,64,69,70,73,75,80,88,92,94,105,112,113,115,116,119,122,125,129,134,136,138,144,145,146,148,151,152,155,157 "44";
45 23 0 4,8,12,15,25,27,28,29,33,35,37,42,51,55,62,63,71,84,86,101,104,108,110,119,123,129,137,150,154,157,160 "45";
46 152 0 2,10,15,27,29,33,43,47,49,58,64,70,89,94,97,99,108,129,139,143,155,159 "46";
47 86 1 0,2,4,6,7,8,10,11,12,14,16,18,19,22,27,28,31,33,36,38,39,41,42,44,47,49,50,52,53,57,58,60,62,65,73,76,80,81,83,86,87,88,90,92,93,98,99,100,102,103,105,106,108,109,114,117,119,120,121,123,125,126,128,130,132,135,137,138,139,141,143,145,147,149,151,153,155,157,159,161 "47";
48 30 0 0,12,34,35,42,65,80,95,102,121,126,138,143,156 "48";
49 15 1 7,11,12,20,25,33,36,39,42,51,52,60,63,66,68,73,76,84,89,112,113,115,118,124,129,132,144,146,150,151,154,157,159 "49";
50 88 1 1,3,5,6,8,16,17,18,20,21,24,28,29,30,32,33,37,38,39,41,43,45,46,47,50,52,53,55,57,58,60,61,63,65,66,68,71,72,75,76,78,80,90,91,92,94,100,102,103,104,105,107,109,110,114,116,117,120,121,124,125,126,128,130,131,133,136,138,139,141,142,143,145,147,150,152,154,157,160 "50";
51 50 1 4,18,29,43,44,48,51,54,60,62,79,84,89,95,97,102,108,114,122,128,130,135,136,143,148,159 "51";
52 114 0 1,20,30,37,43,45,64,72,78,83,86,91,98,108,113,133,139,140,145,147,156 "52";
53 40 1 4,21,33,39,41,89,141,153,157,161 "53";
54 122 0 2,3,5,6,9,11,14,16,18,20,22,23,25,26,29,32,36,37,39,42,43,46,48,49,51,52,53,54,57,59,61,63,64,65,66,73,75,77,80,81,82,83,85,87,88,90,92,93,95,96,98,100,102,105,107,110,113,116,117,119,120,124,127,132,135,137,138,141,145,148,150,151,153,154,158,161 "54";
55 65 0 6,9,14,18,20,29,31,32,38,39,42,55,63,66,70,81,84,85,97,100,101,103,105,110,113,118,119,122,128,135,136,138,140,146,158 "55";
56 40 1 1,2,4,6,7,8,9,12,13,16,19,21,24,28,30,33,37,39,41,43,45,47,54,56,61,62,66,67,70,77,79,80,84,90,91,93,98,99,101,102,106,108,109,111,113,115,118,120,121,122,125,126,127,129,131,133,140,142,146,149,158,159 "56";
57 51 0 0,3,5,7,9,11,12,13,16,23,28,34,39,41,43,46,50,54,59,60,61,67,71,73,79,84,85,91,93,94,96,97,102,105,107,110,112,114,120,123,124,129,134,137,140,141,145,147,150,152,153,160 "57";
58 28 1 3,6,8,12,22,32,39,50,62,70,74,83,87,88,92,144,148 "58";
59 108 0 2,3,6,12,14,15,17,19,20,22,25,29,30,32,33,36,41,43,46,49,55,61,63,66,67,68,70,81,84,86,87,88,90,93,95,97,98,99,101,103,105,110,112,113,119,121,130,131,133,137,145,149,151,153,155,157,159 "59";
60 107 0 7,8,10,12,15,16,21,23,26,33,36,46,48,50,51,54,55,58,60,62,64,71,72,74,76,82,84,86,89,91,96,99,102,106,107,110,113,115,116,118,124,126,128,135,140,142,148,153,156,158,161 "60";
61 27 1 4,22,36,39,40,42,48,55,62,86,94,111,138,139,155 "61";
62 68 1 0,10,13,15,17,28,31,32,38,40,42,43,45,48,51,58,61,72,75,78,79,80,83,89,90,93,99,104,105,106,108,112,113,114,120,125,128,130,136,138,140,142,143,146,148,153,160,161 "62";
63 55 0 0,2,4,8,15,18,19,21,22,24,26,27,30,31,32,34,37,39,40,42,45,47,50,52,58,60,67,69,71,74,75,79,83,85,87,90,92,95,96,98,103,105,107,110,115,116,118,119,121,126,128,132,136,142,146,148,149,153,158 "63";
64 32 1 0,1,3,4,6,8,11,15,16,20,23,26,32,34,36,40,43,44,45,48,50,51,56,57,60,61,64,65,67,69,71,73,76,81,85,87,91,97,99,100,102,104,105,107,110,114,116,120,122,125,126,127,128,130,131,133,135,137,139,142,145,146,149,151,154,156,157,161 "64";
65 16 0 0,3,5,6,8,9,21,22,23,25,31,32,34,35,38,39,41,43,46,48,53,55,56,58,61,64,66,69,70,73,76,78,82,85,87,88,92,94,97,98,104,109,115,116,121,122,125,128,130,134,137,139,142,145,146,149,150,154,157,158,160 "65";
66 36 0 39,87 "66";
67 160 0 1,3,16,23,28,33,44,46,49,60,68,69,71,81,86,87,89,92,94,100,107,119,124,136,139,147,148 "67";
68 30 0 8,13,16,23,29,66,68,76,83,109,112,121,124,158 "68";
69 105 0 9,10,12,14,19,20,24,25,26,28,31,32,33,36,39,48,50,53,55,58,59,60,62,64,65,67,70,76,77,80,82,89,90,92,93,95,96,98,99,101,103,107,108,110,111,114,123,124,129,131,133,134,135,138,140,142,145,147,149,151,153,154,157,161 "69";
70 84 0 5,11,20,23,29,38,41,48,52,60,65,70,83,88,99,112,114,121,127,129,131,133,155,160 "70";
71 47 1 11,65,71,84,86,142,148 "71";
72 154 0 0,5,6,8,13,15,17,19,22,24,27,30,31,32,34,36,38,40,42,43,45,46,50,52,53,56,58,60,61,64,67,69,72,73,75,78,79,81,83,87,89,92,93,95,96,98,99,100,101,103,105,108,110,111,114,116,117,118,120,121,122,123,126,130,132,133,135,137,139,141,145,149,151,152,154,158,159 "72";
73 131 1 1,7,9,11,13,16,17,21,24,27,28,29,31,35,37,42,44,45,52,53,56,57,60,62,64,65,67,71,73,75,77,79,94,99,101,102,106,107,109,111,114,116,122,125,127,136,137,140,142,146,151,154,157,161 "73";
74 148 0 14,50,52,63,67,68,71,85,95,108,111,127,161 "74";
75 113 1 6,32,59,88,90,108,122 "75";
76 124 0 2,10,14,15,19,31,34,37,45,49,61,64,67,70,80,88,91,100,108,110,133,136,151,154,160 "76";
77 64 1 5,6,20,22,27,28,30,34,40,54,57,58,60,63,65,67,72,76,78,79,80,86,88,98,104,107,112,114,117,121,127,128,139,144,152 "77";
78 56 0 0,2,8,10,17,20,23,29,30,39,40,42,46,47,50,52,53,58,59,62,63,65,66,73,76,82,84,87,99,102,107,109,115,125,128,130,132,137,142,144,150,152,161 "78";
79 48 0 0,4,12,14,18,23,26,28,32,35,36,37,41,42,44,47,50,55,60,62,66,70,73,78,81,83,84,86,89,92,102,104,105,110,112,115,119,120,122,125,129,130,132,136,143,149,153,155,160 "79";
80 117 1 5,19,31,39,57,59,65,86,96,105,110,117,121,127,128,131,149,158 "80";
81 62 0 1,4,8,9,13,16,19,22,23,28,29,31,32,35,37,45,48,50,51,54,57,63,70,75,81,83,86,88,91,95,100,103,110,112,114,128,131,134,138,148,160 "81";
82 105 0 1,4,10,13,16,18,20,22,23,26,30,32,34,36,37,38,39,41,44,48,52,55,57,64,65,66,68,74,76,80,82,83,85,87,89,90,93,94,95,97,100,103,105,109,111,117,119,121,122,124,125,128,129,131,133,135,138,139,141,142,147,149,150,152,154,155,157,160,161 "82";
83 3 0 0,1,3,6,10,13,14,23,26,28,30,34,36,38,39,43,47,56,57,59,63,65,67,69,71,73,77,80,83,86,89,90,91,93,97,98,100,102,105,107,109,111,113,117,118,119,121,122,127,129,132,137,140,142,146,148,149,150,152,157,159 "83";
84 77 0 0,3,7,8,10,14,17,18,20,22,24,27,28,32,35,38,40,42,48,49,51,53,60,61,63,65,66,68,69,72,75,77,78,79,82,84,90,93,94,97,98,100,103,109,112,113,115,116,123,125,134,136,137,138,141,143,144,147,148,150,153,156,158 "84";
85 51 0 0,4,6,21,24,30,31,41,47,49,61,86,91,93,97,99,109,117,122,127,128,140,151,157,159 "85";
86 44 1 40,133 "86";
87 139 0 3,4,7,8,12,14,17,21,22,23,26,32,36,47,50,52,54,56,59,62,64,67,71,75,79,81,82,87,89,91,92,95,97,99,100,101,107,113,116,119,120,122,125,131,135,136,138,139,146,148,153,154,155,157,159,160 "87";
88 105 1 0,1,2,5,8,10,13,17,20,21,23,25,27,30,32,33,36,37,39,41,44,46,49,53,54,57,60,61,62,68,72,75,76,77,79,84,85,90,93,95,97,98,100,105,110,111,113,115,116,119,122,124,126,132,133,136,142,145,147,151,154,156,157,159 "88";
89 161 0 0,2,5,6,14,18,19,21,23,26,29,32,34,40,48,51,53,56,58,60,66,71,74,76,80,82,83,84,86,88,90,98,99,100,103,104,117,118,119,130,131,132,135,141,142,144,148,150,152,156 "89";
90 9 1 3,6,9,11,14,21,27,28,32,37,38,51,52,56,64,65,67,69,75,81,85,88,89,91,98,100,105,108,110,112,115,119,122,123,130,135,137,143,144,146,148,153,155,157 "90";
91 146 1 4,6,8,9,14,16,19,28,31,34,44,48,52,55,57,72,80,82,84,86,91,96,103,115,122,126,128,132,135,145,147 "91";
92 53 1 0,3,5,8,10,12,16,17,19,22,23,30,33,36,37,38,41,42,43,44,45,46,48,50,52,53,54,56,57,58,60,62,66,69,71,72,74,75,79,80,82,83,86,87,90,92,95,96,98,99,101,104,105,107,110,111,113,114,117,119,121,122,123,124,129,131,133,137,138,141,142,149,151,153,154,156,158 "92";
93 132 0 5,10,16,18,23,27,38,52,55,67,76,82,86,92,96,116,131,153 "93";
94 91 1 66,78,85,121,122,125 "94";
95 132 1 17,30,38,49,70,76,79,137,154 "95";
96 73 0 1,11,19,20,25,27,33,35,47,63,81,86,117,126,130,152 "96";
97 8 0 4,12,16,95 "97";
98 146 0 4,9,11,13,16,22,26,28,29,33,35,44,51,52,56,60,61,64,67,68,72,75,77,79,81,85,87,92,96,98,100,102,104,105,114,118,121,125,128,130,131,140,143,146,150,152,154,156,157,161 "98";
99 22 1 0,1,3,5,6,12,14,16,19,23,26,28,33,35,38,41,42,45,48,50,56,58,59,68,70,74,77,80,89,93,94,99,100,101,103,105,107,109,111,118,123,124,128,129,134,136,142,144,148,150,151 "99";
100 145 0 5,10,11,13,15,18,19,21,22,24,25,26,29,31,32,34,35,41,43,48,52,56,57,59,61,63,64,65,66,68,70,73,75,76,79,82,83,85,90,91,93,94,96,99,101,104,105,109,111,112,114,116,117,118,122,123,125,126,127,129,131,132,134,137,140,142,143,145,146,147,149,150,152,153,155,156,161 "100";
101 20 1 27,58,63,115,124,137,142,160 "101";
102 88 1 4,5,8,11,14,17,22,23,25,26,28,30,32,35,37,40,41,43,46,48,50,51,56,60,62,63,65,66,67,69,70,75,77,78,85,87,89,90,94,98,100,101,106,107,109,111,115,116,120,124,125,126,131,133,135,137,139,142,143,152,155,156,157,160 "102";
103 48 0 0,3,4,9,10,12,14,17,19,20,22,24,25,26,29,32,35,37,39,41,42,46,48,49,51,54,56,61,63,65,66,67,68,69,70,74,79,81,82,84,85,89,91,93,97,100,103,104,106,107,108,111,113,114,115,119,120,122,124,126,127,133,135,136,137,139,140,142,144,147,149,152,154,156,157,159,160 "103";
104 4 0 1,3,18,19,25,27,31,42,48,50,51,52,55,57,61,63,68,70,75,80,85,89,95,98,117,118,133,144,147,152,155,158,160 "104";
105 98 0 7,8,27,37,41,45,52,53,57,59,62,66,71,76,86,89,96,109,112,120,121,127,129,132,146,149,161 "105";
106 92 0 1,3,9,11,12,13,14,19,23,26,29,38,39,41,43,59,66,67,72,76,77,82,85,88,93,100,102,104,106,108,110,114,116,119,124,125,129,136,141,143,146,154,156,159,160 "106";
107 38 0 12,28,30,39,45,51,54,72,73,76,81,83,84,89,92,97,102,119,134,149,151,155,158 "107";
108 111 0 0,2,3,4,6,8,13,14,17,18,20,22,24,26,28,29,31,32,33,37,39,42,43,44,46,48,49,51,52,55,57,59,62,63,65,66,68,70,72,74,79,81,83,84,85,86,88,89,91,95,99,103,106,111,113,115,118,119,121,123,125,126,128,131,132,134,135,138,139,141,142,144,147,149,150,153,155,159,161 "108";
109 69 1 0,3,4,7,17,21,22,24,25,28,29,33,35,39,40,42,44,51,52,59,60,63,69,73,80,82,85,86,88,95,96,97,102,106,108,111,114,116,123,124,126,129,135,141,145,153,155,158 "109";
110 110 0 5,10,12,15,20,37,40,52,58,68,73,93,123,126,131,144,147,158,160 "110";
111 8 1 0,4,5,8,10,14,17,20,24,26,27,30,32,34,36,39,41,51,53,55,56,62,64,67,70,71,72,73,76,77,79,80,81,82,85,87,89,90,93,94,97,98,100,102,104,105,107,110,114,115,117,118,119,121,122,123,125,127,129,130,132,133,134,136,138,139,140,141,144,146,148,149,151,152,154,157,158 "111";
112 133 1 0,2,4,6,7,12,17,18,19,27,34,36,37,39,43,45,47,56,61,63,66,69,70,73,78,83,88,89,93,95,97,98,103,105,108,114,117,118,119,125,127,134,136,140,141,143,146,149,153,156,158,159,161 "112";
113 61 0 15,27,57,62,78,88,102,116,129,147,153 "113";
114 162 0 14,15,21,50,59,76,92,98,110,112,117,123,129,142,150,160 "114";
115 59 1 4,10,24,29,41,46,53,136 "115";
116 83 1 2,5,6,7,15,16,22,27,33,35,38,40,45,46,47,49,50,52,54,55,61,64,67,70,71,73,75,78,79,81,83,84,86,87,89,94,101,103,106,108,112,114,116,117,120,122,131,134,137,138,139,142,144,158,161 "116";
117 138 1 2,3,7,19,28,29,36,52,66,71,73,91,99,104,114,121,131,138,139,152,155 "117";
118 162 0 1,4,6,11,16,24,25,29,31,33,39,41,42,44,46,47,50,52,53,54,55,65,67,68,73,75,76,79,84,86,88,96,98,99,100,103,104,106,111,115,118,121,125,127,129,130,134,135,136,137,140,144,145,150,152,153,154 "118";
119 104 1 3,6,8,9,11,13,14,16,18,21,23,24,26,28,31,32,33,37,40,43,45,47,51,53,58,60,62,63,65,69,73,76,77,83,85,90,92,93,96,102,105,109,111,112,115,117,118,120,121,123,125,128,131,137,139,144,146,148,151,153,156,158,160 "119";
120 123 1 1,4,5,8,10,11,20,22,23,25,26,27,29,31,36,37,38,40,42,45,48,50,51,59,61,64,67,72,74,77,79,82,84,86,88,90,92,99,101,102,104,111,112,114,119,124,126,129,131,133,135,138,141,145,146,148,149,155,156,158 "120";
121 13 1 2,4,11,12,15,18,25,28,33,38,41,49,60,62,72,76,96,111,113,119,136,141,145,160 "121";
122 154 0 8,36,48,53,57,71,86,87,95,118,122,123,132,134,146,147,152,154,161 "122";
123 33 1 0,1,20,25,36,37,42,50,56,61,65,72,74,77,78,90,97,113,116,136,143,148,152,155,157,159 "123";
124 106 0 1,3,4,6,8,10,12,15,24,26,27,30,32,34,36,40,42,45,46,49,52,53,55,59,61,64,65,67,69,71,74,76,77,79,81,84,87,90,95,98,99,101,102,103,106,107,111,112,115,116,118,119,121,123,126,127,128,130,132,135,138,139,142,145,146,148,149,151,156,161 "124";
125 134 1 2,5,9,18,20,22,26,35,38,41,42,43,48,50,55,59,64,67,69,72,74,76,77,79,80,83,87,96,98,100,108,110,117,118,124,127,129,131,134,137,145,150,153,160 "125";
126 104 1 37,44,116,123,151 "126";
127 8 1 5,14,24,28,39,46,59,77,91,106,124 "127";
128 70 1 4,20,42,46,47,54,61,62,63,67,69,74,77,96,104,109,112,119,120,121,123,124,127,129,130,133,153,156,158,160 "128";
129 57 0 0,2,3,4,7,10,11,13,15,16,20,21,24,25,28,29,31,32,35,36,41,42,48,52,53,57,60,63,64,69,70,73,77,80,83,85,89,91,92,93,95,96,98,99,101,102,105,109,111,114,115,118,123,125,127,132,133,139,140,142,148,151,154,155,159,161 "129";
130 115 1 6,7,9,12,15,22,30,32,53,54,57,60,61,62,74,78,86,93,94,99,101,103,106,108,110,115,120,123,128,129,134,148,151,153,155,159 "130";
131 25 1 0,1,4,7,8,10,13,14,15,27,29,30,33,35,37,38,39,41,44,47,49,50,52,54,55,57,59,61,64,66,68,69,70,73,74,75,77,80,81,83,85,86,90,91,92,93,94,95,99,102,104,105,108,113,117,118,120,122,123,124,128,130,134,135,138,139,141,142,144,145,146,150,153,154,155,156,157,159,160,161 "131";
132 17 1 3,4,8,14,19,20,23,26,32,34,35,39,43,44,46,50,53,56,61,62,68,69,71,74,75,76,78,80,82,85,88,89,94,96,97,99,102,104,107,114,116,118,119,121,124,126,129,130,132,135,138,139,144,147,149,150,151,154,160 "132";
133 95 1 0,1,3,5,13,16,23,25,29,31,34,35,37,39,44,47,49,52,54,56,60,62,63,64,66,68,69,72,74,75,79,80,81,85,86,87,90,91,92,95,98,100,103,108,110,114,115,117,118,121,123,125,126,136,137,139,141,142,143,144,146,149,150,154,156,157,160 "133";
134 138 1 2,19,22,61,78,95,136,148,154 "134";
135 15 0 1,4,6,10,19,23,27,28,29,31,32,35,37,41,47,48,52,56,62,64,66,68,70,72,74,75,77,86,94,98,100,104,108,110,115,118,119,121,123,131,133,135,137,141,143,147,149,157,161 "135";
136 93 1 29,59,69,84,139 "136";
137 153 0 23,93,104,128,157,158 "137";
138 97 1 0,8,9,11,12,23,25,28,43,45,51,53,56,58,64,76,78,80,82,84,88,89,91,93,95,97,99,106,111,115,119,121,123,125,127,129,132,135,138,140,143,150,154,158,160 "138";
139 31 1 0,2,4,7,8,10,11,13,15,17,18,19,21,23,25,26,28,30,32,34,35,36,39,41,45,47,51,53,55,56,58,59,62,64,66,68,69,70,73,75,76,78,80,81,83,85,88,90,92,93,95,98,99,100,101,104,105,106,111,113,117,118,120,121,127,128,129,131,132,133,137,139,140,142,146,148,149,150,152,158,161 "139";
140 14 0 0,2,4,7,9,11,12,13,15,20,21,23,25,27,29,31,33,36,38,39,40,41,43,44,46,47,50,53,56,57,63,64,67,71,72,74,75,77,81,87,89,90,92,94,96,97,101,103,108,110,114,116,117,119,120,123,124,127,129,138,142,143,146,150,151,155,157,161 "140";
141 156 0 1,3,5,7,9,12,14,16,18,22,24,25,27,29,32,36,37,38,41,43,45,47,48,49,53,54,56,57,58,61,62,65,67,68,70,72,74,77,79,80,81,83,86,88,92,95,97,99,101,102,104,105,106,107,110,111,113,115,117,118,119,121,122,124,127,129,130,132,134,135,137,138,139,141,147,154,156,157,158,159,161 "141";
142 63 1 13,23,28,42,45,47,60,104,153 "142";
143 100 1 4,5,7,13,19,26,27,29,32,35,41,43,54,59,64,67,75,83,89,92,95,99,107,110,113,119,120,122,125,132,140,142,146,158,159,161 "143";
144 14 0 0,11,18,25,27,29,33,45,50,56,70,71,77,90,99,100,104,106,127,128,133,136,137,142,149,161 "144";
145 33 0 3,11,13,15,21,26,30,32,35,37,42,46,47,57,64,70,73,75,79,81,89,94,101,104,105,108,109,112,117,122,124,126,127,132,133,138,139,141,148,157,160,161 "145";
146 20 1 28,30,32,39,40,44,49,53,60,61,64,68,78,80,83,84,88,92,95,97,99,115,121,126,129,131,140,149,155,157,159 "146";
147 83 1 17,20,22,27,37,47,49,61,69,75,81,85,89,107,113,138,141,145 "147";
148 44 0 0,1,2,6,9,12,13,18,19,22,23,26,27,30,34,36,41,47,48,51,53,56,61,65,66,69,71,73,76,78,79,81,82,88,90,94,96,97,100,105,107,108,112,117,119,122,123,124,129,130,134,139,141,143,145,148,151,152,154,156,157 "148";
149 118 0 11,17,30,36,40,42,47,49,53,74,75,89,104,107,120,126,128,133,138,154 "149";
150 63 0 0,2,3,4,6,14,17,20,26,30,32,34,36,37,41,42,43,47,51,52,54,55,59,60,61,65,67,69,72,74,75,77,78,81,84,87,90,92,96,98,99,103,105,107,109,111,113,114,116,120,125,128,132,136,138,141,143,144,147,151,152,155,161 "150";
151 58 0 7,11,14,16,19,20,25,27,33,36,37,47,51,54,58,62,68,72,76,81,82,83,85,87,89,96,101,104,109,113,116,124,133,136,144,153,161 "151";
152 15 0 3,6,14,15,16,21,25,27,32,39,42,46,47,49,50,53,58,63,72,75,78,79,86,90,93,95,97,100,101,108,111,113,117,120,122,124,127,129,136,137,145,146,148,149,151,159 "152";
153 70 1 0,2,5,7,12,13,16,17,18,21,24,28,29,31,33,35,37,40,42,43,45,48,50,52,55,59,64,66,68,69,73,75,76,80,82,87,89,91,94,103,104,106,110,112,115,117,119,121,122,124,125,126,129,131,132,135,137,140,141,142,147,150,151,152 "153";
154 47 1 63,106,123 "154";
155 71 1 0,2,4,14,18,21,23,25,26,28,30,32,35,44,48,50,52,58,59,61,63,66,74,76,79,83,84,87,98,103,105,106,110,114,117,120,124,126,131,133,134,137,138,142,143,145,148,152,155,161 "155";
156 9 1 1,3,4,6,8,10,11,15,18,21,23,26,32,34,36,39,41,47,50,52,56,62,64,68,69,71,72,74,79,81,89,90,93,95,98,101,106,111,113,114,116,118,120,124,126,127,129,132,133,136,142,149,152,156,160 "156";
157 12 0 0,3,18,33,34,35,42,46,50,52,60,64,76,80,84,85,92,97,102,105,115,123,126,132,147,152,158,159 "157";
158 137 0 0,1,3,7,10,11,14,15,21,23,26,27,28,30,33,35,36,38,39,41,42,44,45,47,52,54,55,56,58,59,60,62,64,68,69,74,76,81,83,84,85,88,92,96,98,100,102,105,107,110,111,113,115,116,118,119,121,125,128,130,131,132,133,135,136,139,140,141,143,144,147,149,150,153,155,156,157,160 "158";
159 62 1 4,12,20,28,44,58,69,96,99,104,109,120,141,155,160 "159";
160 155 1 1,5,7,12,30,33,35,39,42,51,55,63,70,75,77,80,81,84,87,92,94,99,101,107,115,117,124,129,132,135,139,152,154,159 "160";
161 112 1 11,34,45,75,79,82,83,91,92,100,116,125,132,143,145 "161";
