parity 103;
0 57 0 1,3,11,12,13,15,17,19,20,23,24,25,27,28,31,34,35,37,38,40,41,43,46,48,50,53,54,55,58,60,62,66,67,68,70,73,74,76,79,80,85,86,91,94,97,101,102,103 "0";
1 9 1 1,4,5,8,9,10,11,13,16,20,22,25,26,27,29,31,32,33,34,36,42,45,46,52,56,58,61,63,64,68,69,72,73,76,78,79,80,82,85,87,88,90,92,93,95,97,100,103 "1";
2 14 0 12,16,24,27,33,43,44,46,54,55,64,87,91,97 "2";
3 84 1 7,13,15,20,24,29,33,40,44,47,52,55,57,59,72,75,77,79,84,88,91,95,97,102 "3";
4 13 1 13,16,25,32,36,40,52,53,57,67,80,82,84,93,98,100 "4";
5 19 1 2,5,6,8,9,10,12,13,17,19,21,27,29,30,35,37,39,40,44,45,46,48,49,51,53,55,58,63,69,80,82,85,86,88,90,91,93,94,96,98,99,100 "5";
6 67 0 0,4,6,8,10,13,15,17,18,20,27,29,30,35,37,39,40,42,43,45,46,48,49,51,53,57,60,61,63,64,66,68,72,74,76,77,79,80,82,86,89,90,94,96,100,101,103 "6";
7 51 1 0,1,3,5,12,16,17,18,26,28,31,34,43,54,55,58,64,65,66,72,75,76,78,89,93,100 "7";
8 5 0 15,18,22,25,32,34,39,41,44,51,53,55,60,76,79,92 "8";
9 78 0 0,6,8,9,13,14,15,19,20,25,26,28,29,31,36,41,42,44,47,49,52,53,57,59,60,64,65,69,71,75,78,81,84,85,87,88,91,92,97,99,102 "9";
10 77 1 0,1,3,5,7,9,18,20,22,23,25,26,28,29,33,35,36,40,41,43,44,45,46,49,51,53,55,56,58,61,63,64,66,68,69,71,73,75,77,81,83,84,90,92,94,95,96,101,103 "10";
11 93 1 13,51,69 "11";
12 65 0 1,3,6,11,12,13,15,16,17,19,21,24,28,29,30,32,34,40,45,48,56,60,66,70,76,82,84,87,88,90,93,94,98,99,100,103 "12";
13 24 1 1,3,7,10,12,13,14,16,18,20,23,26,27,30,32,34,35,38,40,44,47,50,54,56,57,59,60,62,64,66,68,70,71,74,75,78,80,83,85,86,89,90,94,95,97,103 "13";
14 71 1 2,19,21,27,31,35,39,44,46,48,54,65,71,76,84,88,91 "14";
15 58 0 1,12,28,34,44,46,51,59,62,63,64,67,73,80,88,98,99 "15";
16 19 0 1,6,8,11,17,18,20,22,26,27,28,29,31,32,35,38,40,41,42,45,46,48,50,51,52,54,60,61,68,72,75,77,79,80,83,85,87,88,90,92,93,95,96,97,100,102,103 "16";
17 19 0 0,2,4,5,7,11,12,15,16,20,22,26,28,30,32,37,39,40,43,46,49,52,53,55,61,63,64,69,71,73,74,76,77,80,82,84,85,87,88,89,91,93,94,95,99,101,103 "17";
18 51 0 1,4,5,49,54,68,77,84,90,101 "18";
19 29 1 0,3,9,13,14,15,17,22,23,24,27,28,29,33,36,38,39,40,41,42,44,45,50,53,54,55,58,60,62,64,65,67,72,74,75,79,81,82,85,86,90,92,96,97,100,101 "19";
20 59 0 2,5,11,13,18,21,26,27,40,46,48,50,56,58,59,61,68,69,73,75,78,83,87,90,93,96,99 "20";
21 56 0 1,12,13,22,33,37,39,70,73 "21";
22 67 1 9,14,41,58,64,73,84,101 "22";
23 8 1 1,3,5,8,14,17,22,23,25,29,32,33,36,38,39,41,44,45,50,52,53,55,61,62,64,66,70,72,73,75,77,81,82,84,86,88,90,91,97,101 "23";
24 67 0 2,5,8,11,16,17,19,22,23,26,27,29,34,35,42,44,46,48,52,63,64,68,70,71,72,74,77,80,83,89,90,92,94,96,98,101 "24";
25 86 1 0,5,9,11,12,15,16,18,20,24,25,27,30,32,34,36,38,40,42,43,46,49,50,52,54,56,58,62,64,66,69,71,73,74,77,80,84,86,89,91,93,95,97,100,101 "25";
26 25 1 1,3,4,9,10,11,14,15,17,18,20,22,25,29,31,34,36,37,44,47,48,50,52,54,56,57,60,61,63,65,68,71,73,75,78,84,85,88,89,93,95,97,98,100,101,103 "26";
27 91 0 4,6,8,10,12,13,14,19,20,22,24,33,37,40,43,48,50,53,56,57,59,61,63,67,73,75,79,82,83,84,90,93,95,100 "27";
28 20 0 0,1,10,17,23,29,32,35,40,41,45,50,61,74,79,89,92,98,99,103 "28";
29 56 1 0,1,3,5,8,12,15,19,20,22,24,26,29,32,34,35,36,38,40,41,43,46,48,50,51,54,57,58,60,64,66,68,70,71,73,76,78,79,81,82,84,85,88,89,91,94,98,101,103 "29";
30 48 1 65,70,80 "30";
31 26 1 0,1,4,5,6,7,8,11,15,17,23,25,27,28,31,38,40,44,47,51,52,55,58,59,60,62,64,66,69,74,75,76,77,79,80,82,88,89,92,98,99,101,103 "31";
32 28 0 4,5,7,8,13,19,22,23,25,29,30,32,34,38,43,45,46,49,50,52,54,59,61,62,63,66,69,73,76,78,79,83,85,86,88,89,92,93,95,97,98,100,102,103 "32";
33 95 0 2,4,8,10,17,20,22,23,24,27,30,33,36,38,39,47,50,60,62,65,73,74,76,77,79,83,85,89,90,93,96 "33";
34 46 0 6,9,13,19,20,38,47,51,59,60,71 "34";
35 83 0 2,4,6,8,10,11,12,14,21,26,27,29,31,33,35,39,40,45,46,47,55,56,63,64,66,68,70,74,75,77,78,81,82,85,86,88,90,96,97,100,102,103 "35";
36 91 0 0,4,6,7,8,11,16,17,18,20,23,26,30,34,38,40,45,49,50,54,57,60,64,65,66,67,69,72,73,76,79,81,84,90,97,98,99,101,103 "36";
37 70 1 40,47,48,62,66,67,87,95,97 "37";
38 100 0 2,4,5,6,10,15,17,20,23,26,38,40,44,46,50,53,56,69,72,75,76,82,85,88,98 "38";
39 61 0 0,2,3,5,13,14,16,20,21,23,24,27,33,35,36,40,45,47,49,50,55,57,59,62,65,68,70,72,75,81,82,86,90,92,95,97,100 "39";
40 0 0 2,10,11,16,31,34,36,42,46,48,50,51,53,55,59,63,68,71,76,79,87,90,94,97,98 "40";
41 91 1 60,62 "41";
42 9 1 0,7,10,12,13,30,34,39,43,45,47,49,50,52,58,64,66,75,77,81,82,93,95,100,103 "42";
43 30 0 0,1,2,6,7,12,15,16,19,24,25,27,28,29,33,38,42,44,46,47,50,51,55,56,58,60,62,63,64,68,71,72,78,79,81,83,84,85,89,90,92,94,95,97,99,101,102,103 "43";
44 32 0 2,7,10,14,18,20,22,24,25,26,27,28,30,35,38,40,42,44,45,49,51,52,54,56,58,60,61,63,64,67,68,72,74,75,76,78,80,83,89,90,92,96,98 "44";
45 3 0 7,10,13,34,43,46,50,52,62,63,66,70,71,86,89 "45";
46 36 1 5,7,11,15,17,25,28,30,36,41,45,49,51,52,56,68,74,75,77,84,87,100,101,103 "46";
47 16 1 0,1,8,12,14,16,22,26,29,31,34,38,43,47,51,56,59,62,65,68,72,76,79,80,82,84,85,88,90,94,96,97,100,103 "47";
48 66 1 0,4,10,14,19,24,31,45,48,50,55,66,71,73,80,86,87,97,100 "48";
49 62 1 3,6,8,30,48,51,55,57,70,71,72,75,77,79,85,87,92,97,100,103 "49";
50 77 0 0,4,12,15,18,22,26,30,33,34,36,40,42,45,47,49,51,52,63,66,76,77,84,91,93,95,96,98,102 "50";
51 70 0 3,5,31,43,60,76,89,93,96,103 "51";
52 41 0 0,7,8,13,15,19,21,24,26,33,34,36,38,45,47,51,55,59,62,64,65,67,69,72,74,75,81,98,100,103 "52";
53 103 1 2,11,16,20,21,39,40,46,53,61,66,69,74,83,84,85,99 "53";
54 103 0 1,7,14,19,27,30,34,37,45,50,54,55,65,67,70,71,86,90,98,101 "54";
55 63 0 4,8,15,19,24,26,27,29,34,37,39,49,51,53,58,61,63,75,81,82,84,100,103 "55";
56 10 0 5,9,13,15,22,24,26,28,30,39,42,49,51,52,59,64,65,67,69,73,76,81,84,86,88,91,92,96,99,101,103 "56";
57 52 1 0,3,5,9,11,13,14,18,19,22,24,26,27,29,32,33,34,37,44,52,53,55,57,62,66,68,71,74,76,78,80,82,84,85,86,88,101,102,103 "57";
58 73 1 0,1,4,5,8,10,13,15,17,22,24,26,28,32,35,40,43,47,49,53,54,57,58,65,66,72,74,79,83,87,90,93,98 "58";
59 11 1 5,9,17,23,27,32,35,48,50,57,58,60,63,79,87,94 "59";
60 75 0 3,5,7,10,17,18,22,27,32,33,35,38,42,44,46,47,50,55,61,66,67,73,78,84,88,89,91,95,98 "60";
61 51 1 1,2,3,6,8,9,12,18,21,25,28,29,32,33,37,39,40,41,45,46,48,50,54,56,64,66,68,73,77,78,80,81,83,85,88,94,97,101,102 "61";
62 93 0 0,4,8,11,15,21,23,26,28,31,39,41,45,52,54,56,58,60,62,64,66,70,72,75,76,80,85,89,94,99 "62";
63 93 0 2,8,14,22,24,25,32,36,47,50,51,55,59,61,67,71,74,82,85,87,89,91,93,98,99 "63";
64 100 1 0,3,5,6,7,8,11,14,17,21,22,27,28,31,34,39,40,44,47,48,49,51,54,56,58,60,61,62,66,71,72,74,77,78,81,84,94,97,100,102 "64";
65 98 0 0,2,6,8,9,11,15,17,18,23,24,26,27,30,31,34,36,38,39,42,46,47,49,50,52,54,56,60,65,68,69,70,72,74,78,80,82,85,87,89,91,93,95,97,99,100,102,103 "65";
66 104 1 7,24,25,26,28,29,42,61,67,70,78,80,86,96,98 "66";
67 69 0 25,35,37,45,49,57,59,65,92 "67";
68 88 1 0,2,3,4,10,15,18,21,27,29,38,57,60,61,66,74,77,80,85,91,95,100 "68";
69 63 1 10,16,18,23,25,38,50,55,57,64,69,82,84,99,101 "69";
70 21 0 12,26,33,35,43,49,52,58,62,79,86,90,100 "70";
71 19 0 5,9,11,12,16,19,23,25,27,31,32,36,40,42,44,46,48,51,53,58,59,62,65,66,71,72,73,77,81,82,83,86,87,92,94,98,99,103 "71";
72 9 1 0,1,3,6,7,10,12,15,18,20,22,23,24,27,29,30,31,36,37,39,40,41,42,43,45,47,48,50,55,57,59,60,62,64,65,68,69,71,72,74,78,81,82,85,88,90,92,93,94,97,98,102 "72";
73 104 0 0,2,3,6,10,13,14,15,17,19,20,22,23,24,25,27,29,31,33,36,45,48,52,54,56,58,60,62,64,65,67,68,69,70,72,73,77,80,81,83,85,87,90,91,94,96,98,102 "73";
74 59 0 4,8,12,14,22,28,32,34,39,41,47,50,64,69,73,86,92,100 "74";
75 98 1 3,9,18,20,22,38,45,48,53,54,56,57,63,66,69,79,83,84,85,88,91,96,103 "75";
76 62 0 13,21,28,35,41,44,50,53,83,94,98 "76";
77 10 0 1,5,8,10,12,14,17,20,23,25,26,30,32,37,40,41,42,44,45,47,51,52,55,56,58,60,63,65,67,68,69,70,71,78,80,81,83,86,89,91,96,98,99,100,102 "77";
78 69 1 0,4,11,16,19,24,29,31,32,34,37,39,42,44,45,48,52,53,58,60,61,66,70,72,74,75,81,84,86,88,92,94,97,98,101,102 "78";
79 102 0 1,6,7,13,19,24,25,28,30,31,33,36,38,40,42,44,46,48,50,52,59,62,63,66,71,73,76,79,81,89,93,95,96,98,100,102,103 "79";
80 71 0 1,12,15,19,24,27,29,37,39,41,44,46,48,50,55,56,58,60,62,63,64,67,72,74,75,79,81,82,84,91,93,96,100,102 "80";
81 25 1 1,4,6,9,11,13,16,18,19,20,24,25,26,27,31,33,35,37,38,39,41,43,45,47,49,50,51,53,58,63,65,69,75,77,79,80,81,83,84,85,87,89,92,93,95,97,101,103 "81";
82 82 1 4,5,8,10,12,17,19,20,25,29,44,46,51,52,59,63,64,66,68,74,77,79,83,88,92,93,96,101,102 "82";
83 93 0 1,3,7,11,14,16,19,25,28,31,51,57,60,63,64,67,81,88,89,93,95,102 "83";
84 32 1 4,6,8,9,12,16,26,28,31,32,34,40,46,50,52,54,58,60,61,64,67,69,75,77,81,82,86,89,92,94,96,97,101 "84";
85 77 0 3,5,6,7,8,9,12,15,21,26,28,31,37,38,46,49,51,53,55,57,58,61,65,68,69,73,77,78,82,84,87,92,93,95,98,101 "85";
86 52 1 3,12,15,18,28,29,43,56,62,67,73,77,79,92,96,103 "86";
87 88 0 0,15,23,30,33,39,41,49,51,55,60,62,93,102 "87";
88 14 0 3,8,9,12,14,18,19,23,25,28,30,31,36,38,39,42,44,46,50,51,53,54,56,57,58,60,61,63,66,67,73,85,91,94,97,99 "88";
89 62 0 0,2,6,11,13,16,17,20,22,23,26,28,29,31,32,34,36,37,39,41,42,44,47,49,51,54,55,58,59,62,64,66,69,72,73,77,80,82,83,87,90,91,92,95,97,98,100,101,102 "89";
90 16 1 1,2,4,5,7,8,13,19,20,22,23,25,27,29,31,33,34,38,42,48,50,52,54,58,60,61,63,64,68,71,72,73,76,77,80,83,84,86,88,90,91,96,97,100,101,102 "90";
91 1 1 3,4,6,8,18,43,51,53,57,68,70,89,102 "91";
92 89 1 1,5,8,10,12,13,45,61,64,70,77,79,86,89 "92";
93 14 0 8,11,22,27,32,34,39,50,81,86,88,92,101 "93";
94 9 1 1,3,4,6,9,13,14,15,18,20,23,27,33,37,38,40,41,46,47,48,51,54,56,63,66,67,70,72,75,76,78,79,80,82,87,88,90,92,96,97,101,103 "94";
95 42 0 4,30,50,51,52,55,59,68,93 "95";
96 98 1 0,2,4,10,13,40,47,50,53,54,56,61,62,65,74,94,101 "96";
97 13 0 0,7,11,12,14,19,27,29,30,32,33,35,38,39,43,45,52,55,56,58,59,67,70,76,84,87,88,92,96,97 "97";
98 47 0 1,3,7,9,11,13,14,16,20,23,27,29,30,32,34,35,37,40,41,42,44,45,47,49,51,53,54,55,58,61,64,66,69,71,72,73,75,78,80,82,84,87,90,93,94,97,98,100,101,103 "98";
99 94 1 1,2,3,8,9,10,14,15,16,19,23,29,36,39,40,42,44,47,51,53,55,57,61,63,65,67,69,71,74,77,79,81,82,83,85,88,91,92,94,97,100,101 "99";
100 21 0 1,5,8,9,11,12,17,23,26,27,30,32,35,36,37,38,40,43,47,52,54,57,58,59,63,66,68,72,73,76,81,82,83,91,93,94,97,103 "100";
101 75 0 5,7,9,11,21,24,26,32,35,53,55,58,64,67,72,97,101 "101";
102 13 1 3,4,7,9,12,13,15,17,19,23,25,28,30,36,38,41,43,45,47,48,51,54,55,56,58,60,62,66,67,69,71,74,76,77,79,80,81,86,89,91,92,94,95,97,99,102 "102";
103 80 0 1,3,6,14,21,23,25,27,28,30,33,34,37,38,46,49,50,51,53,54,59,61,64,77,78,85,86,88,89,92,94,101,103 "103";
