parity 161;
0 134 1 11,13,17,18,23,25,30,32,35,42,48,49,55,57,62,65,66,67,70,72,75,78,79,80,85,89,91,97,98,106,111,112,119,121,122,124,125,128,129,130,133,152,154,156,159 "0";
1 111 0 3,7,14,16,18,21,22,25,27,29,31,33,34,35,36,38,45,47,50,52,54,60,62,63,72,74,79,83,84,86,88,91,94,98,103,104,111,113,114,117,119,120,127,128,130,133,138,141,145,149,151,153,155,156,158,159 "1";
2 126 0 5,9,24,30,32,42,51,61,68,70,71,75,76,83,88,91,94,100,105,106,111,127,136,142,144,154,161 "2";
3 134 0 0,3,5,8,9,11,12,14,19,22,25,26,33,37,40,41,45,51,54,56,60,67,76,86,88,95,104,107,109,115,117,119,138,141,149,158,161 "3";
4 120 1 48,149 "4";
5 78 1 0,2,5,11,16,20,22,24,26,28,31,33,36,40,41,56,58,59,60,61,62,67,70,75,77,79,83,89,94,96,102,104,106,108,110,111,122,126,128,132,137,138,140,148,150,151,153,158 "5";
6 26 0 6,12,17,38,48,57,61,67,69,72,74,81,84,92,95,135,141,148,152,154,156 "6";
7 139 0 1,3,7,9,11,13,16,18,21,27,29,33,34,36,39,40,42,44,46,48,51,53,54,60,68,70,72,74,76,78,80,85,90,94,98,99,101,104,105,107,109,110,112,114,117,119,122,123,127,129,130,131,132,135,136,138,141,143,145,146,148,150,152,156,159,161 "7";
8 102 0 20,28,46,61,63,91,103,109,126,133,144,145,147,149 "8";
9 31 0 0,5,7,12,13,15,19,20,26,28,29,30,31,34,40,41,42,45,48,50,51,52,55,58,60,61,62,64,66,71,72,74,76,82,83,84,87,89,97,99,102,104,105,106,108,111,114,117,118,119,121,124,125,127,129,131,135,137,138,140,141,143,148,150,151,152,154,156 "9";
10 3 0 1,6,13,14,18,25,29,33,36,41,43,46,48,50,51,53,57,61,64,65,75,80,82,85,88,89,92,96,98,101,103,106,107,113,114,116,117,122,124,127,132,142,143,150,156,160 "10";
11 99 0 2,4,9,12,13,15,17,21,23,29,31,32,35,36,37,38,40,42,43,46,47,50,51,53,54,56,60,62,64,65,69,71,73,76,77,80,82,85,87,89,90,92,96,100,101,103,104,106,108,109,111,112,114,116,118,119,121,124,127,129,130,133,138,141,143,144,146,147,150,151,152,154,155,156,159 "11";
12 19 0 1,2,3,7,11,20,22,23,25,28,32,33,36,37,39,46,53,55,59,62,66,68,72,74,78,79,81,82,84,86,87,92,98,106,111,114,116,118,125,126,131,133,135,136,146,153,159 "12";
13 8 0 5,11,28,47,63,84,91,120,122,138,149 "13";
14 0 1 1,14,29,43,52,72,90,112,125,127,141,147,150 "14";
15 91 1 1,7,9,18,20,24,31,33,37,44,53,60,62,64,67,70,73,82,83,88,94,96,98,100,102,105,108,111,112,118,124,125,129,132,138,144,146,147,149,160 "15";
16 7 0 18,22,43,45,71,79,93,105,120,122,134,139,146 "16";
17 122 1 31,33,53,54,60,110 "17";
18 126 1 4,9,18,21,23,26,27,29,32,34,42,43,44,46,64,75,77,82,84,89,98,101,113,119,126,128,131,132,134,139,144,148,152,154,159,161 "18";
19 19 0 6,8,16,19,31,36,38,42,47,49,53,55,59,60,65,72,76,79,81,93,101,108,114,115,117,119,121,122,131,137,138,140,142,144,147,149,152,154,156 "19";
20 138 1 1,3,5,10,11,14,15,17,21,24,26,27,30,31,36,37,40,44,45,46,48,55,59,63,66,75,77,79,80,85,86,88,92,94,99,101,103,104,106,109,112,114,116,123,124,126,127,129,131,134,138,140,141,142,148,151,153,154,155,157,158,161 "20";
21 96 1 1,4,5,6,9,11,13,14,16,21,22,25,26,34,36,39,40,41,48,50,52,54,57,60,62,63,65,69,71,76,78,80,82,85,87,89,92,96,97,99,102,111,112,121,125,126,135,137,140,141,143,146,147,148,150,152,154,155,157,158,159,161 "21";
22 147 1 3,6,9,11,14,18,20,25,27,29,31,33,36,43,45,50,52,53,55,61,65,71,74,76,78,80,81,83,85,86,87,89,92,102,106,107,108,110,111,114,118,120,122,124,126,127,128,130,133,135,139,141,142,144,145,150,152,153,155,158,160 "22";
23 8 1 0,1,4,6,7,9,13,14,15,18,19,21,22,23,25,26,29,32,34,37,38,40,43,47,48,52,53,55,56,58,59,63,68,71,72,75,77,78,79,81,82,86,87,90,92,93,94,96,99,100,102,104,106,108,109,111,112,115,117,122,123,127,128,130,132,134,135,137,140,145,147,148,152,154,156,157,158 "23";
24 5 0 0,1,2,4,7,9,10,11,12,13,17,18,21,24,27,29,30,33,36,37,39,42,45,46,48,50,52,55,58,59,61,62,65,67,72,74,75,77,81,82,84,86,88,90,93,94,100,101,103,105,110,115,118,120,121,125,127,130,132,134,141,144,149,150,152,154,156,157,160 "24";
25 10 0 4,6,9,11,16,27,34,40,52,58,61,75,77,85,86,98,114,119,120,132,148,153,155,158 "25";
26 134 1 3,5,11,14,17,19,21,23,25,28,30,37,50,55,65,71,72,76,83,94,98,108,110,115,121,127,130,132,137,143,153,160 "26";
27 83 1 21,27,31,45,73,85,96,127,131,143,160 "27";
28 145 1 9,11,12,14,22,24,28,30,34,36,40,42,47,49,52,63,65,67,69,72,76,83,86,98,99,102,105,108,119,129,138,141,146,153,160 "28";
29 104 1 4,6,9,11,12,20,25,27,39,42,48,54,67,70,88,90,93,114,116,119,129,136,140,147,152,155 "29";
30 136 0 0,2,4,6,8,11,13,15,16,17,22,23,25,29,31,36,39,43,45,49,52,53,55,56,58,60,62,71,74,78,79,81,86,88,89,90,93,94,97,99,100,103,109,112,113,116,120,123,124,125,127,129,131,133,135,136,137,140,146,147,149,153,154,157,159,161 "30";
31 16 1 6,12,13,20,38,45,59,62,64,65,82,129,131,149 "31";
32 67 0 21,40,56,58,78,84,93,97,99,104,108,112,135,149,156,159,161 "32";
33 15 1 0,2,4,7,8,19,22,26,28,30,32,34,36,38,40,42,44,46,51,54,57,59,60,62,64,66,68,69,71,73,78,82,84,90,91,93,95,97,101,104,106,108,110,112,113,114,116,119,121,122,126,128,129,133,136,140,144,145,147,150,151,156,158,161 "33";
34 14 1 18,20,38,51,62,95,106,114,116,127,131,150,158 "34";
35 144 1 12,37,47,67 "35";
36 55 1 2,6,8,11,12,13,15,17,19,22,26,36,37,40,41,42,44,45,47,48,50,51,53,56,60,62,63,65,66,67,70,74,76,78,80,82,85,88,89,90,93,98,100,101,103,105,107,109,110,111,113,114,117,123,125,127,132,133,135,136,141,144,147,150,152,154,155,157,158,160,161 "36";
37 136 1 1,10,12,16,18,19,23,28,34,38,49,72,75,77,82,85,91,94,96,98,104,106,112,113,124,128,131,133,136,150,155,158 "37";
38 107 1 3,7,8,10,15,16,18,19,29,33,37,40,41,43,44,45,47,50,54,57,58,61,63,65,66,68,72,78,82,84,87,90,91,92,93,94,95,102,108,112,113,114,116,124,125,127,130,131,137,138,142,146,150,151,153,155,156,160 "38";
39 37 1 1,8,10,40,51,54,62,100,123,128,134,135 "39";
40 111 0 2,3,5,7,9,10,12,14,15,18,19,20,25,26,28,29,31,35,36,37,40,42,54,56,58,61,62,64,67,68,69,71,72,74,75,76,77,78,80,82,83,85,86,87,88,90,91,92,96,98,99,100,101,104,108,109,112,116,121,123,125,127,128,130,131,133,134,140,144,146,147,149,150,151,153,154,156,157,159,161 "40";
41 78 0 0,2,4,5,14,21,23,26,31,32,34,39,43,47,50,57,61,63,75,76,80,85,87,92,96,97,102,113,115,125,126,130,136,141,142,144,155,157,161 "41";
42 123 0 7,8,56,67,68,98,101,119,122,136,139,146,158 "42";
43 117 1 0,1,5,7,8,11,14,16,19,20,24,29,31,33,34,36,38,39,41,42,43,46,47,49,51,52,54,55,57,59,61,63,65,69,71,74,75,76,77,78,80,81,86,87,89,90,91,94,95,99,104,105,106,108,110,112,113,115,116,118,119,122,124,126,127,129,131,132,135,136,139,141,143,146,148,149,151,152,156,157,161 "43";
44 35 0 7,8,12,15,18,21,23,27,29,30,37,39,44,45,52,56,58,61,67,69,70,72,75,78,80,81,85,86,91,94,98,100,103,104,106,107,109,113,119,120,121,128,134,138,139,142,145,147,155,158,161 "44";
45 51 1 5,6,8,10,14,19,21,23,32,38,49,56,69,73,74,76,84,90,99,111,115,118,128,130,138,139,146,152 "45";
46 124 0 16,18,76,77,88,110,113,127,157,159 "46";
47 7 1 2,5,6,10,11,13,15,16,19,21,23,24,26,29,31,34,37,38,41,42,43,45,46,48,49,50,52,54,56,57,59,62,63,67,69,71,72,73,76,78,81,82,83,85,87,89,91,93,94,97,98,101,102,104,107,110,112,113,115,116,118,121,122,124,129,133,135,136,139,141,142,147,148,149,151,152,154,155,157,159,160 "47";
48 19 0 0,1,2,3,8,9,10,17,18,20,22,23,27,31,33,34,35,37,44,48,49,51,52,55,57,59,64,68,70,71,74,78,79,82,85,90,94,96,98,102,106,108,113,119,126,128,130,131,132,136,137,138,140,142,146,152,155,158,161 "48";
49 153 0 4,5,7,8,10,13,16,20,21,22,24,26,28,29,31,33,34,35,37,39,42,44,49,52,53,56,63,66,68,70,71,73,77,80,82,86,88,91,94,95,99,101,104,106,109,112,118,121,122,123,125,126,131,133,134,136,139,146,147,149,152,154,159 "49";
50 2 1 4,6,7,9,11,14,18,20,25,33,37,43,44,52,61,66,68,71,72,82,90,92,110,113,115,116,118,122,125,126,136,145,149,152,156,161 "50";
51 72 0 1,5,6,12,14,17,18,20,23,26,29,30,31,34,38,40,43,44,50,53,56,57,60,64,66,67,71,73,76,80,82,87,89,91,92,96,98,101,102,103,105,106,108,112,118,123,126,129,132,136,140,143,144,147,155,157,158 "51";
52 37 0 0,5,6,12,14,16,18,21,26,29,32,37,40,41,45,50,51,52,54,55,57,61,63,65,67,69,72,73,76,81,83,87,88,90,94,102,105,108,109,119,121,127,135,138,140,143,146,148,149,152,154,160 "52";
53 147 1 0,17,33,34,37,49,56,60,62,93,112,143,155 "53";
54 66 0 11,32,85,113 "54";
55 25 1 0,1,3,7,19,22,28,31,33,51,53,54,58,65,67,72,73,75,76,79,87,89,92,95,96,98,102,104,108,110,114,115,124,125,142,145,150,156,161 "55";
56 90 0 31,37,56,58,64,67,74,79,93,132,135,154 "56";
57 151 0 9,12,72,74,75,95,105,113,115,118,128 "57";
58 22 1 2,3,4,6,9,10,11,12,14,15,19,21,22,23,25,26,29,30,32,33,36,37,39,43,46,48,51,52,54,61,64,65,67,72,76,77,78,80,82,85,86,88,89,93,95,97,99,101,104,105,107,112,113,117,120,121,122,123,125,128,129,130,132,133,135,136,137,142,145,147,149,152,154,155,156,158,161 "58";
59 91 1 0,1,4,5,10,11,14,15,16,20,22,23,26,32,34,35,37,42,45,47,50,56,57,62,64,66,67,69,70,72,73,77,82,84,86,89,92,93,95,96,98,99,101,104,106,110,111,113,115,119,121,123,125,127,128,130,132,133,135,137,138,141,144,146,148,151,154,155,156,158,161 "59";
60 64 0 1,2,5,7,12,14,16,17,19,21,22,24,27,28,29,31,33,37,41,42,45,47,50,51,53,55,57,58,61,62,63,66,68,69,70,75,76,77,81,82,84,87,89,90,92,93,95,97,100,103,105,107,108,110,112,116,121,123,124,127,130,133,138,140,148,154,156,157,160 "60";
61 161 1 0,6,8,9,15,21,24,25,26,35,40,43,44,46,48,51,57,60,61,69,71,77,79,81,84,86,93,95,96,101,105,107,108,109,120,123,125,127,129,133,134,138,141,143,146,150,151,154 "61";
62 133 0 7,9,11,20,21,22,24,36,38,44,48,49,55,58,62,66,68,79,87,91,101,104,105,107,113,125,127,129,134,135,143,145,146,150,157,161 "62";
63 90 0 0,2,4,7,11,13,15,17,18,19,21,24,26,27,29,31,32,34,37,38,40,45,48,49,51,53,54,56,58,59,62,64,65,66,67,68,70,72,74,77,79,80,82,84,85,86,90,91,93,94,95,97,98,100,102,105,107,109,110,113,114,116,118,120,124,125,127,130,133,136,141,143,144,146,149,151,152,154,155,157,159 "63";
64 78 1 0,3,4,8,12,14,23,26,28,30,33,37,39,43,47,54,57,61,62,71,75,81,85,86,92,98,101,102,103,105,107,112,114,126,129,134,141,145,151,153,156,158 "64";
65 7 1 5,22,27,29,48,51,79,91,104,106,139 "65";
66 89 0 7,10,12,15,29,37,41,45,50,53,54,60,64,68,69,71,73,75,77,81,83,87,90,92,98,99,104,107,111,113,114,119,129,130,132,154 "66";
67 81 0 3,8,12,15,21,22,25,28,30,37,44,46,50,54,63,68,73,75,77,86,91,93,96,97,99,102,104,105,109,111,113,115,121,127,130,134,135,137,141,147,149,151,156,158,160,161 "67";
68 158 0 2,5,8,10,16,18,19,23,24,26,29,37,39,42,47,51,63,68,73,75,78,82,84,89,90,96,99,103,104,111,112,114,118,121,124,127,130,132,138,139,143,145,148,153,155,157 "68";
69 54 1 2,3,10,14,16,18,22,27,34,47,51,55,57,58,65,74,77,79,91,95,96,103,119,142,148,160 "69";
70 125 0 0,1,5,6,8,9,12,14,17,22,23,24,27,30,31,32,34,43,44,45,47,49,50,51,53,55,57,60,62,67,70,74,76,77,81,82,84,85,87,91,92,94,95,97,100,102,104,106,108,109,111,112,115,117,121,123,125,128,131,135,138,140,142,144,148,151,152,153,156,159 "70";
71 55 0 1,3,6,8,9,12,14,15,18,21,22,26,27,28,32,35,36,39,41,42,44,46,48,49,50,53,55,57,61,62,64,65,66,68,70,72,73,75,76,77,80,81,83,87,89,91,93,94,95,96,98,100,104,106,107,108,111,114,116,118,120,126,128,130,132,134,136,137,141,144,145,146,148,150,153,156,158,159,161 "71";
72 95 1 0,2,4,5,8,9,12,14,16,18,19,20,22,23,25,26,29,30,32,37,38,41,45,48,49,51,54,55,57,60,62,65,68,73,74,76,78,79,86,87,88,91,92,95,97,101,102,104,106,109,111,112,115,117,119,121,125,129,130,134,136,142,145,148,151,155,157,161 "72";
73 76 0 0,2,6,10,14,15,18,22,23,26,27,29,30,34,35,36,37,39,43,48,55,56,57,60,62,64,65,67,70,72,76,82,86,87,90,92,96,98,101,102,103,105,106,107,109,111,115,118,119,121,124,125,129,130,133,135,136,139,140,142,144,147,148,150,156,158,159,161 "73";
74 129 1 1,13,21,26,32,33,35,40,43,48,50,61,63,69,84,103,116,117,121,124,140,144,148 "74";
75 62 1 1,4,12,28,36,46,55,56,66,79,83,92,93,94,97,112,122,124,129,131,132,139,141,143,147,149,152,154,158 "75";
76 13 0 4,6,9,14,16,21,29,34,42,48,57,71,74,79,86,87,90,102,105,114,116,117,125,136,137,138,141,142,155 "76";
77 122 1 9,24,29,38,47,53,68,70,86,89,113,126,148,154,158,160 "77";
78 98 0 4,5,8,9,15,17,25,33,36,39,41,47,51,55,65,67,68,72,77,82,84,86,87,89,96,98,99,104,107,109,111,115,116,118,120,123,130,132,133,135,137,140,143,146,147,156,159 "78";
79 135 1 1,2,4,5,8,9,11,13,20,22,24,25,33,40,41,43,44,47,52,53,55,56,58,60,61,63,64,71,73,76,80,84,89,90,91,93,94,98,100,101,108,112,123,126,128,132,133,134,135,138,145,147,149,152,154,158,160 "79";
80 113 0 28,39,42,49,52,76,95,107,124,138,159 "80";
81 162 1 56,65,73,95 "81";
82 131 1 0,5,8,14,15,18,22,24,27,29,35,37,39,40,42,43,45,46,50,51,55,56,57,59,61,63,67,72,73,74,76,77,79,82,86,90,91,92,95,97,100,105,106,109,111,113,114,116,118,122,124,126,129,131,133,134,136,139,142,143,144,147,148,150,151,152,154,157,158,159,161 "82";
83 69 1 3,4,5,7,9,11,12,14,15,16,19,20,22,25,26,29,32,36,37,39,41,44,45,49,51,52,55,57,58,59,61,66,71,73,74,76,85,87,89,91,94,95,96,99,101,103,105,106,110,112,113,115,116,118,120,124,126,130,136,137,138,140,143,144,150,151,154,155,156,157,159,161 "83";
84 28 1 0,9,10,16,19,21,27,28,33,36,38,43,45,51,52,54,55,57,58,65,67,68,70,71,72,73,74,77,78,80,82,84,86,87,88,92,93,98,102,106,108,109,111,112,113,115,119,120,124,125,126,128,129,134,136,140,144,145,147,148,150,151,153,155,159,160,161 "84";
85 2 1 7,9,10,14,15,17,20,21,26,28,32,40,47,48,49,52,57,59,60,61,68,70,71,78,84,85,86,89,90,91,97,98,100,105,124,127,129,132,136,138,144,145,148,161 "85";
86 46 1 13,30,54,56,57,61,66,69,73,74,76,79,81,99,102,105,106,112,115,122,134,141,142,151,156,159 "86";
87 161 1 8,49,54,69,99,128 "87";
88 160 0 0,1,8,12,17,19,22,24,26,27,28,30,31,33,36,40,41,44,45,47,54,55,56,59,60,62,64,65,67,68,70,75,77,78,79,80,83,84,85,86,88,90,93,94,97,101,102,104,105,106,109,110,114,115,117,119,121,122,124,126,127,128,129,130,133,135,137,138,140,142,143,144,145,148,149,151,152,153,157,161 "88";
89 137 1 0,3,7,11,17,19,21,23,25,27,35,42,43,50,52,56,62,70,73,75,77,79,80,84,89,96,98,101,103,112,115,121,126,127,130,132,134,142,146,148,151,155,156,157,160 "89";
90 144 0 1,3,5,6,7,12,13,14,16,19,20,22,24,25,28,30,31,32,35,40,44,46,47,51,53,54,55,57,59,60,62,63,64,68,71,79,87,88,90,93,94,99,100,101,103,105,107,110,112,115,117,118,119,121,122,127,131,132,134,137,142,143,146,147,151,154,156,158 "90";
91 90 1 1,5,7,8,9,11,12,13,16,19,22,23,25,26,27,29,32,34,35,36,38,41,44,48,49,53,57,58,59,61,62,64,67,70,77,78,79,81,82,85,86,87,89,91,93,94,96,97,104,106,107,110,113,115,119,120,122,124,126,127,128,131,133,136,137,139,141,146,147,149,151,153,154 "91";
92 104 0 2,5,7,13,21,26,31,32,33,35,37,42,43,46,49,51,53,55,57,60,61,62,66,69,71,72,73,78,79,81,83,84,88,90,92,93,96,101,102,105,108,110,111,114,115,118,119,121,126,130,131,135,140,146,148,149,150,153,155,156,157,160,161 "92";
93 43 0 16,22,28,32,43,61,70,71,79,83,87,97,101,112,125,136,146,151,153 "93";
94 63 0 0,9,16,20,22,27,42,43,44,45,54,55,57,60,71,82,84,85,91,94,98,103,110,112,115,123,128,136,148,151,152,154,156 "94";
95 1 0 0,2,5,10,20,37,41,45,49,58,63,69,73,77,80,82,83,87,95,98,104,107,121,125,140,143,151,157 "95";
96 105 0 55,81,84,158 "96";
97 152 1 1,3,6,10,12,14,19,22,25,27,28,30,35,37,39,42,46,48,50,52,56,58,59,60,66,69,71,73,74,76,80,81,85,86,89,93,96,100,101,105,107,108,118,122,125,127,130,135,138,141,144,145,152,156,158 "97";
98 29 0 2,5,11,19,24,29,37,43,45,59,62,67,72,78,91,98,100,102,111,115,123,135,137 "98";
99 146 0 0,2,6,8,10,12,15,16,18,20,23,27,29,30,32,33,35,36,38,39,43,51,54,58,60,61,66,67,71,73,74,75,78,81,82,83,85,87,88,90,92,94,97,99,101,103,107,110,113,118,119,121,122,125,126,129,131,132,134,136,137,138,142,143,147,148,151,152,155,157,159,161 "99";
100 65 1 0,1,6,8,10,14,16,20,22,23,24,26,27,30,34,35,36,40,41,43,46,49,53,55,59,61,62,64,66,68,70,72,74,76,79,81,83,87,88,91,93,95,97,101,105,107,109,110,113,116,118,119,121,122,124,125,126,133,138,140,142,143,144,146,148,149,151,154,156,158 "100";
101 114 1 13,15,16,21,26,52,55,64,66,74,82,93,95,102,107,114,116,125,126,130,131,134,135,141,144,145,149,156,158,161 "101";
102 49 0 2,8,10,12,13,14,17,22,24,26,28,29,30,33,35,39,46,48,52,53,54,57,68,69,70,72,77,81,84,86,89,91,95,96,102,106,108,110,116,122,128,131,135,137,141,142,145,147,152,155,159,161 "102";
103 118 1 0,8,21,25,28,30,38,51,55,59,62,64,68,70,74,75,76,78,80,81,88,93,101,105,109,110,112,115,119,121,123,125,127,130,131,133,134,136,137,139,141,154,157 "103";
104 121 0 0,14,43,44,56,62,119,127,145,152,158 "104";
105 123 0 3,7,16,18,25,27,29,33,38,43,49,52,54,59,60,62,63,72,74,79,83,94,96,110,116,120,122,130,132,140,142,143,148,149,160,161 "105";
106 92 0 3,4,12,14,15,17,19,21,23,28,31,32,35,37,41,45,47,49,50,51,55,58,60,61,67,69,70,71,73,74,78,79,81,82,84,86,88,90,91,93,94,96,98,99,100,102,106,108,110,115,117,120,121,124,126,128,129,132,133,137,139,140,147,148,149,153,154,155,157,159 "106";
107 35 1 1,5,8,9,10,11,15,18,19,21,25,30,31,33,36,38,40,49,51,53,59,62,64,66,68,70,72,74,75,77,82,84,85,90,96,100,104,105,107,111,113,114,117,119,123,127,129,130,131,133,134,136,138,140,144,145,147,149,153,161 "107";
108 147 0 0,8,13,25,34,35,40,42,47,48,50,54,55,58,61,62,64,65,66,68,72,73,75,77,79,81,82,84,90,91,93,95,97,98,101,102,104,106,108,109,113,116,117,118,119,121,125,126,128,130,132,136,137,140,143,147,149,152,156 "108";
109 70 1 1,2,4,10,13,15,17,18,20,30,32,36,37,39,48,52,57,62,65,69,70,73,75,84,91,96,99,102,104,106,117,132,133,136,146,153,155,160,161 "109";
110 10 0 4,11,14,16,19,31,33,44,46,49,53,56,59,65,74,77,103,106,108,110,114,118,125,137,146 "110";
111 162 0 1,3,6,9,12,13,20,22,23,25,27,29,30,31,34,36,37,39,40,43,44,46,48,51,52,53,56,58,60,61,64,72,74,76,78,80,81,83,85,86,87,88,93,95,98,99,100,102,103,105,106,110,111,113,114,116,117,119,121,127,130,131,132,136,137,138,142,143,146,147,149,150,154,155,157,158,160,161 "111";
112 65 1 28,31,34,40,42,53,70,74,79,92,95,104,106,113,116,121,123,127,129 "112";
113 133 0 0,1,7,8,10,13,14,15,16,19,20,22,24,26,29,31,32,33,35,36,45,46,50,52,54,56,59,60,62,64,66,67,69,74,75,77,83,85,87,89,91,94,95,97,100,101,102,104,106,109,110,111,115,119,120,122,124,126,128,132,133,136,139,141,142,145,146,148,149,151,152,154,158,160 "113";
114 34 1 0,7,16,24,27,28,31,35,41,43,47,49,54,55,64,78,90,101,106,110,115,123,126,128,130,134,137,139,150,157 "114";
115 50 0 6,34,37,41,42,44,49,74,82,88,90,104,113,120,130,148,156 "115";
116 102 0 0,1,2,27,29,68,71,94,98,101,107,114,116,125,138,141,150 "116";
117 122 1 8,12,22,34,39,54,55,61,63,68,70,72,75,80,86,87,92,111,115,118,119,131,133,141,144,149,154 "117";
118 20 1 1,2,3,8,10,12,14,16,19,22,23,27,28,34,37,40,42,44,45,48,50,52,56,58,62,64,65,66,67,72,74,75,77,79,80,83,85,89,90,91,94,95,99,101,102,103,107,110,114,118,119,121,123,126,128,137,139,141,143,146,147,149,151,153,155,156,159 "118";
119 47 1 1,6,9,10,17,19,20,22,32,38,40,52,56,76,94,96,106,107,109,111,133,136,145,148,149,150,154 "119";
120 106 0 13,22,23,26,42,44,49,75,79,83,85,101,115,120,129,135,140,159 "120";
121 38 1 8,12,26,29,34,38,42,45,48,49,56,60,65,73,75,85,86,91,93,96,102,114,122,124,133,147,158 "121";
122 44 1 0,5,7,8,10,16,18,19,21,22,25,29,34,39,40,43,47,48,54,57,63,64,66,69,75,80,82,90,96,97,100,102,104,108,111,119,125,128,129,130,132,138,142,145,146,148,152,153,154,157,160 "122";
123 103 1 1,19,20,25,27,29,35,45,49,52,55,61,63,66,68,71,73,82,87,90,91,102,103,105,110,117,118,120,124,128,135,139,151,155,158,160 "123";
124 91 1 5,18,19,27,30,32,34,35,40,42,47,54,55,56,59,63,65,66,67,69,71,77,87,89,90,93,95,98,101,105,109,112,114,116,119,122,125,127,128,133,135,136,138,143,146,148,150,152,155,158,161 "124";
125 28 0 1,3,12,14,19,20,26,27,31,32,34,46,48,54,58,63,68,73,76,79,84,89,92,93,98,101,102,104,110,114,115,117,120,123,124,128,133,140,141,144,147,148,150,153,159 "125";
126 155 1 42,59,63,65,69,71,79,85,102,105,108,141,147,158,161 "126";
127 0 1 0,3,4,5,19,20,21,22,31,34,36,48,52,57,60,67,70,71,73,81,86,93,101,104,114,124,126,127,131,135,142,145,148,149,154,159 "127";
128 32 1 0,2,4,14,20,28,32,38,40,43,50,52,54,59,62,64,68,69,70,74,81,83,95,100,104,106,114,118,120,121,133,135,143,147,149,151,153,156,160,161 "128";
129 60 0 0,2,4,5,7,9,10,12,17,18,21,22,24,25,27,29,32,33,35,37,38,39,42,43,45,47,51,55,59,61,62,64,66,68,70,71,74,77,78,80,83,85,86,88,91,94,96,97,100,102,107,109,113,115,117,119,122,124,126,129,130,132,134,135,136,137,138,139,140,142,144,146,147,152,154,156,158,160,161 "129";
130 90 1 2,3,4,6,8,9,11,13,20,23,26,27,29,31,34,37,39,40,43,45,50,55,57,59,64,66,68,71,74,75,77,81,82,84,86,89,91,94,96,98,101,104,109,111,113,117,122,123,130,131,134,138,144,145,147,148,154,161 "130";
131 99 1 1,3,4,8,10,11,14,16,18,20,21,24,25,28,29,30,33,35,36,38,39,41,46,47,48,51,55,56,58,60,61,63,64,66,67,69,72,73,75,76,78,79,82,83,86,87,89,92,96,98,100,101,105,106,108,111,113,116,119,121,122,126,127,128,133,135,136,138,140,141,143,147,149,150,153,154,155,157,158,160 "131";
132 27 1 6,43,45,63,66,90,92,97,103,125,130,132,134,135,153,155 "132";
133 64 0 5,21,25,29,33,36,42,44,48,50,53,55,64,74,86,88,91,94,104,111,116,120,123,126,129,132,134,139,145,152,153,154,157 "133";
134 109 1 0,3,7,11,18,20,35,43,47,50,52,56,61,66,79,84,86,88,92,94,101,103,105,107,112,116,117,119,123,125,127,132,134,135,136,138,142,143,148,158 "134";
135 115 1 1,4,7,20,21,30,32,36,38,44,48,49,53,57,61,65,67,71,77,78,86,92,93,95,102,110,112,114,118,120,129,143,147,149,151,152,154,158 "135";
136 89 0 2,16,19,25,31,38,39,54,55,62,65,69,71,76,83,84,95,96,104,107,111,129,134,137,144,150,153,157 "136";
137 113 1 1,5,7,11,14,17,18,22,30,31,33,34,39,45,47,48,56,59,60,63,64,66,69,71,72,75,77,81,82,87,91,93,95,97,99,101,107,108,109,111,117,121,123,127,129,131,132,135,136,138,140,143,144,154,157,161 "137";
138 140 0 3,5,12,14,16,20,26,33,38,42,44,50,51,55,70,73,75,82,86,88,93,121,130,132,134,138,141,152,154,159 "138";
139 57 0 1,2,4,6,7,10,12,17,20,25,27,30,33,35,40,41,45,48,49,51,53,56,58,59,60,62,64,65,67,68,72,74,76,81,83,85,88,89,92,94,97,98,102,103,105,108,110,111,112,115,118,121,122,124,131,132,136,141,145,147,150,153,155,157,161 "139";
140 46 1 1,4,6,15,24,26,34,39,41,44,46,47,48,53,68,72,87,88,91,94,98,104,106,112,117,118,120,124,131,136,137,138,142,146,149,152,155,159 "140";
141 116 0 3,4,5,8,9,12,16,17,21,26,29,34,36,37,39,43,44,48,49,50,52,53,55,58,59,62,64,66,67,70,71,73,78,82,85,88,89,93,95,97,99,103,108,109,112,115,117,121,123,124,125,128,130,132,135,136,137,142,145,148,151,153,154,158,161 "141";
142 5 0 20,38,42,51,83,93,102,103 "142";
143 36 0 1,8,11,13,14,15,18,19,20,21,22,26,27,29,30,32,36,38,40,43,45,48,51,52,55,56,58,59,61,63,65,67,69,71,72,75,78,81,86,87,90,93,94,96,98,99,101,105,106,112,115,117,118,119,121,123,124,125,127,129,131,134,137,140,141,142,146,147,149,152,154,156,158,159,161 "143";
144 146 0 11,15,27,30,36,38,55,60,67,81,84,97,101,106,123,136,138,141,145 "144";
145 98 0 4,5,9,10,19,24,42,45,47,50,52,55,75,90,94,101,104,111,133,141,142,143,149,154 "145";
146 43 0 0,2,3,4,9,10,13,15,18,19,22,23,27,29,32,33,34,35,36,39,40,41,44,47,49,51,53,54,57,59,61,63,65,67,69,70,73,76,78,81,82,89,90,91,97,99,100,102,104,105,106,109,111,112,117,119,122,124,125,127,130,131,134,136,138,141,143,146,148,149,151,152,154,157,158,160,161 "146";
147 77 0 5,6,11,13,15,19,22,23,25,29,32,34,38,42,43,44,46,48,49,50,51,56,58,60,66,67,71,72,74,76,78,87,89,90,95,97,99,101,102,104,107,109,111,112,116,123,127,128,129,132,133,137,138,141,143,145,149,151,155,156,158,161 "147";
148 131 0 1,7,14,17,33,54,57,60,63,74,76,86,87,100,106,116,118,123,129,132,133,137,145,151,153 "148";
149 147 0 1,16,20,36,38,41,46,56,61,74,89,93,96,97,103,109,117,119,124,128,156,158 "149";
150 61 0 6,9,11,23,31,118,128,131 "150";
151 81 1 14,61,68,87,99,112,131,146,147 "151";
152 118 0 6,23,26,35,44,54,64,68,70,87,89,94,100,107,114,128,129,139,142,145,151,153 "152";
153 70 1 24,30,36,39,61,64,68,77,85,87,108,121,129,138,145,149 "153";
154 85 0 2,16,17,49,54,112,113,131,148 "154";
155 36 1 0,2,4,5,8,10,13,16,21,25,27,33,42,44,50,54,56,58,62,69,71,73,74,76,77,80,83,84,86,87,90,96,98,99,101,102,104,106,108,110,114,115,117,119,121,131,132,137,139,142,143,145,149,156 "155";
156 133 0 8,18,28,38,51,55,63,67,73,88,102,105,107,113,115,118,120,122,133,135,138,140,145,150,159 "156";
157 110 0 0,2,4,6,8,13,16,18,20,21,23,25,26,28,29,32,34,36,42,44,45,47,48,50,52,54,56,58,59,60,61,64,68,70,72,76,77,79,81,83,86,88,90,91,94,95,96,97,99,100,101,103,105,107,109,110,112,114,115,118,120,123,124,129,133,134,137,142,143,147,151,152,153,155,157,158,161 "157";
158 79 0 0,1,7,8,9,11,13,17,19,25,26,33,34,39,40,43,46,47,51,52,53,55,58,60,65,67,69,73,79,82,86,88,91,94,96,98,99,103,105,107,108,110,112,114,115,116,117,119,120,122,125,126,129,132,133,135,137,138,140,143,145,147,148,155 "158";
159 152 1 1,3,5,8,10,12,14,16,17,19,20,21,23,26,27,29,32,36,37,39,45,46,48,49,50,52,53,55,57,60,61,65,67,69,71,73,75,77,79,81,83,88,90,92,95,97,98,100,104,105,110,112,113,114,115,117,118,120,122,123,125,126,129,133,135,137,139,142,147,149,151,155,157,158 "159";
160 2 1 0,5,8,10,12,14,16,18,22,23,24,28,30,32,33,34,36,38,39,41,45,46,49,51,52,55,57,58,60,62,63,65,66,70,72,73,76,77,78,82,84,85,88,96,97,100,103,110,111,114,119,120,121,125,127,129,130,138,144,151,154,155,157,161 "160";
161 18 1 3,5,8,13,23,27,28,38,40,41,50,52,59,64,65,68,74,78,81,84,86,90,93,95,98,99,100,102,105,107,109,111,115,117,119,121,125,129,133,137,139,141,142,144,145,147,150,151,153,157,159 "161";
