parity 46;
0 22 0 5,6,9,11,13,15,16,18,19,24,32,34,36 "0";
1 33 0 5,39 "1";
2 5 1 1,3,4,6,7,8,10,12,14,15,18,21,25,26,28,35,36,38,39,40,42,43,45 "2";
3 39 0 0,3,5,19,21,24,27,32,36,37,41,43,46 "3";
4 34 0 5,19,28,32,34,35,37,41 "4";
5 7 0 4,12,13,24,35,37 "5";
6 7 1 0,1,3,4,8,9,11,13,14,16,17,25,29,32,33,35,36,39,41,43,45 "6";
7 15 1 0,2,6,13,16,20,22,23,28,30,34,37,40,45 "7";
8 7 0 2,5,13,17,23,30,37,40,41,44,46 "8";
9 16 0 6,8,10,12,13,16,20,23,24,30,33,35,39,42,43,46 "9";
10 20 1 0,11,15,18,21,25,28,30,32 "10";
11 4 1 5,7,9,10,13,14,17,21,22,25,30,37,41,42,46 "11";
12 1 1 0,1,2,5,7,10,15,16,20,21,22,25,29,34,35,37,42,45 "12";
13 25 1 6,7,9 "13";
14 35 1 0,2,3,5,7,9,10,11,13,15,16,19,21,22,23,25,26,28,29,31,40,41,43,46 "14";
15 11 1 0,2,8,9,12,16,19,20,34,40,42,44,46 "15";
16 3 0 5,18,21,26,40 "16";
17 35 0 1,2,3,7,10,12,18,19,21,24,26,28,30,34,35,37,39,42,45 "17";
18 16 0 2,4,6,9,10,21,25,32,35,38,39,45 "18";
19 31 1 1,4,7,9,10,12,16,24,26,27,31,34,36,40,42 "19";
20 27 1 5,8,15,19,24,26,28,31,32,34,36,38,41 "20";
21 13 1 1,3,7,8,9,11,18,23,26,45 "21";
22 4 0 4,13,15,17,21,23,40,43 "22";
23 42 1 1,3,6,8,11,13,15,16,19,20,21,22,24,28,29,30,31,33,35,39,41,43,46 "23";
24 5 1 0,5,6,8,9,11,13,15,19,21,25,29,30,32,37,39,41,45 "24";
25 46 0 0,2,6,9,11,12,14,15,17,20,21,23,24,36,40,41,44,45 "25";
26 13 0 2,6,12,16,18,23,33,44,45 "26";
27 46 0 0,1,2,4,6,9,10,14,17,20,22,23,26,28,30,32,38,40,41,42,43,44 "27";
28 39 0 0,4,7,9,10,13,14,16,20,23,31,35,40,44 "28";
29 16 1 5,6,23,29,33,38 "29";
30 11 0 0,3,9,13,17,21,25,27,28,30,33,36,37,40,43,44 "30";
31 29 1 0,1,5,6,14,18,20,24,27,36,38,43,45 "31";
32 39 0 0,1,3,4,7,8,9,11,13,16,19,20,22,23,24,25,27,33,37,38,43,44,45,46 "32";
33 45 0 1,5,10,15,18,19,21,24,29,35,37,38,40,42,44,45 "33";
34 41 0 0,1,3,4,7,9,10,13,14,16,18,19,20,21,25,26,27,29,30,33,35,40,43,45 "34";
35 26 0 0,3,7,8,10,24,31,40,42,45 "35";
36 20 0 14,25,33 "36";
37 30 1 1,3,4,6,10,15,19,20,22,26,27,30,32,36,45,46 "37";
38 28 1 3,6,7,13,15,21,23,28,29,31,32,34,36,42,45 "38";
39 27 1 1,4,7,9,10,12,13,17,19,22,24,25,27,28,30,32,33,36,39,41,42,44,46 "39";
40 1 1 2,7,16,21,26,42 "40";
41 26 0 0,2,5,8,9,11,13,14,15,16,18,21,25,28,30,32,34,41,42,44,46 "41";
42 2 0 2,4,5,10,12,14,15,17,19,20,22,25,26,27,29,31,33,35,37,41,44,45 "42";
43 31 1 3,5,7,9,10,13,14,16,19,20,22,27,29,33,36,40,45 "43";
44 44 0 1,3,7,8,11,12,15,16,18,20,23,25,27,29,30,32,33,36,42,46 "44";
45 32 0 0,2,5,7,9,10,18,19,20,24,26,27,30,32,34,38,39,41,42,45 "45";
46 5 0 9,22,26 "46";
