parity 115;
0 115 0 0,2,5,10,12,15,17,19,20,21,24,25,28,29,31,33,36,37,38,40,43,46,48,53,54,56,60,61,63,64,66,68,69,70,71,73,75,77,79,81,85,87,89,90,92,96,98,103,105,107,111,114,115 "0";
1 100 1 10,67,71,74,90,101,104 "1";
2 29 0 0,12,13,26,28,30,35,39,40,48,59,60,70,73,75,78,80,81,82,86,103,108,115 "2";
3 80 0 5,10,12,15,17,18,23,30,31,38,40,48,53,64,71,73,77,83,87,89,96,99,115 "3";
4 14 0 0,3,4,8,12,13,15,16,17,18,20,21,23,25,27,29,31,33,34,36,39,40,44,45,49,51,52,54,56,58,60,62,63,66,68,69,74,75,76,77,79,80,82,84,87,90,91,92,94,96,98,99,103,105,107,109,112,115 "4";
5 98 0 4,5,12,17,19,26,29,30,35,38,45,49,51,54,61,64,65,67,68,70,73,77,85,92,93,97,99,102,108,109,113 "5";
6 77 1 2,6,25,38,50,54,63,74,79,97,101 "6";
7 42 1 2,7,9,11,13,16,17,18,20,21,23,24,26,29,31,32,34,38,39,42,43,45,47,49,51,54,57,60,62,64,65,67,68,69,71,73,76,78,79,81,84,87,88,89,91,92,95,98,99,101,103,104,106,108,110,111,115 "7";
8 31 1 4,6,9,11,13,15,17,19,21,23,24,26,29,30,33,36,41,42,46,48,50,51,54,55,57,60,62,65,66,68,70,72,75,76,78,80,85,86,91,95,96,97,100,102,105,106,107,110,114 "8";
9 66 1 7,9,14,31,32,33,44,50,51,67,87 "9";
10 102 0 0,2,4,5,12,16,19,20,22,23,24,25,29,31,33,36,39,43,45,46,48,55,56,58,61,62,63,66,69,71,75,76,77,81,85,88,91,92,94,98,101,102,103,105,109,112,113,115 "10";
11 67 0 0,4,8,11,14,20,23,30,31,34,36,39,42,48,54,60,63,65,67,69,70,73,88,91,92,93,94,98,101,103,112 "11";
12 110 1 4,9,15,25,28,34,40,43,56,72,78,111 "12";
13 63 1 0,1,3,5,6,7,8,10,17,19,22,25,27,29,31,32,36,39,41,46,50,53,59,61,66,67,69,70,71,76,77,78,79,82,83,85,88,90,93,96,98,100,101,104,107,108,111,112,113 "13";
14 60 0 1,5,7,9,10,13,15,19,21,23,25,31,34,36,37,42,43,46,47,49,50,53,54,55,61,64,70,71,74,77,82,84,86,91,92,95,98,99,101,102,104,106,108,109,112 "14";
15 112 0 0,5,7,8,9,11,15,18,19,21,24,27,31,35,39,40,43,44,45,49,54,56,59,61,68,70,72,73,76,79,80,82,83,84,88,90,91,95,98,99,102,103,105,107,108,111,113 "15";
16 11 0 2,7,9,10,11,13,15,24,27,32,35,38,41,46,48,50,51,52,58,59,63,65,66,68,69,70,74,82,83,86,88,91,92,93,96,97,98,100,103,106,111,112,115 "16";
17 31 1 4,8,14,15,21,24,26,30,34,39,42,44,48,49,53,55,60,61,65,68,69,73,78,79,89,91,93,95,97,100,108,113 "17";
18 112 1 8,11,13,20,31,42,46,59,69,89,95,98,100,104,107,112,114,115 "18";
19 84 1 0,3,5,9,10,14,17,19,22,25,30,32,34,37,38,40,46,48,51,53,54,56,57,61,64,68,70,71,76,78,83,87,92,94,96,102,103,106,107,110,112,114,115 "19";
20 103 1 0,6,7,9,13,19,20,22,24,26,28,30,32,34,39,41,43,45,49,51,52,54,57,60,62,71,72,73,75,77,79,80,87,89,91,95,96,99,103,108,111,115 "20";
21 93 1 1,39,49,57,59,65 "21";
22 109 1 4,6,8,11,14,15,17,20,25,28,30,33,38,39,40,45,46,51,53,56,57,59,61,64,65,66,69,72,75,76,82,90,91,97,99,101,105,107,108,110,113,114 "22";
23 32 1 0,4,5,6,9,11,12,15,16,20,21,23,26,29,31,34,36,38,42,44,47,51,57,58,61,63,64,66,67,68,69,73,75,76,77,79,83,85,87,89,90,92,93,94,95,97,101,102,103,104,107,110,113,114 "23";
24 103 0 3,5,7,9,11,13,15,16,19,21,22,25,30,31,32,34,35,36,38,39,41,45,50,53,56,60,63,65,71,72,76,77,80,83,85,86,91,92,94,98,102,104,106,109,111,115 "24";
25 4 1 6,11,25,31,32,46,49,52,53,58,63,68,69,78,88,91,97,107,112 "25";
26 32 1 0,2,4,5,9,11,13,17,21,22,23,25,27,31,33,34,37,39,42,44,46,49,53,54,58,59,60,65,68,72,73,74,79,80,82,86,87,89,91,92,93,96,97,100,107,108,110 "26";
27 1 1 1,3,7,8,11,15,16,18,19,20,22,25,26,27,29,35,37,39,44,45,47,49,50,52,53,55,59,60,62,65,69,71,73,74,75,77,81,83,85,86,88,90,93,94,95,97,99,101,102,109,111,114 "27";
28 51 1 28,36,49,57,60,71,91,107 "28";
29 25 1 1,4,8,12,26,29,30,37,38,44,45,50,52,54,56,58,59,62,64,67,68,70,78,80,83,85,89,90,93,102,107,112,115 "29";
30 78 1 0,3,4,9,13,23,27,28,36,38,44,45,51,53,55,58,71,74,78,84,86,89,91,98,99,101,105,107,113 "30";
31 110 1 3,26,45,48,56,60,66,76,79,84,90,100,108,113,115 "31";
32 48 0 1,6,8,9,11,14,15,17,22,24,26,34,36,39,45,48,53,60,65,69,72,75,87,88,92,94,102,105,112 "32";
33 33 0 1,13,15,16,30,32,40,44,55,60,74,77,85,87,90,110 "33";
34 9 1 1,2,3,5,12,15,18,21,23,26,30,33,35,37,40,42,43,48,51,55,56,59,60,67,68,73,74,76,78,81,84,85,89,91,93,95,97,98,105,106,108,109,111,115 "34";
35 109 1 1,2,4,6,8,14,24,27,31,37,43,46,48,50,56,69,74,78,83,101,104,105,108,110,112,113,114 "35";
36 40 1 0,1,5,7,9,12,14,15,16,18,20,23,25,27,28,32,33,35,38,39,41,43,49,52,54,60,61,69,70,72,74,77,81,83,86,88,91,95,101,104,106,108,110,111,112,113 "36";
37 20 1 0,2,3,5,6,8,10,13,15,16,17,20,27,28,30,31,34,36,38,39,42,45,47,51,52,55,58,59,60,62,65,72,74,77,78,80,81,84,86,87,89,90,95,97,98,102,104,110,112,113,115 "37";
38 38 0 4,6,12,22,28,34,35,48,53,56,63,71,80,86,87,104 "38";
39 110 1 0,1,3,4,5,7,9,10,12,13,14,16,17,19,21,25,26,28,29,30,32,35,37,39,40,43,46,48,50,52,55,57,59,65,67,68,69,73,74,77,81,82,84,87,93,94,95,97,98,100,103,105,107,109,111,114,115 "39";
40 91 0 0,2,4,9,11,12,14,15,17,18,21,24,26,27,29,35,38,42,43,45,47,48,52,54,55,57,59,63,65,71,73,74,76,78,80,82,87,89,97,101,103,105,107,108,109,112,115 "40";
41 26 0 1,3,4,7,10,13,14,18,19,20,22,24,26,28,30,35,36,37,39,40,41,44,47,52,54,55,56,58,60,64,66,69,71,74,75,77,82,85,88,89,96,97,99,100,106,108,115 "41";
42 72 0 1,2,4,12,21,27,30,32,39,50,56,62,69,74,95 "42";
43 101 0 1,2,4,6,10,11,12,17,22,25,28,29,40,42,44,48,49,50,52,58,59,60,62,64,65,67,69,72,74,75,79,80,87,89,92,99,104,105,112,113 "43";
44 101 0 1,4,6,7,11,12,13,14,18,22,28,29,35,37,39,42,47,48,52,54,57,59,60,62,65,66,68,73,75,77,79,84,85,91,93,94,99,100,107,109,112,114 "44";
45 115 0 11,29,42,47,49,53,57,59,60,78,86,108,110,115 "45";
46 61 0 1,6,9,13,17,19,20,24,29,35,39,41,43,46,49,51,53,55,57,62,65,69,72,79,81,85,87,93,96,97,99,101,106,112 "46";
47 94 0 1,3,6,7,13,15,18,23,25,26,28,30,32,38,41,44,45,49,57,61,65,67,68,82,84,88,90,92,94,95,97,101,103,105,107,110,112,115 "47";
48 107 1 2,7,9,12,13,15,19,21,23,24,25,27,28,30,34,37,38,40,41,44,45,47,48,50,57,59,60,61,64,67,71,72,74,76,78,79,82,84,85,87,88,89,93,95,98,100,102,103,104,106,111,113,115 "48";
49 6 0 1,4,5,9,11,14,15,18,19,20,22,25,26,30,38,42,44,45,47,49,50,53,54,58,60,64,67,72,73,75,78,82,85,86,89,91,93,96,99,100,107,111,112,113 "49";
50 8 0 0,1,3,19,24,32,41,44,49,69,72,75,83,86,88,92,96,101,109,111,113 "50";
51 40 0 10,14,19,20,23,27,36,38,41,50,63,79,85,108,112 "51";
52 102 1 3,9,10,11,29,32,41,47,61,74,85,100,106,108 "52";
53 105 1 0,3,5,9,13,15,20,21,25,26,32,33,36,38,42,44,45,49,51,57,58,67,68,70,76,82,84,85,86,89,91,94,95,103,107,109,110,113 "53";
54 29 1 2,10,17,28,32,44,50,57,63,67,80,86,89,96,107 "54";
55 31 0 0,1,3,7,12,18,23,25,26,28,30,34,37,41,43,45,48,55,57,61,66,67,68,69,73,74,78,79,82,86,88,92,97,98,101,106,109,113 "55";
56 13 0 0,3,4,6,8,10,12,14,15,16,18,21,22,25,27,30,32,34,36,39,40,42,44,45,46,52,54,55,57,61,65,67,68,70,73,74,75,79,80,84,86,87,89,92,93,94,97,98,99,100,102,104,106,107,110,112 "56";
57 105 0 9,19,27,49,57,64,89,112 "57";
58 13 1 0,5,8,11,12,18,22,27,28,30,34,38,40,41,42,52,53,56,68,71,74,75,77,82,83,85,86,88,89,91,93,95,101,103,105,112,114 "58";
59 70 0 2,6,11,42,53,56,60,74,76,77 "59";
60 0 0 1,3,7,13,20,22,24,25,28,29,33,41,45,49,51,53,55,59,60,63,64,73,74,76,82,84,86,88,92,96,98,103,105,107,109,112,114,115 "60";
61 26 0 3,4,7,14,17,22,24,28,32,38,39,40,43,51,62,63,65,77,79,85,91,95,97,100,103,105,109,112 "61";
62 91 1 19,24,56,75,90,92,96 "62";
63 100 1 10,28,46,65,78,82,104,110,113 "63";
64 80 1 6,11,14,21,28,29,36,37,56,57,59,70,72,77,80,84,85,87,103,110,113,115 "64";
65 83 0 72,105 "65";
66 68 1 0,5,7,8,10,11,13,15,16,17,20,22,27,29,30,31,32,34,39,40,43,45,47,50,53,55,57,58,60,63,65,66,68,70,71,75,76,80,85,88,91,93,95,96,98,99,101,102,107,109,110,112,115 "66";
67 81 1 6,36,42,50 "67";
68 1 0 5,19,24,28,30,48,50,51,53,55,61,73,75,92,101,106,112 "68";
69 107 0 1,8,12,19,23,34,38,42,45,49,55,74,82,103,107,110 "69";
70 34 0 4,8,11,19,23,25,27,29,31,32,37,39,42,43,47,49,53,55,58,59,62,63,66,69,73,75,76,77,79,80,81,85,87,88,90,91,94,95,96,99,101,103,108,110,113 "70";
71 17 1 2,6,8,13,15,20,40,42,43,44,45,56,58,60,64,69,71,72,77,81,82,86,87,92,96,108,112 "71";
72 98 0 0,1,3,4,5,6,8,10,12,13,15,16,18,21,26,28,30,31,33,34,37,39,42,44,46,50,52,54,55,58,65,71,73,74,78,80,83,84,87,90,92,96,98,102,103,106,110,112,114 "72";
73 73 0 9,25,37,50,73 "73";
74 48 1 1,2,5,9,11,13,14,15,16,19,20,21,22,24,28,35,37,39,40,41,42,44,47,48,50,51,53,54,59,63,65,66,70,71,74,77,78,85,86,87,89,91,92,93,95,96,98,102,104,105,107,108,111,113,114 "74";
75 11 0 31,69,99 "75";
76 87 0 9,22,26,28,30,80,103,107,113 "76";
77 49 1 0,2,3,5,6,7,9,10,12,13,15,16,18,19,20,21,23,25,28,36,38,40,42,43,45,46,49,50,52,57,58,60,61,63,68,70,73,75,78,80,81,84,86,88,91,92,93,95,97,99,102,103,105,106,108,110,113,115 "77";
78 33 0 3,6,7,9,12,13,14,16,18,24,27,28,30,32,36,37,39,40,41,43,45,46,48,50,52,53,55,57,59,62,64,65,68,71,72,73,74,75,81,82,84,85,88,89,92,93,94,97,102,104,105,106,108,110,112,113 "78";
79 38 0 3,5,12,16,18,23,25,27,29,30,31,33,35,38,40,41,46,48,50,52,54,57,60,62,63,64,66,68,69,71,72,74,75,78,80,82,84,86,90,91,92,94,98,99,101,105,107,111,112,114,115 "79";
80 94 1 0,14,40,44,50,54,59,81,86,97,114 "80";
81 98 0 0,8,21,22,49,54,55,56,58,67,69,73,75,79,83,88,90,93,97,99,101,109,112 "81";
82 52 1 3,5,7,9,12,13,19,29,32,37,46,50,52,55,63,65,69,71,73,78,84,87,89,90,94,96,97,102,108,110,113 "82";
83 30 1 1,2,4,7,10,11,14,16,18,20,22,29,30,33,35,37,41,44,45,49,51,54,56,57,59,62,63,64,66,67,69,70,74,76,77,85,86,89,90,93,94,97,102,106,107,109,111,114 "83";
84 100 0 2,7,8,10,12,14,16,19,22,23,27,29,31,34,45,50,53,59,61,68,69,70,73,75,76,77,79,81,83,85,90,91,93,97,104,106,108,110,114 "84";
85 82 0 3,8,20,53,65,67,72 "85";
86 7 0 0,2,3,5,7,11,12,13,16,17,20,22,24,27,30,32,36,40,41,43,45,46,49,50,53,56,57,59,60,62,66,68,71,74,76,78,80,81,82,84,85,89,91,93,98,103,104,105,106,113 "86";
87 67 0 11,20,42,78,81,95 "87";
88 29 1 0,2,4,6,7,9,12,14,16,19,20,22,23,24,26,28,30,34,36,40,42,44,46,47,49,52,54,56,60,62,66,68,69,72,75,77,78,82,83,86,87,89,92,95,98,102,104,106,110,113,114 "88";
89 10 0 0,7,12,17,20,23,25,29,33,35,36,42,47,49,55,64,65,68,71,76,77,79,82,86,87,90,91,96,105,107,111,112 "89";
90 30 1 0,1,4,7,9,13,14,16,18,19,21,24,26,27,29,31,34,36,37,41,45,46,47,49,50,52,54,56,58,60,61,62,64,65,68,70,72,74,79,81,84,90,92,95,98,103,105,108,109,110,113,114 "90";
91 60 0 2,3,7,9,10,13,17,19,22,26,28,30,33,34,35,36,38,42,44,49,50,53,55,57,60,62,69,70,73,79,83,88,90,92,95,101,104,105,109,113,114 "91";
92 24 1 0,2,3,4,6,8,9,13,14,16,19,21,23,26,31,33,34,40,42,50,52,53,56,57,59,62,63,64,65,67,70,72,74,75,77,81,82,84,85,88,89,91,94,95,97,100,102,104,109,114,115 "92";
93 3 0 4,9,14,16,23,29,31,35,37,39,41,44,47,48,52,53,55,62,65,73,77,78,80,81,83,88,89,93,94,99,102,103,105,111,115 "93";
94 6 0 5,6,8,11,14,27,34,35,36,38,40,42,45,48,51,52,54,56,58,59,69,73,75,84,85,88,92,94,96,97,100,105,109,113 "94";
95 76 1 2,4,6,8,9,11,13,14,17,23,24,25,27,33,38,40,43,45,48,50,53,56,58,59,60,63,64,68,70,72,74,77,79,85,86,88,89,91,94,97,100,103,106,108,111,114 "95";
96 53 0 2,4,7,8,11,16,20,23,25,26,32,35,37,38,43,53,57,59,60,62,63,67,68,70,73,75,76,78,79,82,86,89,91,93,94,97,99,100,102,109,110,112 "96";
97 46 0 0,2,5,7,9,10,15,19,21,24,26,27,29,32,34,39,41,43,49,50,51,52,53,55,57,59,61,62,64,65,70,72,75,76,79,84,85,86,88,90,94,96,98,99,100,101,104,105,107,109 "97";
98 78 1 0,2,4,5,12,14,16,17,19,20,24,26,28,29,31,34,35,36,39,42,49,55,57,59,60,61,66,68,70,73,74,77,80,81,85,89,90,91,93,95,97,102,103,104,106,108,111,113,114,115 "98";
99 76 0 0,4,5,10,12,19,21,24,31,33,36,37,40,41,45,46,51,52,56,59,60,62,63,66,71,73,75,77,79,80,82,84,86,87,89,91,92,96,98,103,105,107,109,110 "99";
100 116 0 0,5,8,9,13,14,16,19,22,24,29,30,31,34,36,40,41,44,46,47,48,50,51,54,56,58,60,64,66,75,76,78,81,83,85,87,95,96,100,104,105,106,108,111,112,115 "100";
101 99 1 28,40,76 "101";
102 107 1 0,3,6,8,9,12,13,15,16,18,21,22,25,27,29,32,35,37,41,43,46,47,50,53,54,56,57,59,65,66,69,72,75,77,79,83,84,88,89,91,94,96,97,101,104,113,114 "102";
103 96 1 2,3,5,6,9,12,15,18,22,23,26,27,29,31,34,35,39,43,45,52,53,59,60,67,69,71,72,78,80,83,84,87,90,93,97,99,103,106,111,112,113 "103";
104 102 0 53,113 "104";
105 26 0 0,12,20,28,30,35,49,51,55,67,76,91,101,103,105,107,111 "105";
106 10 0 0,6,7,8,9,11,14,16,19,20,23,28,29,32,34,35,37,39,41,42,47,48,50,52,53,58,61,63,64,66,67,70,72,75,79,81,88,90,93,96,98,100,103,105,106,107,111,114,115 "106";
107 20 0 4,5,9,11,12,16,17,19,21,26,27,29,31,35,37,40,41,42,46,47,54,57,59,61,65,66,67,69,73,79,81,82,87,88,95,98,102,107,109,113,115 "107";
108 91 0 28,71 "108";
109 78 0 39,47,60,65,75,77,78,82,89,93,98,108,111,113 "109";
110 7 0 1,5,8,10,13,14,16,17,19,21,22,24,28,30,35,37,41,42,43,45,50,52,53,54,56,57,66,67,70,71,74,75,77,81,83,88,91,97,99,108,110,112,115 "110";
111 9 0 3,5,19,23,31,40,42,44,47,53,62,64,76,83,93,97,99,104,110,112,114 "111";
112 62 1 2,4,12,15,17,19,20,22,26,33,34,36,40,44,46,48,50,55,58,60,63,65,72,77,79,80,81,83,85,87,94,98,102,106,111,112,113 "112";
113 7 1 3,7,11,13,15,16,24,25,27,28,30,32,45,47,50,55,59,62,64,66,69,71,72,74,76,81,84,85,86,87,90,93,96,100,105,107,109,111,115 "113";
114 4 0 2,3,6,14,22,35,44,49,59,65,67,69,77,83,87,88,92,97,100,102,104,108 "114";
115 12 1 0,8,23,24,46,51,54,55,58,68,98,115 "115";
