parity 132;
0 107 0 0,3,6,13,16,21,25,29,30,40,42,46,49,57,74,78,80,82,83,87,95,98,107,110,114,130 "0";
1 8 1 2,5,7,8,14,15,17,26,36,40,43,65,80,92,118,123,131 "1";
2 8 1 32,44,60,72,112,129,131 "2";
3 73 0 4,9,13,15,20,23,24,25,28,29,30,31,39,42,45,50,52,54,56,58,60,62,64,65,67,68,71,74,79,85,92,94,95,98,100,101,103,105,108,112,113,116,117,120,125,128,130 "3";
4 131 0 2,3,5,7,12,15,20,21,23,24,25,27,28,34,39,40,42,44,46,50,51,53,54,57,63,71,74,75,76,77,79,83,84,88,90,93,95,96,98,100,102,108,109,111,112,113,116,118,120,121,123,125,128,130 "4";
5 6 1 5,7,9,11,13,15,22,25,28,31,33,34,39,43,45,46,48,50,54,59,60,63,64,67,69,74,78,80,82,84,87,89,96,97,101,103,105,108,111,113,114,116,118,120,121,132 "5";
6 27 1 0,2,4,8,10,14,16,19,22,25,28,30,31,32,34,35,37,39,40,44,45,47,48,49,50,52,54,55,57,60,64,66,68,70,72,73,77,78,79,81,82,84,88,89,90,92,93,95,98,102,104,106,111,113,115,118,119,125,128,131,132 "6";
7 61 1 70,81,112,113,115,123 "7";
8 2 0 0,6,16,21,22,27,28,34,35,36,39,41,55,57,62,66,67,70,76,77,88,92,94,95,96,99,104,109,111,116,119,122,124,126,131 "8";
9 32 1 0,6,12,22,32,39,43,45,50,52,53,73,80,84,87,88,97,103,106,112,114,118,120,131,132 "9";
10 66 1 0,1,4,5,6,7,9,12,14,15,17,18,21,25,26,27,29,32,35,37,38,41,48,52,54,57,58,66,67,70,73,84,88,89,93,94,95,98,99,101,104,106,108,109,113,120,122,123,124,125,127,129,131 "10";
11 23 1 5,10,22,26,37,41,52,54,58,67,74,78,81,99,107,116,125,128 "11";
12 87 1 0,4,5,10,18,22,31,33,38,42,44,59,75,77,83,86,88,90,93,101,104,105,107,114,118,121,123,125,127 "12";
13 15 1 14,28,53,59,62,65,66,70,77,85,94,101,113,121,127 "13";
14 9 1 17,47,49,105,116,118 "14";
15 41 0 0,1,4,5,7,9,10,12,13,15,17,19,23,25,26,27,30,35,40,45,49,51,53,54,59,61,62,68,70,71,75,76,77,78,84,86,88,89,90,93,95,105,107,109,113,114,116,119,120,121,123,128,129,132 "15";
16 43 1 4,5,8,9,11,12,17,21,24,26,27,29,31,40,43,46,49,51,53,57,58,62,64,66,67,68,73,74,76,80,81,85,87,89,91,95,96,99,100,102,106,108,109,111,114,116,117,119,120,122,123,125,128,129,132 "16";
17 106 1 6,8,10,16,17,21,23,24,26,29,31,34,35,37,39,41,42,44,49,54,59,63,65,70,75,77,79,84,91,98,102,104,107,110,113,118,120,131 "17";
18 99 1 1,3,6,9,10,15,19,20,22,25,27,33,41,42,44,48,51,54,56,62,66,68,71,72,73,75,76,79,86,87,89,93,96,101,106,109,111,112,114,118,125,131 "18";
19 90 0 0,2,3,5,12,17,20,24,25,37,41,45,49,53,56,58,60,63,65,68,71,74,78,79,85,93,94,97,100,102,108,109,112,113,116,117,120,122 "19";
20 111 0 0,1,3,5,6,10,11,12,15,18,20,23,25,27,29,31,33,37,39,41,42,47,49,50,52,53,54,56,57,60,62,64,66,68,69,72,74,75,77,78,79,80,83,85,86,88,90,92,93,95,96,98,103,108,110,112,114,116,117,119,120,124,125,126,127,131,132 "20";
21 4 0 11,17,19,25,38,40,63,68,72,74,78,84,85,90,97,100,101,104,107,109,114,122,125,132 "21";
22 34 1 3,5,8,15,27,36,38,44,45,49,55,74,75,78,94,96,102,106,116,117,128,130 "22";
23 101 0 1,2,7,8,10,17,19,22,24,27,37,40,50,57,58,61,69,74,77,78,84,93,97,98,104,109,113,115,118 "23";
24 100 0 1,2,3,5,8,10,13,14,17,18,23,25,31,32,34,35,44,46,47,49,52,55,60,62,64,65,66,67,74,75,76,88,91,92,98,100,103,104,105,108,109,117,119,122,123,126,127,129,131 "24";
25 50 0 0,3,4,6,10,12,13,15,18,19,22,26,28,30,31,35,37,41,43,44,50,52,54,59,60,61,63,65,69,70,72,77,78,82,83,84,86,89,91,94,98,100,101,105,106,107,112,114,118,119,121,124,126,129,131,132 "25";
26 102 0 3,9,14,15,16,17,18,23,25,27,29,33,34,36,38,41,46,53,55,57,59,60,67,69,70,74,75,76,78,80,82,83,86,88,94,98,102,103,105,107,109,112,113,116,118,124,128,130,132 "26";
27 73 0 1,2,5,7,9,11,13,15,18,20,23,25,27,29,31,33,40,42,45,50,55,58,59,60,62,70,72,73,76,77,79,80,82,87,91,93,96,102,103,105,107,110,112,113,117,120,124,130,132 "27";
28 128 0 14,15,37,41,44,49,63,65,69,75,79,83,98,106,116,126 "28";
29 44 0 1,2,7,17,23,36,39,41,45,47,54,57,75,80,94,103,116,131 "29";
30 8 0 0,2,4,5,9,10,14,16,19,20,21,25,33,38,43,44,46,49,53,58,60,63,66,69,72,75,77,81,83,86,87,94,96,98,101,103,105,108,112,114,116,120,121,124,125,129,131,132 "30";
31 28 0 5,15,16,19,20,24,25,33,36,38,39,42,44,45,47,49,53,59,63,66,68,72,73,78,92,105,108,110,118,119,123,124,127,128 "31";
32 124 0 0,1,6,7,9,11,13,16,18,20,22,23,29,32,43,49,50,54,56,58,62,65,68,69,71,74,77,78,80,83,84,87,89,91,92,94,95,99,100,104,108,110,112,115,117,118,120,122,125,126,129,132 "32";
33 90 1 0,3,8,11,13,14,17,20,23,25,28,29,31,32,36,38,39,41,44,46,47,50,51,52,58,60,61,63,64,66,68,70,73,75,76,77,79,81,83,85,87,89,90,94,96,97,98,100,102,103,107,108,110,112,114,118,120,127,128,129,131 "33";
34 130 0 0,1,4,8,11,14,16,20,25,27,29,31,32,35,37,40,42,46,49,52,53,54,57,58,62,64,66,68,69,71,72,78,79,82,85,88,89,91,92,96,99,100,103,106,108,111,112,114,116,119,122,123,125,127,128,130,132 "34";
35 62 1 0,1,4,11,16,19,20,23,26,27,29,31,33,35,37,40,43,44,46,48,52,53,59,63,64,66,74,75,77,79,81,83,85,88,90,93,96,99,101,103,104,111,117,122,125,127,129,130,132 "35";
36 57 1 0,5,13,16,19,20,23,30,33,35,36,40,45,50,56,58,60,63,67,84,86,91,99,100,102,105,110,127,131 "36";
37 50 0 0,9,13,15,20,27,47,56,59,63,76,86,100,104,106,112,114,124,128 "37";
38 32 0 9,13,15,27,31,46,53,59,60,63,66,73,76,83,93,95,100,105,110,113,117,119,121,129 "38";
39 128 0 2,4,22,24,29,31,36,43,44,52,53,56,65,69,70,72,74,78,80,95,101,103,105,114,119 "39";
40 29 1 0,2,3,5,7,11,13,14,16,17,19,21,25,27,29,31,34,36,40,41,46,48,49,52,53,54,56,57,60,65,66,69,71,73,74,75,76,78,80,83,85,87,88,93,94,98,99,103,106,109,110,113,115,116,118,121,123,125,127,129,131 "40";
41 103 1 5,10,18,24,25,29,33,34,36,48,52,56,59,66,78,80,82,85,88,93,97,99,105,112,119,124,129 "41";
42 110 1 0,5,6,12,20,25,29,33,44,48,50,59,61,63,69,70,74,76,78,81,82,84,86,88,90,93,101,112,113,120,123,125,127,130 "42";
43 105 0 63,78,107,108,132 "43";
44 38 1 9,10,12,16,31,34,39,42,46,61,65,67,69,81,89,94,102,106,110,116,119 "44";
45 61 0 4,8,13,19,25,27,29,35,53,59,63,64,66,69,72,73,82,86,87,89,91,96,100,119,124,126 "45";
46 24 0 13,21,23,25,66,74,84,99,121,128,130,132 "46";
47 133 0 31,70,72,99,131 "47";
48 54 1 4,18,49,54,68,70,80,86,88,127 "48";
49 101 0 0,2,10,17,21,22,25,28,30,37,38,41,43,45,50,62,63,65,67,70,72,73,74,80,84,85,88,91,92,93,95,98,100,104,107,109,110,113,114,120,122,124,130 "49";
50 111 0 1,2,6,8,13,15,19,20,21,28,29,33,35,40,42,43,49,51,53,59,67,68,72,74,76,80,83,86,88,89,93,100,103,105,108,111,112,117,118,124,125,126,129 "50";
51 9 1 6,8,21,23,28,31,36,39,46,54,56,60,63,67,68,75,79,85,88,91,104,106,110,113,120,124,127,129,131 "51";
52 52 0 2,4,5,6,9,12,15,20,25,27,29,30,31,33,37,39,42,44,46,48,52,53,56,60,65,67,69,72,79,81,83,85,87,95,96,102,105,107,112,114,116,119,121,125,127,129,132 "52";
53 50 1 1,5,14,20,22,25,32,38,50,51,59,62,70,71,79,85,88,89,94,108,110,115,122,126,132 "53";
54 119 0 14,18,19,43,45,53,58,81,101,105,111,117,119,121 "54";
55 97 0 4,7,14,16,27,38,41,43,55,61,80,94,100,102,104,108,115,117,121,125,130 "55";
56 11 0 1,3,5,6,8,10,11,13,19,20,21,23,24,26,32,35,37,40,41,43,44,47,49,51,53,54,56,61,62,63,64,66,71,73,75,79,80,84,86,88,91,93,100,102,107,108,119,120,123,124,128,130,132 "56";
57 35 1 0,1,3,5,7,9,11,12,18,19,22,24,30,33,34,37,42,43,45,46,48,54,55,57,60,61,62,67,68,70,72,74,76,77,79,81,86,90,91,93,95,98,99,101,104,108,111,113,115,117,119,121,126,127,129,132 "57";
58 120 0 0,1,4,8,12,13,15,18,23,25,30,32,35,37,40,41,42,44,45,48,53,60,64,66,69,75,81,82,84,86,92,99,100,102,103,107,111,112,114,117,121,125,127,128 "58";
59 43 0 1,3,6,8,11,14,16,19,28,29,31,32,35,36,38,39,44,54,57,58,60,61,65,66,67,69,71,78,81,83,85,90,92,94,98,104,109,113,117,120,123,126,130 "59";
60 132 0 3,11,22,37,46,57,64,83,84,85,89,93,98,112,114,131 "60";
61 66 0 19,27,44,50,56,62,83,99,102,113 "61";
62 43 0 2,5,7,9,10,12,15,17,19,21,27,28,29,33,37,38,42,46,47,48,51,53,58,60,62,63,71,74,80,84,89,91,92,93,95,98,100,102,105,107,115,117,123,125,128,131 "62";
63 102 1 2,5,6,21,24,26,28,30,33,35,38,41,42,49,52,55,56,61,75,76,78,89,91,92,94,100,104,107,117,120,122,128,129,132 "63";
64 67 1 0,2,10,16,17,22,29,34,42,44,45,47,53,56,63,67,68,70,74,75,81,83,84,87,91,93,96,98,108,114,117,119,128,131 "64";
65 9 0 8,11,15,19,39,46,48,50,52,56,61,63,67,69,74,76,83,85,88,99,103,105,111,112,114,115,118,121,125,128,131 "65";
66 115 0 3,5,14,15,17,27,33,35,38,42,46,52,59,66,67,69,73,78,80,87,88,91,95,96,99,100,104,110,116,118,120,122,125,127,130 "66";
67 122 1 36,64,70,89,103,126 "67";
68 21 0 2,3,7,15,22,32,33,35,38,44,46,56,62,79,86,90,93,99,101 "68";
69 22 1 0,8,16,18,34,39,41,43,47,66,71,73,87,89,106,111,121,132 "69";
70 66 1 7,49,114 "70";
71 124 0 3,5,15,17,19,21,29,33,34,41,42,44,46,49,52,58,71,74,76,85,98,102,107,109,111,113,115,116,120,121,123,129 "71";
72 43 1 3,14,18,36,47,50,58,60,66,68,69,72,85,89,93,101,109,112,118,129 "72";
73 51 0 2,4,5,9,11,13,15,19,23,24,29,35,37,39,41,45,49,53,55,56,58,60,61,62,66,68,69,77,78,79,82,85,95,97,99,102,104,107,110,111,120,123,127,129,131,132 "73";
74 133 0 7,8,32,49,63,72,81,93,120 "74";
75 124 0 3,22,29,31,38,64,67,80,81,84,100,129 "75";
76 22 0 4,7,9,12,15,17,18,27,30,35,38,40,42,44,47,49,52,55,56,59,60,61,66,69,73,74,83,86,91,93,96,98,106,107,109,112,114,115,117,119,120,132 "76";
77 100 1 11,14,21,31,40,52,57,59,61,63,64,65,73,77,79,82,83,89,91,94,98,101,107,116,129 "77";
78 130 1 3,6,8,13,15,20,22,23,24,26,28,32,35,36,41,44,49,50,52,56,57,58,61,63,66,69,71,75,76,78,83,86,90,92,95,97,101,108,114,116,119,123,124,126,128,129 "78";
79 101 1 2,4,5,6,9,10,11,13,17,19,22,25,26,29,32,33,35,36,38,39,41,42,44,48,49,51,54,58,60,62,64,66,67,69,76,78,81,82,84,85,87,88,91,94,97,100,104,105,106,108,109,110,113,115,116,117,121,123,125,126,131 "79";
80 87 1 0,14,21,23,27,31,32,35,39,44,45,50,59,60,69,74,79,84,94,97,103,105,109,112,114,116,119,123,125 "80";
81 120 0 5,11,12,14,16,17,24,43,45,50,57,66,68,71,79,83,96,98,108,110,116,118,119,120,123,125,126 "81";
82 102 1 2,3,6,10,12,16,20,22,23,25,27,35,38,40,45,46,49,50,53,62,63,65,70,73,75,78,79,81,84,86,87,95,98,102,108,112,119,120,122,124,126,131 "82";
83 73 0 1,6,11,25,34,43,45,48,52,63,84,86,117,120,122 "83";
84 29 0 1,5,6,15,21,24,28,34,36,41,45,52,54,61,72,76,103,120,122,128,129 "84";
85 124 1 0,2,5,6,8,10,12,15,16,17,19,20,23,25,27,29,32,36,39,44,46,51,54,60,63,64,66,67,69,71,73,74,75,77,78,83,87,91,92,94,96,98,99,100,102,103,106,109,110,114,116,119,123,126,129,131 "85";
86 91 0 0,3,5,9,10,13,18,21,25,33,34,36,39,41,46,49,51,53,54,61,66,67,69,70,72,78,81,86,91,92,100,102,108,110,112,114,116,122,125,127,129,131,132 "86";
87 52 1 2,5,7,10,14,16,18,19,20,22,23,25,27,29,31,32,33,34,37,38,42,44,45,47,49,51,52,53,54,56,62,66,71,74,76,78,82,84,86,90,92,93,98,99,100,102,103,106,107,112,113,118,121,126,129,132 "87";
88 43 0 2,7,9,10,11,14,16,18,19,21,23,24,25,28,32,38,41,42,43,46,48,49,51,54,58,60,62,65,67,69,70,73,75,77,79,80,81,83,84,87,88,89,90,92,94,95,97,98,104,107,109,110,112,115,116,118,119,124,129,130,131,132 "88";
89 104 1 5,8,9,11,12,14,15,16,21,22,25,26,42,47,48,50,51,52,56,61,64,65,67,69,73,78,82,86,91,94,96,102,105,106,116,120,123,128 "89";
90 50 0 0,1,8,13,19,20,22,24,26,28,32,33,38,43,52,57,59,61,64,73,76,79,80,83,85,89,91,93,95,98,99,100,103,108,110,111,116,119,123,125,126,131 "90";
91 67 1 1,5,6,8,10,12,13,19,21,23,26,30,31,36,38,39,41,44,48,51,52,58,60,63,64,66,68,69,71,74,81,85,88,89,94,96,98,101,103,106,109,111,113,116,118,120,124,126,128 "91";
92 121 1 4,5,17,25,33,38,47,54,55,61,64,68,75,80,84,101,113,115,121,125,129,130,132 "92";
93 65 0 1,2,5,6,9,11,14,15,16,18,19,23,27,29,31,32,33,34,35,39,41,43,46,48,49,51,57,59,60,64,66,67,70,77,80,81,82,83,85,86,87,88,90,91,94,96,98,100,103,104,105,107,109,110,112,117,123,125,130,132 "93";
94 50 0 15,26,49,55,68,71,80,96,113,117 "94";
95 41 0 1,3,8,12,13,21,23,27,30,31,33,35,38,39,42,43,46,48,49,57,58,64,67,69,70,72,73,77,80,82,85,86,89,92,94,95,96,98,99,101,104,105,108,110,115,117,125,126 "95";
96 19 0 0,2,4,5,8,11,15,16,18,20,22,28,30,31,33,37,39,43,48,51,54,55,58,62,64,66,68,70,72,77,79,81,83,86,88,94,95,97,105,107,112,116,117,118,122,124,127,130,132 "96";
97 34 1 7,8,13,14,16,18,22,32,37,38,43,49,52,56,57,59,66,70,72,74,75,78,92,95,99,107,110,115,116,129 "97";
98 132 0 0,7,11,15,17,22,24,27,29,35,43,46,49,53,60,65,66,68,70,77,80,89,90,96,102,103,105,108,111,112,123,130 "98";
99 89 1 1,2,14,17,24,28,34,45,52,53,55,57,65,68,75,81,83,85,92,95,98,106,109,111,117,131 "99";
100 55 0 3,4,5,6,7,9,11,12,14,16,17,20,23,24,25,29,32,35,37,39,41,43,45,46,47,49,51,52,53,55,58,59,64,66,71,72,76,77,80,81,84,85,87,89,91,93,96,98,102,105,109,111,112,114,116,118,122,127,128,129,132 "100";
101 25 0 0,2,3,8,12,14,16,21,26,29,32,42,48,50,52,53,55,57,64,87,88,91,92,93,100,105,110,111,126,132 "101";
102 73 0 1,3,7,8,12,13,15,17,21,22,24,27,28,30,35,37,38,43,45,46,48,50,53,54,56,57,58,62,65,68,70,71,73,75,76,81,85,89,90,92,94,95,98,100,108,115,118,120,123,124,125,127,129 "102";
103 3 1 1,5,16,19,20,21,23,24,26,29,32,33,35,40,42,48,53,54,57,58,61,64,69,70,72,76,79,80,83,84,87,88,90,91,92,94,98,102,104,107,108,110,112,113,114,116,123,125,128,132 "103";
104 33 0 0,11,14,21,23,26,32,37,51,53,56,58,69,74,76,89,106,110,116,124,125,127,131 "104";
105 52 1 3,5,8,12,16,18,20,21,23,24,25,27,28,31,32,36,42,44,49,52,54,55,57,59,61,62,65,69,72,77,78,79,82,86,88,90,92,96,99,101,103,105,107,110,116,117,118,119,121,122,123,124,125,126,128,129,131 "105";
106 36 0 4,6,8,23,26,29,36,44,46,48,49,53,54,56,58,61,64,69,71,72,75,77,79,87,91,98,102,108,110,114,125,128,129 "106";
107 36 1 1,7,12,13,16,18,20,23,26,28,30,34,35,40,42,46,52,53,59,61,63,64,66,68,71,75,77,80,82,88,92,95,98,105,107,108,117,120,123 "107";
108 121 1 9,49,51,62,63,73,75,78,81,85,92,103,105,115,131,132 "108";
109 102 0 2,3,4,6,8,9,10,11,13,14,18,19,26,28,30,31,33,35,42,44,48,50,51,55,58,59,61,62,64,69,73,79,81,84,87,89,90,93,94,104,105,106,107,108,114,116,118,120,123,124,127,128,129,131 "109";
110 78 0 2,6,7,10,11,13,21,26,37,40,42,46,47,50,53,55,57,59,60,65,67,69,71,73,76,78,84,86,90,93,95,97,98,102,104,108,110,114,119,121,126,132 "110";
111 124 0 2,6,7,8,15,17,28,33,40,54,57,59,61,83,86,88,91,94,96,105,110,111,114,117,120,125,127 "111";
112 97 1 0,32,39,48,50,58,59,65,78,84,87,101,105,119 "112";
113 74 0 0,1,7,13,17,19,21,24,27,32,40,45,48,55,58,60,62,67,72,75,80,87,94,97,99,100,108,109,110,113,116,123,126,129,130 "113";
114 101 0 3,18,23,53,69,79,82,93,111,113,118,119,124,131 "114";
115 121 1 0,1,3,9,11,14,18,26,30,35,36,39,46,47,54,56,57,59,61,63,65,66,70,71,73,74,79,81,87,89,97,103,110,114,124,126,127 "115";
116 36 0 0,2,8,11,14,16,17,20,23,29,30,31,32,36,37,39,40,46,56,57,61,64,67,69,70,74,81,83,85,87,88,93,94,97,99,100,102,104,107,108,115,123,127,128,130,132 "116";
117 131 1 2,18,22,27,28,31,35,42,46,53,61,73,81,83,99,108,115,118,128,131 "117";
118 123 0 0,2,8,10,11,13,14,16,23,25,26,29,31,32,33,39,41,43,47,49,50,55,59,61,65,66,68,71,73,75,79,81,88,90,91,97,101,102,106,110,111,112,116,117,122,123,126,129,130,131 "118";
119 20 1 20,24,28,57,63,71,75,79,82,83,91,103,114,122,131 "119";
120 62 1 1,3,5,8,10,12,15,16,20,21,23,27,30,35,37,38,44,47,54,56,57,58,62,65,69,71,72,73,75,77,81,84,90,92,97,99,107,109,111,113,114,117,121,123,128 "120";
121 27 1 7,13,26,30,36,53,97,101,104,118,122 "121";
122 106 1 1,4,6,9,17,18,24,28,33,35,44,50,62,64,66,71,73,78,79,83,84,87,89,92,94,96,104,109,111,123,124,125,127,128,131,132 "122";
123 49 1 0,21,23,75,101,110 "123";
124 110 0 2,5,12,14,16,18,21,23,25,29,35,37,38,40,45,46,53,61,63,66,72,79,82,85,89,90,94,98,103,106,108,111,114,115,123,126,127,130 "124";
125 43 0 2,4,6,8,10,13,16,19,20,22,23,25,26,29,30,33,35,39,40,42,44,49,52,53,56,61,63,66,68,71,75,76,78,79,83,84,86,88,90,95,97,98,101,102,108,109,111,113,115,121,123,125,127,129,130,132 "125";
126 32 0 16,31,35,45,55,59,62,81,87,89,106,112,114,119,125,127,131 "126";
127 6 1 2,22,30,36,43,72,73,80,96,115 "127";
128 9 0 0,3,7,15,31,32,34,38,42,45,47,48,53,56,57,59,60,69,73,80,88,90,91,93,95,96,102,106,108,114,117,119,120,121,131 "128";
129 7 0 0,2,7,8,10,12,14,16,20,21,23,25,27,29,30,35,36,37,38,39,42,47,50,51,52,55,57,59,61,63,65,67,70,71,73,75,77,78,79,81,87,92,96,100,110,112,114,117,120,123,125,129,132 "129";
130 7 0 0,4,8,11,14,30,46,48,50,61,64,65,66,68,70,85,112,117,131 "130";
131 125 1 0,4,5,9,12,14,20,24,33,42,44,48,49,52,55,57,62,64,65,67,69,70,72,75,82,85,88,89,91,100,104,107,111,120,125,127,132 "131";
132 111 1 2,6,8,10,11,13,22,25,26,30,31,32,34,36,38,39,41,44,50,53,55,59,61,63,67,71,82,84,89,93,95,96,98,102,104,110,112,115,116,118,124,128,131 "132";
