parity 154;
0 26 0 1,6,19,24,26,28,30,34,37,38,41,47,50,52,54,56,58,63,69,82,88,90,92,98,100,114,116,119,122,123,126,131,133,135,137,139,145,147,150,153 "0";
1 86 1 0,2,14,15,16,21,24,30,37,38,42,46,47,49,51,56,58,67,68,78,85,86,88,99,104,106,108,112,114,116,119,123,134,136,138,146,148,149,154 "1";
2 128 0 0,5,6,8,10,13,14,20,23,30,33,35,40,42,48,54,59,60,62,64,67,73,79,82,84,89,92,94,95,99,101,102,105,113,120,121,123,132,133,135,139,141,145,147 "2";
3 114 0 0,1,3,4,5,6,9,11,12,14,18,19,21,23,24,27,29,31,32,34,37,38,39,41,43,45,49,51,54,56,59,60,62,63,64,65,67,69,70,72,73,74,78,81,84,85,89,90,92,96,97,99,101,103,106,108,113,114,115,117,120,121,122,125,126,127,129,131,133,138,139,141,144,147,148,149,151,154 "3";
4 65 1 0,4,6,9,12,14,15,18,20,21,22,24,25,28,29,31,32,33,34,37,42,44,47,50,52,54,55,57,58,60,61,66,67,70,72,73,75,76,79,82,84,88,89,92,93,95,100,102,104,108,110,111,113,115,119,120,122,124,125,127,129,131,135,137,138,140,145,147,149,151,153,154 "4";
5 87 0 1,2,4,9,15,18,21,24,28,29,30,41,43,46,50,60,66,67,70,71,74,76,77,80,83,84,86,87,91,94,96,98,102,104,106,107,113,116,117,119,121,123,126,131,132,133,135,140,146,148,153,154 "5";
6 79 1 22,145 "6";
7 88 1 0,3,5,8,9,18,30,32,33,43,45,46,69,71,83,96,99,118,121,128,143,146 "7";
8 2 0 0,6,7,14,25,26,32,35,36,38,41,46,49,51,54,59,62,64,68,78,79,80,82,85,92,94,101,109,120,122,124,128,129,131,132,134,142,146,148 "8";
9 137 1 0,2,6,8,9,11,14,15,17,21,24,26,29,33,38,41,44,48,50,52,56,59,61,64,70,72,74,75,79,80,84,86,92,96,99,105,107,109,111,115,117,118,119,121,123,127,128,132,138,143,144,146,148,151,154 "9";
10 15 1 7,56,69,77,103,108,109,129,132,154 "10";
11 25 1 0,1,6,8,11,16,22,25,30,32,34,35,37,40,44,47,48,50,57,63,66,68,69,71,73,78,79,83,84,86,89,90,92,94,103,106,107,110,113,115,117,119,120,122,124,126,128,134,136,140,142,146,148,151,154 "11";
12 132 0 4,12,15,18,20,21,23,26,28,31,37,38,40,41,47,50,54,57,60,63,69,72,74,75,78,79,81,83,84,89,91,94,96,100,101,105,106,109,111,114,115,118,120,125,126,128,130,132,135,138,140,142,145 "12";
13 132 0 2,6,10,28,40,45,54,59,66,88,120,122,144,146 "13";
14 16 1 0,2,6,13,22,25,26,29,30,38,41,42,44,47,56,59,78,80,81,85,89,90,92,96,101,102,104,108,109,110,112,116,117,118,126,128,130,138,139,141,142,144,147,151 "14";
15 54 1 9,27,32,53,62,80,86,96,99,103 "15";
16 43 1 2,3,4,6,7,9,12,14,17,24,26,28,33,34,36,38,40,43,45,47,50,53,55,56,57,61,63,66,68,71,72,74,77,78,79,80,81,82,84,92,97,98,100,104,105,112,115,116,117,119,121,122,123,126,128,131,135,136,138,139,141,146,149,152 "16";
17 110 1 0,2,3,7,8,10,12,15,18,22,30,33,37,42,47,50,53,55,57,58,59,62,63,72,75,78,80,85,92,99,102,104,106,110,111,114,117,118,120,122,125,126,129,131,140,144,146,147,149,152,154 "17";
18 113 1 2,3,8,13,20,25,32,36,45,46,58,63,78,80,83,92,97,98,107,112,114,117,122,124,134,138,141,145,146,154 "18";
19 52 1 20,36,45,48,101,103,116,119,143 "19";
20 75 0 7,11,26,30,43,49,62,65,67,70,82,86,88,118,119,131,148 "20";
21 41 0 0,2,4,6,7,8,10,11,15,16,19,22,23,28,32,34,36,37,39,43,45,46,48,50,52,55,56,59,61,63,66,67,69,70,73,74,75,77,79,80,85,87,89,91,93,95,97,99,101,103,104,106,109,111,112,114,116,119,121,123,124,126,127,129,133,135,136,137,138,141,145,148,149,151,153 "21";
22 65 1 15,19,44,50,70,75,77,82,84,90,100,102,110,111,112,114,116,120,129,130,146 "22";
23 75 1 1,3,6,9,14,16,17,18,21,23,26,27,29,32,33,34,40,42,46,48,49,51,52,56,59,61,63,64,66,70,71,76,78,80,84,86,87,88,89,92,99,100,104,105,108,110,116,123,129,130,133,136,140,143,146,148,150,151,153 "23";
24 87 1 2,3,6,9,11,14,16,19,21,22,23,27,30,32,35,36,38,40,43,45,49,53,56,57,62,65,69,71,76,77,81,83,85,89,90,92,93,97,98,103,107,110,113,115,116,123,128,131,134,137,139,143,144,148,149,153 "24";
25 111 0 1,3,5,18,28,35,38,49,55,57,62,65,71,74,77,78,96,100,103,110,115,117,118,123,127,128,132,134,135,142,145,146,154 "25";
26 2 0 1,2,4,6,8,10,12,14,15,16,20,23,25,26,27,29,30,32,35,36,38,41,42,44,46,49,52,54,56,57,58,60,61,64,66,69,70,71,73,74,75,77,78,80,81,83,84,88,90,95,97,99,102,103,104,106,112,113,114,116,118,123,125,126,128,130,132,133,135,137,139,142,144,146,149,150,153 "26";
27 4 1 4,8,11,17,20,33,55,60,61,64,66,79,82,87,96,97,99,102,104,113,115,127,129,133,140,145,150,153 "27";
28 127 1 0,1,2,5,8,12,14,16,21,23,24,28,32,37,40,41,44,46,47,50,52,53,54,55,58,62,74,76,80,81,84,86,87,89,91,93,95,101,102,104,105,106,110,112,113,115,118,120,125,126,131,135,139,141,146,148,151 "28";
29 90 1 6,7,10,13,17,23,26,28,30,32,33,38,40,41,46,47,55,57,70,72,84,87,89,92,93,99,100,102,107,110,112,113,120,122,126,132,134,135,136,138,143,148,151,152 "29";
30 50 1 1,11,14,17,20,23,27,34,40,42,44,49,53,55,61,62,66,71,73,78,89,93,97,101,105,107,109,111,114,116,125,129,134,140,143,146,148,150,151,153 "30";
31 154 1 1,2,11,14,16,18,20,21,25,30,31,34,36,42,44,45,48,51,61,64,70,72,73,76,77,80,84,86,87,88,91,94,99,101,107,108,111,114,116,118,121,122,124,127,132,134,137,140,141,147,152 "31";
32 74 1 4,11,15,22,26,37,64,68,70,101,121,122,124,127,131,145 "32";
33 12 0 2,4,5,6,7,9,10,12,14,16,17,19,20,21,23,27,28,30,36,37,40,41,42,45,46,48,50,53,54,56,60,61,65,66,68,70,71,73,75,76,78,79,81,83,86,88,90,91,93,94,97,100,102,106,107,109,112,113,115,117,120,121,126,130,132,133,135,137,138,140,143,144,145,147,148,150,152,154 "33";
34 87 1 3,5,10,23,25,28,30,32,37,46,51,52,56,57,62,65,67,69,71,72,77,83,88,93,97,99,102,113,116,120,122,124,130,132,135,137,141,143,145,147,150,152 "34";
35 27 0 7,9,12,13,18,21,24,25,28,33,35,41,44,48,51,55,57,64,69,71,74,75,78,83,84,86,89,92,96,97,98,101,104,107,110,114,116,118,123,125,127,138,143,149,151,152 "35";
36 34 1 0,2,5,8,9,12,17,20,22,23,26,27,29,30,31,35,37,38,40,41,42,44,47,48,52,54,55,59,60,63,65,68,70,72,75,77,79,81,82,83,84,86,88,89,90,93,97,101,102,105,106,108,109,111,113,115,117,118,119,120,122,123,125,127,128,131,133,134,135,137,138,142,144,145,147,149,151,153 "36";
37 131 0 1,3,4,8,10,15,16,23,25,28,31,33,35,37,40,43,44,45,46,47,49,52,54,55,56,57,59,63,65,69,70,73,80,82,89,90,93,97,102,104,109,112,115,119,120,122,125,130,134,138,140,143,144,145,148 "37";
38 52 1 1,2,3,9,11,12,14,15,19,21,29,36,37,38,42,43,45,48,50,53,57,58,60,63,68,70,77,79,81,83,88,89,93,100,103,104,106,108,110,111,113,117,118,121,122,125,127,131,133,135,139,142,147,149,152,153 "38";
39 129 1 0,6,7,8,10,12,15,17,22,24,29,30,37,42,45,46,51,53,55,57,58,72,74,76,78,79,80,82,88,92,98,101,105,106,108,109,112,113,114,115,117,118,120,121,124,128,137,140,143,145,148,149,151,152 "39";
40 106 1 0,2,15,37,45,77,88,108,126,131,142,144,147,149,153 "40";
41 58 0 6,12,14,16,18,20,27,30,33,35,37,38,40,43,45,50,56,58,66,68,70,72,73,78,79,80,83,84,86,90,94,96,100,104,105,108,110,112,113,115,117,119,120,121,123,126,127,129,135,136,139,147,150,152 "41";
42 131 0 1,15,16,18,25,28,33,35,52,57,59,61,63,64,66,70,76,82,93,100,103,105,114,120,127,131,142,146 "42";
43 69 1 0,3,9,13,40,45,60,87,90,94,108,129,139 "43";
44 23 1 7,30,36,37,44,48,55,56,74,91,94,98,101,108,117,127,140,152 "44";
45 62 0 1,4,10,39,68,69,70,77,88,98,108,125,136,140,141 "45";
46 144 1 13,57,61,67,96,98,101,109,122,126,137,146 "46";
47 21 0 0,4,6,8,9,12,13,15,16,19,20,22,23,26,27,29,30,32,33,38,42,43,44,48,58,60,63,65,67,68,70,71,73,76,80,83,86,89,91,92,94,96,101,105,106,108,111,112,113,115,117,119,123,125,127,128,129,130,133,134,135,137,139,141,142,144,145,147,150,153 "47";
48 99 1 0,1,4,6,8,12,14,16,17,18,22,25,27,29,30,32,33,37,40,43,45,46,50,53,57,59,64,66,68,70,72,76,79,81,84,86,88,89,92,93,96,98,99,102,103,104,106,108,109,111,118,119,120,121,123,124,126,127,128,130,132,137,141,145,148,152,153 "48";
49 40 1 1,3,6,7,11,14,16,17,20,22,24,25,28,30,33,36,37,38,39,46,52,54,58,59,64,66,68,69,72,76,78,79,82,85,86,89,91,93,95,96,99,100,101,103,107,110,112,117,118,119,121,122,125,130,131,138,141,143,145,147,149,151 "49";
50 54 1 12,59,110,111 "50";
51 152 0 0,3,4,6,8,10,12,13,16,17,19,24,25,31,34,36,39,40,43,46,50,53,56,57,60,61,63,65,67,70,71,73,74,76,79,80,82,87,89,91,92,94,97,99,101,103,105,108,110,111,115,116,118,120,122,123,124,125,127,129,130,131,132,137,143,145,148,150,152,153 "51";
52 27 1 4,6,8,14,16,18,28,29,31,37,42,44,52,62,68,78,80,86,96,100,104,105,106,110,112,116,118,121,124,126,127,130,137,146,150,151,152 "52";
53 120 1 7,13,16,20,25,28,30,38,40,44,51,52,57,63,68,73,82,84,85,88,90,91,93,97,99,105,112,119,126,133,139,144,149 "53";
54 85 1 123,142 "54";
55 6 1 19,35,51,84,90 "55";
56 121 1 1,5,6,7,9,10,12,15,16,19,21,23,24,28,30,33,37,44,45,46,48,50,52,54,55,57,59,60,64,66,68,69,70,73,75,77,78,81,83,86,87,88,90,92,93,95,99,101,102,107,109,110,111,112,113,115,122,124,125,127,129,133,135,136,138,140,142,145,146,149,152,153 "56";
57 149 1 1,2,3,7,9,13,14,15,17,19,21,23,26,28,29,31,33,34,36,38,40,42,43,46,48,50,51,52,54,56,59,61,62,65,66,67,68,73,75,79,83,84,87,91,92,93,94,96,98,101,102,104,106,107,109,110,112,115,117,118,119,121,124,125,128,129,132,136,137,139,141,149 "57";
58 98 0 10,12,15,21,27,30,32,35,42,49,80,90,114,126,141,143,144,147,153 "58";
59 119 1 10,21,105,120 "59";
60 7 1 3,4,16,19,30,33,39,41,46,49,52,60,64,84,100,102,106,119,137,151 "60";
61 138 0 2,14,18,26,29,33,40,42,43,45,47,51,56,60,62,68,73,85,105,112,117,120,125,127,133,140,148,150,154 "61";
62 115 0 1,8,11,12,17,20,21,25,27,30,31,33,37,40,42,45,50,53,55,58,60,64,67,71,76,80,84,86,88,90,94,96,99,100,102,105,109,120,127,135,138,139,141,146,148,152 "62";
63 32 1 29,56,68,95,98,109,132 "63";
64 24 1 52,78 "64";
65 119 0 2,5,8,17,19,25,28,36,38,53,55,56,59,65,66,67,73,86,90,94,100,109,115,118,119,135 "65";
66 22 0 37,68 "66";
67 36 1 1,10,11,15,16,18,20,22,30,33,35,38,43,46,49,51,67,69,71,74,75,77,80,90,91,93,97,101,104,106,112,117,119,123,124,126,131,133,134,137,138,146,148,152 "67";
68 96 0 10,15,21,23,29,30,34,50,57,60,61,69,82,86,95,131,132,142,143 "68";
69 22 0 1,3,7,8,12,16,17,21,23,25,27,28,32,34,35,36,39,43,45,47,48,52,55,56,64,66,68,71,73,78,79,81,83,88,90,91,97,98,100,102,104,108,112,114,118,121,122,124,126,128,129,138,140,141,143,144,146,147,152,154 "69";
70 64 0 0,2,4,6,8,9,11,13,17,20,22,24,26,28,35,37,39,40,44,45,47,55,56,61,62,65,70,71,73,76,80,81,83,86,87,88,91,92,95,97,99,101,103,106,108,109,113,115,118,120,122,123,126,128,129,131,132,136,137,141,143,144,145,146,148,154 "70";
71 151 0 1,4,50,78,81,104,118,151 "71";
72 5 0 0,1,3,5,6,9,11,13,15,18,19,20,22,25,26,28,29,30,33,34,37,41,42,46,47,48,50,54,56,57,62,64,65,66,67,69,70,73,74,76,77,78,81,83,84,86,87,90,91,93,98,100,101,106,108,110,112,114,116,118,120,121,125,127,129,131,132,135,138,140,142,144,145,148,150,151,153,154 "72";
73 121 0 2,4,8,12,13,14,16,18,20,25,27,29,34,36,39,41,45,49,51,53,56,58,60,63,65,67,68,71,72,76,81,85,86,94,96,97,98,99,101,102,104,105,107,109,111,113,114,117,118,119,125,129,135,137,138,140,142,147,149,151,153 "73";
74 125 0 0,2,5,6,8,9,12,14,15,17,18,23,25,26,28,30,31,34,36,37,38,40,42,45,46,47,49,51,53,55,57,58,59,61,63,67,68,71,72,73,75,76,80,82,86,90,93,96,99,101,103,105,106,110,112,115,117,118,120,122,124,126,127,135,137,138,141,144,147,149,150 "74";
75 126 0 0,6,9,11,16,19,23,24,25,28,33,34,36,38,39,41,43,45,47,48,49,52,53,54,56,59,61,65,67,71,75,77,78,80,82,84,86,88,89,94,98,104,107,110,113,115,116,118,119,122,130,132,134,136,138,139,141,144,147,150,152 "75";
76 132 0 22,26,34,53,153 "76";
77 83 0 3,36,43,44,60,62,64,70,74,91,98,138,142 "77";
78 84 0 12,63,71,86,97,101,103,107,127,129,133,141 "78";
79 70 1 0,7,10,18,21,31,33,47,52,54,62,72,97,111,113,120,123,126,135,139,145 "79";
80 141 0 0,5,11,17,21,23,25,29,31,43,45,46,48,52,54,58,60,65,67,69,72,76,82,85,86,88,89,94,97,98,100,101,103,105,107,108,114,116,122,125,127,131,133,136,138,139,144,149,150,151,153,154 "80";
81 116 0 2,3,7,9,10,14,15,17,18,21,23,25,27,29,31,32,34,36,38,41,43,44,45,47,51,52,53,55,56,58,60,63,64,66,68,69,71,72,74,76,78,82,84,85,86,90,93,96,100,102,104,108,111,114,115,117,119,120,122,123,126,127,129,132,134,135,137,139,141,142,143,146,148,152,154 "81";
82 0 1 0,5,7,10,12,19,22,24,25,35,38,46,51,56,61,63,68,69,70,71,73,77,80,85,87,88,100,101,103,110,111,113,115,117,118,129,132,134,137,138,142,143,151 "82";
83 128 0 1,6,10,25,35,36,42,48,53,65,67,70,77,80,84,91,94,95,98,106,107,110,112,113,117,123,127,130,134,136,138,140,147,150,151,154 "83";
84 66 0 0,1,5,7,8,21,23,24,27,30,32,34,36,41,43,49,51,53,58,62,64,65,67,69,72,73,74,76,82,83,86,88,89,92,93,95,99,101,103,104,105,107,110,111,112,114,117,119,121,122,124,126,129,130,132,134,135,139,142,143,146,152,154 "84";
85 72 1 2,4,6,7,10,14,17,19,22,26,27,29,32,34,41,42,44,48,52,58,63,65,68,72,74,76,77,82,91,93,98,105,108,112,146,154 "85";
86 37 0 3,5,12,14,18,24,36,40,42,48,50,55,65,70,74,76,79,81,87,88,94,97,101,106,107,114,121,125,146,153 "86";
87 106 0 3,5,9,17,22,27,29,40,45,58,62,68,72,87,91,96,97,100,107,124,127,129,131,134,137,140,145,152 "87";
88 142 0 1,3,5,8,9,14,15,16,20,23,27,28,32,34,36,39,41,43,46,48,51,53,55,56,59,60,61,64,68,72,75,77,80,83,84,86,88,89,91,92,97,98,100,102,105,107,109,110,112,118,119,121,123,125,127,131,133,135,139,141,144,148,149,152,153,154 "88";
89 60 0 9,31,39,46,52,62,64,70,93,97,118,139 "89";
90 20 0 21,25,29,39,44,57,72,73,78,85,90,96,109,124,139,142,154 "90";
91 24 1 2,6,8,10,12,18,25,27,28,34,35,37,41,48,50,54,55,65,68,71,78,84,88,99,100,103,104,110,115,117,122,131,133,136,137,141,148,151,153 "91";
92 84 1 120,139 "92";
93 155 0 0,1,5,9,11,13,16,17,21,23,27,29,31,34,41,44,54,56,57,59,64,65,66,69,70,72,76,83,84,88,92,96,98,100,102,104,108,111,112,116,118,124,127,129,132,133,134,135,138,141,144,146,148,150,151 "93";
94 69 0 0,1,3,6,7,17,26,29,41,44,50,53,59,66,78,80,86,94,116,117,120,129,134,137,145,152 "94";
95 140 0 5,18,19,31,41,43,48,54,62,65,71,78,90,92,98,103,106,111,120,131,134,154 "95";
96 35 0 1,4,7,9,11,13,15,22,23,25,26,30,37,38,40,44,45,47,54,56,58,60,61,63,65,67,69,71,74,75,77,79,80,82,84,87,89,90,91,93,94,97,99,101,103,105,106,109,112,115,116,118,119,121,123,125,127,131,134,137,139,143,144,146,149,150,153 "96";
97 15 0 1,2,7,12,26,29,32,50,53,54,56,60,70,84,88,89,99,101,109,110,113,116,118,120,129,131,136,142,146,149 "97";
98 152 0 5,8,16,19,26,35,36,45,50,52,59,61,64,65,72,80,86,93,96,109,113,127,130,143,145,152 "98";
99 84 1 0,6,8,10,13,16,18,23,26,27,30,31,32,36,40,42,44,48,51,54,56,58,61,62,64,65,71,72,75,78,82,84,86,88,90,94,99,103,105,108,110,111,113,114,116,119,121,122,125,127,130,131,135,137,138,141,143,144,151,154 "99";
100 134 1 21,26,35,39,51,54,63,67,68,74,79,93,94,106,114,127,140,142,151 "100";
101 94 1 0,1,3,7,10,15,16,17,20,21,23,24,27,28,30,33,34,36,37,39,41,45,47,49,55,57,58,59,60,62,65,67,69,70,74,76,77,80,82,87,91,93,95,97,98,100,101,102,104,105,107,109,112,113,115,117,118,120,121,124,128,131,134,135,138,144,147,149,150,153,154 "101";
102 38 0 0,3,4,8,10,15,20,25,29,31,33,36,38,40,41,44,47,49,51,54,56,65,68,71,76,77,80,83,87,89,98,99,101,105,107,108,109,115,120,124,129,136,137,138,140,145,150 "102";
103 96 0 1,9,10,12,17,20,27,30,32,35,47,50,60,62,66,73,76,82,88,90,99,100,102,104,106,108,110,113,119,122,126,132,133,140,153 "103";
104 73 1 0,7,20,35,37,53,55,57,78,81,84,87,90,97,98,121,123,125,129,136,140,149 "104";
105 79 0 24,80,148 "105";
106 100 0 0,3,6,8,11,13,15,34,35,40,41,43,51,73,78,80,84,89,91,95,101,109,113,115,117,120,125,131,134,144,154 "106";
107 129 1 0,4,7,8,10,13,15,17,19,21,24,26,29,31,33,35,36,38,39,42,44,46,48,50,52,53,55,60,65,66,69,70,71,72,76,77,79,82,84,86,89,91,93,95,96,97,99,102,103,105,109,110,111,113,114,115,117,118,120,121,122,124,126,129,133,136,138,139,142,143,145,146,149,153,154 "107";
108 84 0 4,6,9,12,13,15,18,20,22,27,29,31,32,38,45,47,49,50,51,53,54,56,60,64,66,67,70,72,73,75,76,81,86,88,91,92,93,95,100,102,104,106,108,109,113,114,116,121,123,126,128,130,137,139,142,144,146,148,150,152,154 "108";
109 13 0 1,2,6,9,12,13,15,19,24,28,35,37,39,41,44,51,57,60,66,69,71,72,74,85,87,91,93,98,102,105,107,116,119,127,132,146,154 "109";
110 5 1 0,4,6,7,8,10,11,13,14,16,19,21,23,24,25,28,30,31,32,34,36,43,44,45,47,49,50,60,61,63,66,69,74,75,77,78,82,84,85,87,92,93,95,96,97,99,101,103,105,110,113,114,115,117,119,121,123,124,125,128,130,132,133,137,138,140,141,143,145,146,149,153,154 "110";
111 62 1 2,5,6,8,10,13,15,16,17,19,21,22,24,29,33,38,40,41,43,46,47,50,52,53,55,56,58,59,62,64,66,68,69,70,73,74,76,78,80,82,84,86,88,91,93,95,97,100,102,104,111,113,115,117,119,120,123,127,129,132,134,135,138,139,141,145,146,147,148,150,152 "111";
112 116 0 13,35,42,60,67,69,99,113,116,124,152 "112";
113 25 1 3,7,17,31,34,53,55,59,60,83,97,108,119,121,128,130,138,142,144 "113";
114 100 1 6,9,13,14,15,20,22,23,25,27,30,34,35,40,42,49,52,54,56,61,64,67,72,73,80,84,86,89,90,92,93,98,101,105,108,110,112,115,122,125,128,132,137,139,142,151,152,154 "114";
115 83 1 4,6,7,9,10,11,13,14,17,19,21,22,23,25,27,28,31,33,37,41,43,45,47,48,49,52,54,57,59,61,64,67,68,69,73,77,79,82,84,87,90,91,94,97,100,102,104,107,108,111,113,115,117,120,123,125,127,130,131,136,141,142,145,147,152,154 "115";
116 45 0 7,9,12,17,27,31,33,34,37,38,47,52,58,64,68,75,78,82,85,90,100,105,109,118,120,124,128,136,137,138,140,147,148,150,151,153,154 "116";
117 137 1 0,1,2,4,5,6,8,11,14,16,19,22,25,27,28,29,32,33,35,36,38,39,41,42,45,46,49,50,52,54,55,57,58,60,62,63,65,66,67,71,73,74,75,76,78,79,83,84,85,86,91,95,97,98,100,103,105,107,110,111,112,117,118,121,122,129,130,132,134,141,142,144,146,148,151,154 "117";
118 61 1 6,12,39,44,65,74,92,97,102,110,113,119,123,134,135,140,142,154 "118";
119 99 0 0,2,8,10,11,13,14,15,18,19,21,23,24,25,27,30,33,34,35,38,39,40,42,46,47,49,51,52,59,60,64,65,66,68,72,74,75,77,79,80,81,84,86,89,90,91,92,94,95,98,100,101,102,104,105,107,108,109,111,112,113,115,117,119,120,122,127,128,133,135,138,141,142,143,145,149,153,154 "119";
120 154 0 0,3,5,9,11,13,17,22,26,28,31,43,48,51,52,55,56,58,63,64,66,67,70,78,83,84,89,91,92,101,103,109,110,111,112,117,119,120,123,125,128,132,134,141,143,145,147,152 "120";
121 68 0 1,3,7,14,17,20,31,35,37,46,49,56,62,78,82,85,87,89,91,96,103,109,117,127,131,134,139,144,147,150,151 "121";
122 68 0 0,3,17,18,20,25,31,46,51,62,75,77,78,81,92,93,94,95,98,99,104,106,116,130,133,141,144,146,147,149,150,152 "122";
123 16 1 6,7,10,16,18,27,31,43,47,51,52,56,58,59,65,81,86,96,107,113,114,117,119,129,136,149,153 "123";
124 28 0 0,2,5,8,9,11,12,13,15,18,22,23,28,30,32,33,35,38,45,50,52,55,59,61,62,63,66,68,70,73,74,76,78,80,83,87,88,90,91,93,99,100,101,103,110,112,116,118,119,122,124,126,130,133,136,139,143,144,147,148,153,154 "124";
125 57 0 7,14,23,27,45,52,59,81,83,109,110,114,118,125,128,135,141,145,148,149 "125";
126 106 0 21,27,43,74,77,96 "126";
127 78 1 0,9,11,16,19,54,55,68,87,108,127,134,139,147,148,150 "127";
128 31 1 1,48,100,109,113,120,132,138,147,153 "128";
129 83 0 0,2,3,5,7,9,14,17,18,20,21,24,27,28,30,32,33,34,36,37,38,40,41,42,45,47,49,50,53,54,56,57,58,60,63,66,69,71,75,76,79,83,84,88,91,93,94,97,98,100,103,105,106,108,110,113,114,115,117,119,124,128,131,135,136,137,139,144,146,148,152 "129";
130 129 0 8,11,15,23,25,26,31,33,34,38,40,41,44,46,48,51,54,57,60,65,69,72,75,77,84,86,87,92,97,98,101,102,105,106,114,117,121,124,128,132,135,140,142,144,145,146,152 "130";
131 0 1 4,69,77,87,98,120,143 "131";
132 0 1 0,6,9,12,14,20,23,28,38,42,44,45,48,49,51,53,54,56,60,62,64,73,77,80,82,88,91,96,98,100,101,103,106,108,109,112,115,120,122,125,128,129,130,140,142,143,144,149 "132";
133 12 1 0,2,18,26,33,37,43,52,54,64,73,75,79,80,90,98,109,115,127,130,134,137,140,141,147 "133";
134 47 0 3,7,12,14,17,20,30,34,36,45,51,53,56,58,62,64,66,69,73,75,77,90,91,95,97,102,110,112,116,117,125,128,129,132,134,140,142,144,146,149 "134";
135 15 0 0,1,4,6,9,11,13,15,16,18,20,21,24,26,27,30,32,35,36,37,39,42,43,44,47,49,51,52,54,56,58,61,62,66,69,72,73,75,76,77,79,80,82,84,87,90,93,94,96,98,100,102,103,104,106,108,112,113,114,118,122,125,127,129,132,133,134,136,138,142,144,145,146,150,151,152 "135";
136 152 0 0,3,6,12,22,25,27,34,48,50,59,60,62,72,80,82,83,85,102,105,108,109,115,117,127,133,140,144,146,148 "136";
137 35 0 0,12,111,135 "137";
138 43 1 1,18,20,49,52,54,63,72,73,79,111,119,126,129,130,153 "138";
139 98 0 1,3,5,10,11,12,14,17,22,24,26,27,29,30,32,36,37,40,42,43,45,48,49,50,53,55,56,61,62,65,67,68,71,72,74,75,76,78,81,83,88,90,94,98,100,101,103,105,106,110,112,118,120,122,125,127,130,131,133,135,137,139,141,145,148,150,152 "139";
140 102 0 31,39,42,48,51,90,92,120,140 "140";
141 54 0 2,4,6,7,9,10,12,13,14,15,17,18,23,24,28,29,30,31,33,39,41,43,50,51,54,56,57,60,62,63,65,70,71,73,74,76,79,81,83,85,87,89,91,93,94,96,97,99,100,101,109,110,114,115,116,118,123,124,126,130,132,133,135,136,138,139,141,143,144,146,148,149,151,152,154 "141";
142 138 0 16,22,27,29,68,99 "142";
143 146 1 0,4,5,6,8,9,11,12,14,17,19,21,26,28,29,30,32,34,36,38,39,41,43,45,47,48,51,55,57,58,60,62,63,65,67,69,72,75,77,85,87,92,94,98,99,101,102,105,108,110,112,114,116,117,121,122,123,125,129,131,134,136,137,140,142,144,145,148,150,152,154 "143";
144 103 0 0,2,3,5,7,11,15,18,23,26,29,31,32,36,37,40,43,46,47,48,50,52,54,55,58,62,63,65,67,68,70,71,73,74,77,78,80,83,86,88,90,91,93,95,96,97,98,101,103,107,109,110,113,114,115,116,119,121,123,125,127,133,138,139,140,142,143,145,147,150,151,152 "144";
145 87 1 2,4,12,13,17,21,22,23,29,32,33,41,46,48,56,59,63,82,84,86,89,97,117,119,126,127,132,138,140,141,148,150 "145";
146 28 1 0,6,9,12,15,22,26,29,34,44,49,51,54,58,61,62,64,66,75,79,85,93,97,98,100,104,107,110,113,116,118,119,124,126,128,130,134,140,145 "146";
147 2 0 9,11,29,36,49,78,93,105,107,143 "147";
148 39 0 2,4,9,12,16,19,20,22,23,24,25,28,29,30,31,35,36,40,41,44,45,47,48,50,53,55,58,63,66,68,69,71,72,74,77,78,80,81,84,86,89,91,92,95,96,97,99,102,106,111,113,115,116,119,122,124,125,126,127,129,131,137,143,146,149,150,153 "148";
149 31 1 0,3,9,12,14,15,20,21,24,27,33,41,43,45,49,51,52,55,56,59,64,66,69,71,72,74,78,82,83,85,87,89,93,94,97,99,101,102,104,106,107,109,116,120,122,126,127,128,132,139,141,145,147,148,150 "149";
150 10 0 8,64,65,85,121 "150";
151 47 1 13,38,48,75,78,93,99,130 "151";
152 28 1 2,4,7,9,14,17,21,22,27,30,33,38,47,48,50,57,61,62,64,66,69,74,92,96,98,102,106,110,111,118,120,124,126,128,137,143,147,151 "152";
153 64 1 0,1,24,27,31,43,57,61,62,66,83,85,88,91,101,104,106,114,123,126,129,138,144,146,149,154 "153";
154 122 0 1,3,4,8,9,12,14,15,17,24,25,27,28,29,31,34,37,39,40,41,43,45,48,49,52,53,55,57,58,59,61,62,64,67,73,76,77,79,81,82,85,88,89,97,98,100,102,103,105,106,109,110,112,114,117,118,119,121,122,124,125,127,128,130,135,137,139,141,143,144,150,151,152,153,154 "154";
