parity 104;
0 67 1 11,15,18,20,22,23,25,26,29,30,32,33,36,37,47,49,50,52,54,56,59,61,64,67,69,71,72,76,78,84,86,96,98,99,101,103 "0";
1 9 1 0,2,3,6,10,12,14,16,18,20,23,24,25,27,28,30,31,35,37,38,40,41,46,48,50,51,56,59,62,65,67,68,70,71,73,74,77,81,83,84,85,87,88,89,90,92,94,98,100,101,104 "1";
2 29 1 0,3,10,23,35,41 "2";
3 36 1 1,3,8,11,12,17,20,21,23,25,29,31,33,34,35,38,44,46,48,50,54,60,61,63,64,67,69,71,73,74,76,79,83,85,86,88,90,101,103 "3";
4 53 0 2,7,10,12,24,26,27,33,34,37,40,43,47,52,53,56,57,60,62,63,65,70,71,75,76,77,78,81,87,89,93,99,101,102,104 "4";
5 99 0 0,2,3,8,9,11,13,14,16,19,21,24,26,27,29,31,33,34,36,37,38,39,40,44,45,48,50,52,55,57,58,61,62,68,69,71,73,74,76,77,79,87,91,93,94,96,99,100,102,104 "5";
6 38 1 0,1,6,8,10,12,13,15,16,23,28,31,33,34,37,38,43,46,47,48,51,55,57,59,63,66,67,68,70,71,73,75,76,77,79,81,83,84,86,88,90,91,93,96,100,104 "6";
7 62 1 5,8,14,19,20,25,27,29,32,45,46,47,49,52,53,55,60,63,67,70,72,73,76,77,79,81,86,91,92,94,96,99,101,103 "7";
8 5 1 0,2,4,6,7,9,11,13,14,16,21,23,24,25,27,28,31,32,35,37,38,40,41,42,44,45,48,51,55,57,59,61,63,66,67,68,70,71,73,77,79,81,83,84,86,88,91,92,94,100,101 "8";
9 11 1 0,5,7,8,10,17,21,27,29,32,33,36,38,42,44,45,48,50,54,56,57,60,65,68,79,82,86,89,92,93,96,98,101 "9";
10 66 0 0,5,7,11,14,19,26,28,30,48,63,68,69,71,80,84 "10";
11 56 0 0,1,4,7,8,10,15,17,19,20,21,23,24,26,29,31,33,34,38,39,40,41,43,44,46,48,51,52,53,56,58,59,61,64,65,69,72,74,76,77,81,84,86,88,89,91,93,95,98,101,104 "11";
12 21 0 1,2,5,9,10,12,14,17,18,20,21,23,30,33,35,37,39,41,45,49,50,52,54,58,61,63,64,66,68,69,72,74,75,76,78,80,82,86,87,91,92,95,96,103 "12";
13 6 0 4,11,13,19,22,25,28,38,46,49,53,55,65,72,80,85,90,100 "13";
14 60 1 5,7,9,12,15,19,23,26,28,29,30,32,34,36,39,40,45,46,48,49,54,56,57,60,62,64,69,73,76,81,84,86,87,88,92,94,95,96,98,100,102,104 "14";
15 49 0 1,2,3,9,13,17,18,20,21,23,25,27,30,31,33,38,44,48,54,56,59,60,62,65,66,72,75,78,79,82,85,88,89,90,96,98,99,100,102,104 "15";
16 77 0 8,12,15,17,21,33,36,37,42,46,53,55,57,62,65,68,69,70,72,78,84,91,98,100,102,104 "16";
17 13 0 3,7,11,20,22,27,29,30,42,49,50,53,55,61,72,76,77,82,85,89,91,93,95,98,100,102 "17";
18 102 0 3,6,8,9,16,18,20,24,27,30,35,40,46,52,54,62,64,69,70,73,77,79,87,90,91,96,100,104 "18";
19 104 1 1,4,6,8,10,11,15,20,22,24,26,28,31,32,36,38,40,43,47,50,54,57,58,59,62,63,64,66,68,70,72,75,77,78,82,84,86,88,89,91,93,95,97,98,101,102,104 "19";
20 33 0 3,5,6,8,11,15,17,18,21,23,24,26,28,31,32,36,37,38,41,43,45,47,49,53,56,58,59,61,62,66,68,74,77,81,86,89,95,98,102 "20";
21 84 0 0,2,3,6,7,8,9,11,13,15,21,22,25,27,29,32,34,35,36,37,44,47,48,50,51,54,56,57,59,61,64,67,69,71,73,74,75,77,79,81,84,85,86,89,91,92,94,96,99,101 "21";
22 86 1 2,6,7,12,14,16,19,20,22,25,26,29,30,32,34,37,42,44,46,48,50,52,54,55,57,59,60,62,64,65,68,70,72,76,77,80,83,85,88,93,96,100,103 "22";
23 63 1 2,4,18,23,24,30,37,40,43,45,47,49,51,57,66,72,74,75,84,90,92,97,100,103,104 "23";
24 59 1 0,2,4,5,8,9,11,14,17,21,22,23,26,28,29,31,34,36,42,43,46,49,50,53,54,56,59,62,64,66,67,68,70,72,76,81,84,86,89,91,92,93,95,98,100,104 "24";
25 25 1 16,21,28,42,62,74,97,99 "25";
26 40 0 0,2,11,14,16,18,23,26,28,31,35,36,38,46,47,49,50,56,59,61,63,64,66,69,70,72,74,75,78,83,84,93,94,96,99,100,102 "26";
27 9 1 1,4,13,16,20,24,26,27,31,34,36,43,45,48,51,53,55,58,64,68,87,96,101 "27";
28 11 0 0,4,8,10,11,19,22,23,26,29,32,35,36,38,41,43,45,50,51,56,59,63,65,69,72,76,78,85,87,91,97,98,100,102,103 "28";
29 8 1 16,44,79,82 "29";
30 24 0 18,20,26,28,35,41,44,45,48,51,57,60,61,65,67,69,73,78,80,82,84,88,89,96,101,104 "30";
31 37 0 0,2,5,8,9,10,12,13,15,16,17,18,20,22,25,26,28,29,33,35,39,40,41,42,44,46,49,50,58,60,62,67,70,74,77,78,79,81,82,83,85,88,90,96,100,101,104 "31";
32 44 0 3,6,8,9,11,16,24,28,31,36,38,40,41,43,45,47,49,50,51,53,56,64,66,68,75,80,81,82,83,85,88,89,96,98,101 "32";
33 43 0 8,10,11,18,20,27,31,39,44,61,70,74,84,88,91,95,98,99,100,104 "33";
34 4 1 11,13,24,26,29,32,35,47,49,51,57,59,77,84,87,88,89 "34";
35 55 1 1,34,41,44,51,59,64,88,93,101 "35";
36 29 0 14,24,28,41,46,58,70,71,73,77,79,89,98 "36";
37 69 0 4,10,11,12,18,25,29,30,40,42,43,45,48,49,55,57,59,60,62,64,68,79,86,100 "37";
38 101 0 0,1,4,5,6,11,18,19,21,22,24,26,27,28,29,33,34,39,42,44,47,49,50,52,53,55,56,57,59,62,63,64,65,70,71,76,77,78,80,82,83,85,87,88,89,90,93,94,96,97,103,104 "38";
39 31 1 0,1,3,6,7,13,15,16,18,22,24,28,29,33,34,37,39,41,43,45,46,49,55,58,60,61,62,64,65,68,71,73,77,80,86,88,91,94,96,99,100,103,104 "39";
40 92 0 1,3,4,6,7,8,16,18,22,27,29,32,34,36,39,40,42,43,46,49,52,57,61,62,64,66,67,69,71,73,78,80,81,83,85,87,93,94,96,97,100,104 "40";
41 53 1 3,6,11,12,28,57,59,64,66,83,86,96 "41";
42 65 1 0,3,6,15,17,28,38,43,44,51,54,55,58,64,70,71,72,74,77,78,80,84,86,92,94,95,97,102 "42";
43 69 1 1,3,4,5,8,10,12,16,19,20,23,26,29,30,32,36,39,43,45,48,51,53,55,57,59,63,65,67,68,70,75,77,79,82,83,93,96,98,100,103 "43";
44 61 0 3,5,6,8,9,11,17,19,24,25,30,33,39,43,54,60,61,69,73,79,84,88,97,100,104 "44";
45 79 0 0,1,2,5,7,9,15,20,21,36,43,44,46,48,51,53,57,61,64,69,71,73,76,77,82,84,87,90,92,96,98,103 "45";
46 42 1 0,2,4,5,7,9,12,13,17,19,25,26,28,29,31,33,35,36,37,40,41,44,47,49,50,53,54,56,57,59,61,62,64,65,68,69,70,74,77,80,81,82,84,86,87,90,92,95,96,97,101 "46";
47 24 0 3,13,20,27,41,45,51,59,80,95 "47";
48 61 1 12,53,72 "48";
49 18 1 0,1,2,3,7,9,10,11,13,15,19,23,24,26,28,30,32,33,35,36,37,39,40,42,44,45,47,48,50,53,56,57,60,62,65,67,69,70,76,78,80,81,82,86,89,90,91,95,98 "49";
50 27 0 23,66,71,96 "50";
51 17 1 3,6,7,9,11,14,19,29,32,41,47,49,52,53,54,56,62,64,69,70,75,78,80,86,89,94,97,100,104 "51";
52 40 0 9,26,28,30,38,47,51,62,63,65,75,86,94,98,101 "52";
53 67 1 0,1,3,5,6,10,13,16,17,19,21,22,24,25,27,29,32,33,35,36,38,39,42,43,46,48,49,51,52,57,59,61,62,66,67,69,70,74,79,85,87,88,91,93,94,96,99,102,104 "53";
54 20 0 35,51,75,87 "54";
55 29 0 1,4,5,18,29,30,34,40,42,45,47,53,60,61,71,78,85,87,95,97,99,102 "55";
56 69 1 2,5,8,10,13,14,16,17,19,21,25,27,30,31,32,35,36,39,41,43,45,50,51,52,54,58,59,62,63,65,67,71,74,80,81,86,88,90,91,94,96,100,102,104 "56";
57 69 1 3,21,33,41,44,52,60,64,65,71,82,101 "57";
58 96 1 3,5,6,8,9,11,14,23,25,29,31,32,34,36,40,42,46,55,57,59,60,63,65,68,69,71,72,73,75,78,79,81,82,84,85,89,91,92,94,97,99,101 "58";
59 18 0 0,5,6,9,14,18,24,25,39,42,44,60,83,91,92,98,99,101 "59";
60 23 0 5,7,10,12,14,18,23,25,36,38,39,43,45,47,49,51,54,57,62,67,70,77,80,82,84,86,88,91,92,94,95,99,103 "60";
61 12 1 0,3,10,14,17,23,28,31,32,37,40,79,83,84,96,98,104 "61";
62 17 1 1,3,6,7,9,10,13,14,16,17,19,21,22,27,28,31,34,35,36,38,41,48,50,51,54,58,59,64,66,69,74,75,76,77,78,79,81,83,84,85,89,90,92,94,95,97,100,101,103,104 "62";
63 77 1 0,1,3,7,14,15,17,19,23,26,28,29,31,35,36,38,40,42,43,46,48,49,53,54,59,61,65,67,69,71,73,76,78,79,80,83,86,91,94,97,100,104 "63";
64 48 1 2,4,6,9,11,12,14,16,18,21,24,25,27,30,31,34,36,41,42,46,48,50,51,56,59,62,64,67,68,71,75,76,79,86,87,88,90,92,93,95,98,100,102 "64";
65 56 0 1,4,5,6,8,11,14,15,16,19,20,22,25,26,27,29,34,35,36,37,39,42,44,45,46,47,48,50,51,53,55,56,59,62,67,68,70,72,73,74,75,79,82,84,89,91,92,96,98,101,104 "65";
66 6 0 10,31 "66";
67 51 1 0,1,4,6,10,11,14,18,19,28,30,31,33,35,37,38,40,52,55,58,61,62,63,67,69,71,73,79,82,83,84,88,89,91,92,94,96,97,100,102,104 "67";
68 65 0 5,7,9,12,14,18,20,22,23,31,34,36,40,45,49,54,60,63,65,67,72,75,79,83,87,89,90,92,93,95,96,98,104 "68";
69 58 1 1,2,6,7,10,11,16,18,20,32,34,36,37,41,42,46,50,68,74,76,82,98,104 "69";
70 23 1 3,5,13,18,22,64,68,73,78,101 "70";
71 51 1 31,48,81 "71";
72 37 1 24,56,58,60,93 "72";
73 92 0 0,2,3,7,10,13,15,17,21,22,24,26,29,31,32,35,37,39,43,45,46,48,49,51,52,54,55,56,59,61,62,64,65,67,72,74,75,77,78,81,82,86,88,90,92,94,95,97,99,101,103,104 "73";
74 11 0 8,10,11,14,17,25,29,31,40,46,48,55,57,58,61,63,68,69,77,82,85,94,97,100,104 "74";
75 65 1 0,2,4,6,7,8,10,12,14,15,18,19,21,23,27,28,30,33,34,35,36,37,39,41,44,45,47,48,50,55,57,59,61,62,64,66,73,74,75,77,79,85,90,91,94,95,97,102 "75";
76 81 0 1,9,10,16,19,20,22,23,25,29,32,34,36,41,43,44,46,52,53,54,62,63,70,72,73,74,86,88,92,101,103 "76";
77 10 1 4,25,31,53,58,78 "77";
78 32 0 0,3,5,8,12,13,15,17,18,21,24,26,27,30,33,34,37,39,41,42,46,48,50,55,57,58,61,62,63,64,68,69,72,74,77,81,82,83,86,87,88,89,90,92,93,96,97,99,102,104 "78";
79 7 1 0,6,12,16,18,20,22,24,27,29,34,35,37,40,44,46,47,49,53,57,59,60,64,67,68,69,72,74,76,77,78,80,82,89,91,94,96,99,103,104 "79";
80 44 0 3,8,12,20,32,64,72,77,80,83,86,96,99,101 "80";
81 27 1 1,4,7,14,16,24,28,35,38,42,52,59,79,83,87,95,97,99 "81";
82 22 1 0,2,3,4,5,7,8,10,11,13,14,16,19,20,22,24,27,34,36,38,40,41,43,44,47,48,50,52,57,59,61,63,65,68,72,73,76,78,83,84,88,90,93,96,99,101,103 "82";
83 92 1 0,2,4,7,8,10,12,13,14,16,18,20,21,22,24,25,27,29,32,33,38,42,44,46,47,52,54,55,59,61,62,64,67,72,74,75,76,78,82,85,87,89,90,92,94,95,97,98,102 "83";
84 68 0 2,17,22,33,36,41,47,58,63,64,66,71,72,75,81,87,90,93,100,101 "84";
85 14 0 0,1,3,4,11,12,14,16,18,20,22,23,24,28,31,33,35,37,38,42,43,48,49,50,51,53,55,56,58,59,61,63,64,65,68,69,70,74,82,86,88,90,91,93,95,97,99,102,103 "85";
86 3 0 1,3,4,11,14,16,18,23,24,28,32,34,36,40,42,44,45,46,47,48,52,55,57,59,60,64,66,72,74,75,76,81,82,91,97,99,101 "86";
87 96 0 1,6,8,9,11,14,16,17,19,23,24,26,29,30,33,34,35,39,42,43,44,46,47,48,49,53,59,67,68,69,71,77,78,80,82,84,89,90,93,94,96 "87";
88 8 0 1,5,14,15,18,23,26,31,37,42,44,45,47,48,55,59,65,67,72,81,83,84,86,91,93,95,100,101,102 "88";
89 48 1 2,4,6,8,10,11,13,14,16,17,19,21,23,25,29,31,35,36,37,39,41,43,49,51,52,54,55,57,59,61,62,63,65,66,67,69,71,73,75,76,80,81,84,89,91,92,95,96,100,102,104 "89";
90 101 0 1,5,13,17,23,38,40,44,51,52,64,67,69,71,72,73,77,79,87,95,102 "90";
91 70 0 0,1,5,8,11,12,15,16,18,19,20,23,24,26,27,29,31,32,35,37,38,39,41,42,43,49,50,52,54,55,58,59,63,65,67,69,70,72,75,76,78,79,81,83,85,86,91,93,95,96,100,101,102 "91";
92 73 0 1,2,5,6,7,9,10,13,16,18,20,24,26,33,34,38,41,42,46,47,50,53,54,55,59,60,67,71,72,75,78,80,82,83,85,88,89,91,92,101,102,104 "92";
93 74 1 1,10,11,12,14,16,18,21,23,27,30,32,35,37,40,49,55,57,59,62,65,66,68,70,73,74,76,80,82,87,90,92,94,99 "93";
94 88 0 5,14,19,23,28,35,46,52,63,73,85,91,97,100 "94";
95 38 0 4,25,28,30,34,36,60,75,86,87,91,98 "95";
96 62 0 6,7,9,11,12,13,23,30,39,42,43,45,47,48,52,59,64,66,69,73,74,76,79,93,94,100,102 "96";
97 15 1 2,5,7,12,16,17,21,25,30,37,49,58,64,73,75,78,84,86,92,94,96,98,99,103 "97";
98 47 1 0,6,8,18,20,26,32,34,55,60,62,64,70,82,84,86,96,102 "98";
99 100 1 5,6,15,20,23,25,38,41,42,48,49,66,68,70,82,83,85,86,92,97,104 "99";
100 94 1 4,9,12,13,16,18,20,21,23,25,27,28,29,31,32,35,37,41,47,48,50,51,52,55,58,61,64,66,68,69,72,75,82,85,87,96,97 "100";
101 53 0 9,11,16,18,21,25,43,53,54,60,63,65,69,78,82,85,96,97,100,102 "101";
102 44 0 0,4,8,12,15,23,25,30,32,38,41,48,55,56,60,61,63,66,73,80,87,89,95,97,98,103 "102";
103 99 0 2,4,10,13,25,31,34,41,60,78,79,83,85,93,98 "103";
104 9 1 0,2,3,5,6,7,11,12,14,16,17,20,21,24,28,29,31,33,34,35,36,38,40,41,43,44,45,47,49,51,52,54,56,57,59,61,63,64,65,73,76,78,81,82,84,86,90,93,95,97,99,101 "104";
