parity 39;
0 9 1 10,14,20 "0";
1 23 0 1,27 "1";
2 22 0 0,3,5,6,9,10,12,14,16,17,19,21,23,26,27,30,34,35,37,39 "2";
3 31 1 3,4,6,7,9,18,20,21,22,25,29,31,39 "3";
4 39 1 2,4,10,12,14,20,21,23,25,31,32,33,37,38 "4";
5 11 0 22,39 "5";
6 17 0 1,3,7,10,11,16,18,20,22,29,31,34,38 "6";
7 14 1 0,3,4,7,8,10,11,13,15,16,18,20,22,24,26,29,30,33,34,39 "7";
8 13 1 2,6,8,9,14,17,18,26,29,31,33,39 "8";
9 25 0 1,2,5,7,9,10,12,13,15,18,22,32,33,34,35,38 "9";
10 11 1 3,8,9,12,15,23,29 "10";
11 2 1 1,25,29 "11";
12 2 1 0,4,11,30,32,35,38 "12";
13 13 1 4 "13";
14 3 0 8 "14";
15 35 1 5,6,15,34 "15";
16 18 1 2,4,6,11,12,14,16,19,22,24,25,27,28,30,32,33,35,37,39 "16";
17 30 1 0,2,15,23,28,30 "17";
18 29 1 12,21,25,27,28,29,34,35 "18";
19 38 0 4,11,14,22,26,28,29,34,35,37,39 "19";
20 17 1 0,3,11,13,17,18,22,23,28,29,33,38 "20";
21 40 1 0,2,3,4,7,11,12,17,19,21,22,23,24,26,29,30,35,36,37,38 "21";
22 35 0 0,5,6,8,11,12,15,19,26,29,33,35 "22";
23 13 0 0,2,3,5,8,9,11,14,17,23,27,28,29,32,33,36,39 "23";
24 10 0 0,2,4,7,9,12,15,16,20,22,24,25,27,30,32,33,35,38 "24";
25 3 0 4,14,15,34,37,39 "25";
26 14 0 0,1,7,11,13,19,20,22,24,25,28,37 "26";
27 6 1 0,2,4,5,8,10,13,20,22,23,24,27,28,30,31,34,38 "27";
28 26 1 4,10,14,16,17,19,21,23,25,28,29,30,32,34,36,38 "28";
29 33 1 7,13,27,35 "29";
30 12 1 1,5,6,9,14,17,24,29,34,35,38,39 "30";
31 6 0 1,3,12,20,23,28,30,33,34,35,39 "31";
32 32 1 17 "32";
33 30 1 0,2,11,14,15,17,19,20,25,27,32,34 "33";
34 32 1 5,6,8,16,24,26,30,33 "34";
35 22 0 8,11,16,26,31,33,39 "35";
36 3 0 0,4,9,11,14,19,20,24,25,36,38 "36";
37 13 1 0,5,17,20,23,33,36,39 "37";
38 32 1 2,7,11,17,39 "38";
39 4 1 0,4,7,9,11,18,21,22,23,25,28,30,35 "39";
