parity 73;
0 30 1 1,3,4,6,7,9,11,14,16,18,21,22,23,24,26,28,30,33,35,38,39,40,42,43,46,47,48,49,51,52,56,60,62,65,68,71,73 "0";
1 13 1 13,19,54,63 "1";
2 69 1 1,3,4,6,8,10,14,15,16,18,22,23,25,26,27,30,33,38,40,42,43,44,46,50,52,53,55,56,57,59,61,63,64,65,68,72,73 "2";
3 17 0 0,2,3,5,7,14,16,17,18,20,21,27,28,30,34,35,36,38,41,42,46,51,52,55,56,58,59,61,66,67,70,71,73 "3";
4 66 1 0,1,3,5,6,8,11,14,16,20,23,26,27,29,31,32,34,36,39,41,44,57,62,63,68,70,73 "4";
5 17 0 0,4,5,11,12,15,18,20,25,26,41,43,46,47,49,51,58,60,63,67 "5";
6 72 1 4,9,16,20,22,24,28,29,31,34,38,44,47,50,51,53,54,60,66,67,70,71 "6";
7 6 1 0,1,8,15,18,19,21,25,28,32,34,36,37,39,43,47,49,51,53,55,58,63,64,66,68,71,73 "7";
8 63 0 3,5,8,9,11,17,19,20,24,26,28,31,33,40,44,45,47,52,56,57,58,60,62,65,69 "8";
9 43 0 0,14,48,69 "9";
10 74 1 0,2,5,18,20,23,28,33,36,37,41,48,67,69,70 "10";
11 39 1 0,7,9,10,11,13,15,19,21,23,25,28,30,33,35,39,40,41,45,50,56,58,63,68,69,70,72 "11";
12 10 1 1,3,4,6,11,14,19,24,25,28,30,32,39,41,42,47,55,57,60,63,68,69,70,72 "12";
13 44 0 0,3,8,10,11,21,27,30,33,38,46,48,53,64,67,69,72 "13";
14 9 0 1,3,5,6,8,9,13,15,17,19,20,21,23,25,27,31,33,34,36,40,41,42,47,55,59,61,65,66,68,70,73 "14";
15 2 1 2,3,8,12,15,19,21,26,27,28,30,42,44,45,49,51,53,60,61,67,73 "15";
16 53 0 4,5,15,25,28,30,48,53,55,57 "16";
17 23 0 1,3,8,16,18,23,27,31,35,44,45,52,56,62,64,69,71,73 "17";
18 16 1 0,1,2,5,9,12,18,22,23,25,28,33,34,38,40,46,49,53,56,61,64,65,67,71 "18";
19 74 1 22 "19";
20 50 0 2,4,5,7,10,13,16,18,19,22,24,25,30,31,34,42,46,55,60,65,66,67,70,71,73 "20";
21 12 1 4,8,14,17,20,25,48,50,52,55,64,66,73 "21";
22 55 0 4,22,24,52,55 "22";
23 0 1 4,7,15,20,28,29,38,50,53,59,67,70 "23";
24 23 1 1,4,6,20,25,29,32,44,46,50,55,61,64,68,70,71 "24";
25 40 0 0,2,5,8,13,15,17,21,23,25,29,35,37,40,42,44,49,54,56,64,65,72 "25";
26 34 0 6,15,20,24,27,40,48,52,61 "26";
27 59 1 3,4,7,8,9,14,15,18,22,24,27,33,42,44,50,53,55,56,59,64,68,72 "27";
28 59 1 60 "28";
29 38 1 0,2,4,5,8,10,15,19,21,22,23,25,26,28,29,31,38,41,46,48,49,51,53,55,57,59,63,67,68,71,73 "29";
30 14 1 32,45,55,56,67,72 "30";
31 53 0 0,4,6,8,10,12,14,22,25,26,28,29,31,32,33,41,42,44,48,51,57,60,63,64,69,70,73 "31";
32 53 0 0,4,9,14,43,46,52,56,58,61,62,63,69 "32";
33 29 1 1,3,6,7,8,11,14,15,18,23,26,27,30,32,35,42,44,47,49,50,52,54,56,60,65,66,68,70,72 "33";
34 33 0 0,4,5,8,10,13,14,15,16,22,24,25,27,31,33,35,37,38,40,45,46,48,49,51,53,55,56,58,59,61,63,69,70,72,73 "34";
35 74 0 8,19,28,51,57,66,68 "35";
36 73 0 0,2,3,5,6,9,13,15,21,23,25,27,28,29,32,37,40,42,45,46,47,49,51,54,55,58,59,61,63,65,66,69,71,73 "36";
37 34 1 2,16,28,35,49,54,57,61,65,72 "37";
38 15 0 10,50 "38";
39 0 0 20,29,36,45,47,72 "39";
40 12 1 0,3,5,16,18,20,22,27,29,34,39,41,43,46,48,54,58,60,66 "40";
41 15 1 7,44,70 "41";
42 48 0 5,15,17,35,40,53 "42";
43 31 1 13,16,24,34,36,49,54,58,62,72,73 "43";
44 30 0 0,1,3,4,5,7,8,9,12,13,14,16,20,22,23,29,31,36,37,39,41,43,44,50,51,54,56,57,59,62,64,66,70,72,73 "44";
45 47 1 0,2,4,5,16,18,19,21,22,27,30,32,36,40,42,44,47,51,56,58,61,63,66,69,72,73 "45";
46 14 0 2,4,6,15,26,32,37,38,42,46,48,53,60,68 "46";
47 61 1 10,25,34,43,46,57,59,62,68 "47";
48 21 0 11,14,27 "48";
49 40 1 51,59,71 "49";
50 9 0 1,2,3,5,6,9,13,14,17,20,23,24,25,26,29,30,33,39,41,43,44,46,48,52,53,56,58,60,62,63,65,66,70,71,73 "50";
51 36 0 0,2,3,4,6,8,9,11,14,17,20,22,25,27,29,31,32,37,41,43,45,47,50,51,55,58,59,63,66,69,70 "51";
52 16 0 8,11,19,20,28,36,54,61,68,70 "52";
53 8 1 1,5,8,12,15,24,27,36,42,46,53,64,70 "53";
54 48 0 0,3,4,6,7,8,9,11,14,19,27,28,30,33,35,37,41,42,47,49,51,52,54,57,58,60,61,62,63,65,71,72,73 "54";
55 5 1 6,12,15,16,20,22,24,27,31,32,40,41,43,49,56,60,64,68,70 "55";
56 49 1 4,6,13,15,16,19,22,23,24,26,31,33,35,37,38,40,42,43,45,46,48,49,52,55,57,61,64,69,72,73 "56";
57 11 1 3,7,30,41 "57";
58 17 1 4,6,13,24,25,29,36,37,41,43,63,69 "58";
59 55 0 3,5,18,21,25,27,31,45,48,59,65,68,71 "59";
60 62 0 1,3,19,30,54,66,69 "60";
61 3 0 0,5,11,13,15,17,21,23,24,25,26,28,29,30,32,36,38,40,43,45,47,48,52,53,54,55,57,59,60,62,63,67,69,72,73 "61";
62 11 1 2,11,27,50,56,60,67,71 "62";
63 18 0 1,3,10,11,13,18,19,20,22,28,34,48,49,52,56,61,65,67,70 "63";
64 51 1 4,7,29,32,46,53,55,65,66 "64";
65 27 0 1,2,5,6,8,9,11,12,19,20,21,23,24,27,31,32,36,38,40,42,44,48,50,51,52,54,60,62,65,68,69,71 "65";
66 47 1 2,5,7,8,10,11,12,14,17,19,22,23,27,29,30,34,37,43,47,50,52,57,60,62,70,73 "66";
67 26 0 39 "67";
68 17 1 15,24,31,35,40,59,68 "68";
69 32 0 47 "69";
70 48 0 1,3,4,8,9,10,11,13,15,17,20,24,25,26,27,30,31,33,38,39,44,46,48,49,50,55,56,57,58,60,62,64,66,67,70,71,72 "70";
71 63 0 1,2,6,7,10,15,28,58 "71";
72 66 1 1,6,21,24,51,67 "72";
73 36 1 0,1,4,6,9,15,19,20,22,27,31,33,40,41,43,48,51,53,60,63,70 "73";
