parity 183;
0 48 1 16,17,19,25,26,30,38,39,48,52,57,61,75,77,91,92,98,108,109,114,116,126,138,145,148,149,156,159,161,171 "0";
1 184 0 0,5,8,9,12,17,19,24,28,30,42,50,52,61,62,68,75,76,79,80,81,83,91,93,98,108,110,117,128,131,136,139,140,142,146,154,156,162,163,165,175,180,183 "1";
2 35 1 0,1,4,7,11,13,14,18,19,23,24,27,28,29,31,32,33,36,38,39,42,43,47,49,50,52,54,58,59,60,61,63,65,67,69,70,72,73,75,76,77,79,83,86,88,91,93,94,100,102,105,108,109,112,114,118,120,121,122,123,126,129,131,133,135,137,139,140,144,146,150,151,152,153,155,157,158,160,161,162,165,167,168,170,171,174,175,178,180,182,183 "2";
3 96 0 1,8,14,16,26,42,45,60,68,71,78,82,107,110,120,123,127,159,164,166,175,182 "3";
4 178 1 15,25,27,32,37,40,43,46,63,64,81,85,89,101,107,112,114,117,126,128,132,134,140,154,156,157,159,166,178,182,183 "4";
5 143 0 3,9,14,16,26,28,30,33,35,40,45,47,51,56,58,63,66,69,71,77,79,81,84,95,98,100,105,109,111,116,118,128,129,132,135,138,142,144,149,157,160,161,169,172,174,177,178,179,180,181 "5";
6 87 0 2,3,4,6,9,13,14,15,18,20,22,23,25,26,28,32,33,36,37,39,42,45,47,50,52,57,58,59,66,67,71,79,80,83,84,87,90,91,93,94,97,99,101,102,106,108,110,112,113,117,118,119,121,122,124,126,130,131,134,135,137,141,143,147,148,150,151,154,155,157,159,160,162,164,165,167,168,169,171,176,177,179,180,182,183 "6";
7 15 0 0,4,5,8,9,10,17,19,21,23,28,29,31,33,34,36,37,38,40,43,46,47,48,50,54,55,60,61,62,63,66,67,68,70,72,73,76,80,81,83,85,91,92,93,94,96,97,99,102,105,106,108,110,112,113,117,118,119,121,124,128,134,135,136,139,140,142,143,147,148,151,152,153,157,159,162,163,165,170,174,175,177,178,179,183 "7";
8 73 0 1,4,7,9,12,14,17,18,19,21,23,25,27,29,30,32,39,41,42,44,49,50,53,55,56,60,62,63,66,67,72,73,74,75,77,82,85,86,88,93,95,96,99,101,103,105,107,110,111,113,116,119,121,124,126,127,128,130,131,133,134,135,138,139,142,144,150,153,159,160,164,166,168,170,171,172,175,181,183 "8";
9 110 1 24,50,55,56,63,89,98,120,127,128,135,138,165 "9";
10 76 0 4,6,8,17,20,24,28,44,49,53,59,63,65,68,71,73,74,78,79,81,83,85,87,89,101,103,109,111,115,121,124,126,133,135,136,141,142,146,149,155,160,165,172,181,183 "10";
11 180 1 0,2,3,5,7,10,11,12,17,18,19,20,22,24,26,30,33,39,46,53,57,58,60,61,62,64,69,72,74,75,80,83,85,87,92,94,95,97,102,103,106,107,109,111,116,118,122,123,125,126,129,132,133,135,138,142,144,145,148,150,152,155,158,165,166,170,172,174,175,182,183 "11";
12 19 1 1,2,9,13,15,17,18,19,21,26,27,28,30,32,33,37,39,41,44,45,48,50,63,65,67,79,81,84,85,87,89,93,95,96,102,106,113,115,116,119,123,124,130,132,133,148,150,154,157,159,166,174,175,178,181,182 "12";
13 41 1 3,7,8,9,15,27,31,44,45,49,65,71,73,86,94,102,104,106,115,123,124,126,128,136,142,147,148,150,154,157,162,167,170,171,181,182 "13";
14 167 0 8,10,12,14,16,21,31,33,35,37,39,42,49,55,66,70,75,78,83,90,92,96,98,100,104,106,111,116,117,120,121,131,134,138,139,144,146,154,155,156,160,162,171,173,175 "14";
15 133 0 1,3,4,9,11,16,17,20,21,23,25,28,32,34,35,40,41,44,45,51,53,55,56,58,59,63,64,65,68,70,77,80,85,87,89,92,94,96,98,102,104,106,107,109,116,119,121,124,126,128,129,131,135,136,139,143,145,148,149,151,154,155,159,160,162,164,165,166,167,172,177,181,183 "15";
16 32 0 4,7,9,10,12,17,20,26,28,32,35,38,39,41,56,59,63,71,76,79,83,85,93,100,105,108,110,119,122,126,127,134,138,142,145,148,152,159,165,167,174,178 "16";
17 43 1 46,63,77,88,100,110,114,124,126,146,152,161 "17";
18 57 1 18,67,76,82,107,129,158 "18";
19 37 0 0,2,7,8,10,18,20,23,25,29,34,36,39,41,47,48,50,53,54,61,68,70,71,75,76,81,84,86,91,92,94,103,104,107,112,118,120,122,124,135,138,139,143,145,150,157,162,168,180 "19";
20 117 1 23,32,42,96,105,126,144 "20";
21 62 0 2,4,6,11,13,14,16,17,22,24,25,28,29,31,33,36,38,41,42,44,47,49,51,54,57,58,60,61,63,65,71,72,75,80,85,86,90,91,92,97,101,102,104,105,106,112,114,116,119,122,130,132,134,138,140,141,144,145,146,147,150,152,155,156,157,160,162,168,173,174,176,178,179,181,183 "21";
22 157 0 17,20,39,68,105,107,121,127,154,162,166,167,170,175 "22";
23 1 1 8,11,14,18,19,21,25,26,32,33,35,46,49,55,57,59,65,75,76,80,83,92,98,102,106,107,110,111,119,124,125,126,135,140,148,151,153,158,160,164,167,171,174,176,180,182,183 "23";
24 95 0 0,3,4,7,10,12,13,14,16,18,19,21,22,24,25,32,33,35,39,42,46,47,52,54,57,59,61,63,64,66,69,72,74,78,79,81,82,83,96,99,100,102,103,104,108,111,112,114,116,121,123,129,131,132,133,144,146,147,151,153,155,156,162,165,168,170,171,176,179,180,182 "24";
25 128 1 4,6,9,11,13,26,27,29,32,34,35,37,38,43,44,45,51,59,61,65,73,74,78,82,84,86,89,91,93,97,98,101,103,111,117,123,125,131,133,137,140,143,144,148,150,164,167,168,170,171,173,177,179 "25";
26 165 0 0,12,14,16,17,20,26,30,34,40,43,48,50,59,60,64,65,74,86,87,92,100,102,105,107,113,119,131,139,141,155,156,158,159,164,169,175,180,183 "26";
27 64 1 1,3,5,6,7,8,10,13,14,15,17,20,23,25,27,29,30,31,32,36,37,40,42,45,50,54,57,58,59,62,64,65,67,69,70,71,74,77,79,81,85,87,88,89,90,91,94,96,98,101,104,105,107,108,109,111,114,116,117,118,119,120,122,124,125,127,128,130,132,134,135,138,141,143,145,146,147,150,151,153,155,156,158,160,162,165,166,168,170,179,180,183 "27";
28 20 1 9,19,32,44,50,61,71,80,82,98,100,104,105,110,118,123,129,131,135,143,166,170,173 "28";
29 16 1 19,103,113 "29";
30 86 1 0,2,6,8,9,10,13,14,15,16,18,19,20,22,24,26,27,28,30,34,36,37,38,40,41,42,44,47,48,49,51,52,55,57,59,60,61,63,66,68,71,74,77,80,81,82,84,85,88,90,93,96,97,99,100,102,105,107,108,110,114,117,122,124,125,126,130,132,133,136,139,141,142,145,147,148,152,153,154,158,161,162,166,167,171,174,176,178,182 "30";
31 96 1 2,16,41,53,88,106,114,139,149,151,154,161,163,183 "31";
32 154 0 7,20,26,32,38,49,53,56,66,79,99,106,109,116,118,122,163,166,168,174 "32";
33 8 0 0,2,4,6,8,9,12,15,16,18,19,21,22,27,32,34,37,38,40,42,43,45,46,48,53,54,55,58,61,63,66,68,69,71,78,79,80,82,84,86,88,90,91,94,96,97,103,104,106,107,108,109,111,113,114,118,119,121,125,126,127,129,131,132,134,136,138,141,143,144,146,148,150,152,153,155,157,159,161,163,166,167,169,170,177,178,180,181,182,183 "33";
34 41 1 0,2,9,15,19,25,28,32,46,52,53,55,64,73,77,80,86,91,102,104,106,111,119,122,131,135,138,139,141,146,152,153,159,162,170,171,178,183 "34";
35 92 1 39,50,68,70,74,83,90,109,137,154,170,172,176 "35";
36 41 0 0,9,12,13,16,21,23,27,31,34,35,44,50,52,56,60,70,80,84,93,95,100,104,106,108,111,118,121,129,131,134,136,137,138,144,147,150,153,159,161,164,173,176,178,182 "36";
37 78 0 2,5,7,8,10,11,15,23,32,37,40,43,44,46,54,56,59,69,74,85,87,88,90,91,100,102,106,108,112,121,127,134,136,148,149,152,155,159,163,164,167,168,170,171,172,174,175,178,180,182 "37";
38 166 1 16,24,33,42,49,50,57,61,65,72,76,84,86,103,104,112,113,115,121,125,127,129,133,137,142,146,158,167,174,177 "38";
39 146 1 4,7,8,13,18,22,25,27,31,37,38,39,41,45,48,52,55,56,57,61,62,64,66,67,71,75,76,83,86,89,91,95,107,115,118,120,121,122,124,129,136,138,139,145,149,153,155,159,165,169,175,180,183 "39";
40 13 0 0,7,9,10,13,14,16,21,22,24,25,26,28,30,31,34,36,37,38,46,48,50,51,56,58,60,61,64,65,66,68,69,73,76,78,80,82,84,85,88,91,93,95,97,102,105,106,111,116,117,120,122,124,126,127,129,130,134,135,137,140,144,147,150,152,154,155,156,158,159,160,162,163,164,165,167,168,170,171,173,175,177,178,179,183 "40";
41 98 1 3,9,11,12,14,17,19,22,25,27,30,32,36,44,46,48,51,52,55,57,58,64,69,75,76,79,81,82,84,85,87,94,96,99,105,110,117,121,125,126,130,134,144,146,148,151,153,158,165,166,174,176,180,183 "41";
42 3 1 1,4,6,11,18,25,31,35,37,41,42,51,55,57,66,69,70,74,85,87,90,93,102,103,105,113,116,119,121,123,133,140,146,148,150,155,165,169,173,178,180,181,183 "42";
43 156 0 0,7,9,11,13,19,21,25,28,29,31,43,53,61,65,76,80,82,91,98,103,107,109,110,118,120,124,128,137,149,150,154,157,163,165,171,175,176,181 "43";
44 40 0 0,3,9,11,18,32,36,37,40,50,54,62,73,84,90,99,104,116,120,125,130,132,134,138,141,146,147,155,160,163,177 "44";
45 121 1 2,6,8,14,17,19,24,25,28,30,33,34,35,36,39,41,43,45,47,49,57,60,62,66,67,68,73,76,82,85,91,95,105,107,109,114,116,118,119,136,138,139,141,143,146,150,151,154,155,157,158,160,165,167,170,176,178,180,182,183 "45";
46 37 1 0,4,6,11,16,18,21,23,25,27,29,34,37,38,41,43,44,49,50,52,55,57,59,60,64,67,69,72,75,76,78,80,81,82,87,90,92,98,101,104,105,111,112,114,119,121,124,130,131,134,136,138,141,143,144,147,149,151,155,156,157,158,160,162,164,166,167,169,172,174,177,181 "46";
47 5 1 0,2,4,6,10,13,15,16,18,24,25,27,32,34,43,47,55,56,60,62,66,70,72,75,76,83,85,87,89,90,91,93,96,98,102,104,107,111,113,114,116,123,126,129,132,133,139,140,144,148,153,155,160,163,165,166,168,171,173,175,177,179,180 "47";
48 125 1 40,46,59,93,108,128,166 "48";
49 91 1 33,51,54,72,139,146,167 "49";
50 129 1 30,90,131,157 "50";
51 42 1 7,14,16,30,40,42,52,58,66,69,73,103,110,124,142,147,164,170,173,180 "51";
52 142 1 2,5,8,10,15,17,29,39,45,53,55,57,64,75,79,83,86,87,89,92,96,98,99,103,105,107,114,116,119,121,123,126,127,130,135,140,154,158,164,168,171,172,174,176,179,181,183 "52";
53 57 0 1,9,13,28,30,33,40,41,44,45,52,59,63,64,66,83,84,86,105,107,109,117,119,125,130,136,138,143,150,153,157,162,165,166,174 "53";
54 126 0 3,6,10,16,20,22,25,33,35,37,39,44,47,49,53,56,59,60,62,63,64,74,78,82,85,87,89,95,102,105,110,111,117,120,122,124,125,132,137,140,141,145,151,154,157,160,163,168,173,174,180,181,183 "54";
55 155 1 10,13,15,22,26,36,52,54,72,87,91,99,112,114,116,124,127,150,151,158,160,164,176,181 "55";
56 141 0 0,3,5,11,13,15,16,20,27,28,30,33,36,40,42,47,53,56,57,60,61,64,67,72,73,78,79,81,85,87,88,92,94,96,99,100,101,103,106,108,112,116,117,119,122,125,127,130,132,133,134,148,151,156,158,160,164,166,168,169,174,175,177,179,182 "56";
57 100 1 1,3,5,10,11,12,14,15,16,19,29,32,33,38,39,45,47,48,50,53,59,64,70,71,74,75,77,79,80,82,83,85,87,89,90,92,94,101,103,106,108,113,116,120,123,124,127,133,136,139,140,142,143,146,150,153,154,155,157,160,163,164,168,171,172,174,179,181,183 "57";
58 53 1 0,3,6,9,13,14,16,20,21,24,26,30,40,43,70,81,89,98,102,104,112,117,130,135,136,139,143,144,155,157,164,168,172,180,182 "58";
59 133 0 7,21,24,27,30,35,36,48,53,56,60,64,67,76,79,89,94,107,109,114,118,124,128,131,138,142,144,154,157,168,172,179,182 "59";
60 31 1 34,95,149,166 "60";
61 167 1 3,5,9,15,18,19,20,23,25,27,28,32,33,34,36,37,38,39,41,43,47,49,50,52,54,55,56,58,59,60,62,64,65,66,71,72,74,76,78,80,82,85,86,87,89,91,92,94,96,97,98,101,107,108,112,115,116,119,122,123,129,131,134,136,137,142,143,144,146,148,150,156,158,160,167,169,172,173,178,179,180,182 "61";
62 61 0 0,8,9,13,32,50,63,65,77,82,83,92,103,117,119,140,146,157,160,174,180 "62";
63 87 0 0,4,7,10,11,13,19,21,25,30,32,34,43,45,47,52,54,58,62,65,66,68,70,72,73,76,78,80,85,87,90,94,99,101,103,107,113,115,120,122,125,129,131,133,138,139,141,142,144,145,146,148,150,151,152,156,157,162,165,167,169,181 "63";
64 72 0 0,2,14,16,23,29,37,38,43,44,47,51,57,62,64,65,71,73,80,81,83,86,91,93,96,99,101,104,105,107,109,111,112,115,118,122,124,125,132,137,139,141,146,148,153,160,163,172,177,180,181 "64";
65 127 1 2,4,7,13,15,25,35,40,42,45,47,50,54,58,60,61,66,67,78,92,93,99,104,122,125,130,135,149,154,159,160,164,166,167,180 "65";
66 12 0 0,4,7,14,23,24,32,40,46,47,55,56,60,62,71,77,78,81,83,86,88,90,95,99,102,106,111,116,119,124,129,131,134,135,140,141,145,147,151,152,157,158,164,165,169,173,174,182,183 "66";
67 157 0 0,1,3,5,6,8,10,11,13,15,16,20,22,24,30,31,34,35,37,39,42,44,45,46,49,51,52,53,54,56,57,58,61,63,67,68,71,73,78,79,82,84,85,87,88,90,92,93,95,96,98,101,104,105,107,110,112,114,117,124,126,129,130,131,132,135,136,139,144,145,148,149,150,156,158,161,163,166,170,172,173,176,179,180,181,183 "67";
68 93 1 43,48 "68";
69 53 0 5,27,67,75,118,123,147,172 "69";
70 31 0 6,7,23,26,40,42,48,55,57,67,71,81,90,94,99,113,115,122,125,127,129,141,152,155,158,175,180,182 "70";
71 0 0 0,2,3,5,9,11,12,15,18,21,23,24,26,27,30,32,34,38,39,41,43,49,51,53,56,58,59,60,62,63,66,70,75,78,79,81,82,83,84,86,88,90,92,94,96,98,101,104,106,107,109,112,113,115,116,117,119,120,130,131,132,136,139,144,146,148,150,151,156,157,169,170,174,178,180 "71";
72 63 0 0,4,6,9,12,13,16,19,20,23,25,26,27,30,32,34,37,39,41,43,45,46,48,52,55,56,59,60,62,66,69,73,75,78,81,83,87,90,91,94,95,98,100,102,104,108,110,111,112,114,115,117,119,121,122,123,127,128,130,132,133,137,139,141,145,146,148,150,152,153,156,159,162,164,166,169,171,172,173,175,177,179,182 "72";
73 4 1 1,20,32,41,62,68,93,108,115,156,158,171,176,179 "73";
74 37 1 0,8,10,14,35,44,45,65,82,92,102,103,116,122,136,142,150,167,176 "74";
75 147 0 2,15,19,22,27,32,44,49,53,57,59,62,66,67,69,80,82,85,92,99,100,105,107,111,121,123,127,131,138,140,155,159,165,176 "75";
76 155 0 1,2,12,15,21,23,25,30,35,38,42,43,44,47,48,51,52,54,56,59,62,67,75,77,79,80,90,96,103,106,111,112,117,124,128,140,142,146,149,160,162,163,167,172,173,178,180,182,183 "76";
77 129 0 0,1,3,4,5,6,7,10,12,14,16,17,19,20,22,23,25,28,31,33,39,41,42,44,45,47,48,49,51,54,56,59,61,62,63,65,67,69,70,72,76,78,81,82,83,84,87,90,93,95,97,101,103,106,108,112,115,116,117,118,120,123,126,129,130,132,133,136,137,141,142,147,149,151,153,155,158,159,162,164,167,169,170,172,173,175,176,177,179,180,183 "77";
78 151 1 11,12,16,25,39,43,48,56,69,91,110,111,115,122,131,148,154,157,163,166,171,178,181 "78";
79 37 1 3,5,9,10,15,16,26,29,45,57,62,69,76,83,90,91,95,99,100,110,111,114,115,130,134,140,144,146,154,169,171,174,179,182,183 "79";
80 85 1 3,4,7,9,10,13,17,22,27,28,34,36,37,43,44,46,48,49,50,55,56,58,59,61,62,67,70,71,74,76,79,81,83,85,86,88,92,94,97,98,100,102,103,105,107,112,118,121,124,125,133,135,137,140,141,144,145,147,148,150,152,154,159,165,167,169,174,177,180 "80";
81 139 0 6,9,10,13,17,19,21,23,26,27,29,36,37,42,45,47,50,60,65,66,68,76,80,83,87,92,95,101,108,109,112,114,131,138,149,157,159,163,166,171,175,179,181 "81";
82 140 1 0,1,3,7,9,11,13,15,20,22,25,32,33,34,37,42,47,48,52,56,57,59,63,66,72,75,82,85,86,91,94,97,99,102,105,108,110,112,113,115,116,123,124,129,133,140,142,143,145,149,152,155,156,159,165,168,169,171,172,173,176,178,180,182 "82";
83 12 0 0,1,3,7,11,15,16,18,21,22,25,27,28,29,32,34,35,39,41,43,44,45,46,49,51,52,55,56,59,60,63,66,69,71,75,76,78,84,88,89,91,93,94,96,98,99,101,104,107,108,110,114,117,119,120,122,127,129,132,133,135,138,140,143,145,150,151,152,153,156,161,162,165,167,169,170,171,174,177,180,181,183 "83";
84 136 1 9,16,20,22,25,45,55,67,68,70,74,80,87,91,94,96,98,104,107,117,120,140,152,154,163,170,178,183 "84";
85 8 0 0,1,3,8,9,10,12,16,17,18,21,24,25,28,32,35,36,37,38,40,41,42,49,53,54,57,60,61,65,67,76,79,81,82,87,91,93,97,101,105,107,112,113,120,121,124,126,131,132,136,141,142,144,147,149,157,160,161,164,165,167,169,170,172,174,177,179,182 "85";
86 33 1 1,10,13,22,31,51,55,59,62,64,83,99,102,103,122,132,133,144,150,166,181 "86";
87 172 0 2,7,9,16,25,26,31,34,46,48,54,58,63,71,75,88,94,97,100,102,103,107,122,130,137,141,152,164,166,173,176 "87";
88 152 1 12,32,36,38,49,50,53,61,71,90,105,113,124,143,170,180 "88";
89 40 0 9,11,14,17,21,23,26,41,42,43,45,47,57,59,63,68,69,70,72,81,83,85,87,90,93,95,99,102,105,110,112,116,117,118,120,122,124,127,129,134,140,142,154,155,160,161,164,166,167,169,171,172,174,175,177,180,182 "89";
90 95 1 0,1,2,4,12,18,23,24,26,29,31,39,42,59,67,70,72,79,81,82,84,85,90,95,102,105,108,113,121,123,125,126,127,131,133,134,139,140,146,147,152,155,157,159,168,170,173,182 "90";
91 122 0 1,3,7,8,14,15,18,20,21,25,27,28,29,31,34,36,38,40,42,43,45,46,48,52,54,56,58,60,63,64,67,68,70,71,72,75,77,80,81,83,84,87,89,90,92,94,95,97,100,101,107,109,110,112,113,116,119,121,122,124,125,129,133,134,136,142,143,144,147,148,149,152,153,157,160,163,164,166,167,169,172,173,175,176,179,182 "91";
92 138 0 1,2,5,7,15,17,19,20,21,23,24,30,31,34,36,37,42,43,46,47,48,49,51,53,54,56,57,58,61,62,64,66,68,70,75,77,79,81,84,87,90,91,94,97,98,102,105,108,110,111,113,114,116,117,119,121,123,126,129,132,134,137,138,139,140,142,147,149,150,152,153,155,157,158,159,161,164,165,167,170,173,174,176,179,181,183 "92";
93 122 0 9,23,125,136,148,163,166 "93";
94 175 1 2,7,9,11,15,21,23,24,28,29,30,31,33,35,36,40,41,45,46,47,48,53,55,58,60,62,67,72,74,76,78,80,82,84,93,94,98,100,102,105,108,111,113,114,116,118,119,123,125,128,130,133,135,139,144,146,148,150,152,154,159,163,165,168,169,171 "94";
95 22 0 3,6,7,9,11,13,16,19,20,21,23,26,27,29,31,32,34,37,40,42,43,44,47,48,50,52,57,59,61,62,63,65,67,69,71,75,76,78,81,82,83,86,88,89,91,96,98,100,102,104,105,109,111,113,117,118,120,121,122,126,130,132,133,135,137,139,141,143,144,147,149,153,154,158,159,160,167,168,170,172,174,175,178,179,182,183 "95";
96 165 1 11,14,22,33,37,40,42,45,52,55,57,63,72,80,98,100,103,106,107,109,121,125,132,144,154,161,166,174,177,182 "96";
97 163 0 0,2,4,6,12,13,16,18,20,22,23,26,28,30,42,45,47,49,50,54,58,65,69,72,74,78,82,85,86,88,90,99,103,108,114,117,120,122,124,126,129,132,136,139,142,144,146,148,153,155,157,161,163,168,171,173,179,181,183 "97";
98 145 1 1,2,4,7,9,10,18,22,26,27,31,33,35,37,41,45,51,56,58,61,63,65,67,68,71,73,75,79,81,82,83,86,88,90,94,95,96,99,100,101,108,113,114,117,121,123,126,130,131,132,137,139,143,145,151,155,158,159,160,164,167,171,173,175,176,178,181,183 "98";
99 32 1 3,6,7,10,11,18,21,23,29,35,50,52,57,65,67,69,70,75,78,85,87,89,91,93,95,97,101,102,109,111,115,119,124,126,130,132,138,140,142,147,149,152,159,161,164,167,171,174,175,177,178 "99";
100 110 1 0,3,5,6,8,10,17,18,21,23,27,28,31,33,38,41,43,45,47,48,51,55,56,57,63,65,66,71,72,74,75,78,82,84,86,91,98,99,100,103,107,109,111,112,115,118,119,121,128,130,133,135,138,142,146,148,149,153,154,156,157,161,162,163,166,167,168,169,172,174,179,181 "100";
101 102 0 2,6,8,9,11,19,22,26,28,33,37,39,45,47,52,57,59,62,65,66,70,71,78,80,88,97,98,104,106,109,113,115,116,117,120,124,131,139,143,146,150,156,158,161,164,166,168,170,171,183 "101";
102 169 1 5,6,8,11,16,20,23,27,29,32,33,40,44,48,52,54,56,58,61,64,65,67,69,74,75,78,84,85,87,102,106,109,112,115,122,126,128,129,142,145,148,153,154,158,163,165,171,173,178 "102";
103 23 1 1,2,7,10,12,15,17,18,20,23,25,28,29,31,34,35,39,41,43,45,46,50,51,53,56,57,60,62,63,65,66,68,70,72,74,76,77,79,83,84,88,89,92,99,101,102,106,109,112,113,116,118,119,120,121,123,124,128,129,130,134,135,136,137,142,144,149,151,152,153,155,156,159,161,164,167,169,172,173,177,181,183 "103";
104 127 0 0,4,6,11,12,14,19,21,23,25,31,33,35,38,39,41,42,46,50,52,54,55,57,59,61,66,67,69,73,76,78,79,81,85,88,91,92,94,95,98,99,103,108,109,112,116,118,123,127,128,133,136,138,139,142,146,147,150,151,153,158,160,161,164,166,167,173,175,177,178,180,182,183 "104";
105 175 0 0,4,5,11,20,25,27,43,50,64,71,77,83,92,93,95,97,110,111,114,119,121,131,136,143,150,157,160,162,171,177 "105";
106 23 1 41,61,108,150,173,179 "106";
107 3 1 4,5,7,8,11,13,16,17,19,21,23,25,26,28,29,31,32,33,34,37,38,40,42,46,48,53,55,56,57,60,63,64,65,67,69,71,72,75,77,79,81,85,86,89,92,93,94,96,97,99,101,103,105,112,115,116,120,121,123,124,125,128,130,132,136,138,140,142,143,145,147,152,155,157,160,161,163,164,170,171,174,175,176,178,179,181,182 "107";
108 104 0 0,1,3,8,16,18,22,24,31,33,42,44,46,48,49,54,60,62,69,74,76,79,83,86,88,89,91,93,96,99,100,101,103,104,111,115,117,124,129,133,143,145,149,153,164,169,171,173,174,179 "108";
109 125 1 0,3,5,6,11,18,22,26,28,30,32,35,39,43,45,46,50,51,53,59,60,63,67,71,72,74,77,81,83,87,92,94,95,101,103,106,107,112,113,116,121,124,127,128,130,131,132,136,138,139,140,143,145,147,148,150,154,157,159,163,165,172,174,176,179,181,182,183 "109";
110 63 1 1,7,89,112,124,129,158 "110";
111 142 1 1,6,9,11,13,16,20,23,24,27,32,34,36,38,44,46,48,50,54,55,61,64,66,68,70,74,78,83,84,86,87,89,91,98,101,104,107,109,112,114,116,118,124,127,132,133,139,142,144,147,150,153,155,156,158,162,170,175,180,183 "111";
112 163 1 0,2,3,5,7,12,13,16,18,20,24,27,35,36,38,41,44,48,50,51,59,61,68,80,83,94,97,98,101,106,108,114,129,137,141,146,147,152,156,160,163,167,174,179,180,182 "112";
113 3 0 14,18,30,35,38,46,58,61,67,71,74,79,81,88,97,99,101,105,106,108,114,123,132,134,151,154,158,161,166,171,174,176 "113";
114 181 1 3,5,6,7,10,21,31,34,43,50,55,56,59,62,65,72,74,79,81,84,91,98,102,105,111,117,119,123,126,130,131,136,138,142,147,150,151,154,158,164,167,169,171,174,176,182 "114";
115 129 0 0,3,4,6,8,11,13,15,17,19,21,22,24,27,28,30,33,40,45,48,52,55,58,61,62,65,66,68,71,72,77,78,80,82,83,86,88,89,90,92,94,97,100,101,103,105,107,108,110,114,116,117,122,124,125,127,129,132,133,134,137,140,141,144,147,151,155,157,161,163,167,168,172,174,177,181,183 "115";
116 116 0 2,9,22,83,86,104,106,118,148,167 "116";
117 116 1 3,4,6,9,10,11,14,19,21,24,26,31,35,42,43,47,60,61,64,67,72,78,79,87,90,94,101,104,111,122,124,126,127,128,130,134,138,140,148,155,156,162,164,166,168,171 "117";
118 68 0 9,16,20,25,27,29,30,35,37,39,40,47,49,53,55,56,58,64,66,80,84,87,88,95,97,105,107,108,112,114,115,119,130,140,151,152,172,174,175,177,178,182,183 "118";
119 89 0 2,4,10,16,18,24,27,32,34,42,45,48,49,54,60,63,77,82,88,93,97,99,104,105,108,111,114,120,130,131,136,142,145,147,148,151,155,159,161,164,168,173,175,180,183 "119";
120 24 1 15,23 "120";
121 39 1 0,1,4,5,15,18,20,32,43,44,46,47,51,54,60,63,65,76,81,82,86,91,95,102,104,119,123,131,133,136,144,146,147,150,161,164,166,167,175,179 "121";
122 41 0 0,7,9,11,14,15,16,19,21,22,23,25,27,30,31,34,36,38,39,41,44,45,46,48,49,50,57,59,61,62,64,67,71,73,74,76,78,82,83,85,87,89,90,92,95,97,98,99,104,105,108,109,110,113,114,115,119,120,122,124,125,128,130,132,135,138,142,144,146,147,148,149,151,152,156,157,159,161,163,164,166,167,171,173,174,175,176,178,180,182 "122";
123 40 0 0,3,9,11,15,18,23,26,27,29,32,34,36,37,43,45,46,49,52,56,59,63,67,68,71,73,76,81,82,84,85,87,90,93,95,97,100,101,102,108,109,113,117,119,121,123,125,127,128,134,135,143,146,148,157,160,161,166,168,173,174,178,181,182 "123";
124 82 0 0,2,4,6,12,14,16,17,20,28,31,32,37,40,47,54,55,57,58,60,69,73,78,80,81,87,89,91,93,95,96,99,102,103,104,106,110,111,113,115,117,119,123,126,129,130,134,137,140,142,148,151,153,157,159,161,162,165,169,171,175,177,179,180,183 "124";
125 184 0 4,6,8,18,25,49,78,86,110,124,128,131,132,141,147,148,150,152,169,178 "125";
126 35 0 2,5,9,10,13,15,16,17,19,21,27,30,36,41,43,47,49,50,53,59,68,70,74,76,82,84,85,91,92,93,95,98,99,103,105,107,111,115,123,128,129,131,135,136,139,140,142,143,146,147,153,156,159,162,166,170,171,172,173,175,176,178,180,182 "126";
127 2 0 1,4,8,11,13,18,21,27,29,36,38,43,45,48,50,53,60,62,64,70,71,77,78,80,81,82,89,96,98,99,101,103,109,115,122,127,131,136,137,142,143,146,150,165,170,174,178,180 "127";
128 81 1 3,9,10,17,19,28,33,37,38,40,41,50,52,54,58,60,62,63,65,66,70,74,76,78,80,82,84,91,93,94,95,96,98,100,104,106,111,113,116,118,121,123,124,125,133,137,138,143,149,154,157,161,162,166,168,181,182 "128";
129 36 1 10,80,138 "129";
130 22 0 4,9,13,18,22,24,32,33,36,40,77,79,80,82,85,87,89,96,110,120,137,160,161,166,170,176 "130";
131 78 1 0,2,4,8,9,14,16,18,25,26,28,31,35,36,37,38,50,54,58,61,65,67,70,73,75,78,79,80,84,86,88,90,92,95,96,98,99,105,113,114,119,121,122,123,124,127,130,133,141,144,147,149,150,151,154,156,158,161,163,166,168,176,181,182 "131";
132 78 0 1,10,13,18,19,23,24,27,31,32,34,35,38,44,47,54,57,68,69,71,72,77,80,83,84,89,96,100,103,105,106,111,112,114,116,121,123,124,128,130,132,133,137,143,144,151,154,156,158,170,171,172,175,179 "132";
133 137 0 2,4,8,10,12,14,19,21,24,28,31,34,36,38,39,42,44,45,47,50,51,52,56,57,58,62,64,69,73,75,77,82,84,85,86,87,90,91,93,97,98,101,103,105,106,108,109,112,115,119,120,126,132,134,136,138,141,142,144,145,147,149,153,158,159,161,163,165,166,167,168,173,175,177,179,182 "133";
134 113 0 0,1,2,4,7,10,11,15,20,24,26,29,30,31,34,36,39,40,42,46,47,49,52,55,58,60,63,65,66,69,72,73,75,77,79,80,81,85,87,92,93,95,98,101,103,105,109,113,118,120,121,124,131,135,136,140,142,147,150,151,155,158,160,162,165,166,167,171,174,178,179,181,183 "134";
135 168 0 0,2,7,9,18,23,24,30,34,35,36,40,41,44,47,54,57,59,61,63,65,70,79,83,85,91,95,98,99,105,115,117,119,121,123,129,133,143,145,146,147,149,153,160,161,163,167,173,177,178,182 "135";
136 43 1 9,35,93,163,169 "136";
137 149 0 17,44,65,68,73,102,103,105,109,136,141,144,147,148,155,182 "137";
138 20 0 1,5,6,11,12,21,27,31,34,35,38,41,46,48,53,57,58,70,71,75,78,81,83,84,86,87,89,90,95,97,99,103,106,117,119,125,128,130,131,134,142,145,148,149,154,155,156,160,164,167,171,172,176,178,182 "138";
139 81 0 0,4,6,7,11,16,18,22,23,25,28,31,35,38,39,42,47,50,52,56,61,62,63,65,68,71,77,78,80,83,90,95,98,100,104,105,107,109,110,113,115,118,122,124,130,134,136,145,146,149,156,158,162,165,167,169,171,174,177,179,183 "139";
140 157 0 0,1,3,4,5,9,14,16,17,19,24,28,31,32,34,35,38,40,41,43,45,46,49,50,51,52,53,58,59,61,63,64,67,69,72,74,75,79,80,81,82,85,87,88,89,91,92,93,97,99,101,106,107,109,113,115,117,119,120,122,124,126,127,128,129,130,132,137,140,141,144,147,148,151,154,155,156,158,160,162,163,164,166,167,169,174,176,177,178,180,182,183 "140";
141 106 0 0,2,3,5,7,8,9,11,13,15,18,23,26,29,33,34,36,37,39,43,44,49,51,53,55,56,60,61,63,65,69,71,72,75,77,78,80,81,85,87,90,92,98,100,101,102,104,107,108,110,112,113,115,117,118,121,123,127,128,133,135,137,138,142,148,150,153,156,159,160,162,163,164,166,169,172,178,183 "141";
142 48 0 3,5,8,9,13,14,17,21,22,25,27,29,34,37,42,43,47,51,52,54,56,62,69,71,75,78,80,84,88,91,95,96,98,101,103,108,113,115,117,120,125,132,138,150,152,154,156,157,165,167,169,174,177,179,182,183 "142";
143 173 0 17,57,78,84,87,100,117,135,162,164,178 "143";
144 21 1 1,2,6,8,17,24,27,30,31,35,37,38,41,48,54,56,58,59,63,64,67,70,71,74,78,86,92,93,100,108,113,114,124,131,135,137,139,142,146,154,157,160,162,164,168,171,173,178 "144";
145 11 0 22,53,56,63,76,82,98,103,106,114,120,123,149,176,183 "145";
146 102 0 1,3,5,10,25,27,33,35,37,43,45,55,64,66,68,78,105,113,122,126,130,132,135,138,142,143,145,147,149,151,155,157,160,163,167,170,173,175,177,178,180,183 "146";
147 47 1 2,3,4,6,8,12,14,15,16,19,23,34,37,39,43,46,48,50,52,54,59,64,65,69,71,72,75,76,80,83,85,88,91,94,96,99,100,104,105,107,111,112,114,115,118,121,128,130,132,136,138,142,145,147,150,152,154,155,158,160,162,165,166,170,174,178 "147";
148 31 1 6,7,11,14,19,24,26,30,35,47,54,57,64,65,67,72,81,85,87,101,113,121,122,128,138,146,154,157,163,169,174,179,181 "148";
149 172 0 0,1,6,7,12,13,15,16,18,20,21,22,24,30,31,32,34,36,46,49,51,53,57,59,62,68,72,73,76,77,81,83,84,87,89,91,96,98,99,102,105,110,112,113,115,119,122,124,127,131,135,137,139,141,143,145,149,152,154,159,164,167,170,173,174,179,183 "149";
150 51 1 70,109,113,131,136 "150";
151 17 1 1,2,4,8,10,12,13,16,18,20,21,30,33,34,36,40,42,44,46,48,51,52,54,56,57,62,66,67,71,73,75,77,82,84,91,95,96,99,102,110,113,115,117,118,121,124,125,129,131,139,141,143,144,148,153,156,157,159,164,166,169,173,175,180,181,183 "151";
152 40 1 6,10,11,15,26,33,36,42,52,54,58,60,61,66,68,70,80,84,90,101,104,108,113,115,117,122,128,135,137,140,145,150,162,174,179,182 "152";
153 114 0 2,6,16,36,62,70,75,82,87,92,94,95,107,113,114,115,118,119,129,136,138,144,147,168,170 "153";
154 184 0 7,11,16,23,25,46,48,52,61,81,94,96,106,108,112,121,123,131,133,138,139,160 "154";
155 75 0 5,12,25,38,66,101,122,136,150,154,163 "155";
156 133 0 21,46,55,61,70,74,89,121,129,139,143 "156";
157 178 1 3,8,10,16,18,22,25,34,36,41,42,43,44,46,49,55,62,66,76,80,82,83,89,90,93,95,103,106,108,116,118,124,128,137,138,141,146,149,150,156,161,164,174,175,180,181,183 "157";
158 26 0 0,4,7,8,10,15,16,17,18,19,23,26,27,29,33,35,37,39,41,44,45,48,51,53,55,59,61,63,64,65,66,69,71,73,74,76,78,81,83,84,86,88,92,93,95,97,98,101,103,104,107,108,109,110,112,113,115,117,119,121,124,125,128,130,131,135,136,139,143,145,146,147,150,151,153,154,157,160,161,162,165,167,168,170,174,176,178,179,181,183 "158";
159 94 0 6,21,22,27,46,49,57,74,78,83,90,95,98,123,132,140,151 "159";
160 6 0 0,5,7,15,27,35,37,44,55,59,63,64,68,73,75,78,83,93,111,115,118,121,127,134,140,144,146,162,164,165,167,168,170,173,181 "160";
161 165 1 0,2,5,8,10,14,15,17,19,20,22,27,32,35,38,39,41,42,44,47,49,50,53,59,60,62,64,66,73,75,78,79,81,85,87,89,92,93,95,97,99,101,105,106,111,114,116,117,125,127,130,132,134,138,139,143,144,148,150,153,155,156,162,165,171,175,176,180,182,183 "161";
162 103 1 3,6,8,12,13,15,20,22,24,25,28,30,31,33,37,39,42,46,48,49,50,55,56,57,59,62,64,66,69,70,73,74,77,78,81,82,86,90,91,92,96,104,106,108,113,117,121,127,129,131,137,141,147,149,150,152,156,157,163,166,171,173,176,178,180 "162";
163 38 0 2,3,8,10,15,18,21,22,28,30,33,35,36,39,46,50,51,56,57,65,68,74,77,80,82,84,92,95,99,100,109,110,111,114,115,119,120,122,124,132,136,139,141,147,150,156,159,161,162,168,169,177,180,182 "163";
164 41 1 1,9,11,18,21,22,24,29,34,38,41,45,61,64,75,86,90,96,101,103,104,110,112,114,115,116,118,122,126,127,136,137,145,153,170,182 "164";
165 82 0 0,3,6,8,12,14,17,18,21,22,23,30,31,32,38,41,45,48,50,51,55,56,58,59,63,68,69,77,79,82,83,85,91,93,94,96,98,100,101,103,105,108,109,110,112,114,117,120,122,126,128,130,133,134,136,139,141,142,143,146,148,151,153,154,155,159,160,162,164,168,171,173,177,182 "165";
166 3 1 0,2,3,4,5,7,8,10,12,16,18,24,26,27,28,30,31,33,36,39,42,43,46,48,53,54,56,60,62,66,67,70,72,73,77,78,83,88,89,90,92,93,95,96,100,102,104,106,107,108,110,111,112,115,117,119,123,125,127,128,130,131,132,134,135,136,138,141,143,145,146,147,149,150,152,155,156,158,159,160,162,165,170,172,175,178,180,182 "166";
167 158 1 1,4,8,10,14,16,21,22,24,25,27,33,38,39,40,42,45,47,48,51,54,57,61,67,68,70,76,78,79,81,82,87,95,98,99,102,103,106,109,111,114,117,119,126,128,131,136,137,141,147,148,150,152,156,157,159,168,172,176,178,183 "167";
168 39 0 10,24,29,38,42,72,87,91,100,105,117,119,120,125,134,167,174 "168";
169 87 1 2,4,6,7,10,13,16,17,20,22,24,25,28,30,32,35,36,42,44,45,48,50,53,59,62,63,65,69,72,76,77,78,81,83,85,89,91,93,96,98,100,102,103,105,108,111,113,117,119,120,123,126,127,130,132,134,142,146,147,153,156,159,161,163,164,166,168,169,171,173,176,177,179,182 "169";
170 104 0 3,8,16,19,21,23,26,28,30,35,36,44,46,50,53,56,61,64,66,70,73,76,79,82,83,85,92,96,101,104,106,108,114,117,118,124,126,130,138,144,147,148,149,151,153,158,160,164,165,167,172,174,178 "170";
171 12 1 4,12,19,21,23,31,32,34,36,45,48,51,52,60,66,74,75,78,79,82,89,92,96,103,105,112,116,117,123,125,129,131,133,136,142,146,149,150,154,157,164,166,169,173,174,176,179 "171";
172 118 0 23,36,43,45,50,59,68,76,79,92,95,96,103,104,110,114,116,134,137,143,147,150,153,157,163,164,165,169,170 "172";
173 5 1 2,11,16,19,29,31,37,42,48,53,80,87,96,115,118,119,130,146,150,151,173,178,181,182 "173";
174 23 1 81,172 "174";
175 140 1 10,11,14,19,31,35,38,47,48,79,80,99,113,123,135,141,157,165,166,172,176,181,182 "175";
176 137 0 5,10,17,26,29,32,39,43,45,50,54,63,66,71,77,80,85,93,99,101,102,110,120,126,130,131,138,140,148,150,151,153,168,171,173,176,183 "176";
177 155 1 1,4,5,7,8,9,11,13,15,16,18,19,20,24,26,27,32,34,35,36,39,41,42,46,48,50,51,53,55,56,59,61,62,63,65,67,69,70,73,77,83,86,88,92,93,95,96,98,100,103,107,108,110,111,113,115,116,118,119,122,124,126,127,129,132,134,136,137,138,139,142,144,146,151,152,154,155,156,157,160,161,162,167,169,170,173,174,175,180,182,183 "177";
178 34 1 15,36,37,40,50,55,60,62,65,74,80,91,93,97,103,105,108,109,114,119,130,134,140,145,146,152,157,159,171,179 "178";
179 29 0 2,8,15,18,20,23,25,28,32,36,45,48,54,72,73,77,78,85,87,89,91,92,93,105,113,124,125,128,136,138,142,145,147,150,152,154,163,165,170,173,178,181 "179";
180 57 1 2,3,10,14,22,25,27,28,29,31,32,34,37,40,41,42,44,45,46,47,50,52,57,60,61,63,64,67,68,70,74,77,79,81,83,85,86,87,90,91,92,93,94,96,101,102,109,111,117,119,123,125,126,129,133,135,136,138,140,142,143,149,154,155,157,158,159,160,163,165,167,168,169,171,174,175,179,182 "180";
181 45 1 3,4,6,9,11,14,16,17,19,22,26,28,32,33,34,36,38,39,40,42,43,45,46,51,53,54,56,61,62,63,65,67,69,72,73,78,80,82,85,89,92,94,96,97,99,100,103,105,108,111,113,117,118,119,120,122,124,125,127,130,131,132,135,136,137,139,141,143,145,147,149,150,153,156,158,161,162,164,168,171,174,176,178,180,181,183 "181";
182 80 1 18,29,32,34,42,43,47,56,74,76,86,91,98,117,123,135,137,141,144,154,156,170,176 "182";
183 128 0 3,4,13,15,16,23,26,38,46,56,59,65,66,68,72,80,83,87,99,106,110,113,129,131,150,151,161,169,171,173,175 "183";
