parity 142;
0 68 0 2,3,7,9,14,16,19,21,25,27,30,32,36,37,38,41,42,43,45,47,51,53,57,58,60,63,65,68,71,73,75,76,78,81,83,85,88,90,93,98,101,102,103,104,107,108,110,115,116,118,119,122,124,127,131,135,136,138,139,141,142 "0";
1 114 1 0,3,4,6,7,8,10,11,13,15,17,18,19,21,22,23,25,29,31,32,33,34,39,41,42,47,48,50,52,53,56,57,63,71,72,75,78,79,82,83,86,87,88,93,96,97,102,104,106,107,109,110,111,116,117,119,120,121,123,125,126,128,130,132,134,135,136,137,141,142 "1";
2 36 0 0,1,3,12,16,18,19,22,25,32,33,36,45,46,49,57,63,65,67,68,71,73,84,86,91,92,94,96,102,107,110,112,114,116,118,120,121,127,129,136 "2";
3 17 0 1,5,6,9,10,14,15,16,18,19,21,22,26,27,29,30,31,33,35,41,43,44,46,47,52,54,57,59,61,62,65,66,69,70,71,73,76,78,81,86,92,94,96,97,100,102,103,108,109,113,114,115,120,126,129,133,136,137,141 "3";
4 56 0 11,16,18,24,43,46,49,54,55,57,64,69,75,76,77,86,93,97,102,105,108,109,113,121,123,126,128,129 "4";
5 90 1 0,2,4,7,8,9,10,11,13,18,19,20,21,23,25,27,30,33,36,39,49,51,52,54,56,61,63,64,67,72,73,75,77,80,81,85,89,96,97,98,100,101,103,105,106,114,121,123,125,127,129,130,131,132,134,142 "5";
6 27 0 0,1,4,6,7,8,13,17,23,25,28,33,34,35,39,42,43,47,49,52,59,63,66,72,76,78,83,85,91,92,99,101,108,109,111,113,116,118,119,120,123,126,128,130,132,133,135,137,139,142 "6";
7 113 1 3,14,17,25,41,45,58,76,87,100,102,115,119,128 "7";
8 142 1 5,12,14,21,29,34,35,37,51,57,61,70,79,85,86,87,96,98,104,106,109,112,113,116,123,131,134,139,140 "8";
9 90 1 6,7,9,11,12,14,17,18,19,21,23,24,25,28,29,32,34,35,36,43,44,45,55,57,59,60,64,70,73,74,76,80,83,84,87,88,90,94,98,99,102,103,105,109,111,119,124,129,130,136 "9";
10 121 0 26,35,45,81,93,95,112,132 "10";
11 28 0 5,8,14,16,18,19,24,31,35,37,39,46,48,50,54,55,57,63,74,76,85,88,92,104,106,109,119,126,127 "11";
12 54 0 3,17,25,30,36,39,57,60,69,75,82,95,101,106,108,115,119,141 "12";
13 86 1 1,3,6,8,12,15,20,22,27,30,41,43,52,61,62,66,77,81,91,105,110,115,119,121,124,131,133,138 "13";
14 115 0 1,11,17,19,23,26,28,35,41,49,55,74,76,86,92,96,107,109,110,113,120,125,131,137 "14";
15 11 0 4,5,7,11,12,13,17,18,20,22,24,26,32,34,36,38,45,48,52,62,64,66,68,78,80,85,87,94,99,107,108,112,114,116,118,128,131,134,141 "15";
16 55 1 17,43,44,53,126,131 "16";
17 16 1 8,10,13,14,22,32,34,40,44,46,53,60,67,73,76,85,87,95,99,105,107,110,115,124,131,135,138 "17";
18 102 0 4,9,14,19,21,25,29,39,43,46,48,53,55,59,60,63,66,70,73,78,81,89,100,103,110,111,114,124 "18";
19 75 0 0,4,21,31,51,57,60,62,63,65,75,81,88,94,98,134,142 "19";
20 36 1 0,2,3,5,6,9,11,13,15,16,21,22,25,27,34,38,40,42,43,44,45,47,49,51,52,54,55,56,58,60,61,63,66,67,70,71,76,77,79,80,82,83,84,86,89,94,97,98,101,102,103,105,106,108,111,115,117,122,123,125,127,128,130,132,133,135,136,138,142 "20";
21 4 0 1,4,5,7,8,10,13,16,17,20,22,25,27,34,37,40,41,46,48,50,52,53,59,67,70,72,73,75,76,81,82,84,85,87,93,98,104,105,107,109,111,114,115,118,119,120,121,129,131,135,137,138,139,141 "21";
22 81 1 3,6,13,21,31,34,37,39,46,68,70,78,87,91,98,99,104,105,109,111,117,122,128,131,135,136,137,140,142 "22";
23 118 1 3,6,8,18,19,25,26,30,35,39,44,45,47,50,52,53,54,56,59,62,66,68,70,76,77,82,83,85,88,90,92,101,103,105,111,113,115,117,122,125,128,130,133,134,136,137 "23";
24 85 1 50,134 "24";
25 98 0 1,3,5,6,8,10,12,13,16,19,20,21,25,26,28,29,34,35,37,38,40,41,46,47,48,50,52,55,56,57,59,61,63,64,73,74,77,80,82,83,85,87,88,90,92,93,94,96,98,100,102,105,106,109,110,113,114,116,117,118,122,124,126,128,134,137,140,142 "25";
26 33 0 94,111,131 "26";
27 48 1 1,5,6,13,16,25,27,29,36,37,42,44,57,58,60,64,67,72,73,75,78,79,80,89,91,97,98,101,103,107,109,110,116,121,125,129,141 "27";
28 15 1 1,22,35,37,44,45,46,50,55,68,77,81,89,95,99,100,106,107,122,132,140 "28";
29 80 0 2,8,37,45,54,82,84,90,95,99,106,109,112,118,139 "29";
30 132 1 3,7,8,10,12,18,28,30,31,33,39,40,42,45,49,52,54,56,57,60,63,71,74,76,80,83,92,94,96,97,99,103,108,110,111,113,115,117,118,121,122,124,126,128,131,137,138,139,142 "30";
31 101 1 5,9,16,18,21,23,24,32,36,38,40,42,43,48,51,56,62,66,68,69,72,75,80,81,87,90,94,98,99,101,105,107,114,116,120,122,124,125,130,132,133,141 "31";
32 124 0 18,20,50,71 "32";
33 75 1 0,7,31,48,54,74,79,102,119,127,129,142 "33";
34 60 1 17,20,21,23,26,29,30,32,33,35,38,39,41,53,58,60,63,65,67,69,71,72,73,84,89,90,92,93,96,97,102,105,108,109,113,117,118,126,132,136 "34";
35 70 0 1,3,4,7,10,13,15,16,19,20,22,26,29,33,34,38,42,44,47,49,50,55,57,60,61,64,67,68,70,72,74,77,79,81,85,89,93,94,106,109,111,114,119,121,123,126,127,129,133,136,137,139 "35";
36 114 0 4,6,8,9,12,17,19,20,22,23,27,28,30,33,34,36,38,43,50,51,56,65,67,71,74,83,84,86,88,94,95,96,98,100,102,103,105,111,116,117,120,123,124,126,127,128,130,133,139,140 "36";
37 101 0 2,4,7,10,11,15,18,20,21,25,29,30,32,33,35,36,37,46,47,55,56,57,60,63,64,66,72,73,76,77,82,85,87,88,92,94,97,98,106,107,114,116,119,121,123,125,130,131,133,135,140,141 "37";
38 136 0 7,17,21,28,40,50,52,53,56,60,64,75,78,85,91,108,121 "38";
39 59 1 3,20,34,36,66,97,102,104,112,116,132,136,140 "39";
40 12 0 2,11,18,20,23,40,46,58,61,72,83,86,95,96,99,107,109,112,117,119,120,122,123,133,135,137,139 "40";
41 59 0 0,5,11,12,15,17,18,23,24,30,31,36,38,41,43,45,46,49,50,54,57,62,64,65,67,70,73,75,76,78,79,81,83,88,91,93,94,97,100,101,102,103,107,109,115,120,121,123,124,129,131,136,137,139,140,141 "41";
42 58 0 5,7,9,17,20,23,25,28,41,42,44,49,52,62,68,72,74,79,80,89,91,94,96,99,101,106,113,117,124,126,128,131,134,140 "42";
43 120 1 1,2,8,12,14,15,20,23,25,27,28,32,35,36,38,44,46,49,51,52,54,58,59,60,65,67,70,71,72,76,77,78,83,85,87,94,96,103,104,105,110,117,119,120,123,125,129,132,133,135,141 "43";
44 133 0 1,4,8,12,14,15,17,20,21,24,30,31,35,38,41,42,45,49,52,53,56,58,61,62,64,65,67,70,71,74,76,78,82,83,86,88,89,91,93,95,99,101,103,105,109,110,116,119,122,123,124,126,128,131,138,142 "44";
45 54 0 10,65,102 "45";
46 96 1 44,46,54,68,78,80,97,103,105,107 "46";
47 36 0 0,3,8,11,19,22,27,29,33,39,42,48,54,57,63,69,73,76,79,82,87,89,91,93,99,102,105,107,114,115,119,123,124,125,132,134,142 "47";
48 20 1 2,4,6,14,26,29,31,37,38,44,51,55,57,59,61,63,75,83,89,95,103,108,113,117,119,126,128,129,136,141 "48";
49 8 1 0,4,11,12,15,17,18,20,21,23,25,29,31,34,36,38,42,43,45,49,51,55,56,58,59,61,66,71,73,74,76,78,79,80,82,83,85,89,90,92,95,97,102,106,107,111,112,113,117,118,121,123,130,131,135,138,139,141 "49";
50 35 0 0,2,4,6,8,10,23,27,29,30,32,37,40,43,47,55,58,63,66,69,71,75,77,85,88,91,95,96,97,99,102,103,105,107,108,110,113,116,120,132,135,138,140 "50";
51 123 0 2,4,5,10,12,15,17,18,20,26,34,36,40,41,44,45,47,51,55,56,57,60,70,72,78,87,89,91,94,95,99,105,108,110,112,115,116,117,124,130,132,133,134,135,136,140 "51";
52 0 0 7,14,16,19,21,23,26,35,39,42,44,46,54,57,58,60,61,63,66,67,77,83,90,97,102,106,112,115,121,128 "52";
53 139 1 2,9,17,19,25,28,35,38,40,42,43,52,55,58,64,66,67,70,72,73,76,77,79,81,83,87,90,93,99,101,103,106,108,114,115,122,129,132,134,140,141 "53";
54 133 0 0,2,4,9,10,11,13,14,18,21,22,24,28,30,33,34,36,37,39,41,45,47,49,51,52,53,55,60,62,63,66,68,70,72,74,78,80,83,84,85,87,88,90,93,95,97,98,100,102,104,106,107,109,111,114,115,117,119,121,122,123,126,128,131,133,135,137,138,139,141 "54";
55 19 1 3,4,7,9,17,20,22,28,32,33,35,39,41,46,48,49,51,53,54,56,58,61,64,72,74,78,80,84,87,89,93,98,99,105,108,110,113,116,117,119,128,129,131,133,137,139,140 "55";
56 133 0 1,3,4,7,12,14,16,19,22,27,28,30,32,37,40,42,44,47,48,49,51,55,60,61,63,66,71,72,74,77,80,81,85,87,88,90,93,94,103,105,109,111,113,118,119,121,122,131,136,139,141 "56";
57 24 0 2,5,7,13,32,33,34,44,51,55,73,74,82,88,106,110,111,114,116,127,133,136,138 "57";
58 99 1 0,1,4,5,7,10,13,15,17,18,19,20,21,24,25,27,31,33,35,36,38,40,41,46,49,50,56,58,60,62,63,66,68,71,73,75,76,78,81,82,83,86,88,89,99,104,106,107,108,110,112,113,120,122,123,125,127,128,130,131,132,134,136,139,140 "58";
59 21 1 6,15,16,31,40,42,43,55,58,63,65,73,76,80,89,95,97,100,107,111,114,116,121,128,129,132,139 "59";
60 70 0 1,2,9,11,13,14,16,18,20,22,24,25,33,34,36,38,40,41,44,46,47,49,52,54,57,58,63,64,65,67,69,70,71,74,76,80,81,83,86,88,89,91,92,94,95,96,100,102,106,108,109,110,113,117,119,120,121,123,124,126,129,131,133,134,136,138 "60";
61 57 0 0,7,14,27,35,40,61,64,78,82,107,117,119,139 "61";
62 44 1 6,8,16,33,43,46,52,53,57,65,84,89,106,132,135 "62";
63 48 1 12,14,15,18,22,23,37,49,62,68,73,76,86,94,96,98,100,125,130,133 "63";
64 31 0 0,7,17,22,24,31,34,36,38,43,64,67,73,76,79,84,88,91,104,112,115,125,134,137,140 "64";
65 98 1 0,1,6,9,12,13,16,17,18,20,24,26,30,32,33,34,37,41,50,52,55,56,58,60,63,66,68,69,71,74,78,79,81,85,88,90,94,97,98,103,104,108,109,113,114,116,117,119,120,121,122,124,125,126,128,132,136,137,141 "65";
66 23 0 42,49,96,142 "66";
67 54 1 0,3,7,8,9,10,12,13,16,19,23,24,28,30,32,34,36,38,41,43,45,46,49,52,53,54,56,57,58,61,65,69,70,74,75,79,80,81,85,86,88,90,95,96,98,100,104,106,107,109,112,113,115,118,122,124,125,127,128,129,130,133,135,137,142 "67";
68 81 1 10,17,18,20,34,38,49,57,64,67,71,74,80,97,103,108,116,117,121,125,129,131,138 "68";
69 125 0 0,8,12,13,21,29,31,38,47,52,62,91,98,99,126,128,130,132 "69";
70 88 0 0,3,6,10,18,21,24,26,27,42,43,46,49,54,57,60,65,67,70,73,78,84,87,89,94,95,100,105,112,114,116,119,125,136,141 "70";
71 50 0 0,3,4,6,7,9,12,14,16,17,19,21,24,26,27,32,35,38,39,40,42,43,45,47,49,56,57,58,59,63,65,68,70,74,76,77,79,80,81,84,85,87,88,90,91,93,94,95,97,100,103,105,106,110,111,114,115,117,118,119,121,123,124,126,127,129,130,131,135,138,140,142 "71";
72 12 1 2,3,4,8,9,10,14,15,18,20,22,24,26,27,29,32,33,36,38,40,43,45,47,48,49,52,54,55,57,58,60,62,63,66,69,71,72,77,78,80,85,87,91,96,99,100,104,105,107,111,114,116,117,119,121,124,126,128,130,131,133,138,139,141,142 "72";
73 134 1 6,8,16,27,32,34,41,42,45,47,49,66,67,76,84,93,95,103,113,116,119,134,139 "73";
74 105 0 4,9,13,18,29,30,49,57,60,77,78,89,94,103,111,116,119,121,128,129,135,137 "74";
75 44 1 4,11,16,23,30,34,41,50,57,61,69,74,84,88,91,93,95,97,108,118,122,132,136,142 "75";
76 99 1 1,2,3,5,6,9,10,12,15,18,19,25,27,30,33,35,37,39,51,53,55,56,57,60,61,62,64,66,70,73,75,76,78,80,83,85,87,89,90,91,93,94,97,99,101,102,106,108,112,114,116,118,119,121,122,123,126,127,129,131,132,133,136,139,140,142 "76";
77 7 1 5,7,9,12,14,17,18,20,21,22,25,27,30,35,41,45,46,49,50,53,55,56,59,62,66,68,70,71,73,75,81,84,86,88,91,93,100,101,105,106,109,110,112,114,115,116,120,124,126,132,134,141,142 "77";
78 53 0 2,5,23,26,28,58,74,86,89,100,124,134,137 "78";
79 82 1 5,12,16,19,26,29,32,33,44,47,48,51,58,63,65,67,68,73,75,76,79,84,91,93,95,96,97,100,103,105,106,108,115,120,121,123,126,128,129,134,138,139,142 "79";
80 91 1 4,8,10,13,14,15,20,22,26,34,38,44,46,51,57,62,65,67,71,73,82,89,93,94,98,101,111,116,120,121,123,127,137,141 "80";
81 121 0 0,1,2,4,5,7,10,11,14,16,18,24,26,29,31,32,34,44,46,49,50,51,53,56,60,61,66,69,71,74,75,77,80,81,86,88,93,96,99,101,103,105,109,111,113,114,116,117,118,119,121,122,126,128,130,131,133,134,137,139,142 "81";
82 6 0 3,4,6,10,17,19,22,24,27,36,37,40,44,45,48,50,51,56,61,66,73,74,77,79,81,84,85,87,88,98,101,106,108,115,116,120,125,126,128,131,141,142 "82";
83 105 1 20,31,93 "83";
84 56 0 0,6,8,15,21,27,28,30,32,34,45,48,49,59,61,64,71,75,76,79,81,84,87,88,93,94,100,101,114,119,127,130,131,135,136 "84";
85 90 0 4,7,18,22,23,31,40,44,53,55,60,66,68,69,83,92,96,105,108,117,119,124,130,138 "85";
86 61 1 1,2,3,5,8,10,15,17,21,23,26,28,32,33,34,36,38,41,43,45,46,48,50,51,53,54,55,56,58,60,61,63,65,68,70,76,77,79,81,82,84,87,89,91,93,94,95,97,99,104,105,111,114,116,118,121,123,124,128,131,134,135,137,138,139,140,142 "86";
87 77 1 0,9,28,33,34,43,50,56,60,68,110,114,138 "87";
88 117 0 1,4,6,11,19,22,28,30,32,40,42,45,50,52,55,60,63,64,67,68,69,74,77,79,80,86,89,92,97,100,102,106,108,110,116,117,118,120,122,123,126,129,131,134,136,140,142 "88";
89 52 1 0,3,6,7,11,15,23,25,34,36,41,48,50,53,55,57,58,61,63,93,94,95,99,121,124,127,142 "89";
90 48 0 5,7,13,16,20,23,27,32,34,39,41,43,44,50,56,63,66,68,73,75,76,83,84,88,90,96,98,100,102,106,111,118,119,121,123,125,126,131,134,137,138 "90";
91 71 0 0,4,8,9,15,17,19,22,26,27,28,33,34,36,40,41,44,45,48,52,55,56,57,60,62,65,69,71,74,76,81,85,92,94,95,98,110,114,118,121,123,129,130,132,136,137,140 "91";
92 121 1 0,2,3,5,6,7,13,16,19,20,23,24,26,28,30,32,36,38,42,44,48,49,52,54,57,59,62,63,66,67,70,72,74,76,78,79,80,81,93,94,96,98,101,106,107,110,114,115,117,118,119,121,123,124,127,128,131,133,135,137,138,140,142 "92";
93 56 0 0,4,9,11,15,17,22,23,24,26,28,31,34,37,40,45,46,47,50,52,56,58,59,60,62,63,66,68,72,74,78,84,86,87,94,101,103,104,105,107,114,116,119,121,123,126,130,133,135,138,140 "93";
94 1 1 2,3,5,9,11,13,15,16,19,21,24,26,29,33,35,44,50,52,55,59,63,68,71,74,76,77,83,86,88,102,105,106,110,115,124,127,128,129,131,134,137,139,141 "94";
95 73 1 41,120,140 "95";
96 71 1 7,8,9,14,20,22,28,30,36,39,40,44,46,52,57,58,59,61,66,68,71,73,81,82,84,85,88,90,95,96,101,104,106,115,119,123,126,127,129,135,138,139 "96";
97 117 0 5,12,13,20,25,37,42,47,48,54,60,61,64,66,75,81,91,100,101,123,132,140 "97";
98 115 1 9,22,25,30,65,71,74,83,93,110,115,122,126 "98";
99 12 1 0,2,3,4,6,7,8,10,13,14,15,17,18,20,22,24,28,29,34,35,36,39,40,43,44,46,48,51,55,57,61,62,66,67,70,71,74,75,78,81,85,88,92,94,97,98,100,102,106,108,109,110,111,113,115,117,120,121,123,124,127,128,130,134,137,139,141 "99";
100 126 1 1,6,8,11,13,14,18,24,26,28,30,31,32,33,35,37,39,41,43,45,49,52,54,56,58,63,66,70,71,73,75,76,79,80,82,84,87,91,93,97,104,105,107,116,120,121,124,125,127,128,136,137,140,142 "100";
101 85 1 0,2,7,10,12,14,15,16,20,27,36,45,49,53,58,61,63,69,71,73,83,90,94,97,102,107,108,119,121,124,126,127,131,132,134,136,140 "101";
102 33 0 0,1,2,4,7,9,10,11,13,14,16,17,19,20,23,24,26,27,30,34,36,39,40,44,45,47,48,52,54,57,60,61,63,65,66,69,71,72,73,75,76,78,80,83,86,87,89,91,92,93,95,96,97,99,102,104,112,115,116,117,120,129,131,132,134,135,136,138,141 "102";
103 102 1 0,2,4,5,8,12,14,16,18,19,22,25,28,32,34,36,38,46,47,50,52,53,57,59,61,65,75,79,85,91,94,101,103,106,111,113,116,117,121,123,125,130,136,137,142 "103";
104 80 0 1,6,8,15,28,45,51,54,61,63,68,70,72,107,125 "104";
105 2 1 0,1,7,9,13,18,28,44,47,49,52,55,59,64,67,68,72,73,79,82,84,87,89,94,100,102,106,119,120,125,130,142 "105";
106 73 0 2,15,18,23,30,33,36,53,56,58,66,72,77,80,83,97,98,99,103,110,114,116,130,139 "106";
107 111 1 1,3,5,7,9,11,13,17,18,19,22,25,27,29,30,31,35,37,39,41,43,44,46,48,49,51,52,53,57,58,60,61,62,64,67,73,74,76,78,79,83,84,85,87,88,91,95,97,100,101,103,104,106,108,109,110,113,115,118,119,121,123,125,128,129,131,133,137,138,139 "107";
108 67 0 6,36,41,42,43,47,48,71,77,78,80,86,91,104,107,111,119,130,135,137,140 "108";
109 77 0 1,2,8,15,23,29,38,53,57,61,76,80,84,103,108,123,137,139 "109";
110 50 1 1,3,10,16,20,23,30,31,32,34,40,43,44,48,50,54,56,58,59,60,63,65,66,67,68,76,78,84,88,90,97,101,102,103,107,108,113,120,125,126,132,134,137,138 "110";
111 57 0 1,2,4,5,7,12,13,19,34,36,40,41,43,45,47,51,54,55,58,60,64,70,71,73,77,78,80,83,84,89,91,93,98,99,101,104,108,110,111,114,115,118,121,125,126,129,134,136,142 "111";
112 14 1 0,2,4,10,11,15,17,18,22,24,25,27,30,32,33,34,35,38,41,42,43,45,47,50,51,53,56,58,59,62,65,66,68,70,72,73,74,77,78,79,83,84,86,88,92,94,95,96,97,99,100,101,106,108,111,113,114,119,121,122,124,128,129,131,132,133,134,137,139,140,142 "112";
113 4 0 5,18,25,26,31,36,40,44,46,50,55,61,62,65,69,70,77,79,84,85,87,90,94,98,101,105,110,113,124,132,136,139 "113";
114 4 0 0,2,4,7,12,26,29,37,42,50,54,61,63,65,66,73,74,80,82,85,86,89,92,101,104,112,115,130,133,134,141 "114";
115 80 1 1,3,4,6,8,9,13,15,16,18,20,21,22,24,28,29,31,32,34,35,36,40,44,46,48,52,56,59,61,63,74,76,78,80,83,84,85,87,89,91,92,93,96,97,99,100,101,104,106,107,108,109,111,113,114,116,117,119,120,124,125,128,131,133,134,137,138,140,142 "115";
116 130 1 0,4,6,8,9,11,14,15,16,18,25,26,28,32,33,39,41,46,48,50,52,53,55,56,58,59,61,62,65,66,67,68,70,71,72,76,81,85,87,89,91,92,93,96,99,102,107,110,113,116,117,119,121,123,126,130,134,135,137,138,140,141 "116";
117 23 0 5,11,15,26,31,45,49,56,60,61,64,66,68,69,84,104,105,107,111,125,127,137,140 "117";
118 92 0 0,21,60,79,91,95,113,133,137,139 "118";
119 64 1 13,19,27,35,58,62,80,95 "119";
120 111 0 23,40,49,59,73,92,124 "120";
121 15 0 1,12,19,27,33,45,47,52,63,66,77,79,92,98,117,119,124,127,132,134 "121";
122 14 0 3,4,16,17,20,26,28,41,45,47,49,57,66,67,70,79,85,90,93,94,102,103,111,112,117,120,123,124,126,138,140 "122";
123 24 0 7,75,88,113,114,138,140 "123";
124 13 1 5,10,11,17,19,21,23,24,28,32,33,35,37,39,47,50,53,57,61,63,64,66,71,74,75,77,81,87,89,92,95,101,102,108,110,113,115,116,117,118,121,124,127,129,131,136,137,138,142 "124";
125 20 0 12,17,26,43,50,54,80,99,106,122,139 "125";
126 110 0 0,1,10,12,15,16,18,20,22,25,27,30,33,35,36,38,40,42,45,48,49,50,55,56,58,61,62,64,66,68,70,73,75,77,78,80,85,86,89,92,98,99,100,103,105,108,110,111,112,114,121,124,125,129,132,134,135,137,142 "126";
127 117 1 1,3,4,9,16,24,25,27,28,32,35,38,45,46,49,54,55,66,74,77,82,86,87,88,90,91,93,97,106,108,114,117,120,127,129,132,135,141,142 "127";
128 90 1 2,8,35,56,60,73,83,102,107,120,128,130,138 "128";
129 108 1 79,135 "129";
130 19 0 2,4,5,6,10,13,19,21,24,26,28,29,31,33,35,41,48,52,54,58,61,62,68,70,71,73,77,78,81,83,87,88,90,95,96,98,103,106,109,112,116,118,124,127,131,132,140,142 "130";
131 79 1 2,4,12,14,16,31,37,39,40,49,55,56,59,69,74,75,78,84,86,92,94,101,107,109,113,115,121,122,125,129,135,137,138,140 "131";
132 126 1 38,63,68,94,106 "132";
133 112 1 0,2,5,8,12,13,20,22,24,25,30,31,32,35,41,47,57,59,66,68,69,73,77,79,87,88,89,91,93,94,98,100,102,106,110,111,116,117,119,122,124,125,127,129,131,133,134,138,140 "133";
134 67 0 17,18,19,23,30,49,52,58,64,70,74,75,104 "134";
135 51 1 0,2,4,7,11,12,15,16,19,23,24,27,29,30,32,35,39,41,43,46,49,53,56,58,60,62,64,65,68,69,71,74,75,76,78,79,81,88,91,94,96,97,99,102,104,105,106,110,111,116,118,121,122,124,125,126,128,130,131,133,135,136,138,139 "135";
136 37 0 10,18,32,44,48,53,70,93,106,116,119,123,136 "136";
137 101 1 41,116,117 "137";
138 16 1 0,3,5,7,9,11,12,16,19,20,22,24,25,27,28,31,33,35,39,40,41,42,44,46,47,48,54,56,58,60,62,63,64,66,67,68,70,71,74,78,80,85,87,90,91,94,96,98,99,100,104,105,106,108,109,111,113,115,116,118,119,121,126,128,133,134,138,139,142 "138";
139 72 1 0,1,3,4,8,10,14,15,17,18,22,28,31,36,38,39,40,45,49,50,53,54,56,59,62,66,68,72,76,80,81,84,85,87,89,90,92,97,99,100,101,103,105,106,111,113,114,115,119,121,124,126,127,128,132,135,137,140,141 "139";
140 121 1 1,8,15,16,18,21,23,25,28,31,32,37,40,46,48,51,53,55,56,62,64,66,68,73,76,79,81,88,90,92,94,98,101,109,113,117,119,121,123,127,129,131,132,134,137 "140";
141 119 0 1,5,7,9,10,11,14,15,17,19,21,22,27,28,30,33,35,38,41,42,44,46,49,50,52,53,55,57,59,61,62,64,66,71,72,74,75,77,79,81,83,88,95,96,99,101,102,103,107,109,110,113,117,119,123,124,126,127,130,136,137,140 "141";
142 132 1 1,4,22,24,27,31,35,36,39,40,43,49,50,60,62,71,73,76,80,82,83,89,92,100,107,108,110,112,113,115,117,121,129,132,134,137 "142";
