parity 159;
0 23 1 0,2,5,7,8,10,13,15,16,18,21,27,30,33,36,39,45,47,50,52,54,57,64,71,75,78,80,81,84,86,88,89,93,99,104,107,109,110,112,114,116,120,121,122,127,130,136,137,142,150,152,155,158,159 "0";
1 158 1 1,7,11,19,23,28,41,42,44,46,49,51,53,54,55,59,62,64,65,68,69,71,72,75,79,80,88,91,96,98,106,108,112,116,118,123,125,126,128,131,132,136,137,139,141,143,146,148,151,154,156,159 "1";
2 2 0 4,8,10,12,13,17,20,21,22,25,27,36,37,40,45,46,53,54,58,60,61,64,71,76,78,79,82,85,88,90,96,101,102,105,111,115,118,123,125,128,133,137,144,146,152,153 "2";
3 121 0 0,8,9,14,16,18,21,25,31,33,34,46,51,54,59,63,68,70,72,73,77,80,84,88,95,97,99,100,103,104,106,108,110,112,120,121,123,124,127,138,141,143,146,149,151,153 "3";
4 115 1 1,2,3,4,9,11,14,20,30,31,36,38,42,59,61,64,66,67,71,73,75,86,90,94,99,101,109,113,120,124,129,136,137,140,146,152,154,158 "4";
5 20 1 1,5,6,8,10,16,22,24,26,30,41,44,46,48,64,65,70,73,78,80,86,87,89,92,96,97,99,105,106,108,110,115,117,123,133,135,139,146,150,158 "5";
6 58 1 0,5,9,11,12,14,15,25,27,29,30,32,34,36,38,43,45,46,52,54,55,60,63,65,68,72,73,77,80,82,83,97,100,101,106,108,111,117,118,122,124,131,132,133,136,140,141,144,146,147,149,150,155,156 "6";
7 32 0 0,2,4,5,7,9,10,13,16,19,21,22,23,25,27,31,33,36,38,40,41,44,46,48,50,52,53,56,58,59,61,64,66,67,69,71,73,76,79,80,81,86,87,89,90,92,93,95,97,100,101,103,106,108,109,110,114,115,118,119,120,122,123,128,130,132,135,138,140,141,143,145,146,148,149,150,152,155,158,159 "7";
8 111 1 0,3,5,6,8,13,15,16,19,20,23,26,29,30,32,35,37,38,40,44,46,47,48,50,52,54,56,60,61,64,68,71,72,73,74,76,80,81,83,86,87,88,89,91,94,98,102,105,107,108,110,112,113,116,117,120,127,132,135,138,139,141,142,148,151,154,156,159 "8";
9 127 0 1,9,14,15,18,22,25,27,29,37,39,44,49,52,63,74,80,82,83,86,91,95,96,100,102,116,118,120,122,135,141,142,144,145,147,152,154,156 "9";
10 139 0 0,15,18,28,30,32,37,56,58,66,67,78,82,88,90,91,93,97,99,103,104,112,116,120,124,129,132,140,144,151 "10";
11 66 1 15,19,45,63,76,77,82,96,97,101,106,111,118,119,123,124,125,143,145,150,152,154,155,158 "11";
12 156 1 6,10,16,18,22,25,31,32,34,36,40,41,44,45,53,56,58,59,67,70,74,76,77,80,82,84,87,89,92,93,97,98,99,106,111,118,125,130,131,136,138,141,144,149,153,154 "12";
13 134 0 1,2,4,8,9,14,18,29,34,40,42,45,49,54,57,58,59,71,73,74,76,84,85,96,97,99,102,109,113,117,122,126,133,136,138,144,146,152,153,158 "13";
14 81 1 2,6,10,12,39,42,46,81,83,105,107,109,113,127,128,131,152,156 "14";
15 143 0 3,5,6,9,10,12,17,22,24,27,30,31,42,49,51,54,60,63,65,66,67,71,72,78,80,88,93,96,98,105,109,110,120,121,124,126,130,133,135,137,139,144,146,148,156,158 "15";
16 65 0 0,4,33,34,42,76,83,99,108,110,114,121,123,125,138,142,148,151,159 "16";
17 131 1 0,2,3,5,6,9,12,15,17,18,21,26,30,31,35,37,39,41,45,49,51,52,54,56,58,59,63,67,74,76,78,81,86,92,94,95,97,98,101,103,109,114,115,116,119,125,132,134,137,138,141,144,145,150,157,159 "17";
18 105 1 1,4,6,21,24,26,33,45,52,57,61,63,65,70,78,79,81,87,90,93,97,100,105,108,109,112,124,132,135,139,146,147,150,152,154,156,157 "18";
19 95 1 0,2,5,7,11,13,17,22,24,26,28,32,33,37,41,43,46,47,48,49,56,60,63,65,73,77,85,92,93,98,106,109,112,126,129,130,136,140,145,148,154,158 "19";
20 69 0 6,9,24,26,27,29,31,36,39,40,44,47,53,57,59,62,64,65,72,75,78,81,84,88,89,92,96,102,104,107,109,112,114,115,118,119,126,130,137,138,140,142,149,150,151,153,158 "20";
21 81 0 8,12,13,14,19,22,24,26,32,36,41,50,54,56,60,65,70,71,74,76,79,84,88,91,94,100,102,105,107,110,129,139,141,144,148,149,155,157 "21";
22 150 1 1,3,8,9,10,13,15,16,21,23,29,33,36,37,39,42,47,49,52,53,56,58,59,61,64,66,68,71,74,77,78,80,81,83,85,87,88,90,91,92,95,96,98,100,102,103,105,107,109,111,113,119,120,122,124,125,127,131,134,135,137,139,142,144,145,146,148,150,151,153,155,159 "22";
23 12 1 1,3,5,7,8,11,15,23,25,26,29,30,35,37,40,43,46,49,50,52,54,56,58,60,61,63,67,68,69,72,74,75,76,81,82,84,86,87,91,92,96,97,103,105,106,107,108,109,113,114,116,119,121,122,126,130,131,132,134,137,138,141,142,145,146,148,152,153,156,159 "23";
24 22 1 94,125,138 "24";
25 91 1 9,17,21,23,31,51,80,100,108,116,152 "25";
26 142 1 23,29,48,72,82,90,98,135 "26";
27 144 0 3,5,7,9,10,12,13,16,17,18,19,22,24,28,29,32,36,39,40,42,43,46,48,49,52,57,60,61,63,65,67,69,70,73,76,79,83,85,86,88,90,91,93,95,97,98,102,104,105,107,109,112,114,116,117,120,122,125,127,128,131,134,135,137,141,147,148,152,153,156,159 "27";
28 4 0 0,2,3,6,8,12,19,21,25,28,30,32,35,39,41,42,47,48,51,53,54,58,61,63,65,66,67,69,73,76,77,79,80,84,86,89,90,93,95,100,102,104,105,108,110,113,116,117,120,122,124,126,129,133,135,136,138,140,144,146,148,150,152,154,157,159 "28";
29 118 0 4,17,19,20,23,29,30,35,36,38,39,52,55,56,59,78,79,84,99,101,105,120,142,155,157 "29";
30 0 0 0,3,4,5,6,8,10,11,12,16,18,21,25,28,29,32,40,42,45,46,48,52,53,55,58,60,62,65,69,71,72,74,75,76,78,80,81,83,85,86,87,88,90,92,94,96,99,101,102,105,107,109,110,111,114,115,118,119,121,124,128,130,133,135,136,139,140,142,144,146,147,150,151,157,158 "30";
31 81 0 3,4,7,9,12,13,14,16,18,19,20,25,26,28,30,32,34,35,37,38,40,43,46,47,49,51,52,54,56,58,59,62,64,65,70,72,75,76,78,79,83,85,88,90,91,98,105,107,109,110,113,114,117,120,122,123,125,126,128,129,132,134,135,137,139,142,143,144,146,147,148,149,152,154,158 "31";
32 112 1 2,3,4,8,12,17,20,21,22,24,27,28,33,34,35,37,39,44,47,49,50,52,54,57,60,63,66,68,71,73,75,77,79,81,83,85,88,90,92,96,102,104,105,107,109,111,113,115,118,119,120,125,127,130,133,136,138,141,146,148,149,151,154,157 "32";
33 136 0 74,80,152 "33";
34 117 0 0,3,5,6,11,16,19,20,21,22,27,29,31,36,37,39,40,41,44,46,49,50,51,53,55,57,59,60,61,63,64,66,68,69,83,87,90,93,95,96,97,98,103,106,110,112,114,115,118,119,120,123,124,127,131,134,136,139,142,145,146,151,152,153,157 "34";
35 107 0 1,4,18,19,20,24,27,32,45,47,50,58,62,64,66,70,74,77,79,91,108,111,117,128,133,135,137,138,141,144,146,152 "35";
36 137 0 2,4,20,27,36,52,61,63,68,71,88,94,97,101,128,138,147,149,152,156 "36";
37 6 1 11,24,120 "37";
38 129 0 13,19,21,38,42,48,52,79,83,93,101,119,144,150 "38";
39 116 1 0,2,5,6,10,15,17,19,21,24,26,28,32,33,36,37,39,42,43,48,53,55,60,62,64,66,70,71,73,75,77,78,81,84,89,94,96,98,99,101,102,105,107,110,111,112,114,116,119,121,122,127,130,132,134,135,138,142,145,147,149,153,155,157 "39";
40 96 0 12,20,28,38,42,73,76,95 "40";
41 72 1 0,1,3,6,8,10,13,15,16,18,19,21,25,26,28,30,34,35,37,39,40,41,43,46,48,51,52,55,57,60,62,63,67,70,72,77,80,82,84,85,90,92,94,97,99,100,105,106,108,109,111,112,113,115,116,118,119,121,124,125,128,130,132,134,138,141,142,144,145,149,152,153,154,157,159 "41";
42 20 1 0,3,5,7,8,10,13,14,15,20,22,24,25,28,31,33,34,36,38,39,42,44,47,48,49,60,61,62,64,65,67,71,73,76,77,79,82,83,88,89,90,94,95,96,100,102,106,107,110,112,116,117,120,121,124,126,127,130,132,135,136,138,142,144,146,149,150,151,154,156,157 "42";
43 150 1 0,9,14,25,30,34,38,41,43,48,53,60,64,67,71,74,77,80,86,91,95,97,102,104,107,111,118,127,136,141,145,147,151,156,158,159 "43";
44 34 0 1,3,4,10,12,13,15,16,19,21,23,26,28,31,32,34,37,38,39,41,42,44,46,49,50,52,54,59,60,61,62,63,65,67,69,70,71,72,75,76,78,79,81,82,85,87,88,92,94,95,98,99,100,102,103,104,108,111,112,113,114,117,122,125,128,129,132,134,135,136,138,141,143,144,146,147,149,155,157,158 "44";
45 102 0 0,1,5,6,8,12,13,15,16,22,24,26,27,30,31,34,38,45,47,48,51,55,56,59,61,63,66,69,70,71,75,77,79,81,85,89,91,94,97,98,101,105,109,111,117,122,123,125,132,137,138,140,144,145,146,148,150,152,155,157 "45";
46 29 0 0,3,4,6,7,11,12,16,18,20,27,38,40,44,45,47,48,50,54,55,57,59,60,67,69,72,76,81,83,87,88,89,91,93,95,97,98,100,104,109,110,112,115,119,123,125,126,129,130,131,133,134,136,139,141,142,145,149,152,154,156,159 "46";
47 81 0 3,4,7,9,10,12,14,16,19,22,24,25,27,28,30,31,33,35,38,40,41,42,46,48,50,52,53,55,58,64,70,73,80,82,83,86,92,93,95,98,99,100,101,103,105,108,109,119,122,127,135,139,140,143,145,148,149,151,156,158 "47";
48 27 1 0,1,3,4,7,8,9,10,13,16,17,19,22,24,26,31,32,33,34,37,39,40,45,47,50,52,54,56,58,60,62,64,66,69,71,73,74,76,78,79,81,83,86,93,94,96,97,99,100,104,105,107,109,111,115,116,117,119,121,126,129,131,134,136,137,138,140,142,145,147,148,149,152,154,155,158 "48";
49 134 1 0,1,4,6,8,9,11,13,16,20,22,25,27,30,32,34,40,41,42,45,46,47,48,51,54,56,58,59,62,65,66,67,69,72,73,75,76,77,79,81,82,85,96,97,100,101,105,106,109,110,115,120,123,127,132,134,136,137,140,141,142,151,152,154,156,158 "49";
50 45 1 3,5,6,9,12,14,15,18,20,21,23,25,28,29,31,36,38,42,44,46,49,52,55,56,58,60,61,63,66,67,72,76,77,79,82,84,85,87,89,90,92,93,94,95,96,99,100,102,104,107,108,110,113,114,118,119,121,122,123,125,126,127,128,130,132,133,135,137,141,143,144,146,149,150,154,159 "50";
51 115 0 8,135,138 "51";
52 156 0 0,5,6,9,13,14,19,24,28,30,34,36,37,39,40,48,50,52,65,71,75,77,93,97,99,103,114,119,130,133,134,139,141,149,151,153,157 "52";
53 104 0 13,19,25,28,39,42,44,58,60,61,65,67,70,74,75,77,79,90,99,102,107,109,111,112,114,125,137,143,159 "53";
54 47 1 0,2,5,13,15,16,28,30,31,36,38,42,45,54,58,60,62,64,66,70,72,73,75,82,90,92,94,96,99,102,106,109,121,124,128,131,137,140,141,144,146,149,153,155 "54";
55 28 0 14,15,35,37,52,60,69,71,73,85,86,104,114,136,140,148,151,152,155,156 "55";
56 115 1 0,3,8,12,14,16,20,21,25,29,35,38,43,48,61,63,65,66,71,74,77,78,88,91,96,105,109,115,121,122,131,134,135,137,139,143,144,148,149,150,153 "56";
57 38 0 1,5,7,9,10,21,28,36,44,52,58,60,65,67,69,70,71,74,76,78,83,85,86,89,92,97,99,101,102,104,105,108,109,112,115,117,121,124,127,128,132,133,135,139,142,147,156,157,159 "57";
58 127 1 21,33,40,43,80,106,116,130 "58";
59 135 0 4,6,13,17,25,26,30,34,37,40,48,49,52,55,58,60,62,65,72,74,75,81,83,84,86,96,98,103,108,109,111,113,115,117,119,125,126,128,132,135,138,140,143,145,146,147,152,154 "59";
60 49 1 0,3,4,6,8,9,14,16,17,19,20,23,26,29,30,33,37,38,40,42,46,48,51,53,57,60,61,62,66,69,70,72,80,82,84,85,88,90,94,96,98,101,105,107,109,111,114,116,118,126,129,132,136,138,141,143,145,147,149,154,156,157,159 "60";
61 91 0 31,33,35,40,45,50,55,56,67,70,73,77,79,80,83,85,87,88,90,103,105,110,116,117,121,135,136,142,144,147,150,151,152 "61";
62 84 0 0,2,3,6,8,9,11,13,17,18,20,22,28,30,31,32,35,38,40,42,44,46,48,49,53,54,56,57,63,64,66,68,70,77,78,80,83,84,86,87,89,90,94,96,98,99,100,102,104,106,107,109,110,113,114,116,117,120,121,122,126,129,131,132,133,136,137,139,140,141,143,144,146,148,152,154,158 "62";
63 71 0 80,131,152 "63";
64 89 0 4,25,32,35,47,50,52,72,99,107,116,121,133,148 "64";
65 59 0 2,5,10,11,13,15,17,18,20,24,27,28,31,34,35,37,38,40,43,46,55,58,64,65,69,70,73,75,76,77,79,82,85,87,90,91,92,95,97,100,101,104,108,111,113,119,122,124,126,128,133,135,138,141,142,143,144,147,151,152,154,155,157,158 "65";
66 151 0 5,6,11,48,54,57,63,67,72,77,81,84,93,104,107,119,120,126,132,140,141 "66";
67 63 1 2,17,22,47,48,54,65,74,84,103,127,138,147,149,153,154 "67";
68 48 1 2,12,17,23,25,32,37,42,47,55,59,65,69,71,73,78,83,87,88,91,92,98,99,100,106,108,109,112,115,116,124,130,132,135,137,148 "68";
69 34 1 3,7,12,15,21,31,41,43,51,57,63,66,67,70,72,75,77,81,87,92,105,110,113,115,119,123,135,138,148,150,155,159 "69";
70 100 0 3,7,11,13,24,32,48,59,62,70,81,83,92,94,115 "70";
71 130 0 1,10,28,32,41,51,64,121,144,147 "71";
72 83 0 0,4,5,7,9,12,14,16,23,25,29,31,34,35,37,39,40,43,45,48,49,54,56,59,60,68,73,77,80,81,82,83,86,89,93,96,97,99,101,104,108,112,114,117,120,122,124,128,131,134,137,140,141,148,150,152,155,157 "72";
73 58 0 0,50 "73";
74 72 1 1,7,11,16,21,23,26,29,34,38,40,42,46,48,49,60,64,66,68,69,71,73,80,83,101,103,106,108,110,112,116,119,123,129,130,132,136,139,143,145,147,150,151,157,159 "74";
75 70 1 0,1,3,5,8,12,15,16,18,20,21,23,25,27,29,31,33,34,38,39,41,43,44,46,48,49,51,53,54,58,62,65,68,69,72,73,75,77,78,79,81,83,85,87,89,92,94,96,97,99,104,106,107,109,110,112,115,116,118,119,121,126,128,131,133,135,137,138,139,141,142,144,147,150,151,153,154,156 "75";
76 63 1 2,6,16,25,27,28,33,35,36,56,64,66,75,79,80,82,91,95,96,98,100,101,107,109,111,114,118,120,122,126,127,132,140,145,149,154,157 "76";
77 147 0 6,23,26,34,41,55,58,77,85,112,125,158 "77";
78 66 1 14,22,24,26,31,35,37,50,54,56,59,61,79,80,82,84,85,91,100,101,104,107,114,123,125,127,128,132,136,137,143,146,158 "78";
79 148 0 0,7,12,13,19,21,23,25,29,33,37,39,42,44,48,53,56,57,60,72,82,83,85,89,96,98,99,100,108,110,121,125,128,129,131,135,136,139,141,144,150,153,154,156 "79";
80 94 0 3,7,12,15,20,27,31,38,41,43,49,53,62,67,72,73,78,83,100,103,107,112,119,121,124,129,141,145,149,151,155,156 "80";
81 38 1 0,4,5,9,14,18,20,23,26,29,31,34,36,37,40,42,48,52,56,61,62,69,75,76,85,93,96,109,112,115,119,123,128,135,137,138,140,142,146,148,151 "81";
82 147 1 0,4,8,21,32,39,40,42,46,49,51,60,69,70,73,74,75,76,78,79,83,90,94,97,99,101,108,110,113,117,122,123,125,132,135,138,139,144,147,154,156,157,159 "82";
83 71 0 0,7,8,13,18,28,29,31,34,35,43,44,47,49,75,77,81,83,85,86,88,90,91,93,94,97,99,103,104,106,107,109,110,112,114,117,118,120,122,125,130,136,142,144,149,153,158 "83";
84 68 0 0,4,23,26,29,31,32,37,55,61,66,72,78,80,83,87,90,98,111,114,127,132,137,157 "84";
85 39 1 1,3,5,8,9,10,12,13,15,17,20,23,25,28,30,31,32,35,36,37,40,42,43,44,46,47,48,50,52,54,55,58,59,63,64,66,69,70,71,73,74,79,83,84,86,88,91,92,94,97,99,102,103,106,108,110,113,115,117,121,123,126,127,128,130,132,139,141,143,144,149,151,153,155,157,158 "85";
86 18 1 12,15,19,20,24,30,32,34,38,40,42,44,48,49,51,60,62,72,77,78,80,82,85,92,94,95,103,105,113,117,118,122,130,132,135,143,151,153,154,156,157 "86";
87 156 0 6,24,28,42,75,136,142 "87";
88 8 0 8,10,23,36,41,67,72,84,97,102,105,117 "88";
89 105 1 5,29,50,55,58,60 "89";
90 160 1 0,10,12,16,18,22,24,38,41,46,48,52,55,57,59,60,63,67,69,70,72,74,76,86,93,97,98,99,101,102,109,115,118,119,120,124,128,130,132,134,136,137,142,144,147,152,154,157,159 "90";
91 101 1 0,2,6,7,10,11,12,14,18,20,23,24,27,28,31,33,34,35,37,39,40,41,44,46,47,49,50,51,53,54,55,56,57,59,62,65,66,68,70,72,73,76,78,81,82,84,85,88,89,93,94,97,98,99,101,104,107,108,113,115,117,119,120,122,126,127,129,131,141,142,143,145,147,148,149,155,156 "91";
92 117 0 40,51,68,108,144,153 "92";
93 82 0 2,4,15,17,19,27,36,42,48,51,52,58,62,67,71,72,74,77,80,82,83,86,90,95,99,103,109,110,113,115,117,126,132,134,135,137,139,143,144,147,150,152 "93";
94 30 1 12,17,23,26,47,50,57,67,77,90,93,96,102,107,111,130,139,154 "94";
95 118 0 1,3,6,10,14,17,20,24,26,28,37,39,41,54,56,57,59,60,64,66,71,73,75,77,80,86,88,89,92,94,96,100,101,108,121,124,127,131,133,136,138,140,142,147,148,149,151,159 "95";
96 13 1 0,2,8,11,15,17,19,24,34,36,43,44,49,54,57,59,60,64,71,76,78,79,81,82,83,89,90,92,94,104,106,108,110,111,114,116,120,124,127,129,135,137,139,143,149,151,154,156,157,159 "96";
97 128 1 1,5,11,17,18,35,56,62,66,71,72,78,89,109,113,120,143,145 "97";
98 85 0 66,88,101,146 "98";
99 19 1 1,4,9,13,21,23,29,32,33,38,40,42,43,45,48,50,53,55,56,58,64,65,68,71,74,76,80,81,83,87,89,94,95,97,100,106,107,109,111,117,118,122,125,133,140,141,143,147,148,150,153 "99";
100 84 0 2,4,10,11,15,16,21,23,25,27,29,32,33,34,36,38,42,48,50,52,55,60,64,66,70,73,76,79,86,89,93,95,96,99,101,106,107,112,114,120,122,126,129,130,139,143,146,147,149,151,153,154 "100";
101 111 1 0,8,10,13,33,52,54,61,69,77,81,84,107,116,117,130,138,152 "101";
102 70 1 40,81,118,147,155 "102";
103 117 0 0,2,3,10,11,14,16,18,19,20,22,24,25,26,29,30,34,35,38,40,42,43,45,46,48,54,58,62,64,67,69,71,74,78,79,81,83,85,89,92,95,97,99,100,101,104,105,107,108,109,114,115,122,125,126,127,128,131,133,134,135,136,146,150,152,154,155,158 "103";
104 152 0 2,3,5,6,9,13,15,18,21,25,28,29,30,34,36,37,39,40,41,48,52,53,55,57,58,60,63,65,66,68,70,71,73,74,76,78,79,85,87,88,90,91,93,98,100,103,104,106,107,109,111,114,115,117,121,124,128,129,130,134,137,138,141,142,146,147,157,158 "104";
105 88 0 2,5,8,9,12,14,20,23,25,30,34,35,37,41,43,45,47,50,54,66,70,76,83,86,91,93,103,109,118,122,124,126,127,131,134,137,140,146,148,153,157,158 "105";
106 32 1 4,5,27,47,54,56,82,97,111,121,126,132,134,138,142,148,153 "106";
107 76 0 0,2,4,6,8,13,16,17,22,32,36,37,41,42,44,49,52,55,57,60,63,65,67,68,75,77,80,81,83,87,95,97,101,102,108,111,113,115,119,120,122,123,125,126,131,133,136,138,140,143,148,150,152,153 "107";
108 100 1 21,30,34,35,90,116 "108";
109 108 1 0,4,8,9,13,14,15,17,19,21,23,25,26,30,32,34,35,36,39,41,43,45,46,48,51,52,54,58,59,61,62,65,67,69,72,74,75,78,80,81,83,85,88,91,93,96,97,100,102,104,105,110,111,114,117,119,121,123,124,126,128,131,134,136,137,141,142,144,146,148,151,154,155 "109";
110 144 0 0,2,3,6,7,10,11,13,15,17,18,19,21,22,24,25,27,28,30,32,33,36,40,42,44,46,48,52,53,55,58,59,64,66,67,71,75,78,81,83,84,85,87,93,95,97,99,101,102,103,105,109,111,112,116,118,122,125,126,128,131,132,137,139,141,143,149,151,153,158,159 "110";
111 15 0 4,7,8,10,11,13,15,16,18,19,21,23,24,27,28,30,31,32,34,36,37,38,41,45,47,50,53,55,58,59,63,65,66,71,72,73,78,79,80,82,83,85,87,89,91,95,97,98,102,105,108,110,117,118,122,124,129,131,132,133,136,139,142,144,145,152,154,155,158,159 "111";
112 71 1 9,35,44,51,54,56,67,73,82,83,92,104,107,109,112,116,124,141,148 "112";
113 25 1 2,3,7,8,9,15,16,18,24,26,28,31,40,43,47,56,58,61,72,79,81,84,85,87,89,107,113,115,117,127,138,141,152,153,158 "113";
114 142 0 2,12,16,19,23,26,30,33,36,38,43,45,48,53,55,60,67,68,71,72,75,78,88,90,94,96,99,100,102,104,112,115,120,122,124,129,131,134,138,145,149,152,154,159 "114";
115 73 1 0,2,4,6,7,10,13,15,16,18,20,21,23,24,27,29,32,35,37,38,40,42,44,48,51,53,54,55,57,58,60,62,65,68,69,73,75,78,81,84,85,87,89,91,92,94,96,98,101,103,106,108,110,114,123,124,127,128,131,136,137,140,147,148,150,152,154,156,157,158 "115";
116 131 0 1,6,14,27,48,55,65,72,78,84,95,98,112,117,120,127,131,146 "116";
117 2 1 2,16,20,26,48,55,60,64,69,72,77,79,89,92,94,100,107,108,120,128,132,138,139,150,152,157 "117";
118 83 0 4,7,20,48,58,76,121,140 "118";
119 120 1 98,122,124 "119";
120 126 1 1,5,6,10,12,17,20,21,22,24,25,27,28,30,31,34,41,43,45,47,48,52,54,57,59,61,64,65,68,70,71,72,77,78,81,82,84,86,89,90,93,95,96,97,99,101,103,105,108,110,114,116,118,120,122,124,126,129,131,134,137,140,143,147,149,151,155,159 "120";
121 9 1 1,4,7,8,10,11,12,17,18,20,23,24,30,33,40,43,45,47,48,51,53,55,57,59,61,63,65,66,68,69,71,73,74,77,79,81,83,84,85,86,90,92,93,95,96,98,100,101,102,106,107,108,110,112,114,115,116,118,120,123,124,126,128,130,131,133,135,138,141,143,147,148,150,152,153,154,156,157,158,159 "121";
122 8 0 0,4,10,13,15,17,26,30,31,34,37,39,41,48,56,61,64,66,68,75,78,79,81,83,86,91,103,107,109,110,111,113,116,122,126,132,133,142,144,146,149,150,156 "122";
123 144 0 14,30,40,47,53,67,81,91,134,153,157 "123";
124 121 0 14,30,52,73,78,111,114,141,149,159 "124";
125 21 1 2,3,5,6,13,15,18,21,23,24,27,28,30,32,34,38,40,43,45,48,51,54,57,61,67,71,73,75,79,80,83,84,89,91,95,106,110,114,120,126,130,132,134,136,137,140,142,146,148,157,159 "125";
126 83 1 5,7,9,10,11,12,14,16,21,22,27,29,30,32,34,37,40,42,45,47,50,55,58,61,64,68,69,71,72,74,80,82,83,84,86,87,89,91,94,95,98,101,105,108,112,115,118,119,125,126,129,130,131,133,134,137,138,140,145,146,148,149,152,155,157,158 "126";
127 130 1 4,6,15,17,21,34,37,49,59,60,63,68,71,75,81,89,91,95,98,114,119,121,140,157 "127";
128 102 1 9,23,32,36,38,46,53,60,62,71,85,88,98,106,109,122,127,130,135,141,145,147 "128";
129 13 0 0,10,12,13,18,20,21,25,29,31,33,39,48,52,55,58,60,62,63,71,74,78,81,83,84,86,88,94,96,97,99,101,103,104,107,108,112,116,120,122,123,128,130,131,133,135,136,139,140,147,149,151,153,155,158 "129";
130 67 1 0,1,3,4,8,13,16,17,22,24,28,31,33,37,41,42,43,45,49,51,52,55,56,57,59,61,62,65,68,76,78,79,81,83,85,89,90,93,99,106,108,110,112,113,115,116,118,121,124,127,130,138,140,142,143,144,148,153,155 "130";
131 157 1 22,62,85,94,101,127,143 "131";
132 152 0 2,7,10,11,15,19,21,22,27,30,32,35,42,44,46,47,60,61,64,79,81,89,97,98,101,104,107,109,114,115,118,122,124,131,134,139,144,146,148,151,152,154 "132";
133 58 1 0,2,3,4,9,12,14,15,18,20,22,24,27,28,32,33,36,37,39,41,43,44,45,46,50,52,53,55,57,58,63,65,67,69,71,73,75,77,79,84,86,92,93,94,95,97,98,101,102,104,105,108,110,111,114,116,118,119,122,127,129,131,142,144,145,146,150,151,158 "133";
134 86 1 5,21,41,80,82,91,96,129,149 "134";
135 123 0 0,4,7,14,16,19,22,23,30,32,35,37,42,44,47,48,50,54,60,62,66,67,69,70,72,74,75,79,80,85,87,90,92,107,108,114,115,117,121,122,124,126,128,129,134,135,136,138,139,144,146,150,152,153,156,158,159 "135";
136 87 1 6,8,13,16,26,27,34,47,52,57,61,65,71,73,80,95,105,113,120,127,130,133,134,137,141,142,147,156,158 "136";
137 64 0 0,1,3,7,8,14,17,18,20,22,24,27,28,30,32,33,36,39,43,44,46,48,52,55,58,59,61,64,66,70,71,72,74,75,77,79,80,82,83,85,87,88,90,92,95,97,98,100,103,107,111,116,122,126,131,133,134,135,137,138,139,142,143,145,146,148,151,156,158 "137";
138 70 0 1,12,14,15,17,20,22,27,31,32,33,35,36,37,40,41,43,44,46,50,53,54,55,58,59,63,67,69,70,72,73,76,77,84,86,87,89,94,95,99,101,103,106,107,108,112,113,114,116,117,124,130,131,133,140,141,143,145,146,150,155,156 "138";
139 73 1 1,3,4,7,9,12,14,16,18,21,22,23,25,27,30,34,36,38,39,40,43,45,46,48,53,57,59,61,64,73,74,76,79,82,83,87,88,95,97,98,101,102,106,109,110,112,113,117,118,119,125,127,132,136,137,138,140,142,144,145,146,149,150,151,154,157,158,159 "139";
140 152 1 1,12,17,26,34,40,42,57,69,73,79,84,93,95,98,113,116,118,123,129,139 "140";
141 74 0 33,70,109,129,139,143,159 "141";
142 115 0 0,1,6,9,11,12,13,15,16,21,22,25,26,27,29,32,34,36,39,40,46,47,48,49,51,52,54,56,57,63,65,68,69,72,74,76,78,80,84,85,86,89,92,94,97,100,105,107,108,110,111,114,115,117,119,121,122,123,127,128,129,133,134,138,140,142,143,145,146,151,152,155,157,159 "142";
143 29 1 8,49 "143";
144 40 1 1,2,3,4,6,7,10,11,14,18,19,20,21,23,24,28,32,40,42,44,47,48,50,54,59,60,62,64,65,70,73,78,81,84,85,88,89,92,93,97,100,101,102,104,105,106,109,113,115,117,118,122,123,127,129,131,133,134,136,138,139,141,142,144,148,152,153,154,155,158 "144";
145 78 0 1,2,4,19,21,23,25,26,33,36,37,38,41,43,47,50,52,56,58,61,64,70,73,78,82,85,89,93,98,112,113,114,116,123,127,130,132,133,134,139,145,147,151,152,154,155,157,158 "145";
146 129 0 3,4,7,11,13,15,17,18,19,21,22,27,29,30,34,35,37,38,40,43,44,47,48,49,53,55,56,57,59,60,63,68,69,71,73,83,84,85,90,92,94,95,98,101,103,107,109,112,114,120,123,125,126,129,132,133,135,141,145,147,148,152,154,155 "146";
147 41 1 5,6,8,12,13,16,17,18,20,21,31,33,34,36,37,39,40,43,44,46,47,50,51,53,55,57,58,59,61,63,64,66,68,69,71,73,75,77,80,84,85,88,89,92,95,100,101,103,105,107,111,114,115,117,119,122,123,126,128,129,132,136,140,142,144,146,148,149,150,152,156,159 "147";
148 8 0 6,9,23,26,32,34,36,40,49,53,61,69,80,88,92,94,120,121,124,130,132,144 "148";
149 120 1 10,15,16,28,38,45,48,49,79,88,106,117,119,128,130,133,136,141,143,151,155 "149";
150 132 1 8,17,27,31,39,41,47,60,62,65,69,71,75,81,82,87,97,106,109,115,123,132,133,138,139,140,152,155,157 "150";
151 154 1 6,11,15,24,25,40,42,52,74,92,97,105,109,116,131,133,141,147,151,154,156 "151";
152 78 0 0,1,8,11,12,14,16,22,27,36,39,48,50,53,54,58,61,64,72,79,80,83,93,100,101,108,119,121,123,147,149,154 "152";
153 110 0 8,26,107,109,117,141 "153";
154 46 0 6,33,36,39,53,62,70,73,78,85,87,91,123,131,132,157 "154";
155 135 0 2,4,8,11,12,14,15,16,19,20,22,23,25,26,28,29,31,32,34,36,38,40,43,45,48,51,53,57,59,61,63,66,69,71,79,82,85,89,91,95,97,99,103,108,110,113,118,121,122,123,126,131,135,136,139,142,144,146,147,148,149,152,155,156 "155";
156 101 1 0,1,5,8,12,17,21,24,26,29,32,33,37,39,41,42,46,49,50,56,58,60,64,65,67,70,72,73,75,76,78,80,82,84,87,88,94,99,103,104,106,108,109,111,112,113,116,119,121,124,125,129,131,133,136,139,141,143,146,148,151,154,157,158,159 "156";
157 102 1 2,5,6,7,10,13,14,16,18,20,21,24,29,31,32,34,41,43,46,48,49,52,54,55,57,58,60,62,64,69,71,73,74,79,88,90,95,97,103,106,108,109,112,114,117,118,120,121,122,126,127,128,129,133,142,144,146,148,153,159 "157";
158 103 1 0,1,3,5,7,8,13,15,16,19,20,21,23,25,26,27,29,30,31,33,34,37,40,42,45,46,49,51,55,56,58,59,61,65,66,68,70,71,72,74,76,77,79,81,84,85,87,91,92,94,95,97,101,103,111,113,115,116,121,123,128,130,131,134,135,137,138,140,141,142,146,150,154,157,158,159 "158";
159 36 0 2,3,7,10,13,16,21,23,25,34,42,50,61,62,70,74,79,81,93,98,102,118,136,144,148,149,150,153,157 "159";
