parity 164;
0 156 0 1,12,19,23,26,27,30,31,34,36,39,41,43,44,47,48,51,52,58,60,61,63,66,67,70,74,75,78,80,85,88,91,96,98,101,111,117,119,120,122,128,131,134,136,141,142,145,148,150,153,157,161,164 "0";
1 81 1 7,16,20,21,23,32,47,51,57,61,77,95,96,110,112,126,134,139,140,153,156,160,163 "1";
2 123 0 1,2,7,9,11,14,17,19,20,22,25,28,32,34,37,39,42,43,44,47,49,50,53,54,56,59,61,62,65,67,68,70,71,73,74,77,80,83,85,89,92,94,100,101,103,106,109,111,112,113,115,117,119,126,138,140,142,145,146,147,148,150,152,155,160,162,164 "2";
3 100 0 1,8,9,11,21,22,25,28,31,35,36,39,40,42,43,53,56,63,66,68,70,71,74,76,80,81,92,95,97,98,106,110,112,113,115,117,119,121,122,124,136,138,140,141,144,146,148,150,152,154,159 "3";
4 40 1 1,5,9,12,15,17,19,22,24,28,29,31,33,34,36,38,39,41,46,47,49,50,51,53,54,55,58,62,65,66,71,72,75,79,80,82,86,88,90,91,95,98,100,101,102,106,110,112,114,115,116,119,120,122,127,131,133,135,136,138,139,141,142,144,146,149,151,153,156,158,160,162 "4";
5 131 0 0,2,6,7,9,10,12,13,15,17,18,20,21,23,25,27,28,30,36,37,39,40,41,44,47,49,51,53,54,56,59,61,65,67,73,75,77,79,80,82,83,85,86,90,92,94,96,98,102,106,108,111,113,115,119,121,122,123,125,127,129,133,134,136,139,140,142,144,145,147,148,151,153,156,158,160,161,163,164 "5";
6 114 1 0,5,13,19,24,27,32,35,36,41,43,48,53,59,70,72,76,79,81,89,91,93,99,100,102,104,110,118,120,126,129,134,140,150,154,161 "6";
7 104 1 42,49,70,102,112,114,116,121,138 "7";
8 129 0 2,5,6,7,9,11,13,15,17,18,24,25,26,29,31,36,38,40,41,43,49,51,53,54,57,59,64,67,70,71,73,75,76,78,79,82,85,87,105,110,113,114,119,121,124,126,128,132,133,137,141,144,146,150,153,155,159,160,164 "8";
9 58 0 11,21,46,51,88,102,109,130,143,151 "9";
10 59 0 0,3,5,8,10,11,12,14,15,19,29,31,33,34,35,40,43,44,51,61,64,67,71,80,81,87,88,93,103,106,107,111,114,120,122,123,129,133,136,145,146,149,151,154,159,164 "10";
11 105 0 3,5,15,17,21,25,34,35,40,47,50,57,61,66,74,78,80,87,88,94,97,99,100,102,107,114,124,128,132,134,140,144,146,148,153,155,158,159 "11";
12 61 0 13,17,18,37,50,54,63,66,67,76,91,93,96,106,109,113,114,116,130,149,151,158 "12";
13 34 0 2,5,7,10,12,18,20,21,24,25,27,28,30,34,37,39,43,44,47,50,51,53,56,58,60,63,66,67,69,72,75,78,79,80,83,85,91,92,96,99,103,105,107,109,111,113,114,116,119,120,126,129,131,134,136,138,139,141,144,147,149,152,154,156,158 "13";
14 55 0 0,6,9,17,21,25,27,30,40,41,42,45,47,60,62,73,82,84,86,90,98,103,106,108,110,115,120,121,123,130,136,141,149,150,153,155,157,161,163 "14";
15 49 0 0,1,3,7,8,11,15,17,18,22,24,26,29,30,31,35,37,41,43,46,49,51,52,53,55,56,58,60,61,66,68,71,73,75,77,78,80,81,82,84,86,88,89,91,92,96,97,105,107,108,110,112,114,117,120,122,125,127,134,135,136,137,139,144,147,150,152,154,155,156,158,161,163,164 "15";
16 154 1 9,109,161 "16";
17 32 1 2,6,8,12,14,16,18,21,22,25,35,36,38,40,42,43,45,46,47,48,50,53,55,56,57,58,60,62,64,66,68,70,72,74,75,76,83,84,86,87,89,93,94,96,97,98,100,102,105,108,111,112,114,117,121,123,125,126,127,128,131,132,134,137,138,140,144,146,148,153,154,156,158,164 "17";
18 1 0 2,3,4,6,8,9,11,12,14,17,20,23,24,25,28,31,35,36,41,44,50,51,56,59,60,65,72,75,80,82,85,86,88,92,94,98,100,105,107,109,110,112,114,116,121,125,131,133,134,138,140,141,145,149,150,154,160,162,163 "18";
19 11 0 3,10,14,25,30,44,47,50,53,55,59,62,73,76,90,97,98,99,101,109,111,123,125,128,134,143,146,152,156,158,160 "19";
20 117 0 0,2,4,5,9,10,12,14,16,17,19,22,24,26,27,28,31,34,36,39,40,43,44,47,49,51,53,55,56,60,62,64,66,68,69,71,75,78,79,81,83,86,88,89,91,92,95,96,97,99,101,102,103,106,109,112,113,116,120,121,122,125,127,128,130,135,136,138,139,142,144,147,150,151,153,154,157,159,160,162 "20";
21 40 1 5,20,42,45,48,51,58,70,71,75,78,80,100,107,115,117,137,144,147,163 "21";
22 118 0 0,1,3,4,6,8,11,12,13,15,16,18,19,22,23,24,26,27,29,36,38,39,42,43,46,50,53,54,55,57,63,65,68,71,72,73,74,77,84,85,86,87,90,92,96,99,100,101,104,106,109,111,113,115,116,121,123,125,128,130,132,134,136,137,138,140,141,143,145,147,149,150,152,154,155,157,159,161,163 "22";
23 147 1 0,4,5,7,9,12,13,16,17,19,25,27,31,33,35,41,43,45,47,51,52,62,64,66,68,71,73,75,76,77,82,83,85,88,89,90,94,98,101,104,106,107,110,113,114,117,118,122,127,129,131,133,135,136,141,143,147,150,154,155,157,159,161,162 "23";
24 28 0 0,1,3,6,8,9,11,12,14,15,18,20,25,27,33,37,38,40,41,44,47,50,57,58,60,66,68,69,71,74,78,79,80,83,85,87,88,90,91,94,96,98,103,105,109,110,112,114,121,122,124,131,133,135,137,140,141,144,145,146,155,158,160,161,162,164 "24";
25 117 1 0,1,2,4,5,9,11,14,18,19,21,22,24,27,31,32,34,38,43,47,49,59,63,64,65,67,71,73,75,76,79,82,84,85,88,90,91,95,96,98,100,102,103,105,106,107,109,113,115,117,119,121,124,128,130,132,133,135,136,141,142,144,146,155,156,159,163,164 "25";
26 119 0 4,14,16,17,24,31,34,35,45,47,48,52,61,66,68,70,72,76,85,87,93,102,103,108,109,115,118,129,134,137,140,144,147,152,157,164 "26";
27 74 1 0,1,4,6,11,13,16,23,25,34,40,41,43,45,48,50,53,56,58,65,69,72,73,76,79,82,85,88,90,91,96,98,99,103,106,114,117,119,125,127,137,140,147,149,153,157,159,161 "27";
28 124 0 0,4,13,15,19,20,25,30,31,35,39,40,42,47,48,51,53,55,56,63,67,70,74,76,78,79,90,92,94,98,101,116,117,120,122,124,126,131,133,136,141,147,148,149,150,152,154,156,161,163 "28";
29 9 1 0,3,9,13,14,16,19,21,24,25,28,32,33,35,36,38,42,44,45,50,53,54,64,65,67,70,71,76,89,91,92,94,97,100,102,105,106,108,111,113,115,119,121,125,126,129,133,137,144,147,153,155,157,161,163 "29";
30 141 1 15,54,87,132,143,162 "30";
31 102 1 1,4,6,9,15,19,22,28,32,33,35,40,41,54,57,59,62,68,70,71,76,77,79,80,83,85,95,98,100,103,104,106,107,109,113,114,117,118,119,126,127,129,131,137,139,140,142,147,150,152,156,158,162,164 "31";
32 139 0 0,2,6,13,17,18,21,23,30,36,37,42,43,46,48,56,61,63,67,69,71,73,75,78,79,85,90,98,100,102,105,107,110,112,114,116,126,128,133,134,136,145,148,150,152,153,156,158,164 "32";
33 12 0 1,2,8,11,23,25,27,29,32,34,35,37,45,49,54,56,58,61,70,72,76,93,96,101,103,110,118,122,125,126,127,129,134,136,142,144,147,157 "33";
34 28 0 6,13,25,34,38,46,63,78,86,100,123,136,141,158,162 "34";
35 153 0 6,12,17,26,39,41,43,68,73,93,94,101,106,110,116,122,129,133,135,137,159 "35";
36 49 0 75,107 "36";
37 118 0 0,4,11,12,25,29,32,37,40,46,48,64,67,77,91,95,98,100,107,112,117,126,133,156,161,163 "37";
38 154 0 3,12,19,23,26,35,38,41,43,46,50,53,56,58,62,64,67,69,71,75,82,86,99,103,106,109,135,139,153,155,158,163 "38";
39 126 0 4,10,17,18,20,23,28,31,37,39,44,52,62,66,67,69,72,79,81,89,92,94,97,102,103,110,112,115,120,127,128,134,135,137,143,149,150,161 "39";
40 101 0 6,9,17,24,26,28,30,31,33,36,38,52,55,61,63,65,69,70,78,80,82,83,85,86,93,96,100,104,106,111,118,123,127,128,129,132,135,137,138,140,142,146,148,152,158,160 "40";
41 10 1 23,29,67,85,95,97,132,161 "41";
42 34 1 0,5,9,14,22,25,27,28,33,38,44,49,56,58,60,69,70,74,75,83,86,89,93,96,99,101,105,109,117,119,122,124,135,136,143,144,146,148,152 "42";
43 54 0 0,2,3,4,7,9,11,13,15,16,20,23,24,25,26,28,30,33,35,37,40,48,50,54,56,59,61,62,65,67,68,71,72,74,75,81,82,85,86,88,90,92,96,97,98,100,101,106,108,110,117,118,120,121,125,129,130,132,133,139,141,143,145,152,153,155,156,157,159,162,163 "43";
44 149 1 0,1,2,6,10,12,13,17,24,25,29,31,34,36,41,42,44,46,48,51,54,56,57,62,64,65,67,68,70,72,73,74,76,78,79,81,82,85,89,92,94,95,98,99,101,103,104,105,107,109,111,112,113,116,119,120,124,126,127,129,130,133,134,137,139,142,145,147,149,150,151,153,154,156,158,160,162,163,164 "44";
45 109 0 3,11,12,24,26,27,29,31,32,54,57,58,65,73,77,81,83,89,92,97,99,100,104,106,108,111,112,130,139,144,152,159,162 "45";
46 53 1 1,4,7,17,22,26,28,32,33,35,37,40,44,46,53,57,58,59,65,72,84,93,96,98,101,103,106,111,116,117,119,121,125,127,130,132,137,139,142,152,160,161,164 "46";
47 53 1 0,2,4,5,7,8,9,15,18,24,27,30,31,33,35,37,39,40,42,45,46,48,49,52,53,56,57,60,62,64,68,70,74,75,77,80,82,86,89,90,91,92,94,98,100,102,103,107,111,114,115,116,119,120,122,126,127,129,130,132,134,136,137,138,140,144,146,147,149,151,152,154,155,158,162 "47";
48 102 1 0,2,5,6,8,13,14,17,20,21,23,24,26,28,31,33,34,36,41,44,46,49,54,57,58,60,61,64,70,72,75,79,82,84,88,89,90,92,93,95,98,102,103,105,106,109,111,113,115,119,121,123,129,131,133,134,136,137,140,142,147,151,153,156,157,158,162,163 "48";
49 118 0 3,8,11,12,14,23,30,31,34,36,40,41,44,47,50,52,54,56,58,61,62,64,67,72,75,76,84,86,89,90,92,94,97,98,107,109,110,112,114,115,119,123,125,128,129,130,132,133,134,135,141,158,159,161,163 "49";
50 10 1 6,8,11,16,18,21,29,31,34,37,43,45,50,52,55,58,62,80,84,97,98,105,107,108,111,113,115,116,131,136,138,139,146,151,153,156,158,164 "50";
51 103 1 23,83,87 "51";
52 157 1 2,8,9,10,15,19,21,22,26,28,30,35,38,39,47,49,50,53,55,57,62,63,67,68,71,76,78,82,89,90,92,93,97,98,105,109,113,114,117,118,121,128,129,135,139,140,141,143,144,150,151,156,161,164 "52";
53 158 1 0,2,5,7,10,12,13,16,17,19,20,23,25,28,29,31,33,35,36,41,42,44,46,48,50,52,55,56,57,59,60,62,66,69,70,76,77,79,81,83,85,87,89,90,92,94,95,97,98,99,100,102,104,105,107,109,111,112,114,116,117,120,121,123,125,127,128,130,132,134,137,143,144,145,147,150,151,153,156,157,162 "53";
54 149 0 3,9,15,19,22,36,38,43,69,76,79,86,93,97,121,126,135,136,145,154,159,161 "54";
55 23 1 3,7,9,18,20,27,32,36,39,44,45,61,64,77,81,91,94,96,98,104,106,107,110,112,130,133,137,138,141,147,154,156,157,161,164 "55";
56 52 1 7,17,32,40,52,63,82,95,127,136 "56";
57 105 1 0,2,5,6,7,11,12,15,18,21,23,26,28,29,31,32,33,36,38,40,41,42,43,45,46,47,49,50,51,53,56,58,60,62,63,66,67,69,71,73,74,76,79,81,85,87,88,91,92,93,95,97,98,99,101,104,106,109,111,112,113,115,120,121,125,127,130,132,134,135,136,142,145,146,148,150,151,154,156,157,159,162,164 "57";
58 53 0 0,5,10,13,16,18,26,28,29,33,35,37,38,40,42,44,46,47,48,49,51,53,56,57,58,59,62,64,65,68,69,72,76,83,84,85,88,90,93,94,95,97,99,101,103,104,106,108,110,112,115,118,120,121,125,129,133,135,136,137,139,140,143,145,146,149,150,152,153,154,156,157,158,160,161,163 "58";
59 110 0 2,5,6,8,12,16,18,21,22,25,26,27,30,31,32,35,36,39,41,42,44,47,50,51,54,57,59,60,61,62,63,64,66,68,70,74,75,78,81,83,85,88,89,91,93,94,95,96,99,100,105,106,110,112,115,118,120,121,122,124,126,127,128,130,132,135,139,140,142,143,146,148,150,153,156,157,161,164 "59";
60 113 0 0,4,7,9,17,18,22,26,28,33,37,41,44,47,49,52,55,56,59,61,64,65,66,70,75,78,83,90,92,94,97,99,102,105,107,111,112,114,115,117,118,120,122,123,125,130,131,133,135,137,138,139,140,142,145,148,150,152,154,156,158,162 "60";
61 107 1 2,5,7,9,10,13,14,19,20,22,24,25,27,29,31,34,35,36,40,44,47,52,53,54,56,58,59,62,63,65,67,74,82,84,87,88,91,93,96,98,99,102,106,114,119,121,123,124,127,128,130,131,133,134,136,137,139,141,145,149,151,154,158,160,162,163 "61";
62 88 0 6,24,42,62,120,136,142,157 "62";
63 68 0 0,2,5,6,7,12,14,19,23,24,25,26,28,29,32,35,36,37,40,41,44,46,48,50,54,57,62,69,71,73,77,79,80,82,84,86,91,95,96,97,101,104,106,107,108,110,111,113,115,116,120,121,124,125,127,130,131,135,137,139,143,147,148,149,152,156,158,159,160,161,163 "63";
64 154 1 4,24,49,78,82,86,94,95,103,107,117,122,124,129,135,143,151,159,164 "64";
65 132 1 1,12,18,21,22,24,27,33,35,39,42,44,50,51,53,58,61,63,64,69,71,73,75,83,94,96,99,101,106,109,112,115,118,120,122,124,125,131,136,139,141,142,146,150 "65";
66 68 0 12,23,24,51,56,88,92,95,101,113,116,128,132,139,143 "66";
67 149 1 6,13,20,23,26,30,31,33,40,45,47,53,62,67,70,74,76,79,82,86,90,95,98,101,107,108,110,121,122,124,133,135,136,138,142,149,159,161,162 "67";
68 5 1 5,7,11,20,24,35,41,51,52,55,61,64,66,67,72,73,78,81,89,94,95,105,128,131,137,149,155,158 "68";
69 152 1 19,27,34,35,37,46,50,56,69,82,115,121,124,133,144,159 "69";
70 94 1 19,33,40,44,62,71,78,83,101,124,128,144,150 "70";
71 69 0 0,3,4,6,7,9,11,12,13,15,19,24,25,27,28,30,32,33,35,36,39,41,43,44,46,48,50,52,54,57,61,63,65,66,69,70,72,73,77,78,80,82,88,89,91,92,93,94,97,98,102,104,107,110,111,112,114,117,118,120,128,130,133,135,137,139,141,143,144,145,148,151,155,156,157,159,162,164 "71";
72 1 1 13,23,26,53,56,62,68,84,86,91,98,102,107,111,113,122,139,147 "72";
73 2 1 12,15,21,28,29,30,36,41,43,55,57,62,72,74,75,79,90,97,113,122,130,132,133,134,138,140,141,147,148,150,153,155,158,161 "73";
74 9 1 0,2,6,7,8,10,11,13,16,23,24,29,31,32,35,36,37,40,42,45,46,48,53,59,61,63,65,68,69,71,75,78,80,82,85,88,92,93,94,97,99,100,102,103,105,111,112,115,118,120,123,128,130,132,135,136,139,140,143,145,148,149,154,156,157,159,160,164 "74";
75 146 1 2,5,13,15,18,28,34,41,44,47,57,58,71,74,77,80,88,110,124,125,131,135,142,144,146,148,153,164 "75";
76 143 1 3,8,10,13,35,48,52,70,79,81,85,92,94,99,100,103,122,126,129,131,137,154,156 "76";
77 7 0 0,2,4,6,8,11,14,17,18,20,22,24,26,29,30,36,39,41,43,44,47,49,54,56,58,67,70,74,76,78,80,83,84,86,91,94,96,99,100,102,104,105,107,110,113,114,116,117,119,123,126,128,130,132,137,139,140,145,147,148,149,151,154,155,159,164 "77";
78 138 1 5,9,13,15,17,20,22,23,25,28,30,31,35,37,38,40,42,44,45,46,47,49,53,56,59,60,62,65,68,70,72,74,75,77,78,80,84,85,87,88,91,94,95,98,99,101,103,104,110,111,113,114,116,118,119,120,122,124,127,129,130,132,133,138,141,144,146,149,150,153,154,155,160,164 "78";
79 86 0 0,1,3,5,7,8,10,11,13,15,16,19,21,22,24,25,28,30,32,39,41,44,46,47,49,50,52,53,56,58,59,60,62,63,64,70,73,74,79,82,83,86,88,95,96,97,103,104,107,108,110,113,115,117,118,119,121,122,124,125,128,130,131,132,133,135,136,137,139,140,142,144,145,146,152,153,154,156,158,160,162,163 "79";
80 144 1 2,27,32,36,43,48,51,54,61,62,70,71,75,77,82,86,92,97,108,110,116,119,122,125,126,143,149,158,164 "80";
81 45 1 2,5,7,9,11,13,14,16,18,19,23,26,29,37,40,41,43,44,48,49,54,60,61,64,66,67,69,71,72,74,79,82,89,91,98,99,101,102,106,108,110,114,116,118,121,125,127,129,131,134,136,138,140,142,143,145,146,151,154,155,156,158,162,163 "81";
82 9 0 1,13,17,19,23,30,33,39,42,43,45,53,56,68,75,80,82,83,86,99,103,105,106,109,113,116,132,133,134,140,141,147,155,157,159,161,164 "82";
83 30 0 0,2,7,9,11,13,17,20,24,34,37,39,46,47,50,52,57,58,66,71,72,73,77,84,87,94,97,103,104,105,108,113,117,119,121,126,129,131,134,135,143,149,152,154,156,160,161,162 "83";
84 73 0 9,10,20,35,38,48,58,61,64,71,76,78,80,90,96,98,101,125,127,138,142,147,149,162 "84";
85 156 0 4,8,15,16,18,20,23,29,31,37,38,40,44,45,47,51,54,65,69,77,81,89,93,95,101,102,106,109,117,122,124,127,129,131,132,143,148,152,160 "85";
86 77 1 0,2,6,7,9,11,15,17,21,25,26,28,29,31,32,36,38,41,43,46,48,56,58,65,69,72,78,80,82,83,84,86,87,89,90,92,93,94,96,97,98,100,102,106,108,110,113,115,116,118,119,120,123,125,130,133,138,140,142,144,147,149,151,152,154,157,158,159,164 "86";
87 90 1 17,30,35,37,52,65,66,70,78,89,96,98,99,102,103,108,111,113,126,134,139,152,162 "87";
88 67 0 7,11,16,21,23,32,35,39,40,45,49,52,56,64,69,79,81,87,99,107,117,119,121,123,126,140,141,143,145,147,149,160 "88";
89 161 0 2,3,10,15,16,19,21,26,30,35,39,52,54,56,63,74,75,86,88,93,94,97,103,111,114,115,117,122,123,131,136,141,142,145,147,149,150,152,161,162 "89";
90 113 0 1,2,5,9,11,15,18,22,25,29,32,34,35,38,40,45,49,52,55,59,63,66,67,71,82,87,88,91,93,94,97,100,102,103,104,109,111,115,122,123,127,130,131,135,137,138,142,145,151,153,156,164 "90";
91 46 0 6,10,12,15,20,21,23,24,27,30,34,37,40,43,46,47,51,59,61,62,66,68,71,74,76,78,80,87,89,90,93,95,96,99,102,104,106,108,111,113,115,121,122,124,128,129,133,136,138,140,142,149,150,153,156,157,160,162,164 "91";
92 74 0 4,6,7,10,13,14,15,17,23,25,27,29,32,34,35,42,44,48,49,52,55,56,58,60,62,64,68,70,72,73,75,77,79,80,81,82,84,86,88,89,90,92,94,96,97,100,104,105,107,109,111,113,115,116,117,119,121,124,126,128,131,132,134,138,141,142,143,145,146,149,152,153,155,157,162,163,164 "92";
93 43 1 0,4,6,8,10,13,16,19,23,24,27,29,31,34,35,36,40,43,45,47,49,50,52,55,59,61,63,74,76,80,82,84,85,87,89,90,92,96,98,102,104,105,107,108,110,112,114,115,118,120,128,132,134,135,137,140,142,143,144,146,148,149,151,153,155,159,161,164 "93";
94 165 1 3,12,27,34,37,41,43,51,54,60,61,63,66,68,78,89,90,96,98,127,128,149,150,153,164 "94";
95 77 1 0,10,13,18,25,33,50,54,57,64,69,75,77,80,87,109,118,130,141,147,149,161,164 "95";
96 65 1 0,6,16,17,20,26,39,46,47,57,58,61,63,66,67,74,76,79,81,85,91,93,99,106,107,111,113,115,120,122,123,126,128,139,150,153,154,155,161,164 "96";
97 59 1 1,3,7,11,16,18,23,32,33,35,37,47,49,57,58,69,72,74,76,88,93,95,98,103,106,112,116,117,126,133,135,139,143,144,149,155,160 "97";
98 114 0 0,4,8,10,12,13,25,28,32,34,35,38,42,44,50,52,54,61,63,67,72,75,78,82,85,87,88,94,95,98,99,104,105,106,108,110,112,114,119,122,124,125,127,128,129,131,134,135,136,137,139,149,152,154,156,157,161,162 "98";
99 32 1 0,3,5,10,11,13,15,17,20,22,28,29,34,35,38,41,44,49,53,55,59,60,62,63,67,69,72,74,77,78,80,82,87,92,97,103,106,111,115,117,120,122,125,130,133,139,142,146,149,151,152,155,156,159,164 "99";
100 31 0 9,15,20,21,28,30,44,47,51,52,55,82,84,90,99,100,104,106,110,115,116,120,122,124,135,138,153,164 "100";
101 93 1 0,1,6,7,9,17,21,23,26,31,34,37,39,41,46,48,54,58,59,71,72,75,76,80,85,87,92,99,100,103,106,111,114,117,119,130,131,133,135,137,141,143,146,147,151,156,161,164 "101";
102 129 0 6,11,16,21,25,32,47,56,57,63,74,78,84,87,94,99,106,139,143,146,147,149,153,158,161,162 "102";
103 141 0 2,10,13,20,36,42,58,59,80,85,96,102,107,109,113,115,117,128,130,132,133,144,149,164 "103";
104 146 0 4,7,9,12,15,17,18,23,25,26,28,30,31,36,38,39,41,43,45,47,49,56,58,59,62,65,66,67,68,69,71,73,76,81,83,85,87,88,90,91,95,98,99,103,107,109,110,115,119,123,132,139,140,145,146,148,152,154,157,160,163,164 "104";
105 9 0 1,29,51,56,61,74,79,91,110,131,158 "105";
106 24 0 0,3,7,9,13,14,17,20,21,23,26,27,31,38,41,45,46,52,57,60,61,62,66,68,72,73,75,91,94,95,98,113,115,117,119,121,125,126,129,131,136,140,141,143,148,153,155,157,159,161,164 "106";
107 153 1 0,3,7,9,13,18,22,33,34,37,40,45,48,63,67,69,75,77,83,88,93,95,100,104,112,114,119,121,126,130,140,141,143,147,150,151,159,164 "107";
108 106 1 10,11,19,23,36,38,41,43,45,47,50,54,56,58,59,62,64,67,70,71,76,79,82,84,91,94,96,97,101,105,107,108,110,112,119,122,127,135,137,139,144,147,152,155,159 "108";
109 14 0 3,5,31,35,39,44,47,52,69,70,71,73,79,106,109,112,118,126,132,138,144,149,154,158,159 "109";
110 9 0 9,12,22,33,51,56,64,73,75,85,109,120,121,122,124,129,134,135,140,154,160 "110";
111 41 0 14,20,56,61,111,114,119,132,141,151 "111";
112 8 1 1,11,12,15,17,19,22,24,26,27,29,31,33,38,42,44,47,48,52,56,65,67,74,76,79,83,85,86,88,89,93,96,97,99,102,104,105,108,110,113,116,118,119,121,123,128,133,135,136,139,140,142,144,147,150,151,153,154,156,158,159,160,163,164 "112";
113 82 1 4,9,11,15,17,18,20,24,26,33,34,35,37,41,48,50,51,54,57,59,62,65,67,72,75,82,94,96,97,98,115,119,123,125,130,141,142,146,147,151,154,156,159,160,163 "113";
114 137 1 0,1,4,5,7,12,15,16,21,22,27,30,31,36,37,39,41,43,48,50,52,53,54,56,57,62,68,69,71,72,74,75,77,78,82,85,87,91,93,95,97,100,101,102,104,107,108,110,113,116,117,119,121,131,133,134,135,141,143,145,146,147,149,150,151,153,155,157,158,160,164 "114";
115 44 1 0,3,10,15,16,19,23,28,30,35,38,40,43,50,53,61,64,69,71,72,78,79,81,83,89,91,93,99,100,101,104,105,111,112,113,117,119,121,122,125,129,131,132,136,139,142,143,145,146,151,153,154,160,162 "115";
116 155 1 0,1,3,4,6,15,18,20,21,25,32,35,37,40,42,44,45,50,51,53,54,55,56,58,62,65,66,69,70,71,75,76,79,81,82,84,87,90,92,96,100,105,110,112,114,115,119,120,122,123,125,126,128,131,133,137,139,140,142,147,151,157,159,161,162 "116";
117 9 0 0,4,7,11,24,27,33,37,38,46,48,50,57,62,64,66,76,85,86,102,108,114,116,118,120,128,133,134,147,152,154,157,159,163 "117";
118 109 1 1,5,6,8,12,15,16,17,19,20,22,23,24,26,30,34,36,40,43,44,46,48,52,54,61,62,63,69,70,74,77,79,81,82,84,88,89,97,99,102,104,105,107,108,109,111,113,114,116,118,119,122,123,127,128,133,136,139,141,143,144,146,148,150,151,153,155,157,158,159,162,164 "118";
119 22 1 8,12,14,26,30,35,43,45,50,52,65,73,77,84,89,90,93,96,107,109,114,118,119,123,127,135,138,140,156,159 "119";
120 102 1 2,10,14,15,19,25,26,28,32,37,39,40,42,44,45,47,48,50,53,55,57,58,59,67,71,73,74,77,80,83,86,88,93,94,97,99,101,105,109,110,111,116,117,120,122,127,128,132,138,145,147,149,152,157,160,162 "120";
121 20 1 2,3,5,6,7,8,12,13,14,16,18,19,22,25,26,32,33,35,36,37,39,41,42,45,48,49,51,55,58,61,62,64,66,67,68,69,72,73,76,78,83,87,91,92,93,94,96,97,102,104,106,109,112,114,115,116,118,120,124,126,129,131,134,135,140,142,147,148,150,151,153,155,159,161,164 "121";
122 152 1 0,1,3,5,6,9,11,12,13,16,18,19,21,24,27,28,30,33,34,41,42,43,48,50,51,53,54,56,57,60,62,65,67,69,70,72,75,77,80,83,87,89,90,91,93,94,96,97,98,101,104,105,108,110,113,115,116,118,120,122,123,128,131,133,134,138,139,141,143,148,150,151,155,156,158,160,161,162 "122";
123 73 1 2,4,8,11,13,17,18,19,20,21,22,23,25,26,28,30,31,37,38,40,41,43,45,46,48,50,51,54,55,57,60,62,63,65,67,68,72,75,77,81,82,85,86,88,91,93,95,96,99,100,102,103,106,108,109,110,112,115,119,122,124,131,134,135,138,139,140,141,142,143,145,146,148,151,153,155,156,159,161,162,164 "123";
124 30 1 2,4,6,10,13,19,20,22,25,27,32,33,37,38,42,49,51,53,55,66,68,69,72,79,80,86,87,95,97,102,110,117,118,120,123,124,131,133,134,137,139,141,143,147,152,158,160,163 "124";
125 47 1 5,7,16,22,24,30,44,47,49,53,57,61,67,68,69,77,80,81,84,91,104,107,125,128,131,136,137,138,144,151,161,163 "125";
126 67 0 2,7,10,11,14,21,28,31,33,36,37,39,44,48,53,54,64,65,66,68,69,72,76,80,86,103,115,119,123,132,134,143,146,151,152,160,162,163 "126";
127 38 0 8,10,16,19,20,21,23,32,34,38,40,44,51,53,61,62,64,66,67,72,74,79,82,87,89,92,95,98,100,101,106,111,116,119,120,123,139,140,142,146,148,149,151,153,155,160,162,164 "127";
128 43 1 0,4,12,14,16,21,24,25,27,30,31,32,34,36,38,42,46,53,55,56,61,62,64,67,69,71,73,75,79,81,85,87,92,93,95,97,99,101,102,104,106,109,110,113,114,115,117,118,119,121,122,125,127,128,130,133,135,137,140,145,146,149,150,151,153,156,160,161,163 "128";
129 158 1 0,1,4,11,15,17,21,30,34,37,40,49,56,58,67,72,86,88,94,95,98,110,113,115,116,118,121,122,126,131,134,135,143,149,157,161 "129";
130 103 0 54,113,160 "130";
131 56 1 5,25,29,46,59,85,87,91,99,101,110,127,132,162 "131";
132 80 1 1,3,7,8,11,13,16,18,20,24,29,31,32,34,37,41,44,46,52,54,55,57,59,64,65,69,71,76,77,79,80,82,85,88,91,96,98,99,105,106,112,113,115,116,118,121,122,125,127,130,131,133,138,142,151,154,156,158,160,161 "132";
133 4 0 14,31,34,48,50,52,65,67,74,83,86,91,94,100,103,107,110,126,155,159 "133";
134 96 0 10,12,17,19,26,35,40,44,47,48,58,69,86,88,106,109,113,117,124,136,137,140,148,157 "134";
135 98 0 4,9,15,16,19,22,24,26,34,36,40,44,46,48,50,56,59,61,64,66,68,69,75,80,81,83,86,89,90,100,102,105,111,114,115,120,128,130,132,144,146,149,155,158,161 "135";
136 161 0 0,2,4,6,8,12,14,19,22,25,30,33,36,38,39,43,45,51,53,55,58,61,62,64,71,73,74,78,80,86,88,90,92,99,101,102,109,110,112,115,121,124,126,129,134,138,139,143,147,150,152,153,161 "136";
137 149 1 0,10,15,36,43,48,55,57,64,67,78,81,99,102,112 "137";
138 159 1 3,11,16,29,30,58,67,74,79,82,87,94,96,99,102,105,107,113,135,137,141,143,145,150,152,156 "138";
139 122 1 6,8,12,14,24,26,27,35,37,46,51,53,56,63,72,75,76,85,88,107,108,118,127,129,131,134,135,138,141,145,147,150,153,155,159 "139";
140 63 0 2,15,21,27,35,37,39,42,48,49,59,63,70,72,73,75,76,88,100,109,111,113,117,124,129,141,146,153 "140";
141 108 0 1,6,9,11,12,14,15,17,21,24,25,26,31,34,37,39,40,41,43,44,47,49,54,55,56,59,61,62,68,70,72,74,77,78,80,82,85,86,88,90,93,94,101,103,104,106,109,110,112,113,115,117,119,120,121,127,128,129,130,134,137,139,142,144,145,146,148,150,151,152,154,156,159,160,161,164 "141";
142 5 0 2,14,18,37,44,69,78,91,101,157 "142";
143 88 0 0,3,5,7,8,11,16,18,19,23,25,27,28,30,31,36,37,38,39,41,43,45,47,48,51,52,54,57,58,60,62,64,68,72,74,76,77,78,81,82,88,89,90,92,96,98,102,105,107,109,111,113,114,115,117,119,120,124,127,129,130,131,133,135,136,138,139,142,143,145,148,149,150,154,158,159 "143";
144 123 1 10,15,19,21,25,26,29,32,40,42,48,80,81,85,86,92,97,100,102,103,109,110,113,119,120,125,129,131,138,146,148,151,156 "144";
145 143 0 2,5,7,11,13,15,19,25,27,29,36,51,53,54,61,64,65,69,74,86,97,100,102,104,109,110,115,117,120,121,126,132,134,141,143,156,157,158,163 "145";
146 81 0 2,4,7,8,19,23,32,36,38,39,51,59,60,67,70,76,80,87,91,98,107,119,125,134,143,149,152,161,163 "146";
147 29 1 2,8,9,10,11,15,16,17,20,21,23,26,27,29,34,36,40,42,47,50,58,60,63,64,66,70,71,74,76,77,80,81,83,89,90,92,94,100,103,107,109,115,117,119,121,122,131,138,140,141,144,146,148,150,151,153,158,159,160,162,164 "147";
148 104 0 1,7,8,11,13,15,18,30,38,39,41,45,48,51,52,59,66,67,69,74,79,80,85,86,93,94,96,98,103,107,111,115,122,127,131,133,136,148,150,155,157,159,164 "148";
149 154 0 8,11,26,32,34,44,50,53,65,66,69,83,84,96,101,102,108,111,117,122,125,128,135,137,142 "149";
150 23 0 0,2,3,6,8,9,11,13,14,16,19,23,25,27,28,30,32,34,36,38,43,49,51,52,55,57,59,61,63,65,69,71,73,75,77,79,84,86,90,92,93,94,99,102,109,112,117,120,122,124,127,128,130,131,133,134,136,137,140,142,145,150,154,160,161,163 "150";
151 148 0 1,4,9,10,14,18,22,28,29,33,34,40,42,45,46,53,55,57,60,61,63,66,68,69,72,74,77,79,81,84,86,88,90,91,97,99,101,103,105,106,107,110,112,113,115,116,117,118,122,126,127,129,131,132,135,138,140,144,147,150,151,153,154,156,157,161,164 "151";
152 129 0 24,37,52,54,76,80,123 "152";
153 0 0 3,15,27,38,77,80,86,98,104,109,111,121,142,150,152 "153";
154 13 1 1,4,5,9,11,15,17,28,31,36,37,49,52,56,59,60,64,65,84,86,102,107,109,113,118,127,145,147,161,162 "154";
155 144 0 0,2,5,10,14,17,18,19,23,27,29,32,36,37,41,44,48,56,62,65,67,69,72,76,78,79,80,85,87,92,98,99,102,104,105,111,116,121,123,125,127,129,131,134,137,138,142,144,146,149,152,153,154,162 "155";
156 95 0 0,4,9,13,19,20,21,23,24,28,35,39,43,46,48,51,52,54,56,57,60,63,66,68,76,77,80,86,87,89,92,94,96,99,100,102,104,106,108,114,115,117,121,123,124,126,127,129,131,135,136,140,141,144,146,153,155,158,159,160,162 "156";
157 83 1 0,3,4,5,8,11,17,18,20,21,22,26,33,35,39,40,45,48,52,55,58,62,63,68,69,72,73,74,80,85,87,88,94,97,100,101,103,106,112,113,115,118,122,129,131,135,139,141,146,149,150,154,156,157,161,164 "157";
158 33 0 1,2,3,6,8,11,13,15,17,18,20,21,22,24,27,29,31,34,37,39,40,45,46,48,49,53,54,56,59,61,63,64,66,68,71,72,73,77,80,82,85,89,90,93,95,97,100,101,103,105,108,110,113,114,115,117,120,122,126,127,130,134,136,139,142,146,150,152,153,155,156,158,162,163 "158";
159 51 0 7,19,28,34,43,53,60,68,77,112,115,126,127,134,151,153,163 "159";
160 146 1 0,7,15,40,43,57,69,70,72,79,83,94,102,104,117,119,121,125,134,144,157 "160";
161 82 1 0,2,5,7,8,12,14,16,19,22,26,30,31,34,37,38,41,42,43,45,47,50,55,57,60,62,63,65,69,71,77,79,82,83,85,87,90,91,93,95,100,108,109,110,111,113,115,118,119,121,123,124,125,126,129,130,132,136,139,140,142,144,146,148,150,151,153,155,156,158,159,160,162,164 "161";
162 45 0 0,4,8,9,12,15,18,23,28,38,40,41,43,47,54,63,64,66,69,75,77,79,81,82,84,89,91,93,94,98,103,105,108,110,112,114,117,118,122,125,127,129,130,133,135,137,138,147,149,151,155,163 "162";
163 72 0 1,9,14,33,37,46,51,53,64,86,105,108,118,122,129,143 "163";
164 72 0 1,14,21,25,27,37,38,63,69,73,78,100,113,122,130,135,147,151,154,161 "164";
