parity 24;
0 2 1 0,9,18 "0";
1 24 0 1,3,6,8,10,11,19,22 "1";
2 9 1 2,3,8,9,18,23 "2";
3 12 1 1,2,9,12,16,17,18,21 "3";
4 7 1 3,4,6,7,8,11,13,14,18,19,20,23,24 "4";
5 23 0 0,6,12,16,24 "5";
6 2 0 1,2,4,7,12,14,19,24 "6";
7 10 0 1,4,7,9,10,12,14,15,17,18,22,24 "7";
8 13 0 0,2,4,9,10,12,14,16,18,19,22,24 "8";
9 21 1 0,4,14,16,22,23,24 "9";
10 13 1 0,2,6,9,12,13,15,16,18,20,24 "10";
11 10 0 5,6,8,13,15,17,19,21,23 "11";
12 15 0 0,2,3,4,5,8,10,11,14,15,20 "12";
13 0 1 0,2,3,4,7,8,11,12,14,15,16,20,21 "13";
14 19 1 2,16 "14";
15 10 1 4,8,9,13,20 "15";
16 20 1 0,2,5,7,8,9,12,13,15,17,22,24 "16";
17 22 0 0,1,4,6,7,14,16,17,19,24 "17";
18 11 1 2,4,8,14,18,21,23 "18";
19 14 0 2,13 "19";
20 7 0 0,3,4,6,8,10,11,14,17,18,20,22,24 "20";
21 24 0 0,2,3,6,7,9,13,16,19,20,22,23,24 "21";
22 2 1 0,1,2,4,5,8,10,13,16,19,21,22,24 "22";
23 1 0 3,12 "23";
24 19 0 0,8,11,12,16,18,20 "24";
