parity 83;
0 40 1 2,4,6,7,10,14,16,17,24,26,30,38,43,45,46,53,55,57,58,59,61,63,70,75,78,81 "0";
1 7 1 12,17,23,29,47,60,72,74,82 "1";
2 34 1 4,7,9,12,17,20,24,26,27,28,31,33,39,42,45,47,49,55,61,63,65,70,71,73,77,79 "2";
3 40 0 9,12,13,21,25,27,29,30,35,37,39,43,46,48,51,53,55,65,73,74,75,77,79,82,83 "3";
4 81 1 2,8,10,14,16,17,25,26,34,40,41,44,46,50,58,60,61,66,67,71,73,74,76,82 "4";
5 63 1 0,3,5,8,10,11,14,17,21,22,28,29,31,37,42,44,46,47,48,50,51,55,57,62,67,69,72,74,80,83 "5";
6 22 0 2,4,6,7,9,14,19,28,30,32,33,38,49,51,54,60,62,77,83 "6";
7 59 1 2,6,8,10,12,13,14,17,18,24,25,27,29,30,33,36,37,60,62,63,65,75,77,79,81,83 "7";
8 48 0 6,9,16,20,24,26,30,34,37,39,45,50,55,60,63,72,77 "8";
9 43 0 0,6,18,23,26,29,36,38,56,61,77,82 "9";
10 58 1 1,2,3,5,6,9,10,11,17,18,21,22,23,29,35,37,38,41,44,51,55,59,60,62,63,65,67,70,73,74,77,79,81,83 "10";
11 24 0 1,8,9,11,13,15,16,18,20,22,23,25,26,28,29,32,34,36,37,39,40,42,44,47,49,50,51,54,55,61,63,69,71,72,73,75,79,80 "11";
12 78 0 1,4,5,8,9,13,15,17,23,26,35,40,44,49,50,52,54,56,59,70,71,75,77,79,81 "12";
13 48 1 0,4,6,9,12,14,16,18,20,22,23,25,27,29,31,33,34,37,40,42,43,46,48,49,51,54,57,58,61,62,63,67,69,73,76,78,81 "13";
14 22 0 5,6,8,12,16,21,23,29,31,38,40,43,46,50,58,61,62,66,68,71,72,73,79,81 "14";
15 54 0 8,19,21,23,24,33,54,68,81 "15";
16 9 1 0,1,4,5,6,8,9,13,14,16,18,22,24,26,27,28,35,36,38,42,46,48,52,54,55,58,60,63,68,70,73,76,78,79,81,82,83 "16";
17 54 1 7,16,19,23,36,37,40,43,45,55,64,66,71,74,79,80 "17";
18 27 0 0,2,4,8,9,12,17,20,22,23,26,28,29,31,32,33,38,40,42,43,45,48,51,52,53,54,55,57,61,67,69,70,73,76,77,78,79,81,83 "18";
19 9 0 3,10,36,44,61,67,71,73,75 "19";
20 66 1 1,5,6,9,10,11,13,15,18,22,23,25,27,28,30,31,32,34,35,37,38,39,43,44,45,51,53,58,59,60,61,63,65,66,68,71,72,74,76,79,81 "20";
21 39 1 0,10,15,17,28,32,33,35,39,45,51,54,56,60,63,65,68,70,72,74,78,80 "21";
22 61 1 5,7,9,11,14,15,16,20,22,23,27,29,30,32,33,34,36,38,40,41,43,44,46,47,50,51,53,55,56,58,62,64,66,68,70,71,74,76,77,82 "22";
23 42 1 2,7,10,11,14,17,19,22,25,27,28,30,33,36,38,39,41,43,46,48,54,61,62,64,67,69,72,75,77,78,81 "23";
24 46 1 10,31,35,47,62 "24";
25 8 1 13,22,32,40,45,56,64 "25";
26 18 0 0,1,2,5,7,9,11,12,14,15,17,20,24,26,27,29,30,36,37,39,41,42,46,47,52,54,58,60,63,65,67,68,72,74,77,80,81,82 "26";
27 4 0 3,7,10,13,14,17,23,24,27,28,33,34,36,39,42,44,45,48,51,54,57,59,60,63,64,66,69,70,74,77,79,81 "27";
28 37 1 11,19,22,25,27,30,42,48,58,60,62,68 "28";
29 63 0 0,1,5,6,8,10,11,16,20,23,24,26,28,29,32,33,36,43,44,48,50,52,58,67,69,70,72,73,75,77,78,83 "29";
30 82 1 1,4,7,11,12,15,18,21,24,27,29,31,32,34,36,38,40,41,43,44,45,47,48,50,52,53,54,56,58,66,70,72,73,76,77,78,81,82,83 "30";
31 71 0 3,9,10,12,14,16,24,29,31,35,39,41,46,47,49,50,56,58,61,62,63,64,65,67,68,70,71,73,76,78,79 "31";
32 4 1 0,2,3,4,8,9,10,12,17,19,20,21,22,25,26,31,32,34,35,37,39,41,42,44,45,46,47,50,52,54,57,60,61,63,64,69,71,73,75,77,78,83 "32";
33 44 1 32,35,36,56,74 "33";
34 70 0 57 "34";
35 65 1 0,5,7,11,13,14,15,17,20,22,24,25,30,31,32,33,35,37,43,44,47,49,50,51,54,55,56,60,61,63,65,66,68,70,73,77,78,80,82,83 "35";
36 36 1 1,4,7,8,13,16,19,21,26,33,35,37,40,41,45,49,50,52,54,56,57,58,60,61,64,66,75,79 "36";
37 81 0 1,6,7,8,9,12,17,19,21,25,26,28,30,33,34,37,38,40,43,52,54,56,58,62,68,72,74,75,77,80 "37";
38 80 1 10,16,17,23,27,31,34,36,43,45,55,56,59,62,69,73,82,83 "38";
39 5 0 2,4,5,7,9,12,14,17,19,20,28,30,43,48,49,52,53,54,57,61,64,66,68,72,75,82 "39";
40 1 1 6,11,15,22,23,25,27,28,30,33,38,39,41,43,44,49,52,54,55,57,58,64,67,77,80,81,82 "40";
41 22 1 1,3,7,9,11,14,17,18,20,21,23,25,26,27,29,32,34,37,38,39,43,45,47,52,56,57,59,60,61,64,65,67,69,71,72,73,75,76,77,80,82,83 "41";
42 50 1 0,2,3,5,8,9,13,16,18,20,23,28,34,42,46,49,60,64,73,75,77,79 "42";
43 13 1 1,2,3,6,8,9,10,11,13,16,17,18,19,20,23,25,33,35,36,38,39,41,42,44,45,50,52,53,55,59,63,64,67,69,70,72,76,77,79,83 "43";
44 40 0 1,3,12,13,22,23,25,27,30,33,38,42,45,48,49,54,55,60,63,64,65,67,72,73,75,77,80,82 "44";
45 25 1 3,8,10,11,13,14,18,20,21,24,25,26,28,29,33,34,35,36,39,42,44,48,51,55,56,63,65,67,72,75,76,78,81,83 "45";
46 69 1 1,3,16,20,23,33,36,42,46,51,56,63,64,69,75,78 "46";
47 77 1 1,3,6,9,11,13,15,17,19,21,27,28,30,32,34,35,43,47,51,52,54,56,57,62,64,67,68,70,73,77,79 "47";
48 52 0 1,3,9,12,13,18,24,32,35,38,40,41,43,44,47,60,64,65,71 "48";
49 44 1 0,8,10,16,17,21,29,35,41,44,46,51,53,55,61,67,74,83 "49";
50 10 1 32,66 "50";
51 12 1 0,3,4,11,13,17,18,20,22,29,31,33,36,38,47,51,57,58,61,62,64,69,71,72,73,76,78,81,83 "51";
52 33 0 9,21,34,37,68 "52";
53 40 1 17,25,33,36,53,62,67,70,74 "53";
54 57 1 0,9,12,13,16,20,23,30,32,40,42,46,63,64,74,80 "54";
55 26 0 0,9,12,15,16,19,20,22,24,25,26,28,29,31,34,37,38,41,43,47,50,51,52,55,56,58,60,61,65,69,72,74,75,77,79,80,82,83 "55";
56 32 1 4,43,69,78 "56";
57 38 1 0,3,7,9,11,12,23,24,29,31,32,36,37,39,40,42,47,49,50,52,53,55,56,59,62,64,65,66,67,70,71,72,75,76,78,82 "57";
58 27 0 2,11,14,16,18,20,25,30,32,36,38,44,46,47,50,51,55,57,59,66,69,71,72,74,76,79,80,82 "58";
59 52 0 14,20,24,30,40,42,45,48,55,57,59,60,64,69,75,78 "59";
60 71 0 0,6,10,18,20,24,26,29,42,45,46,60,63,69,72,75,76 "60";
61 42 0 3,22,31,56,67,71,75,77 "61";
62 9 1 2,9,13,15,16,18,25,33,42,46,53,56,61,67,72,76 "62";
63 67 0 4,5,7,9,12,13,15,16,18,20,21,23,25,26,28,30,31,34,36,38,39,41,43,46,47,49,51,52,54,55,56,59,66,67,69,71,72,73,74,75,82,83 "63";
64 29 0 1,3,4,9,11,13,18,22,24,25,29,32,36,38,43,45,46,47,49,50,51,55,58,62,64,67,71,73,75,76,81,82 "64";
65 81 1 13,19,29,35,37,38,43,45,47,50,55,70,73,78,80,82 "65";
66 30 1 2,3,4,10,13,18,20,22,26,27,31,34,35,37,42,44,51,56,59,61,64,65,71,72,75,77,81,83 "66";
67 25 0 2,6,10,11,14,23,26,27,29,32,36,39,43,44,45,47,49,50,51,53,54,55,56,60,62,65,68,70,72,78,79,80,83 "67";
68 36 0 14,16,30,48,56,61,66 "68";
69 78 0 2,18,34,40,44,46,48,57,59,63,66,68,73,74,76,83 "69";
70 15 1 1,2,4,8,11,15,17,19,20,23,25,28,30,31,33,34,38,42,45,47,48,50,52,53,58,61,64,66,67,71,72,74,76,78,79,80,83 "70";
71 26 0 1,4,6,9,10,13,14,17,20,21,22,24,27,28,30,31,33,36,38,39,41,43,45,47,50,52,53,55,59,62,64,65,69,71,72,74,75,76,78,79,82,83 "71";
72 65 0 4,58,67,77 "72";
73 23 1 5,16,32,40,59,80 "73";
74 10 0 1,3,7,8,10,11,13,17,19,20,21,22,26,28,30,32,36,37,39,41,43,44,46,47,48,51,53,56,58,59,60,64,65,66,68,71,74,77,83 "74";
75 40 0 2,8,17,19,24,26,27,30,33,35,44,47,48,50,52,55,56,57,65,69,75,78,83 "75";
76 71 0 4,8,14,19,26,31,41,59,65,68,74,77,83 "76";
77 35 0 3,11,12,17,26,32,38,39,42,51,61,71,73,75,80,82,83 "77";
78 38 0 5,10,12,14,15,16,19,25,26,27,29,31,33,36,39,45,51,54,57,59,61,63,65,67,72,73,76,78,82,83 "78";
79 3 1 0,3,6,26,40,45,49,58,64,67,69,73,76,77,81 "79";
80 47 1 0,2,3,4,6,8,10,12,15,16,19,22,24,26,29,32,34,35,37,40,41,46,48,49,51,54,56,58,59,64,68,69,71,72,74,75,82,83 "80";
81 7 0 3,10,13,31,34,37,46,54,63,69,71,75,81 "81";
82 30 0 0,3,4,5,13,14,15,16,18,19,20,23,25,26,28,29,30,36,38,39,41,42,44,47,49,51,53,54,55,58,59,60,62,63,67,70,72,73,78,81,83 "82";
83 76 1 1,2,4,7,10,15,17,19,20,22,23,25,26,29,32,34,35,37,39,40,44,47,48,50,53,55,57,59,61,63,66,68,69,71,74,78,82 "83";
