parity 168;
0 43 1 8,13,22,46,62,69,73,76,79,107,116 "0";
1 15 0 0,4,10,13,16,23,24,25,27,29,33,34,36,37,39,40,44,47,50,52,55,57,59,61,63,65,67,68,70,73,74,78,79,81,83,85,88,89,93,95,97,101,102,105,110,112,114,115,116,119,123,127,130,132,135,136,139,142,145,147,150,152,154,156,161,164,166 "1";
2 63 1 14,16,18,25,35,40,44,63,70,73,76,78,79,81,86,88,90,100,123,125,127,130,132,141,153,163,164 "2";
3 18 1 0,4,6,8,9,10,15,18,21,27,31,33,34,35,38,40,41,42,43,48,52,55,57,59,61,64,65,69,70,82,83,85,88,89,90,91,93,100,101,103,105,107,115,116,118,120,125,129,130,132,134,137,139,142,146,149,152,155,167,168 "3";
4 113 0 15,19,20,21,25,29,37,39,45,53,66,71,85,91,94,96,103,105,109,128,131,142,145,146,151,153,160,162,166 "4";
5 65 1 35,43,82,89,104,109,116,122,142,163 "5";
6 94 1 0,5,7,18,24,25,35,40,42,54,58,64,65,71,74,84,87,99,105,107,108,116,122,123,135,143,146,152,156,158 "6";
7 135 0 3,4,7,8,10,11,16,18,24,27,30,32,36,37,38,39,41,42,43,44,46,50,51,52,56,58,60,61,67,68,70,71,73,77,85,88,89,94,95,97,103,105,106,107,108,113,115,119,121,124,125,127,129,131,136,140,145,150,152,155,156,158,159,160,162,164 "7";
8 26 0 1,7,13,15,16,19,21,29,39,48,53,57,58,61,64,69,73,76,78,89,95,104,106,121,130,133,138,144,146,154,161 "8";
9 56 1 1,5,7,8,12,13,15,17,19,21,22,24,30,31,33,34,38,39,40,43,45,48,50,51,56,59,61,62,64,68,74,79,81,83,86,88,90,91,94,95,96,98,100,101,105,106,108,112,113,117,118,122,123,125,126,127,129,131,132,135,137,138,140,142,144,145,146,148,149,150,152,154,156,157,159,160,162,164,165 "9";
10 143 0 7,11,22,27,29,42,47,59,62,63,65,70,72,73,80,85,89,92,95,100,102,120,121,127,130,131,134,140,154,160,161,163,164 "10";
11 128 1 2,12,15,18,23,24,28,31,33,38,40,46,50,53,58,61,62,64,65,75,77,81,82,83,87,92,93,96,101,103,106,108,111,112,114,117,119,127,128,133,139,140,146,147,149,150,152,157,160,162,164,165,167 "11";
12 67 0 0,1,2,4,7,9,10,13,15,16,18,19,20,21,24,26,29,31,32,34,35,38,41,43,45,46,50,52,55,56,58,59,62,63,67,69,71,73,75,78,80,81,85,86,88,92,95,97,101,102,104,107,110,113,114,118,120,121,124,126,127,130,134,144,146,148,150,151,154,156,158,159,160,162,164,166,168 "12";
13 36 1 80,111,145 "13";
14 152 1 83,99 "14";
15 127 1 8,28,35,39,118,130,141,155 "15";
16 79 0 9,23,39,40,43,54,58,71,135,144,146,156,157 "16";
17 40 0 9,24,41,55,61,65,70,77,84,97,98,101,104,108,110,124,126,135,136,138,146,148,155,159 "17";
18 16 0 4,9,10,12,22,25,28,29,41,46,52,58,60,64,68,72,73,75,77,86,90,94,96,98,103,106,108,110,120,128,130,131,132,134,135,137,139,141,149,157 "18";
19 42 1 0,11,13,18,20,23,24,27,29,31,36,41,44,53,56,60,63,65,67,73,74,80,86,87,90,94,98,101,102,105,114,116,120,127,129,131,133,134,137,142,146,149,156,160 "19";
20 120 0 11,15,26,49,54,58,92,112,114,117,124,127,129,136,138,149,151,155,166 "20";
21 75 1 14,17,18,22,24,33,45,48,53,59,70,76,81,119,122,125,130,133,134,150,151,166 "21";
22 140 1 1,4,5,15,16,17,19,22,24,25,29,30,35,38,42,44,45,48,51,55,56,58,61,63,65,68,71,73,76,78,81,82,84,85,86,89,90,92,106,108,111,112,113,117,120,121,124,126,128,132,133,134,136,139,142,148,149,152,153,155,156,162,164,166 "22";
23 146 0 10,22,25,45,53,58,71,90,94,114,128,130,148 "23";
24 144 0 12,25,59,64,96,105,160,161,163 "24";
25 132 0 22,29,31,39,45,50,55,57,62,72,75,81,90,107,108,112,115,120,125,126,129,143,149,152,153,159,160 "25";
26 37 0 7,15,56,65,71,84,93,98,105,131,143,164 "26";
27 14 0 37,75,102 "27";
28 157 0 1,2,4,6,10,14,17,18,21,23,27,29,31,35,37,38,40,42,44,47,48,51,58,60,63,67,70,71,73,76,78,79,81,83,85,86,89,90,91,95,97,98,99,102,103,105,109,114,117,121,122,123,125,128,129,131,133,136,139,140,141,145,147,149,151,152,157,159,161,167,168 "28";
29 67 1 0,2,3,4,8,10,12,14,15,17,23,25,28,30,31,34,37,38,39,40,42,43,47,52,55,61,62,68,70,71,73,74,75,76,78,83,86,88,91,92,93,95,97,100,101,104,106,108,110,113,115,117,118,120,122,126,128,130,132,134,136,138,139,143,144,151,152,160,163,164,167,168 "29";
30 89 1 4,6,10,12,15,17,19,22,26,32,34,39,41,48,51,52,60,68,71,72,77,78,79,81,83,84,88,92,97,99,102,104,109,112,114,116,117,120,122,123,129,132,137,144,153,155 "30";
31 151 1 9,64,81 "31";
32 24 1 5,8,9,12,13,19,21,22,25,27,32,36,37,38,39,42,47,57,59,62,64,66,67,72,73,77,78,81,86,87,90,93,95,97,105,107,111,113,114,116,120,124,126,128,133,135,136,144,146,150,152,159,160,162,166,168 "32";
33 119 0 18,20,24,28,49,51,97,103,105,116,130,152,168 "33";
34 150 0 0,1,4,6,7,8,11,12,14,16,18,20,21,23,24,27,30,32,34,35,38,40,41,42,44,46,49,51,53,55,56,60,63,64,67,70,71,73,74,76,82,84,87,88,90,95,97,101,104,107,109,110,114,115,117,120,121,125,127,130,132,134,136,137,140,141,143,145,147,149,152,155,157,161,164,165,167,168 "34";
35 99 1 11,13,20,29,37,57,73,77,79,89,111,129 "35";
36 22 0 2,5,11,13,14,17,19,22,23,24,27,33,36,39,44,47,48,52,55,64,65,67,70,72,73,74,79,82,84,85,87,90,94,96,99,103,107,108,109,112,113,114,116,118,121,128,129,135,140,142,149,154,156,157,160,167 "36";
37 68 1 2,5,6,7,16,17,19,22,29,36,44,52,85,101,103,107,109,115,116,125,139,140,149,154,163,167 "37";
38 96 0 2,5,9,11,15,16,20,23,29,30,31,34,36,39,41,42,44,46,47,51,52,53,55,56,57,60,64,67,69,72,75,77,78,80,86,90,92,93,96,97,99,102,105,106,113,116,117,124,128,129,130,133,134,136,138,141,142,144,145,148,151,153,155,156,157,161,162,163,164,167,168 "38";
39 52 0 3,6,7,9,19,25,33,37,40,44,45,46,50,60,65,67,84,87,90,91,93,102,105,108,111,120,129,130,141,142,144,160,163,167 "39";
40 32 0 1,8,11,12,15,18,19,21,23,25,26,28,29,32,34,35,39,42,44,46,51,52,53,58,61,62,67,68,70,73,76,78,82,83,85,89,91,93,95,96,97,98,100,106,110,111,113,115,118,121,122,123,125,126,129,131,134,135,137,140,142,146,147,149,150,154,156,160,161,165,167 "40";
41 86 0 1,6,11,13,15,17,19,27,33,36,38,40,42,44,47,49,52,58,61,62,63,67,70,73,82,87,92,101,102,106,108,111,113,116,120,121,122,125,127,128,130,131,140,141,148,151,153,155,156,164 "41";
42 18 0 1,8,18,20,40,55,66,67,80,88,93,95,141,144,146,147,160,164 "42";
43 126 1 0,5,10,24,27,31,38,40,43,57,62,69,75,81,85,94,96,100,105,106,113,121,127,136,143,147,153,155,168 "43";
44 101 1 47,57,107,131,137,142,151 "44";
45 49 1 2,3,4,6,14,16,19,20,21,24,28,29,31,32,37,39,40,44,45,54,57,70,71,73,85,88,89,91,94,97,99,100,102,104,106,110,111,117,119,121,124,125,127,128,130,131,132,136,137,138,140,142,145,147,149,155,156,158,159,162,167,168 "45";
46 164 0 1,6,11,18,30,32,38,46,51,52,55,84,85,95,111,114,116,120,132,133,139,165,166 "46";
47 92 1 9,10,19,24,30,33,42,44,45,52,61,73,74,86,87,89,91,93,110,114,116,125,128,129,134,139,141,142,145,151,158,165,166 "47";
48 101 1 2,3,7,10,15,22,25,27,32,36,40,41,42,45,48,50,53,55,58,59,61,62,64,65,66,69,70,71,76,78,79,81,90,91,92,94,96,97,101,102,103,104,112,114,116,117,119,122,123,125,130,131,135,137,139,142,144,148,150,152,153,154,156,160,161,162,165,166,167 "48";
49 7 1 0,5,7,10,15,17,19,20,22,23,24,26,30,36,38,42,45,47,55,59,61,64,67,72,77,80,82,84,89,90,92,95,98,99,103,105,106,110,111,113,114,116,117,119,123,125,126,129,131,135,139,141,145,153,155,157,165 "49";
50 57 1 26,29,32,34,37,39,54,56,61,72,73,82,92,94,95,96,99,102,108,111,118,119,121,124,128,131,136,138,143,146,150,152,157,168 "50";
51 102 0 17,18,71,84,90,97,105,117,152,160 "51";
52 126 1 0,2,3,4,7,8,11,13,14,22,24,25,26,27,29,30,32,33,34,37,40,41,42,45,46,48,49,52,56,58,59,61,62,64,67,69,72,74,77,78,79,80,85,86,87,92,94,95,97,101,102,104,106,109,111,113,114,115,117,120,122,123,125,126,127,129,130,134,136,140,142,143,145,149,152,155,157,158,160,162,163,164,165,167,168 "52";
53 22 0 0,2,3,6,8,10,13,15,16,18,21,22,29,31,35,37,38,40,42,45,47,54,57,58,60,61,62,64,67,68,72,74,77,78,80,81,82,84,86,89,91,93,95,96,98,99,101,103,105,107,109,110,111,113,114,116,117,118,120,121,124,128,130,131,133,136,138,142,147,149,151,154,158,159,160,162,164,166,168 "53";
54 30 0 0,1,4,5,6,9,12,14,16,18,24,27,31,34,38,40,42,44,46,51,52,53,62,65,67,70,72,75,76,80,82,85,87,88,90,93,96,97,98,99,103,106,110,111,114,117,121,125,126,129,131,135,139,142,143,146,149,150,156,158,160,162,165,166 "54";
55 8 0 4,5,17,22,29,36,38,40,41,43,44,45,49,51,52,54,64,67,68,72,75,84,85,87,91,93,102,104,109,119,124,126,135,137,138,141,144,149,159,160,167,168 "55";
56 128 1 8,108,144 "56";
57 139 0 2,4,6,8,9,11,15,18,21,23,25,26,41,42,44,48,52,57,58,64,66,68,72,76,77,81,83,84,89,91,92,93,96,98,104,106,115,121,127,134,136,137,140,141,143,146,148,152,158,161 "57";
58 98 1 1,5,6,9,10,12,16,17,18,21,26,28,31,38,42,46,48,49,51,54,57,59,63,69,71,74,75,78,80,83,86,88,90,92,94,95,100,103,105,112,113,123,125,127,131,132,135,140,143,145,147,149,151,155,156,157,162,165,166,168 "58";
59 118 0 0,2,5,8,14,16,17,19,20,22,24,26,29,30,32,34,35,38,40,42,44,45,50,52,53,59,61,63,64,66,70,73,76,77,79,80,82,83,84,88,90,93,94,96,99,101,102,104,107,108,111,112,114,116,117,118,119,120,123,124,130,132,133,138,139,142,145,147,152,153,157,158,161,162,164,165 "59";
60 135 0 33,56,111,114,116,146 "60";
61 98 1 4,12,17,22,26,27,30,36,48,51,54,60,61,66,72,74,76,90,93,98,104,107,109,119,122,126,134,143,146,156,163,166 "61";
62 14 0 3,7,9,10,14,16,20,22,25,26,29,32,34,36,41,43,47,56,58,60,62,65,71,73,79,84,87,88,94,96,98,101,110,113,114,116,118,122,123,135,137,138,139,144,145,148,153,154,161,163,165,166,167 "62";
63 89 0 1,2,3,5,9,10,12,13,17,19,21,23,27,34,36,43,45,55,58,62,66,68,73,79,82,89,90,94,95,98,104,105,109,113,114,116,119,121,123,128,132,136,138,139,144,150,157,159,160,164,165 "63";
64 94 0 1,4,7,8,10,11,13,16,19,20,21,23,25,27,29,31,32,37,39,40,43,45,53,58,60,66,68,71,73,76,79,82,84,85,87,89,91,93,103,104,106,109,110,111,112,113,114,116,118,121,124,127,130,132,133,135,138,140,145,147,148,152,153,155,157,158,161,163,167,168 "64";
65 9 0 3,4,6,10,12,13,17,18,20,22,24,26,28,31,33,34,36,39,45,51,53,58,61,62,63,70,71,73,80,83,85,88,90,92,93,97,99,105,111,113,116,117,119,121,122,126,128,130,131,135,139,141,142,144,146,148,151,154,156,157,159,161,167 "65";
66 135 0 0,2,4,6,9,10,12,16,18,23,24,29,30,33,34,37,39,40,42,47,49,50,56,59,62,63,65,66,70,76,78,79,81,83,85,88,90,94,95,98,102,107,109,112,115,118,121,123,125,126,128,131,134,137,142,145,147,150,151,153,154,155,156,159,161 "66";
67 0 0 37,88,127,135 "67";
68 73 0 0,1,4,7,8,12,17,19,34,44,50,56,58,60,61,62,65,69,70,73,74,78,86,94,98,103,108,115,117,122,125,133,136,140,142,146,149,151,153,156,163,165 "68";
69 10 0 7,11,27,45,50,54,59,68,83,86,90,104,105,106,108,112,114,117,119,142,147,150,153,155,161,163,165 "69";
70 72 0 26,33,56,66,70,76,78,85,91,92,94,98,106,108,111,118,126,130,132,138,139,150,161,168 "70";
71 104 0 1,4,6,9,10,13,19,22,23,25,40,45,51,55,57,79,84,112,118,124,126,146,151,155,156 "71";
72 76 0 0,3,5,8,11,12,14,16,17,20,22,23,26,30,32,40,42,44,48,49,50,53,55,56,58,61,68,71,73,75,78,81,83,85,89,92,94,95,97,101,103,105,108,110,116,118,119,124,126,128,130,134,136,138,142,146,148,150,153,155,158,159,160,164,166,167 "72";
73 103 1 1,2,3,6,7,8,9,11,12,15,18,19,21,22,23,25,26,28,30,31,33,34,36,37,40,44,47,49,50,52,54,56,58,59,60,61,64,66,67,68,72,76,78,80,85,88,89,90,92,93,94,97,100,101,104,105,106,108,110,111,113,115,116,119,120,125,128,130,131,133,137,138,141,142,145,148,150,152,155,157,160,161,163,167,168 "73";
74 59 1 4,12,17,23,29,34,43,52,57,61,63,65,67,76,79,89,94,97,107,110,112,113,116,120,122,136,140,147,155,156,160 "74";
75 122 0 0,2,4,6,7,11,15,18,19,21,25,26,28,30,33,39,40,42,49,50,54,55,57,59,60,61,69,71,77,79,83,84,87,91,96,97,99,101,102,108,113,115,117,122,124,126,128,132,133,136,141,143,148,150,153,157,159,161,163,165,166 "75";
76 131 1 0,3,10,12,13,15,17,30,38,43,49,51,54,60,66,70,76,79,82,84,88,91,93,95,107,108,110,113,115,118,119,124,127,129,131,133,138,146,147,150,152,159,161,164 "76";
77 10 1 0,2,4,6,7,11,12,16,17,27,29,31,34,37,40,41,45,49,52,53,54,57,61,62,63,64,71,75,79,85,89,94,96,98,99,101,103,110,119,124,130,133,134,137,138,141,145,148,152,154,156,160,162,167 "77";
78 148 1 12,18,22,31,33,34,57,65,76,88,91,99,101,105,109,115,117,120,121,124,131,134,135,143,154,161 "78";
79 122 0 0,3,4,6,8,9,11,13,15,16,18,24,27,31,32,33,36,37,39,41,44,47,52,55,56,57,58,61,62,64,65,68,70,73,74,77,79,81,82,84,86,87,89,90,92,93,95,97,99,101,102,103,105,106,108,112,115,117,119,120,122,125,128,131,132,134,136,137,139,141,142,143,146,148,150,151,153,155,156,160,161,164,167,168 "79";
80 134 1 0,1,4,6,9,10,12,14,18,19,23,25,27,28,30,33,35,36,38,40,43,45,46,47,48,50,52,55,56,58,60,62,65,66,68,69,71,78,81,82,84,86,88,89,90,92,96,99,101,102,104,105,106,108,112,115,117,118,120,122,125,128,129,131,133,136,137,138,141,142,145,146,147,150,151,154,156,161,162,164,165,166,167,168 "80";
81 125 1 0,3,5,7,9,10,11,13,14,16,19,21,24,25,27,29,30,36,38,42,46,48,49,50,53,55,56,60,61,63,65,66,68,71,74,76,77,79,82,83,85,89,91,92,94,97,104,106,107,109,111,114,116,118,119,121,123,127,129,130,133,134,135,138,139,145,149,153,155,156,157,158,160,163,167,168 "81";
82 65 0 0,13,17,23,29,31,45,49,53,57,58,60,61,65,67,78,84,86,87,90,92,98,100,103,106,111,114,117,121,126,128,131,134,157,161,166 "82";
83 98 1 16,39,44,46,50,57,67,77,78,92,99,107,135,144,150,160,163,165 "83";
84 4 1 1,2,3,5,6,9,10,12,14,15,18,22,23,24,26,30,31,32,36,39,41,42,43,45,46,48,49,52,56,61,63,64,66,68,70,71,73,76,77,79,82,83,85,87,88,90,93,95,97,99,100,107,108,111,112,114,115,117,119,120,121,122,124,126,130,132,133,134,141,143,144,146,147,150,152,154,156,158,160,164,165,166 "84";
85 61 0 2,3,4,6,9,11,14,20,23,26,28,29,32,39,45,47,49,54,57,66,69,73,74,75,82,84,85,87,88,89,92,95,97,100,101,107,108,110,115,120,126,128,131,133,134,137,138,140,143,146,147,153,156,157,162,167 "85";
86 85 1 1,2,4,7,16,20,21,28,32,39,42,45,48,51,52,55,57,60,62,63,66,70,73,77,80,83,88,91,92,95,102,103,104,112,113,116,117,118,119,124,125,129,132,133,135,137,140,143,148,150,152,155,159,160,162,164,166 "86";
87 161 0 3,8,15,17,19,24,27,29,44,47,54,56,61,63,69,73,78,80,81,84,88,100,106,115,121,126,135,138,140,143,150,151,153,154,156,158,159,164,166,167 "87";
88 123 1 10,16,25,30,36,41,45,54,58,61,64,67,68,70,74,75,78,80,85,88,90,93,97,100,102,116,118,119,121,128,132,135,137,140,142,147,150,158,164 "88";
89 21 0 1,5,8,13,22,35,38,42,67,74,91,96,98,103,106,121,122,132,134,143,145,163 "89";
90 64 0 19,24,25,28,29,31,32,36,38,41,46,52,55,68,71,79,88,93,95,97,102,106,115,124,126,128,134,136,156,160,164,167 "90";
91 20 0 3,5,6,7,10,12,13,17,18,20,22,26,32,33,36,38,40,42,43,52,56,59,62,63,65,67,69,71,73,75,76,81,83,86,88,89,92,93,94,97,98,101,102,104,106,107,108,111,113,115,119,121,123,126,128,130,131,133,135,136,137,142,144,146,147,148,150,152,156,157,160,162,167 "91";
92 7 0 2,6,10,12,13,15,17,18,21,23,25,26,29,31,36,38,40,43,44,46,48,50,51,52,55,56,59,61,63,66,67,73,75,76,87,88,91,94,97,99,107,112,114,117,120,122,127,130,131,134,135,139,144,146,148,154,157,160,164,165,168 "92";
93 16 1 0,19,23,26,28,31,35,38,40,43,47,49,53,55,58,59,64,70,71,76,80,81,83,84,85,89,90,97,101,104,106,114,118,125,126,132,137,142,145,147,151,152,154,156,160,161,163,166,168 "93";
94 8 0 4,10,13,23,25,27,34,44,51,55,56,59,61,62,76,79,86,87,91,101,118,122,128,143,148,151,153,157 "94";
95 126 0 1,4,6,8,12,17,18,20,21,24,25,27,30,33,35,46,47,51,59,60,64,67,68,70,71,72,73,79,82,85,88,90,92,94,98,99,104,106,107,109,111,113,118,119,124,126,127,131,133,136,139,141,142,144,146,147,149,151,153,154,157,161,163,164,166,168 "95";
96 59 0 0,1,9,17,18,23,24,27,29,34,36,37,38,40,46,54,56,58,62,65,66,71,73,75,76,77,80,87,89,93,95,97,100,103,104,107,109,110,114,115,116,123,125,128,131,133,140,141,142,145,146,148,149,150,152,153,155,160,163,168 "96";
97 98 1 15,20,37,45,46,49,57,71,80,87,93,96,99,101,113,117,128,130,146,156 "97";
98 21 0 35,69,81,95,105,127,145,163,165 "98";
99 20 0 6,11,13,17,27,28,32,34,38,43,46,49,51,54,62,65,70,74,77,83,87,96,103,107,108,112,117,118,126,131,134,143,149,151,154,156,159,160,166,168 "99";
100 115 0 51,52,160,166 "100";
101 51 0 1,2,12,15,18,30,32,34,37,38,51,55,61,65,69,80,83,107,108,119,129,137,142,152,153,158,163 "101";
102 96 0 0,3,5,7,10,16,17,22,26,27,28,30,32,33,34,36,37,39,41,42,43,45,47,50,52,54,60,62,64,65,67,70,73,75,76,79,84,87,88,91,98,100,102,104,106,107,109,113,117,118,120,124,126,128,133,134,135,137,139,140,143,146,147,148,150,153,155,156,159,161,163,164,168 "102";
103 140 0 15,21,29,79,83,97,103,108,118,125,126,129,138 "103";
104 62 0 4,5,7,9,11,13,14,16,23,27,37,40,42,43,50,52,61,77,80,85,88,89,99,102,108,111,124,126,136,138,139,143,146,147,151,158,159,163,166,167 "104";
105 153 0 12,14,15,18,19,21,23,26,27,34,39,40,42,48,50,53,55,71,75,78,81,88,89,93,95,102,108,116,117,126,131,132,134,138,140,146,148,151,155,167 "105";
106 148 1 0,2,3,5,7,9,12,17,19,20,24,27,29,35,36,37,40,42,44,46,48,49,51,53,54,56,61,63,65,67,70,71,75,80,81,86,92,94,96,99,103,106,107,112,117,120,121,126,127,136,142,147,151,154,155,158,160,162,166 "106";
107 114 1 0,1,3,5,7,8,10,11,13,15,17,19,21,25,27,31,32,36,37,39,42,43,48,55,58,63,65,67,69,71,72,75,78,82,84,87,89,96,98,101,102,104,105,111,114,116,118,119,123,125,127,128,131,132,136,139,140,142,144,146,148,150,154,156,158,159,161,164,168 "107";
108 57 1 8,11,16,19,23,31,42,53,70,90,105,107,126,140,143,147,152,160 "108";
109 139 0 8,15,17,21,30,33,41,47,53,61,71,72,75,77,86,90,98,100,103,105,113,120,124,133,137,144,159,162,165 "109";
110 63 1 8,11,24,27,38,41,43,45,47,55,56,58,61,62,68,84,89,97,109,116,118,128,138,146,151,154,161,164,166 "110";
111 65 0 5,13,15,17,27,30,33,35,46,49,51,53,56,63,66,76,86,87,92,94,115,118,120,131,135,141,142,145,149,151,158,161,167 "111";
112 41 1 6,14,24,72,85,104,129,136 "112";
113 143 0 0,1,5,13,15,16,18,23,27,31,32,36,40,43,46,51,53,55,56,58,60,62,64,69,78,83,88,92,93,96,98,102,108,112,121,122,126,128,136,140,143,145,150,155,158,166 "113";
114 32 1 0,1,3,5,8,11,12,23,27,29,31,34,40,44,48,50,53,55,59,60,63,64,66,67,69,72,75,76,77,80,84,86,92,95,99,100,102,104,114,119,122,125,127,128,129,133,135,138,139,141,142,145,147,150,161,166 "114";
115 45 1 3,5,6,9,10,15,16,20,21,25,27,29,32,34,35,38,41,42,44,47,52,54,59,62,63,65,78,80,82,84,86,89,90,92,93,96,98,102,104,106,109,111,117,119,120,124,125,127,130,132,136,137,139,142,144,146,148,152,155,157,159,161,163,166 "115";
116 162 1 6,49,59,66,92,124,131,145,149 "116";
117 99 0 4,5,6,8,11,15,19,21,25,27,29,37,39,40,42,46,50,56,60,64,68,69,73,76,82,88,90,93,95,96,100,103,109,113,114,116,119,120,121,122,125,127,129,138,139,141,143,145,148,149,152,154,157,159,162,166 "117";
118 58 1 3,5,7,9,11,12,16,21,22,24,26,29,30,32,38,39,41,43,47,48,50,53,54,57,59,60,61,62,64,68,71,75,76,78,82,83,85,86,87,92,95,96,98,100,102,105,107,108,110,113,116,117,118,120,125,129,131,133,134,135,138,140,142,145,150,151,153,154,157,158,160,164,168 "118";
119 6 1 6,27,53,58,64,83,104,106,118,137,161,165,167 "119";
120 115 1 1,4,6,9,12,13,14,17,22,24,26,28,33,34,40,41,45,48,52,53,56,57,58,60,62,68,72,73,77,80,83,85,88,90,91,94,95,98,102,105,107,109,110,112,116,117,123,127,128,131,140,143,144,145,147,151,153,157,162 "120";
121 167 0 0,3,5,7,8,16,18,19,23,25,32,33,34,42,46,47,51,52,53,56,58,59,60,62,65,67,69,71,72,75,76,79,80,81,83,86,88,89,91,94,96,97,101,103,104,106,108,110,111,114,116,118,120,122,126,132,133,136,140,147,149,152,153,156,158,160,162,164,166,168 "121";
122 26 1 0,2,4,7,9,10,13,14,17,19,21,22,23,25,28,29,31,33,38,41,43,44,46,50,51,53,54,57,61,62,64,67,69,70,71,73,74,76,79,80,81,85,87,89,91,92,95,99,103,104,105,106,108,110,112,118,120,121,123,125,126,127,131,139,142,144,146,148,149,151,152,156,157,159,161,164,168 "122";
123 111 1 0,4,11,16,19,20,22,29,31,35,38,40,41,44,46,53,56,59,62,64,65,69,72,75,83,88,94,96,97,98,100,102,103,108,111,113,116,119,122,123,126,128,134,136,141,142,143,146,150,155,162,167,168 "123";
124 84 1 40,67,91,106,127,138,159 "124";
125 92 1 4,57,72,77,118,131,136,138,162,165 "125";
126 133 0 1,4,6,8,13,14,20,28,30,31,33,35,36,38,40,41,43,46,47,48,50,56,58,60,62,66,68,70,72,74,78,79,81,84,85,86,88,89,91,93,98,101,103,106,107,108,110,111,113,115,116,117,119,120,122,124,125,129,133,135,137,141,142,149,157,159,162,164,166,167,168 "126";
127 4 1 7,20,27,28,53,54,67,89,105,113,115,119,139,140,148,150,162 "127";
128 63 0 4,6,8,9,11,12,15,17,23,27,30,38,42,43,44,50,53,55,60,66,73,76,78,79,86,87,88,89,93,101,104,106,118,121,122,126,133,134,141,143,144,148,153,155,156,162,164,165,166,168 "128";
129 46 1 1,6,7,13,15,19,22,29,38,57,58,59,64,67,68,76,81,83,86,88,90,105,115,118,122,124,130,138,143,145,146,150,160,165,167 "129";
130 157 0 1,13,16,30,36,42,48,51,61,64,70,78,96,103,109,111,115,121,123,130,137,143,154,162,164,168 "130";
131 136 0 38,140 "131";
132 100 1 27,32,42,48,100,106,155,158,167 "132";
133 128 0 5,8,11,17,28,38,54,63,66,82,96,98,105,107,110,113,124,135,141,148 "133";
134 110 1 30,36,132,141,150,153 "134";
135 12 1 3,15,19,21,24,26,33,37,40,42,51,54,56,59,61,65,66,71,74,79,81,83,88,91,96,98,101,113,118,121,124,129,131,134,136,137,143,154,156,158,160,161,168 "135";
136 128 1 4,11,14,16,19,25,27,29,32,43,45,46,52,55,58,63,67,77,79,80,82,85,92,97,102,105,107,113,120,128,130,131,133,138,144,153,156,160,162,164,166,168 "136";
137 137 0 0,1,4,5,9,10,12,14,15,17,20,25,26,28,30,31,34,35,37,39,41,44,46,49,56,58,62,64,65,66,67,70,74,75,77,78,81,82,83,85,88,90,92,95,98,100,101,103,104,106,108,109,110,112,113,116,118,119,123,124,127,128,131,133,135,137,138,140,141,149,150,151,154,155,157,166,168 "137";
138 107 1 4,7,12,14,16,20,30,38,42,46,47,54,56,59,60,73,79,83,93,96,98,105,111,120,123,125,127,128,130,146,150,157,159,162,165,168 "138";
139 152 1 4,8,9,11,19,21,22,34,36,41,43,47,60,64,66,75,80,86,90,91,93,97,107,111,118,121,125,140,147,154,156,166,168 "139";
140 38 0 5,22,26,30,31,37,39,50,52,63,65,67,76,79,97,100,105,111,115,118,122,126,131,132,142,149,154,159,161,166,167 "140";
141 128 1 0,3,9,13,16,27,29,33,40,42,45,52,58,59,67,73,75,86,91,95,98,106,108,111,117,121,130,131,137,140,145,152,154,156,157,162,168 "141";
142 146 1 1,2,3,7,9,11,12,15,17,18,21,28,33,35,41,43,45,48,50,52,55,57,60,61,63,66,67,68,71,73,75,83,86,87,88,93,98,100,106,110,117,118,119,120,124,126,129,130,132,135,142,147,149,151,152,154,158,164,166 "142";
143 59 0 0,1,6,8,9,10,12,13,15,17,18,22,24,26,27,28,31,33,36,37,41,43,46,48,51,55,56,61,62,64,66,67,69,71,73,75,78,80,82,85,87,88,90,93,95,99,101,103,105,111,112,115,116,118,121,124,125,128,129,130,135,137,139,140,146,148,150,151,153,155,156,158,159,161,163,164,165 "143";
144 55 0 0,3,7,8,16,18,20,21,23,26,30,32,34,39,42,44,46,49,51,53,54,58,60,64,66,75,77,78,81,82,91,95,100,101,104,108,114,121,123,128,131,133,139,140,142,151,153,154,156,162,168 "144";
145 13 1 5,10,22,26,28,31,33,41,59,89,91,120,128,141,148 "145";
146 61 0 3,19,24,32,43,77,99,123,130,157 "146";
147 15 0 7,62,88,139,146 "147";
148 157 1 4,9,16,25,29,30,36,37,39,45,46,68,73,77,80,90,91,93,95,98,102,103,108,112,114,118,119,129,146,150,154,156,166 "148";
149 26 0 0,2,4,7,8,9,13,14,16,19,24,25,28,29,30,34,36,38,39,41,42,43,45,49,53,56,57,60,62,65,66,69,71,72,73,80,82,87,89,95,97,98,100,101,103,104,105,107,109,114,116,119,120,126,130,134,139,144,149,151,152,158,160,161,164,165 "149";
150 15 1 0,8,10,12,13,19,21,22,24,25,26,27,29,30,31,33,35,37,38,40,43,46,47,48,51,52,53,55,57,60,62,63,67,68,69,71,75,77,79,82,85,87,88,91,94,97,99,101,107,109,111,112,117,118,119,127,131,134,137,138,140,142,143,148,150,151,153,157,160,161,163,165,167,168 "150";
151 35 0 2,5,6,9,10,13,15,16,18,21,23,28,30,33,34,36,37,38,40,47,48,50,51,54,57,58,59,61,63,65,66,70,72,73,75,78,81,82,84,86,87,90,92,93,97,98,100,102,104,106,108,110,112,113,114,117,118,120,121,123,124,129,130,131,133,136,139,141,144,146,148,150,152,153,157,160,162,164,167 "151";
152 137 0 0,2,3,5,8,10,12,13,14,16,19,20,22,23,24,28,29,32,33,35,41,43,48,49,51,53,54,56,58,59,60,62,63,65,70,71,73,75,76,80,83,84,89,94,95,99,101,102,103,107,111,116,117,119,121,122,124,125,126,128,131,132,137,143,144,148,149,151,152,155,157,158,161,162,165,167,168 "152";
153 143 1 2,7,13,15,18,22,24,29,32,33,38,43,44,46,77,86,89,90,93,96,104,107,110,111,115,116,119,121,125,128,131,138,140,146,147,154,155,158,161,164,167 "153";
154 33 1 3,7,11,15,18,19,27,28,33,38,41,45,47,48,50,52,54,58,60,72,75,77,78,80,82,84,86,88,96,98,99,100,102,104,107,112,116,119,123,125,128,132,138,140,143,151,156,162,166 "154";
155 6 1 0,2,7,11,12,14,15,17,19,22,23,25,28,29,31,33,34,36,37,38,40,41,44,45,46,50,55,58,59,61,62,64,65,67,71,74,75,77,78,80,82,84,86,89,91,92,97,98,100,101,104,106,112,114,116,120,121,124,126,128,130,131,133,134,138,141,142,143,144,145,147,149,151,152,154,155,157,159,160,161,163,165,166,168 "155";
156 12 0 10,13,19,50,53,56,65,115,133,134,147,152,157,158,168 "156";
157 49 1 7,10,12,13,15,21,25,31,36,38,40,42,46,47,48,53,55,60,62,65,70,72,74,79,81,84,89,96,98,105,110,114,117,120,123,125,130,132,141,142,150,154,156,160,164,166 "157";
158 43 1 0,10,12,13,21,23,29,32,42,48,61,64,67,74,81,88,93,94,97,98,102,111,115,141,144,145,155 "158";
159 165 0 11,24,28,32,39,42,44,55,57,61,64,71,80,83,84,88,91,102,106,115,118,120,122,147 "159";
160 72 0 3,4,7,8,11,16,18,21,23,24,29,31,35,36,38,41,43,45,49,51,54,55,58,62,64,67,73,75,78,80,83,84,86,90,94,104,106,108,114,119,123,125,127,129,131,136,138,139,141,144,147,148,149,150,152,153,155,156,158,159,161,162,164,165,167,168 "160";
161 11 0 5,13,25,26,34,37,53,55,57,60,63,74,76,83,97,98,101,109,116,124,137,147,158,162 "161";
162 99 1 1,4,7,10,18,19,21,23,24,26,31,33,37,48,52,53,63,69,70,72,73,75,80,81,89,91,96,99,101,105,112,116,119,122,126,135,136,138,150,152,153,155,158,168 "162";
163 100 1 5,6,13,16,19,23,27,32,37,38,39,42,46,48,51,52,55,59,63,65,68,70,74,75,82,85,87,89,92,95,97,101,106,107,114,117,120,123,129,133,134,138,141,142,144,145,148,150,152,156,160,166,168 "163";
164 120 1 1,4,5,7,9,12,13,15,18,20,24,29,30,32,34,36,39,40,43,45,52,55,56,58,59,61,62,64,66,68,71,72,74,75,77,82,85,93,95,96,97,98,100,103,112,115,117,120,122,124,126,131,132,138,139,145,147,149,151,153,154,158,162,164,165,167 "164";
165 48 1 72,95,102,124 "165";
166 22 1 0,2,4,5,7,8,10,11,13,17,19,24,28,33,35,39,41,46,48,50,55,59,62,66,68,69,72,73,75,78,80,81,82,85,89,90,92,95,97,98,100,102,103,106,107,109,112,113,116,118,119,122,124,126,128,130,131,132,135,137,138,141,142,144,145,146,150,155,159,161,165,168 "166";
167 104 1 0,3,5,7,9,10,12,13,15,17,22,24,25,29,30,31,34,35,37,38,40,44,48,53,56,59,61,63,67,70,73,74,76,78,80,84,88,89,90,93,96,98,100,103,105,106,111,112,115,118,119,123,124,126,129,131,132,133,134,135,138,140,144,145,150,151,153,154,155,158,159,160,162,166 "167";
168 105 0 4,5,9,10,12,14,20,22,24,27,28,32,34,36,38,43,46,50,52,55,56,58,59,60,63,67,74,76,77,79,83,87,90,92,93,96,98,100,103,108,109,118,120,122,123,125,128,129,131,136,138,143,146,148,150,152,156,158,159,163,164,167 "168";
