parity 141;
0 92 1 0,2,4,5,9,10,13,14,16,22,24,27,29,30,32,34,35,36,39,40,42,44,46,48,49,51,53,56,57,59,65,74,75,76,77,78,79,81,84,89,93,95,99,101,105,106,109,111,113,116,117,119,120,121,123,124,125,127,129,130,131,133,139 "0";
1 99 1 4,12,20,48,60,61,79,93,98,105,110 "1";
2 123 1 0,1,2,5,9,11,15,20,21,23,24,27,29,31,37,42,43,46,47,50,52,56,63,64,66,67,69,71,73,74,76,81,83,86,93,95,98,99,103,108,110,113,114,116,118,119,121,124,128,129,133,136,139 "2";
3 0 1 9,13,19,24,29,31,34,39,50,55,57,63,65,71,85,90,111,122,126,128,132,135,138 "3";
4 49 0 1,5,6,10,15,18,19,21,24,26,28,29,38,44,53,55,59,60,63,65,73,75,81,83,89,93,96,101,103,109,113,115,116,121,124,128,131,132,135,140 "4";
5 99 0 1,3,5,10,12,17,19,24,27,31,35,36,39,42,43,45,47,48,49,51,52,58,60,61,64,67,68,70,71,72,76,77,79,81,83,85,87,89,91,95,96,102,104,105,107,108,110,112,113,115,117,119,120,121,126,127,130,132,134,137,140 "5";
6 116 0 31,47,50,54,58,64,67,77,79,108,112,136 "6";
7 54 0 0,2,4,6,7,8,10,17,27,28,31,33,34,41,45,47,48,50,55,57,59,61,63,67,69,70,72,73,75,80,83,87,89,91,93,98,102,105,106,107,112,118,120,122,123,125,129,130,132,133,134,136,137,140 "7";
8 76 0 2,7,8,9,12,19,21,22,25,27,28,29,33,34,47,52,61,67,69,72,75,79,82,83,87,88,92,94,99,103,104,115,123,126,128,131,133,135,137,141 "8";
9 40 1 10,18,22,27,34,53,60,70,73,75,76,79,86,87,98,104,122,138 "9";
10 112 1 5,7,8,15,17,18,21,22,30,36,44,48,54,56,58,61,72,79,81,83,86,92,95,96,101,103,105,112,118,121,126,134,136,139 "10";
11 32 0 7,8,12,13,19,26,27,31,38,40,42,43,45,48,59,65,68,73,75,77,82,96,97,105,111,113,114,117,118,120,125,132 "11";
12 10 0 5,9,23,26,28,42,64,67,68,72,89,91,93,95,109,111,117,126,132,140 "12";
13 2 1 4,9,39,60,83,89,92,95,102,103,118,122,125,131,133 "13";
14 142 1 1,4,14,16,19,21,23,26,32,38,43,55,58,63,71,73,75,77,81,83,93,105,107,114,116,120,122,125,128,136,140 "14";
15 142 0 1,3,6,8,11,15,16,20,26,28,30,32,34,38,41,43,46,48,53,56,60,61,65,69,72,73,77,81,86,88,89,91,99,101,103,106,108,109,113,115,116,118,123,125,127,131,132,134,139 "15";
16 42 0 0,5,6,18,22,24,26,30,32,37,44,49,53,62,72,74,75,78,80,81,84,87,89,91,94,96,99,108,111,116,119,123,125,127,129,132,135,137,139 "16";
17 108 0 1,2,3,4,7,8,11,13,14,25,28,30,33,35,36,40,41,44,46,48,52,54,56,58,61,64,67,69,70,74,75,77,81,82,83,85,87,90,93,97,98,100,101,106,107,109,114,116,117,120,123,124,126,127,129,132,134,137,139,141 "17";
18 80 0 2,5,7,9,12,16,19,23,29,39,49,50,53,55,56,65,86,91,95,107,110,116,132,139 "18";
19 110 1 2,4,6,9,11,12,14,21,24,25,27,29,31,32,34,36,37,39,40,44,49,51,56,58,64,65,66,68,75,78,80,81,83,85,89,93,94,97,99,101,102,105,108,115,117,119,124,125,131,133,135,137 "19";
20 130 0 1,2,17,21,26,29,36,38,76,88,92,98,102,107,109,117,130,131,132,141 "20";
21 61 0 0,2,4,6,9,10,11,14,17,20,25,28,30,32,34,36,38,43,44,45,47,50,53,56,57,58,61,62,64,66,67,68,70,75,76,78,80,82,84,86,89,90,92,94,99,100,102,103,106,108,109,113,115,116,118,119,121,123,124,126,130,132,134,136,138,140 "21";
22 125 1 5,11,19,24,31,40,50,56,60,63,65,83,90,95,96,111,112,114,122,124,126,129,138,140,141 "22";
23 45 1 6,8,12,22,24,33,37,44,51,59,62,71,75,84,89,90,92,94,102,107,110,129,139 "23";
24 54 1 2,4,6,11,13,18,20,24,29,32,36,41,45,50,62,65,68,69,80,83,84,86,90,92,94,96,99,105,107,114,116,120,121,126,129,136,140 "24";
25 89 1 7,9,19,41,75,81,84,88,91,97,106,109,112,115,132,140 "25";
26 134 0 1,2,4,7,11,13,15,20,23,26,28,32,34,36,41,42,46,48,53,54,55,56,59,60,64,66,71,73,75,76,78,81,83,84,87,89,91,92,95,99,100,102,103,108,109,111,116,118,119,121,122,124,125,128,135,137,138,139 "26";
27 139 1 11,18,28,32,36,38,40,43,45,49,53,54,63,65,66,69,70,71,74,84,86,87,93,94,96,100,108,114,115,117,119,125,127,130,134,138,140 "27";
28 42 1 2,4,6,7,9,13,18,21,25,26,28,30,32,33,39,40,43,45,50,53,57,61,64,67,82,84,85,90,94,99,101,102,104,106,113,115,119,121,125,127,129,135,137,139 "28";
29 99 1 10,12,16,20,35,68,71,74,79,88,110,111,113,115 "29";
30 2 1 2,3,6,7,9,11,16,19,20,22,24,25,30,32,34,35,37,42,45,47,48,49,51,52,54,55,56,57,58,60,63,64,66,68,74,75,76,78,79,81,82,83,84,87,90,91,93,94,96,98,105,108,109,111,112,115,118,121,124,127,128,129,130,131,133,134,136,138,139,141 "30";
31 87 1 16,17,28,76,96,103,111,121,139 "31";
32 124 1 2,3,22,23,26,29,32,34,39,52,54,63,71,79,86,88,90,98,102,106,111,115,126,132,140 "32";
33 30 0 1,4,8,10,15,16,17,22,27,35,37,38,41,46,48,49,51,53,55,58,69,70,73,75,82,84,85,86,88,90,92,93,96,101,103,106,111,116,119,120,122,125,127,130,134,139,140 "33";
34 49 0 6,22,26,29,31,37,53,66,73,79,91,95,104,107,111,113,115,116,126,131,141 "34";
35 48 0 2,3,5,8,9,10,15,17,18,19,21,23,26,28,30,32,34,41,42,45,47,51,54,60,62,64,67,69,70,72,76,79,81,83,84,86,88,90,93,95,98,100,102,104,106,108,109,111,113,116,118,120,121,125,126,129,132,136 "35";
36 49 0 25,29,48,51,62,70,88,89,94,115 "36";
37 90 1 0,1,4,7,8,10,18,21,22,26,28,30,32,35,39,42,44,48,52,61,62,67,71,75,77,78,82,85,86,91,97,104,106,111,112,114,116,118,120,121,128,130,135,141 "37";
38 141 0 2,7,8,10,16,22,24,26,28,41,42,47,50,52,56,61,67,71,78,79,81,82,83,86,88,89,93,94,97,101,103,105,107,114,115,116,119,120,121,124,127,128,130,133,141 "38";
39 14 1 5,12,18,28,33,35,41,44,47,67,91,93,96,106,113,120,123,128,138 "39";
40 29 0 0,1,8,12,13,14,17,19,20,22,24,26,30,35,36,38,41,43,45,46,48,50,53,57,59,60,61,63,65,69,74,75,78,81,82,87,89,90,95,98,99,103,104,108,109,110,115,117,119,120,122,125,127,131,132,134 "40";
41 129 1 0,3,15,17,27,31,33,34,36,43,54,59,66,69,72,75,81,87,91,93,97,99,100,105,108,112,114,121,129,134,140 "41";
42 56 1 4,7,16,23,24,33,36,45,47,48,51,60,61,63,65,70,72,79,86,89,90,92,102,108,117,119,124,127,140 "42";
43 17 1 17,29,40,103,109,118,126,134,137 "43";
44 77 0 3,5,7,8,9,15,16,18,19,20,22,23,25,27,32,33,35,37,41,42,45,46,47,48,50,53,56,60,61,64,65,67,71,73,74,79,85,86,90,92,93,95,99,100,105,108,109,118,122,123,135,136,139 "44";
45 96 1 3,4,6,7,8,10,12,14,16,17,19,20,25,26,28,33,35,36,39,42,43,45,49,51,58,61,63,66,69,73,77,81,83,87,91,92,96,98,100,102,104,105,107,109,111,113,115,117,120,122,124,126,127,128,129,133,136,137,139,140,141 "45";
46 69 0 1,5,6,8,11,13,17,20,22,23,28,29,33,34,35,36,38,40,44,47,50,51,52,54,56,58,62,64,66,69,70,72,77,81,85,87,89,93,98,99,102,107,108,111,113,114,117,118,122,128,132,134,137,140,141 "46";
47 66 1 1,4,6,9,10,15,21,23,27,29,33,35,36,38,48,51,55,60,62,65,69,70,71,77,79,82,84,91,94,95,98,101,109,110,111,112,114,116,122,123,129,131,134,136,139 "47";
48 23 0 4,5,8,21,32,49,55,57,80,101,105,116,121,134,136 "48";
49 43 1 2,4,6,10,11,15,17,21,23,27,29,33,35,37,52,53,55,58,60,61,65,75,76,81,84,87,97,99,105,107,109,110,112,117,122,123,133,136,140,141 "49";
50 5 0 1,30,35,61,65,73,75,78,83,84,101,115,129,131,134 "50";
51 62 0 0,3,6,10,11,13,15,19,20,30,33,39,43,59,71,74,76,77,82,97,100,102,103,110,111,113,114,120,125,129,131,134,135,139 "51";
52 123 1 4,7,11,18,22,26,32,37,42,43,44,47,50,52,54,61,67,69,82,85,93,101,106,107,112,115,117,121,127,128,131,133,135,140 "52";
53 34 1 24,42,52,61,88,90 "53";
54 105 0 0,2,4,6,8,11,13,16,19,21,23,25,26,29,30,32,34,35,38,39,40,42,46,47,48,52,55,56,59,60,61,63,65,67,70,71,73,74,76,77,80,82,87,89,90,91,93,94,98,100,102,104,105,107,108,110,114,116,119,123,124,125,128,131,133,135,137 "54";
55 9 0 1,6,8,11,13,14,15,17,23,26,28,31,33,37,41,47,51,55,57,62,68,70,71,74,76,77,80,82,88,98,100,103,105,107,108,110,118,122,128,135,137,139 "55";
56 86 0 3,7,15,17,19,22,45,47,50,69,85,120,134,136 "56";
57 49 1 0,2,9,15,19,22,24,25,28,31,34,37,39,40,43,45,46,48,49,51,57,61,66,68,69,77,78,81,82,84,85,86,89,92,94,95,97,101,105,107,111,112,117,119,120,123,126,128,138,140,141 "57";
58 90 0 1,3,4,6,7,9,14,15,16,23,25,26,28,29,31,33,35,36,37,40,41,43,47,50,52,53,56,59,60,61,66,68,69,70,71,72,75,80,81,82,84,86,89,91,93,95,96,99,100,102,103,106,108,109,111,112,113,114,117,118,121,123,124,126,129,131,132,135,137,139,141 "58";
59 107 0 0,4,7,10,19,21,25,28,32,33,42,43,46,51,56,58,59,62,65,72,78,80,82,83,86,90,91,95,100,101,102,103,105,106,108,114,116,117,118,126,133,138 "59";
60 8 1 2,4,8,11,14,16,19,21,37,44,48,49,51,56,57,59,63,65,75,78,81,82,85,87,94,95,101,104,107,109,112,115,116,117,120,126,128,132,139 "60";
61 62 0 0,1,3,4,6,7,8,10,12,15,17,21,24,25,26,28,30,32,34,38,40,41,43,46,47,50,53,54,60,61,67,69,70,72,73,78,80,84,85,87,89,90,91,93,94,96,97,98,105,109,110,114,117,119,121,123,125,126,129,131,132,134,136,140 "61";
62 66 0 1,2,4,6,9,11,13,14,16,20,22,24,25,26,28,31,33,35,37,38,39,41,43,45,46,47,50,53,55,57,59,62,65,67,69,70,74,76,79,82,84,86,89,92,93,95,97,100,103,104,107,111,113,114,116,118,119,121,124,125,127,130,131,134,136,139,141 "62";
63 41 1 2,4,6,8,11,18,19,22,24,30,37,42,46,50,56,61,63,64,73,83,90,103,106,110,111,121,125,129,130,135 "63";
64 100 1 37,39,61,76,134 "64";
65 14 1 7,13,14,25,27,60,77,82,92,100,104,115,127,133 "65";
66 11 1 0,6,20,25,28,40,44,47,55,60,73,80,85,89,91,99,101,109,112,120,122,134,135,138,140 "66";
67 81 1 4,11,12,16,17,20,21,23,26,27,30,32,45,47,48,49,59,61,64,65,70,71,75,77,80,84,86,88,89,91,92,95,96,99,102,107,109,118,120,122,124,127,129,130,134,137,140 "67";
68 87 0 0,1,2,4,6,7,10,12,13,15,17,18,20,22,24,27,30,31,34,35,40,43,47,48,50,52,55,56,63,64,65,67,69,71,72,74,79,80,81,83,84,89,91,93,95,97,98,100,102,105,106,107,114,115,118,121,122,123,128,131,133,134,135,137,138,140 "68";
69 122 0 9,12,15,17,19,31,35,36,38,43,45,54,56,61,65,66,75,77,79,84,86,89,92,101,104,108,109,117,120,122,126,133,135,137,140 "69";
70 19 0 38,40,60,70,78,117,134 "70";
71 47 1 8,17,27,31,55,71,89,104,107,116 "71";
72 19 1 2,4,5,8,9,11,12,14,15,17,19,22,23,25,30,32,34,36,38,47,51,53,55,57,63,65,70,71,75,79,82,83,86,88,89,92,94,95,99,103,105,107,114,120,122,124,133,136,140,141 "72";
73 56 0 0,4,6,7,9,10,11,13,15,18,20,21,23,24,27,29,31,35,36,38,40,41,42,45,51,52,54,55,57,59,61,62,63,66,67,68,70,71,74,76,79,81,82,88,89,92,96,98,100,102,107,108,111,113,117,118,119,121,123,127,129,131,132,134,135,137,138,140,141 "73";
74 56 1 3,4,8,10,15,18,25,26,29,30,34,36,41,42,48,50,51,53,56,57,67,79,85,91,94,95,100,104,107,112,119,122,124,127,128,129,131,133,135,138,140 "74";
75 73 0 0,3,4,7,13,14,17,18,22,24,27,30,32,35,37,39,41,43,44,46,47,49,50,51,55,58,59,60,61,63,66,68,70,71,73,75,77,78,80,83,85,88,89,91,94,97,98,99,102,103,106,107,113,116,117,119,120,124,125,127,128,132,134,136,140 "75";
76 140 0 3,4,8,10,12,23,27,30,37,39,45,48,49,51,56,57,66,69,71,74,83,95,102,110,112,120,122,127,133,136,139 "76";
77 80 1 2,4,17,20,24,37,40,43,45,52,59,60,62,65,74,77,82,84,88,94,105,106,108,112,114,117,120,125,127,132,141 "77";
78 39 1 0,2,5,8,10,13,14,16,18,23,26,28,29,32,36,37,41,43,44,45,47,48,50,51,55,59,61,62,67,68,70,72,74,78,80,83,88,95,97,101,104,106,108,110,111,117,121,124,125,128,130,133,134,139,140 "78";
79 65 1 5,7,9,11,12,18,20,21,26,31,33,36,39,40,42,45,51,54,57,61,63,68,73,75,79,83,85,86,88,93,95,99,102,104,108,110,117,120,123,126,133,140 "79";
80 63 1 4,5,7,10,12,14,17,20,25,27,29,34,35,36,38,43,44,47,51,53,55,57,59,64,67,70,71,75,77,79,81,88,90,94,95,99,103,106,112,114,120,127,129,131,132,134,138,139,141 "80";
81 37 0 3,11,20,24,31,33,36,47,49,53,63,64,68,78,88,94,102,114,132 "81";
82 90 1 3,5,7,13,14,18,20,23,25,31,33,34,38,39,42,43,44,46,52,56,61,63,64,65,70,71,72,76,77,80,82,84,86,90,97,108,110,113,115,119,120,123,126,132,133,137 "82";
83 52 1 0,1,4,7,8,13,18,21,22,27,30,37,39,42,43,46,47,50,53,56,57,60,62,64,66,68,71,77,78,80,81,84,88,92,94,95,98,99,102,106,108,110,112,113,117,119,124,126,127,129,130,131,135,138,139 "83";
84 79 1 0,5,7,8,11,12,17,18,20,22,25,27,30,34,35,38,42,46,53,58,61,63,68,70,72,74,75,78,82,89,91,93,94,97,98,101,107,114,115,118,123,125,127,129,135,137,139 "84";
85 126 0 11,62 "85";
86 121 1 2,3,5,9,11,12,14,16,18,20,27,29,32,33,35,37,41,45,50,55,59,62,65,67,70,71,72,73,75,77,79,81,83,84,86,91,95,96,101,109,112,114,116,119,121,123,124,127,128,129,131,132,134,135,137 "86";
87 5 0 1,4,7,8,11,13,15,18,19,23,26,28,31,35,37,39,40,42,44,48,49,50,51,54,57,58,61,62,63,65,67,69,70,72,73,75,76,79,80,81,83,84,86,87,89,90,91,95,98,100,104,106,107,109,110,112,113,115,116,120,121,123,125,127,131,133,134,136,137 "87";
88 132 0 0,2,4,6,9,11,12,13,17,20,23,25,28,29,31,32,35,38,40,43,48,49,51,54,56,57,60,61,62,64,66,67,68,71,74,76,79,81,86,90,92,96,98,100,101,102,104,105,108,110,111,114,116,119,121,122,126,129,130,132,133,136,139 "88";
89 91 0 1,3,5,7,12,14,16,18,25,27,37,39,55,57,64,72,79,82,88,93,102,117,121,129 "89";
90 117 1 0,9,13,17,21,25,28,30,82,86,97,101,126,141 "90";
91 89 1 28,41,119,134 "91";
92 34 1 0,3,5,8,10,12,15,17,19,20,21,23,24,26,28,30,31,37,39,40,43,44,45,47,48,50,52,54,55,56,58,59,65,67,69,70,73,74,76,78,80,81,83,85,86,88,90,92,93,95,96,99,100,103,105,106,109,110,112,116,118,120,121,123,126,129,131,134,136,137,139 "92";
93 134 0 2,45,50,116,124 "93";
94 43 0 0,3,7,10,13,14,16,17,18,20,22,25,26,28,30,33,34,35,36,38,39,41,43,45,49,53,59,62,64,66,69,73,74,77,78,80,81,83,86,89,90,93,95,96,98,99,102,104,106,108,111,114,116,118,120,121,124,127,130,135,136,138,140 "94";
95 68 1 0,4,8,11,14,21,23,25,26,32,33,35,39,40,42,46,50,53,55,59,60,62,65,68,77,80,84,88,91,92,94,96,98,99,102,114,118,119,120,124,126,128,130,132,134,137,140,141 "95";
96 62 1 0,1,3,5,6,8,10,15,20,22,23,24,29,35,37,38,40,41,47,48,52,53,56,61,62,65,70,72,73,75,76,77,79,80,82,83,85,86,88,90,94,96,98,99,103,107,109,113,115,116,120,121,123,128,131,134,137,138,139,141 "96";
97 51 0 2,5,8,25,36,38,41,53,66,81,85,89,104,107,122,136 "97";
98 14 1 1,2,8,9,12,15,17,20,22,24,26,28,31,35,36,39,41,46,47,49,54,56,59,60,66,67,72,76,78,81,83,86,88,92,95,99,100,101,108,112,118,124,126,128,129,131,134,138,140 "98";
99 66 0 2,14,28,31,38,39,42,43,44,46,48,51,56,66,72,84,94,95,97,101,104,112,113,117,119,120,122,130,131 "99";
100 108 1 0,2,4,5,6,8,10,12,13,15,16,17,19,20,22,25,27,32,34,36,37,39,41,42,49,51,57,58,60,62,64,67,69,70,73,75,76,78,79,81,83,85,86,89,90,92,95,97,98,100,101,102,104,106,110,112,114,116,118,122,127,129,131,133,134,141 "100";
101 140 0 1,3,10,12,15,17,19,30,36,40,48,52,54,56,59,65,68,70,74,81,83,86,89,95,106,109,116,127,132,134 "101";
102 0 0 0,9,11,14,19,20,31,35,40,42,43,46,49,53,63,67,73,74,84,90,91,97,105,109,118,121,132,135 "102";
103 56 1 2,4,5,6,8,9,11,13,20,21,23,24,29,31,34,40,44,47,51,55,60,64,66,67,69,71,72,73,76,78,80,84,86,90,91,100,101,105,106,109,112,114,116,117,121,122,124,128,134,137,138,140 "103";
104 20 0 2,3,5,9,11,13,17,23,24,25,29,32,35,37,44,49,54,56,58,65,66,68,70,71,73,75,76,78,80,82,85,86,89,90,94,97,99,100,102,103,104,106,107,108,114,117,122,124,125,128,131,132,136,140 "104";
105 32 1 3,20,34,47,56,66,71,79,93,105,133 "105";
106 19 0 70,96 "106";
107 8 0 4,5,7,8,11,13,15,20,25,29,30,41,46,48,51,52,53,56,61,62,64,65,71,74,76,77,79,88,90,92,96,99,102,103,105,107,113,115,121,124,128,131,134,138,139,141 "107";
108 3 0 8,17,24,27,36,70,74,93,96,99,104,106,108,120,121,127,133,136 "108";
109 31 1 2,5,10,19,21,27,40,48,51,64,68,81,84,89,93,98,107,113,116,119,124,127 "109";
110 81 0 2,17,21,25,27,46,52,63,79,85,89,91,100,115,122,135,137 "110";
111 93 1 0,1,3,6,8,9,11,12,13,15,16,19,21,22,25,26,30,33,34,36,37,39,40,42,43,46,47,52,53,55,57,58,60,64,65,69,70,71,74,76,77,80,82,84,86,90,92,93,95,96,99,101,105,109,111,113,115,117,119,126,128,130,131,133,134,135,137,139,141 "111";
112 123 1 11,18,21,31,32,44,48,51,54,59,61,65,75,81,95,101,108,110,119,124,132 "112";
113 81 0 0,2,4,6,9,10,11,14,15,16,19,20,22,23,25,27,29,32,33,35,36,39,40,42,45,49,50,52,53,57,59,61,63,65,69,72,74,75,76,78,82,83,85,86,88,90,93,95,97,100,101,102,103,106,107,109,110,113,118,119,122,128,129,131,132,134,135,136,140,141 "113";
114 23 1 2,4,7,10,15,17,18,22,23,29,34,39,45,47,53,54,58,60,61,62,64,66,74,76,79,81,82,84,87,97,99,104,111,119,124,132,136,139,141 "114";
115 15 1 5,8,32,37,48,49,81,87,92,95,100,104,108,131,132,138,139 "115";
116 43 0 10,12,20,34,39,46,57,59,66,71,74,77,78,82,84,89,92,99,110,119,124,129,135 "116";
117 133 0 2,3,9,14,15,19,20,26,28,29,31,34,38,40,41,43,46,47,49,50,51,53,54,56,61,62,64,66,67,69,70,71,74,76,77,79,80,81,84,86,88,90,91,94,96,99,103,106,108,110,112,115,116,117,121,123,125,127,128,130,135,137,139,140,141 "117";
118 30 0 11,38,40,42,44,52,60,74,78,84,109,116,139 "118";
119 133 1 2,4,5,8,12,14,17,19,23,24,30,32,34,37,38,39,43,45,49,50,51,56,58,59,60,62,63,65,68,69,72,74,78,79,82,84,87,88,90,93,94,95,100,101,105,107,108,114,115,116,118,119,121,124,126,128,129,131,132,135,139,140,141 "119";
120 105 0 0,1,3,7,18,21,23,27,28,36,45,47,51,54,57,62,64,65,69,75,82,90,94,100,101,103,109,113,117,118,123,131 "120";
121 139 0 16,18,28,34,40,47,56,70,88,112,138 "121";
122 83 1 1,4,6,20,21,24,28,32,34,35,38,42,43,46,48,60,61,62,66,68,78,82,83,88,90,92,95,97,102,103,104,106,108,110,115,119,121,127,132,136 "122";
123 18 0 4,7,25,40,46,122,134,136 "123";
124 131 0 21,30,70,88,135,138 "124";
125 92 0 2,8,19,22,25,26,28,31,36,38,39,41,43,51,62,65,68,74,75,80,82,84,85,91,93,94,96,99,104,105,110,120,123,131,132,134,138,141 "125";
126 38 1 1,4,9,13,17,18,22,24,31,32,34,36,37,45,49,50,53,58,59,69,74,82,86,88,90,93,97,99,100,102,105,111,113,114,117,118,124,126,128,133,139,140 "126";
127 28 0 1,6,11,16,20,23,29,44,45,48,50,56,59,69,70,72,75,77,90,98,107,119,122,125,129,133,138,140,141 "127";
128 40 1 3,10,19,20,37,47,50,55,61,67,75,79,81,82,87,88,95,104,107,114,120,136 "128";
129 137 0 4,8,13,17,19,21,25,29,34,36,37,39,53,56,57,58,69,74,81,83,85,88,96,97,99,104,107,110,115,122,123,127,129,132,133,134,136,137,139 "129";
130 88 0 0,1,2,3,5,9,12,13,15,17,19,21,26,29,31,33,34,36,37,39,40,42,43,47,48,49,51,53,54,55,56,58,60,61,64,66,69,71,73,74,76,77,79,80,82,83,94,95,97,98,100,101,103,106,108,110,112,114,115,120,122,124,127,128,129,135,136,138,139,141 "130";
131 140 0 1,10,13,15,16,20,27,39,52,55,63,66,82,87,91,98,105,124,131,136 "131";
132 88 0 0,2,4,6,8,10,13,15,16,19,21,23,26,28,29,31,36,37,40,41,45,47,49,50,53,54,55,59,65,67,69,72,73,76,77,79,80,82,85,89,91,92,96,98,100,101,104,106,111,113,114,117,120,123,124,125,128,129,133,137,140 "132";
133 107 1 0,2,4,5,7,8,10,12,14,17,20,22,23,26,28,29,31,33,35,39,41,42,43,45,47,49,51,52,53,56,59,60,62,64,68,70,71,73,74,75,78,80,81,83,84,87,90,93,96,98,100,102,105,107,110,112,115,119,120,121,123,126,127,128,130,133,136,137,139 "133";
134 46 0 1,2,4,6,7,9,10,11,15,17,18,23,27,29,32,41,44,48,49,53,54,55,58,63,66,68,73,74,76,77,78,82,87,92,94,96,99,100,102,104,105,108,112,113,115,116,118,122,126,129,131,132,133,136,138,140 "134";
135 93 0 15,25,34,82,93,100,101,139 "135";
136 16 1 2,7,8,10,13,15,16,19,21,23,28,32,33,38,39,41,48,49,51,54,55,58,61,67,68,72,74,75,78,80,85,87,90,91,96,97,99,101,102,104,106,111,115,118,119,122,124,126,128,130,133,134,136,139,140,141 "136";
137 89 1 10,19,23,24,28,70,75,76,78,102,108,121,132,136,138,139 "137";
138 1 1 6,14,16,26,27,32,35,36,38,43,44,48,51,65,66,77,83,101,103,107,108,114,120,132,137 "138";
139 23 1 60,62,75,81,100,105,120 "139";
140 97 1 0,3,10,13,26,34,38,43,49,51,69,77,90,94,99,105,118,130 "140";
141 94 0 1,16,31,92,105,121,136 "141";
