parity 183;
0 53 1 5,7,25,31,35,43,45,46,59,67,78,83,100,102,109,111,125,133,134,147,169,176 "0";
1 113 0 2,3,6,8,10,13,15,20,24,25,27,28,32,34,38,42,45,46,47,50,52,54,55,57,59,61,63,71,73,74,78,82,86,89,90,94,99,101,102,106,109,110,112,114,119,123,127,129,131,143,145,148,153,155,157,159,161,165,167,168,170,172,173,175,179,181,182 "1";
2 170 0 1,4,6,9,10,13,20,22,24,26,27,29,31,35,38,39,43,45,47,53,55,56,59,61,62,63,67,71,73,74,77,81,87,88,90,91,94,106,107,109,116,121,125,126,134,136,137,139,143,145,149,162,166,167,177,181,182 "2";
3 138 1 1,4,6,9,10,14,19,21,23,30,32,34,38,39,42,43,44,47,49,51,53,55,56,60,62,67,69,71,74,75,76,79,83,85,86,88,90,92,96,98,101,103,104,106,108,109,113,120,123,125,128,131,132,133,135,144,145,149,153,156,158,159,160,162,165,166,167,170,172,175,176,178,181 "3";
4 84 0 0,1,4,6,11,14,16,17,18,20,22,24,25,27,29,30,31,32,33,36,39,41,44,46,47,48,53,56,58,60,63,64,67,69,70,73,74,75,77,80,82,83,84,89,92,93,95,97,98,99,102,107,110,111,112,113,116,117,119,120,122,123,125,128,132,137,139,140,143,146,148,149,151,153,156,158,163,164,169,171,173,175,178,179,182 "4";
5 71 1 2,3,5,6,7,8,11,12,14,16,18,19,21,24,26,28,29,31,32,35,36,39,40,44,47,49,50,52,54,56,57,58,61,62,63,67,71,73,74,75,76,80,82,83,86,89,91,93,97,99,101,103,105,107,108,110,112,114,117,118,124,125,126,128,130,133,134,137,138,139,141,142,144,145,151,153,155,157,160,162,164,165,167,170,174,176,178,179,183 "5";
6 59 1 1,5,6,8,10,12,14,15,18,19,22,24,25,26,27,30,32,33,35,36,38,43,45,47,49,52,58,61,62,67,69,71,74,77,79,82,84,92,94,97,98,104,107,109,114,118,119,122,124,125,127,132,134,136,139,142,146,149,150,153,155,161,162,164,165,166,168,170,172,174,178,179,180,182 "6";
7 61 0 0,1,4,8,9,12,13,15,20,23,24,27,29,31,34,35,38,39,46,47,51,52,53,55,56,57,59,62,64,66,67,68,70,72,74,75,77,78,80,82,85,89,92,94,99,100,102,109,110,111,113,118,124,127,133,138,142,145,150,152,153,155,163,165,166,170,171,172,176,178,182,183 "7";
8 111 0 0,1,2,4,11,14,16,17,22,27,31,34,37,40,49,54,56,65,68,69,71,77,86,93,94,96,97,103,106,109,113,115,120,123,125,130,131,133,137,140,150,153,155,158,159,171,172,178,181 "8";
9 37 0 6,8,10,14,29,44,57,70,75,77,95,107,113,115,123,130,151,152,161,165,175,179 "9";
10 1 1 0,2,3,4,7,9,10,12,13,15,16,20,24,26,27,29,32,38,40,41,42,44,45,48,49,53,55,56,59,61,62,63,66,68,70,71,73,77,79,80,81,82,83,86,88,90,91,95,98,100,103,104,105,107,108,110,111,115,119,121,122,124,126,127,130,135,138,141,142,143,144,146,147,150,151,153,154,155,158,160,165,166,169,172,175,178,181 "10";
11 36 0 0,5,9,10,14,15,16,18,21,22,23,26,28,30,33,34,35,38,39,41,43,47,51,53,56,57,61,62,64,65,68,71,72,75,76,78,79,81,83,86,88,89,91,92,94,96,98,100,103,104,105,108,112,113,115,117,118,121,124,125,126,127,130,132,134,137,139,142,143,144,147,153,154,155,157,159,162,164,167,169,170,174,176,178,181,183 "11";
12 14 0 0,1,5,8,10,12,14,16,17,19,20,21,31,33,36,38,39,42,47,52,54,56,58,60,62,68,71,78,79,81,82,84,87,91,96,103,107,108,109,113,117,118,122,124,130,134,136,144,145,147,149,151,152,157,159,161,168,169,171,173,175,177,179 "12";
13 86 0 0,1,3,5,6,8,9,11,13,15,16,19,23,26,28,29,31,34,35,37,38,40,41,42,44,46,50,52,53,56,59,60,61,63,64,67,69,71,74,76,80,82,83,90,91,92,97,99,102,103,106,107,109,110,116,117,119,121,124,125,127,130,134,135,138,139,140,143,147,150,151,153,154,155,157,158,160,163,165,166,168,170,171,173,175,178,179,181,183 "13";
14 3 0 0,4,7,9,15,18,22,28,29,33,35,40,44,45,48,53,60,62,64,65,68,72,77,81,82,83,89,92,94,96,98,100,102,105,115,116,117,119,122,124,126,129,130,136,137,138,145,149,153,156,157,162,165,171,173,175,176,181 "14";
15 105 1 1,7,12,14,16,24,27,29,31,38,57,60,61,63,68,74,83,84,89,95,107,108,114,120,123,127,130,137,138,146,147,150,152,155,157,162,166,171,175,179,181,183 "15";
16 126 0 10,28,33,57,85,99,115,120,127,141,143,155,160,170,174 "16";
17 120 1 0,2,5,8,10,11,14,16,18,20,22,23,27,28,32,33,37,39,42,44,47,48,49,53,57,60,67,69,71,72,75,77,79,81,85,86,88,89,91,95,97,98,101,102,104,107,108,110,111,113,115,118,119,120,124,125,127,131,133,134,137,138,140,143,147,149,152,155,156,157,160,162,164,166,167,169,172,175,177,178,181,183 "17";
18 92 1 0,5,8,10,12,13,16,17,21,22,23,25,26,28,29,31,33,35,36,39,42,44,46,47,48,51,54,57,58,60,62,64,66,68,69,72,74,77,80,82,84,85,86,88,89,91,93,97,98,101,104,105,107,110,112,114,117,118,123,126,132,133,135,137,138,140,142,144,147,150,152,154,156,160,162,166,170,173,175,176,178,180,182 "18";
19 160 0 1,4,10,12,18,21,25,28,31,32,34,36,38,41,42,44,46,49,51,53,57,58,60,62,63,66,67,71,75,78,81,86,88,91,93,95,96,98,101,103,105,111,114,116,120,121,123,124,127,128,130,132,134,135,137,140,146,147,149,154,158,160,162,164,165,167,170,172,180,181,182,183 "19";
20 130 0 10,15,23,34,36,56,76,96,109,111,124,129,131,135,144,146,156,158,164,166,176 "20";
21 152 1 24,31,43,91,106 "21";
22 181 0 1,4,6,7,9,11,13,15,18,20,22,23,25,26,28,30,31,35,37,38,39,40,42,48,52,54,61,63,65,67,68,70,76,77,78,80,82,84,87,89,91,92,94,96,97,103,107,108,110,116,119,122,125,129,132,133,135,138,144,148,151,153,156,159,160,166,167,169,174,176,178,180,182 "22";
23 45 0 2,5,8,13,19,28,34,41,47,49,52,53,56,62,67,69,74,76,80,82,91,97,113,116,127,133,143,147,148,152,159,164,166,171,177,179 "23";
24 13 0 1,4,6,8,10,11,14,15,22,24,29,31,37,40,42,44,48,51,56,58,63,75,78,84,85,87,108,110,118,120,128,132,137,145,148,153,160,161,165,168,172,177 "24";
25 30 0 2,4,5,7,8,10,11,14,15,18,20,22,25,27,28,29,32,34,37,39,40,42,43,45,47,48,52,53,55,57,58,61,62,63,65,68,69,70,72,75,76,78,80,82,84,85,87,89,91,93,94,98,101,103,105,107,108,111,113,119,121,123,126,128,132,134,136,139,141,142,143,146,152,153,154,156,157,160,163,165,168,172,174,175,177,181,182,183 "25";
26 85 1 9,41,55,81,89,104,105,168 "26";
27 30 0 18,34,37,46,52,54,60,62,64,72,80,82,91,94,95,101,112,118,125,128,131,134,137,140,146,148,153,154,158,160,166,172,174,179 "27";
28 112 1 6,18,28,34,35,64,66,68,73,74,81,89,99,113,118,125,146,151,152,155,157,158,160,163,172,181 "28";
29 101 1 4,6,7,10,12,14,16,17,19,21,23,25,26,28,29,32,33,35,39,43,45,50,52,53,56,59,65,68,70,72,75,77,81,83,93,95,96,98,104,105,107,108,110,112,115,118,119,121,124,127,129,130,131,133,135,140,142,144,148,151,153,157,161,162,164,166,173,176,180,181,182 "29";
30 114 1 6,7,16,19,21,31,32,38,43,47,49,51,53,58,59,60,69,73,76,78,81,83,86,90,93,97,102,105,109,122,125,129,140,141,146,148,152,156,157,159,160,166,170,172,174,177,180,182 "30";
31 92 0 4,6,11,16,22,25,27,32,35,40,42,43,46,52,54,57,66,67,69,72,73,75,76,77,79,83,85,91,93,94,96,97,99,101,103,104,108,111,112,115,121,129,131,134,137,140,143,152,155,158,160,164,165,170,172,173,179,182,183 "31";
32 103 1 2,4,7,11,13,14,18,21,24,26,28,29,31,32,33,34,35,39,41,45,48,49,51,53,54,55,64,65,67,69,71,73,75,77,78,81,82,85,87,89,91,93,95,97,99,100,102,103,104,105,109,110,111,112,114,118,119,121,127,128,132,134,136,137,139,143,145,147,151,155,157,159,160,161,162,164,165,167,169,173,174,178,182 "32";
33 44 0 6,7,33,66,71,80,84,88,99,116,133,166 "33";
34 86 0 0,10,17,25,41,63,74,76,83,88,113,130,140,142,154,155,156,157,169,171 "34";
35 86 1 8,30,39,48,50,59,62,77,91,93,110,112,120,131,137,143,170,173,177,181 "35";
36 76 0 11,51,56,66,68,76,82,119,167 "36";
37 62 1 2,11,13,17,20,25,30,33,35,37,38,41,42,44,46,48,49,51,57,58,59,66,70,71,74,78,80,82,84,88,91,94,102,104,106,110,111,112,115,121,123,127,129,134,135,136,139,142,144,146,148,150,153,154,157,159,161,163,168,169,171,174,182 "37";
38 149 0 3,5,10,13,21,41,44,48,97,99,105,110,115,119,126,128,158,164,165,167,169 "38";
39 62 0 0,3,7,10,14,16,19,21,23,26,31,37,46,47,50,55,60,63,65,70,76,77,88,94,95,100,117,122,126,129,131,132,140,142,144,147,157,158,163,170,173,176,180,182,183 "39";
40 51 0 14,33,36,45,51,64,70,75,78,94,98,113,116,120,131,135,147,165,169,171,173,174,176 "40";
41 0 1 0,1,3,4,7,9,12,13,17,20,21,24,30,31,32,37,39,40,43,50,51,54,56,61,65,66,70,71,74,75,78,81,86,89,92,97,99,104,111,112,118,119,122,124,128,130,132,133,136,141,143,146,152,154,155,157,158,160,162,165,167,168,170,172,174,175,178,180,182 "41";
42 170 1 15,24,30,35,38,43,55,62,64,69,71,86,93,98,103,106,119,128,130,133,153,162,164,174,177,182 "42";
43 4 0 7,12,40,58,67,71,79,98,139,150,161,162 "43";
44 129 1 14,18,22,28,32,34,87,112,115,124,127,130,136,144,147,152,154,158,164,166 "44";
45 12 0 1,3,4,8,10,13,14,17,18,21,23,28,30,33,34,35,37,38,39,44,46,48,49,51,54,56,58,59,61,63,64,70,73,76,81,82,86,89,90,93,95,97,98,100,105,107,111,114,115,116,117,120,121,123,124,126,128,130,131,134,137,139,141,143,145,146,148,150,151,153,157,159,160,162,164,165,167,171,173,174,176,180,183 "45";
46 46 0 0,1,3,7,9,10,11,13,15,17,19,21,22,23,24,26,27,29,30,34,35,36,38,40,44,46,48,49,50,51,52,53,55,57,62,64,65,67,69,71,73,76,79,83,88,89,92,93,95,97,99,103,105,108,113,114,116,117,119,122,123,126,128,130,137,139,141,145,146,148,149,151,152,154,157,159,164,165,168,170,171,177,178,182 "46";
47 128 1 0,1,3,10,20,22,28,32,36,39,44,51,55,63,72,90,93,97,99,100,107,109,122,125,133,142,143,149,161,165,169,170,171,177,179 "47";
48 80 1 1,4,12,15,17,18,20,21,28,31,33,38,39,50,53,55,61,68,74,76,78,87,88,96,99,101,104,113,115,123,127,131,135,136,142,149,153,162,172,177,180 "48";
49 125 1 20,29,150,172 "49";
50 165 0 11,14,16,18,29,42,44,48,51,56,60,73,74,75,79,81,83,89,92,99,100,103,108,111,115,119,121,125,127,131,132,133,137,138,141,142,149,151,154,157,164,167,169,174,178,180,181 "50";
51 96 1 1,22,31,40,53,90,111,129,135,140,152,157,163,171,179 "51";
52 165 0 2,3,5,7,8,10,12,13,18,19,21,25,31,32,37,41,43,46,47,48,53,55,56,57,61,63,66,68,69,72,75,77,78,81,85,88,89,93,95,96,97,100,102,104,105,107,109,111,116,117,119,120,121,123,124,128,134,136,139,141,143,145,146,149,150,152,154,157,158,159,163,165,167,171,173,174,176,180,182,183 "52";
53 106 1 0,1,3,4,7,8,11,12,15,23,26,28,30,31,33,35,36,40,41,43,45,46,48,50,52,54,55,61,67,69,71,72,74,75,80,81,82,84,86,87,90,92,94,95,97,99,101,103,104,107,113,114,115,117,119,121,122,123,124,126,127,128,131,135,136,137,140,141,143,144,146,148,149,151,152,154,157,159,162,163,167,168,170,175,177,179,180,182 "53";
54 134 0 0,2,8,12,25,26,28,29,32,35,37,39,41,42,43,46,50,53,55,57,58,60,67,69,71,73,76,78,80,81,83,85,87,90,91,95,96,99,103,105,106,107,110,112,118,120,121,126,130,131,134,135,138,140,146,147,152,156,157,161,162,164,165,168,169,171,174,176,177,178,181 "54";
55 126 0 0,2,6,9,11,19,27,30,32,33,38,44,46,55,64,66,68,70,72,76,77,83,93,98,105,108,109,111,116,117,120,134,137,139,140,142,145,148,151,155,156,165,169,172,174,178,182,183 "55";
56 139 1 1,2,4,6,9,10,11,13,14,17,19,21,22,23,26,27,28,31,33,35,37,39,40,42,44,46,49,53,58,61,62,64,65,69,71,72,76,77,78,80,82,84,87,93,98,99,102,104,106,108,109,110,112,113,115,117,119,121,122,124,125,131,133,135,137,139,141,145,146,149,151,158,159,162,165,168,169,170,174,176,177,180,181,183 "56";
57 1 0 2,4,7,16,22,34,36,40,45,49,53,57,66,73,78,81,85,94,95,97,101,104,115,119,125,131,139,141,148,160,163,175 "57";
58 90 1 4,8,10,15,18,20,22,25,28,31,39,48,59,60,62,71,75,76,77,81,84,87,90,97,102,106,110,112,114,117,128,130,134,135,136,137,140,145,160,165,171,173,179,183 "58";
59 90 1 4,11,15,22,31,32,35,37,39,44,46,50,54,59,62,63,64,67,68,80,84,91,94,100,103,114,115,119,122,128,129,131,132,134,136,137,138,147,151,154,158,163,178,180,181 "59";
60 99 1 2,4,7,8,10,11,14,15,21,24,25,28,31,37,44,54,57,58,63,64,66,69,70,71,74,79,83,87,91,93,95,98,102,104,106,110,112,117,119,125,129,131,132,137,139,141,143,145,147,149,152,156,159,160,162,163,164,165,169,176,178,179,181 "60";
61 94 0 4,5,7,10,11,20,26,29,31,40,41,42,45,49,52,54,56,62,63,65,67,77,86,93,97,100,101,103,105,109,110,112,114,116,120,130,139,140,148,149,151,158,159,162,166,167,168,171,173,180 "61";
62 172 1 12,89,93,104,116,118 "62";
63 24 0 7,43,110,111,161,177 "63";
64 52 0 3,45,54,136,140,143,144,148,155,172 "64";
65 43 0 4,12,13,17,24,30,36,38,39,44,50,52,58,64,67,74,79,89,99,102,108,115,119,122,124,131,142,145,168,173,179 "65";
66 117 1 0,2,5,7,9,20,22,24,28,34,36,39,41,43,46,50,51,53,54,60,63,64,66,68,69,71,74,76,80,88,90,93,98,100,102,106,107,110,111,113,115,116,120,122,128,130,135,140,149,151,153,156,158,161,163,170,171,172,175,177,181 "66";
67 62 0 40,49,65,68,69,78,119,142,149,160,169,176 "67";
68 116 0 1,6,9,10,14,15,16,21,23,25,32,37,40,49,52,60,65,74,77,81,84,90,94,97,98,101,106,110,119,121,129,132,138,146,149,151,154,157,160,161,162,163,170,174,179,182,183 "68";
69 59 0 2,54,56,76,80,87,117,137,150,178 "69";
70 99 0 2,3,5,12,20,28,29,31,33,38,41,43,45,46,49,52,53,55,56,59,61,63,67,68,71,73,77,78,80,82,83,84,86,88,91,95,96,98,99,101,103,109,111,112,114,116,120,121,126,128,129,131,134,135,137,140,143,151,153,155,156,158,159,164,168,171,173,179,182 "70";
71 47 0 8,23,38,53,84,122,144,177,180,182 "71";
72 112 0 1,3,4,6,7,10,12,14,16,19,21,22,24,25,27,29,32,34,38,39,42,44,45,47,49,50,53,55,57,59,61,64,65,66,67,68,70,71,74,75,76,78,79,80,82,84,86,87,88,89,91,94,97,99,100,103,107,109,111,112,116,118,121,122,124,126,131,132,135,137,141,142,144,151,153,156,158,159,161,163,166,168,169,173,175,178,180 "72";
73 175 0 1,2,3,6,7,12,13,14,15,17,21,24,25,26,28,29,31,32,34,39,41,42,45,48,50,51,53,55,58,59,60,61,63,65,67,68,78,84,86,89,91,95,96,99,101,102,104,106,108,109,111,113,114,115,116,118,119,120,122,124,126,128,130,131,137,138,140,142,144,149,150,151,154,155,156,160,162,164,165,168,169,171,177,178,181,182 "73";
74 133 1 4,26,29,37,42,51,55,96,99,105,106,108,125,152,162 "74";
75 172 1 0,2,5,8,10,12,14,16,19,20,23,26,30,32,33,36,37,39,41,44,46,47,49,51,52,53,55,59,61,62,64,66,67,69,71,74,75,78,79,82,83,84,85,89,90,92,94,95,98,100,104,107,108,110,113,114,115,117,118,120,121,123,124,125,127,129,133,138,139,141,143,145,149,150,152,157,158,160,161,163,164,169,173,175,177,181,183 "75";
76 144 1 0,1,6,7,10,11,12,14,19,24,27,29,30,32,34,36,40,43,45,47,49,52,55,59,62,72,73,78,79,82,87,89,92,93,97,100,102,105,110,125,127,136,138,140,148,153,155,157,158,160,164,166,175,179 "76";
77 90 0 0,4,6,9,10,12,14,15,18,19,20,22,24,29,31,34,35,43,48,51,53,58,61,64,65,69,71,75,77,80,94,95,96,97,100,102,103,106,114,121,124,131,140,141,143,148,151,157,167,169,172,174,176 "77";
78 147 1 3,5,6,7,10,12,13,15,17,19,20,21,22,25,26,27,31,33,35,36,40,41,44,46,47,48,49,50,52,54,56,59,60,63,64,65,68,71,73,75,77,78,81,83,84,85,86,88,92,93,96,97,100,102,104,105,107,109,112,114,116,119,121,123,124,126,130,131,133,135,138,140,146,151,152,154,156,157,162,165,168,170,175,176,178,179,182 "78";
79 147 1 22,44,46,52,65,68,74,85,94,99,102,109,111,124,130,143,167,169,173 "79";
80 63 1 17,32,52,70,77,100,102,105,110,114,120,146,151,165,175,177,181 "80";
81 96 0 1,6,13,20,22,27,32,35,39,41,48,53,57,60,62,67,69,77,84,86,88,96,97,99,101,105,107,113,114,116,119,121,123,124,127,129,140,144,145,148,154,162,164,171,175,179,183 "81";
82 98 1 6,11,15,17,20,26,29,34,43,45,50,52,56,58,64,67,69,71,83,84,85,89,93,94,96,98,99,105,107,111,114,119,127,129,131,134,138,142,143,145,146,148,150,153,154,156,160,161,163,165,175,179,181,182 "82";
83 66 1 1,4,5,8,10,11,15,24,26,29,41,54,56,61,65,71,76,93,97,100,101,103,107,114,116,117,120,127,129,132,138,143,147,150,151,159,163,166,176 "83";
84 124 0 37,56,68,86,148 "84";
85 28 1 1,3,5,16,18,20,22,24,26,28,37,39,41,52,54,58,66,71,75,81,82,83,86,91,92,100,108,110,111,114,118,126,129,136,140,142,145,147,153,155,162,166,170,176 "85";
86 31 1 0,9,13,18,25,37,38,58,67,79,89,94,100,136,151,152,160,166,168,174,182 "86";
87 48 1 1,3,7,9,14,24,26,28,31,36,37,38,40,41,48,50,53,55,58,62,65,66,70,72,73,80,83,84,87,89,91,96,98,102,105,111,114,116,117,125,126,128,133,137,141,144,152,158,161,162,165,171,179 "87";
88 20 1 0,3,8,10,11,13,14,16,19,20,23,25,26,28,30,32,34,36,37,39,43,47,52,55,57,60,63,65,68,70,72,73,74,76,79,82,84,85,86,88,90,92,97,99,101,104,106,108,109,114,122,125,130,133,135,140,143,148,150,153,160,162,168,169,170,173,174,179,181 "88";
89 128 0 7,17,19,23,31,36,40,42,53,59,67,71,88,96,102,107,112,121,126,138,144,149,160,171,172,178 "89";
90 1 1 0,2,13,18,20,23,26,31,32,35,39,43,44,49,53,58,71,73,77,81,92,93,95,99,101,110,115,117,119,120,122,124,127,130,134,139,142,143,147,149,161,164,166,174,180,182,183 "90";
91 67 1 0,2,11,19,22,26,33,39,45,46,54,56,61,62,63,65,80,82,86,94,97,100,103,104,109,111,112,115,122,125,126,133,135,137,139,141,142,144,147,149,155,162,168,170,175,179,180,183 "91";
92 84 0 1,4,5,13,18,24,38,46,50,51,53,58,60,72,77,79,83,84,87,93,95,107,115,120,127,132,135,139,143,147,151,154,164,177,180 "92";
93 50 0 1,4,7,10,11,13,14,17,18,20,21,24,29,30,32,35,37,44,45,47,48,50,51,54,56,58,60,63,69,70,71,75,76,78,80,81,84,86,87,89,90,91,94,100,102,107,112,113,115,117,118,124,125,127,131,134,137,138,142,143,149,150,152,153,155,157,158,160,163,166,168,170,171,172,174,177,181,183 "93";
94 3 0 3,5,10,12,23,27,30,34,37,39,42,44,48,52,55,57,62,64,67,69,71,73,76,77,78,86,91,93,101,104,106,108,110,113,116,118,120,121,126,130,132,135,137,139,144,146,148,157,160,162,165,167,169,172,177,182 "94";
95 76 0 1,9,14,18,19,22,25,32,36,41,43,48,56,59,62,68,70,75,78,79,83,84,86,88,91,92,95,102,108,110,116,118,123,126,128,129,131,135,137,139,144,145,147,149,150,152,155,159,160,163,164,172,176,179,181 "95";
96 91 1 9,40,45,46,52,55,57,65,68,82,85,90,95,99,112,128,131,141,149,150,168,172,176,180 "96";
97 0 1 1,3,7,9,16,27,32,34,42,51,54,62,70,72,79,81,86,88,94,101,109,116,123,125,135,137,139,140,145,148,158,162,166,168,170,174,178,180 "97";
98 133 1 3,57,104,146 "98";
99 103 1 0,2,5,7,11,16,18,22,23,27,28,30,32,34,37,39,42,43,45,47,49,51,56,57,59,63,69,70,71,75,77,81,82,84,86,87,90,91,93,95,99,100,104,105,110,111,112,114,116,117,123,126,130,131,133,134,138,141,144,145,148,151,152,155,159,160,161,163,166,171,174,177,178,180,181,183 "99";
100 44 1 12,50,92,114,136 "100";
101 102 0 9,35,45,52,53,64,73,81,98,104,113,128,133,151 "101";
102 97 0 0,6,12,14,27,34,57,83,88,119,136,156,161,172 "102";
103 1 1 2,12,15,20,25,30,31,37,45,49,64,70,79,86,95,97,99,115,118,130,132,137,141,148,149,153,170,173,179,182 "103";
104 22 0 0,2,6,10,12,13,16,19,21,24,25,27,29,31,32,34,36,38,41,42,44,47,48,51,55,57,59,60,62,63,68,70,72,77,78,79,81,83,84,87,88,89,90,92,94,96,99,104,107,109,110,113,115,119,121,124,125,128,129,131,133,134,137,138,141,142,144,145,147,149,151,155,156,157,159,163,166,167,171,172,174,176,178,180,181,182,183 "104";
105 101 0 2,3,5,13,16,18,19,20,22,25,27,29,30,33,35,37,39,40,42,43,46,51,53,54,55,57,59,61,63,66,70,71,77,85,86,88,89,91,93,97,101,104,105,110,112,113,117,120,122,127,131,140,141,143,146,148,152,153,155,163,166,167,169,173,176,178 "105";
106 111 1 9,19,46,59,62,80,85,115,124,128,136,137,152,176 "106";
107 164 0 0,3,7,25,26,29,32,34,37,38,39,44,46,50,52,53,55,57,63,68,71,72,74,82,86,88,91,93,95,100,101,103,104,106,110,113,115,117,118,121,124,126,128,129,133,135,138,140,141,144,146,148,154,156,158,160,165,166,168,169,171,172,174,176,182 "107";
108 101 1 0,3,6,8,13,17,20,22,24,28,32,42,53,54,56,65,71,75,78,82,86,89,90,93,94,97,98,104,106,107,110,113,115,118,122,125,136,141,145,152,154,156,159,160,162,163,167,177,183 "108";
109 16 0 2,4,6,12,14,19,21,27,31,35,36,37,39,42,44,46,50,54,58,60,64,65,68,72,73,76,81,84,88,93,94,98,103,105,107,110,112,117,127,128,130,136,138,145,147,149,154,156,159,161,164,166,167,172,173,175,178,181 "109";
110 92 0 0,2,4,5,7,11,17,18,23,24,26,28,31,32,33,38,40,41,42,43,44,47,51,52,54,56,58,63,64,66,68,69,71,74,75,81,82,83,88,89,91,95,102,104,105,109,112,114,116,117,119,120,122,124,126,128,129,131,133,134,136,139,141,142,144,150,152,154,155,158,160,162,163,165,172,174,177,179,181,182 "110";
111 71 0 0,2,4,5,7,8,13,15,16,18,22,24,25,31,33,34,36,37,40,41,43,45,48,49,55,57,59,61,65,67,70,72,74,77,78,79,80,81,87,90,97,101,104,107,108,110,114,116,119,121,123,124,125,127,128,129,130,132,135,137,139,142,144,156,157,165,166,169,174,178,183 "111";
112 143 1 23,29,31,61,110,140,169 "112";
113 52 0 4,10,13,20,21,22,24,28,31,35,41,47,49,50,51,55,61,66,71,72,74,77,78,81,85,87,90,94,95,96,98,103,105,107,109,112,113,115,116,117,119,121,127,134,135,139,140,145,146,147,153,155,156,158,159,167,169,170,174,175,179,182,183 "113";
114 113 1 0,12,17,18,20,24,39,48,57,70,81,85,96,112,126,138,145,154,162,166,170,180,183 "114";
115 118 0 17,24,28,47,64,66,114,123,130,138,144,158 "115";
116 133 0 5,11,14,22,25,28,30,38,53,57,65,68,73,79,89,92,96,99,100,104,107,111,113,134,141,143,145,157,173,183 "116";
117 16 0 1,4,8,11,12,14,18,20,23,25,27,31,34,36,38,40,42,46,55,58,60,63,65,70,75,76,78,83,87,89,90,92,97,100,102,103,105,109,111,113,114,115,118,120,121,129,138,140,143,148,153,155,158,161,165,168,171,174,177,179,180,182,183 "117";
118 93 1 0,2,3,4,5,8,10,12,14,16,18,20,24,26,28,29,31,32,36,38,40,45,46,47,49,51,55,57,58,59,61,63,65,68,72,75,79,81,85,88,89,93,95,96,100,102,104,105,108,112,115,118,119,121,123,125,130,133,137,138,139,143,145,147,151,153,154,158,161,163,164,166,168,169,170,174,176,178,179,180,182 "118";
119 144 0 1,4,6,7,9,18,19,21,22,24,26,31,39,42,49,50,52,54,56,61,64,67,68,72,74,77,81,83,86,88,91,93,97,98,99,107,108,110,118,121,125,128,132,133,136,141,142,144,145,150,151,159,162,164,165,167,171,175,176,178,179,181 "119";
120 180 0 2,3,7,9,11,17,22,26,31,37,41,44,46,48,53,60,61,66,76,77,80,81,83,85,86,90,94,98,116,119,123,125,138,139,144,146,149,156,166,174,183 "120";
121 173 0 4,12,16,19,22,28,36,46,49,51,59,61,64,66,68,70,73,77,81,88,95,102,109,113,114,116,118,121,130,131,134,140,151,152,154,158,164,167,183 "121";
122 52 1 6,50,52,74,75,78,149,167 "122";
123 124 0 2,6,8,12,15,16,18,25,28,34,40,45,55,57,72,83,85,86,98,101,102,104,112,114,120,123,126,127,129,136,138,140,141,148,157,163,167,171,174,179,181,183 "123";
124 103 0 1,4,6,7,9,11,13,15,16,18,19,22,23,25,32,34,38,39,42,44,46,50,53,54,57,60,65,67,68,71,76,77,81,83,87,89,90,92,96,99,108,109,111,112,114,116,118,121,123,124,126,131,133,134,138,140,145,147,149,150,152,154,158,159,161,163,165,169,170,171,174,179,180 "124";
125 112 0 6,14,20,22,35,37,40,44,46,57,63,80,88,115,152,157,175,179 "125";
126 20 1 0,4,6,9,12,13,15,17,22,25,30,32,40,41,43,48,49,51,54,55,58,60,63,65,66,69,76,80,81,84,85,96,100,102,105,107,110,111,112,115,118,123,124,131,136,137,144,146,149,152,155,157,164,167,168,171,173,176,178,180,182,183 "126";
127 152 0 0,3,4,5,7,10,13,18,19,20,23,24,27,28,31,33,35,40,42,44,53,55,57,58,60,62,63,65,69,72,75,77,79,81,83,87,90,92,93,97,100,101,107,108,114,116,117,121,125,126,127,133,138,145,147,149,151,153,156,159,163,165,167,169,171,173,180 "127";
128 147 1 0,3,5,8,11,16,17,20,25,27,28,32,35,42,44,52,57,58,60,62,64,66,68,71,72,75,78,82,88,91,93,97,98,99,102,107,116,118,119,120,122,128,131,137,140,141,145,147,148,149,151,152,154,156,159,162,171,175,176,178 "128";
129 123 1 6,19,22,24,27,35,38,51,53,57,61,70,83,87,89,91,104,128,129,136,144,153,154,158,165,168,170,173,179,181 "129";
130 11 0 1,4,10,12,13,15,23,24,26,27,28,32,33,35,40,47,49,53,55,56,63,66,71,73,75,76,77,79,83,87,89,92,96,98,102,104,105,108,110,112,113,115,117,118,121,123,128,129,131,135,138,140,143,144,145,148,150,154,156,157,159,166,167,169,171,175,179,180,182,183 "130";
131 10 1 5,7,11,13,14,19,24,30,32,35,39,41,45,47,49,51,53,57,61,63,65,67,68,72,73,76,80,82,85,86,90,96,100,110,113,114,117,121,128,130,135,136,143,146,147,150,151,167,170,177 "131";
132 67 0 0,2,3,5,6,8,10,11,15,16,17,18,21,23,25,28,30,32,35,38,41,44,47,49,50,54,58,59,60,62,63,67,69,73,75,76,77,78,81,82,84,88,92,95,96,98,101,103,105,107,108,110,117,118,119,122,123,126,128,130,131,133,135,136,138,139,141,142,144,146,148,150,153,156,159,160,161,163,164,166,167,170,172,174,176,178,182 "132";
133 89 0 2,3,8,13,16,18,20,23,24,26,27,30,31,33,36,38,40,43,44,46,47,53,55,56,58,61,63,66,67,71,73,74,76,81,82,84,85,88,89,93,94,97,99,102,104,106,109,112,113,116,119,120,123,124,126,128,131,133,138,140,143,144,147,153,155,158,160,161,163,164,165,167,168,169,172,174,176,178,179,182 "133";
134 98 0 4,7,11,15,18,24,28,31,32,38,40,47,49,52,60,63,64,67,72,74,77,82,83,85,88,92,93,99,101,103,104,112,115,117,124,126,129,135,137,146,147,149,152,154,157,160,162,164,170,172,177,179,181,182,183 "134";
135 154 1 4,6,7,9,10,11,13,14,17,19,21,24,25,29,31,36,37,40,44,49,56,59,61,64,66,69,70,72,80,81,82,84,85,87,89,91,93,94,96,101,103,105,106,113,116,118,119,122,126,129,130,131,133,135,136,138,140,144,146,147,150,155,156,158,160,163,165,166,168,170,178,179,182 "135";
136 159 1 1,4,6,11,12,18,20,23,25,26,28,31,32,34,35,37,39,41,44,46,50,54,57,58,61,63,65,67,70,71,72,74,76,79,81,82,84,86,88,93,94,95,96,99,103,105,107,109,111,113,115,117,119,122,123,126,127,129,131,137,139,140,141,143,145,146,149,150,152,154,157,158,160,162,163,165,167,171,173,175,177,179,181 "136";
137 53 1 1,2,3,5,8,11,12,19,24,30,31,33,35,36,38,43,44,48,49,52,59,63,72,75,78,80,81,85,102,103,105,109,111,116,119,126,129,132,134,136,142,144,148,151,154,160,164,166,173,178,181 "137";
138 66 1 3,39,53,60,93,96,148,181 "138";
139 12 1 0,4,5,6,8,11,13,15,19,20,25,28,30,37,39,46,53,54,55,59,61,64,66,69,78,80,83,86,88,90,93,94,100,102,103,104,106,108,112,114,120,123,124,127,130,131,133,134,136,137,139,140,141,146,151,152,153,155,157,160,162,165,168,170,172,173,175,176,180,182,183 "139";
140 10 1 1,4,6,9,11,14,16,19,20,22,26,28,31,34,39,42,47,51,53,57,59,62,64,66,68,69,75,83,88,95,103,107,111,115,117,120,127,130,133,136,137,143,148,149,150,153,155,156,157,163,167,168,174,178,181,182 "140";
141 118 0 11,17,27,31,37,39,65,68,80,84,101,104,116,129,132,134,154,157,168,173,182 "141";
142 73 0 0,3,4,6,8,9,10,12,15,17,19,23,24,25,27,28,30,31,34,36,37,38,40,41,43,44,46,50,52,53,55,57,58,59,62,63,64,66,68,69,72,73,74,79,81,83,85,86,88,89,97,101,103,104,107,108,110,111,113,116,121,122,123,124,127,129,131,136,138,139,140,141,144,146,149,151,153,154,155,158,161,164,167,171,174,178,181 "142";
143 115 1 0,1,5,6,8,10,12,14,20,23,24,26,28,29,32,33,38,40,42,50,53,59,60,61,62,65,67,70,72,73,75,77,84,86,89,93,96,100,101,104,105,107,109,112,118,127,128,130,132,134,136,137,143,146,147,150,152,154,155,157,162,163,166,169,172,173,174,180 "143";
144 130 1 0,2,4,5,6,8,10,12,14,15,16,19,21,22,30,31,33,35,37,38,42,43,47,49,52,56,60,62,65,68,69,70,72,74,75,81,82,84,87,91,92,94,95,97,99,100,103,109,111,112,114,116,117,120,122,124,125,128,129,130,132,135,139,140,141,144,150,152,158,159,161,163,165,167,170,171,173,174,178,180,182,183 "144";
145 0 1 5,9,14,18,27,30,34,36,38,51,56,65,71,72,75,76,78,83,89,97,99,101,102,104,106,109,115,118,121,123,128,130,132,140,142,143,145,147,148,150,157,159,162,166,170,174,177,179,180,182 "145";
146 39 1 0,2,4,7,9,10,12,15,19,22,28,29,31,36,40,41,43,47,49,52,53,58,60,61,63,65,67,69,71,74,76,78,80,82,84,85,87,91,101,104,108,111,113,125,128,132,134,136,137,139,140,145,147,149,151,153,155,157,158,160,162,164,166,168,170,171,174,178,179,181 "146";
147 104 0 1,31,63,67,74,78,97,104,110,118,137,157,166,168,172,180 "147";
148 8 0 0,2,21,26,30,32,37,38,48,50,54,64,67,69,71,75,79,86,88,90,92,93,97,99,101,102,103,104,114,115,119,126,127,129,131,133,134,139,140,145,147,150,152,155,160,162,165,171,172,175,177,180 "148";
149 87 0 0,2,5,6,8,10,11,13,16,18,27,28,29,34,36,39,41,58,62,63,65,66,69,70,71,74,77,78,79,80,81,84,86,90,92,95,99,103,104,106,108,116,121,124,131,133,134,136,140,147,149,152,155,158,161,164,168,172,174,178,181,183 "149";
150 26 1 0,4,5,6,8,12,13,15,16,18,19,21,22,25,27,28,29,31,34,37,38,40,41,43,45,46,48,49,50,52,54,56,58,60,61,64,65,68,69,74,76,77,78,80,81,83,84,85,89,90,91,94,95,97,98,99,100,102,103,104,107,110,114,115,117,120,122,124,126,127,131,133,136,140,143,150,151,154,155,158,162,163,165,167,169,171,174,175,176,177,181,182 "150";
151 73 1 2,3,6,10,12,16,18,24,28,29,37,45,50,53,55,56,57,61,67,68,69,71,72,75,81,82,86,87,90,93,94,96,99,110,115,118,129,136,139,143,144,147,154,160,162,164,168,170,175,177,180 "151";
152 134 1 0,3,8,10,13,16,20,22,26,28,29,30,33,34,36,37,42,43,45,46,50,51,55,59,63,65,67,74,77,80,82,83,85,88,89,93,94,95,99,101,104,110,116,117,118,120,123,128,130,133,135,137,140,144,146,147,148,150,155,161,163,164,167,170,172,174,176,179,180 "152";
153 20 0 1,2,7,10,12,13,15,18,22,23,24,26,28,32,37,39,43,45,48,51,54,55,56,57,58,62,63,66,73,74,78,81,83,85,87,89,92,94,99,103,105,107,110,111,113,117,118,119,121,122,125,126,128,129,132,133,138,140,142,146,148,151,154,158,161,162,163,164,166,168,170,172,174,177,178,180,181 "153";
154 69 0 21,74,87,97 "154";
155 53 1 2,4,19,34,37,39,42,48,54,60,68,76,82,87,98,118,180 "155";
156 74 1 4,15,21,24,26,31,33,42,43,46,52,60,67,77,81,83,86,92,100,101,106,111,117,119,124,126,140,152,154,156,162,167,173,175,180 "156";
157 28 1 0,3,4,7,13,16,20,23,24,33,36,39,42,46,48,52,54,56,57,61,64,66,67,74,75,76,78,80,90,92,93,96,98,100,104,105,108,109,112,114,117,121,122,126,128,130,139,143,146,148,157,158,161,162,164,166,169,170,172,177,179,182,183 "157";
158 12 1 1,2,4,5,7,9,11,15,16,17,18,19,21,24,26,30,32,33,34,37,38,41,42,43,46,48,49,52,54,55,56,58,61,62,64,65,66,68,70,71,74,75,77,80,83,84,85,94,95,103,106,108,110,112,114,117,120,123,128,129,131,134,136,137,140,143,146,150,152,155,156,158,161,163,164,166,167,170,172,174,175,177,179,183 "158";
159 141 1 1,3,5,7,8,11,13,14,17,29,34,39,45,48,51,54,56,58,59,61,69,71,72,75,76,77,80,82,91,94,100,101,103,105,107,119,121,122,123,124,127,133,138,139,140,147,153,156,169,173,175,176,179,181 "159";
160 85 1 1,3,6,11,13,17,19,20,26,29,36,38,43,51,60,67,68,70,76,82,89,92,94,101,102,106,108,111,114,121,125,128,129,132,135,137,139,141,144,145,148,149,151,152,154,162,164,167,170,171,172,174,176,182,183 "160";
161 1 1 2,7,9,20,39,43,45,49,53,60,67,69,71,79,81,90,95,101,113,123,129,130,133,153,173,175,179 "161";
162 34 0 2,3,5,9,12,13,15,17,19,25,29,40,43,46,51,65,72,79,84,88,91,93,94,98,100,103,105,117,121,126,130,138,144,153,154,169,173,178,179 "162";
163 151 1 90,127 "163";
164 43 0 6,9,10,12,14,15,16,19,21,22,28,31,34,37,39,40,41,45,47,48,50,53,57,59,61,63,64,65,66,67,69,71,73,77,81,83,87,89,90,92,94,97,101,115,117,118,121,122,124,126,128,130,133,134,136,138,139,141,142,143,145,147,150,151,156,157,161,162,164,166,167,170,173,174,176,178,182 "164";
165 81 1 1,6,7,9,12,17,19,21,29,32,34,36,38,39,40,42,46,48,49,50,52,56,58,59,63,65,66,68,73,78,80,83,85,86,87,89,91,93,95,99,106,108,112,118,119,124,125,126,132,133,142,145,147,149,153,159,163,169,170,173,175,177,178,181 "165";
166 53 0 0,3,9,13,14,16,25,26,31,32,34,36,37,38,41,46,47,50,52,53,54,58,59,60,63,65,66,72,73,75,77,80,82,85,86,89,92,93,95,96,98,100,102,104,105,107,109,110,114,117,119,121,125,126,127,129,131,133,135,137,140,142,145,146,148,150,151,152,153,158,160,161,164,166,167,171,173,174,175,176,178,182 "166";
167 142 1 0,2,5,7,13,15,20,26,28,30,33,35,39,40,41,55,56,58,61,62,63,65,67,70,75,81,82,84,87,89,90,93,95,98,99,102,110,111,115,117,118,119,121,123,124,125,128,134,138,140,142,145,147,148,151,153,158,160,162,164,168,169,172,179,182 "167";
168 44 0 0,4,6,16,19,25,26,27,30,34,40,43,44,47,49,54,57,62,64,66,71,75,81,82,85,86,90,92,94,98,101,104,107,109,112,119,124,127,134,136,138,141,145,169,170,173,176,177,179,180 "168";
169 180 0 19,75,97,100,103,121,130,138,140,142,159,177,181 "169";
170 11 0 6,7,14,23,25,31,39,51,56,84,94,100,116,123,162,165,168,182 "170";
171 124 1 0,3,5,10,12,13,15,17,25,26,29,30,32,34,37,38,40,43,45,46,49,51,55,56,58,59,60,64,68,70,73,74,76,80,81,85,86,87,89,90,92,94,95,97,99,100,103,106,110,111,113,117,118,120,122,124,129,137,139,141,142,144,146,147,153,154,156,159,163,165,167,170,171,175,181,182 "171";
172 28 1 15,26,29,34,36,42,64,71,82,94,100,101,121,126,148,161 "172";
173 72 0 1,4,9,13,26,32,33,35,39,42,48,51,52,55,64,71,73,75,78,79,82,92,93,95,102,103,107,111,121,124,126,127,130,137,138,139,142,146,150,154,155,160,161,169,174,177,180 "173";
174 53 0 6,11,13,22,30,32,33,34,38,40,42,44,45,47,67,72,76,77,79,83,86,93,100,108,111,113,125,129,138,141,148,162,165,167,169,175,176 "174";
175 132 1 1,44,46,55,85,97,101,110,116,124,128,140,150,158,175,183 "175";
176 14 0 3,6,9,11,13,15,17,18,19,22,24,25,28,33,34,36,41,43,44,47,49,51,55,57,60,64,67,69,74,76,79,81,84,87,88,94,96,98,99,101,103,106,112,115,118,120,123,127,129,132,134,136,138,140,141,144,146,147,149,151,152,156,159,161,162,163,171,175,176,177,181,183 "176";
177 95 1 0,6,8,9,10,12,13,18,20,22,23,25,27,29,33,35,38,47,51,58,60,62,67,71,73,75,79,82,84,95,98,111,116,117,124,125,128,129,132,137,138,144,147,149,150,152,156,159,166,169,171,173,175,176,180 "177";
178 30 0 2,3,7,9,11,12,13,17,18,20,23,27,29,31,33,35,37,41,43,44,45,47,52,53,57,61,62,64,65,66,69,71,73,76,78,79,81,86,88,89,91,94,95,97,99,102,107,108,110,115,117,118,120,122,123,125,129,136,139,140,142,148,150,152,153,155,158,160,162,163,164,165,167,169,171,172,174,175,176,180,183 "178";
179 33 1 3,4,10,12,22,25,38,40,58,69,72,78,79,93,96,97,99,101,109,112,130,140,150,155,157,159,163,170 "179";
180 48 1 9,24,45,122,163 "180";
181 73 0 30,86,88,103,128,134,137,139,148,150,169 "181";
182 34 1 27,31,41,68,91,97,104,115,129,132,142,149,159,166,175 "182";
183 159 1 14,16,24,46,51,55,60,65,73,81,85,88,99,105,110,126,128,135,136,141,148,150,162,169,179,182 "183";
