parity 152;
0 42 0 0,3,6,8,10,12,13,15,17,19,20,23,25,27,28,30,31,33,37,38,40,41,43,45,51,54,55,59,62,64,65,67,69,70,72,73,74,76,78,80,82,86,88,90,92,93,94,100,105,107,109,112,114,116,117,118,120,121,123,124,128,130,134,136,137,139,143,146,147,148,150,152 "0";
1 125 1 39,56,83,100,107 "1";
2 129 0 14,54,60,129,147 "2";
3 25 0 13,24,31,34,37,42,43,86,96,103,107,118,128,133,143,149 "3";
4 100 1 8,16,54,59,70,89,92,98,102,121,125,141,149 "4";
5 26 0 2,3,4,10,16,17,20,21,23,26,29,38,42,44,49,52,54,55,58,60,61,64,67,69,70,74,77,81,83,88,89,91,95,101,103,108,109,115,120,124,125,131,134,135,140,143,146,147,152 "5";
6 140 1 3,5,10,13,19,26,28,29,32,39,42,47,49,54,56,57,67,70,80,82,101,106,109,111,113,117,119,123,129,150 "6";
7 147 0 3,8,11,13,15,25,28,30,33,34,37,51,53,57,59,62,63,64,67,73,74,83,86,95,97,99,101,108,112,116,128,130,134,136,144,147,150 "7";
8 12 1 0,2,3,4,5,12,16,25,28,32,34,35,37,38,42,43,45,47,49,50,52,55,56,58,59,60,63,65,67,68,70,71,72,74,75,77,78,79,81,85,86,88,90,92,94,97,99,100,104,105,107,113,114,116,118,120,123,124,127,128,130,131,132,134,135,139,143,146,148,150,152 "8";
9 19 0 26,38,46,65,69,101,114,129,140 "9";
10 146 0 2,7,12,16,28,29,31,33,36,38,40,46,47,50,72,78,89,91,96,97,101,102,107,110,122,128,136,139,141,147,150 "10";
11 21 1 0,1,3,4,6,8,10,12,15,17,18,19,24,27,30,31,33,34,36,39,45,47,48,51,53,56,58,60,61,62,65,67,72,73,75,77,78,81,82,84,86,88,90,94,96,97,99,101,105,107,109,110,111,113,115,117,120,122,125,127,130,131,133,136,137,139,143,144,147,152 "11";
12 102 1 0,5,12,14,16,22,24,26,28,30,33,35,38,42,51,58,64,67,77,79,83,84,87,93,103,106,132,137,146 "12";
13 86 1 0,2,4,5,7,8,10,12,14,15,18,20,21,31,33,37,38,42,44,46,48,49,52,53,54,57,58,61,62,64,65,66,68,69,72,76,78,79,83,86,87,92,96,97,99,102,104,105,106,110,111,112,114,119,120,121,123,124,126,127,129,130,135,136,137,138,142,146,148,149,151,152 "13";
14 82 0 2,8,10,19,22,31,39,47,52,70,72,79,93,119,126,128,138 "14";
15 63 0 0,3,15,38,51,62,64,72,74,85,88,90,96,97,100,113,115,121,125,127,133,139,150,151 "15";
16 128 1 1,2,4,6,7,10,13,15,18,22,25,31,34,37,43,47,50,55,56,58,59,64,66,67,68,71,73,76,78,79,81,87,89,92,94,96,97,99,102,103,106,107,109,111,113,114,116,119,122,124,125,128,132,134,136,137,140,142,145,146,148,150,152 "16";
17 40 1 0,2,3,6,12,16,19,21,25,28,29,32,34,41,45,50,57,58,60,68,75,78,81,82,84,86,90,92,95,97,100,102,105,110,112,115,120,123,127,129,130,135,136,137,139,140,143,145,147,148,150 "17";
18 47 0 4,8,9,12,15,23,33,42,46,48,49,51,53,58,60,64,69,73,75,78,81,85,89,105,108,110,111,115,123,126,127,135,137,140,141,142,146 "18";
19 144 1 0,5,17,21,28,35,43,62,66,69,84,89,99,111,131,146,149 "19";
20 139 1 5,7,9,15,17,36,38,40,42,44,47,52,58,62,64,74,75,79,82,86,92,97,104,106,107,112,117,120,121,128,130,131,136,137,138,140,142,147,149,152 "20";
21 69 1 0,2,6,8,9,10,12,14,17,18,19,21,22,27,28,29,30,33,36,39,40,42,43,45,48,51,55,57,58,59,61,64,67,68,70,73,77,78,79,81,82,83,87,88,90,92,93,97,99,101,107,108,111,113,115,117,119,120,122,124,125,130,131,133,136,137,140,141,143,144,145,147,148,150,151 "21";
22 15 0 28,30,31,38,46,54,71,75,77,94,112,123,128,142 "22";
23 26 0 2,3,13,14,15,19,21,23,29,31,33,35,39,40,42,45,50,56,58,64,67,68,70,76,77,83,84,85,88,89,91,93,98,102,104,105,107,110,111,114,119,123,129,130,131,132,134,135,136,138,140,143,145,152 "23";
24 74 1 16,23,28,31,34,49,53,54,55,57,72,74,75,84,94,96,98,104,110,116,141,143,147,151 "24";
25 37 1 8,16,19,21,23,25,30,33,36,40,42,45,47,52,59,62,66,74,94,95,100,104,111,118,120,124,127,129,132,134,137,139,144,147,149,150 "25";
26 110 1 8,12,18,21,27,36,37,42,55,56,60,62,64,71,82,88,94,105,119,120,128,131,137,139,151 "26";
27 65 0 0,3,8,16,23,25,26,28,31,35,41,46,51,54,57,71,79,82,85,96,103,104,106,109,114,118,125,127,130,134,136,139,142,144,152 "27";
28 58 1 14,16,18,21,29,33,35,37,42,43,67,68,72,75,77,86,91,108,114,120,137,139,145,148 "28";
29 7 1 20,39,47,49,62,69,80,98,104,115,126,133,134,136,139,145,149 "29";
30 57 1 1,4,12,14,26,28,30,33,34,36,39,40,46,47,53,55,57,58,60,73,79,87,89,92,93,110,115,117,122,124,131,135,137,140,143,148,152 "30";
31 140 1 2,3,8,13,15,16,18,23,28,29,30,32,35,38,40,43,45,50,51,53,55,57,61,64,68,70,76,80,81,87,90,91,102,105,111,114,115,118,119,121,136,143,144,146,148,149 "31";
32 4 0 1,2,5,7,8,10,11,18,21,23,26,28,31,33,36,38,40,43,49,54,57,63,64,65,67,68,69,72,73,76,78,82,83,85,86,88,92,93,94,96,98,100,101,104,105,106,110,113,120,122,124,127,128,129,139,141,147,150,152 "32";
33 70 1 2,4,8,11,14,19,23,28,29,30,32,34,35,38,45,46,49,51,53,55,56,58,60,63,65,66,69,71,75,77,84,86,89,91,92,93,94,99,102,104,106,107,110,113,115,117,119,122,125,126,127,128,130,132,133,135,136,138,140,141,143,145,150,152 "33";
34 77 1 57,83,99 "34";
35 103 0 0,1,2,4,5,6,9,11,13,17,19,22,24,26,30,31,37,40,41,43,45,48,50,51,55,57,59,60,62,63,64,66,70,71,73,76,78,81,83,87,88,89,91,92,94,96,99,102,105,107,110,113,114,117,119,122,127,128,129,131,134,136,138,141,142,143,144,146,148,150,151 "35";
36 73 1 2,4,8,14,16,25,27,28,31,36,46,47,56,58,67,72,77,87,93,97,112,123,128,131,134,137,139,142,144,148,150 "36";
37 20 1 1,3,7,16,18,33,46,50,53,59,69,76,81,99,116,125,133,134 "37";
38 61 1 2,46,49,52,58,65,71,107,130,134 "38";
39 106 1 5,9,19,29,47,51,71,76,78,97,102,112,121,127,134,152 "39";
40 60 1 4,9,11,16,26,31,33,43,50,53,64,74,76,82,91,92,105,115,116,123,127,135,140,143,147 "40";
41 42 1 85,109,136,143 "41";
42 138 1 3,10,17,29,39,54,123,152 "42";
43 6 1 0,2,3,7,12,14,15,17,22,26,27,32,38,42,43,44,47,49,50,52,56,60,68,69,70,74,76,78,86,89,92,94,96,99,100,102,104,110,113,114,123,126,129,131,133,136,137,139,140,146,149,152 "43";
44 41 1 9,19,25,26,27,32,34,38,47,55,72,89,90,106,138,149 "44";
45 84 1 4,5,8,11,15,17,18,23,27,29,37,44,48,50,52,54,60,66,77,83,89,94,100,101,106,111,117,119,120,132,134,138,141,148,149 "45";
46 0 1 0,2,6,13,15,19,29,33,37,39,44,46,48,52,65,66,70,76,77,80,81,85,87,94,97,101,102,103,108,109,110,112,113,114,117,120,124,126,129,131,132,135,137,138,142,147,150,152 "46";
47 53 1 2,10,31,33,38,56,57,59,62,63,65,79,81,87,90,102,105,107,112,123,126,145 "47";
48 151 0 1,11,12,14,21,24,29,33,35,83,84,88,96,97,99,104,107,108,115,116,123,135,138,152 "48";
49 95 0 0,2,3,7,10,12,13,18,19,21,23,24,26,27,30,31,33,35,37,38,39,43,48,49,52,54,56,58,59,61,62,65,67,69,71,73,74,76,78,81,83,88,90,91,93,94,97,100,101,102,107,108,109,111,113,117,119,123,125,127,128,130,131,133,134,137,140,144,147,148,152 "49";
50 88 0 1,2,5,11,12,13,15,17,19,21,26,29,34,39,41,43,46,49,50,55,57,58,60,61,64,66,67,69,71,72,74,81,83,91,92,95,98,100,103,105,106,108,109,111,113,117,118,125,127,129,133,135,137,138,143,144,148,152 "50";
51 90 0 3,7,11,14,16,18,24,26,28,29,31,35,38,40,41,43,48,52,56,59,61,62,64,68,70,71,73,75,77,80,86,88,96,98,99,108,115,117,118,123,128,129,131,133,140,143,144,146,147 "51";
52 73 0 9,13,18,24,34,36,60,151 "52";
53 26 0 2,4,10,11,14,15,17,18,20,21,23,25,28,30,36,37,39,44,46,48,49,51,52,57,60,61,69,70,71,75,77,78,80,84,89,91,93,95,97,98,100,103,104,107,109,110,113,114,116,117,118,120,121,123,124,126,128,130,133,134,137,140,142,143,146,150,152 "53";
54 130 1 14,17,30,32,34,49,52,56,70,82,88,102,104,111,112,117,120,123,127,130,131,139,149 "54";
55 95 0 0,1,2,5,7,10,11,12,14,15,19,21,24,26,27,31,33,34,39,40,44,46,48,50,54,56,60,62,64,70,72,74,77,81,82,89,90,93,97,99,100,103,104,106,108,109,111,114,116,119,122,126,127,130,132,134,135,140,145,149,151,152 "55";
56 0 1 6,7,30,35,55,71,75,77,78,92,93,98,101,102,109,115,123,128,129,133,135,150 "56";
57 72 1 0,2,4,6,8,14,15,18,20,22,23,26,29,31,33,36,38,43,45,47,49,55,59,62,63,64,67,70,72,75,76,77,80,81,83,86,87,91,94,100,105,108,109,112,115,116,117,118,120,121,122,124,126,128,129,130,134,136,137,138,140,143,145,147,149,151 "57";
58 106 1 0,1,2,3,5,7,13,14,17,20,24,29,32,33,34,36,38,40,42,45,46,48,49,54,55,56,59,61,63,68,69,70,74,75,76,80,81,83,85,87,88,95,97,98,102,104,105,107,110,116,118,122,125,126,128,130,131,132,133,134,136,137,138,140,141,142,144,145,147,150,151 "58";
59 3 1 8,16,24,35,41,43,64,78,83,90,105,107,112,114,115,117,119,126,151 "59";
60 17 0 0,1,3,13,15,16,20,26,30,32,38,47,64,74,78,88,90,96,98,104,105,109,110,115,116,129,132,134,136,140,142,144,149 "60";
61 125 1 0,9,10,17,20,23,34,42,44,47,52,59,62,64,66,70,71,75,81,85,86,93,94,97,103,106,113,116,122,123,125,130,133,144,152 "61";
62 94 1 16,19,60,86,95,100,108,116,117,119,121,133,136,140 "62";
63 118 0 5,9,10,13,19,21,24,28,37,50,52,69,73,77,82,89,90,106,108,109,113,114,119,125,128,137,147 "63";
64 49 0 0,7,8,13,28,30,34,37,40,41,43,45,49,51,53,54,62,64,68,70,72,78,80,86,92,93,95,100,113,115,116,117,119,123,128,135,137,142,148,151 "64";
65 153 1 2,3,4,6,8,10,12,13,14,16,19,20,23,24,26,28,30,31,34,36,38,43,45,46,53,55,61,62,67,70,71,75,76,81,83,85,87,88,90,91,93,94,96,98,100,104,108,109,111,113,116,123,124,125,127,128,130,131,134,135,138,140,144,146,150,152 "65";
66 32 0 3,7,12,14,18,22,24,25,32,35,38,43,45,48,50,54,59,60,67,68,75,78,84,91,94,99,112,114,116,125,132,140,145,147,148,150,152 "66";
67 98 0 0,3,5,10,13,14,16,21,25,27,38,47,49,52,54,60,69,79,85,89,94,98,102,104,105,107,111,112,115,124,127,132,135,141,143,151 "67";
68 49 0 0,6,13,15,21,22,25,29,31,32,33,35,39,42,45,47,51,53,55,56,61,62,64,66,67,70,73,77,78,80,81,83,85,88,92,94,95,97,99,102,107,108,110,114,116,121,123,124,126,127,128,131,134,137,141,143,147 "68";
69 47 0 1,4,7,8,11,13,17,20,22,26,27,28,31,34,37,43,46,49,51,56,60,68,70,71,73,81,86,90,96,98,100,103,106,107,113,114,117,118,121,122,123,125,132,135,139,141,142,152 "69";
70 76 1 18,23,26,30,34,64,69,82,85,96,98,101,103,104,107,123,125,131,138,139,141 "70";
71 41 1 1,2,5,13,20,21,25,29,30,32,33,36,39,41,47,58,62,67,71,75,77,80,81,84,85,92,101,103,105,108,110,122,123,125,127,130,136,137,141,146,148 "71";
72 147 0 0,4,5,8,11,12,16,17,19,22,24,25,27,28,30,36,43,44,46,47,49,55,56,60,62,63,65,67,69,72,77,80,82,83,89,90,91,93,94,96,104,107,109,110,112,118,119,122,123,125,127,130,131,133,134,135,140,142,144,146,148,149,151,152 "72";
73 147 1 4,32,53,55,58,63,65,68,75,90,92,98,100,105,111,112,118,126,131,133,137,148,150 "73";
74 89 0 14,17,33,38,41,50,83,87,91,94,98,100,106,108,112,115,119,123,129,138,140,144,147,150 "74";
75 96 0 58,144 "75";
76 101 0 17,90 "76";
77 29 0 1,2,6,9,10,12,15,17,18,21,23,24,26,28,29,31,32,33,34,36,39,41,43,47,52,53,56,62,64,66,68,69,70,72,74,79,82,84,87,89,90,98,101,103,104,108,110,113,114,116,118,120,123,127,130,131,132,136,137,138,143,146,149,150 "77";
78 44 0 0,64,70,79,87,90,108,116,123 "78";
79 123 1 0,3,9,15,27,32,43,47,54,67,68,75,80,85,86,96,104,111,113,117,121,124,130,133,137,139,142,146,149,151 "79";
80 78 1 2,6,8,10,11,15,19,22,24,27,29,33,35,40,42,44,46,47,48,50,58,61,64,66,69,72,74,76,83,84,86,88,89,92,94,98,101,104,106,108,109,111,114,117,120,123,129,135,137,141,145,146,147,151 "80";
81 119 0 0,3,9,11,14,20,25,28,33,45,48,52,70,75,80,81,83,84,85,88,93,98,107,109,110,118,125,127,130,133,139,143,151 "81";
82 43 1 0,2,3,6,7,12,13,15,18,20,23,25,26,28,30,33,34,37,38,42,43,45,47,48,50,52,53,55,60,61,62,64,65,67,68,70,72,74,75,76,79,80,82,84,89,90,92,96,97,99,101,102,103,107,108,109,111,113,114,116,117,118,124,125,126,128,129,134,139,141,142,146,148,149,152 "82";
83 25 0 10,29,38,54,101,106,131,134 "83";
84 101 1 5,6,8,9,14,17,18,20,21,22,24,25,29,31,32,35,37,38,42,45,47,49,51,53,57,59,61,64,65,67,68,69,71,72,75,78,79,88,90,92,96,98,103,104,114,116,122,123,126,129,132,133,135,137,139,141,143,145,147,148,151 "84";
85 111 0 8,16,42,48,56,112,118 "85";
86 31 1 18,23,50,78,81,113,134,144 "86";
87 141 0 0,3,5,9,12,13,16,17,18,20,25,27,28,31,33,34,35,38,40,45,47,49,50,51,54,56,57,62,63,65,67,70,71,72,73,75,76,78,81,82,86,91,93,95,96,98,99,103,107,109,110,114,116,118,119,120,121,123,124,127,128,130,132,133,136,138,139,141,142,143,144,148,150,152 "87";
88 37 1 3,8,22,31,32,42,48,49,67,68,74,81,83,84,97,107,117,129,131,137,143 "88";
89 79 0 22,31,59,64,72,77,79,82,102,150 "89";
90 101 1 5,7,10,14,17,20,22,24,33,36,41,42,45,48,55,56,70,78,82,87,95,100,101,104,106,113,115,118,119,122,131,136,138,141,142,146,150 "90";
91 65 1 5,9,12,13,15,17,18,28,29,40,45,52,56,57,59,70,72,78,81,92,97,101,103,104,110,113,117,123,126,133,135,136,142,145,146 "91";
92 79 1 0,1,2,4,5,7,8,9,11,12,13,14,15,18,19,20,25,30,31,37,38,42,45,48,50,51,54,56,58,59,61,63,65,66,68,69,71,76,78,82,83,85,86,88,89,92,94,95,96,97,100,103,104,106,108,110,112,115,118,120,122,124,125,126,131,134,136,137,138,141,142,143,145,148,149 "92";
93 112 1 1,3,8,12,14,15,18,21,24,27,29,31,33,37,39,40,44,45,47,49,55,57,66,68,69,73,75,77,78,81,84,86,87,89,90,93,94,96,98,102,105,106,107,109,111,114,118,119,121,122,127,129,131,132,136,140,143,145,148,149,150,152 "93";
94 121 0 7,8,15,19,23,25,28,33,44,47,50,53,55,59,63,74,79,85,87,94,98,100,115,118,125,131,133,135,139,142,145 "94";
95 131 1 0,2,4,11,19,20,22,25,28,30,34,39,43,49,52,57,59,62,64,68,73,78,80,83,84,88,93,94,99,100,106,110,112,114,116,121,125,128,130,131,133,134,136,140,142,144,148,150 "95";
96 104 0 3,4,6,27,32,36,39,43,45,52,56,58,62,75,80,84,107,121,123,126,127,129,130,145,150,152 "96";
97 33 1 3,6,7,8,9,11,16,17,19,21,26,27,30,31,33,35,37,39,40,42,45,47,49,50,52,55,56,58,62,66,67,70,72,75,76,79,80,82,83,86,90,96,102,104,105,106,111,114,115,119,121,122,124,126,129,131,134,136,138,139,140,142,145,147,150,152 "97";
98 25 0 0,2,4,10,13,17,19,20,23,30,32,34,35,40,44,50,51,56,58,61,80,84,88,93,94,98,101,103,105,108,116,119,127,128,134,151 "98";
99 112 1 1,3,5,8,9,13,14,15,17,20,23,25,26,29,30,32,33,35,36,39,41,42,43,45,47,49,52,54,58,61,63,65,68,70,73,76,79,82,83,85,87,89,90,92,94,95,98,99,106,108,112,117,120,123,126,127,129,131,132,133,135,138,139,141,143,145,147,148,150,151 "99";
100 69 1 13,14,16,23,28,36,42,57,61,81,83,84,87,88,91,93,94,96,106,109,112,119,123,130,134,135,141,146,148 "100";
101 133 1 0,3,5,7,9,12,13,17,18,19,31,33,35,37,40,42,47,50,54,56,59,69,71,76,81,82,88,92,93,98,107,109,111,113,116,123,125,127,131,135,136,139,140,143,148,151 "101";
102 20 1 39,74,95,107,118,147 "102";
103 1 0 5,7,18,33,35,39,47,58,60,63,64,74,76,84,86,90,92,94,100,104,108,111,122,127,133,147,149 "103";
104 31 0 0,3,4,6,8,9,11,13,14,15,16,21,23,24,27,30,33,35,39,41,42,43,45,47,48,51,52,53,55,56,57,61,63,68,71,73,78,80,86,87,90,95,101,103,105,106,107,111,115,116,120,123,125,129,130,134,137,139,142,145,148,149,150 "104";
105 137 1 0,6,9,15,25,28,38,41,49,54,56,58,60,63,69,70,73,75,84,88,94,96,98,100,108,110,115,120,121,122,126 "105";
106 6 1 3,7,12,28,31,34,36,38,41,45,55,66,69,72,89,111,141,145 "106";
107 3 0 3,27,45,70,83,92,93,95,104,137,138,140,143 "107";
108 46 1 6,8,11,12,19,20,25,27,29,31,34,36,39,42,44,47,49,51,53,58,60,66,72,76,79,80,82,83,89,91,93,98,100,101,104,107,109,110,112,117,119,124,128,129,131,134,138,139,141,146 "108";
109 54 0 3,6,7,9,10,12,15,16,20,22,28,30,33,35,37,43,46,48,49,54,55,57,59,61,68,71,73,77,78,79,83,89,91,92,95,98,100,103,105,112,114,120,122,125,127,130,134,137,139,147,148 "109";
110 136 0 7,8,10,12,15,17,20,22,23,27,28,30,31,33,34,39,44,45,47,50,52,53,56,59,61,67,71,73,76,77,78,80,81,83,87,90,92,93,99,103,104,106,108,110,112,120,121,124,126,127,132,134,136,139,145,147,149,150 "110";
111 57 0 13,17,20,26,32,36,41,48,50,53,55,58,61,71,74,81,83,95,96,98,101,102,105,108,110,112,114,117,118,123,124,128,140,141,149 "111";
112 87 1 2,6,8,9,12,15,17,19,22,25,26,33,36,37,39,45,46,47,49,51,53,55,56,58,61,64,69,71,75,76,77,80,85,89,91,93,95,96,98,101,105,107,108,110,111,114,115,116,118,119,123,126,127,129,131,133,135,138,140,142,144,145,149,150,151 "112";
113 78 0 0,2,4,5,7,10,15,17,19,21,23,24,25,26,28,30,33,35,38,39,42,43,45,47,48,49,51,52,54,55,56,58,59,61,63,65,66,69,70,72,75,76,78,81,83,86,87,89,91,92,94,96,98,99,100,102,106,111,112,116,117,123,125,127,129,130,132,134,137,138,142,145,147,149,151,152 "113";
114 18 0 2,7,9,10,15,16,21,23,25,26,34,36,38,43,45,47,57,59,61,63,65,70,72,73,79,83,95,97,107,110,111,112,113,120,126,128,129,132,133,135,139,150 "114";
115 5 1 0,4,6,12,24,25,30,32,34,36,38,43,45,46,48,52,53,60,67,70,78,83,85,93,99,104,111,114,118,120,121,124,128,133,137,139,146,149,150 "115";
116 50 1 2,5,7,9,10,11,13,14,16,18,22,26,33,35,37,39,44,46,47,53,56,57,58,60,63,65,67,70,72,74,75,77,79,80,81,83,85,89,91,92,95,98,102,107,108,110,112,114,119,121,123,126,127,128,130,131,132,134,139,141,143,145,146,148,150,151 "116";
117 104 0 8,10,12,19,31,38,107,111,128,149 "117";
118 7 0 7,18,50,52,66,112,120,135 "118";
119 90 1 0,1,4,6,8,10,13,17,22,24,26,29,36,42,43,46,47,52,54,56,59,64,66,68,71,74,80,82,84,86,88,92,94,96,99,100,102,104,105,106,114,117,120,122,123,125,127,129,136,138,139,141,147 "119";
120 28 0 0,5,9,11,13,14,16,19,20,22,25,26,29,30,32,33,36,39,41,42,43,46,50,54,56,57,59,65,66,67,73,74,76,78,82,86,89,92,94,96,98,99,102,103,105,109,111,113,116,117,118,121,123,124,127,129,134,137,140,141,143,144,145,146,148,149,152 "120";
121 7 1 2,6,37,41,43,48,53,56,62,69,76,95,106,110,111,113,116,120,121,123,124,128,132,136,139,141,142 "121";
122 147 1 1,2,4,7,9,13,16,21,24,30,34,37,40,45,52,53,57,58,59,62,65,72,78,79,81,82,84,87,89,92,96,97,98,102,105,107,115,132,134,137,138,141,142,144,145,148 "122";
123 51 0 1,3,5,8,12,13,18,19,25,29,30,32,38,42,48,56,59,62,66,68,71,73,75,76,80,84,85,86,88,91,104,106,108,109,110,117,119,120,127,139,145,147,148,149 "123";
124 146 1 4,13,14,20,21,22,28,34,40,42,44,52,59,64,66,70,75,77,86,95,98,104,110,115,120,125,126,131,134,139,141,144 "124";
125 9 1 0,1,2,4,6,9,14,19,24,28,31,33,39,43,46,51,56,69,72,75,77,80,81,84,86,89,91,93,99,102,106,111,120,126,129,134,140,142,143,151 "125";
126 58 0 0,3,7,9,10,15,19,21,23,26,33,34,37,38,40,42,45,50,54,57,58,60,61,65,67,71,77,81,82,84,87,90,91,93,98,100,101,103,105,108,110,112,114,115,120,125,128,130,131,134,136,138,144,147,148,149,151 "126";
127 82 0 7,10,37,39,46,73,91,96,105,131,137 "127";
128 153 1 36,42,66,70,73,74,138,142,147 "128";
129 125 1 0,3,5,8,12,13,18,21,24,26,27,31,33,34,36,38,43,45,50,54,56,57,60,66,68,70,72,77,80,82,83,87,90,91,93,99,105,109,112,118,123,127,133,136,140,142,143,148,149,150,152 "129";
130 60 1 30,51,62,88,94,108,113,115,133,148 "130";
131 128 0 0,5,8,10,19,23,43,47,53,55,75,79,82,86,91,93,113,123,125,127,131,138,152 "131";
132 105 1 0,7,9,14,22,25,27,32,36,38,40,42,43,46,48,50,51,54,56,59,61,62,67,69,72,74,76,79,81,83,84,87,92,93,95,97,99,101,103,106,108,110,114,116,117,123,125,129,130,131,135,137,140,141,142,143,146,151,152 "132";
133 25 1 1,8,9,11,13,21,23,26,30,32,37,40,44,47,50,51,53,55,57,58,65,66,70,71,78,79,81,86,88,91,92,93,99,105,110,113,117,119,124,129,145,149,151 "133";
134 49 1 0,4,6,11,15,16,19,20,27,28,31,32,33,35,38,43,44,45,48,49,51,53,54,55,58,60,62,65,69,70,71,73,75,77,79,81,84,88,92,93,94,98,100,104,106,108,110,112,113,115,117,121,123,125,127,130,132,134,137,139,141,142,144,145,148,151 "134";
135 88 0 8,16,37,48,60,63,91,111,125,137,149 "135";
136 74 1 0,3,8,9,11,15,22,23,27,29,30,33,34,49,54,58,60,64,67,69,72,73,75,77,81,90,92,93,95,98,106,112,119,120,125,128,131,134,136,138,146,147,149 "136";
137 34 0 1,21,38,44,46,48,55,58,61,70,71,81,85,98,108,114,117,120,123,125,133,141,144,147 "137";
138 149 1 5,10,11,12,22,28,30,40,42,47,52,70,71,76,79,82,89,91,101,105,116,117,120,122,125,136,147 "138";
139 78 0 1,3,6,7,9,10,11,20,21,23,25,27,30,32,34,35,37,38,43,46,52,55,57,59,60,63,65,70,72,76,79,84,86,89,90,92,97,100,101,105,109,112,117,119,120,123,128,130,135,140,142,144,146,147,150,151 "139";
140 84 1 0,3,5,6,9,10,12,15,17,22,24,27,29,31,32,36,42,44,45,48,51,53,56,59,61,63,68,70,75,79,81,82,84,86,88,89,94,96,97,100,106,108,109,111,113,116,117,118,119,122,124,126,129,132,134,135,138,142,144,147,148,151 "140";
141 79 1 0,3,4,6,7,10,12,15,17,18,20,21,26,29,33,35,37,40,41,44,47,48,50,51,53,55,57,58,61,62,67,71,72,75,77,78,81,83,84,86,87,89,90,93,94,95,100,103,105,107,108,113,115,116,118,120,121,124,127,128,129,132,135,137,138,140,142,144,146,148,149,151 "141";
142 150 1 7,15,17,26,28,31,33,35,45,46,50,54,60,62,69,71,90,110,117,119,126,129,147,149,151 "142";
143 141 0 3,8,10,12,18,21,24,35,40,42,45,48,60,64,66,67,70,80,93,99,104,112,129,130,145 "143";
144 8 1 1,3,5,11,12,14,15,16,18,21,23,25,26,28,30,33,34,37,38,40,41,44,46,49,51,52,55,56,58,59,61,63,64,65,68,69,74,75,77,81,84,92,95,97,99,100,101,102,106,108,110,111,113,116,119,121,123,124,126,127,131,133,135,136,140,141,143,145,147,149,150,152 "144";
145 49 0 1,21,23,34,61,81,91,104,107,114,129,142,145 "145";
146 66 0 0,9,12,19,23,26,31,43,47,49,51,73,77,79,86,94,96,105,113,118,123,125,128,133,135,136,144,149 "146";
147 92 1 0,1,2,4,9,13,16,18,24,25,27,28,30,32,35,36,39,44,45,48,49,53,58,60,66,69,72,74,77,79,80,82,85,87,90,93,95,98,99,101,106,112,114,116,117,120,121,123,126,128,132,134,135,137,140,144,146,147,149,151 "147";
148 98 1 0,3,6,10,12,22,27,33,53,55,57,63,72,76,89,92,101,143,151 "148";
149 107 1 31,61,67,69,74,76,81,96,99,104,106,132,142 "149";
150 140 0 4,6,15,23,35,41,47,54,56,73,75,87,105,106,112,141,145 "150";
151 64 0 2,4,9,11,15,18,20,22,27,33,43,49,53,56,57,59,61,62,64,65,67,69,70,73,75,77,83,84,86,91,92,95,97,104,106,110,111,118,119,123,126,128,130,132,133,137,138,142,144,148,152 "151";
152 16 0 2,3,6,7,9,11,12,13,17,21,25,28,29,33,35,38,40,41,43,46,49,53,55,56,61,63,70,71,73,75,77,80,83,88,89,99,100,102,104,105,107,109,111,112,113,116,117,119,120,123,125,126,127,130,134,138,140,141,144,146,147,149,152 "152";
