parity 86;
0 33 0 1,4,5,8,10,11,14,16,22,25,28,33,36,38,47,52,55,59,60,61,63,67,70,72,73,76,78,82,83,85 "0";
1 31 1 0,5,9,13,15,16,19,24,28,29,32,39,41,45,49,50,52,58,65,67,72,75,76,86 "1";
2 19 0 4,6,11,17,24,26,28,30,32,37,42,43,47,51,55,58,60,64,69,70,72,74,76,78,80,86 "2";
3 74 1 1,5,19,23,27,28,32,35,42,47,50,64,73,80 "3";
4 65 0 7,11,19,28,71 "4";
5 74 1 1,3,4,7,8,9,12,15,16,25,28,34,36,43,46,48,50,56,59,61,65,70,74,76,78,81,83,85 "5";
6 67 1 14,23,31,39,52,57,59,65,67,72,83 "6";
7 60 0 1,3,8,17,21,26,28,31,34,38,51,58,59,60,63,66,74,75,77,79,80,82,84 "7";
8 75 0 3,4,6,9,11,12,14,16,17,18,20,24,26,28,30,36,38,40,41,42,44,51,55,56,57,60,62,64,67,68,71,72,74,76,77,79,80,83,84,86 "8";
9 18 1 82 "9";
10 51 1 2,3,6,8,10,14,15,23,29,31,33,34,35,39,40,49,57,63,67,68,71,79,81,85 "10";
11 12 0 0,11,12,17,23,46,48,51,60,63,64,67,70,75,77,79,82,84 "11";
12 58 1 1,4,6,7,14,15,17,18,20,24,26,28,30,31,34,35,36,37,41,44,45,46,47,48,50,51,56,58,60,63,64,66,67,69,71,73,75,76,80,82,83,85,86 "12";
13 29 1 0,1,3,4,6,17,23,24,26,28,30,31,34,35,36,41,42,43,44,46,48,50,51,54,56,61,63,64,68,70,71,74,75,76,77,80,81,83,86 "13";
14 42 0 0,3,8,11,12,17,20,21,22,25,32,35,37,43,45,50,55,58,61,70,72,74,79,82 "14";
15 64 0 0,2,18,24,30,40,66,78,86 "15";
16 0 1 2,23,24,30,41,56,74,82 "16";
17 39 1 1,2,5,13,20,23,25,28,29,34,35,39,43,45,46,48,54,58,65,69,76,77,81,82 "17";
18 32 1 2,5,10,13,15,16,19,29,30,34,44,49,57,62,65,68,71,72,76,83 "18";
19 31 1 0,2,4,5,7,9,11,17,19,20,24,26,34,36,37,39,40,41,43,44,45,47,49,54,65,66,67,68,74,76,77,79,82,86 "19";
20 82 1 23,41,47,74 "20";
21 85 1 5,19,23,30,40,41,49,57,60,70,75,83 "21";
22 8 1 3,7,15,25,27,31,34,36,39,49,53,56,58,59,63,66 "22";
23 21 1 15,20,24,29,34,62,68,74 "23";
24 68 1 0,2,3,6,7,8,11,13,18,21,26,30,31,32,33,35,38,39,40,44,46,48,50,52,54,56,57,58,61,62,65,66,67,68,70,73,77,79,81 "24";
25 80 0 0,12,14,19,27,36,40,45,53,67,68,72,73,76,86 "25";
26 77 1 1,3,4,5,8,10,17,31,37,38,39,47,51,52,55,57,59,61,69,72,75,76,78,82,86 "26";
27 81 0 0,1,5,6,8,9,10,12,15,17,21,22,24,25,27,29,31,34,35,37,38,40,42,43,44,46,48,50,55,56,57,58,60,62,64,67,69,72,74,77,79,80,83,86 "27";
28 68 0 1,10,11,21,23,35,36,44,50,53,60,75,78,79,82,86 "28";
29 42 0 77 "29";
30 47 1 1,2,4,7,9,10,13,16,18,25,27,28,30,32,34,35,36,38,40,42,44,46,49,50,53,56,57,59,62,64,65,68,71,73,75,79,83 "30";
31 47 1 2,3,5,8,9,11,13,14,16,18,20,21,23,25,28,30,32,33,35,37,44,47,49,50,51,53,54,57,58,62,63,65,66,68,70,71,74,75,78,82,83 "31";
32 4 1 0,2,26,40,49,51,77,83 "32";
33 81 0 48,80 "33";
34 25 1 30,47,74,81 "34";
35 25 0 1,3,5,9,11,13,21,23,25,26,28,35,37,40,44,45,47,57,59,61,65,66,70,74,75,76,78,82 "35";
36 16 1 1,2,3,4,8,10,12,15,18,19,22,24,26,27,29,31,33,34,35,37,38,40,43,44,48,50,51,53,54,56,59,62,63,66,68,71,73,74,76,79,81,84,86 "36";
37 14 0 38 "37";
38 53 1 1,13,17,22,30,31,34,45,50,56,66,67,73,77,78,84 "38";
39 58 1 2,6,9,10,15,17,20,27,28,29,31,34,36,39,41,42,43,44,46,50,51,52,54,56,58,59,62,70,74,76,81,82,83,86 "39";
40 17 1 1,5,14,23,24,30,33,36,47,52,60,64,73,76,77,80,86 "40";
41 1 1 1,40,47 "41";
42 14 0 0,8,14,15,17,21,36,41,46,49,51,60,62,71,73,75,81,84 "42";
43 80 1 1,4,8,9,23,26,28,32,38,40,43,46,50,58,65,70,71,72,82,83 "43";
44 43 0 4,6,11,30,35,39,54,67,69,78,84 "44";
45 41 1 11,16,18,30,35,37,39,46,53,59,67,70,71 "45";
46 58 1 0,2,3,5,6,7,10,12,16,19,20,23,25,28,31,34,35,39,41,42,44,46,48,51,52,55,56,59,61,63,64,67,69,75,77,78,80,81,83,84,86 "46";
47 7 1 6,8,20,26,36,39,43,50,57,58,67,72,75,81,86 "47";
48 7 0 4,12,14,27,31,33,38,44,50,78,82,84,85 "48";
49 74 1 1,8,16,26,29,31,34,41,45,49,61,63,79 "49";
50 22 1 2,15,48,68,84 "50";
51 9 1 1,9,13,15,17,19,24,32,44,52,56,57,65,66,68,71,74,75,76,83,85 "51";
52 70 0 10,19,34,39,55 "52";
53 28 0 23,68 "53";
54 7 1 0,3,4,6,7,10,15,16,18,23,28,30,33,34,36,40,46,52,54,55,60,63,64,65,68,70,75,77,80,81,83 "54";
55 83 0 1,4,10,14,16,17,23,27,33,35,38,40,45,57,64,79,81,83,85,86 "55";
56 76 0 2,19,23,26,46,48,52,59,62,65,66,71,77,83 "56";
57 2 1 8,13,67 "57";
58 58 0 1,3,4,5,7,8,11,14,15,16,19,23,24,27,29,30,32,33,36,38,40,43,47,48,50,52,53,56,57,58,60,61,62,65,66,68,69,70,71,76,78,81 "58";
59 41 0 2,4,5,7,8,10,12,13,15,17,20,23,25,26,29,31,40,42,44,46,47,48,54,56,59,60,62,65,68,69,72,74,77,78,79,83 "59";
60 79 0 0,3,7,13,19,25,26,41,44,48,52,53,57,59,62,81 "60";
61 37 1 3,19,22,31,38,46,52,57,71,74,78 "61";
62 33 0 0,1,4,5,7,9,10,12,13,21,23,24,25,27,28,30,31,33,35,37,39,42,44,46,47,48,51,54,55,56,59,60,62,63,66,68,70,73,74,76,78,82,85,86 "62";
63 41 0 6,39 "63";
64 6 1 5,7,9,12,14,17,19,20,21,27,33,35,39,41,43,48,49,51,53,57,60,63,65,70,71,74,77,78,80,82,84,86 "64";
65 82 0 0,1,4,5,10,13,16,18,19,20,21,25,26,33,35,38,40,41,43,46,49,52,57,58,69,71,74,76,83,84,86 "65";
66 7 0 4,13,21,42,52,57,78 "66";
67 67 1 0,1,3,6,9,10,12,13,16,19,20,22,24,25,28,30,33,34,37,38,40,44,46,48,49,51,52,58,59,61,62,64,65,66,68,69,71,74,78,81,83,86 "67";
68 53 1 4,12,17,18,24,27,32,37,52,54,56,61,62,65,67,70,73,84,86 "68";
69 19 1 2,4,13,16,20,29,31,32,40,44,50,52,58,61,68,77,84,85 "69";
70 74 1 0,1,3,4,7,8,12,14,15,16,19,25,26,29,30,32,34,36,38,41,44,47,48,51,53,54,56,59,62,63,64,66,68,70,72,75,77,79,82,84,86 "70";
71 20 0 1,9,11,17,24,27,33,37,54,58,72,82,86 "71";
72 51 0 5,6,9,12,14,15,19,22,26,28,30,33,35,36,37,44,46,47,56,59,61,62,64,65,75,83,85 "72";
73 69 1 0,2,4,5,6,7,9,12,14,18,19,21,22,27,29,32,37,39,42,43,45,46,50,52,53,55,57,59,63,71,73,75,79,81,84 "73";
74 23 1 1,4,6,8,10,11,12,14,17,18,22,27,35,39,41,46,49,53,59,61,63,65,67,69,70,81,84 "74";
75 14 1 47,52 "75";
76 19 1 0,1,7,10,12,13,16,18,20,22,24,28,31,33,34,40,43,44,46,49,51,54,59,60,61,63,64,67,69,70,72,73,77,79,80,85 "76";
77 19 0 8,16,17,38 "77";
78 48 1 2,3,4,7,9,10,11,14,16,17,19,21,23,24,25,26,27,29,32,34,36,37,41,43,45,50,52,53,55,56,59,64,69,74,78,80,81,85,86 "78";
79 80 1 21,54,61,64,65,73 "79";
80 26 0 4,7,8,10,13,15,18,20,21,23,24,25,27,29,31,32,34,35,38,39,40,44,45,47,48,54,55,56,58,60,62,64,65,67,70,73,74,76,80,81,84,86 "80";
81 69 0 5,6,8,12,13,16,18,21,24,34,36,37,39,44,46,51,53,55,57,71,75,85 "81";
82 51 0 2,5,8,12,17,21,22,25,26,32,35,39,42,43,46,47,48,50,55,57,64,80,85 "82";
83 1 1 3,10,24,25,32,57,74,80 "83";
84 9 0 13,22,24,27,30,39,41,45,47,49,51,53,56,58,60,62,64,67,69,70,73,81,83,86 "84";
85 3 0 0,2,3,8,9,16,17,19,20,23,26,27,29,31,32,34,35,37,38,39,42,43,45,47,48,50,51,54,55,57,59,61,63,64,68,70,72,73,75,78,80,83,86 "85";
86 44 1 6,7,11,18,21,23,29,34,37,40,47,51,53,59,61,64,71,75,82,85 "86";
