parity 123;
0 17 1 4,8,11,55,60,68,79,85,86,90,99,109,110,114,117 "0";
1 110 0 1,6,8,10,12,14,18,19,21,22,26,29,31,32,33,34,37,38,40,46,51,54,56,59,61,63,64,66,68,69,72,74,75,76,79,80,83,86,88,90,91,92,93,95,96,97,98,100,101,103,104,106,108,110,112,114,116,118,120,121,122,123 "1";
2 6 1 10,12,19,31,34,36,41,52,54,59,64,65,71,84,92,123 "2";
3 48 0 1,3,9,16,24,29,32,40,48,60,68,72,75,78,87,93,96,122 "3";
4 48 0 0,3,7,11,12,14,17,21,31,45,49,57,59,86,88,89,93,108,119,121 "4";
5 119 1 23,26,87 "5";
6 56 0 4,32,42,70,72,74,103,112,116 "6";
7 74 0 16,28,62,80,116 "7";
8 0 1 6,12,16,21,23,30,36,40,44,55,61,67,68,74,78,84,92,98,100,102,105,111,119,121 "8";
9 54 1 5,6,12,13,19,24,37,40,42,44,48,54,55,59,61,63,65,67,71,85,88,94,98,103,107,108,112,115,116,118,121 "9";
10 92 0 0,1,6,9,14,15,18,19,22,25,27,29,31,32,33,36,38,40,42,46,47,49,50,51,53,56,57,58,60,62,64,65,69,71,73,79,82,83,87,88,90,92,94,95,97,102,104,107,109,111,113,118,119,121,123 "10";
11 32 0 0,10,12,16,19,21,23,30,32,33,40,42,52,54,58,61,64,66,67,70,71,80,94,98,104,110,113,115,116,118,120,122 "11";
12 4 0 13,16,36,43,45,49,53,84,86,96,98,99,107,109,111,113,119,121 "12";
13 7 1 0,2,13,21,40,42,52,54,67,72,75,77,94,100,102,112,118,122 "13";
14 80 1 17,19,20,23,30,34,36,45,51,82,86,93,103,106,111,118,122 "14";
15 34 0 8,9,14,15,17,18,25,26,29,30,33,35,37,40,42,45,48,49,52,55,62,66,74,77,82,87,92,94,100,104,107,112,113,115 "15";
16 89 1 3,5,11,12,15,17,18,20,22,32,33,34,36,40,41,52,54,55,57,60,67,71,82,86,88,91,94,95,100,104,109,111,112,120,123 "16";
17 30 1 6,12,29,40,54,58,60,64,83,85,98,102,109 "17";
18 84 0 2,5,7,24,31,36,40,52,56,61,63,68,74,87,93,96,100,113,118,123 "18";
19 89 0 0,1,6,8,9,10,11,14,15,16,17,20,24,26,27,29,31,33,34,36,37,39,41,44,45,49,50,52,54,56,57,58,61,63,64,65,68,70,75,76,79,83,85,86,88,91,93,95,98,99,100,103,105,109,110,113,118,119,123 "19";
20 26 1 27,33,38,46,64,90,94,107,115,123 "20";
21 108 0 14,26,27,30,36,40,51,57,64,69,73,75,94,97,99,119,121 "21";
22 99 0 58,75 "22";
23 50 1 0,4,8,9,11,13,15,18,20,22,25,27,30,34,35,38,40,42,46,51,53,55,57,59,60,64,67,69,73,78,80,84,87,91,92,95,97,99,100,102,105,108,111,116,119 "23";
24 67 0 5,14,37,45,61,86 "24";
25 80 1 2,3,6,8,12,15,16,17,19,21,25,27,32,34,35,38,42,43,45,47,50,53,54,55,57,58,59,61,63,66,70,72,77,82,85,86,87,89,92,94,96,99,104,106,109,112,113,115,117,119,121,123 "25";
26 47 0 2,23,34,37,38,46,49,51,54,63,66,70,73,76,81,88,100,103,106,114,117,120 "26";
27 102 0 0,2,3,7,10,12,13,16,18,21,23,27,32,35,37,41,43,45,48,51,53,55,56,58,62,71,74,76,83,89,97,102,105,108,115,120,123 "27";
28 4 1 12,20,36,45,49,54,95,98,100,106,117 "28";
29 70 1 1,6,8,9,13,14,16,21,22,25,26,31,32,34,35,46,50,51,52,56,58,61,64,67,71,72,76,80,84,87,92,98,99,103,108,109,116,120,121,123 "29";
30 122 1 1,3,6,9,16,21,27,31,35,45,47,52,53,60,71,73,75,81,82,83,85,87,89,92,93,94,101,104,106,110,111,112,118,121 "30";
31 5 1 2,4,8,13,15,19,21,25,26,30,32,39,41,44,46,54,55,61,65,68,72,77,80,82,83,86,91,97,100,101,104,105,109,110,112,114,116,117,120,122 "31";
32 115 0 6,7,9,12,13,15,17,18,21,22,25,27,29,32,33,35,37,40,41,42,43,45,47,50,52,55,57,58,59,61,62,64,66,68,72,74,76,79,81,82,85,86,88,89,91,92,96,98,100,103,105,106,108,109,113,115,119,121,122 "32";
33 27 1 4,7,22,24,25,33,60,63,66,84,88,90,99,105,110,112,122 "33";
34 78 0 0,12,19,34,41,43,44,48,52,57,59,65,72,88,96,97,101,103,105,109,117,118,123 "34";
35 8 0 4,9,20,25,63,74,91,97,99,103,112 "35";
36 100 1 0,3,6,8,11,12,16,21,22,23,25,27,31,32,34,36,37,41,46,47,48,50,53,56,57,60,62,65,66,74,75,77,79,82,84,90,92,94,95,97,98,102,105,109,110,113,115,122,123 "36";
37 83 1 3,6,8,10,11,13,17,20,26,29,33,35,38,40,42,44,46,47,48,50,54,57,58,60,66,68,69,71,72,74,75,77,79,86,88,95,99,100,103,105,108,113,114,116,117,118,120,123 "37";
38 18 1 1,4,10,12,15,18,20,23,24,26,30,33,34,35,37,39,41,43,47,48,51,52,54,56,57,59,62,68,71,72,74,76,80,81,82,84,89,90,91,93,95,96,102,104,105,111,113,114,115,120,122 "38";
39 82 1 1,2,4,5,9,11,14,19,20,25,28,31,32,33,35,37,39,40,42,43,45,46,47,52,53,55,56,61,63,65,67,69,74,77,79,80,83,84,86,87,89,90,92,93,96,98,99,101,106,109,110,111,113,117,118,120,122 "39";
40 122 1 0,2,5,7,8,10,13,14,15,21,25,26,28,32,35,37,41,44,47,50,52,54,57,64,65,69,71,75,78,79,84,88,91,92,94,96,98,99,102,104,105,107,108,112,114,115,117,119,120 "40";
41 59 0 3,5,7,10,11,14,17,19,22,25,37,38,39,46,48,50,63,67,73,85,86,97,101,105,107,111,113,114,116,119,120 "41";
42 28 1 0,3,7,11,17,20,26,30,41,42,46,50,53,54,57,60,62,67,70,71,75,79,81,86,91,93,95,97,99,101,105,118,121,123 "42";
43 100 1 0,1,2,5,7,9,12,13,15,18,20,23,25,27,33,34,35,39,42,44,45,47,50,51,52,53,55,56,57,59,64,66,68,69,73,78,80,82,84,87,89,91,95,100,101,105,106,108,111,113,114,117,118,121 "43";
44 6 1 0,8,13,17,19,22,24,27,32,38,40,45,48,50,53,59,68,69,71,76,84,86,90,93,96,98,101,104,106,110,115,117,122,123 "44";
45 11 0 1,5,8,9,10,18,24,26,27,31,32,34,36,37,40,42,45,49,51,52,54,56,61,63,66,68,70,71,72,77,80,82,83,84,88,91,97,99,101,107,109,111,114,116,118,122,123 "45";
46 77 1 5,22,31,34,77 "46";
47 112 0 9,14,15,19,21,22,24,27,31,36,38,45,47,56,62,65,69,74,80,86,89,93,100,101,103,104,106,107,108,109,112,116,120 "47";
48 66 1 0,3,5,10,13,15,18,20,22,23,29,31,34,38,40,42,44,46,48,51,53,54,56,58,61,63,65,68,71,75,76,79,80,85,86,90,92,95,96,97,99,103,104,105,108,111,116,118,122,123 "48";
49 61 1 2,5,9,12,14,15,17,18,20,22,23,24,26,28,29,32,34,37,39,40,41,43,45,46,49,50,52,54,56,57,59,64,65,66,67,68,70,72,76,79,84,85,86,88,89,91,92,93,96,103,104,106,111,113,115,117,119,121,122 "49";
50 7 1 1,8,10,21,22,24,31,33,43,49,67,71,75,80,84,98,104,106,111,118,119 "50";
51 6 0 6,8,11,15,18,19,22,25,26,32,37,44,48,50,54,57,59,60,61,64,69,71,72,79,81,83,86,90,97,105,107,112,115,117,119,121 "51";
52 38 1 1,5,7,8,17,22,25,31,33,34,37,39,41,48,53,55,61,63,72,73,75,78,81,87,89,93,95,96,102,104,108,109,110,111,113,120 "52";
53 50 1 1,2,4,7,13,17,19,21,24,27,29,46,49,51,53,54,60,62,63,64,65,69,71,75,81,83,85,88,90,93,95,96,98,100,103,107,112,115,123 "53";
54 4 1 1,12,20,22,32,34,38,63,70,72,74,78,83,103,106,112,118 "54";
55 106 1 0,9,19,33,48,51,53,59,86,92,97,114,120,121 "55";
56 21 1 1,9,15,16,17,18,20,23,32,35,37,40,42,46,50,60,62,65,68,74,76,77,85,87,93,95,98,103,105,109,111,117,119,122,123 "56";
57 19 1 3,5,17,22,27,36,38,40,46,52,56,63,64,71,79,88,91,102,111,115,119,121 "57";
58 21 1 1,8,12,14,24,28,36,37,45,48,55,59,63,74,80,84,85,87,88,94,106,120 "58";
59 39 1 3,6,9,17,25,27,29,33,51,58,62,64,71,77,81,83,87,89,92,108,113,117 "59";
60 31 0 1,5,7,9,13,16,20,22,30,34,39,42,43,46,47,56,57,59,63,65,66,68,70,72,77,78,83,84,89,91,95,98,99,102,103,106,108,109,111,112,114,116,118,119,121,123 "60";
61 66 0 2,3,13,15,20,21,24,28,35,36,41,42,43,46,50,52,55,56,58,59,60,62,63,64,67,70,73,76,80,82,85,87,88,92,98,100,105,107,109,111,112,115,117,120,122,123 "61";
62 58 1 1,6,11,14,25,31,32,34,38,48,50,53,58,59,61,66,71,78,79,82,90,92,94,105,115,116,123 "62";
63 99 0 7,9,41,43,59,73,74,79,105,113 "63";
64 26 0 8,11,26,29,35,36,41,45,47,59,65,68,71,80,85,90,92,104,108,112,117,120 "64";
65 18 1 18,100 "65";
66 59 1 1,6,7,10,15,20,21,23,24,27,36,75,77,84,92,94,108,110,112,121,122 "66";
67 82 1 0,2,5,8,10,11,13,15,17,18,19,21,22,24,27,28,31,32,34,35,38,41,44,46,50,56,59,61,63,65,67,69,72,75,78,81,82,83,85,86,88,89,92,93,94,96,99,102,104,105,108,112,115,120,121 "67";
68 81 0 7,12,14,31,37,40,48,83 "68";
69 88 0 1,3,4,8,10,13,16,20,22,42,44,45,47,50,55,58,61,66,70,77,81,87,89,95,99,108,113,116,118 "69";
70 88 1 1,3,4,5,6,8,10,14,16,18,23,25,28,29,30,32,34,37,38,39,40,41,43,46,48,49,54,55,57,60,63,67,69,70,72,76,78,80,83,84,86,87,89,94,96,98,102,103,106,107,108,111,112,114,118,120,122 "70";
71 36 0 0,6,8,11,12,15,17,19,28,31,33,35,37,39,40,44,46,48,49,52,53,54,56,58,60,62,65,67,69,72,74,76,78,81,85,87,89,92,94,95,97,99,101,103,107,108,110,111,112,113,115,118,119,120 "71";
72 58 0 6,7,9,10,12,17,20,21,27,39,45,48,49,53,55,56,62,67,76,80,81,84,89,96,98,104,106,108,109,110,112,116,119,121 "72";
73 41 0 1,3,5,8,15,19,22,35,38,40,43,58,61,64,69,71,85,86,88,89,91,97,115,118 "73";
74 74 1 1,2,6,8,15,17,18,21,22,24,25,28,30,31,32,35,38,40,42,44,46,49,51,53,57,59,60,63,65,67,72,73,75,78,80,82,85,86,89,91,94,95,97,99,101,102,104,105,107,109,111,112,114,116,118,120 "74";
75 106 1 2,6,13,16,18,19,21,26,29,33,41,44,45,49,50,59,67,72,79,86,90,92,94,95,99,104,107,115,116,118,121,123 "75";
76 74 0 0,2,5,7,10,14,15,17,23,25,26,27,30,32,35,38,44,46,48,50,51,53,54,61,63,70,71,74,78,81,85,87,88,90,91,93,95,97,98,102,107,111,112,113,119,121,123 "76";
77 101 0 3,5,6,8,10,15,19,21,25,27,29,32,35,37,38,40,42,49,51,53,59,64,66,67,68,70,73,77,83,85,87,88,89,91,92,95,107,111,116,118,119,121,123 "77";
78 47 0 0,1,3,4,7,9,11,12,13,15,17,19,24,26,27,29,32,33,35,36,37,40,43,45,46,47,49,51,56,58,61,63,68,70,75,77,81,82,84,85,87,90,93,96,99,102,103,107,108,110,111,113,116,118,120,122,123 "78";
79 52 0 1,10,15,18,19,22,28,43,51,54,55,64,67,73,77,83,86,87,89,93,95,98,101,106,112,114,119,122 "79";
80 66 1 57,120 "80";
81 65 0 0,4,6,10,14,20,24,37,39,53,54,55,56,58,63,68,69,71,74,76,82,90,91,103,105,106,107,109,111,113,114,122 "81";
82 13 0 3,7,10,11,12,14,15,16,19,21,26,28,29,33,37,42,45,47,48,49,51,52,55,56,58,61,64,67,75,76,79,81,88,95,97,101,102,105,107,113,116 "82";
83 16 1 3,10,12,15,17,21,34,35,39,47,49,51,52,53,57,60,61,64,71,74,76,77,78,80,81,82,89,90,91,94,95,97,99,101,105,106,110,113,116,117,119,121,123 "83";
84 50 0 9,21,31,32,41,45,51,57,62,63,69,81,87,91,96,102,111,114,118,121 "84";
85 99 0 0,2,3,6,8,12,13,18,24,25,28,31,32,33,35,37,40,41,42,45,46,48,50,53,55,56,59,60,62,63,64,66,68,69,71,74,75,79,81,82,86,88,90,94,95,96,98,100,101,102,105,107,116,118,123 "85";
86 109 0 0,2,3,5,6,8,10,11,12,21,22,25,26,30,31,36,41,45,47,49,51,57,60,62,64,66,67,69,74,75,78,79,83,85,89,94,96,97,99,101,102,104,105,106,110,115,118,120,121 "86";
87 74 0 0,1,2,5,6,10,12,15,17,18,20,23,26,27,29,31,32,34,38,39,40,42,43,44,46,50,52,54,55,61,64,65,67,68,71,73,76,78,79,80,82,84,88,89,91,94,96,101,104,105,108,110,111,113,115,119,120,121,122,123 "87";
88 4 0 27,49,53 "88";
89 63 1 8,12,19,24,31,32,38,41,43,49,55,58,60,61,65,67,69,73,76,80,81,86,88,91,96,100,105,107,115,117,119 "89";
90 106 1 0,1,4,7,9,12,14,17,21,23,26,27,28,31,36,37,39,45,47,48,50,55,57,58,59,61,67,69,70,74,78,79,80,84,86,88,90,91,93,101,102,104,106,111,113,115,116,118 "90";
91 120 1 18,24,37,41,46,48,61,83,91,98,103,104,109 "91";
92 46 0 1,2,4,7,11,12,16,17,20,30,34,40,43,51,54,56,57,61,67,76,78,81,83,86,88,89,106,108,111 "92";
93 43 1 0,11,23,36,38,42,46,48,51,53,58,59,61,99,101,113,119 "93";
94 41 0 4,13,33,38,39,42,64,70,87,97,107,114,122 "94";
95 85 0 3,9,12,18,21,23,31,35,38,44,45,46,49,52,53,55,56,60,66,69,73,78,84,86,91,93,95,99,101,105,106,109,110,122 "95";
96 15 0 0,17,19,22,33,39,49,58,65,73,77,82,100,107 "96";
97 75 1 0,3,4,8,14,15,18,20,21,23,24,25,28,29,30,31,33,34,36,38,39,40,43,45,46,47,48,50,54,56,62,64,66,67,70,71,74,76,78,80,84,86,88,90,91,92,93,94,95,98,100,101,102,104,108,110,113,114,119,120,123 "97";
98 58 1 1,14,18,21,22,28,35,37,43,50,57,69,75,76,81,89,91,95,96,99,100,105,111,116,122 "98";
99 71 1 0,6,12,16,18,21,24,26,30,33,35,36,40,45,46,47,50,51,52,56,57,60,61,64,65,71,72,77,80,81,85,87,92,94,97,104,106,110,111,112,116,120,122 "99";
100 78 0 0,2,9,17,18,20,23,27,29,32,34,41,43,56,58,63,68,69,77,84,101,107,113,122 "100";
101 106 0 5,9,15,17,22,25,27,30,39,49,52,55,59,60,64,67,73,74,77,79,85,88,90,92,93,95,98,101,111,117 "101";
102 42 1 0,1,10,14,16,19,23,24,26,28,33,35,37,42,48,54,58,60,63,65,75,77,85,91,92,93,97,103,106,113,120 "102";
103 54 0 1,3,6,8,14,17,18,20,26,27,32,35,40,42,44,45,48,50,51,54,65,67,79,82,83,85,86,91,92,95,97,100,103,106,108,112,116,118,121,122 "103";
104 37 0 0,1,3,5,21,45,47,61,97,119 "104";
105 52 0 5,9,16,27,32,34,36,37,43,51,64,70,77,79,94,108,113,115,118,119,123 "105";
106 21 1 20,43 "106";
107 2 0 1,46,48,108,118 "107";
108 13 0 3,7,9,15,18,21,23,29,32,34,48,59,69,78,79,87,88,105 "108";
109 62 0 6,8,11,24,28,33,35,37,39,42,45,46,85,86,100,104,112,117 "109";
110 82 1 1,4,6,8,21,31,37,40,42,46,51,66,71,84,85,97,99,117,118,120 "110";
111 38 1 1,2,5,8,12,15,19,23,25,28,29,31,34,39,40,43,44,45,48,52,54,57,59,61,66,67,70,73,76,82,84,85,88,90,91,99,101,102,106,112,114,115,119,123 "111";
112 33 1 3,7,9,11,12,14,16,17,19,20,21,23,28,29,31,34,37,38,40,41,45,47,48,50,55,58,60,62,63,68,70,73,74,75,78,80,83,85,87,88,93,97,98,100,108,109,112,115,119 "112";
113 60 0 1,16,22,28,37,50,53,69,83,86,95,102,103,117 "113";
114 18 0 1,3,7,12,22,25,28,29,33,34,37,38,43,47,48,50,53,56,59,60,61,64,65,68,70,72,73,79,80,82,84,86,87,90,91,92,95,99,100,102,104,107,110,112,114,117,119 "114";
115 26 0 1,9,18,19,21,29,32,33,40,41,43,46,49,52,54,58,62,64,66,71,77,84,86,87,91,95,97,99,100,101,108,116,118 "115";
116 34 1 11,28,34,36,43,45,47,101,123 "116";
117 30 1 0,1,3,5,6,8,11,12,13,15,19,20,22,24,27,28,30,34,35,37,40,44,46,47,49,51,53,54,56,58,61,64,66,67,69,74,76,78,79,81,84,88,91,92,93,96,97,98,101,102,104,105,107,109,111,114,116,118,119,122 "117";
118 36 1 0,1,4,5,7,9,12,13,16,18,20,23,25,27,33,35,38,39,41,42,43,45,46,47,50,51,56,59,61,63,64,68,69,71,74,80,81,83,85,86,87,90,92,94,96,97,98,100,102,104,107,111,112,114,117,118,122 "118";
119 59 0 20,35,37,51,53,57,61,65,74,81,90,117,121 "119";
120 72 1 77,79,114 "120";
121 42 1 0,1,7,18,19,22,33,35,38,44,46,49,51,53,61,63,68,74,76,83,84,85,88,93,96,98,101,108,116,119,122 "121";
122 61 0 4,5,6,7,17,25,27,29,35,37,42,44,45,49,52,54,56,62,63,73,74,75,77,78,81,84,91,96,99,101,104,111,113,115,117 "122";
123 71 1 1,3,4,6,8,9,13,14,16,17,20,22,23,24,25,26,27,29,30,31,33,37,42,43,44,46,48,49,50,52,53,54,56,58,61,64,67,69,71,72,77,81,85,88,89,90,92,94,96,98,100,102,104,106,111,115,117,120,123 "123";
