parity 128;
0 4 0 15,19,31,93,95,108 "0";
1 33 1 0,5,13,19,28,30,34,38,40,45,48,55,59,66,72,81,83,99,102,106,108,113,115,119,120,123 "1";
2 76 0 0,10,12,14,18,27,28,32,38,43,46,47,49,53,54,57,58,68,71,74,80,83,89,91,94,100,103,106,108,110,113,116,118,122,124,126 "2";
3 119 1 12,14,29,45,47,50,75,108,120 "3";
4 59 1 0,1,2,4,7,9,10,13,20,21,23,25,26,28,34,35,37,42,44,46,49,51,53,54,56,57,60,64,66,68,73,75,77,78,80,81,84,86,89,92,93,94,98,99,101,106,107,109,110,112,113,114,115,118,120,121,123,124,127,128 "4";
5 100 1 0,1,2,5,7,9,12,13,19,21,24,25,27,28,32,35,37,38,39,42,43,45,47,49,51,54,55,57,60,62,64,67,68,69,71,74,76,78,80,81,84,87,88,91,93,95,97,98,102,105,106,108,109,111,113,114,117,119,120,121,124,127,128 "5";
6 49 0 4,7,18,19,21,26,30,39,44,50,57,59,62,65,69,71,75,78,82,100,102,106,109,114,121,124,127 "6";
7 9 1 0,3,7,10,14,17,18,19,28,29,31,33,35,39,40,42,43,49,52,54,55,57,59,62,65,66,67,71,72,73,76,77,78,79,83,84,89,91,93,95,96,98,102,103,109,113,114,121,122,123,125,126,128 "7";
8 91 1 6,7,14,16,17,20,22,30,33,35,37,41,49,51,59,69,75,80,82,92,95,97,102,104,105,108,111,115,119,122,123,125 "8";
9 69 0 0,3,6,7,9,14,19,21,26,31,38,40,42,49,60,62,68,70,73,75,78,80,83,88,92,95,96,98,100,103,106,110,117,123,124,126 "9";
10 99 1 1,4,11,13,14,21,28,30,32,36,41,43,44,46,48,50,51,57,58,61,62,64,66,69,72,74,83,87,91,94,99,100,104,106,109,119,121,123,125,128 "10";
11 97 1 9,21,29,33,43,44,46,49,56,57,62,86,92,100,101,112 "11";
12 19 0 0,2,5,7,10,11,12,13,16,17,19,20,22,23,25,26,31,32,34,36,38,39,40,41,44,48,50,53,54,56,58,59,60,64,69,71,73,75,77,78,80,84,92,94,96,97,98,100,106,108,110,111,114,117,118,119,120,123,125,128 "12";
13 79 1 10,14,29,31,32,33,37,67,69,70,74,77,85,86,89,96,98,101,108,115,116 "13";
14 69 1 0,2,3,4,7,10,11,15,16,18,20,23,24,26,27,31,33,34,36,38,39,42,44,46,48,49,51,52,53,55,58,59,61,64,67,69,73,74,75,77,79,85,86,93,95,97,98,99,101,102,104,108,109,111,112,115,118,119,120,121,123,125,126,128 "14";
15 47 0 13,18,21,26,34,38,64,68,83,85,89,94,97,118 "15";
16 116 1 1,8,15,24,27,31,34,36,45,48,50,52,60,63,65,67,69,71,73,77,85,86,88,90,91,101,102,106,107,114,115,116,119,121,125 "16";
17 49 0 0,1,4,8,9,10,12,13,15,16,19,22,24,27,30,31,35,40,42,45,47,48,51,53,62,63,65,67,69,77,78,83,84,86,89,93,96,99,102,104,106,107,110,113,114,116,118,119,123,124,126,128 "17";
18 94 1 0,10,16,37,42,46,51,75,76,107,119,126 "18";
19 53 1 8,10,16,26,27,30,32,37,39,44,46,47,49,51,60,61,64,69,77,81,85,89,96,106,107,110,117,119,121,128 "19";
20 98 0 6,36,90,92,103,112,114,124 "20";
21 62 1 1,9,15,18,20,28,29,35,38,39,41,44,48,51,59,63,68,70,76,80,82,93,97,98,99,101,103,109,111,115,117,121,123,124,126,128 "21";
22 127 0 1,3,7,9,11,14,18,19,20,29,30,32,35,36,37,40,43,48,49,54,58,59,65,66,67,71,73,75,77,80,82,84,88,90,92,94,96,97,99,102,106,109,110,111,114,115,118,122,123,125,127 "22";
23 80 0 1,3,8,15,17,18,29,41,55,58,60,61,66,68,72,76,81,88,89,90,91,92,98,101,104,106,108,110,112,117,120,124,128 "23";
24 69 1 25,38,41,43,48,49,51,52,54,60,65,70,76,87,91,92,94,98,109,113,117,119,126 "24";
25 72 0 6,7,8,11,13,14,16,18,20,23,24,27,29,31,35,37,44,45,48,51,54,57,58,59,61,66,69,70,73,78,79,86,87,88,90,94,95,97,102,104,105,107,111,112,113,118,121,125,126,128 "25";
26 61 0 1,3,5,8,10,15,16,19,22,28,29,31,32,35,40,41,42,44,46,49,51,55,56,59,61,64,67,71,77,80,81,86,87,89,90,93,98,99,101,103,105,107,111,112,115,117,123,125,128 "26";
27 7 1 3,9,10,20,21,28,30,32,36,43,44,48,49,52,56,59,65,68,70,72,76,79,84,87,89,90,92,95,97,101,109,113,117,121,123,124 "27";
28 37 1 0,2,5,6,7,8,11,13,14,16,18,24,28,29,31,32,34,38,43,46,52,54,59,66,67,71,74,76,79,81,82,86,87,91,93,98,102,106,107,109,111,113,114,116,121,123,126,128 "28";
29 124 0 0,4,5,7,9,11,12,13,17,18,20,22,23,24,26,28,32,34,38,41,43,44,46,48,51,52,55,59,63,67,69,72,74,75,76,77,81,82,84,85,87,89,90,92,94,98,99,103,106,109,112,115,117,118,120,123,124,125,127,128 "29";
30 49 0 18,39,64,69,71,72,76,94,99,100 "30";
31 60 0 2,4,5,12,15,21,28,29,32,37,39,43,48,57,60,62,66,68,75,81,83,84,88,94,98,102,104,111,122,124,125,128 "31";
32 101 1 0,2,5,6,8,9,10,12,14,15,17,18,19,21,22,26,27,29,30,31,32,34,35,37,39,42,44,48,50,52,53,55,57,58,60,64,66,67,70,78,79,80,82,83,88,92,93,94,98,100,104,108,109,111,116,118,119,120,122,124,125,127 "32";
33 39 1 1,28,42,77,82,90,114,118,119 "33";
34 19 1 0,2,4,9,11,12,16,17,18,20,22,24,25,31,32,33,37,38,41,48,51,52,54,55,57,67,73,75,76,78,84,86,89,90,94,95,97,101,112,113,115,118,120,122 "34";
35 0 1 2,20,50,52,61,66,73,97,99,116,128 "35";
36 63 1 1,3,6,9,10,13,15,19,21,23,24,25,29,30,33,35,38,39,40,41,43,45,47,48,50,52,54,57,59,61,62,63,65,67,69,70,73,74,75,77,78,79,84,87,90,93,94,95,98,99,100,102,105,108,110,113,114,117,118,119,121,122,124,126,127 "36";
37 29 0 6,11,16,29,38,43,53,69,73,85,98,108,111,115,124,125 "37";
38 12 0 2,4,5,11,16,20,23,28,30,36,37,38,40,45,49,52,55,62,74,75,78,85,90,92,99,100,101,102,108,109,113,117,123 "38";
39 39 0 15,20,32,35,44,58,63,79,87,91,94,97,111,116,118,128 "39";
40 52 0 2,4,22,41,48,50,52,60,63,84,92,103,106,107,110,118,120,125 "40";
41 124 0 0,6,10,12,14,21,24,27,31,36,39,42,43,45,47,50,52,59,62,64,68,70,74,79,82,86,87,92,95,98,99,101,102,105,107,111,113,116,120,124,126,127 "41";
42 79 0 1,4,5,7,8,9,12,14,16,17,19,20,21,23,24,26,27,30,31,32,35,36,39,41,43,45,48,49,61,62,65,67,68,70,71,72,74,77,80,82,83,85,87,88,89,91,94,96,98,99,101,103,104,107,110,111,113,114,117,118,120,121,123,125,128 "42";
43 114 0 21,25,40,46,53,59,61,78,87,90,101,110,119,122,127 "43";
44 8 1 17,21,34,60,68,76,77,79,109,122 "44";
45 55 0 0,2,3,6,8,10,12,14,15,17,22,27,28,30,33,34,37,39,42,44,45,50,55,59,61,62,64,65,69,71,73,75,77,78,81,84,85,87,88,91,93,96,98,101,106,109,112,113,115,119,120,122,124,125,128 "45";
46 91 1 1,19,22,27,34,88,92,96,107,110 "46";
47 105 0 20,89,103 "47";
48 80 0 14,17,19,22,36,39,41,46,53,55,57,69,95,97,98,104,105,109,113,122 "48";
49 129 0 2,16,20,23,38,50,65,103,109,111,116,121,128 "49";
50 108 0 47,62,71,73,87,112,119 "50";
51 56 1 1,11,12,15,23,28,34,36,46,58,64,72,80,115,128 "51";
52 22 0 2,15,17,19,21,27,32,34,36,38,39,46,48,51,61,74,76,94,95,106,117,119,122,126,127 "52";
53 89 1 1,5,8,9,13,19,21,23,24,28,30,33,35,37,39,41,45,49,51,52,57,58,62,67,68,74,78,84,85,89,91,92,94,95,98,99,101,103,107,109,117,120,127 "53";
54 9 0 0,2,7,11,13,14,15,17,18,20,22,23,25,27,28,29,36,37,39,44,45,48,50,51,53,57,59,60,61,68,70,76,77,78,79,81,85,86,88,89,92,95,98,100,104,108,112,116,118,122,123,126 "54";
55 41 0 59,65,72,79,80,124,127 "55";
56 74 1 1,3,8,20,23,25,31,35,38,41,43,53,57,73,74,76,78,81,83,87,94,102,103,114,119,127 "56";
57 3 0 0,3,9,13,14,16,18,20,21,23,28,30,32,35,36,37,39,41,43,45,46,51,52,53,56,57,58,60,62,63,64,66,67,70,71,72,74,77,80,81,85,87,88,89,91,93,94,95,99,103,104,105,107,109,113,115,116,117,118,120,121,122,123,126 "57";
58 72 1 0,7,78,84,99,115,121 "58";
59 61 0 0,1,3,9,11,16,20,21,26,29,33,38,46,50,51,52,58,62,64,65,68,75,77,78,80,85,87,92,94,95,101,104,106,108,111,117,122,125,127,128 "59";
60 80 0 0,1,3,4,6,9,11,13,14,15,17,18,20,21,24,26,30,32,33,34,36,37,42,44,46,55,57,62,63,65,68,71,72,74,75,77,78,80,82,83,85,87,90,92,94,96,98,99,101,102,107,109,110,113,115,118,119,121,122,125,127 "60";
61 86 1 12,13,20,25,27,45,54,57,59,74,81,90,92,98,100,102,107,116,119,128 "61";
62 40 1 0,2,5,9,10,13,15,20,23,24,27,32,39,42,44,45,46,52,53,54,59,60,62,66,68,70,72,75,77,78,79,83,85,87,95,98,100,103,104,105,107,109,111,112,115,117,120,121,124,126,128 "62";
63 1 0 2,5,8,10,12,13,15,17,21,23,26,28,29,33,36,39,42,44,45,50,51,57,59,60,62,65,68,70,74,79,83,87,89,90,92,95,97,98,99,100,103,104,106,109,110,111,115,119,120,122,123,125,127,128 "63";
64 80 0 1,3,5,6,10,12,13,16,21,23,24,26,30,31,34,35,39,43,44,49,52,54,57,60,61,64,66,67,71,72,74,75,76,77,81,84,89,91,93,94,96,99,105,108,109,112,117,118,120,124,126 "64";
65 15 0 0,17,30,35,44,47,57,72,76,79,88,104,123 "65";
66 26 1 0,4,9,13,15,19,23,37,40,51,60,65,72,77,79,82,85,93,97,103,104,111,113,117,123,124,126 "66";
67 77 0 13,15,19,22,24,25,36,38,42,46,55,59,60,63,67,68,70,74,82,90,92,95,109,111,115,118,120,121,124 "67";
68 81 0 0,2,8,15,18,20,22,23,38,41,47,54,56,58,61,63,65,77,81,87,90,93,96,100,107,116,120,123,126,128 "68";
69 60 1 0,1,3,4,5,6,8,10,11,13,15,17,18,20,21,23,30,36,39,40,44,46,48,49,55,61,65,67,70,71,74,75,77,78,81,84,85,87,89,96,99,100,102,105,106,108,110,111,113,117,119,122,124,125,127,128 "69";
70 2 0 3,7,8,11,13,15,17,19,20,22,23,26,29,30,31,34,35,38,40,41,43,46,50,51,52,53,56,57,59,62,63,65,68,69,70,72,74,79,81,83,85,87,89,91,93,95,98,99,102,103,105,106,108,109,112,115,118,121,122,123,128 "70";
71 80 0 0,18,27,36,38,49,50,53,55,70,72,99,103,114,119 "71";
72 104 1 3,5,18,20,21,25,34,37,42,48,49,58,65,69,80,87,90,97,110,117,121,125 "72";
73 4 0 1,9,11,18,25,35,50,54,55,59,61,62,64,68,72,95,101,107,122,124,125 "73";
74 0 0 0,1,5,7,8,12,14,20,22,26,28,29,31,33,34,36,38,40,42,43,45,46,49,51,52,54,55,56,58,59,60,64,67,69,70,73,74,76,77,80,81,82,84,86,91,94,96,97,99,101,103,104,105,108,112,114,115,116,119,120,124,126,127,128 "74";
75 66 1 38,58,66,87,105,111 "75";
76 17 1 2,4,7,8,11,13,14,20,22,23,27,30,31,34,36,38,41,42,45,48,49,50,52,53,60,61,63,65,66,68,69,75,78,79,83,84,86,91,93,97,99,101,103,111,115,117,120,123,125,127 "76";
77 29 0 0,3,5,8,11,15,16,18,22,30,32,33,34,36,37,39,43,47,49,56,72,82,84,86,88,89,97,98,101,106,110,112,113,118,121,124,127 "77";
78 100 1 0,3,7,8,10,11,15,17,18,19,22,23,25,27,30,33,35,36,39,40,46,49,50,51,53,55,57,59,60,62,63,64,70,74,75,76,78,81,82,83,87,88,91,93,94,97,98,103,108,116,118,122,125,126,128 "78";
79 127 1 8,13,35,61,63,76,77,111 "79";
80 50 1 1,3,4,6,10,11,13,15,17,20,21,22,23,26,27,28,31,33,34,37,39,41,48,49,52,54,55,56,57,59,61,64,67,72,73,75,76,79,80,81,83,84,86,87,88,90,92,95,98,100,104,107,111,114,115,117,119,122,127 "80";
81 19 1 2,10,12,19,26,36,40,41,43,54,62,79,83,89,94,97,102,104,108,113,116,118,119,123,126 "81";
82 12 0 2,6,10,27,36,39,56,60,65,68,72,87,99,108,112 "82";
83 68 0 6,23,26,34,53,57,61,85,91,111 "83";
84 46 0 0,3,4,11,13,16,19,21,23,24,27,30,34,36,37,39,41,42,44,46,49,51,53,57,58,60,65,68,70,73,76,78,80,84,86,87,88,91,94,96,99,101,105,106,109,112,115,118,119,125,126,128 "84";
85 61 1 2,9,13,23,25,31,45,49,55,58,63,70,72,74,91,93,95,96,98,107,109,111,113,123 "85";
86 126 0 2,6,8,20,26,27,32,36,42,47,53,56,67,80,83,86,92,95,105,112,128 "86";
87 22 1 0,2,5,6,8,9,18,20,23,25,27,31,35,37,41,53,58,61,64,69,71,73,74,76,78,80,84,88,99,100,102,106,110,114,118,120,121,122,124 "87";
88 23 0 0,7,13,22,24,25,30,34,36,52,63,66,76,78,85,98,101,114,118,123,126 "88";
89 22 1 0,6,13,15,25,29,48,51,62,64,73,89,95,99,107,117,125 "89";
90 19 0 1,3,5,7,9,14,17,18,22,23,25,28,30,32,34,36,40,41,42,44,50,52,54,56,58,59,62,63,65,69,71,75,81,83,84,85,88,90,91,92,94,95,97,98,101,102,103,105,108,110,112,113,115,118,120,122,123,126,128 "90";
91 69 0 0,3,7,13,60,100,110,122,124 "91";
92 4 1 0,2,4,5,7,8,10,12,14,16,19,21,23,27,28,30,31,33,35,37,38,40,41,45,51,53,54,56,59,61,65,67,69,70,71,73,75,78,81,83,86,87,90,91,93,95,98,103,105,107,109,110,112,114,117,118,120,123,124,126,128 "92";
93 112 1 5,7,10,11,13,19,21,23,24,28,30,32,36,39,40,42,45,47,48,49,54,57,59,64,65,67,74,76,78,83,85,87,89,91,94,99,101,105,111,117,121,123,124,125,128 "93";
94 61 0 0,2,4,11,15,20,22,24,25,27,31,33,36,37,38,40,44,48,53,56,57,59,62,63,64,65,68,70,72,74,77,79,81,86,94,95,96,102,104,105,107,109,113,115,116,118,119,121,123,126,128 "94";
95 119 0 35,40,44,48,64,82,84,93,101,114,118,121 "95";
96 37 0 2,3,9,16,22,25,30,32,35,36,38,43,45,49,51,62,63,69,72,79,82,88,91,93,96,98,105,112,117,120,122,124,128 "96";
97 44 1 1,4,7,11,13,18,25,30,32,35,36,45,46,48,52,55,56,58,62,65,70,73,77,79,80,82,88,89,90,95,96,97,101,105,107,109,113,114,117,123,125,126,128 "97";
98 86 0 4,6,16,30,36,39,48,50,52,71,82,86,87,89,106,108,110,113,115,119,122 "98";
99 79 0 0,3,5,6,8,10,11,13,14,15,18,20,22,23,25,26,27,28,31,37,39,41,43,45,51,54,56,60,63,65,67,68,70,75,78,79,81,84,86,87,89,92,93,95,96,98,99,101,102,104,105,107,108,109,110,113,118,120,121,123,125 "99";
100 33 0 0,1,3,5,6,7,9,10,11,12,14,16,22,24,26,28,33,34,35,37,38,40,41,42,44,47,49,50,52,54,56,58,59,60,63,66,67,69,73,75,77,79,81,82,88,90,92,95,97,99,100,103,105,112,114,115,117,118,119,124,126,127 "100";
101 112 0 0,4,6,9,19,26,30,35,36,41,51,53,69,70,77,87,90,97,100,106,112,114,115,117 "101";
102 103 1 0,4,6,8,10,12,14,15,17,20,21,22,24,25,27,28,30,32,33,35,38,40,42,43,44,45,46,50,51,52,54,56,58,60,62,65,66,67,69,71,72,74,75,79,82,85,87,97,98,101,108,111,112,115,116,118,119,122,123,124,128 "102";
103 117 1 1,3,4,5,8,9,11,12,13,14,16,23,24,25,28,29,31,33,35,36,37,41,44,46,50,51,54,56,57,62,64,65,67,71,74,77,78,81,83,85,87,88,92,94,95,97,99,101,102,105,109,112,115,117,119,121,124,126,127 "103";
104 101 1 5,7,17,18,27,42,48,54,56,61,62,68,70,71,73,75,77,82,84,92,98,101,110,116,125 "104";
105 91 1 0,1,3,4,5,8,10,12,17,19,24,25,28,29,31,32,33,34,35,37,38,41,42,43,45,48,49,50,53,56,58,60,61,62,63,66,69,71,72,75,76,77,80,82,84,88,89,91,93,95,97,99,100,102,103,105,107,109,112,114,115,117,119,121,124 "105";
106 79 1 0,4,7,9,13,16,18,20,24,27,37,43,47,48,52,54,57,59,66,68,78,79,86,92,99,104,107,109,119,120,121,124 "106";
107 67 1 0,4,15,18,21,25,32,46,47,54,59,67,80,84,93,96,109,117,125,126 "107";
108 109 1 7,19,32,34,38,46,48,51,60,72,75,80,81,83,86,103,110,114,118 "108";
109 9 0 0,9,15,22,33,37,39,42,46,49,58,70,72,75,76,79,82,88,98,107,110,113,116,118,124,126 "109";
110 32 1 1,3,6,8,10,11,14,15,18,19,20,21,22,24,27,31,34,37,40,42,44,46,49,50,53,58,61,64,66,67,70,72,77,81,83,84,86,87,89,91,95,98,100,105,106,108,109,111,113,114,116,119,120,126,128 "110";
111 80 1 1,3,5,6,8,9,12,13,14,19,20,26,28,30,32,34,36,37,38,40,49,51,53,58,60,63,66,68,71,89,91,97,99,101,112,116,120,121,122,124,126 "111";
112 113 1 3,4,13,15,27,34,36,38,42,46,50,55,58,59,62,67,71,76,79,92,94,97,98,103,111,120 "112";
113 31 0 8,16,18,27,28,54,58,60,64,69,73,75,80,88,98,109,120,124,126 "113";
114 123 0 0,1,3,9,10,15,20,28,36,37,43,46,50,55,57,62,64,73,76,79,86,89,90,92,93,94,96,98,100,102,108,112,114,116,117,120,123,126,128 "114";
115 129 1 0,2,22,26,38,48 "115";
116 119 1 16,18,21,36,85,93,100,126,127 "116";
117 60 0 4,8,9,10,19,22,25,35,40,41,48,50,56,58,62,67,71,73,75,82,84,88,91,94,95,99,102,105,114,118,123,125,127,128 "117";
118 52 1 3,9,15,16,21,23,25,27,34,37,41,47,50,67,69,78,79,92,95,98,103,104,107,108,114,118,120 "118";
119 129 1 1,6,8,9,14,17,22,23,25,26,29,35,37,41,44,47,49,56,57,61,63,68,71,74,75,77,81,83,86,87,88,90,94,96,106,107,109,113,117,118,119,123,124,127,128 "119";
120 33 1 31,46,85,96,101,104,125 "120";
121 103 0 3,9,16,29,30,35,36,42,44,50,71,72,81,88,90,95,103,107,112,122,125,127 "121";
122 105 1 30,41,45,53,61,74,86,97,102,106,116,122 "122";
123 54 0 4,9,17,31,33,46,51,53,59,60,73,79,82,86,88,93,105,107,116,119,124 "123";
124 127 1 0,1,5,8,9,12,16,19,20,22,23,26,28,32,33,34,37,39,41,42,43,44,46,47,50,54,56,57,58,60,61,62,63,65,69,70,72,73,76,77,80,81,83,86,88,89,93,94,95,96,98,100,101,102,104,106,110,111,116,121,123,124,125 "124";
125 47 0 11,12,17,18,27,30,32,34,38,46,55,56,58,61,63,83,86,90,91,93,98,99,122,124 "125";
126 111 0 1,2,5,6,8,11,13,19,25,27,31,32,34,36,41,43,45,51,53,57,59,60,66,68,73,75,76,78,79,83,85,86,90,93,95,97,110,113,114,116,119,122,125,126 "126";
127 56 1 23,36,69,82,83,95,99,101,116 "127";
128 55 1 1,3,7,12,23,29,34,54,56,59,61,62,65,69,79,96,106 "128";
