parity 50;
0 27 1 1,3,6,8,10,12,14,17,18,22,28,30,32,38,39,41,42,47,50 "0";
1 18 0 5,9,14,17,20,23,42,43,48 "1";
2 39 0 3,5,16,18,19,21,31,33,34,39,42,44,47,49 "2";
3 29 0 1,3,7,9,11,13,14,15,17,19,22,24,25,26,31,35,39,43,46,49 "3";
4 24 0 1,11,16,18,25,36,38,42,43,48,50 "4";
5 31 1 1,7,10,20,31,37 "5";
6 7 0 0,1,3,4,6,7,15,16,19,23,28,34,37,40,41,43,44,46,47,48 "6";
7 27 0 0,17,26,35,39 "7";
8 28 0 5,11,12,14,18,19,26,32,34,37,43 "8";
9 24 1 2,4,6,8,10,17,20,21,23,26,29,30,31,33,37,39,42,45,49 "9";
10 31 0 1,19,23,28,30,33,34,38,40,43,44,46 "10";
11 48 1 0,3,9,22,29,35,40,43,45,48,50 "11";
12 38 0 1,3,5,6,8,23,26,37,40,47,49,50 "12";
13 44 0 5,6,13,16,25,29,34,36,43,45,47,50 "13";
14 5 0 1,9,11,13,16,18,20,24,29,30,32,34,38,42,45,50 "14";
15 41 0 1,3,15,17,21,23,32,35,40,43,45,49 "15";
16 26 0 2,28,37 "16";
17 12 1 0,3,6,11,13,15,17,19,21,22,24,29,30,32,33,37,40,43,46,48,49,50 "17";
18 40 1 0,4,8,12,15,17,19,22,25,30,31,33,36,42,43,47 "18";
19 39 1 2,8,30,31 "19";
20 42 0 9,14,17,36,43 "20";
21 14 0 8,15,29,33 "21";
22 35 1 7,9,11,29,41 "22";
23 24 1 5,18,22,23,27,29,31 "23";
24 6 0 21,23,40,45 "24";
25 20 1 0 "25";
26 3 0 3,11,26,30,41,43,45 "26";
27 15 0 0,2,3,9,11,12,14,16,18,20,28,29,31,35,40,45,47,49 "27";
28 10 0 1,3,6,8,14,17,18,22,24,27,29,32,35,37,39,41,47,48 "28";
29 17 0 3,7,25,29,33,35,37,39,50 "29";
30 10 1 17,35,40,42 "30";
31 51 0 0,2,6,8,12,14,17,19,22,25,28,31,32,34,37,43,47,49,50 "31";
32 17 1 2,11,16,26,40,44 "32";
33 7 0 0,4,5,9,11,12,15,17,21,23,25,26,27,29,30,31,33,35,42,44,45,47,48 "33";
34 30 1 21,29,44 "34";
35 24 1 5,9,10,21,31,33,35,43,46 "35";
36 16 1 0,9,12,14,16,18,20,23,26,29,35,37,39,41,42,44,48,50 "36";
37 20 1 2,3,8,10,12,14,19,23,24,26,29,30,36,37,39,41,42,45 "37";
38 10 0 2,6,10,13,14,35,39,43,45,46,48,49 "38";
39 8 1 2,4,5,13,19,22,32,36,43,46,49,50 "39";
40 12 1 3,4,8,9,10,12,16,18,20,23,24,26,27,29,31,34,36,37,41,42,44,48,50 "40";
41 33 0 1,3,5,7,11,18,21,23,24,30,33,34,37,38,40,41 "41";
42 11 1 4,6,10,11,13,14,19,22,27,38,43 "42";
43 45 1 2,3,6,9,12,14,18,20,29,33,41,43,48,49,50 "43";
44 36 1 0,1,4,5,6,11,15,16,18,19,22,27,29,33,35,40,42,43,47,50 "44";
45 34 0 32 "45";
46 49 1 25,26,34,41,43,50 "46";
47 43 0 8,11,14,17,27,35,38 "47";
48 36 1 3,5,8,9,11,15,17,18,20,23,26,30,33,36,38,42,45,48,50 "48";
49 33 1 6,11,13,17,19,21,25,27,33,36,43,46,48 "49";
50 30 1 10,27,31 "50";
