parity 67;
0 17 1 4,14,18,27,39,46,48,52,53,56,60,62,66,67 "0";
1 12 0 0,8,28,36,47,52 "1";
2 59 1 18,26,57,63 "2";
3 26 0 2,9,16,24,30,60,64 "3";
4 0 1 0,3,6,9,11,13,14,15,16,19,21,22,28,29,32,33,34,36,38,39,40,43,45,47,51,52,54,56,57,58,60,63,64,67 "4";
5 24 1 1,11,45 "5";
6 31 0 0,6,8,15,17,24,27,29,34,47,53,55,60,63,67 "6";
7 20 1 1,3,6,9,12,13,15,17,18,20,23,24,26,28,29,33,34,37,38,40,42,43,45,46,51,54,55,58,60,64,66,67 "7";
8 48 0 0,4,5,13,15,18,19,20,22,26,27,29,30,33,36,38,39,42,48,49,53,54,55,57,62,64,66,67 "8";
9 1 0 5,12,33,43,45,46,50,54,66 "9";
10 61 0 0,2,3,4,6,7,9,10,12,14,16,18,20,21,23,25,27,29,31,32,35,38,42,44,51,53,59,63,66,67 "10";
11 51 1 4,8,14,16,19,20,22,26,29,30,32,36,40,51,57,62 "11";
12 36 0 4,7,10,12,14,15,26,46,47,59,65 "12";
13 17 1 5,14,17,19,23,26,31,36,42,45,46,48,50,56,62,65,67 "13";
14 0 1 2,4,5,6,7,15,17,19,21,24,26,27,31,35,39,43,47,50,52,54,55,58,59,60,67 "14";
15 58 0 6,7,24,32,51,64 "15";
16 61 1 0,5,6,8,9,11,15,24,26,30,34,39,41,44,46,50,51,52,54,56,57,58,60,62,64,67 "16";
17 47 0 30,35,63 "17";
18 31 0 1,6,10,12,19,24,25,38,48,52,55,59,64 "18";
19 35 1 4,8,14,16,17,20,28,30,32,44,52,54,64,66 "19";
20 50 0 1,3,4,5,7,8,14,15,17,19,22,25,26,28,31,33,34,35,37,38,39,40,42,45,48,50,52,54,56,58,59,60,63,65 "20";
21 0 1 0,5,7,9,12,15,25,29,41,45,48,51,55,59,65,66 "21";
22 32 0 2,3,6,9,11,15,16,18,22,23,25,26,27,29,37,39,42,52,53,54,58,60,63,64,65,66 "22";
23 26 1 1,3,6,9,10,12,13,15,17,23,27,30,31,33,34,37,38,41,45,50,58,64 "23";
24 45 1 0,6,8,9,11,24,31,35,39,42,44,45,53,60,63 "24";
25 51 1 2,4,5,8,10,11,14,15,18,21,23,24,25,26,29,31,34,36,37,39,41,43,44,45,48,52,54,55,58,60,61,63,65,67 "25";
26 5 1 31,44 "26";
27 46 1 0,3,5,9,12,14,15,16,19,20,24,38,52,64,67 "27";
28 8 0 0,1,5,7,9,12,14,24,27,28,30,32,36,37,39,44,48,50,51,53,55,57,59,65,67 "28";
29 2 1 1,4,5,7,10,13,15,27,30,36,39,41,42 "29";
30 32 1 0,4,10,11,13,18,19,20,23,38,50,54,55,61,64,66 "30";
31 34 1 52 "31";
32 26 0 2,6,8,10,11,13,14,15,16,18,20,22,27,28,32,34,36,37,39,41,44,45,47,49,50,55,57,60,64,65,66 "32";
33 8 0 0,2,6,13,19,23,27,28,29,31,35,39,44,45,55,61,64 "33";
34 48 1 2,9,11,15,22,30,31,32,36,44,46,51,64 "34";
35 46 0 3,13,31,41,50,53,58,60 "35";
36 56 0 5 "36";
37 18 0 16,31,38,63 "37";
38 14 1 0,3,5,17,18,20,22,24,28,30,31,34,39,45,48,49,50,53,57,62 "38";
39 36 1 6,10,30,33,37,58,62 "39";
40 5 1 48 "40";
41 45 0 5,10,11,15,16,20,21,23,26,29,35,37,39,41,44,45,47,48,52,53,55,59,62,65,67 "41";
42 11 0 0,4,5,7,11,16,20,26,35,38,39,48,51,54,56,59,62 "42";
43 45 0 3,7,14,18,29,46,56 "43";
44 64 1 0,1,2,5,7,9,11,12,13,14,16,17,19,20,22,23,25,28,30,32,33,36,39,43,44,48,50,51,52,53,55,59,62,65 "44";
45 34 0 1,3,5,8,9,11,17,19,20,21,26,27,29,31,32,33,35,43,44,46,49,51,53,54,55,57,58,59,62,63,65,66 "45";
46 41 1 3,7,16,20,37,42,48,54,55,57,59,64,67 "46";
47 51 1 0,4,5,6,8,11,13,14,17,19,21,26,31,32,35,38,40,43,45,46,48,49,52,55,59,61,63,64,66,67 "47";
48 32 1 0,1,3,5,9,10,12,18,19,24,28,30,31,33,36,40,43,44,47,48,50,57,59,61,67 "48";
49 66 1 8,23,47,51,55,56,63 "49";
50 13 1 1,3,10,12,14,16,17,22,26,28,30,32,34,36,39,41,42,43,47,49,51,54,55,59,64,66 "50";
51 3 1 1,10,12,14,16,20,22,26,28,31,34,35,37,39,43,46,51,54,59,66 "51";
52 6 1 47 "52";
53 40 1 0,2,4,6,7,13,15,16,18,21,23,29,34,35,38,41,43,47,49,52,54,57,61,62,65,67 "53";
54 40 1 2,4,5,7,9,11,12,15,19,21,27,28,32,35,36,37,41,43,45,46,52,53,55,58,61,62,65,66 "54";
55 41 0 2,4,6,9,12,16,17,20,22,28,31,34,37,40,41,43,49,51,54,59,64,67 "55";
56 8 0 1,3,6,13,15,17,20,24,27,30,31,38,40,46,49,51,55,56,58 "56";
57 45 0 0,2,4,10,15,17,20,24,27,28,35,40,44,46,52,58,59,62,63 "57";
58 23 1 0,1,3,4,10,11,14,15,19,23,25,27,30,31,34,36,38,43,46,49,51,54,56,58,61,63 "58";
59 6 1 58,61 "59";
60 4 1 0,1,3,5,6,9,10,12,13,14,16,22,24,26,29,32,34,36,37,39,40,44,45,48,51,54,55,58,59,62,65,66,67 "60";
61 68 0 7,11,12,14,18,20,27,28,37,39,45,47,49,52,57,61,67 "61";
62 49 0 8,12,18,30,32,37,42,47,50,53,55,58,60,67 "62";
63 20 0 10,13,19,35,41,44,47,51,55,58,62,66 "63";
64 31 1 6,11,14,18,24,27,31,40,44,46,48,54,59,62 "64";
65 26 0 0,7,13,15,25,27,32,34,45,47,50,60,61,66 "65";
66 49 0 3,5,6,8,10,12,14,19,20,21,22,23,25,26,28,31,33,35,36,37,39,40,43,44,48,50,53,57,58,59,61,63,66 "66";
67 45 0 2,3,4,6,12,20,27,39,46,64 "67";
