parity 72;
0 51 0 25,36,62 "0";
1 42 1 1,2,4,10,15,16,18,19,25,31,32,34,36,38,40,45,47,51,54,57,61,62,64,65,68,69,71 "1";
2 53 0 48,52,71 "2";
3 27 1 26,60 "3";
4 1 1 33 "4";
5 62 1 0,3,4,8,11,13,17,21,25,27,31,34,37,40,42,43,47,50,52,55,56,58,60,62,63,64,66,68,72 "5";
6 43 0 1,3,11,18,19,26,29,33,36,38,41,42,49,51,53,54,55,59,63,65,66,70 "6";
7 44 1 1,3,8,11,13,14,18,21,25,31,37,43,46,50,53 "7";
8 63 1 0,6,8,11,14,23,25,27,30,46,48,62,63 "8";
9 69 0 0,2,5,8,11,12,15,20,23,25,27,28,31,32,41,42,44,47,49,50,57,59,61,63,64,66,67,71 "9";
10 55 1 3,7,11,23,29,31,32,37,45,49,53,58,61,63,64,65,68 "10";
11 71 0 1,2,10,12,26,29,32,35,37,39,44,50,52,53,55,58,60,64,66,69,71,72 "11";
12 4 0 0,6,13,16,23,26,27,31,35,38,43,44,49,52,54,56,58,61,62,65,66,69,71 "12";
13 42 0 0,4,6,15,18,20,22,23,24,26,30,31,33,35,38,40,41,44,45,47,49,52,54,56,59,61,64,67,68,71 "13";
14 40 1 1,4,9,12,15,19,20,22,25,26,28,31,32,37,38,48,51,52,53,55,57,59,61,63,66,67,68,69,70,72 "14";
15 17 0 29,45,64,67 "15";
16 48 0 0,1,3,5,6,9,10,14,16,21,23,25,27,29,30,33,37,40,41,47,49,50,52,55,58,62,65,68,71,72 "16";
17 40 0 2,7,10,12,14,15,19,21,23,24,25,27,32,34,36,37,39,41,43,44,48,50,52,54,56,57,60,62,64,69,71 "17";
18 3 1 5,17,40,60 "18";
19 52 1 1,2,3,6,7,11,15,16,17,19,21,24,26,30,33,36,38,40,41,44,50,51,53,56,58,59,63,65,67,68,72 "19";
20 31 1 9,11,15,20,21,26,28,31,33,36,38,42,44,46,48,52,56,66,68 "20";
21 67 0 1,8,15,17,28,30,32,38,41,48,57,60,66,70 "21";
22 23 1 41,44 "22";
23 1 1 0,5,11,12,14,16,20,22,25,27,31,32,33,34,37,41,42,43,45,47,50,52,56,58,60,62,63,65,68,69,70,72 "23";
24 59 0 9,15,18,26,28,34,37,39,42,45,48,50,64,68,69,71 "24";
25 38 1 1,4,10,15,20,24,27,32,43,66,67 "25";
26 35 0 4,5,7,10,11,12,14,16,18,20,24,28,29,30,32,35,37,38,40,41,43,44,46,48,50,52,53,55,56,58,60,63,65,67,70,71,72 "26";
27 59 1 1,3,4,8,9,10,12,13,15,19,23,25,28,30,31,35,36,37,39,40,43,45,47,49,50,51,53,54,59,61,63,65,68,70,71,72 "27";
28 7 0 6,8,12,16,18,20,22,26,31,43,48,52,54,66,69 "28";
29 5 1 0,3,8,10,11,12,14,15,16,17,19,21,22,24,26,32,33,35,38,41,45,48,49,50,53,54,58,63,64,67,70 "29";
30 8 0 4,6,10,12,15,19,22,24,25,28,31,33,37,40,43,45,46,48,49,51,53,57,58,60,61,63,67,68,70,71,72 "30";
31 50 1 6,8,10,12,13,15,18,20,23,25,27,28,33,34,35,37,39,40,41,43,46,47,48,50,51,52,53,56,60,62,63,65,67,70,72 "31";
32 59 0 1,5,7,8,13,15,18,19,20,26,27,30,32,34,39,41,44,46,49,52,53,57,60,61,68,70 "32";
33 45 1 3,6,8,16,20,23,25,28,31,36,57,61 "33";
34 7 1 5,7,24,47,52,53,58,66,72 "34";
35 50 1 21,23,31,37,58,67,69 "35";
36 2 1 1,3,10,16,20,27,32,33,35,37,42,45,48,49,58,70,72 "36";
37 1 1 0,2,4,6,10,13,15,17,23,26,28,29,30,32,33,37,39,41,43,46,47,50,53,59,61,65,66,68,70,71,72 "37";
38 44 0 1,2,5,9,10,13,14,17,21,23,26,27,29,33,36,38,39,41,42,43,45,46,48,50,53,55,57,58,60,62,64,65,67,72 "38";
39 30 1 0,1,2,3,5,7,9,16,18,20,27,29,30,32,34,35,36,41,42,44,47,52,54,56,57,60,63,67,68,70,72 "39";
40 2 1 0,3,7,9,11,12,14,18,21,23,24,27,30,32,34,39,41,42,45,46,49,50,54,56,58,61,64,66,68,69,70,72 "40";
41 3 0 14,17,22,28,34,37,41,56,67 "41";
42 1 1 1,3,5,7,8,11,12,16,17,21,22,24,32,34,38,39,42,44,46,49,50,52,54,55,58,61,63,67,68,70,71,72 "42";
43 1 0 1,3,4,6,10,11,15,17,20,21,24,25,27,30,31,33,35,37,39,44,46,48,50,52,54,55,57,58,61,62,63,66,67,69,71 "43";
44 67 1 0,3,7,10,14,17,19,21,22,27,31,34,37,40,43,46,47,55,57,58,59,61,62,67,71 "44";
45 52 0 0,3,4,9,11,13,17,20,22,29,35,37,38,43,47,48,56,57,61 "45";
46 24 1 1 "46";
47 2 1 0,1,4,6,8,10,11,15,17,19,20,22,25,27,28,30,32,34,37,39,42,46,48,49,51,53,55,58,59,61,65,68,70,71 "47";
48 2 1 13,26,29,40,56 "48";
49 73 0 2,4,5,7,8,10,11,15,17,20,21,23,29,33,37,39,40,44,46,48,52,54,56,57,61,62,63,66,68,70,71,72 "49";
50 63 1 0,1,3,16,19,21,23,28,29,32,36,38,40,41,45,48,50,52,55,57,62,68,69,70 "50";
51 30 0 6,9,23,37,50,54,61,63 "51";
52 34 0 0,1,2,7,12,14,15,16,17,18,20,21,23,25,27,28,31,32,33,37,39,48,49,50,57,63,66,67,70 "52";
53 69 0 1,3,7,10,12,13,14,35,38,40,43,45,48,51,52,57,64,68,69,71 "53";
54 55 1 2,3,12,14,20,26,28,31,35,38,40,44,48,52,55,60,62,70,72 "54";
55 67 0 4,11,16,18,20,34,41,49,51,52,54,59,60,68,71 "55";
56 16 1 0,1,3,8,9,11,15,17,18,19,20,21,23,25,28,30,32,35,37,40,41,42,44,46,48,51,55,56,58,59,61,63,64,65,67,69,70 "56";
57 35 0 8,23,26,30,51,70,72 "57";
58 50 1 6,9,13,15,16,17,19,21,26,29,37,39,43,48,50,57,61,62,66,67 "58";
59 45 1 0,1,2,4,6,11,12,17,30,34,38,43,44,49,55,59,60,61,67,69 "59";
60 32 0 2,6,13,15,16,19,20,24,25,27,29,32,35,38,39,46,49,50,52,54,55,57,59,67 "60";
61 21 1 0,2,5,15,18,21,25,27,32,36,44,45,48,58,65 "61";
62 46 0 1,3,6,11,16,18,19,36,41,43,45,47,55,58,59,65,68,69 "62";
63 28 0 1,3,4,7,8,9,12,15,16,22,27,35,38,44,46,49,50,52,55,58,64,66,69,71 "63";
64 58 0 11,12,18,37,39,43,54,57,58 "64";
65 70 1 2,30,43,51,65 "65";
66 37 1 0,6,17,21,36,52,70,72 "66";
67 10 1 3,6,7,8,12,14,15,17,18,23,30,32,37,39,42,44,47,50,56,58,60,69,71,72 "67";
68 22 1 9,14,20,22,23,31,33,45,47,54,58,60,66 "68";
69 31 1 2,11,16,46,50,58,64,66,68,70 "69";
70 5 1 2,4,8,14,15,18,21,25,29,30,33,37,38,40,43,45,51,57,60,67,69,72 "70";
71 52 0 2,7,12,16,18,20,35,37,38,42,47,52,57,70 "71";
72 67 0 2,3,4,7,9,11,12,13,15,19,20,24,26,27,29,31,33,38,40,43,46,49,50,52,54,56,58,62,63,65,66,68,70,72 "72";
