parity 106;
0 35 0 0,2,4,7,9,12,20,22,25,27,28,31,33,35,39,41,44,45,47,49,51,53,55,58,61,65,66,69,72,73,76,81,89,91,93,96,101,105 "0";
1 5 0 0,3,5,6,8,10,12,15,18,20,23,24,25,31,37,38,42,43,47,48,49,51,53,54,61,64,65,67,70,72,73,74,76,83,86,89,90,93,95,105 "1";
2 57 1 0,2,5,6,8,9,11,13,15,17,18,22,24,26,28,30,31,32,34,36,38,40,43,45,47,49,51,52,53,55,56,57,60,63,64,65,66,69,72,73,75,77,81,82,89,91,92,95,96,98,101,105,106 "2";
3 68 1 1,10,19,21,23,26,31,34,44,49,53,55,59,67,74,77,80,82,95,100 "3";
4 73 1 2,8,9,17,19,22,23,35,40,43,52,59,62,73,74,76,104 "4";
5 95 1 0,7,9,15,18,19,21,23,26,30,33,37,38,39,42,46,47,49,55,58,62,64,66,68,69,72,75,77,79,80,84,85,89,92,93,96,97,100,102,104,106 "5";
6 13 1 0,1,3,5,6,8,9,10,12,14,18,20,22,24,31,35,38,43,44,46,51,53,56,57,59,67,70,76,78,80,83,85,88,89,90,93,95,100,101,102,105,106 "6";
7 35 0 59,63,80,88,93 "7";
8 11 0 0,4,9,11,13,14,16,23,25,26,28,35,47,51,52,55,57,58,61,63,66,70,73,77,81,84,86,87,88,92,93,95,103 "8";
9 58 1 1,5,11,12,15,16,19,22,32,34,38,40,41,43,44,45,47,52,57,60,63,64,71,78,80,81,82,93,102,103,105 "9";
10 106 1 0,3,4,5,7,8,9,10,12,13,16,18,24,26,30,31,35,37,39,41,45,47,51,52,54,56,58,59,60,64,68,69,71,75,77,80,81,84,87,92,93,95,97,98,99,101,103,104,106 "10";
11 54 0 0,1,2,5,8,9,11,12,15,18,20,23,25,27,32,36,37,40,41,43,45,48,49,53,55,56,58,60,61,62,66,68,72,74,76,78,81,82,84,87,90,91,97,98,99,101,103,105 "11";
12 77 0 4,10,12,13,16,19,24,28,30,31,33,37,38,40,51,61,62,66,69,72,78,82,84,94,99,100,103,106 "12";
13 8 1 0,2,5,6,9,10,11,12,14,15,17,18,20,22,23,24,26,27,31,33,38,39,41,42,44,45,48,50,53,57,58,59,61,62,65,67,69,71,75,76,77,79,81,83,85,88,90,91,94,97,99,101,103,105 "13";
14 85 0 26,51,62,75,87,102 "14";
15 38 1 2,3,5,8,9,13,15,17,18,21,22,25,28,30,31,32,37,40,42,44,46,49,50,53,56,57,59,61,62,66,67,69,73,74,75,77,78,79,81,83,84,85,86,88,89,91,93,97,100,102,103 "15";
16 36 1 2,6,12,16,23,33,36,38,43,45,50,55,58,65,68,71,75,78,81,90,92,98,104,105 "16";
17 32 0 0,1,4,8,10,12,13,14,18,20,22,26,27,29,31,32,34,35,37,39,45,48,51,52,55,56,58,59,62,63,64,66,68,69,70,72,75,79,81,84,87,89,90,92,93,95,98,99,101,106 "17";
18 12 0 3,4,5,7,9,11,13,14,19,21,24,28,29,32,37,40,44,47,50,51,54,58,59,60,63,65,67,69,71,73,75,78,80,85,87,89,90,94,97,101,104,105 "18";
19 98 0 4,5,9,14,15,30,31,36,38,43,67,71,77,80,90,100,103 "19";
20 5 0 10,13,22,24,27,40,42,51,56,58,61,66,69,73,77,84 "20";
21 15 1 0,1,7,10,12,14,17,19,21,22,24,26,28,29,31,34,36,38,40,41,42,48,51,56,57,62,64,66,68,71,72,73,76,77,81,83,85,89,90,94,97,98,100,104,105 "21";
22 44 0 1,2,4,7,10,11,17,20,23,28,29,31,33,34,49,50,52,59,65,76,79,82,83,85,87,89,90,91,94,95,101,102 "22";
23 28 0 11,30,43,53,60,61,76,84,90,103,104 "23";
24 104 0 1,7,12,13,19,22,28,29,34,36,38,43,44,59,67,69,79,93,95,101,103,104 "24";
25 3 1 0,1,4,6,7,9,12,14,15,17,19,21,23,25,30,32,33,34,37,38,41,43,44,47,48,50,53,54,56,58,60,63,65,68,72,80,83,84,87,92,97,99,100,101,103,105 "25";
26 100 1 1,6,8,14,17,18,20,23,24,25,27,28,30,32,33,35,36,37,40,43,44,51,52,55,57,58,63,66,68,69,73,74,77,79,80,85,87,88,90,92,96,98,101,102,104,106 "26";
27 57 1 6,8,15,19,20,23,30,32,44,46,52,57,61,62,63,72,76,79,80,82,86,89,95,100,101,103,104 "27";
28 76 1 15,20,22,47,56,63,69,87 "28";
29 53 1 14,47,52,65,66,68,78,82,85,93,105,106 "29";
30 95 1 2,8,9,11,13,14,17,22,27,29,31,32,37,40,42,47,55,58,61,63,68,70,71,72,75,79,83,85,86,91,93,96,98,100,106 "30";
31 34 1 0,2,5,6,8,10,12,14,15,16,19,20,22,23,24,25,32,36,40,45,47,48,52,53,55,58,60,61,65,67,68,70,77,79,80,82,83,84,85,87,90,92,95,97,98,100,103 "31";
32 36 1 1,2,7,9,14,15,21,22,24,25,26,31,33,35,37,42,44,45,47,49,52,55,57,60,61,63,65,67,69,71,73,78,81,83,85,87,92,95,97,99,101,104,106 "32";
33 22 0 0,3,4,9,11,14,17,22,24,26,27,31,33,38,40,41,43,44,49,51,54,55,57,63,64,65,76,78,83,84,86,88,92,95,97,98,99,101,103 "33";
34 48 0 0,5,6,8,13,16,22,24,26,28,29,34,36,40,43,44,46,47,50,51,55,56,57,58,62,64,66,67,71,73,74,76,78,80,83,85,87,88,91,94,97,100 "34";
35 13 0 9,14,15,22,25,29,40,43,48,52,54,62,68,70,80,82,84,88,94,99,103,104 "35";
36 47 1 0,1,3,5,8,10,12,15,17,19,21,22,25,30,32,34,35,36,39,41,43,44,45,49,50,57,58,59,62,64,65,67,68,71,74,75,76,78,81,82,86,87,88,89,90,93,95,100,102,103,106 "36";
37 24 0 2,5,8,14,19,22,23,26,28,32,37,43,53,55,57,62,65,66,82,84,90,93,94,97,103 "37";
38 106 1 12,35,57,71,84,89,102 "38";
39 84 0 26,48,105 "39";
40 24 0 2,3,14,25,27,41,54,63,64 "40";
41 18 0 3,5,7,9,17,21,30,36,37,42,46,48,55,56,58,62,65,66,68,74,77,78,90,92,101,103,105 "41";
42 92 0 1,2,3,9,10,12,13,17,19,22,25,27,29,31,33,34,38,43,44,47,49,51,53,55,58,59,64,66,69,70,72,74,75,78,81,82,86,90,92,94,96,98,100,101,103,104,106 "42";
43 31 1 1,4,10,18,22,23,27,34,35,39,41,43,46,51,55,58,61,63,65,68,71,75,77,79,82,83,85,87,90,93,94,100 "43";
44 47 0 6,8,13,15,23,27,28,32,41,43,44,46,47,50,51,53,55,56,59,60,64,68,75,78,82,87,99,104 "44";
45 2 1 1,6,20,23,25,27,28,32,34,44,45,51,55,56,58,61,65,66,69,71,88,100,101 "45";
46 88 0 0,2,10,12,15,18,19,20,23,26,27,29,30,34,37,40,42,47,48,52,54,55,57,59,61,62,65,66,69,73,75,76,80,82,83,84,88,90,91,94,95,96,98,99,101,103,105 "46";
47 38 1 0,3,4,5,7,9,10,12,13,14,17,19,20,22,23,25,26,27,29,30,32,33,37,40,43,46,50,52,53,55,56,58,61,63,64,66,68,69,75,77,79,81,83,85,88,92,99,102,104,106 "47";
48 20 0 0,1,4,7,10,13,16,18,21,22,25,27,28,30,31,34,35,39,42,44,50,53,56,58,61,63,66,71,73,74,78,79,80,81,83,86,88,89,93,95,97,100,103 "48";
49 85 0 1,3,4,6,10,14,17,18,23,37,40,46,50,55,59,61,64,65,68,70,72,74,75,77,80,83,84,89,91,93,94,101,106 "49";
50 76 1 0,17,19,21,26,28,31,32,37,38,41,42,44,47,54,58,63,65,68,70,72,73,75,79,81,87,88,96,97,101,103,105 "50";
51 34 1 1,3,6,7,15,16,17,19,24,25,26,28,30,31,32,34,35,38,40,41,43,48,53,56,57,59,60,62,64,66,67,69,71,72,74,75,77,79,80,82,83,84,86,89,90,93,95,96,98,99,102,104,105,106 "51";
52 30 0 1,3,6,8,9,15,17,20,21,26,27,30,35,40,50,53,56,61,63,64,67,69,75,79,81,87,89,90,92,94,96,99 "52";
53 84 0 23,41 "53";
54 97 0 1,3,10,11,14,15,16,22,26,30,32,35,36,39,42,45,47,48,51,58,64,67,68,70,74,76,77,80,84,86,90,91,94,95,98,103,105,106 "54";
55 20 1 0,4,7,10,13,18,19,20,22,25,29,31,32,38,40,43,44,46,48,49,51,52,53,55,57,58,61,63,66,70,73,75,76,80,81,82,83,84,86,88,91,94,95,97,98,102,103 "55";
56 11 0 2,9,10,16,20,22,23,26,28,31,35,38,43,45,47,50,52,53,57,60,64,66,68,69,78,88,89,91,94,96,99,100,103,104,106 "56";
57 34 0 1,3,19,21,22,27,29,35,42,44,49,58,60,62,64,66,67,71,75,81,87,91,93,94,105 "57";
58 0 0 4,7,10,13,15,16,20,22,27,30,32,34,36,39,40,41,43,45,47,50,52,54,57,60,66,69,70,72,76,78,83,85,89,92,95,96,99,101,103,104,106 "58";
59 89 0 0,2,5,7,13,20,22,29,30,32,39,42,44,48,54,56,63,67,85,88,90,92,93,95,96,100,102,105 "59";
60 93 1 0,2,3,4,6,7,8,12,13,14,18,20,22,25,27,29,31,34,36,38,40,41,46,48,51,52,54,55,58,60,61,63,67,74,75,77,78,80,81,84,87,88,89,91,93,96,97,99,100,102,104,105 "60";
61 97 0 0,6,11,13,20,23,25,31,32,36,40,52,54,61,62,72,77,84,86,87,96,99,100,102 "61";
62 106 0 1,2,4,6,8,10,11,14,22,24,28,29,32,34,35,38,42,43,46,47,50,53,55,59,62,68,69,73,76,77,82,83,86,88,89,94,95,99,100,105,106 "62";
63 17 1 0,2,4,15,18,20,22,24,27,28,30,31,33,36,45,46,51,52,54,57,58,60,63,65,69,71,72,75,82,83,85,87,88,89,91,93,99,102,104 "63";
64 83 0 10,11,25,58,70,91,94,98,101 "64";
65 84 1 11,94 "65";
66 77 0 0,3,5,8,9,11,16,25,30,32,35,37,41,45,46,47,51,60,61,66,68,69,72,74,76,82,84,87,90,91,94,100,104 "66";
67 84 0 8,10,12,50,60,106 "67";
68 106 0 0,4,5,8,12,14,16,18,20,24,30,32,34,35,43,44,50,52,55,59,62,66,70,71,75,77,79,86,97,99,103,106 "68";
69 106 0 8,9,11,17,22,23,27,29,31,33,35,38,40,42,46,47,49,50,53,55,60,62,64,67,70,71,73,74,75,76,84,87,91,96,98,101,102,103,106 "69";
70 27 1 0,2,3,5,8,10,12,14,16,17,19,21,22,23,25,26,28,30,32,35,37,39,41,42,44,49,50,51,53,55,57,59,63,66,69,70,74,75,77,79,82,86,87,89,91,92,96,99,101,105 "70";
71 82 1 6,49,66,71,93 "71";
72 97 0 4,8,10,13,15,16,22,24,25,28,29,32,35,42,45,54,60,61,68,70,72,74,81,87,88,101 "72";
73 77 0 10,20,22,29,46,48,54,59,87,94,104 "73";
74 63 0 1,4,5,9,13,17,18,27,30,32,34,37,39,40,43,45,46,52,53,54,56,57,59,61,62,65,67,68,69,71,73,75,77,81,84,85,88,90,91,93,94,96,97,100,102,106 "74";
75 2 1 2,7,9,21,23,26,32,36,38,42,51,53,61,63,65,69,71,73,82,86,88,90,96,97,104,106 "75";
76 37 0 8,15,18,21,34,49,51,55,64,65,72,80,100,102,105 "76";
77 56 0 0,5,6,7,9,17,19,20,25,31,32,35,39,41,43,46,49,51,54,59,64,65,69,71,73,81,82,83,85,89,94,97,101,103,106 "77";
78 73 1 4,5,8,10,11,12,14,15,20,21,24,26,28,29,30,32,34,36,39,42,45,49,50,52,56,58,59,61,63,66,67,72,74,75,77,79,80,82,84,85,89,93,94,96,98,100,101,103,105,106 "78";
79 12 1 11,19,24,29,35,36,38,40,45,48,50,57,64,66,68,70,76,78,82,90,93,95,97,103 "79";
80 102 1 0,2,20,21,22,26,28,29,38,46,47,48,52,54,57,58,59,64,68,69,73,78,79,86,101 "80";
81 20 1 3,12,15,31,35,41,44,48,53,54,69,71,84,97,99 "81";
82 59 1 12,22,41,46,48,66,72,85 "82";
83 67 0 0,3,6,10,11,12,13,15,16,17,18,20,23,25,26,28,30,32,34,40,42,45,48,51,52,53,57,60,62,64,65,68,70,72,75,77,79,82,85,86,87,88,91,94,96,98,100,101,104 "83";
84 43 1 0,2,3,5,8,11,12,15,16,18,20,21,22,23,24,25,26,28,29,31,32,35,36,39,41,45,48,50,52,55,56,60,63,64,69,71,73,74,76,78,81,83,85,87,91,92,94,95,97,99,103,105,106 "84";
85 37 0 11,17,26,28,30,33,49,50,58,61,66,74,81,82,86,96,103 "85";
86 0 0 2,4,6,8,9,11,12,13,15,17,19,20,23,25,28,31,32,37,41,42,43,45,49,51,54,57,58,60,63,64,67,68,71,77,79,81,84,86,91,92,95,96,98,106 "86";
87 71 0 44,56 "87";
88 3 1 5,7,8,9,10,12,13,17,18,19,21,22,26,27,29,31,38,40,42,43,48,50,53,55,56,58,60,62,63,65,66,67,68,71,72,75,77,80,82,83,85,87,89,91,95,96,101,102,104,106 "88";
89 48 0 0,1,5,7,8,9,11,13,14,16,19,21,24,26,30,33,34,37,38,43,49,51,55,56,58,61,64,67,70,75,76,79,81,85,86,90,92,93,95,99,101,104,106 "89";
90 15 0 2,8,11,21,23,27,30,32,42,45,50,53,56,60,63,65,71,72,89,93,95,103 "90";
91 61 1 3,14,23,35,38,41,47,54,55,62,72,79,90,99,101 "91";
92 56 0 1,16,17,19,64,78,81,92 "92";
93 50 1 3,5,6,10,21,26,30,32,33,39,42,44,51,52,57,58,68,70,72,73,75,81,86,88,92,95,97,102 "93";
94 6 1 0,1,4,8,15,19,20,24,25,26,29,30,32,33,35,36,41,43,44,45,48,51,52,56,60,63,64,66,69,71,76,79,83,85,86,88,91,93,94,97,98,100,101,102,104,106 "94";
95 15 1 0,1,2,5,7,9,10,13,14,15,17,19,24,28,30,33,37,38,40,42,45,47,48,54,58,60,61,62,63,65,70,72,73,79,81,83,85,88,90,91,93,95,98,100,101,105 "95";
96 57 0 0,2,6,12,16,17,20,21,27,29,30,32,34,37,40,44,45,50,52,56,59,64,68,69,70,72,73,80,82,91,94,96,99,100,103,104 "96";
97 40 0 0,5,6,10,14,16,20,22,24,29,32,33,39,42,43,44,45,47,48,50,56,57,58,59,62,65,66,68,70,72,73,75,76,80,81,82,86,89,90,92,93,94,97,98,100,102,106 "97";
98 34 1 5,38,58,90,99,104 "98";
99 25 0 5,7,17,24,28,31,35,38,42,44,51,65,69,74,82,83,85,87,90,92,96,99,100,101,104 "99";
100 33 0 13,15,33,34,43,45,57,58,64,81,86,93,96,99,102,103,106 "100";
101 6 1 4,17,19,23,27,37,42,55 "101";
102 2 0 0,1,13,14,27,33,38,40,42,52,56,61,72,74,76,81,88,90,93,98,103,106 "102";
103 86 0 3,7,10,11,12,19,22,31,33,35,42,43,46,48,49,53,59,65,72,74,75,78,80,83,95,99,101,106 "103";
104 68 0 1,3,4,6,7,8,12,14,17,18,19,22,24,25,30,31,32,36,37,39,43,46,47,50,52,54,57,58,61,62,68,72,76,77,79,82,83,85,89,90,93,94,98,100,102,106 "104";
105 90 1 4,7,13,18,48,59,65,80,98,103,105 "105";
106 56 0 0,1,3,8,11,12,15,18,19,21,22,24,27,29,32,33,34,38,42,44,47,52,55,58,59,61,62,63,64,65,67,68,71,72,73,75,77,78,81,84,87,89,91,94,96,97,100,103,105 "106";
