parity 62;
0 44 1 1,7,10,14,20,35,44,45,51,57,60 "0";
1 14 0 19 "1";
2 31 0 0,2,5,13,19,25,29,30,34,37,40,42,46,47,52,59 "2";
3 2 0 5,9,11,12,19,23,28,31,35,39,41,43,47,48,51,52,60,62 "3";
4 44 1 0,1,2,4,6,8,9,11,15,19,21,23,25,26,29,30,32,33,36,38,40,47,48,57,58,61 "4";
5 21 1 11,16,42 "5";
6 1 0 0,2,4,5,7,9,11,12,13,15,18,19,21,23,27,28,30,31,33,34,36,37,41,43,45,47,51,53,55,58,60 "6";
7 58 1 1,6,10,13,15,17,23,24,28,31,32,35,37,40,42,44,47,48,51,55,58,60 "7";
8 24 0 0,3,4,6,8,12,15,16,18,19,23,25,26,28,36,37,40,45,47,49,50,52,54,55,59,61,62 "8";
9 31 1 0,3,15,19,21,31,45,59 "9";
10 37 0 0,2,4,6,7,10,11,13,15,17,20,21,25,27,28,30,36,37,39,41,43,45,47,50,55,59 "10";
11 39 0 0,1,3,4,10,11,13,15,16,18,20,23,26,30,32,34,36,38,39,42,43,45,46,48,49,51,53,55,56,58,60,61 "11";
12 15 0 37,60 "12";
13 24 0 6,9,13,31,34,57,59 "13";
14 6 1 9,17,28,32,57,59 "14";
15 33 1 3,5,9,11,12,16,18,22,24,28,29,32,37,38,39,43,44,48,50,56,59 "15";
16 59 0 4,7,11,16,18,22,26,30,40,45,47,48,51,59 "16";
17 60 1 0,2,4,11,13,15,17,19,22,23,25,27,29,31,32,33,35,38,43,45,46,51,55,56,57,60 "17";
18 51 0 1,3,5,11,12,13,19,28,34,52,55,57,59 "18";
19 9 0 4,18,19,26,27,29,30,31,34,37,40,41,43,46,51,54,58,59,61 "19";
20 32 1 0,4,7,10,15,36,44,48,50,52,62 "20";
21 17 1 6,13,36,37,38,43,45,49,53,55,57,59 "21";
22 2 1 35,50 "22";
23 12 1 0,1,7,9,12,14,15,17,19,20,22,24,26,28,30,32,33,35,38,39,40,43,44,45,48,49,51,52,53,56,59,61 "23";
24 1 1 1,7,9,10,13,26,29,33,35,43,49,51,53 "24";
25 55 1 0,3,5,6,7,10,12,14,15,17,19,20,21,24,26,31,34,35,36,39,42,43,45,46,50,51,53,55,57,62 "25";
26 3 1 28 "26";
27 51 0 2,4,6,8,10,11,13,15,24,25,27,30,33,37,39,40,45,47,51,56,58,59,60 "27";
28 55 1 1,2,3,6,7,10,12,14,21,23,25,26,31,34,36,41,44,45,47,52,53,56,58,60 "28";
29 34 1 25,27,28,34,38 "29";
30 2 0 0,4,7,8,13,18,21,24,28,29,30,32,34,36,37,39,42,43,46,47,49,50,51,55,56,59,61,62 "30";
31 35 1 5,24,36,40,43,54 "31";
32 15 0 0,1,5,6,9,11,12,15,17,20,21,24,26,30,31,33,34,35,37,44,45,46,47,49,51,52,53,55,56,62 "32";
33 14 0 0,3,5,6,8,15,17,18,19,20,22,23,24,25,27,29,30,32,36,39,41,43,47,49,50,52,56,57,58,60,61,62 "33";
34 0 1 1,3,4,5,8,10,15,18,21,23,24,26,28,31,36,38,39,40,44,45,47,48,49,50,52,54,55,61 "34";
35 45 0 6,7,12,13,15,21,30,36,45,46,48,55,57 "35";
36 51 0 1,2,4,8,11,14,15,18,21,22,26,27,28,30,32,33,34,36,39,43,45,47,49,54,58,59,62 "36";
37 2 0 13,23,33,45 "37";
38 56 0 1,11,12,15,17,19,27,29,33,37,40,46,50,52,54,55,57,60 "38";
39 50 1 15,39,47,57 "39";
40 21 1 0,2,3,5,6,7,9,10,12,15,16,18,19,23,28,29,32,35,38,42,46,48,50,52,53,56,60,62 "40";
41 48 0 0,4,6,7,10,11,13,16,17,21,24,26,29,30,33,40,41,44,46,48,49,52,55,58 "41";
42 48 0 1,2,3,5,12,15,17,19,21,26,28,32,34,40,44,46,48,52,54,57,59,61,62 "42";
43 18 0 0,2,4,6,10,12,15,16,20,25,27,28,29,30,31,32,35,37,40,43,44,48,49,51,53,55,57,59,60 "43";
44 22 0 9,19,22,32,37,44,45,52,55,59 "44";
45 10 0 9,11,12,15,21,23,30,31,35,36,40,42,49,55,57,59,60 "45";
46 20 1 0,6,8,9,12,15,17,19,21,22,25,27,30,32,36,38,42,43,46,50,52,54,55,57 "46";
47 24 0 0,1,5,8,9,12,14,15,20,21,23,25,26,30,32,34,38,39,41,42,44,48,51,52,54,55,57,59,60,61,62 "47";
48 47 1 1,2,9,10,15,16,17,20,21,24,26,27,29,30,33,35,37,45,50,51,54,55,56,59,60,62 "48";
49 12 1 0,4,5,8,9,12,15,16,21,26,27,29,31,33,35,37,38,39,41,44,46,47,53,58,60,61,62 "49";
50 58 1 4,15,19,20,21,32,36,40,44,47,54,59 "50";
51 53 1 2,17,24,39,41,55 "51";
52 56 0 0,1,6,8,10,11,14,15,17,18,21,24,26,27,29,31,32,33,34,36,38,45,47,49,52,54,56,58,59,61 "52";
53 5 1 0,1,4,11,12,14,22,25,26,29,31,34,37,40,42,43,44,45,47,49,53,57,58,60,61 "53";
54 10 0 0,1,3,5,8,9,11,12,16,18,19,23,24,26,27,28,30,32,33,34,35,36,39,42,44,47,48,50,52,58,60,61 "54";
55 1 0 9,21,26,29,35,42,43,45,49,54,56,57 "55";
56 12 0 1,3,4,6,7,10,12,15,18,20,23,27,29,30,32,35,37,40,43,47,48,51,52,57,58,60 "56";
57 9 1 2,14,19,27,30,34,36,39,42,44,48,52 "57";
58 36 0 5,6,10,18,22,23,26,28,32,36,38,44,47,52,54,57,61,62 "58";
59 14 0 0,3,4,7,8,9,11,15,16,17,22,23,25,26,27,29,34,36,38,39,43,44,46,48,51,54,55,57,59,60,61,62 "59";
60 2 0 11,15,19,31,36,38,46,51,56,59 "60";
61 44 0 1,5,25,31,39,42,49,57,59 "61";
62 5 0 0,8,9,13,17,22,25,30,32,33,36,38,42,49,52,57 "62";
