parity 137;
0 117 1 0,4,7,10,11,13,19,22,23,27,28,32,37,39,40,43,46,51,53,54,56,63,64,66,67,70,73,77,80,82,85,87,89,91,94,96,98,99,101,104,106,109,112,113,114,115,118,122,123,125,133,137 "0";
1 125 0 0,2,4,9,17,22,23,25,29,35,38,47,50,51,56,64,66,67,71,72,74,75,77,80,88,89,91,105,109,116,119,128,132,134 "1";
2 52 0 6,62,92,93,113,121 "2";
3 9 1 1,5,7,9,11,13,15,16,17,19,21,23,24,25,27,29,30,32,33,34,37,40,41,43,46,51,52,53,58,60,62,64,66,67,72,73,76,77,78,80,81,85,86,88,89,91,93,94,96,101,104,105,106,108,110,115,116,119,121,122,124,126,127,131,133,134,135,137 "3";
4 119 0 0,1,3,5,7,8,10,13,16,18,19,21,23,24,28,32,36,40,41,42,43,47,49,50,51,53,55,60,63,64,66,68,69,70,73,75,77,79,80,84,85,87,90,91,98,100,101,105,106,108,110,114,116,118,119,120,121,124,126,129,133,136,137 "4";
5 109 1 3,5,20,23,25,36,44,47,54,63,64,70,85,86,97,99,101,104,106,107,109,118,122,132 "5";
6 84 0 104,113,118,129 "6";
7 34 0 27,30,32,38,42,49,52,54,56,60,62,71,79,81,84,90,101,104,126,132 "7";
8 56 0 0,2,4,6,7,10,12,14,17,18,19,21,23,25,27,29,30,32,35,37,38,42,44,45,48,49,51,52,53,54,56,59,60,66,67,74,77,79,80,81,82,84,86,88,91,93,96,98,100,102,103,106,108,111,112,114,117,121,123,125,127,130,131,135,136,137 "8";
9 94 1 1,2,5,6,13,14,15,18,19,21,23,25,27,29,32,33,36,37,39,42,43,46,47,50,53,56,58,60,62,67,69,72,76,77,86,88,92,96,99,103,105,107,111,114,117,121,122,124,125,129,131,133,137 "9";
10 118 0 20,31,44,55,63,64,80,92,99 "10";
11 35 1 1,5,8,9,12,13,17,18,20,27,28,33,34,37,39,49,52,56,59,63,64,65,68,70,72,73,78,80,82,84,87,89,91,92,95,97,98,100,102,104,106,107,108,110,112,115,117,119,124,125,128,130 "11";
12 79 0 9,11,13,19,23,25,27,28,35,41,48,49,51,55,57,59,62,79,81,83,85,87,88,92,95,100,102,104,112,114,117,118,123,125,128,130,132,133 "12";
13 44 0 0,2,3,5,6,9,10,12,14,16,18,19,22,24,26,28,29,31,33,35,37,42,44,46,47,53,56,59,65,66,76,81,84,90,91,93,96,106,108,109,111,112,114,117,121,123,125,126,130,132,134,137 "13";
14 16 0 8,9,14,21,28,30,32,36,43,49,52,58,62,70,72,73,76,82,86,95,96,98,103,105,106,109,119,123,125,129,130,135,137 "14";
15 98 1 0,2,4,6,11,14,17,22,23,31,38,39,49,53,54,55,56,59,65,69,76,80,82,87,89,90,92,93,100,102,109,114,123,127,128,131,134 "15";
16 47 1 7,8,10,12,13,17,19,21,23,30,32,38,51,52,55,56,65,67,70,71,76,80,97,100,108,109,114,120,126,132,134,136 "16";
17 116 1 4,7,35,41,46,54,57,72,77,79,86,94,103,104,109,118,120,127 "17";
18 47 0 0,2,4,7,11,12,13,14,16,18,19,22,26,31,33,34,35,42,44,46,48,50,53,54,56,59,60,62,67,68,71,73,79,83,85,86,87,89,91,94,95,96,97,99,103,104,107,109,111,113,115,117,121,125,127,130,133,136 "18";
19 18 1 3,11,26,28,34,35,43,46,49,58,60,65,67,75,78,85,89,91,92,98,109,111,113,119,134,136 "19";
20 72 0 7,12,16,18,20,29,37,42,45,50,54,55,61,63,72,77,79,84,86,92,97,99,102,106,110,115,116,118,121,123,125,127,131,132,135,137 "20";
21 24 1 0,1,7,8,13,18,22,24,28,33,36,37,39,43,46,47,55,56,58,61,63,64,66,68,71,73,74,78,82,90,91,94,96,100,102,103,105,109,111,117,119,120,123,124,125,129,130,132,134,137 "21";
22 5 0 0,2,5,8,10,13,15,17,19,20,27,28,33,37,38,40,41,44,46,48,51,52,54,56,60,61,62,64,66,68,71,73,75,77,83,86,89,90,92,93,95,98,100,102,103,106,107,108,109,111,113,115,119,121,123,125,127,128,131,133,135,136 "22";
23 105 1 1,3,6,7,8,10,13,14,16,17,22,25,27,29,33,34,36,39,41,43,44,45,47,49,54,57,59,60,62,67,69,70,72,73,76,77,84,87,89,91,94,98,100,103,104,107,108,109,111,112,115,116,117,120,122,127,131,133,135,136 "23";
24 43 0 1,2,4,8,9,10,12,14,17,24,31,35,36,41,42,46,52,53,57,63,65,69,76,81,83,86,87,88,90,93,95,99,103,109,115,116,120,121,123,126,130,132,135 "24";
25 136 0 0,9,10,13,14,15,17,20,22,26,28,30,32,33,36,39,40,43,45,46,51,54,57,59,61,64,72,76,80,82,86,87,89,91,92,94,98,101,111,112,115,121,124,126,128,129 "25";
26 90 1 8,9,12,14,25,36,49,55,61,65,67,77,78,81,91,96,99,100,101,111,129 "26";
27 10 0 12,14,15,17,22,29,37,39,45,50,54,58,62,76,84,87,92,98,102,108,120 "27";
28 83 0 1,4,6,7,11,13,18,19,20,22,24,25,29,30,32,33,39,43,47,48,49,52,54,58,60,62,63,65,67,70,72,74,75,76,77,78,80,83,86,87,88,90,92,98,100,102,105,107,108,109,112,115,116,118,119,122,124,126,128,129,130,132,135,137 "28";
29 26 0 0,12,19 "29";
30 43 0 7,34,40,54,55,59,63,70,90,91,103,106,117,132 "30";
31 87 0 0,1,3,6,11,13,15,17,18,21,24,29,30,32,34,38,40,42,44,46,47,50,51,54,59,61,64,67,72,74,76,81,82,83,86,93,94,97,99,100,101,104,106,107,108,111,113,116,117,119,123,125,127,133,135,137 "31";
32 122 1 0,2,3,6,8,10,12,18,19,21,22,25,27,30,32,33,37,40,42,43,44,46,51,55,57,63,65,66,67,68,70,74,77,79,81,83,84,85,89,90,93,97,100,102,103,105,110,112,116,117,119,120,122,123,124,126,130,132,133,135,137 "32";
33 52 0 0,2,5,6,8,11,14,16,18,21,22,25,26,30,32,35,38,40,43,45,46,50,59,60,62,63,67,68,71,76,79,80,81,82,86,92,93,97,98,100,107,108,111,112,114,115,116,117,124,131,132,134 "33";
34 49 0 0,2,7,12,16,22,36,39,41,44,45,48,53,61,67,75,80,91,94,109,114,129,132 "34";
35 100 0 1,3,9,13,18,24,26,32,34,37,43,46,53,55,60,66,71,75,77,78,80,86,99,102,107,110,117,120,121,124,128,130,137 "35";
36 54 1 4,16,20,23,25,30,32,38,44,47,54,59,65,72,76,77,81,90,92,95,108,109,114,116,124,125,129,132,137 "36";
37 84 1 0,36,44,46,66,69,80,85,91,94,95,110,113,114,125,132 "37";
38 86 1 0,1,4,6,9,12,14,15,16,18,19,22,24,28,29,30,32,38,42,45,46,48,49,51,52,53,57,58,60,62,65,67,71,73,75,76,79,82,83,84,87,90,91,93,94,96,97,98,102,104,105,107,109,112,113,114,116,117,119,121,123,124,125,129,134,136,137 "38";
39 111 1 0,2,6,7,8,10,12,13,14,16,18,19,22,24,26,31,33,34,36,39,41,43,45,47,49,53,56,58,59,63,64,66,67,69,71,73,75,77,78,80,81,82,84,86,87,88,90,91,92,94,99,101,103,104,106,111,112,114,116,118,120,123,125,129,134,137 "39";
40 65 0 3,7,8,13,22,29,33,36,41,64,66,72,74,77,78,82,83,86,88,91,98,112,115,118,121,126,137 "40";
41 9 1 15,20,28,48,60,70,86,116,130,132 "41";
42 20 0 0,1,3,6,11,15,17,19,24,26,28,29,31,32,34,35,36,39,41,42,44,49,51,53,54,59,61,63,68,70,73,79,85,87,89,90,98,101,102,105,108,111,113,115,116,118,122,123,125,127,129,130,131,137 "42";
43 5 1 0,1,7,14,20,27,29,30,32,41,42,45,49,56,60,62,72,73,76,84,85,87,88,90,98,100,109,111,114,118,120,128,130 "43";
44 48 1 0,2,3,5,7,8,9,11,14,16,18,21,23,25,26,29,32,34,35,36,38,40,43,46,48,50,51,54,56,59,62,63,64,66,68,70,71,72,74,76,78,81,82,83,85,89,91,93,95,98,99,101,104,106,107,109,111,113,117,120,122,123,124,127,128,130,133,136 "44";
45 97 1 0,3,6,9,14,17,19,20,24,28,29,31,32,35,36,39,42,44,47,49,52,53,55,60,62,68,71,72,75,77,78,81,84,86,88,90,91,94,97,98,99,103,104,110,113,115,117,121,129,134,136,137 "45";
46 34 0 15,41,120 "46";
47 129 1 2,3,4,6,8,10,16,18,21,24,25,27,29,32,33,38,41,44,46,51,54,56,62,65,68,72,73,77,79,80,81,84,92,94,95,99,101,103,105,110,112,114,115,117,119,124,132,137 "47";
48 129 0 0,3,4,7,8,9,14,16,17,19,20,22,24,25,26,28,29,31,32,33,34,37,39,41,44,45,46,48,50,53,56,59,62,64,66,68,69,71,73,76,79,80,82,87,90,92,96,97,100,102,105,108,110,112,114,115,116,118,120,122,123,126,127,129,132,133,136 "48";
49 85 1 55,66,92,122,126 "49";
50 90 0 7,21,33,44,49,59,61,64,78,83,86 "50";
51 109 0 3,4,7,9,10,14,16,19,20,24,29,31,33,34,37,42,44,47,49,51,55,57,59,61,64,67,68,69,71,72,76,78,81,84,85,87,88,93,95,97,98,105,107,108,110,112,114,116,121,123,125,128,130,131,133,134,136,137 "51";
52 131 1 0,14,16,34,37,38,40,41,51,52,55,56,59,62,67,73,74,75,76,77,78,80,87,92,93,95,108,110,119,124,126,128,131,133,135,137 "52";
53 48 1 2,18,29,31,33,35,37,42,47,52,64,66,69,76,82,87,101,105,110,112,114,115,119,123,127,130,131,134 "53";
54 110 0 1,16,22,25,29,35,38,42,44,46,48,50,52,59,65,66,72,76,102,104,106,112,115,120,128,132 "54";
55 26 0 0,2,7,8,11,16,19,24,25,27,28,30,32,35,40,41,44,46,49,50,52,54,56,58,60,61,63,65,66,68,69,71,73,74,78,79,81,85,87,88,90,93,95,96,98,104,106,109,110,112,114,116,118,120,121,124,128,132,133,134,137 "55";
56 59 0 3,7,15,16,22,27,33,37,40,45,48,53,57,59,74,80,81,82,90,92,94,95,101,104,106,121,122,124,132,137 "56";
57 133 1 1,5,8,10,11,13,16,18,24,25,30,33,36,38,39,43,44,48,51,53,55,58,62,64,66,68,69,71,73,75,77,79,80,82,83,85,86,87,90,92,93,95,98,100,102,104,107,108,110,111,115,116,118,121,122,124,127,129,130,133 "57";
58 133 0 5,7,9,15,21,23,26,33,37,41,44,55,56,58,59,62,70,73,81,84,88,90,93,95,97,99,102,112,114,116,119,122,135 "58";
59 36 0 2,3,12,13,43,59,61,100,111,124,135 "59";
60 123 0 0,3,6,19,20,24,28,32,33,35,41,45,50,51,54,60,62,66,68,69,80,83,85,88,90,97,101,103,107,110,112,119,120,122,127,132 "60";
61 70 0 1,5,10,11,13,15,17,23,26,29,31,34,35,38,43,46,49,51,57,59,60,61,64,65,69,71,73,75,77,78,79,83,85,88,89,91,93,94,96,99,105,108,110,113,115,118,122,124,127,130,131,132,134,136 "61";
62 39 0 0,1,6,10,12,14,15,17,23,28,34,35,37,39,50,51,52,55,58,60,64,69,70,72,76,81,86,89,98,100,104,117,119,124,126,131,132,134 "62";
63 16 0 3,5,6,10,16,18,40,43,54,60,62,63,78,87,88,90,93,98,105,106,108,112,115,124,126,136 "63";
64 96 0 0,2,3,6,7,10,12,14,19,22,25,26,28,29,30,34,38,41,42,44,46,47,49,52,54,59,61,67,68,71,76,78,80,83,84,86,88,89,91,95,96,98,100,102,107,108,109,111,112,115,117,118,120,122,123,125,127,128,129,132,134,135 "64";
65 17 1 3,5,6,8,16,18,19,21,33,34,37,39,41,44,47,57,59,63,64,67,68,69,73,74,78,81,84,85,91,94,95,98,101,103,108,109,115,119,123,125,127,129,133 "65";
66 70 0 1,4,5,8,10,12,16,18,19,21,23,29,31,37,39,40,42,43,45,50,54,58,59,63,65,67,69,70,72,73,76,78,80,84,86,88,92,96,97,101,103,105,107,108,110,112,113,117,119,120,122,123,128,131,132,134,135,137 "66";
67 86 0 0,1,10,15,20,28,32,34,36,39,53,56,58,65,75,86,93,96,99,102,112,115,132,133 "67";
68 79 0 9,12,14,15,17,19,20,22,24,26,27,31,34,38,46,51,53,55,57,59,63,67,70,71,73,74,76,77,83,87,89,93,96,98,101,112,113,114,116,129,137 "68";
69 6 1 0,2,5,7,8,11,13,17,19,22,24,29,30,33,34,35,37,39,47,50,53,54,57,59,66,69,71,73,74,75,77,82,83,85,86,88,89,98,100,101,104,107,109,110,115,117,119,125,126,131,134,135,137 "69";
70 11 1 14,22,25,26,28,34,38,41,45,47,66,74,85,90,93,104,107,109,111,129 "70";
71 7 0 0,8,11,20,26,28,30,35,42,48,51,60,63,66,68,72,78,83,84,88,89,91,96,100,104,108,113,117,120,124,127,134,137 "71";
72 58 1 39,44,67,126 "72";
73 18 1 0,7,10,21,28,47,54,65,67,76,87,91,95,111,112,114,117,119,123,125,129 "73";
74 48 0 0,2,3,4,7,8,10,11,13,16,24,26,27,29,30,31,33,36,37,39,40,42,43,44,47,49,51,53,60,62,63,65,67,68,70,73,77,81,82,84,87,88,90,96,98,100,101,103,105,108,109,111,112,114,119,123,124,125,128,130 "74";
75 115 1 0,1,2,5,8,10,13,17,19,23,25,27,28,29,30,32,33,36,37,39,41,42,45,51,56,58,61,63,65,66,68,69,72,75,77,78,82,84,86,87,89,92,98,101,102,105,107,108,110,112,113,115,117,118,119,122,123,124,127,133,136,137 "75";
76 113 0 3,9,13,19,20,27,47,51,55,56,59,61,76,77,80,83,89,102,107,112,116,121,123,133 "76";
77 1 0 4,6,15,17,18,25,28,33,35,37,48,56,57,58,61,64,67,72,78,80,82,84,93,100,102,108,112,115,121,124,125,130,136 "77";
78 133 0 1,4,6,9,11,12,13,15,20,21,22,24,28,32,34,36,39,41,43,45,47,50,51,53,55,56,58,59,62,65,67,69,71,72,73,75,77,78,81,84,86,87,89,91,92,94,97,98,99,100,102,105,108,109,111,116,118,120,124,125,128,130,132,134,135,136,137 "78";
79 40 0 1,2,5,7,9,11,14,15,17,20,21,25,27,28,32,33,35,39,40,41,44,45,48,49,51,54,56,57,59,62,65,67,68,70,72,74,75,77,78,80,85,88,89,92,94,98,104,105,106,109,113,115,117,120,121,122,125,126,128,131,133,135,137 "79";
80 75 0 2,4,6,8,18,19,21,28,33,42,45,53,59,65,68,71,76,79,84,91,95,97,110,112,116,129,135 "80";
81 127 1 0,2,4,6,9,10,11,13,16,23,24,29,31,33,34,37,41,43,44,45,48,50,52,57,60,64,66,69,72,73,74,76,78,80,83,85,87,90,91,93,95,97,101,102,105,106,112,114,119,120,122,123,125,128,130,135,137 "81";
82 19 1 1,3,6,7,12,14,26,29,32,40,46,49,57,61,64,70,76,81,82,85,87,90,93,96,98,105,108,111,113,114,118,122,127,129,133,135 "82";
83 13 1 15,29,51,56,95,110,113,131 "83";
84 45 1 2,4,6,8,10,11,14,17,19,20,23,27,32,35,38,40,41,43,45,46,47,48,50,51,53,55,56,58,59,61,62,64,66,67,69,70,74,75,76,78,80,81,84,90,92,93,95,98,99,100,103,107,108,111,113,114,115,117,118,121,122,124,129,131,132,134,136,137 "84";
85 7 1 0,5,8,9,11,22,24,26,33,38,39,42,44,48,51,52,54,60,70,80,83,93,95,98,104,110,113,119,121,126,130,133,135 "85";
86 26 1 1,6,10,12,13,17,19,20,23,24,25,28,31,34,35,37,41,42,48,49,51,55,60,67,69,74,78,83,98,100,103,105,107,109,112,116,118,124,127,131,134,137 "86";
87 46 1 2,8,23,25,106,136 "87";
88 30 1 3,23,36,37,53,84,92,97,124 "88";
89 41 1 2,7,8,9,11,16,17,20,22,25,28,30,31,33,34,36,38,41,42,45,49,50,52,53,55,57,58,59,62,65,66,68,70,73,76,78,79,81,83,85,88,90,91,92,95,97,99,101,103,106,107,109,112,113,115,116,117,120,121,122,124,125,129,130,131,133,136,137 "89";
90 33 1 11,21,48,57,62,67,75,85,87,90,96,98,131 "90";
91 127 1 0,1,3,4,6,7,10,13,18,19,22,24,26,28,30,31,33,34,36,37,39,41,45,47,48,52,54,59,61,67,69,70,71,72,74,75,76,81,83,88,89,95,96,98,100,102,104,106,108,109,111,113,115,117,119,121,122,123,126,132,133,134,137 "91";
92 58 0 0,4,5,15,19,22,38,40,46,59,79,96,113,115,123,126 "92";
93 64 0 5,9,19,51,53,66,68,70,76,79,80,86,88,93,108,114,116,127,131,135 "93";
94 128 0 6,12,18,23,33,37,42,54,55,58,71,72,102,104,106,109,115,116 "94";
95 23 0 5,7,10,18,20,21,22,27,30,31,35,39,47,56,59,60,63,65,66,72,74,77,79,85,88,89,91,92,95,97,100,109,114,119,123,132,134,136,137 "95";
96 45 0 3,9,11,12,15,19,22,25,28,31,35,38,39,41,47,49,55,60,64,65,67,70,72,77,80,81,84,96,98,99,104,107,111,112,116,119,121,123,128,130,131,132,137 "96";
97 119 0 6,15,19,26,30,37,44,46,55,60,61,63,71,74,80,88,95,97,100,112,115,116,124 "97";
98 92 0 24,48,70,92,118,130 "98";
99 73 0 13,40,67,117 "99";
100 19 1 1,3,5,13,25,26,29,31,37,39,40,42,43,45,47,55,62,74,81,87,90,96,100,105,109,115,123,128,129,133,137 "100";
101 132 1 0,1,8,16,17,19,20,21,22,25,27,29,31,33,37,38,40,41,43,45,47,48,49,54,60,62,65,68,69,71,72,74,78,80,82,84,88,93,95,97,99,101,103,106,108,110,114,115,119,122,125,130,131,132,137 "101";
102 32 1 2,12,47,57,59,76,89,92,108,110,125,137 "102";
103 24 0 8,13,14,16,18,20,59,78,80,85,105,116,119,137 "103";
104 76 0 0,2,5,6,8,10,11,12,14,16,20,21,25,27,31,32,33,34,35,37,39,43,44,45,51,54,56,57,58,59,63,70,71,73,80,81,84,85,86,90,91,95,96,98,99,101,109,110,112,114,116,117,118,120,122,124,125,126,128,129,131,135,137 "104";
105 113 1 0,3,6,11,16,21,23,30,35,39,47,49,59,63,66,69,72,74,81,83,90,91,95,101,102,104,112,113,115,119,122,123,125,129,134,137 "105";
106 8 0 2,3,7,12,13,16,18,25,27,29,31,37,39,44,45,47,49,52,54,57,60,62,64,67,69,72,76,79,80,82,85,89,94,95,103,105,110,113,114,117,119,128,131 "106";
107 46 1 0,2,3,6,9,10,11,13,15,19,21,23,27,28,35,40,42,43,44,46,48,52,53,56,60,62,64,66,70,73,77,79,81,83,84,86,88,90,92,93,94,97,99,102,103,105,106,107,109,114,117,120,121,122,127,129,131,133,135,137 "107";
108 106 1 1,3,6,22,24,26,28,33,38,53,55,85,89,94,122,137 "108";
109 58 0 45,61,113 "109";
110 61 0 21,40,49,55,57,64,68,104,108,129 "110";
111 128 1 2,4,14,25,27,30,41,52,55,57,63,69,72,75,79,81,82,91,93,111,116,121,125,130,137 "111";
112 116 0 11,14,19,23,33,40,44,47,53,55,57,65,68,70,87,90,93,102,107,112,118,128,137 "112";
113 15 1 1,7,8,12,14,15,17,18,23,29,33,36,39,41,43,46,48,49,52,54,56,57,60,61,63,69,73,77,81,83,85,88,90,95,98,103,106,108,109,111,114,116,118,119,121,123,125,127,128,131,134,137 "113";
114 109 0 3,7,11,12,16,24,27,29,34,36,38,40,41,43,46,47,48,52,54,58,60,61,64,73,76,79,86,89,92,99,106,108,113,118,120,122,130,131,136 "114";
115 27 1 1,6,7,9,11,15,17,19,20,24,25,28,31,32,34,35,36,39,42,44,47,48,51,55,57,59,60,62,63,65,68,70,71,73,75,77,78,80,82,87,89,92,94,98,102,105,107,108,109,111,113,114,115,117,120,123,128,131,133,136 "115";
116 78 0 1,2,4,12,14,16,19,22,23,25,30,33,35,37,43,59,66,71,75,76,82,86,91,95,98,100,103,107,108,111,119,121,123,127 "116";
117 103 0 1,2,4,8,10,13,16,18,27,31,33,36,38,40,42,46,51,52,56,57,60,62,65,69,72,73,77,78,80,82,83,85,86,88,90,97,100,103,105,107,108,111,112,115,117,120,121,122,124,127,129,136 "117";
118 51 0 1,5,7,10,17,18,21,24,26,28,34,41,44,47,49,50,54,59,61,63,72,74,83,87,88,93,100,102,104,110,111,113,115,120,123,131,133 "118";
119 77 0 15,26,40,43,48,58,70,84,96 "119";
120 1 1 1,3,6,9,10,12,13,15,17,19,21,22,36,37,39,40,42,43,53,55,60,61,62,64,67,71,73,75,77,78,82,87,88,91,96,99,102,106,107,109,110,115,119,122,125,129,131,137 "120";
121 124 0 2,7,12,14,16,19,20,24,25,27,40,42,48,54,56,58,66,69,71,73,75,78,82,84,90,94,96,97,100,103,106,108,110,111,117,118,119,121,127,129,132,135,136 "121";
122 83 1 1,4,6,7,10,15,18,21,23,24,28,32,41,47,57,58,65,67,68,71,74,76,80,81,84,87,89,91,93,98,102,108,118,121,122,128,129,131 "122";
123 17 1 93,134 "123";
124 128 0 3,9,17,28,50,55,73,84,102,107,120,126,133,135,137 "124";
125 112 1 0,4,7,8,10,11,18,21,22,27,30,33,34,39,40,42,51,53,56,57,61,62,65,67,68,72,74,77,79,81,82,83,85,88,92,93,98,99,100,103,105,107,109,110,111,113,115,116,117,121,122,123,125,129,131,133,135,136 "125";
126 91 1 0,2,4,5,8,9,12,16,23,25,27,29,31,34,37,39,40,45,46,49,50,53,56,59,62,64,66,68,70,74,76,77,79,83,86,87,90,93,94,96,101,104,109,113,117,118,121,122,128,130,133,135,137 "126";
127 121 1 0,4,14,15,17,22,23,25,31,33,34,36,39,40,42,48,49,51,56,57,60,65,68,73,78,88,89,94,96,98,100,101,102,104,116,118,119,122,126,127,129,130,133 "127";
128 127 1 4,6,7,9,10,13,24,27,32,35,43,50,56,63,65,66,71,72,85,86,90,92,95,96,98,99,103,108,111,116,119,122,125,128,130,134 "128";
129 70 1 0,2,6,20,22,25,29,35,38,43,47,55,57,60,65,72,76,80,86,88,91,93,96,104,109,111,117,123,126,129,132 "129";
130 75 0 26,40,55 "130";
131 102 1 0,1,3,6,7,9,12,14,16,18,23,24,25,27,29,30,33,36,37,40,42,44,46,47,49,51,55,57,59,62,63,65,67,72,74,77,78,80,82,83,85,86,87,90,92,98,99,100,103,104,106,109,110,112,116,117,119,121,124,125,127,128,129,131,132,135,137 "131";
132 112 0 0,3,8,10,12,14,15,17,18,20,21,23,27,29,30,31,32,35,38,42,43,47,48,53,55,57,59,61,63,66,73,74,76,78,80,81,83,84,86,90,92,94,95,97,101,102,106,107,110,117,118,122,124,127,128,130,133,134,137 "132";
133 81 0 3,7,11,16,18,20,22,28,29,32,37,41,45,48,50,59,60,61,65,69,70,72,75,79,82,83,88,89,92,97,105,107,109,114,117,122,126,129,131,133,134,137 "133";
134 8 0 0,2,5,8,10,11,12,15,18,19,22,26,28,30,34,35,40,42,44,48,49,51,53,55,57,58,59,64,67,68,69,71,72,82,83,84,86,88,90,91,92,95,100,102,105,107,110,112,113,115,116,118,119,121,122,124,125,130,132,134 "134";
135 57 1 1,2,9,13,21,23,26,40,41,45,47,54,59,61,65,66,68,73,79,82,87,99,107,108,112,122,123,126,128,131,135 "135";
136 120 0 14,17,33,50,60,96,99,104,111,119 "136";
137 1 1 3,14,24,29,31,55,56,64,65,83,89,90,113,114,118,121,127,129,134 "137";
