parity 180;
0 145 0 2,13,15,18,21,22,26,33,38,46,49,53,69,74,86,88,97,110,119,128,136,137,140,143,150,163 "0";
1 173 0 9,22,26,30,33,44,52,59,72,73,76,80,81,85,90,92,99,118,152,157 "1";
2 117 1 1,3,5,10,16,19,22,27,29,30,32,34,40,42,45,47,53,58,59,61,63,66,72,73,74,76,77,80,86,88,89,92,96,99,110,116,118,125,126,129,131,132,136,140,143,146,154,155,157,158,160,165,167,172,174,177 "2";
3 86 1 2,6,10,12,14,16,19,21,25,30,32,36,39,41,45,51,53,57,58,60,65,73,75,77,79,81,85,87,90,93,94,95,102,105,110,112,120,123,132,136,139,140,152,153,155,161,162,165,168,169,172,176 "3";
4 45 1 4,9,18,21,23,24,26,37,38,43,47,48,50,53,65,70,81,84,88,90,99,108,114,129,131,148,155,158,163,166,169 "4";
5 151 1 0,1,3,5,7,9,11,13,14,15,16,18,22,26,29,33,35,36,41,44,45,47,49,51,52,58,59,60,65,67,69,74,76,78,79,81,83,87,88,91,92,94,97,102,104,106,108,111,112,115,118,119,121,123,130,131,133,134,135,137,140,141,143,144,146,147,149,153,157,160,161,163,165,167,168,169,171,173,174,178 "5";
6 2 0 0,3,7,9,12,14,15,19,20,24,25,29,32,38,41,50,61,62,64,67,68,71,72,81,83,85,87,88,91,93,95,99,100,104,106,110,111,113,115,119,126,130,131,134,136,145,154,158,162,165,167,170,172,174 "6";
7 90 1 1,2,7,16,18,24,26,28,30,32,33,37,41,44,45,53,58,66,69,71,72,74,79,80,81,84,87,88,91,93,95,101,102,106,114,119,121,130,133,136,138,139,141,145,146,148,149,153,154,157,165,170,171,174,175,177,180 "7";
8 162 1 3,9,14,19,20,24,37,48,60,64,65,67,69,71,74,76,78,85,96,98,99,104,109,115,123,127,132,138,159,161,168,169,171,175,180 "8";
9 84 0 0,3,5,9,10,11,13,15,16,17,19,22,27,30,32,33,37,38,39,41,43,45,46,48,50,51,54,55,57,59,60,62,64,66,68,70,72,73,74,76,78,84,86,88,90,91,92,95,96,99,102,106,107,109,110,112,115,117,119,120,123,124,127,128,129,130,136,140,141,144,145,147,148,149,150,152,153,155,156,160,163,164,165,167,168,170,171,174,177 "9";
10 137 0 0,2,6,8,10,12,14,15,16,17,18,20,21,23,24,28,29,31,32,34,36,40,42,44,46,49,51,57,58,60,62,63,65,68,69,71,73,75,76,77,79,80,83,84,85,86,88,90,93,97,98,99,102,103,104,111,112,114,116,118,123,125,127,128,131,133,138,140,142,143,145,151,152,154,155,157,159,161,163,164,168,171,173,178,180 "10";
11 35 1 2,4,12,14,20,22,31,32,37,51,58,69,73,77,79,81,82,91,92,97,99,100,102,105,107,111,113,116,121,125,130,133,139,141,145,150,160,163,175,178 "11";
12 168 0 0,2,5,7,10,11,14,16,17,19,22,27,31,34,37,39,41,47,50,54,56,60,63,66,68,71,75,78,83,87,88,104,109,116,118,123,125,127,130,135,137,145,147,149,152,160,165,168,170,172,177,179 "12";
13 126 1 7,10,17,19,20,25,29,32,35,37,39,41,43,45,48,49,53,55,56,60,62,66,68,74,78,80,82,88,89,94,98,101,104,105,110,112,118,122,124,126,128,129,130,133,135,137,140,141,145,147,152,154,157,163,165,166,168,171,172 "13";
14 160 0 2,5,10,11,12,16,18,22,25,27,31,34,35,44,49,51,53,61,65,66,71,75,76,81,85,86,89,92,103,108,110,111,113,117,122,131,133,135,136,137,142,143,144,148,151,156,157,161,168,169,171,175,179 "14";
15 165 0 19,43,134,165 "15";
16 99 1 0,7,8,10,13,15,17,18,25,26,28,29,31,34,39,43,45,47,51,52,54,55,56,59,60,62,63,65,67,69,72,75,80,82,85,87,92,94,96,98,99,101,104,105,106,109,113,115,118,119,122,125,128,129,130,131,133,134,136,137,140,142,144,146,149,151,152,155,161,163,164,166,168,171,172,174,176,178,180 "16";
17 159 1 2,5,8,10,16,20,22,28,30,35,38,44,54,60,63,67,68,70,73,75,81,90,97,98,101,103,107,112,117,121,122,126,127,131,134,136,137,142,144,146,151,153,154,156,160,161,165,168,171,174,176,178,180 "17";
18 125 0 16,143,157 "18";
19 63 0 2,8,10,19,24,27,34,36,46,52,54,57,63,64,69,75,82,86,92,97,102,107,118,122,124,126,131,134,153,158,159,162,168,170,175,180 "19";
20 29 0 3,6,17,21,23,25,28,31,47,49,51,60,64,74,78,80,88,92,93,96,100,117,125,133,137,143,151,154,155,158,166,170,174,177 "20";
21 23 0 0,2,4,8,10,12,14,16,19,20,22,24,25,27,31,35,38,42,43,47,51,58,63,64,67,73,75,77,78,82,85,92,98,104,107,116,120,121,127,129,132,136,139,140,147,149,152,156,162,164,166,168,174,175,179 "21";
22 123 1 68,81,122,145,148,155 "22";
23 86 1 0,1,2,5,7,10,11,13,18,19,23,28,29,31,38,39,43,44,46,48,49,50,54,57,60,61,63,65,67,68,73,76,77,79,80,84,90,92,95,96,97,98,100,101,103,109,111,112,113,115,119,121,122,124,125,129,131,135,137,140,141,143,145,149,153,158,161,167,168,173,174,176 "23";
24 69 0 0,7,9,12,13,15,19,33,39,42,45,49,65,66,70,72,75,79,82,87,91,105,113,115,118,128,132,140,147,151,158,164,175 "24";
25 164 0 0,1,3,5,6,8,10,14,15,19,20,24,26,28,29,31,32,34,37,38,42,45,47,51,59,62,66,69,76,78,87,89,90,92,95,96,98,104,108,112,115,119,120,121,128,129,131,134,138,143,144,148,149,155,156,161,162,164,166,167,170,171,172,174,176,178,180 "25";
26 95 0 3,5,34,42,46,56,60,62,69,76,80,96,100,113,139,161 "26";
27 74 0 7,9,10,11,15,22,30,31,32,36,38,39,44,45,48,49,55,56,57,60,61,63,65,66,71,73,75,76,78,79,81,85,87,88,89,91,93,94,100,101,103,105,106,107,111,115,116,118,122,124,126,127,128,132,133,135,138,140,142,144,148,150,151,153,155,156,158,160,162,164,166,167,170,174,176,178,179 "27";
28 159 0 9,14,18,24,26,62,65,68,70,85,114,126,130,154,173,175,176,177 "28";
29 26 1 2,14,18,31,35,38,45,49,51,53,57,61,64,66,68,78,81,89,95,99,104,106,109,111,117,122,123,124,126,142,149,157,162,170,175,177 "29";
30 86 1 2,4,5,6,9,11,14,15,16,18,20,22,24,27,29,32,34,37,40,41,42,43,45,51,53,54,56,57,59,61,65,67,68,70,71,74,76,78,80,81,83,84,85,86,88,89,90,93,96,97,98,103,105,110,113,115,119,123,126,128,130,132,135,136,138,142,143,147,150,152,154,157,159,162,165,166,169,171,172,174,177 "30";
31 118 1 1,3,5,7,10,11,13,15,18,28,29,31,33,36,40,43,52,53,58,59,62,64,69,70,71,72,75,76,82,84,89,91,94,96,98,99,101,105,106,109,110,111,115,119,120,121,130,135,136,139,143,146,149,152,158,159,161,164,167,168,169,171,177 "31";
32 17 0 31,65,83,93,108,128 "32";
33 60 1 7,15,17,22,24,33,44,51,58,61,73,78,93,95,108,122,124,127,130,136,140,147,156,173 "33";
34 128 0 24,26,48,90,100,134,137,149,162,164,165,169 "34";
35 68 1 0,6,12,25,28,31,36,38,40,48,53,55,59,62,64,69,71,74,76,79,81,84,92,97,99,102,103,109,118,122,129,130,139,145,154,156,160,163,165,172,174,175,179 "35";
36 103 1 6,10,13,20,23,26,30,32,34,37,38,41,43,44,50,52,54,59,62,63,71,73,75,78,81,86,89,93,94,98,99,102,105,108,114,117,120,122,125,126,128,130,140,141,143,145,150,154,158,164,166,169,170,172,174,176,179,180 "36";
37 12 0 2,3,5,8,12,14,16,18,26,29,31,37,45,50,51,56,58,59,62,63,67,75,78,80,82,83,86,89,91,95,97,99,102,103,109,113,115,116,121,131,133,140,142,143,145,147,150,152,158,161,164,167,170,172,179,180 "37";
38 18 1 17,24,27,30,67,69,77,84,86,96,115,122,128,144,158,161,164 "38";
39 104 0 9,19,23,24,27,32,35,38,50,54,57,59,60,63,65,67,73,80,85,91,96,97,105,109,112,114,116,117,119,123,125,134,139,142,144,147,158,160,166,180 "39";
40 171 0 15,27,44,52,55,59,73,77,88,114,127,131,132,147,158,159,168,174,179 "40";
41 81 0 2,6,7,9,12,13,18,20,21,26,28,31,34,42,51,53,57,63,66,72,74,75,77,82,85,91,93,95,96,98,103,105,108,109,111,114,119,122,123,125,131,135,137,139,142,144,149,154,155,161,163,166,169,173,174,176,177 "41";
42 36 1 7,11,14,24,28,37,39,40,49,52,57,59,64,67,68,69,71,73,75,76,85,87,94,97,105,109,111,113,124,134,135,142,148,151,153,159,163,175,177 "42";
43 53 1 1,2,5,11,15,16,18,22,24,25,30,33,43,45,46,50,61,66,69,71,72,74,75,76,79,81,85,88,90,94,99,108,109,115,118,119,121,126,128,131,140,143,144,158,160,162,166,170,177 "43";
44 76 0 12,25,30,33,39,49,56,62,66,68,72,78,80,96,103,115,123,133,144,173,174,178,180 "44";
45 37 1 10,34,36,45,60,63,66,79,83,84,86,89,95,102,111,117,129,133,135,139,152,158,165,167,176 "45";
46 128 0 0,1,4,7,10,13,17,19,22,30,33,34,36,38,44,46,47,53,57,58,60,62,65,66,67,69,76,78,80,83,87,88,92,93,101,104,106,109,113,114,115,117,121,123,128,130,133,137,138,141,145,146,148,151,153,154,155,164,167,171,176,178 "46";
47 116 0 29,37,58,60,64,99,100,105,117,121,133,138,140,148,151,162,168,171,173,177 "47";
48 46 1 6,8,12,22,24,28,30,42,44,45,49,50,58,60,67,72,73,80,82,85,87,90,99,100,102,103,115,118,119,121,123,127,130,131,133,134,136,141,142,146,150,152,154,156,163,170 "48";
49 122 1 5,6,8,11,13,16,17,19,20,24,27,29,35,37,39,42,44,46,49,50,51,54,55,57,60,61,66,69,71,72,74,79,81,84,87,88,89,95,97,98,101,105,108,110,111,116,119,121,124,126,129,133,135,136,138,141,143,145,149,150,153,156,161,163,164,166,167,170,172,174,175,177,178 "49";
50 21 1 0,1,3,6,7,11,12,14,16,17,19,23,27,29,30,33,36,37,40,44,45,46,49,51,54,57,59,61,62,63,66,68,70,74,75,76,77,79,83,86,87,90,92,93,95,97,100,102,103,107,109,111,114,116,118,119,121,123,124,126,127,131,133,134,136,142,144,145,149,151,152,155,156,159,161,163,164,165,167,169,170,172,176,179,180 "50";
51 8 0 1,3,5,7,8,11,12,15,17,22,24,28,30,31,32,35,36,37,39,41,42,44,47,49,50,51,53,54,56,58,59,61,63,64,69,70,71,73,74,77,81,83,87,89,90,92,98,100,102,104,105,111,112,113,118,123,124,125,127,128,130,133,136,139,141,142,144,147,151,152,153,155,157,163,165,166,169,170,172,175,179,180 "51";
52 51 1 1,3,13,15,17,19,21,22,30,33,35,41,44,60,63,64,69,75,76,98,104,112,114,119,122,127,133,135,136,141,145,148,155,158,161,162,164,165,169,172,176 "52";
53 142 1 3,5,7,9,10,17,20,21,23,25,28,29,35,45,52,54,61,62,63,64,66,69,70,72,80,83,88,90,97,102,106,109,112,115,119,124,128,130,135,137,139,140,149,152,157,162,163,167,171,172,175,179 "53";
54 55 1 13,16,46,53,55,59,65,72,75,77,79,90,107,111,126,130,135,140,144,147,154,175,180 "54";
55 13 0 2,13,35,43,52,53,61,78,80,84,90,121,125,130,132,141,151,169,173 "55";
56 99 1 3,16,21,24,33,34,36,39,44,51,53,56,59,64,66,69,70,72,76,82,86,87,88,91,92,93,101,106,114,115,125,133,134,136,138,146,153,155,160,174,177,178 "56";
57 42 0 1,6,34,36,47,62,71,73,86,87,110,112,118,166 "57";
58 145 1 0,1,3,6,8,10,11,13,14,15,16,18,19,22,24,25,29,31,33,35,37,40,42,43,48,51,52,55,57,58,60,61,63,65,67,68,70,71,74,75,77,80,84,88,90,92,94,96,97,99,102,103,107,109,114,116,117,120,122,123,128,131,133,135,137,138,143,145,146,148,149,151,154,156,158,160,161,163,168,170,171,173,174,175,177,178,180 "58";
59 58 1 1,4,6,11,13,15,21,25,27,30,32,35,39,44,47,49,51,54,58,62,64,73,75,77,80,85,87,89,93,101,104,106,108,111,113,114,118,120,124,125,127,129,131,135,136,137,140,144,146,148,151,153,158,162,164,167,173,174,177,180 "59";
60 179 1 17,33,42,46,47,52,64,67,69,81,82,88,95,119,123,129,148,153,154,162,164,166,172,178,180 "60";
61 29 0 8,34,51,61,76,78,135,140,148,154,156 "61";
62 26 1 1,6,9,10,11,14,15,22,26,31,32,35,38,39,45,50,56,58,60,63,66,68,74,77,81,85,95,97,103,106,108,110,112,120,121,122,124,130,135,137,140,146,161,163,171,172,175,178 "62";
63 81 0 5,9,15,18,26,29,35,38,40,43,54,58,66,72,76,81,83,84,92,94,110,111,118,119,122,126,128,131,137,149,160,165,167,170,177 "63";
64 148 0 0,2,5,10,15,18,22,24,26,28,29,31,35,36,37,38,41,42,44,46,48,51,54,56,60,61,63,68,69,71,72,74,76,77,79,81,84,85,87,88,90,95,96,97,99,103,104,108,120,121,123,126,127,129,131,134,135,137,140,142,145,146,149,151,154,160,161,167,169,170,174,177,179 "64";
65 111 0 0,32,116,159 "65";
66 21 0 2,4,7,8,10,12,13,18,19,24,25,27,32,34,35,36,38,39,41,44,46,49,53,55,56,59,61,62,63,65,66,68,70,75,76,77,81,84,85,87,89,91,94,95,97,98,99,101,102,105,107,109,111,113,114,116,118,119,120,122,124,125,127,129,131,132,134,135,136,138,140,146,147,149,152,155,156,159,161,163,165,166,168,170,173,175,176,178,180 "66";
67 146 0 0,2,4,7,10,12,13,16,17,19,23,26,28,29,31,33,35,38,40,44,46,50,54,56,61,65,68,70,73,76,78,81,84,85,86,89,91,93,95,97,99,100,102,104,105,107,108,111,113,114,115,117,119,122,123,126,128,130,131,134,136,141,142,144,145,147,150,152,157,158,161,162,163,164,169,170,172,176,177,178,179 "67";
68 99 1 0,2,5,9,10,14,16,22,26,28,29,31,32,34,35,36,38,41,42,44,45,48,50,52,57,60,62,63,67,68,69,71,73,75,78,80,84,85,86,88,90,92,93,96,100,102,103,104,107,109,111,113,115,118,121,124,125,126,128,129,130,131,134,135,140,142,144,145,147,149,155,159,160,162,167,168,170,173 "68";
69 50 1 1,3,6,7,9,11,14,16,18,20,21,24,25,27,28,30,31,33,35,37,39,40,41,43,48,54,55,57,58,60,61,64,66,68,73,75,76,79,80,85,86,87,89,91,92,94,101,103,107,110,115,117,119,121,122,124,126,131,132,133,141,143,146,150,151,157,158,160,161,162,165,166,168,169,173,177,179,180 "69";
70 103 0 0,2,6,8,10,12,18,23,24,26,28,29,32,34,38,42,45,50,53,56,58,61,62,64,66,68,71,73,78,81,82,84,85,89,92,95,96,100,110,111,112,113,116,117,120,122,129,131,133,136,138,141,143,145,147,149,151,153,154,159,161,163,164,166,168,173,178,179 "70";
71 74 0 3,12,29,48,50,62,69,115,124,131,134 "71";
72 81 0 1,4,14,18,22,26,31,37,40,44,46,54,56,57,61,63,64,66,70,71,72,74,78,80,82,86,88,89,93,95,96,97,99,103,104,106,109,113,118,119,121,123,130,132,139,141,143,153,154,158,161,170,176,177 "72";
73 28 1 3,8,20,24,26,42,46,49,67,74,78,83,88,94,96,103,117,122,124,135,136,143,151,158,160,164,167,170,174 "73";
74 27 0 0,1,3,5,10,13,17,22,24,25,28,29,33,34,35,40,46,47,49,52,54,56,58,65,67,69,72,74,78,83,86,87,88,92,93,94,98,100,102,103,105,108,110,113,114,117,119,121,124,125,132,137,140,142,145,147,150,151,153,156,157,160,162,164,170,175,177,179,180 "74";
75 66 0 3,4,6,15,21,22,27,37,40,45,53,57,62,64,69,73,92,95,97,100,103,125,133,136,138,139,143,149,150,152,157,158,162,169,178,179 "75";
76 98 1 15,25,27,32,35,41,43,49,54,55,60,64,65,68,72,84,86,88,93,97,99,100,108,112,113,120,136,145,147,150,151,156,160,168,170,174,177,180 "76";
77 89 1 0,2,4,6,8,10,12,14,17,20,22,24,26,30,33,35,37,38,41,44,48,49,52,54,56,59,60,62,63,67,70,71,74,77,79,81,83,85,87,90,91,92,94,96,100,101,104,105,106,109,111,114,117,121,123,124,125,128,133,134,135,136,139,141,142,144,145,147,151,153,158,159,160,162,163,164,166,167,168,171,173,175,176,178,180 "77";
78 130 0 0,8,13,16,18,46,59,82,93,97,111,117,119,137,164,180 "78";
79 18 0 0,3,4,6,11,17,20,23,24,26,28,29,30,32,37,38,41,46,50,52,54,56,60,61,63,67,69,83,84,87,89,90,91,95,97,99,101,102,103,105,108,109,111,112,118,119,121,123,124,125,128,129,130,131,132,137,139,141,142,144,147,148,149,153,154,155,160,162,168,170,172,176,177,178,179 "79";
80 41 0 4,7,10,23,27,34,38,45,48,50,52,56,63,64,66,68,71,77,79,84,92,101,102,108,110,113,116,117,121,128,138,145,148,151,153,155,164,167,176,178 "80";
81 172 0 5,7,9,18,19,21,22,23,25,30,32,35,38,39,41,45,48,50,53,54,56,57,59,60,61,62,65,67,71,74,78,82,87,91,93,97,98,103,110,113,115,121,123,125,126,135,136,138,139,142,144,146,147,148,150,152,154,155,157,160,164,166,170,171,173,174,177 "81";
82 104 1 4,7,10,19,25,27,28,33,34,40,48,56,59,62,63,78,89,91,95,101,109,113,116,118,129,136,139,141,142,147,156,160,164,169,174,176 "82";
83 38 0 1,2,3,5,6,7,9,11,14,16,17,19,23,25,28,30,32,34,37,39,40,42,43,44,45,47,49,52,54,55,56,57,59,61,63,64,66,68,70,73,74,77,80,82,84,85,86,88,90,92,94,97,99,100,103,105,106,107,109,110,114,119,123,125,127,129,130,132,134,136,139,140,141,145,147,151,153,155,156,158,161,162,164,167,170,172,173,177,180 "83";
84 88 1 0,5,7,8,10,11,13,16,17,19,20,22,23,26,28,29,30,34,37,41,43,50,52,55,58,59,60,63,65,67,68,72,74,75,80,82,86,88,91,92,93,95,97,99,102,106,108,109,113,115,118,119,122,124,126,127,129,130,131,132,135,140,142,146,148,151,153,155,156,159,160,162,166,168,169,172,175,176,178,180 "84";
85 164 1 0,1,3,4,6,9,11,13,16,21,25,26,30,32,34,35,37,40,42,43,47,50,52,56,58,61,62,64,69,76,78,80,82,84,89,91,93,94,97,104,106,107,112,115,120,123,124,130,134,136,143,147,152,154,155,159,160,164,167,168,171,176,179 "85";
86 14 1 0,5,7,11,21,31,36,43,47,50,53,63,69,70,73,78,79,90,103,105,107,108,117,119,146,151,154,155,158,163,166,170,171,173,176 "86";
87 157 1 0,2,5,14,16,21,28,38,40,41,51,53,59,64,68,85,90,92,95,96,101,109,112,117,128,131,136,138,142,145,152,153,158,168,178 "87";
88 5 1 12,20,46,63,68,78,93,98,101,107,109,123,129,171 "88";
89 37 1 1,3,6,10,17,18,21,22,26,27,30,34,39,40,42,51,59,64,66,68,74,77,78,82,83,88,90,91,98,103,104,105,110,114,117,118,119,121,125,132,135,136,137,140,145,148,153,154,155,157,159,161,167,169,171,173,177,180 "89";
90 70 0 1,3,8,10,15,22,24,25,28,29,37,41,44,51,53,54,60,64,65,68,71,82,91,92,96,105,114,116,120,130,136,138,140,142,147,152,155,159,165,167,170,178,180 "90";
91 5 1 9,15,18,19,23,30,38,45,46,49,52,71,73,77,83,86,91,92,97,98,104,108,113,118,132,145,146,157,161,166,172,178 "91";
92 49 0 17,24,40,42,43,55,62,82,90,105,121,128,161 "92";
93 139 0 7,9,12,25,30,37,38,40,42,43,44,45,48,49,54,58,60,62,64,65,67,69,77,78,81,83,84,87,91,93,95,99,105,106,110,121,123,125,127,130,134,136,139,141,145,150,153,161,165,168,180 "93";
94 101 1 12,15,22,29,56,57,71,84,88,108,121,124,137,152,154,157,164,170,172,177 "94";
95 173 0 0,3,4,6,8,12,15,19,21,26,29,30,32,34,44,48,52,57,59,66,70,75,76,78,81,82,86,88,92,94,96,101,102,103,109,110,114,117,119,123,124,127,128,129,130,132,135,137,139,142,143,146,148,149,153,154,155,157,159,162,168,172,173,175,176 "95";
96 10 1 5,8,17,21,22,29,32,40,43,50,58,62,67,71,80,83,90,96,102,105,117,120,125,132,140,142,150,154,160,163,165,177 "96";
97 55 1 59,67,127,131,170 "97";
98 6 0 31,38,43,45,53,66,83,87,90,93,106,116,126,143,164 "98";
99 139 0 0,1,3,4,6,7,11,12,19,20,21,22,24,26,27,32,34,37,39,42,43,48,50,52,53,55,59,61,66,67,69,76,77,79,81,82,86,88,90,94,97,98,101,104,105,107,109,110,113,114,117,124,126,129,130,131,133,137,145,147,148,151,153,154,156,158,159,161,163,170,171,173,176,178,179 "99";
100 104 0 3,5,7,9,10,16,17,19,22,23,26,27,29,31,32,34,37,40,41,44,46,48,49,50,53,54,57,58,61,63,65,66,68,71,72,75,76,77,85,87,88,89,91,93,94,99,100,102,104,106,108,114,117,118,123,124,129,130,133,136,137,138,141,142,144,147,148,150,155,158,159,160,162,165,166,169,170,173,174,177,179 "100";
101 106 1 1,8,9,12,16,20,24,25,26,27,30,32,34,36,39,40,44,51,54,56,57,68,70,72,74,77,78,80,82,84,86,87,89,90,92,93,94,96,101,104,105,110,119,120,122,128,130,135,137,138,141,145,150,151,155,156,157,159,161,162,164,167,168,173,174,177,180 "101";
102 41 1 1,8,16,20,23,27,42,52,63,67,72,86,88,91,98,101,108,109,115,118,122,131,133,137,141,145,156,157,165,167 "102";
103 74 0 52,61,78,82,86,122,130,149,173 "103";
104 57 0 17,128,136,147 "104";
105 38 1 13,17,22,27,45,46,48,58,59,62,71,80,83,87,98,102,111,113,117,118,122,126,128,142,149,160,164,166,175 "105";
106 25 0 2,8,10,12,14,16,19,30,31,37,38,48,56,62,64,66,69,73,78,81,86,89,92,101,102,105,107,108,113,118,120,123,124,126,135,138,139,146,155,170 "106";
107 58 0 3,7,19,20,21,29,35,39,42,45,50,53,59,71,82,84,90,92,94,104,105,106,109,111,112,114,116,124,126,135,141,156,166,169,174,177 "107";
108 18 1 1,2,3,6,7,9,11,13,15,17,19,21,22,24,25,26,27,28,30,31,33,34,36,37,38,42,44,47,49,50,53,55,57,62,63,66,67,70,73,74,80,82,83,86,88,90,92,95,97,100,102,104,106,109,110,113,116,117,118,121,123,125,127,129,133,135,136,137,141,142,144,145,148,150,152,158,162,163,164,166,167,169,170,172,174,175,178,179 "108";
109 47 0 0,5,12,19,23,31,39,42,45,81,84,89,91,95,98,132,133,149,160,171,176,177,179 "109";
110 101 1 2,11,14,17,21,29,38,40,44,45,49,53,60,64,73,87,88,90,95,102,116,120,121,135,141,160,161,162,168,172,175,180 "110";
111 134 1 0,4,6,8,12,17,19,26,28,34,35,40,42,45,46,50,61,65,67,69,75,78,86,89,90,92,93,95,98,99,113,118,121,126,127,131,132,136,138,139,142,146,150,153,156,160,161,163,169,172,175,180 "111";
112 85 1 0,2,5,7,9,12,17,18,20,29,31,32,34,35,36,38,41,44,50,57,59,61,63,65,68,69,70,74,75,78,82,86,87,89,90,93,94,98,102,104,106,108,110,112,116,117,122,128,133,135,139,140,142,144,145,148,150,154,157,160,161,164,170,171,174,176,178,179 "112";
113 33 0 2,9,14,15,21,25,27,28,31,36,44,46,48,50,57,59,67,71,76,87,90,99,113,117,120,122,124,127,137,142,145,147,151,152,156,159,160,167,170,173 "113";
114 118 0 18,59,84,94,122,130 "114";
115 149 1 0,3,6,7,8,9,11,12,17,18,19,21,23,24,26,30,32,35,36,38,39,43,44,45,47,49,51,54,57,58,60,61,63,65,68,69,71,73,76,78,80,84,86,87,89,90,92,94,97,98,99,101,104,109,113,117,122,123,125,126,128,130,133,134,136,141,142,145,146,148,152,157,158,160,162,164,167,169,171,173,177,178,179,180 "115";
116 89 0 8,9,15,18,20,21,25,32,36,38,39,40,43,48,49,58,62,66,78,80,87,90,91,92,93,95,98,101,103,105,110,117,121,122,125,126,130,131,133,136,140,143,147,148,149,151,153,155,158,161,164,167,169,174,175,180 "116";
117 94 1 3,4,6,9,12,16,17,19,24,25,30,34,36,38,39,42,43,53,58,59,61,65,67,72,74,76,79,82,84,92,93,95,98,102,109,111,117,120,121,122,125,126,132,133,136,143,144,146,151,154,158,167,170,177,179,180 "117";
118 24 1 0,3,7,9,14,16,20,22,25,26,27,29,30,32,34,37,39,41,42,44,45,48,50,51,52,54,57,58,61,63,64,66,67,69,71,72,73,75,81,82,87,89,90,92,93,95,96,98,100,101,102,104,105,108,109,111,112,114,116,118,120,125,126,128,129,131,132,136,138,139,142,144,145,147,149,150,152,154,157,161,162,165,166,167,170,171,173,175,176,179,180 "118";
119 112 1 9,14,26,31,33,40,52,58,63,65,69,70,76,77,78,81,84,87,90,94,118,129,130,137,144,145,148,157,159,161,164,165,167,171,177,180 "119";
120 47 1 0,2,4,8,10,12,14,18,24,28,30,36,39,41,43,45,46,48,52,55,58,63,66,74,76,80,84,86,88,89,93,96,100,102,106,108,110,111,113,114,119,121,123,124,126,127,131,134,137,139,140,141,143,146,149,151,152,154,155,159,161,162,163,165,167,172,173 "120";
121 31 1 1,7,9,10,11,15,17,19,21,31,33,36,37,39,44,51,61,65,69,74,77,79,87,88,89,91,93,99,116,119,126,133,135,142,145,148,151,153,156,158,161,163,167,170,173,177 "121";
122 69 0 2,7,9,15,18,22,32,33,37,60,61,64,81,86,89,95,96,119,133,144,147,158,160,175,177 "122";
123 31 0 0,2,4,6,10,11,16,17,18,21,24,28,32,37,40,46,50,53,55,57,59,61,62,65,68,71,75,76,78,79,82,83,85,90,92,98,100,105,111,113,116,118,120,122,126,128,133,142,143,146,150,152,154,157,159,161,163,164,167,170,172,177,179 "123";
124 79 0 0,5,8,10,27,32,35,42,59,68,70,88,96,103,111,112,125,127,141,143,152,156,160,179 "124";
125 102 1 0,1,4,7,16,17,27,32,35,37,38,41,43,47,51,53,54,60,66,68,69,75,76,79,81,86,90,91,92,97,100,108,110,114,119,132,133,138,142,152,154,155,163,165,167,172,175,177,178,180 "125";
126 27 1 37,71,112,154 "126";
127 98 0 1,3,4,6,9,11,19,22,24,25,28,33,37,44,47,51,57,59,60,63,66,68,72,73,74,80,83,85,90,92,95,97,98,100,101,103,104,108,109,113,118,120,121,125,128,129,131,132,134,135,139,149,151,154,160,164,168,169,171,175 "127";
128 119 0 19,40,52 "128";
129 40 0 0,2,4,11,13,14,16,17,18,19,25,26,30,32,33,34,37,39,42,43,45,47,48,50,51,54,56,60,63,65,66,68,73,76,81,83,86,89,90,92,94,95,97,99,102,104,108,112,114,115,119,121,123,125,131,134,136,140,141,144,145,150,152,156,158,160,162,164,165,170,174,176,179 "129";
130 75 1 3,5,7,12,22,25,27,28,29,32,38,41,44,45,48,52,54,59,61,64,65,70,75,81,83,90,92,108,121,136,138,144,147,167,172,174,178,180 "130";
131 63 1 1,11,13,19,59,70,73,84,128,130,135,139,145,158,161,175,180 "131";
132 181 0 12,16,20,22,24,29,32,40,51,58,60,61,72,85,89,94,97,98,103,106,109,118,122,127,129,130,136,138,140,143,145,149,160,163,167,168 "132";
133 0 0 0,3,9,10,15,21,25,27,39,49,59,60,62,68,71,80,82,84,91,92,94,117,118,120,124,126,128,131,133,135,138,147,149,154,157,168,170,172,175,176 "133";
134 138 0 52,165,172,176 "134";
135 116 1 7,8,12,13,15,17,19,21,23,24,28,34,36,37,40,42,49,58,59,62,64,68,81,86,90,95,100,108,109,112,114,115,116,119,122,125,126,133,135,140,149,152,155,161,164,166,169,170,172,175,178 "135";
136 97 1 0,2,4,5,8,10,11,12,13,15,20,23,26,29,32,34,35,36,38,39,40,42,43,44,46,47,49,50,53,55,58,60,62,63,66,68,70,71,72,74,76,77,80,81,83,85,86,90,92,94,96,97,100,101,103,104,106,108,111,112,114,116,118,123,125,128,130,133,134,135,137,141,142,144,147,149,155,156,158,159,160,163,165,166,167,168,170,174,177 "136";
137 96 1 2,4,9,11,13,20,26,37,39,50,53,54,62,67,75,78,81,84,86,88,97,101,103,108,115,124,126,136,153,161,163,167 "137";
138 84 1 5,11,27,52,68,80,86,90,135,151,153,179 "138";
139 121 0 2,5,12,15,18,24,26,28,30,31,33,35,38,40,41,44,52,56,58,68,71,73,78,81,84,88,89,94,100,106,108,111,112,113,119,122,140,142,144,148,151,154,157,158,160,171,174,178 "139";
140 115 0 0,25,29,37,39,44,50,53,57,60,65,74,77,78,80,82,84,87,88,91,97,104,107,112,114,115,116,122,126,132,136,137,139,143,149,154,157,158,169,175 "140";
141 101 0 2,8,10,12,23,29,34,48,68,75,82,87,88,91,93,98,99,102,103,106,110,123,126,132,143,150,155,156,165,169,174,178 "141";
142 163 0 53,62,68,80,104,121,128,163,168 "142";
143 112 1 1,2,6,13,20,21,23,24,25,30,33,34,38,41,46,49,51,56,60,61,70,76,78,80,82,83,89,92,94,97,102,105,107,111,115,125,126,130,133,137,140,142,144,147,149,151,152,156,158,160,170 "143";
144 180 0 0,1,3,5,7,8,12,14,17,18,20,22,24,25,27,29,30,32,35,36,37,39,41,42,44,47,50,52,56,59,62,63,65,72,73,77,79,82,85,87,89,92,93,96,98,102,105,106,108,112,114,118,121,125,129,134,137,138,140,142,143,145,149,150,153,157,161,162,168,169,171,172,174,180 "144";
145 114 0 2,4,6,8,9,12,15,20,23,27,28,29,30,35,36,43,44,45,48,49,54,56,57,60,61,63,68,69,73,75,77,78,82,85,86,88,90,94,95,96,98,101,103,106,115,117,118,121,123,126,128,129,132,137,139,141,143,145,147,148,152,154,155,157,161,163,164,166,168,170,173,175,176,180 "145";
146 38 0 0,1,3,4,9,10,11,15,17,19,22,23,26,29,32,34,38,40,42,44,46,48,51,53,55,57,59,61,63,69,72,74,75,77,79,80,81,86,88,91,93,94,96,101,106,108,109,114,117,119,123,126,128,130,132,133,135,139,141,144,152,155,157,159,160,161,163,164,165,169,172,175,176,177 "146";
147 136 0 0,2,11,15,16,19,24,26,27,29,31,32,33,34,36,38,41,42,48,51,53,54,58,61,62,66,69,70,72,83,85,88,89,92,94,97,102,107,113,115,118,124,126,130,131,136,137,141,142,145,148,150,152,158,159,161,164,166,167,177 "147";
148 112 0 0,9,33,46,49,56,73,76,81,101,139,151,158,164,168,174 "148";
149 25 1 27,32,48,58,60,81,86,88,106,110,113,135,137,140,146,163,177 "149";
150 170 1 1,4,6,8,11,13,16,18,23,24,26,28,29,31,34,38,39,41,43,45,50,51,57,58,60,62,63,65,68,70,71,73,75,78,79,80,82,86,87,89,91,93,94,98,99,102,103,105,107,108,112,113,116,120,122,124,126,128,130,133,134,136,138,140,141,144,147,152,153,156,163,164,167,168,172,174,175,177,179 "150";
151 97 1 1,4,10,24,28,37,45,46,65,68,71,72,74,76,78,83,86,87,89,90,96,97,106,109,117,119,129,130,145,147,149,154,161,163,173,175 "151";
152 142 1 8,15,20,31,48,65,67,78,87,91,111,152,153,160 "152";
153 180 1 3,7,8,10,13,16,18,21,24,25,29,33,35,37,39,44,46,47,51,52,54,57,58,60,62,64,68,69,71,78,79,80,82,87,90,91,101,102,105,106,109,112,114,117,120,122,123,124,125,129,130,131,133,135,136,137,144,145,146,148,151,152,154,156,160,162,165,168,169,170,176,180 "153";
154 32 0 4,5,14,19,23,26,28,31,34,38,41,43,49,50,55,59,60,63,71,72,76,86,96,98,101,103,106,118,122,127,136,140,151,169,173,174,177 "154";
155 40 1 0,1,6,7,9,10,11,14,16,24,26,27,29,30,32,33,36,38,40,44,49,58,63,65,66,70,75,77,78,81,87,93,96,100,104,105,111,117,119,127,129,130,132,134,135,145,150,156,158,161,164,169,176,178 "155";
156 50 1 0,1,3,4,6,7,9,10,14,15,22,23,25,27,29,30,32,34,36,37,39,42,44,45,48,50,52,53,55,57,59,61,62,66,67,69,70,73,76,78,80,82,86,88,89,92,95,98,100,101,103,104,106,108,109,114,116,117,119,120,122,123,124,132,135,137,138,140,143,146,150,153,154,156,158,160,163,164,166,167,168,171,173,174,177,178,180 "156";
157 92 0 0,3,5,9,10,13,14,17,18,20,21,22,24,25,28,30,32,35,39,42,45,47,48,51,56,58,62,66,71,75,77,79,81,84,87,93,95,97,101,106,108,109,115,117,118,123,124,127,130,133,134,136,139,141,142,144,146,148,150,151,153,158,160,163,166,167,171,172,173,176,180 "157";
158 144 1 1,5,8,10,12,14,16,18,20,21,24,29,31,34,36,38,42,49,51,52,53,55,59,62,63,66,68,72,76,84,90,91,97,104,107,108,109,114,115,117,119,122,127,130,132,136,138,141,143,144,148,151,158,159,165,170,174,175 "158";
159 81 1 0,3,4,5,7,15,17,19,20,22,24,26,29,31,35,37,41,43,44,45,47,48,50,51,52,58,61,63,64,65,66,67,70,71,73,78,79,80,84,86,87,88,89,93,95,98,103,106,107,109,111,113,115,116,118,121,122,124,128,131,136,137,140,143,145,148,151,153,156,158,161,163,165,166,168,170,175,177,178,180 "159";
160 117 1 0,3,4,7,9,13,15,17,18,19,22,26,29,30,32,35,37,39,41,42,44,46,47,49,51,54,60,64,66,69,70,71,73,75,77,78,80,83,84,86,89,90,93,94,97,104,105,106,109,110,114,115,118,121,122,125,126,134,139,140,145,151,152,155,159,163,164,165,169,173,175,176,177,180 "160";
161 169 1 1,5,8,10,13,18,20,22,24,29,31,34,36,38,49,51,66,76,84,90,95,97,105,107,115,127,135,147,151,153,158,163,165,172,175,180 "161";
162 112 1 6,26,30,37,39,55,63,82,85,90,91,122,126,148,149,167,172,173 "162";
163 28 0 41,61,84,92,109,128 "163";
164 32 0 0,10,14,20,26,29,39,40,46,47,58,64,90,95,101,113,117,133,142,167,170,173,180 "164";
165 37 1 1,4,7,9,11,14,15,19,20,22,24,26,28,29,31,39,40,42,44,46,47,53,55,56,58,60,64,68,71,73,76,78,79,83,84,86,87,94,96,97,101,102,104,106,110,112,114,116,121,122,126,131,133,135,141,142,145,146,148,150,152,153,156,158,160,161,167,168,170,173,175,179 "165";
166 150 0 9,16,36,51,87,97,118,121,129,154,158,173 "166";
167 65 1 1,2,5,9,11,15,18,21,27,29,31,32,34,35,39,46,47,50,51,54,60,61,64,66,70,72,74,76,78,80,86,87,89,92,97,99,101,111,113,115,118,121,122,129,130,132,135,139,143,144,147,148,151,152,154,155,161,163,165,166,170,171,173,177,178 "167";
168 175 1 6,16,19,21,24,26,27,29,37,38,39,42,53,55,57,69,72,74,81,83,84,86,91,97,102,103,104,110,112,114,115,117,118,123,131,135,137,147,149,151,152,158,160,171,173,175,178 "168";
169 78 0 1,7,31,37,43,57,64,90,100,104,105,114,115,120,121,128,133,136,142,155,159,178 "169";
170 79 1 1,2,12,17,21,23,25,28,29,31,32,40,44,49,52,56,59,60,64,71,73,74,75,77,78,80,91,94,104,107,110,114,116,119,120,127,133,138,144,145,148,157,158,163,166,169,171,175,178 "170";
171 15 0 1,2,4,7,11,16,17,20,21,22,25,28,35,37,39,41,43,44,45,48,49,54,56,64,69,73,75,77,86,88,93,95,96,98,99,102,104,108,113,115,117,120,123,126,128,130,131,133,136,144,148,149,153,154,156,157,160,162,168,172,174,175,177,179 "171";
172 130 0 3,5,22,24,75,93,111,135,142 "172";
173 173 1 0,4,5,8,11,17,18,24,25,27,29,31,32,34,36,37,39,43,44,47,50,51,62,63,65,67,71,73,76,83,86,88,90,92,97,100,101,103,104,108,110,117,118,119,138,146,150,154,155,158,159,160,162,163,171,173,175,179,180 "173";
174 59 1 1,3,6,7,9,11,13,16,18,19,21,28,33,35,39,40,44,46,50,58,59,63,68,72,76,78,79,82,83,84,86,88,90,92,94,95,96,105,106,108,112,114,119,126,128,133,137,142,145,149,158,159,167,173,176,178 "174";
175 29 1 2,11,24,26,28,34,39,42,45,47,52,69,71,77,79,83,89,92,107,111,116,119,124,126,134,146,150,151,161,163,173,175 "175";
176 161 1 0,5,22,24,28,41,42,52,63,84,85,111,117,123,126,136,140,142,153,154,175,179 "176";
177 8 0 0,1,4,5,6,10,11,12,21,22,24,26,27,29,30,31,34,35,36,38,40,43,47,50,53,56,58,59,61,62,63,65,66,69,70,71,73,76,77,78,80,81,88,90,91,92,94,96,98,100,102,104,105,106,108,109,110,112,113,114,117,118,120,122,124,126,128,130,133,136,139,140,143,150,152,158,160,162,165,166,168,170,173,174,177,179 "177";
178 153 1 1,3,4,6,7,8,10,12,15,17,18,22,29,32,34,38,39,42,46,49,51,53,54,58,62,65,67,71,74,76,79,80,84,90,92,94,100,102,104,106,115,118,120,121,124,130,132,135,136,141,148,150,153,157,160,165,166,172,173,174,176 "178";
179 9 0 2,6,8,10,16,17,19,28,32,35,39,42,44,45,48,50,52,65,66,69,70,76,79,80,85,90,93,100,103,105,123,125,128,129,148,151,152,161,165,168,171,173,176,178,179 "179";
180 134 1 0,2,3,7,10,14,16,18,20,21,23,27,28,36,41,42,44,46,48,50,52,53,55,56,58,59,60,63,64,67,70,71,75,76,79,81,83,85,86,88,89,91,92,94,95,97,99,100,101,103,105,110,116,118,121,122,124,126,130,132,134,136,137,138,140,142,144,145,148,150,152,153,155,157,159,164,165,169,171,173,175,177 "180";
