parity 137;
0 43 1 10,14,22,24,30,35,36,37,40,41,53,58,59,60,63,65,67,68,72,84,89,94,100,101,103,112,117,127,129,134 "0";
1 63 1 0,2,3,5,6,13,15,22,28,30,34,35,37,39,43,48,55,57,58,60,61,62,77,83,86,87,89,95,96,97,105,107,111,115,123,125,128,129,134,137 "1";
2 103 1 6,24,33,36,39,57,64,83,111,119,123,132,133,134,136 "2";
3 118 1 1,3,5,8,14,15,17,20,21,23,24,26,29,33,35,37,39,42,43,45,47,51,52,57,59,60,62,63,65,68,73,78,80,87,96,98,99,101,104,106,111,117,119,122,128,131,134,136 "3";
4 133 0 11,46,78,80,85 "4";
5 39 0 1,5,6,8,16,19,25,27,29,34,36,37,41,45,47,52,56,57,61,71,72,74,77,79,81,86,90,92,94,102,105,110,112,116,119,122,123,133 "5";
6 88 1 0,7,10,12,14,17,18,20,24,26,30,39,46,47,53,59,64,73,75,102,108,113,128,137 "6";
7 33 1 8,10,11,12,14,16,18,20,22,23,25,26,28,29,31,34,36,39,40,44,46,48,50,53,64,65,69,70,72,73,75,77,80,81,84,86,88,90,91,95,100,103,104,105,107,108,110,118,120,122,125,126,130,131,132,136 "7";
8 13 1 3,5,7,9,12,14,16,19,22,24,25,31,33,36,38,39,44,47,49,50,52,53,54,57,58,60,62,63,64,66,70,72,73,75,77,79,80,81,83,85,87,93,97,100,102,105,107,111,124,125,129,131,133,136,137 "8";
9 54 1 3,15,19,25,28,35,39,50,53,58,59,67,70,73,77,78,81,84,85,86,90,92,100,101,106,120,124,128,137 "9";
10 42 0 4,5,6,9,12,19,21,23,25,28,31,34,35,41,50,51,56,65,67,71,75,88,91,92,93,96,97,98,103,107,110,117,120,121,125,129,137 "10";
11 68 1 3,22,116,135 "11";
12 5 0 4,9,12,18,19,21,23,29,34,37,41,44,47,48,52,55,59,61,63,67,75,79,80,84,86,87,91,92,95,97,99,104,115,118,120,124,130,132,133,135 "12";
13 73 1 1,2,5,6,8,10,15,17,20,22,24,27,28,29,36,39,41,44,49,51,54,59,62,65,67,69,73,75,77,81,83,86,89,91,92,94,97,102,106,113,115,116,118,119,121,123,125,130,133,135 "13";
14 21 0 1,3,5,8,10,12,14,16,19,24,26,27,29,31,32,34,35,37,40,41,43,45,46,49,50,54,56,58,60,61,64,66,67,70,73,77,79,80,81,83,86,88,92,95,99,101,105,108,109,111,113,115,116,121,123,124,129,132,135,137 "14";
15 31 1 5,6,10,13,27,28,30,38,44,59,61,67,76,81,87,91,99,102,103,106,121,132,133 "15";
16 88 1 2,4,12,19,38,39,42,51,53,62,70,81,84,88,90,93,99,105,107,110,113,124,127 "16";
17 35 0 0,2,8,9,12,15,17,19,23,26,27,31,35,36,38,40,46,49,52,55,56,58,62,64,66,68,69,74,79,81,87,90,92,97,98,100,101,103,104,107,109,110,111,114,115,117,119,120,122,124,127,129,132,136 "17";
18 36 1 0,1,8,22,25,27,41,45,54,56,58,62,81,86,96,106,113,118,120,121 "18";
19 110 1 1,2,4,12,13,23,25,30,35,36,39,41,45,48,49,52,57,61,63,73,75,77,81,83,85,89,91,93,96,102,103,112,119,126,128,130 "19";
20 61 0 60,71,74,131,137 "20";
21 54 1 1,2,3,6,8,10,12,14,15,16,19,20,27,28,30,35,37,38,40,41,43,45,47,52,56,57,59,63,64,65,68,69,72,76,83,85,88,89,91,92,93,96,98,100,102,104,106,110,112,116,122,123,125,128,130,132,133,135,137 "21";
22 28 0 7,8,12,15,17,19,21,23,25,27,34,38,43,47,54,56,60,63,69,73,76,78,80,90,92,94,97,101,102,113,118,121,125,128,131,133 "22";
23 73 1 8,10,14,19,25,32,34,38,40,42,44,48,54,58,68,69,72,74,82,84,86,88,93,99,103,105,107,118,123,126,127,130,134,137 "23";
24 60 0 0,2,7,8,13,14,15,17,18,20,21,22,24,26,28,30,31,34,41,42,43,46,49,51,52,54,55,60,70,72,76,79,84,87,89,92,93,95,97,98,106,111,113,120,124,125,128,129,131,135,136 "24";
25 30 0 1,5,7,9,10,14,16,17,21,25,27,30,35,37,42,47,51,53,55,57,60,66,68,72,74,78,81,84,86,95,97,103,104,107,109,111,115,118,120,121,122,126,127,129,136 "25";
26 125 1 3,53,126,137 "26";
27 49 0 34,36,61,83,90 "27";
28 74 0 0,2,8,9,11,13,14,16,18,21,25,27,30,32,34,35,36,37,39,41,42,43,44,49,51,54,56,59,61,64,66,67,70,71,73,74,76,77,78,80,82,84,85,87,88,92,93,95,98,101,102,104,106,107,110,112,117,120,122,125,127,129,131,133,135,137 "28";
29 64 0 1,6,10,14,16,18,22,26,27,28,32,33,34,37,40,41,43,45,48,49,50,52,54,55,57,58,61,63,68,69,71,74,77,79,81,84,88,89,91,96,97,100,106,108,110,111,113,115,116,121,123,125,127,130,131,132,135 "29";
30 49 0 2,16,17,19,22,23,29,37,38,47,49,52,58,77,79,81,90,97,104,113,133,137 "30";
31 29 1 4,14,17,19,22,24,25,33,44,47,50,55,60,64,66,76,80,82,109,114,119,125 "31";
32 27 1 2,4,5,6,8,10,11,12,15,16,21,28,32,33,34,37,41,43,45,46,47,48,51,54,56,58,61,64,66,68,69,71,72,74,76,78,80,82,84,85,92,95,97,102,104,107,113,114,117,120,122,126,127,130,133 "32";
33 106 0 1,13,16,19,25,48,54,56,59,65,68,73,75,90,93,106,109,128,133 "33";
34 14 0 7,10,12,33,35,46,53,55,59,62,67,70,71,76,82,83,92,95,98,120,122,131 "34";
35 73 1 3,11,18,21,29,31,33,36,40,42,63,64,69,87,90,95,104,112,115,121,123,125,134 "35";
36 38 1 0,3,5,7,12,17,19,25,29,34,36,41,43,44,51,53,56,60,66,68,74,76,82,84,85,91,92,95,96,98,102,106,108,114,116,120,121,125,131,133,134 "36";
37 2 0 0,1,5,12,16,20,24,27,28,31,33,38,40,41,46,51,63,69,72,74,76,77,81,87,88,89,97,104,110,112,114,119,126,129,131,133 "37";
38 36 0 13,15,26,35,40,45,47,49,51,55,64,67,68,71,74,76,88,93,95,106,114,118,122,123,125,128,130,132,134,136 "38";
39 55 0 5,7,10,16,21,23,26,38,41,46,49,50,55,64,68,78,86,90,92,94,96,105,106,108,113,114,117,119,123,132 "39";
40 6 0 1,3,5,10,13,16,18,22,23,27,29,33,36,42,50,55,58,59,62,64,67,69,77,84,89,90,91,93,95,98,100,105,106,110,127,132,136 "40";
41 130 0 0,3,13,46,78,99,100,108 "41";
42 121 0 8,14,23,24,34,41,42,46,66,92,94,101,103,105,107,111,129,134 "42";
43 57 0 29,121 "43";
44 79 0 1,4,7,20,31,34,42,43,48,50,52,55,58,61,62,64,67,69,74,76,78,79,81,89,97,101,106,108,110,118,124,125,127,133,134,136 "44";
45 45 1 2,4,6,9,14,15,17,28,30,31,33,36,43,45,50,51,59,61,67,70,72,73,76,78,82,83,86,88,90,91,93,96,100,102,104,105,112,115,118,120,122,133,134,137 "45";
46 30 0 0,7,13,17,21,32,36,39,43,66,83,88,103,106,116 "46";
47 131 0 0,3,7,9,12,14,15,16,18,20,25,31,35,37,39,40,43,47,52,55,56,58,59,63,64,66,70,72,76,77,81,85,87,89,90,91,93,94,96,99,101,102,104,106,107,109,110,112,115,116,118,119,120,122,123,126,129,133 "47";
48 110 1 0,2,8,16,18,25,27,30,32,35,37,42,45,58,60,65,71,75,76,91,94,98,102,104,107,110,112,114,121,123,124 "48";
49 137 1 0,4,7,8,12,15,16,19,23,30,32,33,42,45,54,61,75,82,86,88,91,95,99,100,101,105,109,112,121,126,128,131 "49";
50 32 0 0,1,4,5,7,8,10,11,12,13,14,19,22,25,28,30,32,37,39,42,44,48,49,51,52,53,55,56,61,64,67,68,72,74,75,78,83,84,86,89,91,93,96,97,99,101,103,105,107,109,110,112,113,115,116,118,119,120,122,125,126,128,129,136 "50";
51 126 1 2,6,18,35,37,45,51,73,76,84,88,113,136 "51";
52 7 0 2,5,7,9,13,22,31,32,36,37,40,45,47,51,52,56,62,65,67,69,70,78,93,94,99,100,103,104,113,115,118,122,125,126,127,131,136,137 "52";
53 138 0 6,23,24,29,44,49,56,60,78,89,92,101,109,117,121,125,127,130,134 "53";
54 96 0 0,2,6,8,10,12,16,17,18,20,22,23,25,28,29,30,35,39,43,46,48,49,50,51,54,55,58,60,61,63,65,68,70,72,73,76,77,78,81,84,90,91,93,95,97,98,100,102,104,107,109,110,112,115,116,118,120,123,124,126,128,130,131,133,135,136 "54";
55 64 1 0,7,11,16,21,24,26,29,31,34,35,38,40,48,53,59,60,62,67,69,72,74,77,79,81,85,87,91,93,98,99,100,102,104,105,116,120,126,128,132,133,135 "55";
56 15 0 12,14,29,34,37,52,59,73,78,82,100,102,106,117,121,122,129,131 "56";
57 52 1 0,7,23,24,26,39,48,61,64,67,70,79,81,83,90,95,106,111,113,124,128,135 "57";
58 39 1 2,3,4,6,8,9,12,13,16,17,19,22,23,24,28,31,33,35,37,40,41,42,45,48,49,51,53,55,57,59,60,62,65,68,69,71,72,73,75,76,79,81,82,86,88,89,94,95,98,102,104,105,107,109,110,112,113,119,121,123,124,125,126,129,130,132,134,135,137 "58";
59 99 1 1,7,9,22,31,34,37,50,53,74,76,84,99,105,122,128,130,135,136 "59";
60 82 1 1,3,4,5,7,10,12,13,16,17,18,20,21,23,26,28,31,32,33,36,38,41,43,44,46,47,49,53,54,57,59,60,62,63,68,71,74,76,77,79,81,84,87,88,90,91,93,95,96,98,100,102,104,105,108,109,112,113,114,118,124,126,127,129,132,135,137 "60";
61 58 1 0,2,4,5,6,13,16,17,19,20,24,28,29,31,35,38,41,43,46,49,50,55,56,63,65,67,69,70,74,75,77,81,84,87,88,93,96,97,99,100,105,106,109,115,118,119,123,124,125,127,131,133 "61";
62 68 0 1,5,6,10,12,13,15,16,21,23,25,27,28,31,32,36,39,46,48,50,54,58,60,62,65,66,71,73,74,80,83,93,99,115,120,121,124,125,127,130,134,135 "62";
63 64 1 0,3,5,9,10,13,14,16,19,20,22,24,25,27,29,32,34,37,40,42,45,46,47,50,51,52,53,55,57,59,63,64,66,68,70,75,77,80,82,86,87,90,91,93,94,96,98,99,100,102,103,104,106,111,113,114,115,116,118,119,121,123,124,128,129,132,133,136,137 "63";
64 62 0 4,6,8,9,12,13,15,16,21,24,25,29,31,35,38,39,44,48,51,53,55,60,62,63,66,67,72,75,77,80,82,83,85,88,91,92,95,99,107,109,111,112,115,117,119,121,123,127,128,130,132,135 "64";
65 128 1 5,16,35,38,60,72,87 "65";
66 41 0 2,6,13,15,19,20,29,35,37,38,42,45,49,51,53,66,72,76,78,80,87,89,94,96,101,108,111,113,119,122,134,135,136 "66";
67 134 1 2,3,11,14,15,17,18,24,28,30,31,37,41,43,59,62,67,80,91,98,104,106,114,118,124,125,136 "67";
68 54 1 0,5,6,8,10,12,16,22,24,26,28,32,33,34,37,41,43,45,50,51,54,56,58,59,61,63,65,67,68,77,78,83,86,89,90,92,94,95,97,98,100,103,104,106,108,114,116,118,122,124,126,130,134 "68";
69 64 0 45,60,68,70,94,100 "69";
70 50 1 3,6,7,9,11,21,22,23,30,33,34,37,38,44,45,55,69,104,114,116,121,124,127,129,132 "70";
71 11 1 11,18,26,29,34,44,51,54,67,79,84,85,90,94,99,101,120,124,127,129 "71";
72 56 1 0,2,8,9,17,19,21,23,25,35,39,40,41,47,51,52,54,56,57,62,67,68,73,75,82,94,97,98,107,117,122,124,126,134,136 "72";
73 134 0 16,19,30,32,51,54,58,72,75,78,90,104,106,109,116,119,124,127,130,132,135 "73";
74 119 0 27,33,41,51,53,55,63,65,68,93,102,104,106,107,115,117,126,134,135 "74";
75 21 1 0,1,2,6,11,13,15,19,20,22,25,28,31,33,34,39,50,52,54,56,59,61,63,64,67,68,70,71,73,75,76,77,79,81,85,86,92,95,99,101,103,105,106,109,110,112,113,114,116,123,126,130,131,132,134,135 "75";
76 57 0 7,10,13,15,19,20,21,23,25,28,36,39,45,47,49,50,52,54,55,62,63,65,71,75,78,80,82,83,85,94,98,102,103,104,106,112,114,118,123,124,128,129,131,133,136 "76";
77 57 0 1,3,5,12,19,24,27,29,30,33,36,39,43,47,55,57,63,68,76,81,82,84,87,89,90,92,96,99,103,106,109,110,114,116,122,124,128,129,134 "77";
78 108 1 0,2,5,7,9,12,14,18,21,24,26,28,31,33,35,37,38,39,43,44,46,50,53,54,60,63,64,67,69,72,73,74,79,80,86,87,89,91,95,97,99,101,103,104,105,106,109,112,115,118,119,122,124,125,129,131,134,136,137 "78";
79 46 1 3,5,10,12,14,16,22,25,26,28,31,34,36,39,44,46,49,59,64,65,69,75,77,83,85,88,91,93,94,96,98,103,108,110,113,117,122,126,128,131,133 "79";
80 2 1 7,10,19,26,29,40,45,56,77,82,88,94,106,124,126,127,134 "80";
81 57 0 2,3,5,9,10,14,17,19,21,23,28,30,31,33,37,39,42,44,46,48,50,51,53,56,59,62,63,69,70,75,76,79,81,83,84,86,87,89,90,94,97,98,101,103,106,108,110,111,113,114,116,117,118,122,124,125,127,130,133,134,137 "81";
82 137 1 2,4,6,8,10,16,20,24,25,28,29,31,32,35,38,44,46,49,52,53,60,61,62,65,68,70,73,75,79,84,85,87,91,93,94,95,97,98,101,103,104,106,107,113,118,121,122,123,126,128,132,136 "82";
83 112 1 13,22,26,28,29,34,37,43,49,51,53,56,73,78,86,92,104,131 "83";
84 88 1 0,2,5,6,9,10,11,13,15,16,18,21,24,27,28,30,33,35,37,39,43,44,48,51,53,54,57,58,61,64,65,66,68,69,72,74,76,79,80,81,84,86,88,90,91,93,94,96,98,100,102,103,105,108,109,111,113,114,117,119,121,123,124,126,128,134,136 "84";
85 78 1 0,1,3,5,7,9,12,14,16,20,21,24,27,28,31,34,36,39,41,43,45,47,48,53,56,58,59,61,63,65,70,72,74,77,80,81,82,83,86,88,90,92,94,98,101,103,105,107,108,110,111,113,114,115,117,122,124,126,128,132,133,135,137 "85";
86 120 1 1,5,7,11,13,14,16,20,22,29,34,37,42,47,53,56,60,62,65,66,70,75,76,79,81,82,103,114,118,123,129 "86";
87 6 1 1,2,4,5,9,10,14,16,18,20,22,24,27,29,32,34,35,36,38,42,47,51,54,58,60,62,66,69,75,76,78,80,86,91,94,101,105,107,109,110,113,120,127,128,129,133,135 "87";
88 105 0 2,6,15,25,26,33,47,49,52,54,71,83,88,92,94,96,110,116,121,122,137 "88";
89 10 1 0,10,12,13,19,23,24,28,31,42,47,49,52,58,60,66,69,71,80,90,97,100,102,104,110,113,116,117,119,126,131,134 "89";
90 37 0 1,10,13,20,22,26,27,30,32,34,35,39,40,48,52,57,63,72,76,78,80,82,83,87,90,96,107,113,119,129,132 "90";
91 35 1 4,7,9,12,14,17,22,23,30,36,38,40,44,46,48,49,51,53,54,55,57,64,65,67,72,73,75,76,81,83,91,94,96,100,102,103,106,109,114,121,126,131,132,137 "91";
92 14 0 7,10,15,17,18,23,26,32,37,42,49,53,55,58,64,67,72,77,80,81,83,86,88,94,97,99,103,105,107,110,113,114,117,122,127,129,132,134 "92";
93 122 1 1,6,8,10,12,14,23,27,29,31,33,35,38,40,43,45,46,49,53,58,63,65,68,72,77,82,83,89,91,95,97,99,100,102,108,110,111,114,119,124,125,126,128,130,132,136,137 "93";
94 5 0 10,53 "94";
95 0 1 13,24,36,45,47,48,60,73,76,99,106,108,120,123,133,135 "95";
96 117 1 20,73,83 "96";
97 138 1 4,5,10,20,38,50,53,61,71,80,83,85,93,101,106,110,115,118,120,123,126 "97";
98 5 1 0,7,20,61,66,73,80,85,106,116,117,136 "98";
99 58 0 1,5,25,31,35,40,56,65,85,125,128 "99";
100 37 0 0,2,4,6,8,10,13,14,17,18,19,21,24,25,29,30,32,36,37,38,40,43,46,49,51,54,56,57,60,65,66,68,70,71,74,76,77,79,82,84,86,87,90,96,99,102,103,106,108,110,111,113,115,118,123,124,128,132,133,134 "100";
101 89 1 9,11,13,15,35,40,47,51,65,73,84,86,87,96,108,112,115,134,136 "101";
102 98 1 2,3,8,28,43,48,52,70,75,77,80,82,96,98,109,118,122,126 "102";
103 90 0 4,7,10,12,17,18,23,27,28,31,50,55,59,61,62,68,72,93,94,100,122,123,129 "103";
104 91 1 5,6,9,21,25,35,38,40,46,51,52,58,61,63,67,69,77,84,88,89,91,96,99,104,107,114,115,126,129,130,133,137 "104";
105 34 0 1,12,20,23,27,33,34,39,41,45,54,61,70,80,82,86,96,100,106,121,136 "105";
106 119 1 3,5,12,18,21,36,40,43,44,48,54,59,67,75,83,85,89,96,102,107,108,111,113,116,118,121,125,126,134,136 "106";
107 45 0 0,1,8,10,12,13,15,16,18,20,22,26,27,29,31,34,35,37,39,44,45,48,49,50,51,53,57,59,60,62,63,65,66,70,72,73,74,77,79,82,87,88,89,91,93,95,98,100,103,106,110,113,114,119,121,123,130,131,134,135,137 "107";
108 29 0 30,57,77,91,126 "108";
109 69 0 14,20,25,27,31,32,33,37,44,48,49,52,63,65,69,71,80,85,87,90,91,99,100,101,107,109,111,112,124,127,130,132,134,136 "109";
110 124 1 1,2,4,6,7,8,13,19,24,25,31,34,35,38,41,43,45,46,52,53,57,61,65,66,67,69,71,74,75,78,79,83,84,86,87,89,92,94,97,101,103,104,108,109,111,113,115,120,121,123,124,126,129,132,133,136,137 "110";
111 62 1 1,7,11,13,17,18,21,39,43,46,52,54,55,58,62,64,67,74,78,79,85,89,90,92,95,98,101,103,113,120,127,132 "111";
112 98 1 11,23,25,27,34,35,42,47,51,60,64,69,73,77,79,81,84,85,86,94,97,99,101,104,110,113,116,119,123,126 "112";
113 93 0 7,10,14,16,22,26,31,33,35,40,41,48,54,61,71,73,76,78,85,88,93,95,101,109,111,118,121,126,130,132 "113";
114 93 0 10,24,61,70,80,135 "114";
115 116 0 5,7,72,97,104,115,120,125 "115";
116 18 0 6,55,82,92,110,118 "116";
117 12 0 0,2,4,6,8,10,16,19,21,25,26,29,33,40,41,43,47,48,50,55,60,65,68,69,71,73,77,78,81,84,85,86,88,91,93,97,99,101,103,105,107,111,113,114,117,120,134,135 "117";
118 11 0 0,1,2,4,5,6,8,12,14,16,18,23,27,30,34,36,39,40,42,44,47,51,53,55,57,65,66,67,75,76,83,84,88,89,92,94,100,103,107,110,113,115,119,120,124,125,127,128,130,136 "118";
119 35 1 8,10,12,25,27,31,38,41,48,55,61,63,79,90,101,111,119,133 "119";
120 52 1 0,4,8,10,12,13,14,17,18,20,21,22,23,25,26,28,29,32,35,36,38,40,42,44,45,46,48,49,52,54,55,61,63,65,66,68,71,74,77,80,82,83,86,88,90,93,96,99,100,107,108,110,111,114,117,119,122,123,124,125,127,130,134,137 "120";
121 94 0 0,1,4,8,10,12,13,15,16,19,22,25,27,28,30,31,34,36,38,39,40,42,43,46,50,51,52,57,61,64,66,67,69,73,76,77,81,84,85,89,91,94,95,96,98,100,101,103,104,106,107,108,109,110,112,114,115,117,119,120,122,124,126,127,129,131,133,135,137 "121";
122 21 0 3,6,9,10,12,15,17,18,21,23,25,26,29,31,36,38,40,44,46,48,50,52,54,58,66,75,76,78,82,84,87,91,93,96,99,105,108,114,117,121,123,124,125,126,127,133,135,136 "122";
123 133 0 0,1,5,9,11,16,20,37,38,40,47,60,66,67,69,72,73,77,79,81,90,93,94,99,101,103,107,109,114,125,131,134,137 "123";
124 105 0 43,57,63,64,82 "124";
125 115 1 9,11,15,17,20,23,25,27,28,30,32,51,55,59,71,76,90,94,100,104,106,109,117,118,125,127,134,135 "125";
126 73 0 3,7,11,16,21,23,25,28,29,32,37,40,43,44,47,50,59,63,71,74,76,78,85,88,90,96,102,105,110,111,113,117,118,120,128,129,133,135,136,137 "126";
127 44 1 1,4,7,18,26,37,54,55,65,69,81,84,94,99,109,113,116,119,131,133,135 "127";
128 37 0 13,20,50,93,109,117 "128";
129 133 0 3,10,14,15,16,29,32,45,52,61,62,71,76,80,81,82,88,92,94,108,115,117,120,124,132,136 "129";
130 33 0 1,3,8,9,10,12,14,17,18,20,22,23,26,29,30,31,33,35,36,40,41,42,46,47,48,52,55,57,60,61,66,67,71,73,78,80,82,89,95,96,99,102,106,108,110,114,116,119,121,123,126,129,133,137 "130";
131 73 1 1,4,7,43,54,65,79,90,99,122 "131";
132 58 1 1,2,4,5,9,11,13,14,17,19,21,22,23,25,27,28,31,33,35,38,39,42,45,46,47,49,50,53,57,59,61,62,64,67,69,70,74,79,80,82,87,90,91,92,94,96,97,100,101,102,104,105,107,112,114,118,121,123,125,126,128,131,136,137 "132";
133 78 0 1,5,12,17,22,32,38,40,43,48,50,56,62,67,69,70,72,73,75,83,87,89,91,93,109,110,116,126,133 "133";
134 56 0 0,1,11,14,16,18,21,24,27,29,44,45,50,55,74,79,82,85,91,92,100,103,105,107,113,115,127,134 "134";
135 79 0 14,57,108,134 "135";
136 95 0 10,47,52,73,75,79,117,120 "136";
137 66 1 2,3,5,7,11,12,17,22,25,28,33,34,38,45,48,50,57,60,63,65,67,69,71,77,80,81,84,85,91,92,95,98,101,104,108,117,119,121,124,125,129,131,134,137 "137";
