parity 177;
0 29 0 4,8,12,14,15,16,26,28,30,34,39,41,48,51,53,56,57,59,64,65,66,68,73,74,76,77,79,81,83,85,87,89,93,95,97,100,101,103,105,107,113,115,119,120,123,131,133,135,140,148,155,165,167,169,172,174,176 "0";
1 151 0 2,11,13,32,35,38,73,78,81,88,93,95,110,112,154,166 "1";
2 71 1 0,12,20,21,22,24,26,31,35,38,39,41,43,44,48,50,52,57,58,60,63,64,65,67,68,70,73,74,77,79,83,84,87,90,92,93,94,97,99,100,102,104,105,107,110,113,114,119,120,122,124,126,130,132,133,137,142,145,147,151,153,158,159,160,162,164,165,167,169,176 "2";
3 55 1 1,4,6,8,10,16,19,21,23,26,32,33,36,42,61,63,73,79,87,89,94,120,126,128,131,135,140,152,153,158,160,167 "3";
4 148 0 32,36,38,46,48,84,89,94,105,130,132,173 "4";
5 49 0 1,5,12,13,14,17,19,20,22,23,26,31,35,38,39,40,42,43,46,48,50,51,52,54,56,58,60,63,64,66,68,70,73,74,75,77,79,80,82,84,85,87,90,92,93,97,100,102,106,107,109,110,111,112,118,120,122,124,126,130,133,134,136,138,139,142,144,147,148,151,152,154,155,157,158,160,162,165,166,168,169,173,174,177 "5";
6 114 1 0,1,2,7,9,11,13,14,16,19,21,22,24,27,29,30,35,39,41,42,45,47,49,50,52,54,57,58,60,62,63,66,67,69,72,75,78,80,81,83,84,86,87,91,93,98,101,103,104,106,107,110,111,113,118,121,123,124,126,128,130,131,133,136,138,139,141,146,148,151,152,153,154,159,162,164,166,169,175,176 "6";
7 52 1 11,25,28,43,47,51,64,74,81,136,167 "7";
8 145 0 3,14,20,42,48,49,67,80,128,132,134,149,161,167,175,177 "8";
9 51 1 134,144 "9";
10 46 1 0,4,6,10,21,23,27,29,35,37,40,41,43,45,47,52,55,56,63,71,80,83,87,94,104,108,112,115,116,121,125,130,134,145,147,151,154,160,163,165,168,170,175 "10";
11 71 1 7,10,13,14,25,26,33,46,48,49,57,60,61,63,66,69,78,79,88,94,102,105,106,111,117,119,124,126,130,133,135,141,142,143,145,158,163,167,169,172 "11";
12 58 0 0,3,9,11,13,24,29,30,40,44,45,61,73,74,76,81,84,86,92,106,112,123,125,129,134,137,141,149,151,167,169,172 "12";
13 106 1 0,6,28,40,42,56,58,61,77,92,97,103,122,164,167,176 "13";
14 154 0 0,6,8,9,12,14,19,20,21,23,27,29,30,33,35,36,37,38,40,43,44,46,47,49,51,52,54,56,59,60,62,63,65,67,69,72,73,75,77,79,80,82,84,87,89,90,91,93,95,96,98,99,101,102,104,106,108,110,112,113,115,118,120,123,124,126,128,130,131,134,135,140,143,144,147,148,150,151,166,168,170,172,174,176 "14";
15 104 0 18,39,61,62,75,79,85,87,100,113,125,137,139,149 "15";
16 101 1 0,1,2,6,7,10,11,14,18,22,24,28,30,32,34,39,42,45,49,51,54,55,57,58,61,67,71,72,74,76,78,80,82,85,88,91,92,96,99,101,102,105,106,108,112,116,118,120,126,128,131,134,137,139,140,142,143,144,145,150,152,153,155,156,158,160,162,164,169,170,173,175,177 "16";
17 121 1 16,26,30,34,35,38,41,54,71,75,78,82,90,98,108,111,114,165,171,175 "17";
18 78 1 2,5,7,15,19,26,29,33,52,58,60,63,67,73,78,83,87,93,94,98,99,101,109,120,122,125,129,131,137,140,146,149,152,154,157,162,166,172,174 "18";
19 148 1 0,2,3,5,6,8,10,13,16,19,22,23,24,27,28,29,33,35,37,39,42,44,45,46,50,51,53,56,57,59,62,64,68,72,75,77,80,81,82,85,91,92,94,96,97,103,105,106,107,109,110,111,114,115,116,118,120,122,128,129,132,135,138,139,150,154,155,158,162,165,168,171,172,174,176,177 "19";
20 113 0 2,3,8,17,22,30,40,41,43,49,63,65,72,82,90,91,99,108,114,122,123,128,130,135,137,138,150,154,169,175,176 "20";
21 77 0 13,16,21,22,25,35,37,40,42,43,45,47,51,54,55,66,68,71,78,84,87,90,92,95,98,107,109,113,114,116,124,133,140,142,143,146,152,153,155,162,164 "21";
22 162 0 0,2,3,15,16,18,22,28,33,40,46,48,57,61,63,65,69,71,83,88,94,95,97,99,101,104,107,109,111,115,119,121,122,125,128,134,138,143,147,151,160,161,167,170,173,175,177 "22";
23 64 1 0,3,4,6,11,14,16,17,19,21,23,25,28,32,34,36,38,39,41,43,46,48,54,56,58,62,66,70,72,74,77,80,87,89,90,91,93,94,95,97,99,102,103,104,110,116,118,125,126,128,131,133,137,142,144,147,148,152,157,160,165,167,170,172,177 "23";
24 130 1 0,3,6,11,16,20,23,27,30,32,37,41,44,56,60,62,65,72,79,84,86,91,98,103,106,110,118,120,123,126,132,133,139,143,157,159,162,166,168,171,173,176 "24";
25 79 0 6,9,17,19,23,31,33,43,50,57,66,68,107,109,116 "25";
26 136 0 3,7,13,16,22,24,25,36,44,50,52,62,64,68,70,73,80,81,85,93,95,102,105,107,110,125,126,129,135,151,157,160,161,162,175,176 "26";
27 99 0 2,5,8,10,19,20,23,24,28,30,35,38,40,42,44,48,52,57,60,62,63,76,78,85,88,91,95,97,101,107,110,113,115,121,124,126,129,131,133,134,136,139,142,149,151,153,157,161,167,169,171,177 "27";
28 12 0 10,33,77,121,124,145,154,172 "28";
29 79 1 14,23,28,64,85,91,105,107,129,141,152,167,171 "29";
30 83 1 3,4,8,14,19,22,28,36,37,40,41,43,44,46,49,50,54,61,62,66,70,76,79,82,89,92,93,97,98,106,111,113,116,123,126,128,130,132,134,141,144,146,147,152,153,159,164,166,167,169,171,173,177 "30";
31 137 1 1,4,6,8,11,13,16,17,18,21,23,25,28,31,34,36,37,40,48,59,60,62,65,68,73,77,79,81,83,87,92,95,97,103,104,106,107,109,110,112,114,116,120,121,126,130,131,133,139,141,147,151,156,158,160,161,162,165,166,168,171,174 "31";
32 166 1 10,18,22,25,29,33,35,38,48,51,54,58,64,72,78,80,83,85,86,88,90,95,98,103,107,110,112,114,115,118,127,132,136,140,142,143,145,148,150,151,156,169,171,173 "32";
33 133 1 3,12,15,21,23,25,31,33,34,36,41,45,47,50,54,61,64,65,75,79,82,85,87,89,90,93,97,98,101,106,109,111,114,116,120,125,126,133,136,138,141,144,147,150,153,156,157,159,164,172,174,175 "33";
34 30 1 0,3,5,8,11,15,16,18,21,23,25,26,34,37,41,42,44,45,46,49,51,53,56,61,64,68,71,74,75,77,78,81,84,85,87,88,90,92,93,95,96,97,98,99,101,103,105,107,111,117,120,121,123,126,129,134,136,137,139,144,145,146,150,154,156,165,172 "34";
35 6 1 0,2,6,8,10,12,15,17,19,20,22,26,27,28,31,32,37,38,40,43,47,48,49,51,53,54,56,64,65,67,69,71,73,76,78,81,82,86,88,91,93,95,96,97,99,100,105,106,107,114,115,117,118,120,122,124,126,127,129,130,133,136,138,141,145,148,149,152,154,156,157,159,161,164,166,168,169,171,173,176 "35";
36 90 1 1,3,6,14,15,18,21,23,24,26,30,33,37,39,42,44,46,47,51,53,54,56,58,63,64,66,74,75,80,84,87,89,93,96,97,100,101,108,116,117,122,124,126,131,136,137,143,146,147,149,152,154,159,160,161,163,168,177 "36";
37 18 1 1,5,7,9,11,13,16,17,19,21,22,24,26,27,29,30,31,34,38,39,41,43,48,49,52,53,56,57,58,60,61,63,64,65,66,67,69,70,71,72,74,77,79,80,83,84,86,87,88,91,94,96,99,100,102,104,106,109,113,114,117,118,121,123,125,127,129,132,133,134,136,138,142,143,145,147,150,151,154,157,160,162,168,170,172,173,175,176 "37";
38 130 0 1,3,5,6,8,10,13,17,19,21,23,24,26,27,30,31,32,33,34,37,40,44,50,51,54,55,58,62,63,65,66,67,68,70,71,74,81,82,84,88,89,92,93,95,97,100,102,104,106,107,109,110,111,112,114,115,116,118,121,123,125,127,128,138,139,141,143,144,148,153,156,158,164,165,166,168,170,172,174,176 "38";
39 108 1 2,9,10,12,14,15,18,20,29,31,35,36,40,47,49,51,52,54,56,59,60,63,65,66,70,72,75,82,86,88,97,98,100,104,106,109,115,121,128,129,130,135,139,140,142,147,149,151,152,163,170,175,176 "39";
40 169 1 1,2,4,5,6,7,10,12,13,15,17,18,19,23,25,27,28,30,34,37,41,46,48,49,52,55,60,63,64,66,68,70,71,74,75,78,80,81,85,86,87,88,90,91,92,93,97,98,99,100,102,108,112,113,117,119,123,127,129,131,135,136,137,140,142,143,144,147,148,151,153,155,156,158,159,161,162,165,166,170,173,174,176 "40";
41 58 1 17,37,45,66,69,88,95,99,101,109,116,117,123,133,148,152,158,162,165,167,171,175 "41";
42 103 1 1,2,4,7,15,18,25,26,27,35,40,44,53,55,70,72,78,80,87,92,99,100,109,110,113,119,122,123,128,136,170,174,175 "42";
43 22 1 0,2,3,12,14,15,19,21,29,32,34,36,37,40,43,44,46,47,49,53,57,59,61,64,66,67,69,76,81,86,95,96,99,108,113,115,117,119,124,125,127,128,130,131,141,143,147,149,154,161,162,164,166,169,170,173,175,177 "43";
44 49 0 0,7,10,11,15,17,23,24,27,28,32,34,38,39,41,47,50,54,55,56,58,59,61,62,64,67,68,71,73,77,82,87,92,93,95,98,103,109,111,112,115,116,119,122,124,125,129,130,135,137,139,141,144,150,152,154,160,161,164,165,167,171,173,175,176,177 "44";
45 175 1 2,7,22,36,39,47,67,86,89,92,96,107,162,169,177 "45";
46 31 0 1,25,33,37,39,60,73,77,95,106,108,119,122,147,161 "46";
47 142 0 0,10,16,18,20,22,25,49,50,54,57,80,106,117,125,127,132,139,145,147,148,156,161,170 "47";
48 106 0 0,5,9,19,23,32,34,37,46,49,53,56,58,62,67,78,81,82,90,94,96,113,116,129,135,143,145,146,175 "48";
49 155 0 1,6,7,8,10,17,20,26,31,35,36,41,43,44,48,51,59,65,68,72,75,79,81,86,87,91,97,101,105,112,114,116,119,121,122,124,130,134,141,143,146,149,153,155,156,163,164,165,175 "49";
50 56 1 13,19,20,24,32,46,51,60,63,68,70,75,80,82,83,85,95,98,100,103,106,111,113,114,117,119,125,133,144,146,152,157,159 "50";
51 60 1 4,12,17,30,32,36,39,41,45,47,48,52,53,56,59,61,71,73,75,80,82,88,92,94,97,99,101,103,106,109,112,117,124,127,130,133,134,136,143,144,145,149,157,160,165,173,177 "51";
52 33 1 0,3,6,7,10,11,14,15,17,19,20,21,24,25,27,29,30,36,37,38,40,42,43,45,46,48,49,54,55,56,58,59,60,62,64,66,68,73,74,75,77,80,82,83,85,86,87,90,93,94,96,100,102,104,106,107,110,112,113,117,119,121,123,125,126,129,131,133,135,138,145,146,149,153,154,156,159,160,162,164,165,167,169,173,175,177 "52";
53 158 0 1,21,26,37,45,52,55,60,78,96,108,110,112,120,126,146,157,159,166,169,170,172,176 "53";
54 0 1 7,21,22,31,43,86,99,140,167 "54";
55 177 0 0,2,4,5,8,11,13,15,17,18,25,26,27,31,34,35,37,39,43,44,45,47,48,50,52,60,61,63,64,67,69,72,78,79,81,83,85,86,87,90,91,93,96,99,101,102,109,110,112,115,117,119,120,121,124,127,128,131,133,135,137,139,141,142,144,146,150,152,154,157,158,160,161,163,165,166,167,168,170,172,174 "55";
56 51 1 13,14,37,55,82,150 "56";
57 149 0 2,3,5,7,9,11,14,19,22,25,29,30,32,34,35,38,40,42,44,45,48,50,51,53,54,55,56,60,62,64,66,67,69,75,79,80,83,86,89,90,91,93,97,99,103,104,105,108,110,111,115,117,119,121,124,125,132,134,140,143,145,146,148,150,152,154,155,157,161,163,164,166,168,170,172,173,176 "57";
58 27 1 6,13,103,105,134 "58";
59 177 1 1,5,11,14,15,18,22,24,26,27,29,32,37,40,43,46,47,51,53,57,59,70,75,76,80,83,85,86,88,90,92,95,102,104,111,114,119,120,122,127,131,134,136,138,139,141,147,150,159,163,167,168,170,172,176 "59";
60 124 0 2,6,7,9,12,16,18,20,22,26,34,38,41,46,47,57,58,60,65,66,71,77,79,81,83,87,88,91,93,95,99,101,103,109,114,116,119,120,122,127,128,136,140,142,145,146,150,152,161,163,165,166,168,170,171,173,174,177 "60";
61 6 0 5,30,52,60,94,103,112,126,151,162,164,175 "61";
62 103 0 26,46,88,131 "62";
63 150 0 1,6,24,25,34,36,49,50,55,62,68,71,75,76,80,89,99,109,118,130,135,138,148,164,171 "63";
64 64 0 5,7,17,20,22,30,34,35,38,40,49,53,55,56,58,61,62,64,69,71,73,77,79,83,86,87,91,93,96,101,105,106,108,110,112,130,139,143,144,148,149,150,152,153,160,164,169,172,174,176,177 "64";
65 69 0 31,85,102,126,129,134,142,149,175 "65";
66 46 1 0,8,38,57,74,84,87,91,124,136,138,141,156 "66";
67 85 1 2,4,6,9,15,19,21,23,27,28,29,30,32,34,39,42,44,46,48,50,53,54,56,58,61,63,64,65,67,70,71,74,76,80,82,83,85,88,90,91,92,95,96,100,101,103,104,105,108,110,111,112,114,117,118,119,123,128,129,131,132,134,135,139,142,145,147,151,152,153,154,157,158,161,165,166,169,170,171,175,177 "67";
68 50 0 0,3,4,8,13,21,23,27,31,34,41,44,49,57,59,60,62,68,74,75,76,81,84,89,101,105,107,116,121,125,128,130,132,138,144,150,152,166,173,176 "68";
69 106 1 1,3,4,12,14,16,17,23,24,26,29,31,34,37,38,41,44,47,52,58,59,60,63,65,71,73,74,79,83,84,86,88,90,93,96,99,100,105,108,109,111,114,116,118,121,122,125,135,137,139,141,144,147,150,152,153,156,160,163,164,166,167,170,172,173,175,177 "69";
70 74 0 0,3,5,7,8,10,12,14,20,22,24,28,30,32,33,36,40,42,45,48,49,51,57,59,61,62,64,68,72,74,75,77,82,85,87,88,90,92,95,97,100,102,104,105,108,110,111,114,115,118,119,122,126,127,134,135,137,141,142,145,149,152,155,158,160,164,169,177 "70";
71 178 1 5,8,9,13,24,27,29,33,40,41,43,46,49,51,53,56,58,60,65,67,68,70,73,76,79,84,85,88,92,98,102,105,109,117,119,123,125,127,128,131,136,139,150,152,159,161,164,166,168,173,175 "71";
72 174 0 2,5,12,17,22,24,25,41,42,53,55,59,67,70,71,84,86,91,104,106,108,109,111,113,115,121,122,127,128,130,138,153,158,167 "72";
73 86 0 4,6,10,15,22,25,30,37,44,45,46,56,60,65,67,72,74,79,80,95,104,107,116,122,125,128,130,135,164,173 "73";
74 65 0 0,2,4,5,10,12,14,15,18,20,22,25,27,29,31,32,34,36,37,39,41,43,44,49,51,53,54,56,59,60,62,63,65,66,70,71,73,74,76,78,81,82,90,93,95,96,98,99,100,104,105,107,108,112,114,115,116,117,120,122,126,128,129,131,132,133,135,136,138,141,142,143,145,146,149,155,156,160,162,166,168,170,172,175,177 "74";
75 173 1 0,2,5,6,11,14,15,18,19,22,25,28,29,31,32,34,36,39,43,47,48,50,53,56,58,62,64,65,68,70,71,72,74,75,78,79,81,82,88,90,91,93,95,96,98,100,102,104,106,107,109,113,115,117,118,119,121,122,126,127,128,131,134,135,138,139,140,142,144,147,149,150,152,154,158,162,164,165,167,171,175,176,177 "75";
76 84 1 0,2,11,19,20,22,27,31,34,35,39,41,43,45,48,49,51,55,65,68,70,71,77,84,86,89,90,94,97,100,101,104,106,109,118,119,120,123,125,128,129,131,139,140,144,145,152,161,163,169,173 "76";
77 2 0 11,22,25,52,59,63,66,74,79,81,85,95,109,125,155,161,173 "77";
78 14 0 0,3,6,10,11,14,15,17,19,20,21,22,24,26,30,31,42,44,50,52,54,61,63,65,69,71,73,74,77,78,80,81,82,87,90,92,93,100,101,104,105,109,110,113,115,116,118,120,124,127,128,129,131,132,135,137,138,142,143,148,149,155,157,160,162,166,167,169,170,172,174,176,177 "78";
79 148 0 2,11,15,32,34,46,50,60,61,68,74,78,89,95,104,109,114,117,122,136,139,164,175 "79";
80 147 0 5,12,22,26,27,36,42,60,61,71,82,84,88,102,114,127,133,135,152,163,166,169 "80";
81 177 0 1,5,6,9,11,12,18,20,25,33,37,42,46,48,51,57,58,64,68,69,73,77,79,82,86,92,94,96,102,103,108,112,116,118,119,122,129,131,143,146,149,161,174 "81";
82 79 1 5,10,13,17,20,29,35,38,44,53,59,64,70,71,85,93,96,102,112,113,122,129,131,133,147,150,155,157,162,166,167,168,176 "82";
83 87 1 1,2,4,6,8,10,12,13,21,22,24,26,27,30,31,32,35,38,40,43,44,47,53,54,56,57,59,61,62,65,66,69,72,73,75,76,77,79,81,83,88,92,94,95,96,100,101,103,107,108,109,111,114,120,123,125,126,129,130,131,133,135,136,138,140,142,147,150,153,157,159,160,164,166,168,169,171,175,176 "83";
84 80 1 0,14,18,20,26,28,37,40,41,42,44,47,48,52,55,56,67,70,72,73,78,84,91,94,111,127,131,135,136,137,140,144,147,167,169,170 "84";
85 74 0 3,6,7,9,12,13,15,21,23,25,26,27,29,31,33,35,37,42,43,45,47,48,49,52,53,55,57,60,62,63,65,66,68,70,72,74,77,79,81,82,84,85,88,89,90,92,95,98,100,103,105,106,108,109,110,112,116,118,120,121,123,125,127,129,130,132,135,136,137,139,142,144,146,147,150,151,154,156,159,162,164,165,167,171,174,175,177 "85";
86 176 0 0,3,6,7,9,10,11,13,18,20,23,24,27,31,35,36,38,39,41,45,46,50,53,59,61,62,68,70,71,72,73,75,76,77,79,80,82,83,84,86,90,92,93,96,97,98,100,102,105,107,109,111,114,115,116,120,123,124,126,127,130,131,132,135,136,140,141,144,146,147,149,152,154,157,160,161,162,165,169,170,172,176,177 "86";
87 154 1 1,4,7,15,30,32,35,38,39,41,46,48,57,59,62,66,71,77,82,90,94,95,99,104,106,116,122,127,129,132,141,143,144,153,170,171,175,176 "87";
88 43 0 3,4,9,11,13,15,17,19,21,23,26,27,31,32,34,39,41,43,44,46,53,55,57,60,62,64,66,68,69,71,72,75,77,79,80,82,85,86,89,93,95,99,102,104,106,107,110,116,117,123,124,125,127,130,132,136,137,141,142,145,146,149,150,152,153,154,158,159,161,162,165,166,168,170,172,175,177 "88";
89 164 0 7,9,24,26,30,35,46,47,54,57,60,63,71,78,79,80,98,107,112,117,119,122,130,132,152,160,166,171 "89";
90 47 0 5,10,12,13,18,20,37,40,44,46,48,50,56,84,92,93,128,131,142,148,151,154,155,160 "90";
91 17 1 4,6,11,13,16,18,19,22,23,24,29,31,32,33,36,44,47,49,50,52,55,57,64,66,68,69,72,74,76,77,80,83,85,87,88,90,92,94,96,104,106,108,109,112,114,115,117,120,122,124,125,131,136,137,139,141,143,145,150,152,158,162,164,166,168,173,177 "91";
92 138 0 0,1,5,7,9,11,14,17,22,24,25,26,30,31,33,37,38,40,45,46,48,49,51,52,53,55,56,57,60,62,66,75,77,79,85,87,94,96,97,99,102,106,108,111,114,116,118,124,126,131,134,138,141,143,145,147,148,152,154,157,159,164,169,172 "92";
93 177 1 0,2,5,8,11,13,15,17,18,20,22,23,25,26,31,34,36,38,43,46,47,52,53,56,57,58,59,60,62,63,65,68,70,75,78,80,81,83,85,87,88,91,92,94,95,96,98,102,104,106,109,114,115,116,118,121,124,125,127,128,129,130,134,135,137,138,140,143,146,148,150,153,156,158,160,163,164,166,167,168,170,172,173,176,177 "93";
94 94 1 26,27,32,34,41,112,133,138,149,163,169,170 "94";
95 146 0 0,5,8,10,11,14,19,20,21,23,31,33,35,37,41,44,45,48,51,55,57,59,64,65,67,70,72,73,74,77,80,81,83,85,87,90,92,94,96,99,102,106,108,112,114,116,119,120,121,123,127,131,132,137,138,139,143,147,148,149,152,154,156,158,162,163,164,165,167,168,172,174 "95";
96 129 0 0,4,5,8,10,12,14,16,21,22,24,25,28,29,31,33,35,37,38,42,43,47,49,53,54,57,58,60,62,64,65,68,70,74,76,77,78,79,83,86,91,94,96,98,99,101,104,105,113,116,119,121,124,126,131,134,138,141,142,145,150,152,154,155,156,157,161,162,163,164,166,167,172,175 "96";
97 83 1 0,4,6,10,13,14,16,17,19,21,23,25,30,33,34,39,42,50,54,57,58,60,63,66,71,79,84,90,91,95,97,99,106,107,112,114,115,120,121,123,125,129,134,136,140,144,146,148,149,150,152,155,156,157,159,161,163,165,167,168,170,172,173,175,177 "97";
98 178 1 2,8,12,17,19,20,37,39,41,50,59,72,74,87,94,99,100,104,111,116,118,133,149,153,154,160,175 "98";
99 135 0 0,3,5,6,8,10,11,14,15,17,18,20,21,23,25,28,29,30,31,36,38,39,41,42,44,45,47,49,53,55,59,62,64,65,67,69,73,75,76,79,80,81,82,84,85,86,87,90,91,93,94,97,100,102,103,107,109,110,111,114,117,119,120,122,123,127,128,130,132,133,135,137,138,145,148,150,153,155,156,158,160,162,165,166,172,173,175 "99";
100 160 0 4,7,9,19,46,95,98,100,109,118,132,137,138,152,159,162 "100";
101 53 1 20,33,81,177 "101";
102 22 1 0,3,7,10,12,14,15,19,20,22,23,27,29,32,36,43,56,58,60,61,63,73,75,82,86,88,92,94,98,100,101,104,106,109,123,124,128,130,131,133,135,136,141,148,150,160,163,164,171,175,176 "102";
103 125 0 0,6,9,12,14,23,24,27,34,38,42,44,51,53,61,62,64,68,70,77,78,81,85,87,89,92,98,99,102,108,110,119,123,124,130,133,135,138,140,144,147,150,158,160,165,168 "103";
104 77 0 0,7,8,10,12,17,18,19,24,27,40,45,49,51,52,55,61,64,71,77,82,83,85,87,91,110,120,128,131,136,139,144,147,155,161,163,168,169 "104";
105 112 1 66,89,145,159,166 "105";
106 24 0 12,16,18,22,27,32,34,35,45,47,53,59,60,65,68,78,81,82,85,89,94,100,112,114,117,119,127,134,135,139,140,155,158,160,164,165,170,172,176 "106";
107 53 0 2,4,8,11,19,23,28,30,33,36,40,41,42,45,46,48,53,61,62,66,68,71,73,76,78,80,86,91,93,95,96,98,100,102,104,107,109,112,114,115,119,121,122,125,127,131,135,139,141,142,144,148,151,152,154,157,160,163,165,167,169,170,172,177 "107";
108 107 0 3,10,11,15,20,22,24,26,28,30,42,46,49,53,59,62,72,77,86,94,95,107,111,116,117,132,134,137,138,148,153,158,161,168,171 "108";
109 59 1 3,9,15,19,20,22,25,29,52,57,59,63,68,69,74,77,81,95,97,101,104,106,108,116,132,134,137,143,147,152,154,157,159,161,165,167,168,171,177 "109";
110 103 1 9,40,42,78,95,133,139,145,166,177 "110";
111 124 1 1,3,4,6,9,11,12,13,16,17,23,25,26,28,30,32,36,37,38,40,46,48,50,52,53,55,57,58,61,63,67,70,75,78,79,80,82,85,86,88,92,94,96,99,100,101,104,108,110,111,113,115,116,117,118,119,121,122,125,127,129,131,134,136,137,140,142,144,147,155,156,158,160,162,165,169,170,171,172,175,177 "111";
112 171 1 5,8,10,11,15,18,24,26,28,35,40,45,47,48,58,73,75,85,99,106,109,115,120,122,124,125,132,134,135,138,140,168,173 "112";
113 26 0 0,4,15,20,24,29,31,33,39,43,49,50,51,53,62,64,68,72,76,79,80,83,86,88,91,93,94,95,100,103,108,115,121,128,132,135,143,150,155,166,169,172,173 "113";
114 73 0 7,9,14,16,20,21,23,25,29,30,33,34,37,39,43,47,49,51,53,55,56,61,62,63,66,71,76,81,84,89,94,98,102,103,107,112,117,125,127,128,130,133,139,145,150,155,157,160,161,165,167,168,171,172,175 "114";
115 0 0 0,3,9,14,16,18,19,23,27,28,30,32,34,35,37,38,44,47,49,52,56,60,61,70,73,76,80,85,90,92,94,95,99,102,105,107,108,111,114,119,120,127,131,134,136,137,139,142,146,152,157,161,166,168,170,171,173,176,177 "115";
116 56 1 15,16,20,23,40,53,63,71,76,81,94,100,102,108,118,122,124,150,157 "116";
117 20 0 2,5,8,10,12,14,15,20,24,27,28,30,31,32,33,35,36,39,40,42,44,45,46,48,50,52,54,56,57,59,61,62,63,66,68,70,74,76,79,81,84,90,91,95,99,100,102,103,105,107,110,112,115,116,118,120,121,123,124,125,127,130,136,140,143,146,147,149,151,152,154,155,157,159,160,161,163,165,170,174,175,176 "117";
118 125 0 0,5,6,14,17,22,27,39,41,44,54,57,63,70,73,80,81,87,92,101,106,109,111,114,115,117,120,135,137,142,146,148,153,164,166,169,171,174,177 "118";
119 43 0 1,5,9,10,12,14,17,20,24,26,28,30,32,35,40,48,49,52,56,60,64,66,68,72,75,76,80,82,85,87,88,92,93,97,101,103,112,113,117,121,122,124,126,127,128,134,136,139,141,147,151,153,156,160,164,166,168,170,171,174,175 "119";
120 1 0 1,4,13,19,36,38,56,104,109,124,137,144,146,147,151,158,169,176 "120";
121 92 1 13,29,65,169 "121";
122 17 1 0,2,5,8,9,12,17,19,22,26,27,34,35,36,38,39,41,43,45,47,53,55,57,59,63,65,66,67,71,75,76,79,81,84,86,89,91,92,94,97,99,100,102,105,106,108,110,113,115,118,125,131,132,135,136,140,141,143,144,146,147,149,153,156,168,169,171,172,174,177 "122";
123 142 0 0,1,3,7,8,12,15,18,19,22,24,26,30,33,38,39,42,44,48,50,51,54,55,57,61,62,64,67,70,72,74,78,79,88,91,93,95,98,99,101,104,108,114,116,122,123,124,128,132,136,139,140,142,144,145,149,155,156,157,160,163,165,166,167,169,170,172 "123";
124 145 1 129,170 "124";
125 22 0 3,14,16,18,21,23,27,29,31,33,42,47,54,55,57,62,65,75,87,94,98,100,102,115,117,119,122,131,136,137,142,143,152,156,159,163,164,166,167,168,172,173,177 "125";
126 86 1 0,1,3,6,7,9,15,16,19,22,28,33,35,40,41,45,46,50,52,53,57,59,60,64,65,67,69,71,75,77,79,80,81,82,84,88,89,95,98,100,105,106,109,111,114,118,119,121,125,126,127,129,130,131,133,138,139,141,145,150,151,153,154,157,159,161,166,167,169,170,171,174,176 "126";
127 40 0 3,5,7,9,10,11,15,17,19,20,22,25,26,29,34,38,46,48,50,51,53,55,56,57,59,60,63,69,71,74,81,84,85,89,91,92,94,98,100,108,111,112,117,118,122,125,126,130,132,133,135,136,138,141,145,148,150,152,154,158,160,162,164,169,171,173,175,176 "127";
128 59 0 0,1,2,5,6,7,10,11,13,16,17,20,24,26,30,31,33,34,35,36,38,39,43,46,48,50,51,53,54,56,57,59,60,62,64,65,67,71,73,75,76,78,80,82,83,84,88,90,93,95,97,98,100,102,104,106,107,108,116,118,121,123,124,125,131,132,134,135,137,142,145,146,149,151,153,155,156,161,162,164,166,168,170,172,173,177 "128";
129 132 0 0,4,6,8,10,12,13,16,18,19,21,31,32,33,35,36,41,43,46,49,50,52,54,57,59,60,62,63,65,67,68,69,71,73,76,77,81,82,84,88,91,93,95,97,100,101,103,104,106,113,114,116,119,122,124,125,128,132,136,138,144,155,158,160,162,166,168,169,171,172,174,177 "129";
130 24 0 14,21,23,38,84,94,109,113,133,148 "130";
131 92 0 1,10,17,27,31,42,43,48,53,58,61,65,70,85,89,98,116,121,133,140,153,156,163 "131";
132 102 0 12,18,24,31,39,42,44,53,56,60,67,69,71,76,79,81,83,94,101,105,109,113,126,128,131,150,155,171,174 "132";
133 70 1 1,3,5,8,11,12,17,19,23,26,27,29,30,32,35,37,41,43,45,46,52,54,56,57,59,61,65,68,69,70,74,75,76,80,81,84,85,92,93,96,98,99,101,103,106,108,112,114,115,116,118,119,122,124,125,127,128,129,132,134,136,137,139,148,152,153,155,156,158,159,161,162,164,166,168,169,173,176,177 "133";
134 87 1 4,7,8,10,12,17,20,23,25,35,37,40,43,46,52,54,57,58,62,64,66,69,71,73,78,79,82,85,86,89,92,96,98,105,110,111,114,120,123,125,134,138,143,147,148,152,154,156,157,158,160,163,167,171,173,175,176 "134";
135 60 1 5,10,13,17,27,32,42,49,56,58,65,66,68,84,86,97,100,101,106,113,115,126,129,134,135,146,148,158,167 "135";
136 57 0 1,3,6,7,8,11,12,16,17,19,20,22,23,24,29,32,33,37,39,41,43,44,46,48,50,51,56,59,63,68,72,74,75,78,81,83,84,87,88,92,93,95,96,98,100,101,103,104,107,110,111,113,114,117,120,121,125,128,129,134,136,138,139,140,142,143,144,146,148,152,153,156,158,159,161,162,164,165,166,167,169,171,172,175,176 "136";
137 151 1 1,14,19,26,27,35,42,47,54,61,64,74,76,79,82,83,90,92,95,107,113,118,119,121,124,129,130,133,137,140,141,144,146,147,151,152,161,168,170,173,176,177 "137";
138 7 0 1,20,31,44,47,48,51,55,57,63,66,75,81,92,95,118,121,125,131,141,143,161,171,176 "138";
139 70 1 0,2,3,4,6,12,15,17,19,20,23,25,28,31,33,35,37,38,41,43,44,45,46,48,51,54,56,59,61,62,63,65,66,67,69,71,72,75,77,80,82,84,88,89,90,93,98,99,100,104,108,109,111,113,114,115,116,120,121,123,124,126,127,129,131,132,136,137,139,142,143,145,146,148,150,152,153,156,163,165,166,168,169,172,175,176 "139";
140 5 1 0,3,6,9,14,15,19,20,22,24,25,28,30,32,34,35,36,37,38,39,40,43,45,47,49,52,54,55,60,61,62,66,67,71,75,78,81,84,85,94,97,99,102,103,110,114,117,118,120,122,125,129,132,136,139,142,143,147,148,159,161,165,167,169,171,173,177 "140";
141 30 0 1,13,26,46,52,63,69,93,101,125,135,150,165 "141";
142 171 0 2,3,5,8,9,11,12,16,18,19,21,22,24,26,27,30,31,34,35,37,41,42,44,45,50,52,53,55,58,60,62,63,64,67,68,69,71,77,79,82,85,86,87,88,89,92,95,96,97,103,105,106,109,112,113,116,117,120,123,125,127,129,132,134,135,137,138,142,144,145,146,150,152,155,156,157,159,160,162,163,165,166,168,171,173,175,177 "142";
143 164 0 7,46,71,82,84,96,110,126,136,154,161 "143";
144 37 1 6,8,9,11,16,20,23,25,26,28,31,33,35,37,42,43,45,47,51,52,54,58,61,65,66,67,71,73,77,80,81,82,88,90,91,94,98,101,104,106,109,111,112,115,119,123,125,126,128,129,131,132,136,137,139,141,145,150,155,156,157,159,163,167,174,175 "144";
145 72 1 2,5,7,22,24,26,27,29,32,40,45,46,49,50,58,59,61,64,69,70,77,81,88,95,102,106,108,112,114,117,119,122,124,127,130,131,134,136,137,141,142,146,152,157,158,160,163,170,174 "145";
146 88 0 9,11,14,19,22,25,41,46,53,63,67,69,80,88,96,97,98,106,112,122,123,125,128,140,146,167 "146";
147 27 0 0,1,4,7,9,10,12,14,15,17,19,21,23,26,27,29,30,36,38,41,42,43,44,47,51,53,54,56,57,59,63,66,67,72,76,78,81,83,84,85,88,90,91,93,96,97,98,100,101,105,106,108,109,112,115,117,118,122,128,129,130,132,134,135,138,139,141,144,145,146,147,150,151,156,159,161,164,167,170,172,174,175,176,177 "147";
148 174 0 0,6,10,17,18,26,28,36,39,47,57,59,61,67,74,76,86,90,92,95,97,105,111,114,115,117,119,128,133,135,145,157,158,167,168,175 "148";
149 169 0 7,12,18,24,26,30,45,48,50,59,65,74,76,84,101,110,111,113,118,125,139,142,148,149,159,163 "149";
150 113 0 1,5,10,20,26,29,32,34,37,43,47,52,56,60,64,79,80,93,95,105,112,124,128,131,136,138,142,144,154,159,163,170 "150";
151 167 1 2,4,7,17,23,25,30,32,36,38,48,49,51,56,57,62,63,65,66,70,71,74,78,91,97,98,101,109,116,118,121,124,129,131,132,137,141,143,149,151,163,165,168,172,174 "151";
152 170 1 1,2,7,9,11,12,16,17,19,22,27,28,30,32,35,38,39,41,44,45,47,50,51,58,59,61,66,69,71,73,77,84,85,86,87,89,92,94,96,98,99,102,103,105,106,108,110,112,114,117,118,120,123,125,127,128,130,135,138,143,144,145,147,149,151,153,155,156,158,160,164,169,170,172,176 "152";
153 85 1 0,6,7,10,11,15,25,36,40,45,47,51,56,57,70,73,78,86,90,91,92,98,99,107,113,119,120,125,131,136,137,138,140,150,152,153,156,159,161,175,177 "153";
154 164 1 0,2,7,9,11,14,19,20,21,23,24,25,29,32,35,36,37,38,40,46,55,57,60,63,64,66,67,69,73,75,76,78,80,81,83,84,86,93,94,96,98,99,100,103,105,109,111,112,113,115,117,118,124,125,129,131,132,134,136,137,140,143,146,148,150,154,155,156,159,168,171,173,175,177 "154";
155 76 0 5,14,15,18,35,44,55,62,64,76,82,86,88,93,96,102,106,107,128,135,142,144,146,149,154,165,176 "155";
156 5 1 0,4,10,12,20,22,28,30,33,43,47,52,56,64,68,73,74,77,78,82,89,91,95,101,102,105,107,111,112,114,123,125,128,131,150,159,170,174,177 "156";
157 159 0 1,2,5,6,8,10,17,18,20,22,24,25,27,30,32,33,35,36,43,46,47,50,54,56,63,65,67,69,71,73,79,82,83,85,87,88,90,91,92,94,96,97,98,100,102,104,106,107,109,111,114,115,119,120,122,123,126,127,130,133,136,140,142,143,144,145,147,149,150,151,153,157,159,160,162,165,167,168,169,172,173,175,177 "157";
158 77 1 0,6,8,10,14,19,26,27,29,31,32,37,43,45,47,49,51,53,63,65,68,70,72,74,77,79,82,91,94,95,102,103,108,113,116,119,120,123,129,130,132,134,137,138,144,147,149,151,152,154,162,165 "158";
159 148 0 4,10,17,19,27,36,40,44,51,55,59,62,72,86,94,100,103,106,112,114,117,125,134,135,144,145,147,151,154,156,159,167,168,170,175,177 "159";
160 139 0 2,4,6,8,12,24,26,28,30,35,37,44,46,49,52,56,57,59,61,63,68,71,77,80,82,86,89,91,96,99,101,102,105,118,128,130,137,143,148,151,155,157,159,164,166,171,174,177 "160";
161 128 0 1,2,4,7,9,10,12,14,16,17,22,24,25,26,30,34,35,44,45,48,50,57,62,64,65,67,69,70,72,75,76,78,81,83,84,89,91,92,94,97,99,100,102,106,113,116,117,129,130,132,133,138,140,141,143,145,146,148,152,154,157,159,167,169,171,172,176 "161";
162 119 1 0,3,4,5,10,14,19,21,22,27,29,34,37,39,46,50,63,64,66,67,68,74,75,85,87,91,94,98,106,117,119,122,127,130,135,137,142,159,161,162,163,166,168,175,177 "162";
163 98 0 3,4,9,14,17,22,24,26,28,29,30,31,33,35,38,40,41,42,44,46,47,48,51,52,54,57,59,61,62,64,66,67,71,72,76,77,80,83,85,87,91,93,94,96,97,99,103,104,106,110,111,116,118,122,125,126,129,130,133,134,138,140,142,145,146,151,153,154,155,158,159,164,165,167,169,171,174,176 "163";
164 113 0 34,43,67,91,109,157 "164";
165 34 0 2,4,5,9,10,11,13,17,19,23,25,32,35,37,39,41,44,45,52,54,60,61,62,63,69,73,77,78,79,81,84,92,97,99,102,107,109,111,112,117,119,120,126,133,136,138,139,141,142,146,147,149,150,153,157,159,161,165,167,168,177 "165";
166 25 0 0,2,7,8,10,13,18,21,28,32,39,43,45,47,49,50,53,55,57,61,63,69,71,73,75,76,80,88,93,94,99,106,111,113,117,118,120,125,127,129,135,138,141,143,148,150,155,159,161,164,166,168,169,171,173,176 "166";
167 154 1 0,5,12,18,23,25,28,29,32,43,46,47,52,56,60,66,80,82,86,91,96,103,106,107,115,126,136,140,141,144,146,151,152,153,155,158,162,163,167,175 "167";
168 61 1 2,11,14,24,31,39,41,47,51,55,56,61,64,66,68,70,81,88,98,101,107,113,118,120,130,141,146,147,152,158,161,164,165,170,171 "168";
169 37 1 4,6,9,12,13,15,20,22,24,29,30,35,38,40,43,45,48,50,52,53,55,56,58,60,64,65,66,68,71,73,80,82,83,85,89,93,94,95,98,99,105,109,111,112,117,125,127,130,133,134,136,138,142,146,148,152,153,157,160,164,166,167,170,171,174,176 "169";
170 127 1 58,106,117,170 "170";
171 128 1 2,3,5,7,11,12,13,27,30,32,35,38,40,51,53,56,58,59,62,66,69,71,75,82,88,93,98,99,107,110,139,141,148,152,157,168,170,174 "171";
172 148 0 4,8,10,12,16,21,26,27,28,30,31,35,40,45,48,58,59,62,65,67,74,77,79,80,86,90,93,109,118,119,123,125,129,136,139,146,150,151,156,163,170,174 "172";
173 95 0 3,7,26,33,44,48,57,70,87,90,93,99,108,112,118,130,132,138,143,150,159 "173";
174 13 0 0,2,4,5,7,9,10,14,16,17,20,25,31,40,42,49,51,57,59,60,63,65,66,68,73,75,76,79,82,85,86,88,91,92,93,96,98,101,103,105,110,112,117,119,127,131,134,140,143,147,149,152,156,159,162,163,165,169,171,175,177 "174";
175 150 1 0,8,11,14,15,16,19,21,27,30,33,35,48,54,59,65,69,77,80,82,108,121,125,127,129,130,131,139,158,165,170,172,173,174,175,177 "175";
176 143 1 3,8,11,12,15,19,25,31,36,38,48,54,62,64,67,68,70,74,81,84,85,88,90,91,93,94,96,100,108,109,126,128,131,132,135,136,137,155,160,161,162,168,169,171,172,176 "176";
177 145 1 6,8,25,30,32,36,39,41,42,51,53,55,57,61,68,72,87,91,93,95,96,100,108,117,121,123,129,133,136,138,140,143,152,168,176 "177";
