parity 83;
0 44 0 54 "0";
1 0 0 1,3,7,12,15,16,22,28,29,30,33,34,37,39,41,43,46,49,52,58,62,63,65,68,71,75,76,78,80,82 "1";
2 6 1 2,9,10,13,17,20,22,23,27,33,44,50,54,60,66,68,71,76,81,83 "2";
3 35 0 0,1,3,7,8,11,12,14,16,25,30,32,34,35,37,39,40,41,43,47,50,51,53,54,56,57,59,61,62,64,66,67,69,70,72,74,77,79,80,81,82 "3";
4 9 0 0,1,4,5,6,8,10,12,15,18,20,21,23,25,26,29,32,33,34,36,38,45,46,48,51,53,54,57,59,61,64,68,70,71,73,76,79 "4";
5 68 1 1,6,8,9,10,13,14,16,18,21,25,32,36,39,40,41,44,45,46,47,49,52,53,54,56,63,70,72,82 "5";
6 64 1 1,2,4,6,8,9,12,14,20,23,26,29,31,32,33,34,37,39,40,42,44,46,47,49,51,52,55,58,59,62,63,64,66,67,70,72,73,75,78,79,81,82 "6";
7 29 0 5,9,46,65,70 "7";
8 66 0 1,6,9,20,25,27,31,33,37,47,49,52,55,67,70,72,75 "8";
9 57 0 75 "9";
10 25 1 1,2,7,11,12,14,17,24,28,29,34,37,45,46,49,55,57,61,63,64,68,70,71,81,83 "10";
11 39 1 7,11,13,14,15,16,20,29,34,36,37,43,45,47,49,51,55,57,64,66,67,69,74,76,78,80,81,83 "11";
12 18 1 3,4,6,11,14,18,20,28,29,32,34,35,37,38,44,49,52,53,55,63,66,69,70,75 "12";
13 81 1 0,4,5,7,8,10,11,15,16,19,25,27,29,31,34,36,37,40,42,43,46,49,53,58,60,63,68,72,74,76,78,82,83 "13";
14 12 0 6,17,19,22,27,29,39,45,48,52,56,68,73,76,83 "14";
15 67 1 4,8,16,19,25,30,42,51,53,61,64,68 "15";
16 40 1 25,35,48 "16";
17 55 1 12,21,25,30,33,38,52,59,82 "17";
18 36 1 67,70 "18";
19 26 1 0,4,6,12,14,18,19,22,24,25,26,27,30,32,36,40,41,42,46,48,50,57,60,62,66,67,70,72,73,79,81,83 "19";
20 5 0 2,4,9,12,17,23,30,40,47,53,54,60,65,66,72,79,82 "20";
21 64 0 1,6,45,51,53,57 "21";
22 66 1 2,4,9,11,13,17,19,20,24,29,30,38,40,42,43,44,46,48,49,51,53,54,61,70,71,76,80,83 "22";
23 50 0 0,1,3,6,9,11,15,19,22,24,26,29,30,33,38,39,40,49,53,62,64,65,68,71,73,76,78,80 "23";
24 67 1 0,2,4,6,8,10,12,16,18,21,25,26,27,28,31,32,34,35,37,40,45,46,47,51,52,56,57,59,65,67,68,69,70,73,76,78,79,82,83 "24";
25 82 0 4,9,10,13,14,21,26,27,30,41,46,51,53,56,60,64,67,76,80,83 "25";
26 74 0 0,4,8,12,14,16,17,22,28,30,33,34,38,40,44,45,47,50,56,62,65,66,72,78,81,83 "26";
27 54 0 7,9,13,15,43,79 "27";
28 77 1 9,10,14,42,44,59,66,68,74 "28";
29 29 0 1,6,8,11,13,18,20,23,32,34,45,50,55,76,83 "29";
30 65 1 0,5,10,11,13,14,19,20,23,26,33,35,36,38,40,41,43,45,48,50,51,54,55,59,62,64,65,66,68,70,72,77,79,81,83 "30";
31 50 1 1,2,12,16,24,42,48,50,52,55,66,74,81,82 "31";
32 8 1 0,5,8,9,11,14,15,20,22,25,27,29,35,36,37,39,43,45,46,47,48,52,58,60,63,64,66,67,69,70,76,78,80,81,83 "32";
33 46 0 35 "33";
34 9 0 7,8,9,16,21,39,49,52,58,60,62,64,65,72,74,75,76,79,81,83 "34";
35 16 0 0,4,6,11,16,19,22,24,26,28,31,37,50,52,54,56,59,62,64,68,70,72,74,76,79,81,83 "35";
36 72 1 1,57 "36";
37 16 1 27,40,47,60 "37";
38 17 1 51 "38";
39 22 1 1,2,3,6,8,9,12,15,17,18,23,25,27,34,36,37,39,41,43,44,51,53,54,57,58,59,60,61,63,64,66,68,70,73,75,76,79,82 "39";
40 9 1 2,4,6,9,11,12,14,16,18,19,28,30,31,33,38,40,42,45,50,51,55,61,63,64,68,70,74,75,78,80 "40";
41 5 1 8,11,14,16,26,34,41,44,54,57,61,81,83 "41";
42 66 1 0,2,5,6,11,13,14,18,22,34,35,39,41,43,44,46,48,50,54,56,59,61,63,65,66,70,76,77,80,82 "42";
43 47 1 0,2,7,10,12,15,17,19,21,24,32,33,38,41,45,47,50,54,57,58,69,71,73,75,79,80,82 "43";
44 23 0 5,16,21,34,35,38,40,47,52,57,58,61,70,77 "44";
45 49 1 1,3,9,11,13,15,16,27,30,33,37,40,41,43,44,47,48,49,52,53,57,58,63,68,69,71,77,81 "45";
46 69 0 3,6,29,31,34,36,38,39,42,43,44,46,48,52,60,62,67,71,75,76,83 "46";
47 42 1 6,30,50,76 "47";
48 2 1 0,2,4,7,9,10,11,16,18,20,21,24,25,28,30,32,34,37,44,48,50,55,60,61,65,66,68,72,77,80,83 "48";
49 17 0 57 "49";
50 56 1 8,27,32,80 "50";
51 22 1 2,10,11,14,16,24,27,28,29,33,37,39,41,45,47,48,51,59,61,62,68,72,76,78,80,81 "51";
52 49 1 1,2,5,6,8,13,20,24,26,27,29,34,42,43,45,51,55,58,61,62,69,72,73,76,81 "52";
53 52 1 1,3,7,9,14,16,19,20,21,29,42,44,48,49,51,58,64,65,69,73,75,81,83 "53";
54 76 1 1,7,13,17,21,23,28,29,31,41,42,46,55,57,64,66,76,82,83 "54";
55 43 0 8,13,22,24,27,28,33,38,43,47,49,52,60,69,71,73,77,80 "55";
56 18 0 0,2,5,7,8,16,19,22,26,30,31,39,43,45,46,48,57,64,68,69,70,77,80,81,83 "56";
57 42 1 6,30,49,68,75 "57";
58 55 0 0,1,2,3,5,7,9,10,12,17,18,21,23,25,29,32,33,36,38,39,44,46,47,51,52,54,55,63,64,66,69,71,72,74,75,77,82,83 "58";
59 64 0 1,3,4,5,9,11,13,16,18,20,22,24,26,28,31,33,36,38,42,45,48,49,51,55,57,60,62,71,72,74,76,81,82 "59";
60 38 1 33,71 "60";
61 78 1 5,12,17,21,22,28,32,40,42,47,58,65,66,79,80,82 "61";
62 13 0 17,27,42,54,79 "62";
63 59 1 8,21,23,34,43,66,76 "63";
64 22 1 2,3,5,8,10,13,16,19,25,26,27,30,33,36,39,40,43,44,46,49,51,57,58,63,65,73,76,79,81,83 "64";
65 65 0 20,30,36,48,55,57,62,67,72,76,78 "65";
66 21 0 18,25,44,61,64,67,82 "66";
67 26 0 9,18,75,82 "67";
68 40 0 48 "68";
69 12 1 11,31,42,51,59,69,70 "69";
70 26 1 33,39,42,52,62,70,76 "70";
71 34 1 5,16,26,29,36,40,44,48,51,54,70,75,81,83 "71";
72 31 0 1,10,12,16,22,26,28,39,44,47,50,52,56,57,58,61,62,64,67,68,71,74,78,81,83 "72";
73 18 0 6,16,18,26,29,32,34,36,40,42,51,53,55,64,71,78,82,83 "73";
74 49 0 0,2,4,6,7,8,11,12,14,16,17,19,20,28,30,32,34,37,39,44,46,47,50,54,56,62,65,69,72,78,83 "74";
75 12 1 2,6,10,15,16,21,27,31,41,49,53,56,61,63,65,67,72,74,78,83 "75";
76 52 0 4,8,10,16,18,22,26,32,33,34,35,38,40,44,47,49,51,53,55,58,62,65,67,68,75,76,81,82,83 "76";
77 76 1 1,3,4,8,9,16,18,19,22,24,25,27,29,31,33,34,37,39,42,44,47,49,52,53,55,56,57,60,61,62,64,65,69,70,72,73,78,80,81,83 "77";
78 2 0 1,2,3,4,7,11,15,17,21,24,26,27,29,30,36,40,43,45,47,49,50,54,55,57,59,60,62,63,65,69,71,72,76,78,79,82 "78";
79 81 1 1,2,4,6,8,9,10,13,14,16,17,18,20,22,23,24,25,26,29,31,33,34,35,36,38,39,44,50,51,54,55,58,61,62,64,65,66,68,69,74,78 "79";
80 25 1 2,6,9,11,16,19,21,22,26,27,32,34,38,40,41,42,45,48,56,60,61,68,70,76,79,82 "80";
81 62 0 1,2,10,12,14,17,19,21,26,28,30,32,33,35,38,40,44,47,50,52,53,54,56,57,61,62,66,70,72,80,81,82 "81";
82 10 0 3,23,30,42,43,57,62,66,69,72,78,79 "82";
83 56 0 2,13,27,36,40,46,47,62,64,70,73,77,83 "83";
