parity 107;
0 97 1 1,2,5,6,10,11,12,14,17,19,21,23,25,27,32,34,42,43,48,52,62,68,71,72,73,77,82,85,86,88,93,95,97,106,107 "0";
1 30 1 1,26,50,67,105 "1";
2 1 0 1,13,25,32,35,41,44,52,71,83,90,94,100,107 "2";
3 49 1 10,15,24,31,32,36,39,48,78,79,82,93,102 "3";
4 52 0 0,3,7,10,12,14,18,20,22,23,24,26,28,29,30,31,33,35,36,38,39,41,44,45,47,51,53,56,57,63,65,67,72,73,74,75,76,78,80,82,84,86,87,90,91,94,97,98,100,102,103,106,107 "4";
5 53 0 0,2,3,4,6,8,9,11,14,15,16,18,20,21,24,28,30,31,33,34,35,37,39,42,43,45,49,53,55,58,59,61,62,64,65,70,71,73,78,81,84,85,87,88,90,92,94,97,100,106 "5";
6 19 0 4,8,11,18,26,28,30,39,42,45,47,51,52,54,55,57,66,68,71,77,83,86,90,92,98,105,107 "6";
7 68 1 7,8,10,11,15,25,26,29,30,37,42,45,46,50,52,54,57,65,69,76,78,80,85,86,90,92 "7";
8 13 1 0,2,6,9,14,15,17,20,21,24,26,27,30,31,33,36,38,40,41,44,45,46,50,51,54,56,57,58,59,60,62,63,65,67,69,70,73,75,84,86,87,90,91,92,96,97,99,100,102,105,106,107 "8";
9 79 1 12,19,22,26,28,40,44,50,57,58,62,76,78,80,87,89,96,105 "9";
10 32 0 1,3,7,11,13,17,20,21,36,38,40,41,50,55,64,70,79,84,91,93,105 "10";
11 99 0 1,2,6,8,10,12,19,21,26,28,29,31,33,38,40,41,52,54,60,61,62,65,72,74,76,79,83,86,88,90,98,101,102,107 "11";
12 95 0 2,9,11,30,31,37,78,86 "12";
13 100 0 0,3,6,9,12,14,17,22,26,27,35,37,41,44,50,53,55,56,60,67,70,72,78,84,86,89,91,95,98,100,104 "13";
14 53 0 8,10,14,15,17,19,21,23,27,31,36,37,39,41,46,48,50,54,56,59,63,64,67,72,73,76,79,80,82,86,88,89,93,95,96,103,104 "14";
15 30 1 0,3,6,9,15,16,18,21,24,26,28,30,32,33,35,36,38,40,44,47,50,53,54,56,58,64,67,68,69,73,75,76,78,79,81,83,85,87,94,96,98,99,103,104,106,107 "15";
16 55 0 0,7,10,13,15,16,21,23,24,28,30,33,35,38,40,42,43,47,48,52,54,58,60,62,65,67,68,69,70,72,73,75,76,79,83,85,88,90,91,94,97,99,106 "16";
17 37 1 3,6,36,50,53,75,78,80,90,102 "17";
18 108 1 13,25,56,85 "18";
19 6 1 2,3,12,16,19,25,37,41,52,65,74,78,80,81,85,88,90,96,99,105,106 "19";
20 22 1 1,5,9,11,12,13,15,18,19,24,25,26,27,28,30,32,35,37,39,40,41,43,45,48,49,51,52,54,55,58,60,61,62,64,67,72,75,79,80,81,82,84,89,90,91,93,94,96,98,100,101,103,105,107 "20";
21 55 0 1,2,4,5,8,10,11,13,14,16,19,20,22,25,28,31,33,35,36,38,42,43,44,47,48,49,51,53,54,56,57,59,60,62,64,65,67,71,76,79,82,84,89,92,94,95,98,101,102,106,107 "21";
22 79 1 9,11,16,23,27,38,41,46,49,54,56,65,69,73,76,82,98,103,107 "22";
23 10 0 4,6,8,16,18,27,29,34,42,44,45,46,48,59,65,69,71,72,77,82,84,89,91,93,97,99,106,107 "23";
24 61 0 0,9,12,14,28,33,49,66,72,77,89 "24";
25 0 0 0,3,6,8,11,13,16,18,20,22,25,32,37,42,46,47,50,53,55,57,58,60,61,65,67,72,74,77,78,79,82,84,87,89,90,91,95,97,99,104,105,106 "25";
26 46 1 4,5,7,16,22,24,25,31,39,41,47,50,56,59,62,66,69,72,73,74,78,86,89,99,106 "26";
27 38 0 0,2,6,7,10,11,13,14,16,17,20,22,24,27,28,29,31,34,36,37,41,44,46,48,51,53,54,60,62,65,70,72,74,78,81,83,87,88,94,96,97,99,101,102,106,107 "27";
28 38 1 1,4,6,9,11,14,18,19,21,22,24,25,26,27,29,31,32,33,34,36,40,42,44,46,47,50,52,55,57,58,61,64,65,66,68,69,75,77,79,80,81,83,85,87,89,90,94,95,97,101,103,104,106 "28";
29 52 1 2,5,7,11,19,21,22,24,25,29,34,35,36,47,49,59,61,62,64,71,76,78,83,85,89,93,99 "29";
30 17 1 1,2,3,12,21,23,26,31,32,39,41,44,48,58,60,63,67,89,92,98,107 "30";
31 1 1 0,2,3,9,11,13,17,20,22,25,26,28,29,31,33,36,37,41,42,43,46,47,49,51,53,55,61,63,67,71,72,76,79,80,84,86,93,96,99,103,107 "31";
32 61 0 13,37,55,62,69,72 "32";
33 83 0 0,1,4,7,11,13,15,17,22,24,26,28,34,36,39,42,43,45,47,57,60,63,64,65,67,71,73,76,77,80,83,85,88,91,95,96,97,101,103,105 "33";
34 62 0 1,11,17,21,31,36,41,43,45,47,49,58,62,69,71,86,93,96,98,99,101,102 "34";
35 41 0 9,23,29,71,82 "35";
36 45 1 64,99 "36";
37 79 0 1,2,4,6,9,10,13,14,15,16,24,26,28,31,35,36,42,45,46,48,53,54,55,56,60,66,67,74,75,78,81,84,87,88,90,91,95,97,101,102,106,107 "37";
38 80 1 11,14,22,27,29,38,45,59,60,68,69,82,92,105 "38";
39 18 1 0,1,12,15,21,41,44,45,47,51,59,69,76,80,89,93,96,100,102 "39";
40 83 1 2,5,7,8,22,24,31,32,38,42,48,51,52,57,59,66,67,68,77,79,82,90,91,93,94,96,103,105 "40";
41 61 0 9,32,56,61,72,79,80,85,106 "41";
42 85 1 0,2,3,4,6,8,11,13,20,22,25,28,29,31,34,36,37,38,39,40,44,46,50,51,55,56,58,59,64,65,72,75,78,80,83,85,87,89,93,97,98,104,107 "42";
43 27 0 3,16,18,21,23,27,32,34,36,37,40,42,46,47,51,53,59,61,64,66,68,72,74,76,77,80,82,88,91,93,96,98,103,104 "43";
44 64 0 1,3,4,5,7,11,13,16,18,19,21,23,27,28,32,33,34,37,39,40,41,42,45,47,48,50,51,54,55,58,60,62,64,67,69,73,74,75,76,77,80,82,84,87,88,90,92,94,96,100,103,104,105 "44";
45 32 0 2,3,5,7,9,10,11,17,18,20,22,33,34,44,48,51,53,56,60,61,63,64,68,72,76,82,91,92,95,99,104 "45";
46 16 0 3,6,12,15,23,26,28,29,32,34,38,43,46,47,53,59,64,67,70,72,80,82,84,91,96,100,103,105 "46";
47 12 0 2,3,5,8,10,14,15,19,25,30,36,38,43,45,48,50,51,56,58,60,62,63,68,72,74,76,79,92,97,99,101,103,104 "47";
48 68 1 1,7,10,11,12,17,18,22,26,32,34,35,36,45,46,49,51,54,56,57,62,63,65,67,69,74,75,77,79,81,82,84,88,90,92,94,95,98,102,104,106 "48";
49 99 0 1,7,15,38,44,55,64,65,68,73 "49";
50 57 1 2,4,9,14,17,18,21,23,26,31,35,37,40,44,49,52,53,57,58,67,70,71,75,76,79,87,88,92,96,97 "50";
51 59 0 33,70,79 "51";
52 61 0 15,25,30,44,57,71,87,89,92,98,105 "52";
53 39 0 13,15,21,22,35,37,44,46,49,51,60,62,71,84,93,98,106 "53";
54 20 1 2,11,18,19,25,30,33,35,37,45,49,54,56,57,62,67,72,76,78,80,81,86,87,89,92,96,98,105 "54";
55 34 0 7,11,15,40,44,50,62,70,76,81,87,89,90,97,100,107 "55";
56 25 1 8,10,13,15,16,17,20,21,23,24,26,28,33,35,38,44,46,48,50,51,53,56,57,59,62,64,65,67,69,70,73,74,77,80,82,83,88,90,91,93,95,97,101,103,106 "56";
57 82 0 1,5,14,23,24,28,29,32,35,36,38,40,42,44,49,52,54,55,57,59,61,63,68,72,74,75,79,81,84,86,91,98,100 "57";
58 21 1 0,5,13,17,20,26,31,33,34,41,52,57,58,63,68,69,75,79,82,84,89,91,98,101,105 "58";
59 88 0 0,3,5,12,14,16,21,25,28,30,32,33,37,39,41,44,46,53,59,61,64,68,69,72,73,77,82,89,95 "59";
60 15 1 0,2,3,5,9,11,12,14,15,17,19,20,22,23,25,26,27,28,30,32,36,38,40,42,44,45,47,48,53,55,60,61,62,63,65,67,69,75,78,81,84,86,87,88,89,92,95,97,99,104,106,107 "60";
61 69 0 0,1,4,5,6,7,9,12,13,18,20,21,22,23,25,27,29,31,32,35,36,41,43,46,49,51,52,56,57,58,60,61,63,66,68,70,72,74,75,77,79,81,84,85,87,90,91,93,98,101,102,105,106,107 "61";
62 50 0 9,22,31,33,37,42,45,57,62,65,66,71,76,85,89,96,107 "62";
63 20 1 1,5,7,8,9,12,14,20,26,27,36,38,50,52,62,65,67,70,72,74,81,83,86,90,95,102 "63";
64 78 0 4,6,8,9,11,13,14,17,19,20,25,27,28,32,33,35,39,40,44,47,51,52,55,57,59,61,64,65,67,68,70,71,72,73,75,76,77,81,82,84,85,88,90,92,93,94,97,99,101,102,104,106 "64";
65 96 0 2,5,8,12,13,16,21,23,24,27,30,33,34,35,37,42,46,47,56,60,63,64,69,72,74,80,82,83,85,86,87,89,93,97,99,102,103,107 "65";
66 71 1 3,6,9,12,13,16,19,21,23,24,26,30,33,34,36,40,44,48,54,56,58,59,62,63,65,66,72,75,77,79,81,87,93,96,98,99,101,105,107 "66";
67 74 0 0,4,12,13,14,16,18,20,21,23,24,25,27,28,31,33,34,36,39,40,41,42,48,52,60,64,65,66,69,71,74,76,78,85,88,93,94,96,97,99,102,106 "67";
68 105 1 3,5,8,15,18,19,22,25,27,29,32,34,35,36,39,40,42,45,47,48,51,53,55,58,60,62,63,65,67,69,71,72,73,74,76,77,82,83,85,88,89,91,92,94,95,98,100,104,105,107 "68";
69 81 1 4,6,9,11,16,36,44,52,106 "69";
70 86 1 0,1,10,13,15,18,21,23,26,31,36,40,51,58,61,66,82,87,89,91,94,96,98,104,106 "70";
71 7 1 1,3,6,9,13,15,16,18,19,20,24,25,26,27,31,32,36,39,42,44,46,50,53,54,56,57,59,60,62,63,65,67,68,69,72,77,80,87,88,89,91,93,94,97,100,102,104,106,107 "71";
72 96 0 8,10,11,19,32,33,55 "72";
73 20 1 1,3,5,7,10,12,15,16,19,21,22,23,24,26,28,32,35,36,37,38,41,42,47,48,51,54,58,60,61,65,66,69,71,73,74,76,78,79,80,81,88,92,93,95,97,102,103,105,106 "73";
74 38 1 28,31,43,59,63,76,77,94,103 "74";
75 107 0 5,6,7,10,12,16,18,25,27,34,36,40,43,46,48,49,52,53,54,59,60,63,64,66,67,70,71,73,79,83,90,92,95,98,100,101,103,105,106 "75";
76 73 1 9,64,72,78,91,96,103 "76";
77 7 1 1,2,5,8,11,13,14,16,19,20,22,30,32,36,39,41,44,47,49,54,56,59,61,63,65,68,70,73,75,76,77,78,83,86,92,93,96,102,103,105 "77";
78 96 1 0,3,5,8,10,11,12,15,16,18,19,22,24,27,33,36,38,39,42,43,45,46,48,49,50,52,53,56,61,63,64,66,67,68,73,74,77,79,80,82,83,85,87,90,93,95,99,100,102,105 "78";
79 98 0 1,4,7,10,11,12,14,16,23,25,31,34,35,40,42,44,52,54,57,62,66,72,73,74,76,84,86,88,92,93,98,101,107 "79";
80 61 0 0,6,8,16,22,26,27,31,45,52,54,66,68,85,87,92,105 "80";
81 22 0 0,5,7,8,11,14,16,18,19,22,23,24,26,27,29,30,33,35,36,39,48,50,51,54,56,58,61,63,65,69,74,78,80,83,85,87,91,92,94,97,99,104 "81";
82 99 0 6,21,29,32,34,36,39,42,43,56,61,67,68,75,77,80,88,93,104 "82";
83 29 1 9,22,30,44,45,83 "83";
84 4 0 3,6,10,13,26,29,36,42,53,55,57,59,70,73,76,79,80,84,87,92,103 "84";
85 20 0 0,4,9,13,25,31,36,47,53,54,63,74,78,84,91 "85";
86 81 0 4,5,8,14,21,23,24,27,32,36,37,42,48,49,51,54,55,61,67,69,71,76,77,79,84,86,93,100 "86";
87 72 1 2,12,14,17,18,22,25,26,34,44,45,55,60,68,70,82,95 "87";
88 3 0 0,4,12,14,19,24,42,44,46,50,53,54,75,76,80,86,87 "88";
89 59 1 15,21,101,105 "89";
90 45 0 0,1,2,3,9,11,13,14,16,19,20,26,32,35,37,40,43,44,46,47,48,49,51,53,54,58,60,61,62,64,66,69,70,71,73,75,77,79,82,83,84,86,88,92,93,95,97,99,100,102,103,104,106,107 "90";
91 108 1 0,3,6,8,11,16,18,20,24,28,31,32,36,40,43,44,45,47,49,50,52,57,63,66,67,69,73,76,79,82,83,88,89,91,94,97,99,101,104,105,107 "91";
92 46 1 2,5,9,11,17,18,21,23,29,63,67,74,75,88,90,102,106 "92";
93 28 1 3,7,8,13,16,20,21,23,24,25,26,29,32,33,37,39,43,44,48,50,53,57,60,66,68,69,71,73,74,75,77,81,84,86,93,94,96,99,100,104,105,107 "93";
94 94 0 37,63,69,84,98 "94";
95 10 1 4,9,11,14,17,20,24,29,31,36,41,49,51,59,63,65,69,70,72,73,76,77,79,81,86,91,95,96,100,102,107 "95";
96 70 0 3,7,8,10,11,13,14,16,22,26,28,30,33,35,41,44,45,51,53,54,56,58,62,65,67,68,74,79,80,81,83,85,87,88,90,94,100,101,103,106 "96";
97 6 1 1,3,5,10,11,24,29,31,33,36,41,45,48,50,54,57,59,64,67,69,73,74,75,77,78,80,84,86,87,89,90,91,94,97,99,100,103,104 "97";
98 29 1 15,51,60,95 "98";
99 87 1 2,6,12,16,18,19,39,44,45,47,60,66,78,85,94,101,105 "99";
100 28 0 7,11,19,26,28,31,39,40,43,46,48,54,56,67,77,78,79,81,89,95,97,103 "100";
101 42 1 0,1,5,6,7,9,10,12,17,18,19,20,24,26,31,34,38,40,41,43,46,48,50,51,52,56,57,59,61,62,63,66,70,71,74,75,77,79,82,85,86,87,89,94,96,98,100,103,106 "101";
102 60 1 0,5,9,12,20,22,28,33,35,39,43,59,64,65,66,68,69,71,77,80,84,87,93,103 "102";
103 16 0 0,6,7,14,22,25,27,29,31,33,38,41,44,45,49,53,58,67,73,86,89,92,94,95,96,97,100,102,103,107 "103";
104 103 1 4,5,6,8,12,13,14,17,22,23,27,29,30,35,36,38,39,43,44,47,48,49,51,53,56,57,60,67,68,70,72,74,80,81,82,83,84,86,88,90,92,100,106 "104";
105 15 0 0,2,4,6,9,11,13,14,23,28,30,36,38,41,44,46,48,50,53,57,59,63,64,66,68,74,76,80,83,100 "105";
106 31 0 0,4,6,9,10,12,14,16,18,19,22,25,28,29,32,33,36,37,39,41,44,45,47,49,51,52,56,60,65,67,69,70,72,75,77,83,85,88,89,92,94,97,100,102,104,106 "106";
107 44 0 0,4,9,12,13,16,17,20,22,23,26,28,29,31,32,36,38,40,42,43,45,48,50,55,56,57,58,60,61,62,63,65,69,71,72,73,78,83,84,88,89,92,94,99,105 "107";
