parity 27;
0 10 1 2,3,5,8,20,24 "0";
1 27 1 4,7,10,19 "1";
2 14 1 4,5,7,9,15,16,17,20,23,24,26 "2";
3 6 0 0,2,10,14,16 "3";
4 15 0 21,26,27 "4";
5 20 0 3,7,14,19,23 "5";
6 8 0 19 "6";
7 22 0 11,12,16 "7";
8 17 0 6,8,11,12,18,22,26 "8";
9 28 0 0,6,7,9,15,20,22,25,27 "9";
10 15 0 0,5,6,8,9,11,15,17,19,22,25 "10";
11 15 1 0,2,5,8,9,10,12,14,19,20,22,23,26 "11";
12 16 0 19 "12";
13 11 1 4,21,25 "13";
14 4 0 2,4,11,15,18,20,22 "14";
15 2 0 6 "15";
16 2 1 0,4,6,9,12,16,18,20,22,26 "16";
17 25 1 0,2,6,11,13,15,20,26 "17";
18 20 1 5,9,12,14,15,17,19,22,24,27 "18";
19 9 0 3,10,27 "19";
20 9 1 5 "20";
21 26 0 6,8,9,14,19,22,27 "21";
22 27 0 0,1,8,10,13,15,16,17,20,23,24,26 "22";
23 9 1 1,12,15,17,26 "23";
24 18 1 9,15,20,21,24 "24";
25 28 1 8,13,24 "25";
26 10 0 1,5,8,9,12,20,24,27 "26";
27 15 1 0,1,7,11,13,15,19,23 "27";
