parity 126;
0 126 1 1,3,5,6,9,11,13,16,18,19,21,22,24,27,29,31,34,36,38,39,41,45,46,48,50,52,53,54,57,59,62,64,65,71,73,77,79,80,82,84,85,86,87,89,90,92,93,95,98,100,104,105,108,111,113,116,117,119,121,124 "0";
1 35 1 0,4,6,9,10,21,24,27,32,33,36,43,45,48,49,51,56,57,64,66,68,71,73,76,79,80,83,85,90,94,96,101,102,104,108,112,116,118,120,123,124 "1";
2 23 0 0,2,12,22,33,38,41,65,74,81,83,84,114,119,125 "2";
3 28 0 1,3,4,6,7,8,10,13,14,16,22,25,28,31,34,39,45,46,50,51,53,58,59,61,65,66,68,70,71,73,74,78,80,82,83,87,88,90,92,94,95,97,98,104,107,110,116,117,118,120,121,123,125,126 "3";
4 84 1 8,31,43,65,68,87,97,106,108 "4";
5 34 1 0,2,3,11,14,16,21,22,25,28,31,32,35,40,42,45,46,53,55,57,58,61,63,64,65,69,74,76,77,79,81,83,84,87,89,93,96,99,100,103,107,109,110,113,115,117,119,120 "5";
6 2 0 6,10,16,23,25,41,49,54,71,75,82,91,100,106,125 "6";
7 119 0 1,3,7,10,11,13,15,18,21,25,27,29,30,32,33,35,37,40,42,44,46,47,48,50,53,57,58,60,62,63,65,66,68,70,83,86,87,89,92,93,95,97,98,99,101,103,105,107,109,111,115,118,120,124,125 "7";
8 61 1 0,3,4,6,7,9,10,11,13,15,17,19,21,23,27,30,32,34,37,40,41,43,47,51,52,56,57,62,64,65,67,69,70,72,76,77,78,82,84,88,89,95,97,98,99,104,105,106,110,111,112,114,116,118,119,120,122,123,124,126 "8";
9 3 0 1,3,6,13,20,32,36,49,50,52,56,60,63,65,69,70,75,79,81,85,88,93,107,110,113,119,120,122 "9";
10 97 0 3,5,8,11,20,31,34,45,48,57,59,61,62,69,77,79,87,96,99,115,121,125 "10";
11 49 0 5,9,16,20,50,62,67,70,96,98,101,114,123 "11";
12 22 1 11,14,43,63,73,100,102 "12";
13 74 0 0,1,5,7,8,10,14,15,17,21,22,24,26,28,32,36,37,39,40,42,43,44,47,49,52,53,55,59,61,63,64,65,67,70,72,76,78,79,81,83,86,89,90,92,93,95,97,98,100,103,104,109,111,114,115,119,120,122,126 "13";
14 3 1 43,64,103,115,121 "14";
15 11 0 3,14,24,29,38,43,44,49,57,62,71,72,82,86,95,100,101,107,108,112,116,119,122 "15";
16 63 0 1,21,23,26,29,33,37,42,43,49,50,53,56,59,61,68,70,80,84,88,90,103,105,110,120,122,124,126 "16";
17 69 0 1,4,6,9,11,13,15,18,20,23,24,26,29,38,41,44,46,49,55,61,62,70,76,79,83,84,85,87,89,91,98,104,106,107,108,114,116,119,122,123,125,126 "17";
18 77 0 4,14,24,26,28,31,34,36,39,43,49,56,57,59,60,62,63,65,75,77,81,84,89,92,104,110,116,121,124,126 "18";
19 120 0 28,69 "19";
20 17 0 0,6,11,15,19,21,27,28,31,32,37,44,50,54,57,59,70,75,77,78,82,91,93,96,97,103,105,111,117,120 "20";
21 7 0 0,3,7,9,13,21,22,32,41,43,49,53,54,56,61,62,67,69,71,77,79,86,90,97,98,110,111,112,115,125 "21";
22 54 1 9,47,63,86 "22";
23 34 0 0,1,4,8,9,10,13,17,18,21,25,26,27,28,31,32,33,35,37,39,41,44,45,46,52,54,56,60,63,65,71,72,74,76,78,79,81,82,84,89,92,93,96,99,102,103,108,111,113,116,117,118,125 "23";
24 99 0 19,45,52,54,58,82,86,109 "24";
25 28 1 3,5,8,12,17,20,22,26,28,32,34,38,41,43,46,49,50,67,82,90,114,117 "25";
26 86 1 5,9,14,29,30,33,36,45,53,72,79,80,84,97,103,105,106,117,122,124 "26";
27 89 0 1,5,8,10,12,15,16,18,20,23,24,29,31,33,36,39,41,43,46,49,50,52,53,55,58,59,63,65,67,71,74,75,78,79,81,84,87,89,92,94,95,97,101,105,106,110,119,122,123 "27";
28 37 0 25,35,66,75,76,80,85 "28";
29 97 0 14,86,101 "29";
30 106 1 8,12,14,17,19,22,24,28,29,30,33,35,38,39,41,43,45,46,53,56,58,64,66,68,69,74,76,79,80,82,85,86,92,94,96,102,103,104,107,110,113,116,119,121,123,125 "30";
31 95 1 0,3,5,7,12,14,18,20,22,23,25,26,29,30,35,36,37,39,40,44,47,50,52,54,55,58,63,64,67,73,77,80,81,84,86,88,89,90,92,94,97,99,101,103,104,109,114,116,117,118,120,121,122,124,126 "31";
32 47 1 0,1,2,8,11,13,25,30,31,33,34,37,43,44,51,55,58,61,63,64,66,68,72,73,75,78,79,86,87,89,91,93,101,105,107,109,110,115,117,119,122,126 "32";
33 117 0 3,6,9,11,15,16,17,20,21,23,24,27,29,31,34,37,40,48,52,54,58,60,62,64,69,72,75,76,79,82,86,88,93,95,97,99,102,105,111,115,117,120,122,124,126 "33";
34 108 0 7,41,44,47,48,51,72,76,103,107,121,124 "34";
35 55 0 1,3,6,7,10,11,12,14,15,17,20,21,24,28,29,31,33,36,38,40,45,46,48,49,51,54,57,58,59,61,63,65,67,69,71,75,76,77,79,81,82,86,88,89,90,93,95,99,100,101,104,106,109,110,113,114,116,117,118,120,122,124,126 "35";
36 5 1 8,12,18,28,63,66,124 "36";
37 124 0 4,5,6,10,12,13,16,17,19,20,21,23,24,26,28,30,31,33,35,37,39,41,42,43,45,47,49,50,52,55,57,58,60,62,64,66,67,70,72,76,77,78,80,82,84,88,89,96,98,101,102,104,105,107,109,111,116,118,119,121,124,126 "37";
38 103 0 16,35,37,46,50,60,61,68,80,91,125 "38";
39 109 1 5,7,31,36,44,45,59,66,78,80,93,104,117,119,126 "39";
40 2 0 4,54,59,69,77,78 "40";
41 25 0 6,8,10,12,13,16,17,20,22,23,24,27,32,33,37,42,45,48,52,54,56,60,63,68,70,77,78,79,83,87,88,90,91,93,94,96,98,100,102,104,107,111,113,117,118,122,123,124 "41";
42 118 0 0,3,4,5,8,10,12,14,16,20,21,26,33,36,38,40,42,46,48,49,50,54,58,59,60,62,63,67,68,71,72,76,77,78,80,84,86,91,94,96,98,100,105,106,114,118,121,123,125,126 "42";
43 94 1 0,2,4,6,9,10,12,16,20,22,25,28,30,31,32,33,35,38,45,47,48,53,55,56,58,60,61,62,68,69,71,72,74,75,77,79,80,85,87,88,89,90,91,94,95,97,98,100,102,104,107,108,111,113,114,116,118,120,126 "43";
44 52 0 0,4,5,7,8,10,12,15,19,21,22,24,27,29,31,33,34,36,38,40,41,42,44,47,49,51,53,58,60,62,65,68,69,72,74,75,77,81,83,86,87,89,90,91,93,96,97,99,104,107,109,110,113,114,116,121,123,125 "44";
45 25 0 8,14,24,26,48,68,74,78,86,96,99,109,118,125 "45";
46 112 1 38,75,90,94,103,116,123 "46";
47 56 0 0,1,3,4,6,7,11,20,21,24,26,28,30,31,32,36,42,43,45,46,47,52,55,62,64,66,69,75,76,77,80,81,83,95,101,105,111,114,115,117,119,121,122,123,125,126 "47";
48 95 0 45,58,74 "48";
49 73 0 4,7,9,10,15,16,18,25,26,28,32,34,36,38,40,43,46,48,49,53,56,57,59,60,62,68,72,74,77,79,82,85,87,91,93,95,99,101,103,104,105,106,109,112,114,117,118,121,124 "49";
50 51 0 1,5,7,15,17,24,25,30,32,35,39,40,42,43,46,48,49,54,56,58,60,62,64,67,70,71,72,74,76,78,80,82,85,88,94,97,99,101,102,103,109,111,115,117,118,121,124 "50";
51 2 0 1,2,4,5,8,10,11,14,16,18,21,23,24,25,26,28,31,33,36,37,39,41,42,46,47,48,50,51,53,54,56,57,59,60,62,66,68,70,72,74,77,79,81,83,85,88,90,92,98,102,104,106,109,110,113,114,116,118,120,122 "51";
52 63 0 2,6,8,11,15,17,20,22,23,25,26,30,34,35,37,40,41,48,55,56,63,70,73,77,80,83,86,90,93,101,102,104,109,112,115,117,121,124 "52";
53 36 1 0,2,5,12,16,28,31,34,41,44,46,52,56,62,65,71,73,79,80,81,85,96,98,103,105,119,124,126 "53";
54 65 1 0,2,3,13,21,34,52,57,67,75,79,82,85,91,92,97,103,111,113,122,125 "54";
55 7 0 1,4,6,7,15,17,31,32,35,42,48,49,52,58,60,67,70,74,79,81,86,102,108,112,113,119,126 "55";
56 19 0 0,16,18,21,30,39,41,43,46,59,68,73,88,93,96,112 "56";
57 28 1 37,70 "57";
58 51 0 4,5,11,13,16,20,21,29,31,34,35,42,48,53,56,61,62,63,73,75,78,79,84,91,94,100,112,115,120 "58";
59 34 0 1,3,4,7,9,29,41,43,47,49,58,59,80,81,86,87,91,99,106,113,117 "59";
60 55 0 1,3,5,6,11,12,13,16,17,19,21,23,25,29,30,31,37,39,41,42,43,45,46,50,58,64,65,68,70,72,73,75,78,81,83,86,90,97,100,105,106,109,111,112,115,118,119,122 "60";
61 89 0 1,5,11,13,15,16,19,21,23,26,29,32,36,37,39,40,43,44,46,49,52,54,57,58,61,62,63,66,70,71,76,77,79,81,82,86,90,93,94,97,98,103,105,106,108,111,112,117,120,125 "61";
62 32 0 0,3,6,8,10,14,16,21,22,26,28,31,35,38,40,42,45,48,51,52,59,61,62,64,67,68,70,71,76,77,78,79,82,85,86,88,91,93,96,99,102,104,107,112,115,121,122 "62";
63 106 0 0,2,4,9,27,29,37,38,49,52,57,59,62,65,70,74,77,81,84,91,95,97,102,117 "63";
64 53 1 0,7,10,12,14,16,20,24,25,29,32,33,35,37,38,40,46,49,52,56,59,61,69,71,79,83,84,90,93,96,108,110,112,116 "64";
65 60 1 0,2,3,6,8,10,13,15,17,19,20,23,28,31,33,34,35,41,44,46,48,52,53,55,56,59,61,64,65,71,73,76,77,81,84,87,92,94,95,99,103,105,110,112,114,117,118,119,121,122,125 "65";
66 55 1 62,82 "66";
67 102 1 0,1,4,5,7,9,11,12,14,17,18,20,21,23,26,28,30,33,35,36,39,45,46,49,51,53,55,57,59,60,66,67,70,72,74,75,77,80,82,84,87,88,89,91,93,96,98,99,101,103,105,107,109,112,113,117,120,122,123,125,126 "67";
68 45 0 1,4,7,9,13,15,18,19,21,22,23,27,35,44,46,48,54,56,62,64,70,72,74,75,77,78,80,82,84,86,92,94,99,101,102,104,106,107,108,117,118,122 "68";
69 26 0 0,1,3,4,5,7,9,12,13,15,16,17,20,21,22,24,26,28,32,34,38,40,45,46,47,50,52,54,56,57,61,62,64,67,69,70,73,75,77,79,83,86,93,95,98,101,104,105,107,109,110,111,113,114,116,117,120,121,122,123 "69";
70 57 0 10,59,70,71,125 "70";
71 27 1 0,1,3,5,12,20,24,26,32,33,36,40,45,47,49,50,52,54,58,63,64,66,70,71,74,76,81,83,85,88,90,92,93,95,97,102,106,111,116,121,123 "71";
72 38 0 0,1,3,5,6,11,15,22,25,37,39,44,50,53,54,57,58,63,67,72,75,82,85,89,93,94,98,99,105,107,109,114,126 "72";
73 66 0 0,2,6,11,15,27,33,46,58,61,65,70,72,73,76,81,97,101,105,117,122,126 "73";
74 22 0 14,24,34,35,36,46,56,65,67,69,77,80,86,92,96,107 "74";
75 12 1 1,8,10,23,26,29,32,34,35,37,40,43,46,51,53,57,61,62,69,71,76,78,81,84,88,90,92,95,98,100,101,108,111,114,116,118,120,122,125 "75";
76 108 1 24,62,94,109,123 "76";
77 126 1 25,30,48,51,59,65,75,80,97,104 "77";
78 53 0 0,1,2,5,7,10,11,12,17,21,22,24,27,33,34,37,39,41,42,44,45,47,49,54,59,61,63,66,69,71,74,75,77,83,87,88,89,94,98,101,103,104,109,110,112,114,117,119,124,125,126 "78";
79 101 0 3,7,14,17,21,24,26,36,39,49,52,53,56,59,74,80,88,94,97,99,101,104,110,125 "79";
80 25 0 2,3,8,9,10,13,17,19,21,22,25,28,33,37,41,43,45,48,50,51,54,55,56,58,62,66,68,70,73,74,76,78,79,81,82,85,86,88,89,92,95,96,99,101,112,115,117,122,124,126 "80";
81 71 0 0,1,3,5,8,13,18,21,22,25,28,30,32,34,35,37,38,40,42,43,45,46,47,49,50,53,54,56,57,59,60,62,64,66,67,68,72,73,75,77,81,83,85,87,88,90,91,98,100,101,104,105,108,110,111,112,114,116,118,122,125 "81";
82 61 1 3,5,11,20,24,26,30,32,43,51,55,75,82,98,106,109,114 "82";
83 65 0 2,4,6,8,10,14,15,16,18,20,23,24,26,27,30,32,34,38,40,42,44,45,46,52,54,55,59,61,62,65,66,68,70,75,77,80,83,84,86,92,93,98,100,101,103,104,105,109,110,113,115,118,119,121 "83";
84 39 0 7,14,24,31,33,37,40,44,50,59,72,75,78,83,85,88,92,98,106,116,122 "84";
85 53 0 2,7,9,10,11,14,16,18,21,23,25,33,48,50,57,64,68,70,85,88,91,99,101,110,112,114,121 "85";
86 54 1 0,2,5,7,11,18,26,33,42,45,46,52,57,58,61,63,66,70,71,83,86,91,92,95,104,107,109,110,112,119,121 "86";
87 32 1 0,3,5,12,17,19,24,26,37,40,43,45,51,54,56,58,61,62,68,70,73,75,77,79,81,85,87,88,89,93,100,104,107,108,111,114,120,122,125 "87";
88 114 0 0,5,6,8,11,14,16,18,27,30,31,32,33,35,38,40,43,47,48,52,53,55,60,62,63,67,77,84,86,88,90,91,94,97,100,102,104,106,109,110,111,113,115,118,120,126 "88";
89 89 1 1,3,13,15,16,32,34,36,64,74,76,90,102,108,112,122 "89";
90 30 0 36,40,80,122 "90";
91 25 0 1,2,5,7,9,11,15,18,21,22,24,28,32,34,36,39,42,43,47,51,53,54,57,58,60,61,63,64,68,69,72,77,81,84,85,88,92,93,96,98,100,103,105,107,110,112,116,118,125,126 "91";
92 75 1 6,32,36,64,72,80,84,85,97,103,107,119 "92";
93 93 1 1,5,12,19,24,25,29,30,50,53,54,58,71,83,88,91,94,100,102,107,108,111,116,121 "93";
94 51 0 7,11,13,16,24,26,29,30,36,44,47,55,56,59,63,71,74,83,85,89,92,98,113,118,122,124 "94";
95 127 1 0,1,3,4,7,15,17,19,21,26,28,33,37,38,43,46,48,51,53,55,57,60,63,68,71,72,76,79,86,89,91,97,99,104,113,115,118,123 "95";
96 125 0 1,3,5,7,8,11,13,16,22,23,26,27,30,31,32,35,40,42,45,47,49,51,54,56,57,62,64,68,69,72,74,78,79,81,82,84,86,87,90,91,94,97,104,107,108,109,110,112,113,114,117,120,123,125,126 "96";
97 37 0 11,25,39,41,47,77,83,105 "97";
98 46 1 10,27,84,123 "98";
99 39 0 0,2,4,5,9,11,12,16,18,19,21,22,23,26,30,33,34,38,39,41,43,44,46,50,53,55,58,60,62,64,69,72,75,77,79,81,83,84,89,90,93,95,98,99,100,102,104,107,111,115,118,119,121,122,124,125 "99";
100 26 1 8,13,32,50,57,59,124 "100";
101 43 1 1,3,6,7,12,13,16,19,27,30,34,36,38,41,43,44,47,49,53,55,57,63,65,66,67,70,72,79,81,84,85,87,88,91,96,99,110,118,124,126 "101";
102 8 1 0,1,5,8,10,14,17,18,20,22,27,29,33,34,37,39,41,44,47,51,52,54,55,61,62,64,66,69,72,74,81,84,85,86,88,90,91,93,96,105,115,118,121,124,125 "102";
103 80 0 4,5,9,15,26,27,31,39,40,41,45,46,50,55,58,60,77,81,91,102,107,113,114,120,122 "103";
104 49 1 3,5,10,12,15,18,20,22,24,27,32,33,34,40,45,48,49,51,55,59,62,65,66,70,71,73,74,78,80,81,83,84,85,87,88,92,94,95,100,103,111,119,120,123,124,126 "104";
105 46 1 6,8,11,13,25,32,45,57,59,61,73,77,85,87,90,95,100,102,118,120,122 "105";
106 36 0 4,10,13,20,24,26,29,31,33,37,41,44,47,52,61,67,70,72,78,81,83,86,91,99,100,107,114,124,126 "106";
107 57 0 0,3,4,6,7,12,14,19,24,25,27,35,36,37,40,42,44,45,47,48,49,52,54,57,59,60,63,65,66,68,73,74,76,78,83,84,86,90,92,94,96,97,99,100,102,104,107,109,114,115,117,118,121,124,126 "107";
108 115 1 2,3,7,10,16,19,23,32,33,35,37,39,42,53,54,56,60,66,70,73,75,80,96,106,109,116,122,125,126 "108";
109 109 0 2,5,6,8,11,13,15,16,17,19,20,25,26,29,35,37,39,40,42,43,45,47,49,54,55,58,59,60,61,65,67,71,72,74,79,83,85,86,88,89,92,93,97,100,102,105,108,109,111,112,114,115,117,119,121,122,125 "109";
110 107 0 0,1,2,12,13,15,17,18,20,22,26,27,31,32,34,36,37,38,42,45,46,47,48,52,53,56,59,61,66,68,70,73,77,78,80,81,85,88,93,94,95,97,99,101,102,104,106,107,109,110,113,115,119,122,124 "110";
111 86 0 0,3,7,8,10,11,12,15,16,18,19,21,22,24,26,27,29,31,34,36,39,42,43,48,50,53,55,57,61,64,68,69,72,74,76,79,81,85,87,90,92,94,98,101,104,107,110,113,117,120 "111";
112 34 1 4,41,48,68,70,83 "112";
113 74 0 4,9,17,19,24,26,28,40,41,44,45,47,53,56,60,63,67,71,74,79,81,83,90,94,100,106,109,111,113,115,116,117,121,122,124,125,126 "113";
114 79 0 2,4,5,6,9,19,20,27,30,31,40,46,53,58,67,73,75,80,82,84,94,98,102,104,106,109,120,122,124 "114";
115 98 1 9,13,16,18,23,24,29,33,65,71,78,83,99,104,111,119,121 "115";
116 64 1 1,5,12,21,27,31,32,37,47,53,61,67,72,79,87,96,99,103,105,111,123 "116";
117 15 1 1,2,3,7,10,12,13,15,16,18,20,23,26,27,30,31,34,36,37,39,40,43,44,45,47,48,50,51,53,56,57,58,59,61,63,65,66,67,70,73,74,76,80,81,86,89,93,95,99,100,102,104,106,107,108,110,111,113,116,117,119,123 "117";
118 90 1 28,50,91 "118";
119 50 1 8,14,17,18,19,20,22,26,28,29,31,32,36,38,39,41,42,43,45,49,50,52,58,60,61,63,64,69,70,71,73,74,75,79,82,83,86,88,89,90,92,93,96,97,99,103,107,109,110,112,113,115,116,119,123,125 "119";
120 88 1 3,13,15,18,20,29,31,44,51,83,97,120 "120";
121 12 1 1,4,10,12,15,20,26,33,38,39,40,47,53,58,60,80,85,90,91,95,101,110,115,117,123 "121";
122 120 0 1,5,8,13,15,18,20,24,27,30,34,38,41,42,44,46,49,54,55,57,60,64,66,67,71,72,76,78,80,83,86,88,89,94,98,99,106,117,123,124,125,126 "122";
123 111 0 1,6,13,19,20,25,27,29,32,33,35,37,39,46,47,52,54,58,59,62,64,65,66,68,70,75,78,79,84,86,88,92,102,105,107,109,111,116,118,122,124 "123";
124 97 0 3,5,7,18,20,22,27,29,32,35,36,39,41,46,55,64,65,67,68,70,71,78,81,83,95,97,103,105,108,110,116,122,125 "124";
125 79 0 0,10,105,110 "125";
126 10 1 5,12,15,16,24,30,33,41,59,110,116,124 "126";
