parity 94;
0 46 1 13,56,62,75,84,87 "0";
1 48 1 1,2,4,7,10,11,18,22,23,26,28,32,41,44,45,49,54,56,57,60,62,65,66,68,69,71,75,77,79,83,84,85,87,91,93,94 "1";
2 60 0 2,26,30,35,65,83,88 "2";
3 38 1 0,3,5,8,10,17,18,19,22,26,27,30,32,33,36,38,39,41,44,45,46,48,50,53,54,56,58,60,62,64,65,68,71,73,75,76,77,81,85,87,89,91,93,94 "3";
4 43 0 1,7,11,13,23,26,27,34,37,45,47,50,52,55,66,71,78,79,82,84,85,87 "4";
5 17 0 2,3,11,13,14,16,21,31,47,59,63,77,81,89 "5";
6 38 1 0,2,3,8,11,13,14,17,19,21,24,25,27,28,30,32,34,36,41,42,44,47,50,53,54,57,62,65,68,69,72,75,76,77,79,82,84,88,90,92,94 "6";
7 15 1 6,11,23,31,46 "7";
8 65 1 13,25,29,35,45,80,85,92 "8";
9 74 1 0,1,4,6,7,10,11,13,15,16,20,21,22,25,28,29,31,34,36,38,41,43,44,49,50,51,52,54,58,59,61,64,66,68,72,73,75,77,78,80,81,84,85,86,87,90,92,94 "9";
10 23 1 1,2,3,5,6,10,11,13,14,16,21,23,24,26,33,34,37,38,39,43,47,49,50,52,54,55,57,60,62,63,65,67,73,74,78,80,81,83,89,91,93 "10";
11 47 0 1,3,4,11,20,24,30,43,47,51,54,57,62,63,64,67,69,74,76,78,79,85,86,88 "11";
12 64 1 2,5,7,8,10,11,13,14,15,18,20,23,27,30,33,35,37,40,43,45,46,48,49,51,52,53,56,59,61,63,65,69,71,72,75,76,79,82,84,86,87,89,90,91,93,94 "12";
13 57 1 18,23,27,32,43 "13";
14 7 1 1,3,5,9,12,20,21,24,29,31,33,35,36,42,45,47,48,58,62,68,73,83,89,94 "14";
15 35 1 9,13,15,22,30,34,36,42,49,51,56,62,71,85,90,92,94 "15";
16 41 1 0,1,3,4,6,7,10,15,19,22,25,30,31,33,41,46,48,49,51,53,55,57,61,63,64,65,68,71,72,73,79,81,85,86,89,91,92,93 "16";
17 64 0 0,27,33,36,39,43,50,58,61,69,75,82,84 "17";
18 38 0 0,2,6,7,11,12,15,16,19,26,29,35,38,40,43,45,48,50,54,55,59,64,67,70,84,86,87,92 "18";
19 33 1 0,1,3,6,8,20,27,32,34,36,44,47,52,54,56,57,61,67,69,73,76,77,79,81,84,88,90,92,94 "19";
20 55 1 1,2,3,7,9,10,11,15,16,18,22,24,27,30,32,33,36,37,38,39,41,44,47,49,50,52,54,56,61,64,66,67,72,73,75,77,79,80,82,84,87,89,90,91,93,94 "20";
21 21 0 1,5,8,10,18,23,28,30,32,36,40,59,66,69,75,79,81,85,89,90 "21";
22 19 1 12,30,32,48,62,64,65,72,92 "22";
23 49 1 0,3,13,15,22,24,30,42,46,67,69,77 "23";
24 89 1 9,11,19,26,28,33,41,44,47,51,53,57,62,65,67,72,74,81,83,92 "24";
25 27 1 2,7,9,11,19,26,28,41,52,55,61,66,69,75,93 "25";
26 28 1 0,9,10,13,16,17,21,22,25,27,33,35,45,50,51,53,56,60,62,67,68,70,72,81,83,85,90,94 "26";
27 53 0 2,3,10,17,20,23,25,29,33,35,37,40,47,48,59,62,64,73,75,77,80,89,92 "27";
28 50 0 1,7,11,16,22,26,28,31,44,51,56,58,60,62,64,70,72,75,79,82,87 "28";
29 60 0 0,5,8,14,17,19,23,25,27,30,32,33,34,36,38,42,44,45,47,49,51,55,58,61,62,65,67,68,70,73,75,76,78,79,82,83,85,88,89,91,93 "29";
30 46 0 2,14,27,30,47,50,51,56,58,66,67,79,90,91 "30";
31 80 1 0,1,4,5,7,8,9,12,13,15,17,19,20,26,28,30,31,34,36,37,39,42,43,44,46,48,52,54,55,56,60,62,64,66,67,72,74,76,78,80,81,85,86,89,91 "31";
32 57 0 0,2,6,8,11,12,13,16,19,20,21,23,25,28,30,31,34,37,40,43,45,48,51,52,55,65,66,67,69,72,73,76,78,80,81,83,84,86,90,92 "32";
33 56 1 0,1,3,5,6,8,10,13,15,18,19,21,22,24,25,27,28,30,34,36,37,39,42,43,46,49,51,54,56,58,59,61,62,68,71,77,79,81,82,85,87,90,92,94 "33";
34 63 1 2,5,8,10,12,14,17,19,25,29,35,44,46,47,49,51,53,55,58,67,71,72,75,84,90,94 "34";
35 49 0 0,13,15,22,35,39,47,51,52,54,56,58,63,66,74,75,81,83,86,87,89,94 "35";
36 27 0 0,20,31,64,82 "36";
37 34 0 1,3,6,7,8,11,13,16,17,19,20,22,24,25,29,33,35,37,40,42,44,46,49,50,52,53,54,58,60,63,65,67,68,70,71,73,75,79,81,83,84,91,94 "37";
38 93 0 7,10,13,18,22,24,26,27,30,32,36,38,43,46,53,59,60,62,71,73,75,81,83,90,92 "38";
39 84 1 0,3,8,12,13,15,17,20,22,23,25,26,28,29,31,36,37,40,44,49,50,53,55,57,60,63,67,68,71,75,77,81,84,85,86,91,93 "39";
40 31 1 1,3,5,8,10,16,18,19,22,23,28,29,31,32,34,35,37,41,45,46,50,53,55,57,60,63,65,69,70,72,74,77,80,82,83,86,88,90,92,94 "40";
41 40 0 0,6,8,11,14,18,20,22,23,24,29,55,56,65,68,71,76,77,79,81,94 "41";
42 69 0 0,2,4,5,6,9,11,13,15,16,18,19,23,25,28,30,31,33,34,36,37,38,40,42,45,47,50,51,54,56,58,61,63,66,67,69,70,72,73,76,79,82,89,90,92,94 "42";
43 29 1 0,2,4,6,7,9,11,14,15,17,18,24,25,27,30,33,36,37,40,42,44,49,52,56,57,59,69,71,73,75,80,83,89,92,93,94 "43";
44 47 0 0,7,23,29,40,45,49,67,68,75,76,81,84,89,93 "44";
45 32 1 2,4,6,8,10,12,14,16,18,20,21,22,24,25,29,31,33,37,39,42,44,47,49,50,51,53,55,57,60,62,64,66,68,70,72,74,77,82,84,86,89,90,93,94 "45";
46 14 0 0,2,3,6,7,10,11,13,15,18,20,21,23,26,28,30,31,33,35,37,40,44,46,48,50,51,54,56,58,62,65,67,70,71,76,78,79,82,85,89,91 "46";
47 60 1 29 "47";
48 24 0 0,8,9,24,30,40,42,52,58,69,71,74,76,94 "48";
49 9 1 0,3,7,9,11,12,14,16,17,19,20,23,25,28,30,32,33,35,38,43,44,45,50,52,54,57,60,61,63,67,68,78,80,81,85,88,89,92,93 "49";
50 60 0 4,31,35,69,75 "50";
51 55 0 5,17,37,39,41,53,58,60,65,80,84,85,91 "51";
52 50 1 3,4,6,7,10,17,20,23,26,30,34,36,37,44,47,48,51,54,61,63,67,71,74,78,80,84,86,89,93,94 "52";
53 76 1 0,2,3,5,7,13,19,20,22,24,32,33,35,36,38,39,41,42,44,56,59,63,68,71,73,75,77,84,86,88,91,94 "53";
54 21 1 0,2,10,13,14,15,18,20,21,22,26,27,28,30,31,32,33,35,37,39,40,42,43,45,46,49,51,53,56,57,62,63,67,70,72,74,76,79,81,82,86,89,91,92,94 "54";
55 11 0 2,3,10,14,17,19,20,22,24,26,28,30,33,39,42,46,54,56,58,59,63,64,66,68,70,73,77,80,82,86,88,92 "55";
56 85 1 8,18,31,32,36,49,52,60,63,70,77,82,84,91 "56";
57 87 0 9,12,14,15,20,30,35,38,39,41,42,55,60,64,75,77,81,89,90,93 "57";
58 52 0 3,5,6,14,19,23,26,32,33,38,49,54,55,60,63,67,83,89 "58";
59 53 0 0,2,3,5,6,8,10,11,13,14,16,19,21,22,25,27,29,31,35,39,43,44,46,48,50,56,57,59,60,63,64,65,67,69,71,74,78,80,85,87,88,90,92,94 "59";
60 53 1 2,6,8,9,11,14,15,17,19,22,23,28,29,32,37,38,40,41,45,49,51,53,54,59,65,73,87,92 "60";
61 67 1 0,4,5,8,9,11,12,16,19,20,25,26,28,30,31,36,37,40,41,43,45,48,52,55,56,59,63,66,67,70,71,76,81,83,84,87,90,91,92 "61";
62 75 1 5,6,53,71,74,79,80,87,93 "62";
63 37 1 8,18,22,24,34,35,43,55,61,69,84,87 "63";
64 37 0 0,2,4,6,9,16,19,22,26,28,29,31,32,36,40,42,45,47,54,57,59,61,63,68,69,74,77,82,85,88 "64";
65 34 0 3,4,7,13,19,21,22,24,26,29,31,35,38,39,43,44,45,46,48,50,53,54,61,63,64,67,69,70,71,74,75,77,79,80,82,85,86,89,91,94 "65";
66 54 1 3,11,12,15,22,25,26,46,54,63,66,68,77,79,86,88 "66";
67 59 0 7,10,23,31,33,43,45,52,59,60,63,67,72,84 "67";
68 92 1 0,2,13,18,20,30,35,41,43,53,57,77,84 "68";
69 88 1 3,4,6,9,12,14,17,19,21,23,27,29,35,41,42,45,49,51,52,54,56,57,59,60,61,64,65,67,72,74,75,77,78,79,81,85,86,89,90,92,94 "69";
70 24 0 0,6,8,10,12,13,14,16,18,20,24,27,29,31,34,36,42,44,45,46,48,50,52,54,56,58,61,62,63,65,69,72,73,75,77,79,81,84,86,89,91,92 "70";
71 56 1 0,1,3,4,7,9,12,14,17,20,21,23,25,26,29,30,31,33,35,39,40,43,46,49,52,55,56,58,59,61,62,65,67,69,70,72,73,77,79,80,82,86,87,88,92,93 "71";
72 82 1 5,17,34,48,51,64,77,84 "72";
73 62 1 4,17,27,30,32,51,53,65,79,80,93 "73";
74 31 0 1,5,7,8,12,15,18,23,24,26,29,30,31,33,34,43,47,48,50,51,52,55,57,59,65,67,68,73,76,78,80,83,87,90,92,94 "74";
75 25 0 8,16,30,34,38,40,44,47,50,52,54,56,62,64,67,68,71,73,74,77,85,91 "75";
76 54 1 15,18 "76";
77 3 1 0,1,3,4,6,7,10,11,15,17,18,20,22,28,31,34,36,37,38,40,43,44,46,47,50,55,56,59,60,62,65,67,68,69,71,73,74,76,78,81,82,84,85,87,89,90,92,93 "77";
78 41 0 1,3,5,7,8,10,15,17,19,22,24,26,32,37,40,42,47,48,50,53,55,57,59,60,62,64,66,67,71,72,74,76,77,79,82,84,87,89,93 "78";
79 27 0 18,49,85,92 "79";
80 80 0 1,4,6,9,15,17,19,20,23,28,31,34,37,41,42,45,47,50,52,58,59,61,63,65,66,70,74,77,80,82,87,90,91 "80";
81 24 0 0,1,4,7,9,10,11,14,17,18,20,22,23,25,29,30,32,33,36,39,41,43,45,48,50,52,53,54,56,58,60,62,65,68,69,72,73,74,75,76,79,81,82,84,85,87,90,93 "81";
82 12 0 3,7,8,19,40,46,49,52,54,58,77,81,85 "82";
83 95 0 0,2,12,16,17,22,24,26,29,34,37,39,40,44,46,52,55,56,60,61,64,68,70,71,74,80,85,88,93 "83";
84 40 0 23,38,41,49,63 "84";
85 93 1 4,6,9,11,12,16,17,22,23,30,33,36,40,42,44,47,52,54,56,59,62,63,66,69,72,77,79,82,84,85,88,91,94 "85";
86 2 0 2,4,6,9,11,13,17,25,26,30,32,34,36,37,42,44,48,50,51,54,56,60,63,64,68,73,74,76,78,85,87,92 "86";
87 68 0 0,2,3,4,6,7,8,10,12,16,18,19,24,32,34,41,45,46,49,54,55,57,67,70,72,73,76,79,80,82,85,90,92,94 "87";
88 2 1 3,4,8,10,12,16,17,18,19,21,22,24,25,27,29,31,32,34,35,38,39,41,42,43,46,48,50,56,57,59,64,65,67,68,71,74,75,77,79,81,82,84,85,87,89,91 "88";
89 42 1 5,8,14,20,22,29,32,36,40,54,57,59,66,68,73,78,89 "89";
90 71 0 0,4,5,12,15,21,24,27,30,34,38,52,54,65,72,75,79,82,84,85,89,91 "90";
91 90 1 1,3,8,9,13,15,16,20,21,24,25,31,34,36,37,39,42,44,46,49,53,55,59,61,64,65,68,70,72,75,78,81,84,86,88,93 "91";
92 69 0 0,2,6,8,10,15,17,20,23,25,28,33,35,41,43,47,50,51,52,56,57,64,66,67,68,69,71,72,76,78,80,81,83,86,87,91,92,94 "92";
93 54 1 4,7,8,21,33,35,40,46,48,51,55,56,61,65,67,72,74,84,85,87 "93";
94 16 0 2,13,28,38,40,43 "94";
