parity 187;
0 180 0 5,8,21,33,36,40,42,57,66,72,73,75,80,84,113,120,123,132,135,143,183,187 "0";
1 105 1 16,41,44,60,62,84,105,132,146,153,168,172,181 "1";
2 120 1 0,3,4,6,10,13,15,16,18,21,23,25,26,28,34,35,36,42,44,45,48,50,54,55,57,59,62,65,67,69,71,73,74,80,84,85,89,93,94,98,100,101,104,107,108,112,114,115,116,122,123,125,127,129,131,133,134,139,141,145,146,149,151,153,155,157,161,162,165,166,167,170,171,174,177,179,182,183,185,187 "2";
3 88 0 3,7,14,19,25,26,31,32,40,41,60,76,78,94,99,103,118,127,128,134,139,151,161,162,169,172,180,182 "3";
4 79 0 2,3,5,9,11,12,14,17,19,20,21,22,24,26,28,30,32,34,35,36,40,41,43,44,45,47,50,52,54,57,58,60,64,68,71,72,74,76,79,83,85,87,88,90,91,92,95,96,97,98,100,104,107,110,112,113,115,116,118,119,120,123,125,126,130,131,135,137,139,142,143,146,148,149,151,153,154,158,160,162,164,166,167,169,172,173,174,176,178,180,181,183,185,187 "4";
5 121 0 6,10,14,23,28,29,31,35,38,41,43,46,50,52,55,64,65,83,96,98,100,105,106,111,118,122,124,127,129,135,147,150,160,168,175,178,183,184,187 "5";
6 130 1 0,1,3,5,10,11,14,15,18,21,23,25,27,28,32,33,37,38,40,43,44,50,52,53,55,58,59,64,67,71,73,77,78,80,81,83,85,91,94,95,100,104,105,106,108,109,111,114,116,117,120,121,123,127,128,130,131,133,135,137,140,141,145,147,150,151,154,158,159,162,167,168,170,173,175,178,182,184,186 "6";
7 24 0 1,5,7,12,15,25,28,33,39,45,48,52,53,55,57,58,61,65,66,70,71,73,75,77,80,82,86,89,93,95,100,103,105,116,119,121,123,126,128,131,133,137,139,140,142,146,151,156,161,164,165,167,169,171,176,177,179,185,187 "7";
8 168 0 1,3,7,8,10,15,16,17,18,21,23,26,30,31,37,40,41,43,45,46,48,49,50,52,60,68,70,71,74,76,77,83,85,87,89,91,95,98,100,103,105,107,116,118,123,131,134,136,138,139,141,145,147,152,153,155,157,160,161,165,168,171,172,173,178,181,184 "8";
9 94 1 0,4,7,10,14,17,18,21,23,25,29,31,35,36,39,43,50,55,57,59,61,63,65,72,75,77,79,81,84,86,88,90,94,104,106,108,111,113,116,118,120,129,132,138,140,145,146,148,150,155,158,159,161,163,165,166,167,172,178,181,182,184,186,187 "9";
10 28 1 1,2,10,12,13,15,22,23,24,27,32,36,38,40,43,46,47,51,56,63,65,70,74,77,79,81,83,85,87,92,96,99,101,105,108,110,113,114,120,129,131,132,137,139,144,147,150,154,155,157,160,162,164,165,168,173,175,176,177,179 "10";
11 119 1 1,5,6,7,12,13,14,17,24,25,27,29,31,34,35,37,39,40,42,45,48,49,51,54,56,58,59,62,63,65,67,68,70,71,72,74,77,78,80,82,83,85,91,93,94,96,99,101,103,109,113,115,122,123,125,127,128,129,132,135,138,140,142,146,147,150,153,155,161,164,167,168,169,173,177,178,181,184,185 "11";
12 38 1 4,5,8,11,12,19,21,22,24,29,31,33,37,39,41,45,47,49,53,55,57,61,65,67,71,73,75,78,82,84,86,87,88,90,92,94,96,99,102,104,106,109,113,116,118,119,121,124,127,130,140,141,144,151,155,158,164,166,169,171,174,177,179,181,182,184,187 "12";
13 5 1 1,2,3,9,13,14,25,27,28,30,31,37,38,40,41,44,50,52,59,60,63,65,70,72,75,77,79,81,83,89,92,94,96,98,99,101,108,109,111,114,115,116,119,120,121,124,128,129,132,134,136,138,142,149,150,153,155,156,158,160,162,163,174,177,179,186,187 "13";
14 122 0 0,1,5,6,9,13,19,20,24,25,28,31,34,35,36,38,40,42,44,45,49,50,58,62,66,68,71,73,75,77,79,81,85,88,89,93,95,101,104,106,110,113,115,120,127,129,132,136,137,142,144,145,147,149,150,152,153,158,161,163,171,174,176,180,182,187 "14";
15 46 0 0,1,2,4,12,13,19,22,27,29,31,32,37,39,42,46,47,54,56,58,60,62,65,66,69,75,79,88,94,98,100,104,107,109,114,115,120,134,138,140,142,145,147,153,154,157,159,160,165,167,168,172,175,181 "15";
16 100 0 0,2,3,5,7,9,14,17,19,23,25,27,29,30,32,34,36,38,39,40,42,43,46,47,48,51,54,57,59,61,65,67,71,72,74,80,84,86,88,91,96,97,100,106,108,109,113,114,116,117,119,121,127,128,130,132,134,135,136,138,140,141,147,149,151,153,155,159,161,163,167,168,174,177,179,181,182,184,185,187 "16";
17 55 1 0,3,4,7,9,10,13,16,19,22,23,24,26,28,29,30,32,34,37,39,40,44,46,47,50,52,54,56,58,60,62,64,65,67,68,70,72,75,76,77,79,83,90,91,92,95,97,98,100,106,107,110,111,113,114,116,118,120,122,123,125,127,129,130,133,134,135,136,138,142,145,147,149,151,152,154,155,156,158,159,161,162,164,166,168,171,173,177,180,183,185,187 "17";
18 172 0 1,2,3,4,9,11,15,19,21,22,24,28,29,33,36,38,42,46,49,52,54,56,58,61,64,65,67,74,75,76,78,84,87,88,98,99,101,104,111,112,114,119,129,132,133,137,139,140,141,142,144,146,148,149,152,159,161,163,167,169,171,174,176,177,180,183,185,186 "18";
19 26 0 1,20,22,24,38,50,55,67,68,72,94,96,103,106,110,130,131,142,147,152,161,181,186 "19";
20 63 1 1,19,22,24,26,31,34,36,40,41,44,46,51,53,55,58,59,63,65,67,69,74,76,80,86,88,90,91,93,99,104,107,108,110,121,122,123,127,130,131,135,139,141,143,144,147,149,151,153,154,156,159,160,161,164,165,166,169,170,171,172,178,184,185,187 "20";
21 141 1 0,1,5,7,8,10,12,13,15,19,21,22,24,28,30,32,35,36,37,39,40,42,43,45,46,48,50,52,55,57,58,63,65,67,68,70,71,72,75,77,79,81,82,85,86,87,91,94,96,99,105,106,108,110,111,116,117,119,121,125,127,128,131,133,134,136,138,140,142,143,146,148,150,152,154,155,156,157,159,161,163,164,166,167,169,170,171,173,177,178,179,181,182,183 "21";
22 61 1 5,8,10,12,13,16,19,23,30,32,33,34,37,46,52,55,57,58,64,68,71,72,75,79,89,91,92,99,100,104,105,107,111,122,123,125,129,134,136,140,143,144,146,154,156,158,159,164,169,179,183,184,186,187 "22";
23 101 0 3,4,5,6,12,14,17,21,22,23,28,30,31,34,37,40,41,43,48,50,51,53,54,56,58,59,61,67,68,73,74,82,84,89,91,93,95,97,98,101,102,106,108,113,114,117,118,119,121,123,127,129,132,133,135,137,141,143,146,147,149,150,152,153,155,156,162,166,168,170,171,173,174,176,178,180,182,185,187 "23";
24 108 0 1,3,11,20,21,22,26,30,40,42,43,49,50,53,57,60,61,64,66,68,77,90,94,99,101,111,117,119,120,121,125,128,129,137,141,152,154,158,159,169,173,180,182,187 "24";
25 127 1 1,2,9,20,21,24,26,27,30,34,39,40,55,56,64,65,81,85,88,90,92,93,101,112,122,124,128,130,131,145,150,160,166,169,175,177,178 "25";
26 14 1 0,6,7,9,11,13,15,16,21,26,28,30,31,33,37,38,41,42,44,46,50,52,54,55,57,60,62,64,65,67,69,70,72,75,77,80,82,83,85,87,89,91,94,95,101,104,112,114,117,119,121,124,129,130,134,137,141,143,145,147,149,151,152,156,160,162,164,167,168,170,173,174,176,177,178,182,186 "26";
27 27 1 0,1,2,3,5,7,10,11,12,14,16,25,27,28,31,32,33,37,38,41,42,46,48,49,51,52,55,59,63,64,66,68,71,73,75,78,80,84,85,86,89,93,95,96,98,102,104,107,109,112,113,114,117,118,121,122,123,127,129,130,131,133,134,137,138,139,144,145,146,148,149,150,152,153,155,159,161,163,166,167,169,173,174,177,179,181,186,187 "27";
28 15 1 0,5,7,8,10,11,12,15,17,27,30,31,34,35,39,42,44,46,48,49,54,55,59,60,63,67,70,71,79,82,85,86,89,92,93,96,99,107,108,118,121,123,124,125,128,129,132,136,139,140,141,143,144,150,152,153,154,155,160,161,163,164,166,171,173,176,179,183,185,186 "28";
29 81 0 5,6,10,11,16,17,23,25,29,31,33,35,37,39,44,46,47,51,52,54,62,64,68,70,75,77,78,80,81,85,91,93,97,108,109,111,115,120,122,128,130,133,134,139,142,156,162,166,171,174,181 "29";
30 36 0 2,5,6,10,14,16,21,22,24,28,29,31,34,35,39,40,44,46,52,53,58,62,63,65,67,70,73,78,80,83,84,86,92,95,97,99,103,106,111,114,115,117,121,124,128,131,137,138,142,143,150,160,161,164,166,169,171,172,175,181,184,187 "30";
31 28 0 4,19,20,27,37,40,42,53,63,64,76,89,90,93,94,97,99,101,110,122,128,133,143,146,148,156,164,165,174,176,179,186 "31";
32 140 1 5,12,13,15,17,20,23,25,27,39,40,43,50,56,69,70,72,75,87,92,94,95,119,131,132,151,159,161,165,176,184,187 "32";
33 121 1 3,6,10,11,15,18,19,21,29,30,37,38,41,44,47,50,52,57,60,61,66,69,71,74,75,79,85,90,92,95,97,98,101,103,104,108,110,111,118,120,121,127,130,132,135,140,145,146,147,149,151,157,158,160,163,165,167,174,176,177,179,180,184 "33";
34 77 1 1,4,8,9,12,13,14,17,18,24,26,27,28,30,31,33,36,38,39,40,42,45,48,49,55,57,61,62,64,68,70,71,72,77,79,81,84,86,92,93,97,99,102,104,105,107,109,111,112,114,115,120,123,126,127,130,132,133,136,139,140,142,144,146,147,149,150,152,153,154,155,159,162,164,167,169,172,174,175,176,177,179,180,181,183,185,187 "34";
35 173 1 0,1,7,11,18,20,21,24,26,29,32,37,39,40,42,45,46,48,51,53,55,59,61,63,68,74,76,78,81,85,89,91,92,94,97,100,102,104,107,110,111,112,113,115,117,119,123,124,129,130,133,136,138,140,141,142,153,154,156,161,165,169,172,173,176,178,181,185,186 "35";
36 79 1 2,6,8,10,12,14,16,18,20,22,23,25,26,32,34,36,37,44,48,51,52,56,57,59,60,63,65,67,69,70,72,73,75,77,78,81,87,88,90,91,93,94,96,99,100,102,104,105,108,118,119,120,121,123,125,127,131,135,136,137,138,139,141,142,143,146,148,151,153,155,156,160,163,165,167,168,171,178,179,181,182,183,184,186,187 "36";
37 185 0 2,4,8,9,11,16,19,22,23,31,33,34,35,36,38,40,41,44,48,51,53,56,57,60,61,63,65,69,71,73,75,77,81,83,87,90,91,93,96,99,102,113,117,121,123,125,126,128,135,141,145,147,149,152,164,165,167,168,170,173,176,178,179,180,187 "37";
38 185 0 23,32,59,69,86,98,105,166,173 "38";
39 61 1 0,5,9,12,13,14,16,17,19,20,23,24,29,32,35,36,37,40,42,48,50,55,56,59,61,63,64,65,70,73,75,77,78,81,82,83,89,95,98,100,103,106,107,110,112,114,117,122,124,127,130,132,133,135,137,138,140,142,144,145,146,149,150,152,153,154,157,159,162,165,166,168,169,172,176,178,179,181,186,187 "39";
40 154 1 0,12,18,30,33,56,59,61,63,89,105,115,126,133,139,141,153,162,166,179,182,185 "40";
41 155 1 0,2,5,8,9,10,12,13,15,16,17,20,22,24,25,26,27,30,31,32,34,37,38,40,43,45,47,48,51,52,56,57,59,61,65,66,67,69,70,73,77,80,81,83,85,88,89,90,92,93,94,98,99,101,103,104,107,108,110,112,115,117,120,121,123,125,127,128,129,133,134,137,140,141,142,150,154,157,158,160,163,165,166,167,169,170,172,175,176,180,182,184,186,187 "41";
42 76 0 6,39,62,171 "42";
43 112 1 1,2,7,10,13,14,20,27,28,32,36,39,41,44,51,52,54,59,74,76,77,81,84,87,96,107,113,115,119,123,127,129,135,142,148,153,156,168,170,172,174,178,187 "43";
44 106 1 0,3,4,7,9,10,11,13,14,15,18,20,22,25,27,32,33,37,41,44,46,49,52,55,57,60,62,63,68,72,73,75,77,79,83,84,88,92,94,98,100,105,109,114,116,118,120,122,125,127,136,139,140,145,146,148,150,151,155,156,158,159,161,164,166,169,170,172,175,176,180,181,184,186 "44";
45 76 1 3,7,11,16,23,25,28,31,34,36,38,40,44,48,51,56,59,60,62,74,80,85,89,93,96,98,107,110,113,117,119,128,131,133,139,141,144,147,152,170,173,185 "45";
46 147 1 1,5,8,9,12,14,16,21,23,24,31,34,35,37,38,40,41,44,47,48,53,54,59,61,64,67,68,71,73,77,79,80,82,85,88,90,93,94,100,101,103,104,106,108,112,114,116,118,120,121,126,132,140,141,143,145,146,148,151,155,156,157,161,165,166,167,169,170,171,173,174,176,181,182,184 "46";
47 46 0 2,3,31,55,63,66,84,134,159,161,162 "47";
48 97 0 1,3,9,13,14,17,26,36,37,43,45,47,51,52,54,57,58,60,65,66,70,71,74,80,81,86,91,94,104,107,109,119,121,124,127,131,132,134,138,143,149,159,162,166,171,174,175,179,185,186 "48";
49 61 0 1,9,10,12,35,36,38,51,55,61,74,77,81,85,89,91,93,102,104,107,111,120,123,131,134,138,146,149,152,157,174,185 "49";
50 54 0 29,60,99,125 "50";
51 48 1 0,6,11,16,20,21,35,36,40,44,64,69,73,75,79,88,91,98,104,105,112,119,121,125,128,131,132,134,136,141,154,157,158,161,169,177,178,183 "51";
52 75 0 2,5,8,13,15,19,25,31,32,37,39,42,47,52,55,66,71,76,77,78,83,84,97,98,100,103,105,108,110,111,112,117,120,123,126,129,132,133,135,138,141,146,148,156,161,163,164,170,172,173,174,177,180,181,183,187 "52";
53 105 1 0,2,5,6,7,9,12,15,17,18,20,23,25,26,28,30,31,33,36,38,40,42,45,48,50,53,55,57,59,61,64,65,67,68,69,73,74,76,78,80,81,82,86,92,95,96,99,102,103,107,108,111,113,117,118,121,123,124,127,128,130,132,133,134,137,142,144,145,147,149,150,152,155,160,161,163,166,167,171,173,174,177,179,181,183,185,186 "53";
54 19 0 2,3,7,10,12,23,31,37,44,48,54,67,71,74,79,81,86,87,105,113,116,118,120,133,137,139,154,159,167,175 "54";
55 103 0 1,2,5,7,8,13,15,18,21,23,26,27,36,41,42,43,45,46,52,56,61,63,64,66,68,69,71,73,79,81,83,86,91,94,100,101,113,114,118,120,123,125,127,129,133,134,138,140,142,144,150,153,157,159,162,163,165,170,171,174,177,180,182,183,186 "55";
56 155 0 0,1,2,5,6,10,11,13,16,18,20,23,26,27,28,30,33,34,37,39,40,42,44,47,48,50,51,53,56,57,60,61,62,64,66,67,68,70,72,73,75,77,78,83,84,86,88,89,91,92,94,95,98,100,102,104,106,110,111,113,115,116,118,123,126,130,133,134,136,138,139,140,142,143,148,149,154,156,157,158,161,162,164,165,168,170,172,175,177,179,181,182,184,186 "56";
57 26 0 26,35,55,62,68,74,100,103,115,121,135,163,170,173,179 "57";
58 127 0 6,12,19,24,25,27,32,41,56,62,63,104,118,123,129,132,137,146,151,186 "58";
59 60 1 26,48,75,143,146,153,172 "59";
60 72 0 3,26,36,52,60,67,72,84,94,107,123,131,145,165,168,172,183,186 "60";
61 166 1 3,8,27,41,53,79,83,111,121,135,168,173,181 "61";
62 58 0 4,5,8,15,33,35,43,44,47,54,56,57,69,75,84,86,89,91,92,95,99,106,109,112,114,127,130,136,142,151,160,171,174,181,184,186 "62";
63 25 0 3,16,18,22,24,30,32,33,35,41,44,47,53,58,68,70,78,80,85,92,95,97,99,103,106,111,120,124,130,132,144,148,152,159,161,171,181,184 "63";
64 43 1 1,4,5,7,10,12,15,17,19,25,28,29,30,32,35,36,37,40,42,43,45,48,50,51,54,56,60,64,66,68,70,71,74,77,78,80,82,83,85,89,90,94,95,99,100,104,107,110,112,113,115,117,120,123,126,128,129,133,134,136,137,138,139,141,143,145,147,150,152,156,158,161,165,168,169,171,174,176,177,180,181,182,187 "64";
65 31 1 2,9,24,25,39,42,50,63,66,83,85,87,88,109,110,117,126,128,129,132,138,142,151,154,160,164,167,171 "65";
66 133 0 1,2,7,9,13,14,16,18,19,21,22,26,28,30,32,34,37,38,39,41,43,47,49,51,53,57,59,60,63,65,67,71,72,74,75,77,79,80,82,84,86,87,89,93,95,97,98,100,103,105,106,109,112,113,115,120,122,128,129,132,134,136,140,141,143,145,147,148,151,153,155,157,160,161,164,165,167,169,173,175,176,178,179,182,184,186 "66";
67 70 1 1,2,4,8,9,13,14,16,17,18,21,22,23,29,30,32,34,38,42,45,47,53,55,57,60,66,68,69,70,76,79,80,81,88,91,93,95,97,98,102,105,106,107,109,112,115,119,120,122,124,126,129,130,131,132,136,138,140,143,145,146,152,153,155,156,157,160,161,162,163,166,169,171,173,175,177,178,180,182,184,186 "67";
68 73 0 27,38,95,118,158 "68";
69 114 0 0,8,12,18,19,36,40,47,51,60,63,67,73,74,75,78,81,84,91,94,100,112,114,118,120,124,125,130,132,147,157,163,170,182 "69";
70 129 1 7,24,28,42,46,55,57,62,64,66,69,73,82,95,97,100,118,123,133,138,139,142,148,151,153,156,172,181,182 "70";
71 42 0 0,3,8,9,10,12,14,19,23,25,27,28,30,32,33,35,36,39,41,42,43,44,45,47,49,51,53,54,56,57,59,60,61,66,67,69,71,72,74,76,77,78,79,81,82,83,85,87,90,92,93,96,97,98,102,104,105,107,108,110,112,122,123,127,129,130,133,135,138,139,141,143,144,145,148,149,151,155,157,159,162,163,168,170,172,173,174,175,177,179,180,183,186 "71";
72 98 1 2,4,6,8,15,20,21,23,25,34,37,40,42,49,53,55,62,65,66,69,70,72,77,80,81,83,87,90,92,93,95,96,98,100,103,106,107,112,117,124,127,144,148,152,162,169,170,171,176,181,185 "72";
73 28 1 90,104,163 "73";
74 21 0 0,8,9,12,13,14,18,20,28,30,32,33,36,40,42,43,45,47,49,50,51,57,60,61,70,71,74,76,78,85,86,87,97,99,101,103,107,119,120,125,126,128,133,135,141,146,148,149,151,153,159,160,164,168,170,172,174,175,178,181,185 "74";
75 182 0 0,2,3,8,10,12,19,20,22,28,35,37,47,48,51,55,67,73,75,82,87,91,95,116,118,122,132,135,137,142,149,164,171,173,183,185 "75";
76 149 0 9,13,19,23,27,49,51,53,54,55,57,67,68,70,74,77,81,89,98,99,103,108,110,112,118,125,129,131,134,135,137,149,153,154,163,171,172,176,177,179 "76";
77 50 1 5,8,18,22,27,42,49,54,57,58,66,70,72,74,84,89,96,99,101,107,109,113,115,122,128,133,138,155,183,185 "77";
78 4 1 1,3,5,8,11,13,16,17,20,21,25,26,28,29,30,34,36,37,42,43,44,46,52,54,57,63,64,69,74,76,79,82,84,85,89,91,93,94,96,97,100,101,105,107,108,111,112,119,122,130,132,134,137,138,140,141,143,146,148,150,152,154,156,157,161,167,168,170,173,175,176,177,180,182,186 "78";
79 0 1 1,2,4,7,13,16,18,20,21,24,26,34,41,43,44,47,49,56,63,64,67,68,74,75,77,79,80,84,88,91,94,103,109,118,119,126,131,137,139,141,143,146,147,149,154,155,167,169,174,177,179,185 "79";
80 86 1 9,15,16,19,30,35,44,45,55,56,67,68,69,72,78,81,91,93,98,105,126,143,149,159,167,170,172,174,179,182,183,187 "80";
81 105 0 9,19,21,23,26,27,31,32,36,39,40,42,48,50,52,61,62,69,72,75,76,82,84,86,89,90,91,93,94,107,108,113,117,119,128,132,134,135,139,141,143,144,146,150,151,152,154,159,163,169,172,173,174,176,177,178,180,183 "81";
82 47 0 5,13,15,19,21,23,30,34,37,39,50,55,65,71,80,82,83,94,113,124,126,128,137,149,151,156,162,166,180 "82";
83 154 0 2,6,9,14,16,20,21,24,26,29,32,36,38,44,45,46,49,50,51,53,54,56,58,64,65,70,72,74,76,78,80,84,85,87,88,93,94,96,98,103,109,113,114,120,125,127,131,135,137,139,140,142,148,149,153,154,158,163,168,170,172,174,176,177,178,180,182,183,185 "83";
84 35 0 2,25,55,59,75,76,86,111,146,152,160,163,182 "84";
85 60 0 1,3,5,9,16,19,24,25,28,29,30,35,38,42,48,50,54,56,58,60,69,72,73,75,77,80,85,86,89,92,95,98,102,105,108,110,112,114,116,121,125,128,129,131,140,141,149,154,155,161,163,164,167,170,175,176,186 "85";
86 44 0 2,7,18,22,44,64,65,68,77,83,91,95,98,101,107,109,126,164,166,167,178,183,187 "86";
87 36 1 7,31,40,43,56,71,75,85,119,120,131,151,156 "87";
88 7 0 1,122,164 "88";
89 157 0 4,11,13,15,19,20,21,24,29,33,40,45,55,57,61,62,64,65,68,73,75,78,79,82,84,85,87,89,92,93,95,96,104,106,108,111,114,115,121,122,125,128,129,133,136,139,141,143,145,147,151,152,155,163,169,174,177,179,181,183,184 "89";
90 182 0 2,3,7,9,10,13,15,16,18,21,31,32,38,46,47,49,51,52,55,57,58,60,62,64,65,66,74,76,81,89,91,93,95,98,101,105,108,109,110,112,114,116,119,120,122,125,126,131,133,137,139,142,144,150,151,153,159,160,162,167,173,182,187 "90";
91 173 0 2,3,5,8,11,12,14,22,24,30,32,34,35,41,46,47,49,53,54,57,59,60,65,72,75,77,79,82,85,87,88,90,92,93,95,97,101,114,117,118,124,127,130,131,133,135,137,139,145,147,149,152,159,166,168,173,180,186,187 "91";
92 125 0 1,4,15,30,46,52,67,82,105,124,127,151,153,167,178,182,184 "92";
93 170 1 0,3,4,6,9,11,15,16,21,23,25,26,28,30,32,35,37,38,42,48,50,51,53,55,58,61,69,71,72,75,77,78,81,82,84,85,88,89,91,93,94,100,101,103,104,106,107,109,111,113,117,119,120,121,123,128,129,133,134,135,137,139,140,142,146,148,151,153,155,156,159,160,163,165,167,168,171,173,175,178,180,183,184,186 "93";
94 8 1 4,8,18,21,23,29,30,31,33,34,44,46,47,50,51,52,55,59,65,74,82,83,91,93,96,99,106,109,112,116,123,125,128,136,137,141,145,146,149,150,164,167,170,172,175,178 "94";
95 35 1 1,7,14,19,21,23,27,28,30,31,34,36,37,42,43,46,48,50,56,58,59,61,65,69,75,79,81,83,89,93,97,99,108,110,114,119,127,130,134,137,141,146,157,159,161,162,172,177,178,183 "95";
96 174 0 0,2,4,7,10,11,14,19,22,23,25,27,28,29,36,40,41,42,44,48,51,54,56,59,61,62,65,68,71,74,76,79,80,83,85,86,87,92,93,96,97,98,100,104,107,108,110,114,115,116,118,119,122,124,126,127,129,132,135,136,138,139,140,142,145,148,149,150,152,153,155,156,159,160,163,165,167,168,171,172,173,175,176,177,178,181,182,183,186 "96";
97 71 1 10,14,30,39,49,52,101,112,120,136,162,164,166 "97";
98 162 0 5,28,63,83,112,116,135,143,161 "98";
99 49 0 0,1,4,6,8,10,13,14,17,19,21,25,28,33,35,37,38,41,42,48,50,57,60,62,63,65,71,72,75,78,79,81,83,85,91,95,98,102,107,114,117,129,131,135,140,142,143,144,147,150,155,158,165,166,169,171,175,177,178,183,187 "99";
100 157 0 1,2,7,12,14,26,29,37,42,48,51,52,57,60,62,66,72,73,74,80,88,97,99,103,106,110,111,114,115,117,119,121,124,126,127,130,132,135,138,140,141,145,148,149,151,153,155,156,161,163,165,170,172,174,183,184,185 "100";
101 56 0 6,8,14,22,25,29,31,32,33,34,36,44,51,56,61,62,63,67,70,73,82,85,91,94,95,102,109,111,113,115,116,120,123,129,141,142,150,159,162,166,170,172,185 "101";
102 96 1 1,3,4,8,13,18,19,23,24,25,27,30,33,34,35,37,39,40,43,46,48,49,51,52,54,64,67,68,69,70,71,73,77,82,86,89,90,92,93,95,98,99,100,102,103,104,106,108,110,115,116,122,127,130,132,133,137,141,142,143,148,150,152,153,157,158,160,162,164,169,170,172,174,177,178,181,184,187 "102";
103 76 1 1,3,22,24,28,69,89,95,127,156,157,184 "103";
104 20 1 1,10,17,28,30,33,36,39,41,45,49,53,57,58,60,64,69,72,77,79,85,88,93,102,107,108,113,118,123,124,132,135,138,141,147,149,156,160,161,165,166,178,186 "104";
105 149 1 0,3,4,6,7,8,9,11,12,15,17,18,20,21,22,25,26,28,30,31,33,34,37,38,40,43,45,48,56,57,60,62,66,68,70,72,75,77,80,82,83,84,86,88,90,93,95,96,98,100,101,105,106,108,110,113,116,118,121,122,124,125,126,128,130,135,137,140,141,144,151,154,157,158,162,163,165,167,168,173,175,177,178,181,183,184,186,187 "105";
106 52 0 3,6,10,11,12,13,16,18,20,21,27,28,30,34,36,38,41,42,46,50,51,53,59,61,64,66,69,70,72,77,78,82,85,89,90,99,100,105,107,109,112,115,119,122,123,126,128,130,133,136,140,143,146,147,151,153,156,158,160,162,163,165,167,169,171,175,177,181,182,184,185 "106";
107 146 1 3,4,13,17,19,28,30,32,33,36,40,41,44,47,50,54,57,58,63,65,68,71,74,76,80,82,84,86,87,91,95,97,99,106,108,109,111,113,116,119,120,124,127,130,133,136,140,142,144,146,147,154,160,163,168,172,174,177,179,181,186 "107";
108 46 1 0,1,3,8,9,12,16,19,23,25,29,31,32,39,55,57,59,60,63,65,66,71,79,80,82,83,88,89,91,93,96,99,101,104,105,108,110,116,118,123,125,127,128,129,131,133,134,140,143,153,156,160,161,162,164,166,168,169,175,176,177,179,182,185 "108";
109 182 0 0,5,8,11,12,14,15,23,27,29,30,33,37,40,42,44,45,49,55,56,58,66,68,70,72,76,77,79,82,84,85,88,89,90,94,97,98,102,107,111,114,124,126,130,134,135,143,147,148,152,155,157,165,170,176,178,180 "109";
110 184 0 1,3,9,12,17,24,26,37,40,41,45,48,52,54,56,66,69,74,77,78,96,99,105,111,117,118,120,122,127,133,137,146,151,154,155,158,174,184,187 "110";
111 115 1 3,5,6,9,12,15,18,20,21,23,26,27,31,34,36,38,41,43,45,47,48,50,53,57,58,59,62,64,68,71,74,75,76,78,81,87,89,90,93,94,101,104,106,108,112,115,118,119,120,122,123,125,126,128,130,133,134,136,138,140,146,147,149,151,153,156,158,163,167,170,171,174,177,182,185,186 "111";
112 1 0 35,72 "112";
113 146 0 1,2,6,7,9,12,13,15,17,19,22,24,27,29,31,33,35,36,38,40,41,44,47,49,51,54,57,61,63,66,69,71,74,75,77,78,84,87,88,90,95,96,99,100,106,110,113,114,115,117,120,122,123,130,131,134,136,139,142,144,145,149,150,152,153,158,159,161,163,167,168,171,172,175,180,181,184,185,187 "113";
114 182 1 1,2,5,12,22,34,40,45,50,58,69,87,94,99,101,104,109,112,113,119,135,138,141,142,144,148,152,156,165,166,168,181,187 "114";
115 129 0 2,37,49,139 "115";
116 17 0 0,2,4,7,8,9,11,15,17,19,20,22,23,25,34,36,37,39,41,47,48,49,54,66,67,72,75,78,84,85,93,97,99,101,104,109,110,112,114,115,116,119,125,127,130,131,133,136,138,142,146,151,154,156,157,160,161,163,165,167,169,173,176,178,181,182,184,185,187 "116";
117 68 1 2,4,6,11,13,15,17,18,21,26,29,31,33,35,37,39,41,45,56,59,60,61,63,64,65,68,70,71,72,76,78,80,82,84,85,87,89,94,102,104,106,109,110,113,114,118,119,122,123,127,129,130,135,136,139,142,144,148,150,151,152,155,157,159,161,166,169,172,173,174,176,179,182,183,184,186,187 "117";
118 147 1 0,3,5,6,7,10,12,14,16,17,19,21,24,26,28,31,35,36,38,39,41,43,45,46,48,49,51,52,54,55,59,65,66,68,71,74,76,79,81,82,84,85,87,88,90,92,93,96,97,100,102,109,111,116,117,119,122,123,124,126,128,130,131,132,133,134,136,137,139,142,143,144,146,147,149,150,152,153,156,160,161,167,168,170,172,173,175,176,178,184,186,187 "118";
119 83 0 1,3,7,8,14,22,24,27,29,31,32,39,41,43,48,49,61,63,65,69,71,72,74,75,76,78,85,91,95,96,97,101,106,107,109,111,118,119,122,125,127,129,133,138,144,149,150,153,157,159,170,178,182,184,187 "119";
120 29 0 1,2,4,7,15,18,24,28,30,33,37,39,40,42,45,46,51,53,56,65,68,70,74,76,78,84,85,87,88,94,97,98,99,103,108,111,112,113,115,116,117,120,122,123,125,126,128,129,131,141,144,148,151,153,155,157,159,160,164,165,167,168,171,173,176,183,185 "120";
121 154 0 0,3,5,6,7,9,15,17,24,27,31,33,38,40,42,44,46,49,52,54,59,61,64,69,71,73,75,78,81,85,88,90,91,98,100,103,104,105,109,112,115,116,117,118,121,128,129,133,136,138,141,143,145,148,151,156,165,167,171,177,180,182,185,186,187 "121";
122 154 0 52,54,136 "122";
123 18 0 0,4,6,7,8,9,14,17,20,22,24,26,28,29,31,34,36,37,39,41,42,45,46,48,50,52,54,57,58,60,61,63,66,68,70,71,73,74,77,78,79,82,84,85,89,90,92,96,97,99,102,105,106,108,110,112,114,116,119,120,122,124,125,128,131,132,134,136,137,138,140,141,143,145,150,152,155,156,159,160,163,166,173,175,176,177,180,183,185,187 "123";
124 124 1 0,6,8,13,16,21,22,28,29,31,34,37,38,40,42,45,49,51,54,58,59,63,64,66,75,76,84,87,89,98,102,103,104,108,110,114,115,118,121,122,123,125,126,129,131,132,133,136,137,140,143,145,149,150,152,154,157,161,162,167,171,172,174,178,181,185,187 "124";
125 77 1 0,4,9,11,13,15,16,21,23,24,26,27,30,32,34,36,37,42,44,46,48,50,51,52,56,58,60,62,63,67,69,73,76,78,79,81,84,86,88,91,92,94,96,99,101,103,107,112,115,118,119,121,123,125,127,131,134,137,139,142,143,144,147,152,154,156,158,160,163,165,166,167,169,170,173,177,178,180,182,187 "125";
126 121 0 0,1,2,5,7,11,14,15,17,21,23,25,27,29,30,33,36,40,42,43,44,45,46,48,51,52,55,56,57,59,63,64,65,68,69,71,73,75,76,79,80,82,84,85,86,88,90,92,93,96,102,104,105,106,108,110,111,113,116,117,119,120,123,125,126,128,129,131,132,135,137,140,143,147,150,152,153,155,156,161,162,166,167,170,174,175,177,178,181,182,184,186 "126";
127 138 0 11,12,21,25,26,27,35,43,45,46,54,62,70,85,91,92,102,104,108,110,113,117,123,138,141,159,162,164,171,177,187 "127";
128 12 1 3,7,10,18,25,38,42,52,59,61,64,76,78,83,93,103,107,115,119,123,125,127,133,138,152,154,170,171,172,174,176,181 "128";
129 80 0 8,21,23,32,47,49,52,60,61,66,70,84,86,93,95,98,100,101,103,105,120,123,131,133,134,151,162,169,182,187 "129";
130 184 0 1,3,5,7,8,11,14,19,21,24,26,28,30,32,34,38,46,50,51,61,65,68,70,72,74,77,79,81,82,83,84,86,87,89,91,92,94,96,97,101,102,104,106,115,117,118,119,122,123,128,133,135,138,141,143,144,145,155,157,159,162,164,165,168,171,174,179,181,183,187 "130";
131 108 1 8,10,12,15,17,19,20,22,24,26,28,30,32,34,36,39,40,44,45,47,49,50,51,55,57,59,64,65,68,69,73,74,76,81,83,87,88,89,92,93,95,97,98,101,103,105,106,107,109,111,113,114,117,119,120,122,124,125,126,128,130,134,136,137,139,141,142,147,149,150,153,157,159,160,167,171,175,179,181,184,186,187 "131";
132 46 1 1,3,4,6,7,10,11,14,16,17,19,21,23,26,27,30,33,35,37,39,42,47,49,50,51,53,55,56,57,60,61,63,65,66,67,71,72,74,75,77,78,80,82,83,84,88,89,92,97,102,104,105,107,108,110,111,114,115,117,118,120,123,127,131,133,134,139,140,148,151,152,153,155,156,157,159,164,166,168,170,172,175,177,186,187 "132";
133 162 1 0,2,5,7,8,11,17,20,21,25,28,30,31,33,36,37,41,43,45,46,47,49,50,54,59,61,64,66,68,69,71,74,76,78,79,81,82,85,88,92,94,98,99,100,101,102,108,115,117,118,121,122,126,127,129,130,132,134,135,137,138,139,142,144,145,146,148,150,151,152,156,157,158,162,163,167,170,174,179,183,187 "133";
134 181 1 3,6,9,10,14,16,17,21,22,31,32,34,39,42,45,47,49,53,57,63,65,67,74,79,83,85,92,94,98,102,104,105,107,108,113,114,116,122,126,129,131,134,136,140,141,143,145,162,164,169,170,175,176,179,183 "134";
135 64 0 1,2,5,11,15,27,29,30,44,53,56,59,61,65,67,70,73,79,84,99,101,103,106,110,112,131,139,141,143,162,179 "135";
136 45 0 0,3,8,13,15,19,27,39,41,43,44,48,49,57,58,65,71,75,78,79,81,85,89,92,96,98,102,108,110,113,115,116,118,121,126,127,128,129,137,148,150,151,156,157,160,164,167,171,186 "136";
137 16 0 1,2,8,12,13,21,24,27,30,44,47,58,60,63,65,73,84,85,89,94,99,100,103,108,118,121,124,129,145,146,149,156,157,168,169,175,181,187 "137";
138 123 0 10,12,29,42,44,53,94,101,120,122,126,133,141,165 "138";
139 4 1 9,20,75,88,107,112,140,142 "139";
140 154 0 0,2,4,6,10,12,13,17,19,21,22,25,27,33,34,36,37,39,41,42,43,45,48,51,52,54,57,58,61,63,65,67,70,72,74,75,78,80,82,83,85,87,89,91,92,94,97,99,100,101,102,104,105,108,109,111,116,119,122,125,127,130,132,135,136,140,144,145,147,148,150,152,155,157,158,161,163,165,167,168,170,172,173,174,175,177,179,180,184,186,187 "140";
141 113 0 4,6,14,20,22,50,74,80,85,113,114,118,146,150,156,179,181,187 "141";
142 7 1 3,5,8,16,18,20,22,24,29,31,32,34,36,42,47,49,52,53,55,59,60,64,67,69,70,72,75,84,86,88,96,105,107,109,110,112,114,115,121,129,132,143,145,147,150,152,156,159,160,163,167,172,175,177,179,181 "142";
143 7 0 14,16,28,52,57,61,71,86,104,114,118,125,158,172,173,178,181 "143";
144 106 1 3,9,11,38,62,92,155,168 "144";
145 181 1 1,4,9,10,22,33,37,45,49,50,57,60,63,76,80,90,93,101,107,113,117,118,126,127,130,132,133,141,144,146,147,149,151,161,170,183 "145";
146 57 1 15,22,23,25,29,30,33,61,66,67,80,88,101,103,105,108,113,117,119,137,147,160,164,166,169,172,179,185 "146";
147 94 0 1,15,17,20,27,28,30,32,33,39,42,44,54,63,70,73,75,78,80,83,88,89,90,92,101,107,108,116,118,124,129,130,131,134,141,142,144,146,152,154,156,158,160,165,168,170,173,176,178,180,182,184,187 "147";
148 120 1 16,19,21,24,27,30,33,36,40,41,49,57,68,69,71,75,81,83,84,92,97,101,103,107,112,118,122,124,127,129,130,133,135,139,141,143,147,148,149,166,167,181,182,185,187 "148";
149 37 0 4,6,12,14,18,21,24,27,32,33,34,50,54,62,63,66,70,80,86,92,95,101,103,108,117,118,120,125,128,129,135,138,144,151,158,161,162,164,174,176,179 "149";
150 75 1 0,3,7,11,12,13,17,18,21,23,27,28,34,39,44,45,46,48,50,52,55,59,62,63,66,70,72,77,83,84,86,92,97,99,102,105,114,115,124,127,134,137,142,144,147,149,152,155,161,164,166,168,169,170,173,179,183,184,185 "150";
151 113 1 0,2,5,7,12,14,17,18,19,23,25,26,27,30,37,38,39,40,42,46,49,50,55,59,60,63,65,66,69,72,73,74,76,82,83,85,87,88,90,92,93,95,97,99,100,103,104,106,108,109,111,112,114,116,118,121,122,124,126,128,131,132,133,136,137,138,141,143,144,146,148,149,150,153,155,157,159,161,163,164,165,171,172,174,178,182,183,186,187 "151";
152 24 0 8,25,32,38,41,48,71,81,96,101,103,106,116,117,152,176,178,185 "152";
153 16 1 1,3,4,6,8,11,13,15,18,20,23,24,26,28,30,31,33,34,36,37,38,39,41,43,45,46,48,52,53,58,59,61,62,63,65,68,72,73,74,76,77,79,81,82,84,85,86,87,89,91,93,94,96,100,101,103,104,107,111,112,113,114,116,118,123,124,131,134,136,137,140,142,144,145,149,152,153,156,160,161,162,164,166,168,169,171,173,174,175,176,179,182,185 "153";
154 19 0 0,1,3,6,7,8,10,14,16,19,20,21,23,26,29,30,32,33,35,39,40,41,44,45,47,49,50,51,53,54,62,64,65,68,69,70,72,74,75,78,81,82,84,86,88,90,94,96,98,99,102,105,108,112,117,120,122,123,124,128,132,133,134,136,137,139,141,144,147,148,150,151,153,155,156,158,162,164,169,170,172,174,176,178,181,182,185,187 "154";
155 181 1 2,17,21,22,27,32,33,35,37,49,56,61,76,83,84,86,96,101,103,105,107,110,118,123,127,129,131,140,144,153,158,168,180,186 "155";
156 126 1 1,9,35,38,53,56,81,102,107,108,141,149,156,167,172,174,175,183,187 "156";
157 46 0 2,4,10,18,23,30,54,60,65,71,90,96,114,144,158 "157";
158 4 0 18,21,31,53,56,64,66,76,94,132,140,142,143,146,150,158,172,181,182 "158";
159 39 1 0,1,3,5,13,16,20,24,26,33,34,38,41,43,45,47,49,55,62,69,71,76,80,82,88,99,105,110,111,115,117,121,133,138,139,152,157,159,162,165,166,169,171,183,184 "159";
160 26 0 1,12,14,20,24,25,30,31,42,44,46,54,56,57,64,65,72,73,74,80,82,90,97,105,114,115,119,128,131,133,134,135,141,143,146,152,158,161,162,167,170,172,173,177,185,186 "160";
161 90 1 1,11,23,31,33,35,42,49,62,64,65,78,82,94,110,113,114,120,128,132,142,150,155,157,164,166,170,181,184,185 "161";
162 41 0 1,2,6,9,16,17,19,20,22,24,28,29,31,33,35,38,41,43,44,48,50,52,54,58,59,64,66,67,72,76,79,80,81,85,87,90,91,101,103,107,109,112,116,119,124,130,132,136,139,141,146,151,158,159,163,164,166,180,181,184,187 "162";
163 111 0 4,24,26,35,36,41,44,46,50,59,62,66,70,83,84,88,98,100,101,105,108,112,115,121,123,124,138,147,166,172,175,183 "163";
164 165 0 0,4,6,8,12,14,16,19,21,24,25,27,28,30,31,34,37,39,43,45,48,49,53,55,60,62,63,64,66,74,76,77,80,83,86,88,89,90,94,95,98,101,103,109,111,112,114,119,122,125,128,129,131,132,133,138,139,141,145,147,151,152,156,157,163,165,167,169,170,172,174,175,178,179,184 "164";
165 45 1 108,147 "165";
166 184 1 3,15,16,20,23,26,34,43,46,52,57,66,74,115,133,141,165 "166";
167 129 0 1,4,8,11,13,15,18,21,23,25,29,40,43,44,45,49,51,54,60,62,69,72,73,75,77,79,81,84,87,89,93,94,97,102,105,110,111,114,120,126,128,130,132,134,138,139,140,144,146,149,152,155,157,160,162,165,170,172,176,180,181,183,185 "167";
168 153 1 0,3,4,9,10,12,14,18,20,21,24,25,28,32,34,36,40,43,47,48,50,51,53,55,57,58,59,64,66,68,69,71,73,75,76,80,81,83,87,88,89,91,96,99,102,103,106,108,109,111,117,118,121,122,124,126,129,135,137,139,141,142,145,148,149,152,158,159,160,163,166,172,174,176,182,184 "168";
169 73 0 4,5,8,10,12,15,16,17,22,26,28,29,32,34,36,40,42,44,46,47,49,50,56,58,61,64,66,69,74,76,80,81,82,89,92,93,95,97,99,102,104,106,107,111,112,117,119,123,124,127,129,132,141,142,144,145,151,152,154,156,157,161,162,167,169,170,174,175,176,179,180,183,185,186,187 "169";
170 24 0 2,7,23,28,32,33,76,78,88,90,99,121,144,156,163 "170";
171 75 0 6,9,11,16,19,21,24,27,30,34,38,39,41,48,50,56,60,62,68,69,76,80,84,86,87,93,100,111,113,130,134,136,143,148,155,157,161,167,169,176,182 "171";
172 70 0 8,33,36,38,41,43,48,54,61,63,78,92,110,125,129,137,143,147,178,180,182 "172";
173 79 0 3,34,63,84,120,134,138,149,163,176 "173";
174 86 0 4,8,11,16,21,35,38,42,47,52,54,56,58,60,67,70,76,77,80,83,85,87,88,90,95,104,110,113,115,120,123,128,131,134,149,150,152,155,158,163,165,169,170,175,176,179,180,185 "174";
175 99 1 2,3,6,7,9,16,18,21,22,24,26,28,29,32,35,37,39,45,48,49,51,52,55,56,61,62,64,65,70,71,73,74,75,79,80,82,83,87,89,91,94,96,99,102,103,106,107,110,112,113,115,116,118,120,126,127,129,134,135,137,138,143,145,146,148,149,151,155,157,159,162,163,164,171,174,176,178,179,182,184 "175";
176 13 1 2,8,17,21,22,26,28,29,34,35,37,38,42,50,56,61,64,65,68,71,72,74,78,79,82,85,88,89,91,92,94,95,98,100,105,107,113,120,125,131,135,137,142,143,145,146,147,149,154,156,172,175,177,178,182,187 "176";
177 119 1 1,5,15,19,21,25,28,33,35,39,44,45,48,56,58,66,69,72,74,76,79,83,85,92,93,98,103,108,115,128,133,137,146,148,149,153,160,164,167,175,183,187 "177";
178 25 1 0,1,3,4,5,8,16,17,19,20,24,27,30,31,34,35,39,41,42,49,50,53,57,58,61,62,64,67,68,69,73,75,77,79,80,84,87,89,91,92,96,98,99,103,107,109,111,117,119,124,128,131,135,136,138,139,141,144,145,147,149,152,153,156,161,165,168,169,172,174,175,177,178,181,184 "178";
179 44 0 3,6,8,10,12,17,20,29,43,47,55,64,70,73,78,86,90,99,105,113,114,118,119,123,125,128,132,134,141,152,155,166,167,169,179,182,184,186 "179";
180 12 1 9,21,29,33,42,49,52,57,69,89,97,100,103,112,136,144,171,178 "180";
181 134 0 1,2,6,8,10,12,14,18,22,25,27,28,31,33,38,40,41,46,49,54,57,62,64,66,70,72,79,80,83,85,86,91,93,96,102,105,107,109,110,113,119,120,122,126,130,133,134,137,139,145,149,151,153,156,159,164,165,168,170,179,182,186 "181";
182 39 0 0,3,7,10,13,14,16,17,19,20,21,24,25,26,28,32,33,36,40,43,45,46,47,51,55,57,62,63,66,68,69,71,73,74,76,77,81,84,85,87,91,93,97,98,99,104,105,111,114,116,118,120,122,123,125,130,131,135,137,138,144,145,147,149,150,152,159,162,164,165,168,170,173,178,180,185,187 "182";
183 177 0 11,13,17,19,21,22,26,28,29,47,52,59,61,67,71,76,100,108,112,114,121,130,134,138,140,148,152,156,160,169,170,176,182 "183";
184 5 0 0,2,3,5,9,10,13,14,15,17,19,21,23,24,26,29,30,32,34,36,37,39,40,43,44,45,47,48,49,51,52,53,54,55,57,63,66,69,70,71,73,75,76,78,80,82,84,85,89,91,93,95,96,97,98,103,105,106,107,109,111,113,114,115,118,120,123,125,127,129,133,136,137,139,140,142,145,149,151,156,158,160,164,166,169,171,173,176,184,186 "184";
185 6 1 2,4,8,14,18,20,22,24,25,28,29,36,40,42,43,44,46,50,51,53,55,57,62,64,66,67,70,72,73,75,81,82,84,86,91,93,95,97,99,100,102,103,104,106,108,110,111,113,115,118,120,123,126,129,131,132,134,136,138,139,141,143,147,149,154,156,159,161,162,165,167,170,172,175,177,178,187 "185";
186 70 0 3,4,6,8,10,11,14,16,18,20,23,24,28,30,31,32,35,36,38,39,40,42,45,47,48,53,58,60,62,64,67,70,73,76,77,79,81,82,83,86,87,89,91,98,100,103,104,107,108,110,112,114,117,118,121,123,125,126,129,131,134,136,137,138,140,142,143,145,147,149,151,155,157,158,159,162,163,166,170,171,174,176,177,180,182,184 "186";
187 98 0 2,36,44,46,82,91,115,131,167,180 "187";
