parity 126;
0 22 0 1,2,7,8,11,21,27,30,33,36,37,38,48,50,51,52,59,61,66,70,76,78,83,86,87,91,97,99,100,102,106,108,113,114,116,119,121,124,126 "0";
1 55 0 0,3,4,7,10,15,16,21,25,30,32,34,36,41,43,44,45,47,48,49,65,79,81,87,88,90,94,96,98,104,109,110,115,117,126 "1";
2 122 0 3,5,7,12,20,22,24,26,28,31,32,41,42,46,47,50,52,54,56,57,58,67,70,72,74,77,78,86,88,89,90,91,93,97,103,109,111,113,114,120,126 "2";
3 80 0 0,2,4,5,6,8,10,14,15,17,18,19,21,24,25,29,30,34,36,42,44,49,51,54,55,58,59,61,63,65,67,74,79,82,83,84,85,86,89,91,92,95,96,98,100,101,103,105,106,107,108,112,114,116,117,122,124,126 "3";
4 86 1 0,2,5,7,13,14,16,18,21,23,26,33,37,39,41,42,44,48,49,52,55,57,60,61,63,65,67,71,72,74,77,78,85,89,93,94,101,102,106,107,108,110,111,115,116,117,122 "4";
5 49 0 9,11,29,46,114 "5";
6 76 0 1,3,5,7,8,10,11,15,17,18,19,20,23,25,26,29,30,32,35,36,38,40,42,43,46,47,49,53,56,57,60,64,66,68,71,72,74,75,78,80,81,84,86,90,93,95,99,100,103,105,107,109,111,118,122,124,125,126 "6";
7 83 1 23,33,35,46,74,113,118 "7";
8 118 1 7,9,13,15,17,18,19,26,29,37,41,42,46,62,75,102,103,106,109,119 "8";
9 13 0 1,3,5,7,19,22,32,43,58,59,62,65,68,80,90,95,98,100,111,112,121 "9";
10 59 1 4,17,77,121 "10";
11 62 1 12,13,14,17,31,34,38,40,48,50,52,54,58,60,62,64,67,69,71,72,75,79,88,95,100,107,109,118,122,126 "11";
12 77 0 0,1,3,4,6,8,11,15,23,30,32,34,36,38,45,50,51,52,55,59,62,64,66,68,71,73,81,84,86,88,90,96,100,105,109,115,118,121,123,124 "12";
13 108 1 0,1,2,3,5,6,12,13,15,16,18,19,20,22,23,25,29,31,33,34,38,39,41,42,45,46,48,51,54,56,59,62,64,65,68,70,71,78,80,81,83,85,87,89,90,91,92,96,97,98,100,102,104,105,107,108,111,114,117,121,123,124,126 "13";
14 78 1 3,5,6,8,9,11,13,14,15,19,21,24,25,27,28,32,33,34,36,37,39,42,43,51,53,54,57,60,64,66,67,69,74,75,77,80,81,84,86,87,89,92,93,95,96,98,102,103,106,108,109,110,113,115,117,118,120,121,123,125,126 "14";
15 115 0 0,5,12,13,16,26,28,41,55,57,64,68,81,84,90,92,94,96,102,105,106,107,112,114,122 "15";
16 6 0 1,6,10,13,14,17,20,23,26,28,30,34,41,49,55,57,58,59,61,66,68,70,72,77,80,81,84,85,91,96,97,100,109,111,112,118,120,122,123 "16";
17 121 0 2,5,7,9,10,12,13,16,18,21,25,26,28,29,31,34,37,39,41,44,45,47,48,50,51,54,57,58,59,62,64,65,67,69,70,72,76,79,80,81,88,93,95,96,101,104,105,106,109,111,112,115,116,124,126 "17";
18 47 0 0,4,6,9,13,21,22,29,38,56,79,89,98,99,115,125 "18";
19 77 0 0,7,22,23,26,31,34,39,42,51,54,56,57,61,79,82,84,90,91,96,99,100,102,106,109,113,116,125 "19";
20 44 0 8,24,33,36,41,42,47,49,55,58,59,61,64,69,72,73,92,96,100,102,107,113,117,119,121,126 "20";
21 67 1 0,7,15,20,31,38,41,44,57 "21";
22 80 1 1,2,6,12,18,19,26,34,36,40,44,46,51,59,68,78,92,93,95,98,110,117,120,123 "22";
23 4 0 2,4,5,7,8,12,16,21,22,24,25,27,28,30,32,33,38,42,44,45,50,52,53,54,58,60,62,63,65,66,70,71,73,75,77,78,80,82,83,87,88,91,95,96,97,98,101,103,108,114,119,121,122,124,125 "23";
24 42 1 4,5,7,11,13,15,17,19,24,26,28,30,32,49,51,53,55,64,67,74,77,78,80,81,84,86,92,95,97,99,103,106,111,113,115,117,120,126 "24";
25 90 1 0,1,3,4,5,7,10,11,12,14,15,17,18,19,21,23,26,28,29,32,33,35,40,41,43,46,49,51,54,55,56,59,61,66,67,69,70,72,73,74,80,83,84,86,88,93,94,96,99,102,104,110,112,114,115,118,120,124,126 "25";
26 55 1 4,6,82 "26";
27 38 1 1,3,4,5,8,13,19,21,24,26,29,33,34,38,40,42,46,49,50,53,55,56,57,59,62,64,66,68,70,71,74,77,81,83,85,88,89,93,94,103,106,110,112,116,120,126 "27";
28 66 1 3,6,17,29,36,37,57,65,68,85,86,89,111,115,117,120,122,124 "28";
29 8 0 0,1,2,4,6,7,10,12,14,15,18,19,20,22,25,27,29,30,31,33,34,35,37,38,46,49,51,53,58,59,62,63,64,66,68,71,73,76,77,88,90,92,98,100,103,106,108,111,115,116,118,121,122,124,126 "29";
30 109 1 0,3,6,9,11,13,17,18,20,21,24,29,36,37,41,43,47,49,50,52,56,58,59,60,65,69,71,74,75,76,78,79,83,85,87,89,90,92,93,95,96,98,101,103,104,106,109,117,118,120,121,123,126 "30";
31 123 1 0,2,3,5,7,9,11,13,16,17,21,23,25,27,32,33,35,36,37,38,42,43,46,48,49,51,53,55,58,60,61,64,65,67,70,71,73,76,78,85,87,89,90,91,94,97,98,99,101,102,103,105,107,111,113,116,117,119,120,123,124 "31";
32 20 0 0,3,5,19,22,31,33,36,40,42,45,50,53,56,60,61,74,76,78,82,84,89,92,94,96,99,102,103,110,118,120,123,124,125 "32";
33 70 1 0,2,3,10,13,18,22,23,25,26,27,29,30,31,33,36,38,39,40,44,45,47,50,55,56,58,60,61,64,67,68,70,72,74,75,81,85,87,90,94,95,100,104,106,107,112,113,114,117,119,121,122,125 "33";
34 77 0 2,5,9,10,15,17,18,22,23,30,42,45,48,50,54,56,59,61,62,63,66,68,69,75,78,81,85,87,92,94,95,98,100,101,104,110,114,123 "34";
35 38 1 0,1,3,6,8,10,11,15,18,22,26,28,30,31,32,38,47,49,56,57,59,60,62,65,67,69,72,73,76,78,82,84,86,87,91,92,94,95,96,98,99,100,106,107,109,116,119,120,124 "35";
36 90 1 3,8,10,15,21,29,41,44,51,54,58,64,78,82,94,101,106,118,126 "36";
37 80 1 10,13,17,28,29,35,39,41,52,76,79,82,90,92,94,96,99,102,115 "37";
38 83 0 0,6,10,15,18,20,21,27,32,34,36,38,39,40,42,46,47,49,50,52,55,58,60,62,63,64,66,68,71,73,76,77,80,84,85,89,90,92,98,101,104,105,109,111,112,113,114,116,122,124,125 "38";
39 31 0 1,4,7,9,10,13,15,17,19,20,22,23,25,28,30,31,32,34,36,38,46,47,48,50,52,55,56,58,59,63,64,67,69,72,75,76,78,79,85,89,91,93,96,97,99,101,104,108,111,117,119,121,124 "39";
40 104 1 2,8,15,19,20,24,26,33,36,42,43,44,47,50,53,56,57,59,64,66,68,70,73,79,82,85,87,92,96,100,105,107,113,114,116,117,118,120,124,126 "40";
41 63 1 0,17,20,52,61,67,69,77,79,88,104,109,116 "41";
42 84 0 5,8,11,22,30,39,42,45,46,50,52,55,58,61,68,71,77,80,82,95,97,106,111,114,119,125 "42";
43 73 0 4,7,9,11,18,20,23,24,25,28,31,33,45,47,48,53,54,58,59,65,66,69,71,73,74,76,81,83,85,89,92,94,95,98,99,101,102,105,108,109,113,116,123,124,125,126 "43";
44 118 1 2,5,7,8,11,13,14,17,19,21,24,30,31,33,34,37,43,50,53,55,58,59,60,62,64,66,67,68,70,71,73,74,76,77,79,82,84,87,88,90,98,100,102,107,110,115,118,121,123,125 "44";
45 58 0 5,9,12,15,19,28,43,45,48,50,54,57,61,69,72,73,74,79,80,84,86,87,93,102,104,110,113,114,122,125 "45";
46 119 1 2,3,6,8,10,13,14,17,20,21,23,24,28,36,40,42,45,47,61,64,66,70,72,74,76,78,80,82,85,87,89,96,98,100,105,106,107,108,124 "46";
47 96 1 5,76 "47";
48 105 1 1,2,5,6,7,11,12,15,21,28,29,34,38,40,42,43,45,46,48,50,52,54,56,57,59,62,64,65,66,70,71,77,78,80,83,86,89,95,98,99,101,105,107,108,109,114,117,119,122,125,126 "48";
49 31 1 0,2,3,4,5,7,8,11,12,13,14,16,18,20,22,23,28,30,31,32,36,37,39,40,42,45,46,48,50,52,55,57,60,63,64,66,69,70,74,76,77,79,80,81,84,86,89,91,92,94,95,98,100,102,103,106,109,115,122,123,125 "49";
50 81 1 3,17,33,35,55,71,103,109 "50";
51 60 1 1,4,6,8,9,12,15,16,18,20,24,26,28,29,31,33,34,39,42,46,49,50,52,55,56,60,61,67,70,74,77,78,80,82,87,91,92,93,95,98,100,102,110,111,114,118,121,126 "51";
52 103 0 0,2,4,6,7,11,15,22,24,25,29,31,34,36,37,39,43,44,50,53,56,59,62,66,75,77,79,81,88,92,94,96,102,103,104,108,110,115,117,123,125 "52";
53 88 1 10,15,17,43 "53";
54 52 0 5,10,11,14,25,30,32,40,51,60,65,68,70,82,88,89,97,108 "54";
55 13 1 1,2,4,7,12,14,16,17,22,23,25,28,33,36,38,39,42,45,48,50,52,57,58,62,68,71,74,79,82,84,86,87,92,96,101,103,105,107,109,112,114,115,117,119,122 "55";
56 20 0 0,10,12,13,15,18,24,27,30,33,34,43,45,47,52,57,60,65,68,69,70,72,73,77,79,81,83,86,88,91,93,99,101,102,112,118 "56";
57 108 0 0,3,5,7,10,13,15,17,19,20,22,25,28,30,38,40,42,45,46,48,49,51,55,68,70,73,74,75,80,84,85,86,87,88,92,96,103,110,113,114,116,124,125 "57";
58 7 0 11,18,31,34,37,54,67,91,116 "58";
59 112 0 0,2,5,7,8,9,10,12,14,16,18,19,21,24,26,28,29,33,36,37,39,40,42,48,49,51,53,55,56,58,60,62,71,75,77,79,80,83,84,85,90,91,96,98,100,106,108,109,111,116,117,121,122,124,126 "59";
60 71 0 2,5,7,10,11,13,16,17,18,20,22,24,31,33,34,36,40,42,44,45,48,50,52,54,55,57,60,64,67,69,71,74,78,82,84,85,89,92,93,95,96,100,101,103,106,112,113,115,117,125 "60";
61 95 1 1,7,8,10,12,16,24,28,30,31,32,34,36,39,42,43,44,47,50,52,54,56,57,62,64,66,67,71,72,74,80,84,86,88,93,95,97,101,103,106,107,108,109,111,115,117,119,121,123,124,126 "61";
62 42 0 1,8,9,11,14,15,18,21,22,24,26,27,28,32,33,34,37,39,41,43,44,46,49,51,56,60,65,67,69,73,76,78,80,82,83,88,91,94,95,97,100,107,108,110,112,114,115,117,119,120,121,124 "62";
63 21 0 54,104 "63";
64 126 0 0,4,6,14,18,30,34,37,41,47,57,59,66,74,96,100,107,112,113,122 "64";
65 19 1 2,5,7,12,13,14,16,18,19,22,24,26,30,32,37,40,46,48,49,52,58,59,62,64,67,68,72,73,83,85,89,98,99,102,103,105,107,110,113,115,118,122,124 "65";
66 92 0 35,63,84,94 "66";
67 77 0 0,9,11,27,45,117 "67";
68 102 0 21,79,96,105,123 "68";
69 48 0 0,1,3,5,8,10,12,14,16,18,19,24,25,28,29,31,38,49,50,53,54,56,64,65,71,72,76,79,81,85,86,88,89,91,94,99,104,111,116,120,122,124,125,126 "69";
70 55 0 0,1,3,4,6,9,10,22,24,29,33,36,38,45,48,51,53,55,56,64,66,70,72,78,81,86,89,90,93,100,101,106,114,118,123,126 "70";
71 49 0 0,4,15,16,20,21,22,24,30,31,32,35,37,43,45,46,48,50,51,54,55,57,58,59,62,65,67,69,72,77,80,81,86,90,91,92,96,98,100,105,106,110,112,114,115,119,120,122 "71";
72 121 0 5,18,27,36,46,57,59,61,72,92,94,107,111,117,123 "72";
73 43 1 2,12,15,16,32,36,43,47,51,52,54,62,67,71,80,85,89,93,95,97,106,107,109,113,115,116,118,123 "73";
74 60 0 2,3,4,7,13,18,20,25,28,29,38,45,54,56,66,67,70,72,74,80,81,87,91,93,95,106,113,115,116,118 "74";
75 77 1 0,2,3,4,6,7,8,10,13,15,20,22,26,27,28,32,34,35,38,40,42,44,46,48,49,59,61,64,68,69,72,73,75,76,78,79,80,83,85,87,89,90,92,94,95,96,98,99,103,104,108,111,112,115,116,117,119,120,122,125,126 "75";
76 127 1 37,49,60,116,125 "76";
77 108 0 24,52,60,84,91,119 "77";
78 71 0 0,3,5,8,9,11,13,15,17,23,27,28,29,32,39,48,49,53,61,67,76,84,91,95,97,101,104,109,113,116,123,125 "78";
79 107 0 0,2,8,10,12,18,22,23,24,31,32,37,38,40,44,50,53,56,58,60,65,67,71,75,77,80,83,84,87,89,93,96,97,100,101,113,116,121,123 "79";
80 50 1 1,2,6,7,14,17,19,20,22,23,25,27,28,41,43,46,48,50,57,61,63,65,67,71,76,78,79,80,81,83,87,88,96,99,105,110,111,114,119,121 "80";
81 99 1 1,7,8,10,12,22,23,28,36,37,45,47,51,54,61,63,65,66,68,70,75,76,81,84,89,95,97,100,101,103,108,110,111,122,124,125,126 "81";
82 52 1 0,2,10,12,14,17,19,24,27,30,31,34,36,38,39,44,47,49,52,54,57,64,66,69,71,72,74,78,84,85,89,99,103,105,107,109,111,113,118,119,122,126 "82";
83 4 1 30,119,126 "83";
84 69 1 12,45,48,53,65,89,107,119 "84";
85 39 0 0,1,3,4,7,8,9,13,15,17,19,21,22,25,27,31,36,37,39,43,44,46,47,49,50,53,55,58,60,62,66,69,70,72,75,76,78,79,82,83,86,88,92,93,95,96,99,101,103,104,106,107,109,111,115,116,120,122,123,126 "85";
86 65 1 0,1,2,5,8,11,14,16,18,20,21,26,31,35,37,42,47,52,54,55,59,61,62,66,69,74,77,78,84,87,94,95,97,99,101,105,107,109,111,112,113,115,120,123,126 "86";
87 67 1 1,3,5,11,13,15,17,18,20,22,23,25,26,32,34,37,43,48,50,52,56,58,60,62,66,71,72,76,80,81,83,84,89,92,95,97,105,109,111,113,114,118,124,126 "87";
88 31 1 0,2,3,5,10,11,12,13,16,17,19,20,21,23,26,28,31,36,38,40,41,43,44,45,48,49,51,54,57,58,59,61,63,64,66,68,70,72,74,79,80,81,83,85,88,94,96,97,100,104,106,107,112,114,117,118,121,124,125 "88";
89 4 0 0,4,5,6,9,14,16,18,21,30,32,34,36,37,38,42,43,52,58,65,67,68,71,77,88,90,91,92,94,96,98,104,106,107,109,110,113,123,124 "89";
90 89 0 1,4,7,14,15,17,19,22,25,26,29,31,34,37,40,42,46,47,50,54,55,58,60,62,63,65,68,74,77,78,82,84,87,89,95,98,100,101,102,104,110,115,116,121,122,123 "90";
91 32 0 14,46,53,54,65,71,74,93,100,109,110,119,126 "91";
92 106 0 1,4,7,8,12,14,15,17,19,21,23,25,27,28,31,32,35,36,37,38,41,47,49,52,54,57,60,62,64,66,67,68,71,73,75,77,79,82,84,86,89,92,96,102,110,111,112,117,121,122,124,126 "92";
93 42 0 3,10,42,45,69,78,88,91,98,100,114 "93";
94 101 1 49,106 "94";
95 117 0 0,3,9,10,16,19,21,24,25,28,31,32,34,39,40,42,43,47,49,57,60,62,63,64,67,69,70,72,73,76,77,78,81,82,84,87,89,90,91,92,95,96,101,103,105,106,110,113,114,117,118,120,122,124 "95";
96 119 1 5,19,64,90,100,120,121 "96";
97 84 1 2,6,7,9,10,11,13,17,18,20,21,23,25,27,28,31,33,35,37,39,40,44,48,49,51,52,54,55,56,58,59,60,63,65,68,71,75,76,78,80,82,84,86,88,90,91,93,95,96,101,104,106,107,109,114,118,119,123,125 "97";
98 10 1 0,2,5,8,21,24,26,28,30,31,34,40,42,43,49,54,56,60,66,68,69,71,73,77,79,82,94,96,97,98,101,103,105,110,115,118,119,121,123,125 "98";
99 83 1 0,5,6,7,9,10,14,17,19,22,25,27,30,34,36,37,39,43,46,48,50,52,55,62,64,66,73,77,78,84,90,94,96,99,103,105,109,111,118,122,124 "99";
100 75 0 3,43,69,100,101,103,120 "100";
101 10 0 0,2,6,8,10,16,17,19,20,21,23,25,27,31,33,36,39,44,46,50,53,56,58,60,62,64,66,68,72,74,76,77,79,81,83,84,87,90,92,95,100,101,102,103,104,106,111,113,115,116,118,120,121,122,124,126 "101";
102 38 0 1,5,7,8,11,13,14,17,19,21,25,27,30,35,39,41,43,44,48,50,52,54,58,61,62,63,69,77,79,83,84,85,86,87,90,93,94,96,98,100,109,115,116,119,121,125 "102";
103 63 1 4,8,17,40,51,58,63,66,101,126 "103";
104 47 0 2,5,7,8,10,12,13,16,18,19,21,23,24,26,28,33,34,36,37,42,46,48,49,50,52,56,59,60,61,63,65,67,69,77,78,83,87,88,92,93,101,104,107,109,111,112,116,119,121,123,124,126 "104";
105 41 0 0,3,4,6,7,12,14,16,19,20,21,23,25,31,32,34,35,37,38,40,49,51,53,54,56,58,62,63,65,68,70,72,73,77,78,79,81,86,87,89,91,92,94,96,98,100,101,103,104,105,112,114,117,120,123,126 "105";
106 70 0 4,17,22,29,38,45,47,53,56,58,59,64,69,70,77,78,87,112,114,121 "106";
107 98 1 1,3,7,8,10,11,12,15,16,18,21,23,25,26,29,31,33,34,36,37,40,42,45,47,48,50,52,53,56,57,60,62,64,66,68,70,71,73,74,76,77,78,80,81,84,85,86,88,92,96,97,99,101,103,104,107,109,111,115,116,117,119,120,123 "107";
108 75 1 1,2,3,4,7,9,10,12,13,15,17,20,25,26,27,30,31,33,34,36,38,40,44,46,48,50,52,54,55,57,59,62,63,65,66,70,72,74,76,77,78,81,83,85,87,88,89,90,93,97,99,102,103,106,108,109,110,111,114,117,121,123,124,126 "108";
109 25 1 0,1,3,5,8,10,11,13,15,16,17,21,23,25,26,29,30,31,33,36,41,44,46,48,50,53,54,56,59,60,62,66,69,74,75,77,78,82,83,85,87,88,89,92,93,97,99,101,102,105,107,108,114,115,117,118,121,123 "109";
110 105 1 0,2,5,6,7,11,15,19,20,22,25,28,29,32,34,37,39,41,44,48,50,51,53,56,61,62,66,68,69,72,75,81,82,85,86,88,93,95,97,99,100,102,106,107,109,110,112,118,120,125,126 "110";
111 22 1 2,14,45,47,48,58,70,81,86,101 "111";
112 56 1 0,3,12,15,16,19,24,26,28,30,31,36,40,41,46,50,52,55,60,63,64,74,77,86,87,91,92,95,98,105,109,110,112,115,116,117,120,125,126 "112";
113 49 1 5,14,25,41,47,50,69,74,87,107,123 "113";
114 103 1 1,6,11,15,19,20,23,26,31,32,34,36,42,56,57,60,65,66,68,93,95,96,100,103,110,113,116 "114";
115 6 0 22,26,31,38,42,51,85,89,101,111,118 "115";
116 49 1 2,4,7,11,13,19,20,27,36,37,41,45,51,57,59,64,68,85,86,87,93,95,102,107,110,114,118 "116";
117 6 0 1,3,5,8,11,12,13,14,16,22,25,27,30,33,35,37,41,44,45,47,49,51,53,56,61,63,65,67,69,70,75,77,80,82,84,87,88,89,92,94,96,98,99,100,105,108,110,113,115,117,120,123,124,126 "117";
118 93 1 0,8,16,34,40,53,56,61,63,68,77,85,87,93,100,102,105,110,113,117,121,124,126 "118";
119 121 0 32,34,50,74,110 "119";
120 34 0 4,9,12,18,25,30,33,40,47,64,68,70,72,75,79,87,91,94,105,108,114,117,121,125 "120";
121 91 0 2,4,9,10,12,14,16,17,21,25,26,28,35,36,38,39,43,45,47,48,51,53,55,60,61,64,68,70,71,73,74,76,77,79,81,83,84,86,89,92,94,97,98,101,102,109,110,113,114,115,121,126 "121";
122 44 1 3,4,13,25,28,30,37,49,53,56,58,69,72,94,107,116 "122";
123 86 0 1,4,7,18,21,31,38,45,48,50,53,59,62,65,68,74,84,87,90,97,100,106,120 "123";
124 14 1 6,13,15,24,31,33,35,36,44,48,51,57,61,62,65,70,73,78,83,85,91,95,97,99,101,107,109,118,125,126 "124";
125 73 1 8,11,15,19,25,26,29,31,33,37,40,49,54,59,63,84,90,99,116,118,120 "125";
126 91 0 2,4,6,14,16,18,23,24,27,29,31,33,36,37,38,40,41,43,45,46,48,50,53,54,55,56,58,61,63,64,65,70,72,75,82,86,87,90,93,94,97,101,102,106,109,111,115,117,121,122 "126";
