parity 120;
0 118 1 3,8,15,18,31,33,38,53,57,61,73,76,90,98,110,114 "0";
1 27 1 0,2,5,7,10,12,13,15,18,22,24,26,28,31,38,40,42,43,46,47,50,54,58,60,62,64,65,67,68,69,72,76,78,80,83,84,89,91,92,95,96,99,103,105,106,110,112,114,115,116,119,120 "1";
2 109 0 0,2,5,7,9,11,12,16,17,19,21,23,24,26,28,30,32,34,35,38,39,41,43,44,48,54,56,57,59,62,64,66,69,72,73,77,78,80,81,84,87,88,89,91,92,93,97,98,100,102,103,106,107,109,110,112,114,116,119,120 "2";
3 94 1 0,8,9,17,23,34,40,43,65,70,85,90,93,105,111 "3";
4 116 1 2,4,7,10,13,14,15,18,19,21,26,30,31,34,36,38,40,41,45,47,49,50,52,53,55,57,59,61,62,63,65,68,69,70,73,74,79,83,84,86,87,88,90,91,93,94,97,99,101,103,105,106,107,108,113,114,115,119 "4";
5 57 0 1,13,19,23,26,28,31,33,34,36,40,45,47,50,52,53,59,62,66,70,73,75,78,80,82,85,92,93,95,97,100,105,112 "5";
6 20 0 8,35,53,60,73,85 "6";
7 118 0 0,1,8,9,12,17,19,27,30,31,35,38,42,46,48,50,53,55,57,58,60,61,66,71,76,78,79,84,89,91,95,97,99,105,107,109,114,117,118,120 "7";
8 18 1 2,7,9,11,13,14,18,22,24,26,27,28,32,33,36,38,44,45,47,49,51,53,60,62,66,67,68,71,79,81,86,89,90,93,94,97,106,110,112,113,115 "8";
9 92 0 0,4,8,9,11,12,13,16,18,19,21,34,36,38,40,41,51,53,54,55,57,61,62,65,66,69,70,72,77,78,81,82,84,85,87,93,96,98,100,102,103,104,105,110,112,115,117 "9";
10 8 1 0,3,7,8,11,12,15,16,17,20,25,28,32,33,40,41,47,49,51,55,57,59,63,65,70,72,74,75,78,80,83,85,86,88,89,92,93,95,103,106,107,110,112,114,116,118,120 "10";
11 49 0 0,2,6,8,12,14,15,18,23,25,26,28,29,34,36,38,41,44,53,56,58,60,62,63,66,70,72,74,77,80,82,85,95,98,100,101,105,107,109,115,116,120 "11";
12 121 0 11,17,19,21,39,40,54,65,66,70,78,87,96,107,113 "12";
13 49 0 2,4,5,7,9,10,14,16,18,20,22,25,27,28,31,32,35,37,39,44,45,47,48,53,54,55,57,59,60,62,65,67,68,74,76,78,79,81,82,86,87,88,93,97,98,99,101,104,107,110,111,118,120 "13";
14 74 1 1,17,22,28,36,44,47,48,50,51,55,57,60,62,72,73,76,81,84,85,92,97,100,115,116,118 "14";
15 77 0 2,3,9,24,68,84,110 "15";
16 8 0 0,3,7,8,9,12,19,21,26,27,34,38,40,43,45,46,48,49,51,58,59,65,68,70,72,73,76,77,82,90,95,99,101,104,107,110,112,114,117 "16";
17 21 1 1,2,4,6,8,10,11,14,16,19,20,24,30,31,34,35,40,42,46,48,51,53,56,59,60,63,64,67,70,72,73,77,81,83,85,87,92,98,100,104,106,111,114,117 "17";
18 71 1 1,2,3,5,9,11,16,18,20,22,25,26,28,32,33,36,42,45,46,49,54,55,57,59,63,67,68,71,72,75,78,79,85,86,91,93,94,96,99,100,105,106,108,112,116,117 "18";
19 83 0 2,9,14,19,23,28,35,36,38,43,47,56,66,69,74,75,86,93,99,104,113,117,118 "19";
20 79 1 2,5,8,15,19,24,25,27,31,34,45,51,52,55,57,58,60,62,67,70,71,72,77,80,82,88,101,107,113 "20";
21 105 1 7,10,24,25,33,39,52,59,65,66,76,86,90,98,102,104,108,115,119 "21";
22 65 0 4,15,21,35,46,48,56,74,75,95,110,116 "22";
23 36 1 0,6,12,14,15,16,18,20,23,25,29,33,39,41,43,44,45,51,53,55,57,59,64,67,69,72,73,75,77,78,79,82,84,85,94,95,99,102,103,107,111,112,114,117 "23";
24 112 0 2,7,15,17,18,25,28,29,37,49,53,55,57,59,70,74,76,78,86,89,92,100,117,119,120 "24";
25 5 1 6,24,28,33,38,41,45,49,53,58,59,69,75,81,88,91,95,96,110,119 "25";
26 17 0 44,66,68,80,90,101,103 "26";
27 71 1 0,3,4,5,6,9,10,12,15,17,20,21,23,24,27,29,30,32,35,39,42,43,47,49,50,51,53,55,56,59,61,62,65,67,68,70,72,74,75,77,80,82,84,86,89,90,92,93,95,98,99,101,103,104,105,107,108,109,113,118,120 "27";
28 22 1 0,6,8,11,13,26,27,30,31,34,41,42,43,45,47,49,51,54,57,59,61,64,68,71,76,80,82,84,87,90,92,94,95,98,99,101,107,111,117,120 "28";
29 101 0 3,6,8,10,12,16,17,21,22,24,27,30,31,34,35,36,38,39,40,41,43,44,46,48,49,50,52,54,55,57,59,61,62,67,68,69,72,74,77,78,80,81,84,86,87,89,90,92,94,97,99,101,102,104,107,109,110,112,115,118,120 "29";
30 118 1 1,4,6,15,17,22,24,27,28,29,30,32,36,37,40,42,44,51,55,56,62,64,67,68,77,80,84,86,87,91,94,96,99,100,104,107,109,110,115 "30";
31 29 0 0,2,4,6,7,9,10,12,14,15,18,20,21,23,24,26,28,29,31,32,37,39,40,42,45,47,50,54,56,57,58,61,62,65,68,71,72,74,76,78,79,81,82,84,85,88,90,92,94,97,99,101,105,108,109,113,114,117,118,120 "31";
32 105 1 3,4,6,7,9,11,13,18,19,20,21,23,24,26,30,33,34,38,39,40,42,45,47,48,50,51,52,54,55,57,58,60,63,64,65,68,71,74,77,80,82,84,85,88,89,91,92,94,98,100,102,106,107,108,109,111,112,114,116,117,119 "32";
33 94 1 2,10,15,20,23,24,28,33,35,49,65,68,69,70,79,82,84,86,90,92,97,104,106,108,110,112,115,116,120 "33";
34 94 1 1,10,19,45 "34";
35 82 1 0,1,3,9,10,11,17,19,21,22,23,29,30,32,33,36,38,40,41,42,48,51,55,57,58,64,68,70,71,73,78,80,87,89,90,92,93,95,97,98,99,101,102,105,108,111,112,117,120 "35";
36 111 1 0,1,3,7,9,12,14,17,19,21,23,26,28,29,30,31,32,34,35,39,45,46,49,51,54,59,60,62,65,67,68,70,72,74,77,79,81,82,83,84,86,87,89,91,93,94,95,102,103,105,107,112,114,115,117,118,119 "36";
37 20 0 12,28,31,51,52,56,69,80,90,104,113,117 "37";
38 95 1 1,4,17,24,35,46,48,52,56,59,70,72,81,83,86,88,92,94,96,99,111 "38";
39 7 1 2,15,18,19,27,31,42,46,50,62,64,66,81,83,86,98,100,102,109,115,119 "39";
40 98 0 68,90,101 "40";
41 53 1 3,27,52,70,72,112 "41";
42 21 0 8,13,18,24,45,50,62,64,71,83,112 "42";
43 52 0 3,34,38,46,70,72,78,118 "43";
44 86 1 1,8,29,35,57,61,77,94,102,106,108,112,114 "44";
45 91 0 1,3,5,6,10,13,14,15,17,20,22,23,25,27,29,30,32,33,35,36,38,39,42,43,45,46,47,49,50,52,55,56,58,62,68,70,71,73,74,76,79,80,82,86,90,91,93,95,96,97,100,102,104,106,110,111,113,115,116,119,120 "45";
46 100 0 3,6,9,10,12,13,19,24,26,28,34,37,39,41,44,45,49,55,57,60,64,66,70,75,79,83,84,86,89,92,95,96,98,99,100,104,106,107,109,111,113,114,116,118,120 "46";
47 98 1 0,1,3,5,6,8,11,12,17,19,21,25,26,27,29,30,31,34,38,43,47,50,52,54,55,57,59,60,62,63,66,69,71,74,76,79,80,81,83,86,88,89,91,92,95,97,100,102,105,106,108,109,117,118,120 "47";
48 120 1 2,3,5,6,7,13,15,17,18,22,23,25,26,28,31,32,33,36,37,43,46,49,55,57,59,61,63,66,68,73,75,77,78,82,84,86,88,91,93,98,100,105,108,112,114,116,118,119 "48";
49 10 0 0,3,4,7,12,14,17,18,26,27,28,30,31,34,36,37,46,48,54,56,60,63,66,72,74,80,86,89,91,93,96,98,100,104,105,107,109,112,113,115,119,120 "49";
50 45 0 9,25,31,42,43,47,50,61 "50";
51 103 1 0,2,3,5,6,7,8,11,16,20,25,27,29,30,31,33,34,35,36,38,41,42,44,45,46,47,52,54,56,58,60,65,67,69,71,73,75,76,78,80,82,85,86,88,90,92,94,95,96,100,101,103,105,106,108,110,112,114,116,117 "51";
52 54 1 2,3,4,6,7,9,11,13,16,17,19,24,25,26,28,30,31,33,36,39,40,44,51,52,53,58,61,63,64,65,68,69,71,72,73,74,77,78,79,84,86,89,92,93,95,97,101,104,106,108,109,112,114,119 "52";
53 79 0 24,25,32,37,43,51,56,58,70,72,75,78,80,81,85,95,106,114,120 "53";
54 91 0 1,6,11,26,54,59,65,67,69,75,82,93,105 "54";
55 81 1 3,5,8,9,12,14,17,18,23,25,26,32,33,35,38,40,41,42,44,45,46,49,50,51,55,58,59,63,64,66,67,69,71,73,75,77,79,82,83,85,88,89,92,93,94,96,97,98,100,101,103,106,107,108,113,114,116,117,119,120 "55";
56 47 1 1,4,10,22,24,30,32,34,37,40,48,49,57,62,64,66,71,72,73,74,82,84,93,102,105,107,109,118 "56";
57 34 1 1,2,3,6,9,10,12,13,15,16,18,20,22,25,27,32,35,37,40,42,43,44,45,47,50,53,54,56,58,64,68,70,71,75,78,80,82,84,85,86,89,91,94,97,100,103,104,105,109,111,114,115 "57";
58 17 0 1,2,3,5,9,18,22,24,27,29,31,33,34,38,49,51,54,56,60,61,63,69,71,75,76,79,82,83,86,90,91,94,97,99,102,103,105,106,109,111,112,114,119 "58";
59 63 1 10,13,18,28,46,50,51,53,65,66,70,75,80,83,107,110,112,117 "59";
60 2 0 7,8,12,29,33,34,40,46,50,58,73,78,81,94,110,116,119 "60";
61 94 0 0,9,13,19,40,43,47,50,56,64,69,82,85,88,95,103,113 "61";
62 89 1 1,4,5,24,47,54,59,76,83,85,105,109,114 "62";
63 95 1 1,3,5,8,12,16,17,20,23,24,29,32,34,36,38,42,45,47,52,56,59,62,65,70,75,77,78,81,83,85,91,92,94,97,100,101,102,108,109,112,114,115,117 "63";
64 57 0 13,28,37,64,102 "64";
65 99 0 0,3,5,8,11,13,17,19,25,33,37,40,42,44,46,48,52,54,58,59,62,67,74,76,79,82,88,94,100,104,110,113,116 "65";
66 40 1 0,1,3,5,9,11,15,17,19,22,26,31,32,35,38,40,41,44,52,53,54,56,58,61,67,70,71,73,75,77,78,80,83,84,86,88,92,98,99,100,102,104,108,109,111,113,118,120 "66";
67 102 1 10,13,26,31,34,37,41,46,52,56,57,63,70,73,86,89,91,93,94,100,107,109,115 "67";
68 102 0 0,1,3,4,5,7,8,18,19,25,26,27,28,30,31,32,35,36,38,40,43,45,46,48,50,52,54,57,60,62,63,65,68,69,73,75,76,78,79,81,84,87,88,90,91,93,94,96,99,100,103,104,107,109,112,113,116,118,120 "68";
69 105 0 1,17,29,31,34,48,53,63,79,101,102,112 "69";
70 94 0 1,2,4,8,10,19,21,26,28,32,33,37,42,56,61,65,66,67,71,73,76,77,80,83,86,88,90,94,96,98,102,105,106,109,111,113,118,119 "70";
71 29 0 3,8,14,17,20,22,23,25,29,32,34,36,39,41,47,51,54,55,57,59,62,63,65,66,67,68,70,73,79,83,88,90,94,97,102,108,110,112,115,117,120 "71";
72 44 1 14,27 "72";
73 99 1 10,12,16,23,30,32,39,44,47,61,65,72,80,83,85,88,97,101,108,112,114,115,119,120 "73";
74 3 0 3,8,11,12,23,26,27,31,35,37,41,42,44,48,50,52,54,55,57,62,68,74,82,87,93,96,100,107,113,114,117,120 "74";
75 11 1 4,12,14,22,23,25,55,56,59,62,77,81,89,91,103,111,115 "75";
76 57 0 0,2,3,7,9,11,13,15,18,20,22,24,25,26,30,32,33,34,36,39,40,42,44,46,49,51,53,55,56,59,61,62,64,66,67,69,71,72,73,75,76,78,80,81,82,84,86,89,91,93,95,97,98,100,102,105,106,107,115,117,119 "76";
77 104 0 6,16,28,39,41,84,96,119 "77";
78 73 0 9,13,20,22,30,34,38,42,45,46,55,57,59,62,65,68,71,73,74,79,82,85,86,88,93,95,99,103,105,109,114 "78";
79 105 0 0,1,2,4,6,11,14,16,19,22,23,25,27,28,29,34,37,39,41,42,44,45,48,49,53,55,56,58,59,61,63,64,67,68,71,74,76,78,79,81,84,86,88,90,92,93,95,98,103,105,108,110,112,116,117,119 "79";
80 39 0 3,14,20,23,24,25,26,29,31,32,34,36,39,40,42,44,47,48,52,60,68,72,74,79,81,86,88,92,97,100,102,103,107,110,120 "80";
81 53 1 7,37,94,100,108,119 "81";
82 26 0 7,27,34,80,114 "82";
83 105 0 0,3,7,10,15,22,23,25,26,28,29,31,35,41,43,46,47,49,54,56,59,62,63,65,67,69,70,72,73,78,80,84,88,91,95,97,101,103,110,111,117 "83";
84 0 1 0,1,3,5,6,8,11,16,17,18,21,23,26,30,33,37,40,42,45,46,47,49,50,52,53,56,58,60,63,69,70,71,74,76,78,79,81,82,83,89,90,93,94,95,101,104,105,108,109,111,115,118,120 "84";
85 82 1 3,9,18,22,23,25,27,28,29,34,36,37,39,45,46,48,56,57,60,63,68,71,73,74,77,78,80,82,88,89,93,98,107,109,113,116,118,120 "85";
86 57 1 11,52,56,58,63,70,84,86,104,115 "86";
87 64 0 6,11,13,14,15,28,29,31,33,34,38,40,42,53,55,57,60,66,68,76,82,84,86,89,91,94,95,103,105,109,111,115,116,119,120 "87";
88 22 1 3,6,10,12,14,17,20,24,26,28,32,33,36,42,47,48,49,50,53,54,57,59,61,63,66,67,68,70,71,74,76,83,85,87,90,91,93,95,98,99,100,102,105,109,111,113,115,117,119,120 "88";
89 25 1 0,2,4,5,7,9,10,11,12,15,18,19,20,22,24,25,29,30,33,38,42,43,44,46,47,48,51,52,57,64,68,72,74,77,79,82,85,87,88,89,90,92,94,95,96,98,99,102,103,105,107,108,110,111,113,114,116,120 "89";
90 107 1 0,5,7,9,11,13,15,18,23,25,29,32,39,41,51,53,55,59,60,62,66,67,73,81,85,86,88,89,91,94,99,101,107,109,113,120 "90";
91 104 0 0,1,5,10,12,14,19,22,30,32,35,36,41,46,49,60,61,63,69,73,76,79,82,88,89,93,95,99,103,105,108,109,111,114,115,117,118,120 "91";
92 58 1 4,5,11,14,21,24,25,26,28,32,33,54,62,64,77,79,80,85,87,95,102,105,109,111,120 "92";
93 71 0 1,2,4,8,9,11,15,17,19,22,23,26,28,32,35,37,39,45,47,48,51,60,62,66,73,79,80,86,91,93,94,97,101,104,105,106,110,112,113,115,116,119 "93";
94 111 1 0,2,3,5,9,10,12,14,17,18,20,23,25,27,28,32,35,38,40,42,45,47,49,51,52,55,56,58,60,61,63,64,66,68,70,72,76,80,85,87,89,91,93,96,97,100,102,104,107,109,111,112,114,115,117,119,120 "94";
95 81 0 4,28,34,36,39,42,78,80,88,106 "95";
96 43 1 0,2,15,16,30,46,53,61,80,118,119 "96";
97 13 1 3,20,22,38,39,50,53,65,71,93,99,118,119 "97";
98 38 1 18,27,42,58,62,85,94,99,117,119 "98";
99 66 1 0,2,3,7,11,13,15,19,20,23,25,26,29,30,31,34,35,37,39,40,42,44,45,48,50,51,52,58,59,62,64,66,67,70,71,73,74,75,77,78,80,82,84,85,92,94,95,97,101,103,104,106,107,108,114,116,118,119 "99";
100 1 0 0,14,36,39,58,60,67,70,83,91,102,115,118 "100";
101 42 0 4,6,14,32,47,53,56,92,103,113 "101";
102 1 1 5,9,10,11,14,16,20,22,28,39,42,46,50,54,55,56,66,75,80,84,85,86,91,94,100,106,109,112,120 "102";
103 44 1 33,40,43,86,110,112 "103";
104 95 0 7,8,26,35,36,39,41,50,57,64,71,76,81,91,93,94,97,98,99,101,108,110 "104";
105 107 1 2,4,8,11,14,15,16,19,24,25,27,30,33,34,35,41,42,45,47,48,52,54,57,67,70,74,81,82,83,85,86,89,91,92,94,96,97,99,102,105,109,111,112,114,120 "105";
106 112 1 80,85 "106";
107 72 1 30,46,80,111 "107";
108 33 1 2,3,4,7,8,11,12,13,16,18,25,26,32,34,35,40,42,48,49,50,53,55,61,62,63,66,68,70,72,74,77,79,80,82,83,85,86,89,92,96,100,102,107,109,110,111,115,120 "108";
109 100 0 6,29,44,54,80,90,97,113 "109";
110 8 1 5,59,108 "110";
111 64 1 1,42,48,51,53,57,61,66,75,83,86,89,92,95,99,101,103,106 "111";
112 71 0 2,4,7,9,13,17,24,28,29,33,36,39,42,44,49,53,57,63,69,72,86,90,91,93,101,105,109,111,119 "112";
113 103 0 1,5,16,19,25,26,28,35,36,41,47,49,56,60,70,72,74,80,83,86,87,92,97,102,108,120 "113";
114 42 1 2,3,6,7,13,23,26,35,37,68,72,80,82,84,90,94,107,113,118,119 "114";
115 38 0 2,3,5,10,12,14,17,18,22,25,29,32,35,38,39,41,42,44,45,47,48,49,51,52,54,55,57,59,60,61,64,67,70,73,75,78,81,82,83,84,86,89,90,94,95,101,102,103,104,107,110,111,113,115,119,120 "115";
116 13 0 0,2,29,36,43,45,50,53,57,59,60,66,69,71,76,84,92,94,96,99,101,102,115,116,120 "116";
117 121 0 0,5,6,8,10,13,16,24,25,29,30,35,40,41,43,47,54,58,62,67,73,76,80,81,84,85,87,88,90,93,94,97,99,101,102,105,107,108,109,112,113,116,118,119 "117";
118 3 0 16,19,21,24,28,33,35,38,42,48,67,76,84,90,91,94,101,114 "118";
119 51 0 0,2,3,8,9,11,12,14,16,18,20,21,26,27,29,31,32,34,36,39,41,42,47,49,50,51,54,57,58,59,60,62,63,65,67,73,74,76,78,81,82,83,84,88,91,93,94,96,99,100,102,104,106,108,110,112,114,115,117,118,120 "119";
120 80 0 4,5,6,7,8,12,15,19,21,22,25,27,29,32,33,35,36,38,40,42,44,48,50,52,54,56,58,59,66,67,68,71,73,75,77,79,80,85,86,88,90,91,93,94,99,100,101,103,104,106,111,112,113,114,116,117,119 "120";
