parity 61;
0 38 1 1,7,11,22,29,31,37,40,42,46,52,55,57,59 "0";
1 19 0 2,4,6,7,20,23,27,28,30,32,35,37,40,42,45,49,52,54,58,60 "1";
2 45 0 42 "2";
3 36 1 1,2,4,9,11,12,14,16,27,28,31,35,37,39,41,43,47,52,54,56,58,60 "3";
4 20 1 0,1,4,5,7,9,12,16,22,27,31,35,41,45,47,50,52,57,59,61 "4";
5 33 1 34,35,37,42,46,58 "5";
6 28 1 0,1,2,5,6,9,12,13,15,18,21,23,25,27,28,31,32,34,36,39,41,44,47,48,53,55,56,61 "6";
7 38 1 45 "7";
8 41 1 7,14,18,21,36,37,41,45,47,59 "8";
9 12 1 4,6,7,9,11,13,14,15,16,19,23,27,30,33,36,40,41,42,45,46,48,50,52,54,56,57,59,60 "9";
10 11 0 2,7,8,9,10,12,13,16,19,20,22,23,26,27,29,32,37,38,39,41,42,43,45,46,49,50,54,55,60 "10";
11 17 1 0,4,9,15,16,18,21,26,27,31,34,38,41,43,46,48,53,54,59 "11";
12 62 0 1,3,12,13,17,23,27,29,36,43,45,52,54,61 "12";
13 46 1 0,1,5,7,9,10,12,13,15,19,21,24,26,31,33,34,36,39,44,51,52,56,60,61 "13";
14 0 1 5,11,21,23,48,49,52,53 "14";
15 10 0 2,4,5,8,10,12,13,17,18,20,21,26,27,29,31,32,33,35,38,39,42,44,50,57,58,60 "15";
16 38 0 5,6,8,11,12,14,19,25,26,28,31,36,40,42,46,50,54,57,59 "16";
17 24 1 0,1,3,6,10,23,25,27,30,35,46,47,49,50,53,55,56,58,61 "17";
18 60 1 3,16,19,25,26,32,35,37,41,42,58 "18";
19 9 1 37,44,59 "19";
20 21 1 46 "20";
21 60 1 5,6,9,10,14,17,19,23,24,26,27,29,31,33,36,40,43,45,48,50,51,53,55,57,59,60 "21";
22 61 0 0,5,6,19,25,26,28,30,31,34,37,43,44,47,48,52,60,61 "22";
23 31 0 1,4,6,8,11,16,19,21,25,27,29,33,37,39,43,46,49,50,51,53,55,58,60 "23";
24 51 0 1,6,8,9,12,14,15,23,25,30,36,42,48,50,51,53,54,56,57,59 "24";
25 22 1 18,22,26,31,32,39,46,47,54 "25";
26 17 0 2,10,14,21,24,36,37,41,52,54,58,61 "26";
27 50 1 7,11,13,15,19,20,22,26,53 "27";
28 12 0 4,8,13,20,21,25,26,29,31,36,42,43,44,48,53,61 "28";
29 31 1 10,15,21,34,38,46,52,55,56,58 "29";
30 30 0 12,45 "30";
31 51 0 17,18,19,21,22,25,27,36,38,57,61 "31";
32 41 0 4,6,10,45,52,54 "32";
33 9 0 5,41 "33";
34 31 0 13,34,37,40,47 "34";
35 26 0 53 "35";
36 56 0 0,2,6,21,23,25,32,34,45,47,52,56,60,61 "36";
37 49 1 14,25,26,31,44,56,57 "37";
38 22 0 8,14,16,19,26,29,30,33,34,36,41,44,48,51,53,55,60,61 "38";
39 50 0 1,2,4,8,11,12,17,18,20,22,23,25,28,31,32,35,37,40,42,44,46,47,49,52,54,55,59,61 "39";
40 53 0 0,11,20,26,29,33,49,55,56,59,61 "40";
41 32 1 2,3,5,6,9,10,13,14,16,17,20,23,26,28,30,32,34,36,39,43,44,47,49,53,55,57,58,59 "41";
42 3 1 2,4,6,8,10,12,14,21,24,26,31,33,35,39,42,44,47,52,54,58 "42";
43 51 0 3,9,13,16,20,25,27,33,36,41,45,46,57 "43";
44 54 1 1,2,4,6,10,13,16,20,22,25,27,28,30,34,36,39,42,43,44,45,46,48,49,51,52,53,55,59,60 "44";
45 61 0 0,3,22,25,27,31,35,38,40,46,53,57,58,59 "45";
46 19 1 1,2,4,8,14,15,20,22,24,27,32,39,41,42,45,47,49,52,57 "46";
47 1 1 2,8,12,23,25,26,38,52,59 "47";
48 2 0 1,3,4,6,7,11,13,14,16,17,20,21,22,25,27,30,31,33,34,36,37,38,40,41,47,52,54,55,60,61 "48";
49 43 0 6,8,9,12,23,26,29,33,57,58 "49";
50 21 0 2,4,6,12,14,21,22,24,28,36,43,45,49,50 "50";
51 8 1 0,3,5,6,9,11,12,15,16,19,22,23,24,27,28,30,33,36,40,42,44,45,47,49,53,54,55,57,58,60 "51";
52 45 0 0,2,5,7,9,14,18,21,23,27,31,34,37,38,40,42,44,45,47,49,50,52,54,56,57,58,61 "52";
53 17 0 0,4,5,7,9,11,15,18,20,23,25,32,35,39,41,42,43,47,49,55,60 "53";
54 33 1 4,16,18,20,22,25,31,36,41,44,47,52,55,56 "54";
55 35 0 8,17,22,32,36,47,58 "55";
56 18 1 4,13,17,22,24,29,32,35,36,46,49,51 "56";
57 13 0 0,3,4,5,7,10,12,13,15,17,19,24,27,31,34,36,37,38,40,42,43,45,49,50,52,57,58,60 "57";
58 31 1 4,8,10,14,16,29,32,37,40,46,51,56,57 "58";
59 24 0 0,9,24,37,41,56,59,60,61 "59";
60 56 1 1,5,7,9,13,14,17,18,19,21,22,25,30,34,37,38,40,41,46,47,49,52,53,55,57 "60";
61 4 1 1,9,10,11,12,22,27,38,44,47,50,52,54 "61";
