parity 179;
0 89 1 3,6,8,10,12,13,14,16,17,20,23,25,34,35,38,40,41,44,46,49,51,53,57,58,60,61,62,64,68,69,71,74,76,80,82,87,88,91,93,97,98,102,106,109,116,117,123,129,133,136,140,148,149,151,153,155,157,158,159,160,163,167,169,172,174,179 "0";
1 163 1 19,22,25,29,31,33,38,41,51,55,73,92,99,102,112,113,116,118,165,171,179 "1";
2 38 0 0,1,2,11,14,18,22,24,28,32,38,42,46,53,57,59,63,67,75,78,84,93,98,100,114,116,120,123,125,128,132,134,137,139,143,145,152,156,158,159,162,164,170,172,179 "2";
3 88 1 1,2,4,7,9,11,12,16,18,19,22,25,26,28,32,33,37,41,51,55,58,60,61,63,68,69,72,74,76,81,84,85,87,88,90,92,93,96,98,100,103,105,107,108,110,112,114,116,117,118,120,122,124,127,130,134,140,142,144,146,147,149,151,156,158,160,161,163,166,168,171,173,174,176,179 "3";
4 176 0 3,7,11,15,20,26,27,35,40,53,54,58,61,66,73,76,77,80,84,86,89,91,95,101,104,106,115,122,133,136,138,139,144,146,147,150,153,154,158,163,166,170,172,174,178 "4";
5 67 1 7,12,34,39,62,64,65,86,97,112,129,145,148,169 "5";
6 135 0 0,4,6,13,17,26,27,29,30,40,42,44,47,50,55,62,65,68,71,72,74,80,82,86,88,98,101,103,111,116,118,130,134,137,142,146,149,153,154,156,157,159,164,170,176 "6";
7 78 1 0,6,10,11,19,29,32,37,46,49,51,57,63,70,75,83,94,98,103,104,109,111,117,122,129,132,135,137,141,152,160,168,171,173,176 "7";
8 54 1 3,5,8,27,35,38,42,51,109,115,144,153,159,165,169 "8";
9 80 0 1,2,5,8,10,13,15,17,23,24,25,27,30,31,32,34,35,36,38,39,45,47,49,54,56,59,63,66,69,72,75,76,77,79,85,88,89,96,97,101,104,105,107,109,110,112,113,115,118,121,122,125,127,129,130,131,133,136,140,141,143,144,146,147,148,149,151,153,155,157,159,161,162,164,166,168,171,172,174,175,177,178 "9";
10 22 0 7,17,31,57,92,106,112,114,124,153,157,162,166,168 "10";
11 5 1 13,14,59,63,69,75,95,115,118,123,125,135,177 "11";
12 171 0 1,13,21,30,38,41,43,47,62,63,89,99,102,106,108,114,116,120,122,124,126,128,133,149,151,155,157,175 "12";
13 127 1 10,21,25,50,52,61,64,71,119,137,163 "13";
14 152 0 2,5,8,13,17,19,24,28,30,32,34,35,40,43,44,45,48,52,56,65,68,71,72,73,76,79,81,86,89,92,95,96,99,104,106,108,110,113,114,117,118,119,121,126,128,130,134,135,137,139,142,147,148,151,155,158,159,160,167,171,173,174 "14";
15 169 1 0,2,3,6,7,8,12,16,18,20,26,29,32,35,37,40,42,46,51,53,55,57,60,62,63,66,69,72,73,77,78,80,83,86,87,89,93,94,96,104,106,107,111,113,114,116,122,128,130,134,136,141,143,144,149,152,154,155,157,160,162,167,170,174,177,179 "15";
16 42 0 2,3,4,6,9,11,12,13,15,16,18,19,22,24,30,32,33,34,36,39,40,43,46,48,50,52,54,57,59,60,61,63,66,68,70,71,74,76,79,81,84,86,90,91,93,94,96,99,102,104,109,111,112,115,119,121,122,124,126,128,130,136,137,138,140,142,143,145,147,148,151,152,153,156,158,162,165,166,173,175,177,178 "16";
17 151 0 0,1,3,12,15,20,26,29,47,51,55,59,65,73,75,78,83,88,90,91,98,100,106,112,119,121,124,130,133,135,137,140,146,150,157,159,168,172,175,176,178 "17";
18 132 0 0,3,9,12,13,17,19,20,23,27,29,36,43,48,51,52,55,57,60,61,62,64,65,67,70,72,76,78,81,87,89,92,95,98,100,103,115,117,119,121,123,125,130,131,133,135,137,140,141,143,145,149,150,152,153,156,160,163,165,167,168,172,175,177,178 "18";
19 128 0 7,13,15,21,24,37,39,46,52,54,56,65,70,90,97,106,115,124,130,137,138,143,155,173 "19";
20 18 0 6,16,20,25,32,34,36,40,42,47,48,54,55,56,59,65,66,67,69,71,77,82,84,91,93,95,103,111,114,115,117,119,122,123,125,131,133,137,138,140,141,145,149,153,161,171,175 "20";
21 126 0 2,4,6,10,11,12,14,18,19,21,22,24,27,29,32,33,35,37,43,47,50,51,52,55,58,60,61,63,64,67,71,74,76,80,83,88,90,94,98,101,102,106,108,110,113,115,118,119,122,126,128,130,135,138,139,141,144,148,150,151,155,159,170,171,176 "21";
22 104 0 6,7,14,16,18,21,23,26,30,32,34,36,40,46,60,62,64,66,67,68,70,71,74,84,85,88,90,92,94,100,103,106,110,115,120,121,123,128,129,131,134,138,139,144,151,155,159,163,167,175 "22";
23 104 0 1,3,4,8,9,13,15,16,19,21,23,31,33,35,39,46,48,51,52,56,60,62,67,70,71,73,74,77,80,82,83,89,90,93,95,96,98,100,102,104,106,107,111,114,117,120,122,125,126,132,134,139,140,143,144,146,147,152,155,161,163,167,168,176,178 "23";
24 46 0 2,4,6,8,11,12,18,21,25,26,29,31,33,34,37,38,40,42,43,45,46,49,51,54,55,56,59,61,66,67,70,72,74,76,79,80,81,85,87,90,91,93,95,99,102,103,104,107,109,113,116,118,125,127,129,132,134,135,142,144,146,149,152,153,155,156,157,159,161,162,164,167,172,174,176,177,179 "24";
25 95 1 3,5,13,16,18,23,24,27,29,30,31,33,37,40,41,45,46,48,49,54,55,57,60,61,62,64,66,76,79,80,82,84,86,88,90,93,96,99,101,104,107,109,111,113,114,117,119,120,125,126,127,129,137,138,142,143,145,146,148,150,153,154,156,161,163,164,166,167,168,172,173,176,178 "25";
26 137 0 0,1,3,5,6,8,10,11,14,17,20,23,25,29,31,35,37,40,42,43,45,49,51,55,57,60,62,72,76,78,79,85,87,91,92,96,99,100,101,109,113,116,119,120,122,126,130,131,133,136,137,139,141,143,144,146,149,152,154,159,161,163,164,168,174,176 "26";
27 144 0 3,5,19,24,39,45,47,48,49,53,56,58,67,71,75,78,83,85,87,89,93,98,104,107,109,119,123,125,127,137,143,145,146,149,151,156,159,162,168,172,174,176,178 "27";
28 54 1 0,4,7,9,12,13,15,16,17,20,23,24,26,27,30,33,34,36,42,44,46,47,48,51,53,56,57,60,65,68,69,71,73,74,76,79,81,85,86,87,91,92,97,99,104,107,112,114,116,117,119,122,123,124,127,128,132,135,136,138,139,142,147,148,153,159,160,161,166,168,170,171,176,178 "28";
29 99 1 6,13,18,24,28,42,45,50,55,59,65,67,69,75,77,85,86,88,94,99,109,113,115,116,127,132,135,136,138,143,147,151,154,159,165,167,172,174,179 "29";
30 32 1 2,8,12,14,20,24,26,29,31,33,34,36,38,42,45,47,49,50,56,64,68,69,81,88,91,93,94,95,97,99,102,103,104,106,114,116,118,119,122,124,131,133,134,137,140,144,145,149,152,154,155,157,159,163,165,167,174,178,179 "30";
31 169 0 29,55,125 "31";
32 171 0 0,2,4,7,12,16,19,21,26,30,38,42,48,49,51,52,53,63,66,73,77,78,83,85,93,95,97,98,100,104,115,122,124,125,127,133,134,136,137,139,145,146,148,150,152,154,157,163,167,171,173,175,178 "32";
33 96 0 3,5,12,21,29,33,39,49,51,55,61,67,71,78,81,85,87,89,91,96,99,105,107,110,112,114,115,117,119,121,125,127,129,131,133,135,136,141,147,154,158,159,161,162,166,169,171,173,175,177 "33";
34 157 0 1,3,4,7,9,11,13,17,19,25,31,33,34,38,41,44,46,48,49,51,58,60,61,65,69,70,81,85,88,89,91,94,96,98,100,102,103,107,110,113,114,119,122,125,128,131,133,135,136,137,139,142,145,147,149,151,153,155,159,161,166,170,175,176,179 "34";
35 107 1 0,1,2,5,6,9,11,12,21,25,31,37,39,43,44,48,52,54,57,58,64,66,68,72,77,80,81,82,85,87,93,94,100,104,106,109,112,115,117,123,128,130,133,135,138,141,145,146,151,157,160,161,164,166,167,176 "35";
36 130 0 0,2,4,5,7,12,15,18,19,24,30,31,34,36,39,46,47,49,50,52,54,58,59,61,64,67,75,78,81,83,85,86,89,92,94,96,97,101,108,113,117,119,120,122,125,131,142,143,144,148,149,151,154,155,157,158,160,161,163,165,168,172,175,178 "36";
37 101 0 0,7,8,12,16,17,25,28,29,32,33,34,37,38,40,46,48,50,51,52,56,60,64,74,77,78,80,82,87,89,91,92,98,99,109,123,125,130,133,137,139,143,145,146,151,154,157,159,162,164,167,168,170,172,175,177 "37";
38 98 1 14,26,27,29,33,35,43,53,78,86,105,110,132,138,150,153,158 "38";
39 107 1 6,9,11,19,23,27,30,35,37,38,40,41,46,47,52,57,60,63,66,68,70,78,79,81,82,84,86,90,93,96,98,99,107,109,112,114,120,121,123,124,126,130,131,135,140,143,150,152,157,160,163,164,166,168,170 "39";
40 83 0 1,7,9,12,13,24,26,32,38,45,59,60,62,64,66,76,79,82,85,87,91,94,98,103,105,115,119,126,129,134,135,139,141,148,155,158,160,162,169 "40";
41 34 0 0,1,2,6,9,10,11,13,16,18,23,26,30,31,33,34,35,40,41,42,44,46,50,51,54,57,61,72,74,75,78,81,82,84,86,89,91,92,94,95,98,100,101,103,104,109,110,112,113,114,116,118,121,127,129,131,132,134,135,137,139,141,148,150,154,157,164,170,172,174,175,176,177,179 "41";
42 113 1 1,2,4,5,8,9,13,14,17,19,20,22,23,24,25,29,32,33,36,40,43,46,52,53,56,58,59,63,66,67,70,71,73,76,78,79,80,82,83,85,88,90,91,95,97,98,100,106,107,109,110,112,117,121,124,131,132,134,136,138,139,143,145,147,149,151,153,155,160,163,164,166,168,169,171,176,179 "42";
43 135 1 1,2,5,6,9,11,14,15,17,19,21,25,27,28,30,32,33,35,37,40,42,44,46,48,51,53,54,56,58,62,63,64,66,67,69,71,73,75,76,78,80,83,86,90,91,92,96,100,102,104,106,107,109,110,113,117,119,121,127,128,130,132,134,136,139,141,144,146,147,150,153,154,156,158,162,166,169,172,174,177 "43";
44 80 1 0,2,4,6,9,10,18,19,30,33,37,40,50,52,57,59,63,66,69,82,84,86,88,90,94,100,102,103,109,116,118,120,121,122,126,127,130,134,137,139,141,143,145,147,151,159,162 "44";
45 123 1 3,5,11,16,19,37,50,78,87,99,102,104,108,110,114,139,144,151,154,156,172 "45";
46 27 0 0,3,4,5,8,10,14,15,17,20,21,22,23,26,27,29,30,32,34,38,43,44,46,47,49,51,54,59,63,65,67,68,70,72,74,77,81,88,89,92,94,95,98,102,105,106,108,110,112,113,115,116,118,121,124,125,127,129,131,133,137,140,142,145,147,149,153,155,158,159,162,163,165,166,168,171,172,174,178 "46";
47 154 1 1,2,6,7,9,10,13,17,18,19,23,25,29,30,31,32,35,37,39,40,41,43,44,45,48,50,52,53,55,58,62,66,68,70,72,73,75,77,78,80,82,86,90,97,102,103,105,107,108,111,112,114,117,119,120,125,129,134,135,138,142,145,147,155,157,160,162,164,165,169,170,172,174,175,176,178 "47";
48 17 1 0,2,5,7,9,12,14,17,19,20,24,27,28,31,34,35,36,39,51,53,56,57,59,61,65,66,67,70,73,75,76,78,81,84,86,88,93,94,95,100,103,108,113,115,118,124,126,128,131,133,137,140,142,143,145,147,153,156,157,159,161,163,165,167,170,171,175,179 "48";
49 127 1 0,4,7,18,19,24,33,35,36,39,40,43,50,62,68,82,83,87,91,95,102,119,123,132,146,158,160,165,167 "49";
50 177 0 0,8,9,23,24,32,43,48,55,56,59,60,67,74,81,84,91,98,99,104,110,117,125,134,136,146,154,155,156,163,169,172,174,176,177 "50";
51 132 0 2,4,5,6,9,10,12,13,17,18,20,24,25,26,27,32,34,36,37,38,39,41,42,43,46,47,49,52,54,55,57,58,60,64,66,67,68,71,73,76,77,80,82,86,89,90,92,94,97,101,102,104,105,107,110,112,114,118,120,122,123,125,127,129,132,137,139,141,144,146,148,150,152,153,154,156,158,161,162,165,166,167,168,170,173,174,175 "51";
52 23 0 0,2,4,5,10,13,14,16,18,21,24,26,29,31,33,35,37,41,43,45,47,49,50,51,52,54,55,56,58,59,62,65,68,69,70,72,73,76,77,78,80,84,87,88,90,92,93,95,98,99,101,104,107,108,113,115,118,122,123,125,126,128,131,132,134,136,142,144,146,147,148,150,151,152,155,160,162,164,165,167,171,173,176,178 "52";
53 138 0 6,8,16,28,41,56,169,171,178 "53";
54 130 1 5,18,56,86,98,128 "54";
55 5 1 11,15,24,30,34,37,40,44,46,47,51,52,56,62,73,78,79,82,84,90,93,99,101,103,105,108,111,115,121,126,136,141,142,144,147,149,158,163,165,166,168,169,174,177 "55";
56 10 0 2,3,11,13,14,19,20,23,24,30,32,35,37,39,41,42,44,56,57,61,64,68,69,80,81,82,87,97,100,102,106,107,108,114,121,123,124,131,132,134,136,139,140,149,154,159,164,168,172 "56";
57 92 1 5,6,10,14,16,17,20,26,29,33,34,36,44,48,50,51,53,55,57,60,61,67,69,76,78,80,81,84,86,88,89,92,95,102,104,106,108,110,113,115,117,119,122,124,125,126,129,130,134,138,141,142,145,147,153,156,159,162,165,166,169,171,177,179 "57";
58 87 0 3,5,15,26,34,53,54,61,76,77,79,85,88,91,97,99,109,113,127,134,138,159,163,171,178,179 "58";
59 134 0 0,12,28,40,43,44,46,53,55,59,73,75,77,84,87,91,94,96,100,104,105,116,122,136,138,145,147,148,149,151,157,159,162,171,179 "59";
60 157 1 7,21,42,50,65,69,92,93,97,123,130,132,137,141,146,147,168,172 "60";
61 29 0 0,3,8,11,13,24,28,31,35,45,50,56,58,63,67,80,82,99,106,111,112,117,122,124,126,134,140,142,150,161,168,170,175 "61";
62 84 1 3,10,21,22,24,30,43,45,51,53,67,75,78,80,101,102,112,116,119,125,137,140,143,145,158,167 "62";
63 70 0 0,1,2,6,9,10,12,13,15,16,18,22,23,24,28,34,37,38,42,45,47,50,53,54,57,58,60,65,66,67,70,71,72,74,78,79,81,86,87,90,93,94,98,99,101,105,107,111,115,120,121,122,124,126,128,129,130,132,133,134,136,138,144,146,149,151,152,154,155,159,161,163,165,167,170,171,175,177 "63";
64 2 0 2,8,14,19,22,23,25,28,30,32,35,38,40,41,48,50,52,56,62,64,66,67,77,79,80,86,93,94,96,102,105,108,113,116,117,122,123,125,128,130,132,137,140,145,147,150,154,157,159,161,162,167,170,171,173,177,178 "64";
65 22 0 10,77,80 "65";
66 56 1 3,42,52,87,90,123,129,161 "66";
67 78 0 12,15,26,47,55,74,79,81,94,104,132,133,141,152,160,166,169,171,176 "67";
68 137 0 50,61,106,108,132,166,171 "68";
69 7 1 1,5,9,14,16,18,20,22,25,37,43,44,50,55,57,58,62,67,76,81,83,87,90,92,94,96,98,100,104,107,113,114,115,120,122,123,126,128,132,136,137,138,139,148,149,152,155,157,159,164,168,171,179 "69";
70 82 1 7,12,17,21,23,29,32,34,35,41,47,49,61,66,71,77,78,88,89,90,93,99,105,107,113,116,122,127,131,132,134,135,141,147,149,157,159,166,167,171,174,176,177 "70";
71 97 1 8,14,16,17,25,32,44,47,50,64,76,77,79,82,84,85,89,103,104,112,115,118,135,138,151,155,166,168,171,179 "71";
72 8 0 1,2,3,5,6,7,10,14,25,28,31,33,40,42,44,46,47,50,51,53,55,59,61,65,66,68,70,73,76,81,82,84,89,90,94,96,98,102,104,105,108,109,111,113,115,117,118,119,122,123,127,129,133,134,136,137,140,141,144,145,147,150,152,153,154,165,166,168,169,172,174,176,178 "72";
73 157 1 0,2,3,6,8,12,14,16,19,23,26,27,28,29,33,36,40,43,45,50,52,54,57,59,61,63,65,66,69,71,75,77,80,83,87,88,94,95,97,99,100,103,106,111,115,116,120,121,122,125,130,134,137,139,140,142,145,147,149,150,152,155,156,161,162,167,168,171,174,177 "73";
74 96 1 1,3,4,6,7,12,16,18,21,22,24,27,29,31,33,41,44,45,46,50,52,53,59,66,76,82,85,95,101,107,112,114,116,121,124,126,132,136,137,143,151,152,155,156,158,159,162,165,166,171,173,176 "74";
75 148 0 5,7,9,11,13,14,15,18,21,23,25,30,33,35,39,43,45,51,52,56,58,60,64,66,68,73,76,78,79,82,88,91,92,95,96,97,98,100,105,106,111,120,123,125,128,131,133,135,137,139,141,142,143,146,148,151,152,158,159,160,162,168,173,174,178 "75";
76 57 1 0,2,3,4,5,7,9,10,14,15,18,20,25,26,29,31,32,34,40,43,46,48,50,52,54,57,60,61,63,66,67,69,70,72,73,74,76,78,79,83,84,85,87,89,91,96,97,100,102,105,109,113,117,118,119,122,127,128,130,131,133,137,138,140,141,143,147,149,152,154,156,158,161,164,167,169,172,175,177,179 "76";
77 127 1 1,8,19,27,29,41,47,53,56,60,67,90,92,97,104,120,126,139,144,147,149,151 "77";
78 163 1 4,11,24,28,29,34,38,41,42,47,49,60,67,70,75,85,98,101,106,108,111,117,118,122,127,129,130,144,151,155,168,171,175,179 "78";
79 7 1 1,22,37,47,69,71,116,134,144,152,155,158,169 "79";
80 145 0 0,6,8,10,11,13,16,17,20,21,26,28,30,31,36,38,40,42,44,45,47,48,53,56,59,61,64,65,68,69,72,75,77,80,84,86,90,92,94,97,100,101,105,112,113,117,120,122,124,127,132,133,135,137,140,142,144,147,149,150,155,157,158,166,169,175,176,178 "80";
81 80 1 0,2,5,9,11,16,17,20,24,31,36,37,44,47,51,52,55,56,57,59,65,66,71,73,76,78,80,89,95,103,105,109,111,112,115,118,120,124,128,129,131,134,135,136,140,141,145,146,154,156,161,162,166,167,169 "81";
82 84 1 1,3,6,8,10,12,15,17,19,21,25,27,29,31,33,34,38,40,43,45,47,49,51,54,56,59,61,64,66,67,68,70,71,74,77,79,83,85,86,88,90,93,95,97,99,100,107,109,110,114,118,119,122,124,126,128,130,132,134,144,147,148,150,151,153,156,157,160,162,164,166,168,169,170,172,174,175,178,179 "82";
83 21 0 0,2,5,8,11,17,21,23,25,29,30,32,35,38,40,43,44,45,51,53,55,57,59,60,63,66,68,71,72,73,75,77,78,84,86,88,89,90,92,96,101,105,107,108,110,113,115,117,123,125,129,132,134,137,140,143,145,146,147,148,149,151,152,155,158,163,164,166,167,169,170,171,173,174,176,179 "83";
84 9 1 0,2,16,22,23,25,27,31,40,46,48,53,56,57,62,66,67,68,71,75,79,80,83,87,88,91,93,95,96,99,101,105,107,109,113,118,120,123,125,130,132,137,139,140,145,146,148,152,154,156,164,167,169,173,179 "84";
85 35 0 13,16,36,49,53,73,96,100,107,139,174,178 "85";
86 53 1 12,23,28,49,60,78,84,90,99,117,120,152 "86";
87 103 1 3,5,11,13,18,20,23,27,29,30,34,39,40,45,48,51,53,54,55,59,62,63,66,73,77,79,80,85,92,94,96,98,99,101,105,106,109,112,114,118,119,127,129,133,134,139,140,143,146,150,151,154,160,162,163,165,170,173,175,178,179 "87";
88 102 1 28,40,51,64,72,81,99,136,155,159 "88";
89 155 0 1,3,4,6,7,11,13,15,17,28,29,31,32,35,39,42,45,46,49,51,54,57,59,64,66,67,68,70,72,79,81,88,93,97,100,101,104,107,108,110,112,115,116,119,122,123,125,129,131,133,134,141,143,145,148,149,152,157,161,162,163,165,169,171,172,179 "89";
90 126 1 0,1,2,4,7,9,11,17,20,22,26,28,29,33,34,36,40,42,45,50,55,61,63,66,72,74,77,82,92,95,98,102,109,114,116,120,123,127,128,130,132,137,138,140,141,148,154,155,157,159,163,168,171,173,175,178 "90";
91 86 0 2,6,14,19,21,35,36,38,55,57,58,60,62,66,75,82,90,93,97,102,104,119,131,140,150,154,160,163,175 "91";
92 119 0 0,13,16,29,31,34,36,37,39,42,44,50,52,59,62,68,74,82,91,102,107,112,120,127,138,150,153,154,158,178 "92";
93 78 0 0,3,8,11,14,17,18,25,26,31,33,34,36,38,40,46,48,49,51,54,55,57,62,63,69,71,72,74,75,76,78,80,82,84,85,86,87,88,93,98,102,108,112,116,118,121,125,127,131,133,136,138,146,149,152,156,158,160,165,169,175,176,178 "93";
94 24 0 0,4,6,9,12,13,15,16,19,20,25,29,35,37,42,44,45,47,50,53,56,60,61,64,65,67,70,71,76,81,83,86,87,89,90,92,95,96,98,101,102,103,104,105,107,110,113,114,115,120,125,129,130,131,134,135,138,141,145,147,148,149,152,156,157,159,163,165,166,167,170,172,173,177 "94";
95 112 1 9,18,24,29,33,38,39,50,52,55,60,63,74,88,89,91,101,104,109,110,114,115,117,122,130,132,134,142,146,147,164,174,177,179 "95";
96 180 0 8,15,24,29,39,48,55,58,60,65,73,76,79,81,83,87,98,103,105,107,109,112,124,126,130,134,135,140,142,151,156,157,168,172,173,174,178 "96";
97 170 1 0,1,9,12,14,15,19,20,22,26,30,32,35,36,37,39,40,42,50,51,52,54,55,59,62,70,73,76,79,80,85,92,94,96,101,105,109,110,111,112,113,115,119,121,126,130,132,136,140,141,143,152,154,157,161,163,168,171,175,178 "97";
98 33 0 7,11,17,19,24,33,44,45,49,55,66,69,72,74,76,79,81,83,85,87,93,96,114,115,123,126,128,129,131,138,140,143,146,150,151,157,166,172 "98";
99 77 0 5,6,12,13,14,16,18,19,21,22,24,25,26,29,31,33,35,37,41,43,45,47,48,49,51,53,55,56,58,59,63,64,67,69,71,73,75,76,78,80,81,82,84,85,88,89,92,94,100,102,106,109,110,112,113,119,121,125,131,133,134,135,136,138,140,144,147,148,150,155,157,159,161,169,170,172,176,177,179 "99";
100 3 1 15,67,83,110,122,129,149,171 "100";
101 18 0 5,13,17,19,20,21,25,27,28,29,30,35,37,40,41,42,45,46,49,50,52,55,59,62,66,67,69,71,73,74,79,82,86,88,90,93,95,97,100,104,108,110,113,115,118,120,121,124,125,126,131,133,134,136,138,139,142,143,145,146,148,150,153,155,163,165,168,170,172,174,175,176 "101";
102 177 0 0,2,8,10,11,13,14,16,18,20,21,23,28,33,36,40,42,43,46,51,52,54,55,57,59,61,64,71,74,75,76,78,79,84,89,92,94,95,102,104,105,111,114,119,120,123,124,126,130,132,135,136,142,144,145,147,149,150,152,154,155,159,161,162,165,166,168,169,170,172,173,174,175,177 "102";
103 9 1 0,2,4,9,12,13,16,22,23,26,35,37,38,45,46,51,52,57,60,65,67,69,71,77,78,82,84,90,93,98,101,107,110,114,116,122,127,138,146,149,151,155,157,161,162,164,167,169,173,175,176 "103";
104 15 0 0,1,4,5,13,16,20,25,27,29,31,35,37,40,42,47,48,51,54,56,62,63,65,70,73,76,83,86,87,91,92,96,99,101,102,104,105,107,108,110,113,114,116,120,124,127,131,140,141,150,151,161,169,174,177 "104";
105 110 1 6,13,19,22,25,40,44,59,66,71,78,83,85,86,89,91,97,98,101,104,106,108,114,129,134,144,150,151,158,163,169,172,174,179 "105";
106 20 0 0,4,7,9,13,18,21,23,25,29,37,41,43,48,50,54,55,57,59,60,64,65,69,71,73,77,78,80,83,95,97,98,99,101,105,110,111,114,116,119,121,125,126,128,131,135,139,141,142,145,149,150,152,156,159,164,165,167,172,175,177 "106";
107 42 1 3,5,14,20,22,27,39,55,59,66,69,79,91,94,101,107,110,127,141 "107";
108 5 1 1,3,4,6,8,9,11,13,15,17,19,22,23,25,26,28,29,34,36,37,43,45,46,47,50,52,53,56,57,59,60,63,66,67,69,71,74,75,77,81,82,87,89,92,95,97,99,100,104,106,107,110,118,122,124,126,127,129,134,136,137,138,140,142,144,145,148,151,154,155,157,158,160,161,163,165,168,170,173,174,176,178,179 "108";
109 174 0 0,3,6,10,12,15,20,23,25,26,28,30,32,33,35,37,39,41,43,44,46,47,48,50,52,54,56,59,60,62,66,67,72,74,77,78,83,85,87,92,94,95,98,99,101,103,104,105,111,112,113,116,122,124,126,128,129,130,132,134,136,137,140,141,142,143,145,147,149,153,154,156,158,159,161,163,168,170,171,174,176,179 "109";
110 106 1 30,58,108,109,129,179 "110";
111 122 1 37,51,79,85,135,144,152 "111";
112 4 0 0,3,5,7,9,12,14,16,17,19,21,25,28,29,30,35,37,40,42,43,45,47,49,50,52,53,55,56,58,60,62,66,67,68,71,73,74,75,77,81,85,87,90,94,95,99,100,102,103,105,106,108,109,112,114,115,117,119,121,122,124,127,129,132,133,135,136,138,140,143,144,145,147,148,150,152,153,155,157,158,163,165,166,169,171,173,174,175,177 "112";
113 62 0 19,63,78,148 "113";
114 138 1 2,6,11,15,23,25,34,37,45,47,76,82,87,88,95,97,110,124,140,149,159,164 "114";
115 153 1 0,2,4,6,9,12,14,15,18,21,22,24,25,28,31,33,34,36,37,43,44,47,53,57,58,60,65,67,70,73,74,75,77,79,81,83,88,92,94,96,98,100,106,107,109,111,114,115,117,120,121,123,124,126,127,129,130,135,136,139,142,143,144,147,149,151,153,155,156,158,162,164,166,168,170,172,174,175,176,177,178,179 "115";
116 74 1 0,3,6,8,9,12,13,15,18,22,24,26,29,31,32,34,36,37,39,41,43,45,46,49,52,53,55,57,59,61,63,65,67,68,69,71,72,74,76,78,79,82,84,85,86,90,92,93,94,102,103,104,106,107,109,110,112,114,115,118,121,123,124,131,133,134,137,139,140,142,143,147,148,149,151,152,153,155,156,157,159,160,161,163,164,166,171,173,175,177 "116";
117 24 0 2,9,14,24,32,42,49,52,54,57,62,67,69,72,75,76,86,89,90,94,100,106,109,115,118,133,138,142,149,155,157,160,175 "117";
118 2 1 4,6,8,9,26,33,46,48,51,61,64,66,73,84,90,92,93,96,102,105,107,112,114,120,121,127,129,131,140,143,146,152,154,164,171,177,179 "118";
119 21 1 2,4,5,6,9,10,12,13,18,21,26,28,29,30,32,33,35,36,37,40,43,46,48,52,54,58,60,64,67,68,72,73,78,79,81,83,85,86,87,89,91,92,99,101,103,105,108,111,113,115,116,119,125,128,130,136,137,140,141,143,149,151,153,154,157,160,162,167,172,173,175,177,179 "119";
120 101 0 0,2,9,12,13,15,19,21,25,29,36,38,40,41,42,44,45,48,56,61,68,74,75,83,87,91,92,94,100,101,102,105,106,110,113,115,128,129,133,139,145,146,148,151,153,155,159,161,162,163,165,169,173,174,178 "120";
121 74 1 0,17,20,22,24,26,27,33,37,51,71,85,95,97,105,108,111,121,124,126,127,132,148,150,156,160,162,164,173,176,177 "121";
122 118 0 0,15,21,27,32,33,49,81,84,96,101,103,112,117,138,144,148,150,155,169,171 "122";
123 121 1 7,12,15,20,22,28,30,34,41,60,62,64,65,71,74,78,85,88,93,95,98,106,110,113,118,119,126,128,130,132,139,140,141,144,149,151,154,156,161,167,169,172 "123";
124 137 0 1,2,5,8,10,12,14,16,17,19,22,23,25,29,30,32,35,37,40,43,46,47,49,51,52,54,55,56,58,59,62,64,66,68,71,72,75,77,80,81,83,85,87,90,94,95,96,100,101,102,103,104,106,109,112,113,119,123,124,127,128,130,131,133,135,136,137,141,143,144,147,149,151,153,156,158,160,163,164,171,173,176,177 "124";
125 156 0 1,2,3,5,12,13,15,27,28,34,36,40,42,43,44,47,49,51,52,55,58,61,63,65,70,72,76,78,79,82,86,88,92,93,94,97,100,104,107,109,112,116,117,135,137,142,144,150,152,154,161,163,164,169,174,175,177,178 "125";
126 141 1 0,9,11,12,13,14,20,23,25,28,29,31,33,36,38,39,44,48,51,56,58,59,62,65,67,69,73,75,78,80,82,85,87,90,91,93,96,98,100,104,108,112,114,117,118,123,127,129,132,133,138,143,145,148,154,156,161,164,168,171,172,175 "126";
127 120 0 0,2,4,6,7,9,10,11,12,14,17,23,25,26,29,30,31,35,37,39,41,44,45,48,49,52,54,59,63,65,66,68,71,72,75,80,86,88,90,92,94,99,102,105,108,110,112,114,116,118,119,122,123,125,128,130,132,134,135,136,138,139,140,142,143,144,151,153,155,158,160,162,163,166,168,169,175,176,178,179 "127";
128 60 0 0,1,2,4,5,8,11,12,18,20,22,24,25,28,30,33,35,38,41,42,44,45,46,48,50,51,52,53,55,57,58,64,71,72,73,75,78,79,81,82,84,87,88,90,91,94,96,98,99,106,108,111,112,114,115,118,119,121,123,124,126,128,131,133,136,139,142,144,146,147,148,150,152,154,155,159,160,164,165,167,170,171,173 "128";
129 90 0 3,16,40,80,95,98,124,136,140,163,166 "129";
130 56 0 0,2,3,5,10,13,15,16,18,20,22,23,30,35,38,42,43,46,49,52,56,58,62,64,68,71,75,80,88,89,94,101,105,107,109,114,116,119,122,123,127,129,131,137,140,142,150,151,156,160,163,165,166,170,174,178 "130";
131 87 0 4,10,13,16,18,29,34,38,40,42,44,59,64,72,77,80,87,91,95,99,101,105,107,108,110,112,115,122,126,128,132,135,138,140,142,145,148,150,157,158,160,163,168,169,172,178 "131";
132 25 0 0,3,7,8,10,12,13,15,17,18,19,20,21,23,24,25,27,29,31,33,37,39,41,45,47,49,51,53,56,59,61,64,67,71,75,80,81,85,88,90,92,94,96,100,103,107,110,112,113,114,118,121,122,125,128,131,132,134,135,141,142,144,147,151,152,156,160,163,164,165,168,170,173,175,176,177 "132";
133 101 0 1,4,7,10,12,14,15,16,18,23,26,27,33,39,42,44,49,51,53,56,58,59,63,67,70,72,81,83,89,90,91,92,94,96,97,100,101,105,107,109,119,120,122,124,128,130,133,137,138,140,144,148,152,155,156,163,164,165,170,173,176,177,179 "133";
134 82 0 0,1,3,4,6,8,13,15,18,21,22,24,26,27,28,31,32,38,42,44,47,48,49,52,54,57,59,61,62,66,68,69,70,71,73,77,78,81,82,84,86,87,89,90,94,96,97,98,101,102,104,106,109,112,116,118,120,123,126,128,129,132,133,141,143,144,145,147,149,151,154,156,157,160,162,164,166,168,169,172,174,175,177 "134";
135 129 0 0,1,3,8,10,13,22,23,29,34,38,40,43,45,52,55,57,62,64,65,71,74,75,76,88,89,93,94,97,100,101,110,112,119,121,122,130,135,139,142,144,146,152,158,162,165,167,171,177 "135";
136 101 0 7,14,67,92,98,100,108,109,118,126,129,164 "136";
137 91 1 0,4,5,8,9,11,13,16,18,21,22,26,28,35,37,39,41,47,48,51,54,57,63,64,67,69,70,74,77,78,79,81,82,84,85,88,90,93,94,98,100,106,109,111,114,117,119,120,124,127,128,129,134,136,139,143,146,150,152,155,156,158,161,163,165,167,169,174,176,177,178 "137";
138 2 1 1,2,4,10,15,16,18,24,28,30,33,36,38,44,49,52,53,54,57,58,60,62,64,65,66,68,70,71,74,77,78,79,82,83,85,87,93,99,100,102,103,105,106,108,110,112,114,117,119,120,121,123,124,127,129,131,133,135,137,143,144,147,148,150,154,155,156,158,159,161,162,164,171,173,176,178 "138";
139 59 1 9,23,31,40,48,50,57,73,80,86,99,105,115,117,124,131,137,139,147,149,152,156,167,177 "139";
140 39 0 2,6,11,13,16,17,18,23,25,35,37,40,41,47,48,53,55,57,59,60,62,65,66,68,73,77,80,84,86,88,91,93,94,95,96,100,102,103,109,111,114,115,117,119,121,122,123,128,130,131,135,136,140,143,144,146,147,148,153,155,157,161,162,163,165,167,169,172,175,176,179 "140";
141 171 0 44,46,65,116,122,134,144 "141";
142 121 0 3,15,16,19,28,30,36,40,45,47,51,53,57,64,65,69,78,85,86,91,97,112,124,126,135,146,148,151,154,156,161,162,164,172,173,176 "142";
143 62 1 1,2,6,7,9,10,12,16,18,20,22,24,26,29,32,34,36,38,43,44,45,50,53,57,59,64,68,70,71,73,75,76,77,81,82,83,88,89,91,93,94,96,98,102,104,107,111,115,117,118,119,122,124,125,126,128,130,132,133,135,138,142,144,146,147,149,151,154,157,160,161,164,166,168,169,170,173,177,179 "143";
144 156 0 3,5,7,9,10,15,24,28,30,31,34,35,36,39,41,43,46,47,49,52,56,59,61,63,64,65,68,69,71,74,78,80,84,88,92,94,97,98,100,104,105,107,108,115,117,120,121,123,125,128,130,135,138,139,145,147,149,150,152,154,155,158,162,168,173,174,176 "144";
145 30 0 0,2,5,6,8,10,12,14,18,19,21,22,24,26,29,31,32,34,37,42,43,45,47,49,51,54,58,62,64,65,66,72,74,75,76,78,80,84,86,88,90,91,95,96,97,100,101,102,104,107,109,111,113,115,118,119,122,124,125,128,131,132,134,135,137,139,141,143,147,149,151,152,153,155,158,160,161,163,164,166,167,169,170,172,174,176,177,178,179 "145";
146 149 1 0,1,2,5,9,10,13,19,21,24,28,30,31,33,35,36,40,42,45,46,51,52,56,58,61,65,70,73,78,82,83,85,87,89,91,94,97,98,102,104,106,107,110,111,113,118,120,122,124,127,129,131,132,136,140,142,143,147,149,152,155,159,161,163,168,170,174,179 "146";
147 178 0 24,46,88,131,154 "147";
148 163 0 1,7,9,22,24,38,39,43,46,47,57,61,71,72,78,82,85,87,100,102,105,109,112,118,122,123,128,140,142,144,147,151,156,158,167,169,171,173,175 "148";
149 13 1 32,116,164 "149";
150 159 1 0,3,5,6,8,11,16,19,25,30,31,37,43,45,50,51,57,59,66,67,68,71,74,76,77,81,82,87,97,100,105,106,109,112,113,114,116,118,125,127,128,129,132,137,144,145,149,151,155,158,174,177,179 "150";
151 158 0 0,1,4,5,7,10,13,16,18,19,25,27,30,33,35,36,38,45,47,48,52,53,56,58,60,62,65,67,69,72,73,76,78,79,80,83,84,87,89,93,96,99,100,102,106,110,112,114,116,117,118,122,124,126,128,130,131,133,135,136,139,141,143,146,148,151,153,157,160,162,164,166,169,171,176,179 "151";
152 34 1 0,2,7,10,12,13,14,17,19,20,22,24,29,30,33,37,41,46,48,50,53,55,58,62,64,73,81,85,86,87,91,92,94,96,97,99,100,101,105,112,114,115,116,119,121,124,126,129,131,133,135,145,147,148,150,152,153,155,160,162,164,168,169,173,174,177 "152";
153 36 0 0,1,7,8,10,12,13,17,24,26,30,31,33,34,37,40,48,50,52,54,56,57,58,59,61,63,65,69,70,72,73,77,79,84,91,94,96,98,101,104,107,109,112,115,117,121,123,124,127,128,130,132,134,136,137,141,144,146,148,154,155,156,158,163,169,170,175,177,179 "153";
154 120 0 86,99,131,155 "154";
155 102 0 17,37,75 "155";
156 31 1 4,7,15,32,43,45,70,80,85,87,95,101,108,114,122,144,148,153,178 "156";
157 17 0 8,112,118,138,171 "157";
158 9 0 0,4,6,9,11,12,13,15,17,19,21,25,27,29,32,34,36,38,41,42,43,45,49,50,51,53,56,58,62,64,65,68,72,74,75,81,82,84,85,88,90,95,97,98,100,102,105,107,109,112,115,116,118,119,122,123,125,128,131,132,134,136,139,141,144,146,147,149,151,153,155,158,159,162,164,170,172,173,174,175,178 "158";
159 40 0 3,4,6,9,11,14,15,16,18,21,23,25,29,30,33,35,39,40,41,43,46,48,50,52,53,55,56,58,61,64,67,69,71,72,79,80,84,87,91,92,94,95,98,99,101,103,104,106,107,110,114,116,119,120,121,123,127,128,131,133,135,136,138,141,142,144,146,150,151,153,157,163,165,167,168,170,171,172,174,176,177 "159";
160 6 1 0,1,2,4,6,9,12,13,15,16,18,22,23,26,27,30,32,33,34,36,38,39,41,45,47,50,51,55,56,60,62,64,67,68,69,74,75,77,80,86,87,89,92,93,95,99,100,106,111,115,118,120,126,127,129,131,133,134,138,139,143,145,147,148,150,154,157,161,162,164,165,167,168,170,171,173,178 "160";
161 14 1 0,1,3,9,10,17,18,20,24,29,30,31,33,35,41,44,50,53,58,61,63,65,67,69,73,79,81,85,86,90,93,95,97,99,101,103,110,111,121,124,127,129,130,135,137,138,147,150,152,156,158,161,165,166,169,172,175,178 "161";
162 104 0 28,37,38,71,73,90,106,133 "162";
163 140 0 1,9,11,13,20,24,27,29,32,36,38,41,43,46,62,72,77,79,81,83,88,90,91,94,97,98,102,105,112,114,116,119,122,128,129,134,135,138,140,141,143,145,148,151,153,154,160,164,167,174,175,179 "163";
164 8 0 0,4,12,22,25,27,31,32,38,41,50,64,69,72,74,77,84,86,89,100,109,113,121,125,131,133,149,151,155,160,172,175,179 "164";
165 74 0 0,2,6,8,10,12,13,15,16,18,23,25,27,30,31,32,34,39,41,47,48,52,54,55,56,59,62,63,64,72,73,76,79,81,83,87,88,94,99,103,105,109,110,113,114,115,118,122,124,125,127,132,135,137,140,144,150,153,156,164,165,168,169,175,178 "165";
166 163 0 9,18,30,36,38,46,52,79,81,93,96,99,107,110,113,124,129,131,138,145,150,164,171,177 "166";
167 146 1 2,27,41,46,63,76,82,96,98,118,122,125,137,150,154,170,179 "167";
168 97 1 2,3,6,8,10,16,17,20,23,24,26,28,29,33,38,39,44,49,51,52,54,56,60,66,69,70,72,74,75,76,78,80,83,85,90,95,97,99,100,101,105,107,108,110,112,114,117,119,120,122,125,126,128,130,132,134,137,139,141,146,147,150,151,156,159,160,161,163,165,166,168,170,171,172,176 "168";
169 169 1 1,5,7,12,13,14,24,30,33,40,42,44,46,54,57,64,67,73,75,83,89,111,114,118,120,124,143,147,154,156,160,163,164,165,170,172 "169";
170 122 1 1,2,3,9,11,18,21,23,25,30,32,46,48,52,53,57,58,59,64,70,72,78,80,90,93,98,99,101,111,113,115,118,120,130,131,133,134,140,143,149,157,174,176 "170";
171 165 1 1,5,7,13,14,15,17,21,23,24,25,28,29,31,33,35,37,40,41,44,46,48,49,52,54,55,57,59,60,64,65,68,69,74,75,77,78,79,81,82,86,87,90,91,93,97,102,106,110,113,114,119,121,124,125,126,128,129,131,132,134,135,137,141,143,144,145,149,151,152,153,155,156,159,162,163,164,166,169,171,173,174,176 "171";
172 90 0 0,5,7,10,11,12,16,19,21,24,25,26,29,31,32,35,36,39,42,44,49,50,54,56,58,61,64,65,70,72,74,76,78,81,90,92,94,99,100,101,102,112,116,117,119,122,125,126,127,131,133,141,146,147,148,150,154,155,157,167,170,173,175,176,179 "172";
173 34 0 1,3,4,13,15,18,21,23,26,34,36,41,42,46,48,52,60,63,69,71,72,75,76,79,80,88,93,97,100,108,113,114,119,126,128,132,134,137,142,143,145,152,154,157,160,165,173,174,175,178 "173";
174 41 0 6,7,11,13,16,21,36,45,47,52,59,63,67,80,83,91,93,97,110,112,117,122,130,135,139,140,144,153,159,160,162,163,170,177 "174";
175 10 1 10,11,15,19,21,22,23,25,28,30,33,35,39,42,43,55,57,59,60,62,68,69,74,75,78,80,82,83,89,92,97,99,103,104,112,113,115,117,120,122,127,131,135,136,137,140,142,144,149,150,157,159,163,165,171,172 "175";
176 137 0 10,18,29,31,33,56,83,97,104,127,139,140,145,149,165,166,175 "176";
177 147 0 2,15,58 "177";
178 129 1 11,12,28,31,33,36,42,48,51,59,61,77,79,80,81,105,111,124,131,133,155,159,170,178 "178";
179 70 1 1,3,9,11,12,17,20,23,26,28,31,33,34,36,38,42,44,45,47,48,50,52,54,62,67,69,70,75,76,78,82,87,88,94,96,100,101,104,107,108,111,113,116,117,120,122,123,125,126,130,132,134,137,142,144,145,146,148,149,151,152,154,157,158,161,162,165,167,168,170,172,175,178 "179";
