parity 97;
0 8 0 2,40,42,51,68,93 "0";
1 66 1 0,2,5,7,8,9,11,15,18,19,21,22,24,29,30,32,33,35,40,42,44,45,46,48,50,51,53,54,56,59,60,61,62,64,69,72,73,80,82,85,88,89,91,92,95,96,97 "1";
2 72 1 17,19,23,25,53,61,69,72,86 "2";
3 76 1 1,2,4,7,9,11,13,19,24,28,30,32,33,35,38,39,42,43,44,45,47,49,53,54,56,58,59,60,61,65,73,75,79,81,83,85,86,87,92,93,95,97 "3";
4 1 0 0,1,3,5,6,7,12,17,18,20,22,25,26,29,33,34,37,39,45,46,49,50,52,55,57,59,63,64,70,72,76,78,81,82,84,89,91,92,95 "4";
5 61 1 0,3,4,6,8,11,12,14,16,17,23,25,27,29,32,35,36,38,40,46,49,50,54,57,59,60,61,64,66,68,70,72,75,77,81,84,88,91,96 "5";
6 48 1 4,6,10,11,12,15,18,20,26,34,35,37,49,50,56,59,63,67,68,69,71,73,75,81,82,86,88,89,93,96 "6";
7 65 1 0,4,24,39,46,51,56,64,65,70,72,80,89,93 "7";
8 20 1 7,12,14,24,27,29,32,34,37,42,50,56,57,60,63,67,71,72,75,76,81,85,88 "8";
9 30 1 9,17,25,27,28,30,32,34,35,40,42,45,52,59,67,69,72,74,81 "9";
10 25 0 6,7,12,14,17,18,21,25,29,30,41,44,51,55,64,71,74,77,82,89,96 "10";
11 64 1 1,3,4,7,9,11,13,15,24,27,32,36,40,41,43,44,48,50,52,55,57,61,62,63,66,68,69,72,74,75,76,78,82,85,86,88,90,94 "11";
12 72 1 0,1,5,8,12,14,16,17,19,21,23,25,29,31,33,34,35,36,37,39,41,43,46,49,50,52,55,58,62,65,69,70,75,78,80,83,87,89,91,92,94 "12";
13 84 1 0,5,10,11,13,15,16,18,20,24,25,26,28,30,33,34,35,36,38,41,42,43,44,47,49,50,52,55,60,63,65,66,67,68,69,72,74,76,77,83,91,93,94,95 "13";
14 3 0 0,3,11,12,20,21,24,25,26,32,35,36,38,39,45,51,55,58,61,66,68,73,78,80,83,85,87,91,92,93 "14";
15 83 0 0,2,3,5,14,17,20,22,31,35,39,44,49,50,51,53,58,65,68,69,79,82,85,86,89 "15";
16 96 0 7,20,23,25,26,31,55,62,66,85,89 "16";
17 53 0 4,7,9,11,16,35,44,51,55,62,63,65,73,76,77,87 "17";
18 14 0 2,4,10,12,15,18,19,23,24,27,30,32,37,39,40,41,43,45,49,52,57,59,63,67,69,72,73,75,80,84,86,87,90 "18";
19 4 0 2,7,24,31,39,53,61,64,70,72 "19";
20 35 0 0,3,4,6,11,15,24,33,37,44,47,48,64,66,77,81 "20";
21 44 0 1,3,6,7,9,11,14,16,18,19,21,25,29,32,34,37,38,43,45,48,49,59,63,65,75,79,80,82,85,87,89,90,94,97 "21";
22 78 1 1,7,10,14,16,18,23,25,29,30,32,33,34,36,42,45,48,50,55,57,59,61,69,76,85,88,91,93,96,97 "22";
23 32 1 2,3,9,11,12,16,20,25,31,42,45,47,51,54,63,64,66,67,69,71,75,83,86,92,96,97 "23";
24 68 0 0,2,4,5,7,9,10,12,14,15,16,17,21,24,26,30,31,33,34,36,38,40,41,44,46,50,51,55,58,60,62,63,65,66,69,71,72,75,76,78,81,84,91,92,94,96,97 "24";
25 4 0 1,45 "25";
26 77 1 6,8,12,15,34,45,47 "26";
27 76 0 38,66,93,97 "27";
28 72 1 5,15,19,21,29,35,36,41,43,44,46,48,51,55,57,60,73,76,79,87,89,90,97 "28";
29 68 1 0,2,4,5,6,9,11,12,14,15,20,21,23,24,26,27,34,39,41,44,47,48,51,53,55,58,66,68,69,70,73,75,79,80,84,86,88,90,91,92,94,96 "29";
30 4 1 0,5,7,10,12,13,18,19,21,23,25,28,30,34,38,46,51,52,53,57,58,60,62,63,64,66,67,70,73,76,79,81,82,84,85,87,88,90,91,93,94,96,97 "30";
31 46 1 4,7,47 "31";
32 17 1 5,20,29,43,46,47,56,76,80,81 "32";
33 58 1 1,9,12,17,24,32,64,68,79,81,85,90,92,96 "33";
34 66 1 7,17,22,28,33,37,42,45,47,51,52,58,59,61,63,71,77,79,80,83,84,87,89,90,95 "34";
35 96 1 0,7,12,19,27,36,41,55,64,74,83,92,97 "35";
36 13 1 2,20,41,47,56,64,70,74,93,97 "36";
37 78 1 10,11,16,25,26,28,31,36,39,55,65,67,73,75,83,97 "37";
38 86 0 2,12,35,38,43,44,72,76,78,85,90 "38";
39 86 1 0,7,16,25,26,33,35,36,46,61,62,71,80 "39";
40 40 0 2,4,8,21,28,33,43,50,56,82,97 "40";
41 24 0 6,13,19,24,28,32,37,45,48,50,58,73,74,75,81,82,84,87,95 "41";
42 3 1 0,2,4,6,9,11,12,14,18,23,30,33,35,38,39,41,44,46,51,54,55,57,59,66,73,76,78,80,82,88,89,95 "42";
43 4 1 11,17,19,24,38,39,41,45,46,54,61,64,67,69,71,76,78,88,90,97 "43";
44 32 1 1,9,13,21,23,24,75,97 "44";
45 77 1 2,6,15,19,21,24,25,37,39,41,46,54,56,59,67,70,73,74,76,78,83,85,97 "45";
46 65 1 36,89 "46";
47 85 1 1,10,12,21,23,35,37,42,44,46,50,59,62,66,68,70,72,78,81,88,96 "47";
48 18 1 2,18,25,28,31,39,43,59,72,73,75,77,83,88,90,94 "48";
49 51 0 0,2,8,12,13,16,17,19,20,25,27,28,32,34,36,37,42,43,48,50,52,54,58,60,63,66,68,69,78,81,84,85,87,88,94,96,97 "49";
50 1 1 3,7,12,14,17,18,21,22,26,27,32,40,45,49,55,57,59,64,65,69,72,77,78,80,85,90,92 "50";
51 18 1 0,2,5,6,7,9,16,18,20,22,24,26,28,29,30,34,35,37,41,42,43,47,50,52,58,62,66,68,69,73,75,76,78,80,82,83,84,87,89,92,94,96,97 "51";
52 96 1 4,6,13,20,26,32,34,36,42,46,57,59,62,66,71,84,91,93,94,96 "52";
53 34 1 3,7,13,26,27,31,35,37,42,44,51,52,69,71,80,83,89,96 "53";
54 67 0 0,1,6,7,9,11,13,17,22,23,24,26,27,29,31,33,36,40,44,45,48,49,50,54,55,56,58,61,62,63,65,69,71,73,75,76,79,81,83,86,88,90,93,94 "54";
55 85 1 2,10,12,15,19,22,26,28,31,34,37,39,42,47,49,58,60,61,64,66,72,76,78,80,86,87,89 "55";
56 88 1 4,6,16,18,21,26,29,32,34,35,38,39,45,53,55,58,59,62,67,72,74,80,82,85,90,93 "56";
57 75 1 0,3,12,15,16,19,21,22,25,32,35,39,47,52,56,63,68,70,73,74,75,81,88,91 "57";
58 60 0 1,3,6,8,9,12,13,14,18,20,23,26,33,34,35,38,39,42,45,47,50,52,53,54,57,59,61,63,65,67,69,71,72,75,76,78,81,82,84,85,88,89,91,93,94,96 "58";
59 7 1 18,24,27,63,69,77,81 "59";
60 45 1 7,9,16,21,33,42,53,69,73,93 "60";
61 96 1 5,14,16,22,25,28,35,40,42,44,49,51,53,55,58,60,62,63,67,68,75,81,83,88,91,92,97 "61";
62 20 1 41,82 "62";
63 1 1 0,1,3,4,7,12,14,17,18,20,22,24,29,31,35,39,40,42,44,45,47,48,50,53,55,58,60,63,64,66,69,71,73,75,80,81,86,88,92,96,97 "63";
64 78 1 12,13,16,17,20,21,23,30,32,35,38,41,44,45,49,51,54,61,65,70,71,75,76,78,83,85,86,97 "64";
65 64 0 5,66,86,91 "65";
66 81 1 0,4,6,7,10,14,16,19,20,26,28,29,31,33,35,36,37,39,40,42,45,48,50,54,56,58,59,60,62,64,66,68,69,71,73,75,77,78,80,83,84,85,86,87,89,94,95 "66";
67 80 1 5,20,23,24,26,29,40,47,48,55,58,60,64,76,79,84,87,89,90,94 "67";
68 41 1 5,6,12,14,17,19,20,23,26,27,31,32,36,43,50,52,54,59,60,61,64,66,71,75,78,85,90,91,93,96 "68";
69 81 1 0,1,6,10,13,14,15,17,19,20,23,27,29,34,35,37,39,42,43,45,48,49,51,52,54,56,58,59,63,65,66,68,70,75,77,78,80,85,87,88,91,93 "69";
70 63 0 3,9,12,14,18,25,33,40,42,44,49,56,62,68,72,91,96 "70";
71 69 0 1,4,21,25,26,28,29,38,51,82 "71";
72 27 1 4,9,34,53,64,68,69,75,77,87,90,93 "72";
73 21 0 0,2,8,11,16,21,23,25,28,30,33,39,46,50,54,57,62,64,67,68,89,92 "73";
74 71 1 2,8,9,12,14,19,25,28,33,39,49,54,65,67,70,75,77,80,90,95 "74";
75 88 0 9,10,17,21,24,29,31,39,46,48,58,62,79,84,87,89,94 "75";
76 4 1 2,3,6,8,12,16,18,20,21,25,30,32,36,39,41,43,50,57,62,63,69,73,76,81,83,87,95,96 "76";
77 12 1 0,1,2,4,6,8,10,11,13,14,16,19,21,23,27,30,32,33,37,39,43,45,47,48,51,52,54,56,59,62,63,66,68,70,72,74,76,78,79,81,84,87,88,89,90,92,93,96,97 "77";
78 2 0 0,3,19,23,24,31,41,44,49,62,66,69,81,83 "78";
79 71 0 3,37,46,53,66,75,87,92,97 "79";
80 86 0 2,8,12,14,25,50,53,71,91 "80";
81 38 1 23,29,32,54,58,63,67,76,83,91,97 "81";
82 4 1 1,3,4,8,10,12,15,16,17,18,20,22,25,26,28,30,31,33,35,39,41,42,44,45,46,48,51,54,56,57,59,61,63,64,66,69,72,78,79,80,84,85,86,87,89,91,93,95,97 "82";
83 35 0 4,10,12,14,18,19,20,22,24,26,28,29,34,36,37,39,44,45,51,52,55,60,65,66,71,72,75,77,79,81,88,94,95 "83";
84 45 1 0,6,9,16,17,25,32,33,40,41,43,53,54,58,64,70,80,81,83,89,93 "84";
85 75 0 0,7,11,15,20,22,27,29,34,35,38,43,48,55,66,67,70,71,78,96 "85";
86 19 1 1,3,5,7,9,12,14,15,17,20,22,26,28,33,35,36,39,47,52,53,54,56,59,61,64,66,67,69,71,75,78,81,84,85,87,91,97 "86";
87 75 0 4,5,6,8,9,10,11,12,14,16,18,21,22,26,27,28,30,31,33,36,37,39,42,46,48,50,53,55,58,59,62,67,70,72,74,75,77,79,80,81,84,87,88,90,92,94 "87";
88 82 1 2,6,7,8,11,14,17,21,22,25,28,29,31,32,33,36,38,41,43,45,47,48,50,51,56,61,63,64,68,70,73,74,76,79,81,82,83,85,87,88,91,97 "88";
89 78 1 0,5,10,12,25,26,28,34,36,37,39,41,46,48,53,55,60,65,69,71,72,76,79,82,84,87,89,91,96 "89";
90 85 1 0,11,15,21,27,33,35,39,42,44,47,66,78,79,87,90 "90";
91 5 1 7,14,16,25,38,42,72,85,88 "91";
92 4 0 1,3,4,8,11,12,16,18,22,23,32,35,37,39,42,50,53,58,62,65,68,71,78,84,87,90,93,96 "92";
93 24 1 1,9,16,23,32,33,41,45,85,90,91,94,97 "93";
94 38 0 0,3,6,7,9,12,14,16,18,22,25,26,30,31,36,37,38,39,41,45,47,49,50,53,55,57,59,62,65,66,67,69,70,71,73,76,77,80,82,83,85,87,89,92,93,97 "94";
95 11 1 2,5,13,19,33,37,39,50,55,60,65,67,71,78,87,93,95 "95";
96 98 0 4,5,6,9,14,16,18,20,23,25,27,28,30,35,37,38,42,44,48,51,53,55,62,64,67,70,71,72,76,80,82,84,93,96 "96";
97 20 0 1,3,4,6,7,9,12,15,16,19,22,26,28,31,32,34,36,37,39,40,42,44,46,47,53,57,58,59,63,67,69,76,79,81,82,86,88,89,90,94,95,97 "97";
