parity 63;
0 22 1 3,6,8,13,15,19,20,22,23,26,30,31,33,37,38,40,43,46,48,52,53,55,57,58,60,61,63 "0";
1 25 0 0,4,5,7,9,12,15,17,20,22,25,28,31,32,35,37,42,43,46,49,53,54,55,58,60 "1";
2 31 1 19,22,45,52 "2";
3 40 1 5,7,23,25,29,36,37,40,43,46,53,60,61 "3";
4 40 1 2,4,7,9,10,12,15,18,21,23,25,26,27,31,35,39,41,42,44,49,51,52,55,58,60,63 "4";
5 27 0 11,15,34,37,48 "5";
6 35 0 9,10,12,13,14,16,19,24,30,31,39,41,42,44,45,47,50,51,55,56,57,62,63 "6";
7 16 0 1,4,15,17,20,27,32,36,38,40,41,42,45,48,51,56,57,60 "7";
8 31 0 7,8,11,18,23,24,26,29,32,37,40,43,46,49,53,57,58,61 "8";
9 16 1 0,2,3,5,6,7,8,11,13,17,19,20,23,25,27,33,36,39,41,42,44,47,48,51,53,54,55,58,60,62,63 "9";
10 29 0 16,22,25,58 "10";
11 2 0 28,48 "11";
12 2 1 2,5,8,13,16,18,19,21,24,25,27,30,34,35,39,43,45,49,50,52,57,60,62 "12";
13 16 1 0,3,5,7,9,14,15,17,18,20,22,24,25,26,30,32,34,35,36,39,42,44,45,46,48,51,52,53,55,56,58,60 "13";
14 9 1 0,3,7,10,22,26,48,52,60 "14";
15 52 1 1,4,12,14,16,19,20,21,27,32,34,36,40,41,45,47,48,49,51,56,58,60 "15";
16 22 1 1,5,8,13,15,16,19,21,23,29,35,38,42,45,47,49,53,54,55,56,59,62,63 "16";
17 57 1 1,16,26,31,34,37,41,43,47,60,63 "17";
18 1 0 0,2,3,4,6,9,11,13,15,16,17,19,20,22,24,26,27,28,30,37,39,41,45,46,48,51,53,55,57,61,62 "18";
19 60 0 0,2,6,12,17,19,21,29,33,34,40,46,47,50,55,56,61 "19";
20 11 1 17,28,53 "20";
21 33 0 26 "21";
22 49 0 0,4,24,29,31,42,52 "22";
23 21 0 1,2,3,5,7,9,13,14,16,24,25,26,28,29,31,32,35,37,39,40,41,44,49,56,58,61 "23";
24 62 1 6,10,12,14,16,18,25,27,31,37,39,43,46,48,53,55,56,58,59,63 "24";
25 64 0 0,3,4,10,12,17,19,24,27,28,30,31,33,36,39,41,44,47,48,51,54,57,60,62,63 "25";
26 60 0 0,18,30,58,62 "26";
27 23 0 1,6,10,13,15,16,18,19,20,24,30,36,44,46,53,54,57,59 "27";
28 23 0 4,18,21,31,57,58 "28";
29 41 0 42 "29";
30 29 1 8,15,16,18,22,24,28,29,32,34,35,36,38,40,41,44,47,48,52,53,60,62,63 "30";
31 22 0 5,11,17,23,29,40 "31";
32 56 0 11,13,18,22,24,29,32,45,57,60 "32";
33 24 1 4,5,10,12,14,16,17,20,23,28,33,36,37,39,40,41,43,46,48,49,51,53,55,56,57,61,62 "33";
34 29 1 1,2,6,8,9,15,16,17,19,24,31,32,33,35,38,44,48,51,52,57 "34";
35 34 1 2,3,6,7,11,12,16,20,23,24,25,27,29,33,34,36,39,40,42,44,45,46,48,50,52,53,54,57,60,61,62,63 "35";
36 12 0 0,5,9,10,11,12,14,17,18,20,21,22,24,25,26,27,30,33,34,37,39,44,47,50,53,54,57,61 "36";
37 18 1 15,21,40,43,51,58 "37";
38 53 0 9,15,22,45,48,50 "38";
39 36 1 0,7,11,12,14,15,21,22,25,27,28,30,32,33,36,41,43,44,48,49,55,58 "39";
40 11 1 1,13,19,25,28,40,46,51,55,57,63 "40";
41 35 0 0,5,8,10,12,13,14,15,20,23,26,28,36,41,46,47,54,55,56,59,61,63 "41";
42 4 1 1,3,7,9,12,15,16,17,19,20,21,23,25,27,29,32,37,38,39,40,42,46,48,52,53,55,56,57,59,60,63 "42";
43 15 0 3,5,22,32,36,45,62 "43";
44 29 1 9,20,25 "44";
45 4 1 3,5,9,11,13,15,16,18,20,21,23,24,26,27,29,31,32,34,37,40,41,43,45,48,51,56,57,59,60,62 "45";
46 63 0 21 "46";
47 59 0 1,2,8,10,12,13,16,18,20,27,29,32,37,41,43,44,50,51,61,63 "47";
48 64 0 0,11,13,14,16,22,23,32,36,37,39,41,42,44,46,50,51,54,58,60,61,62 "48";
49 41 0 11,27,33,40,56 "49";
50 30 0 6,7,10,20,24,28,29,35,39,43,45,49,51,60,61,62 "50";
51 64 0 0,1,4,7,12,14,17,18,20,23,24,29,32,35,38,39,46,48,50,52,53,56,57,62 "51";
52 24 0 5,6,14,15,19,23,34,35,37,39,40,42,43,48,50,51,55,58,60 "52";
53 56 0 6,8,16,24,27,49 "53";
54 2 1 5,14,16,19,25,27,28,30,33,34,37,39,45,49,52,54,63 "54";
55 64 1 10,21,25,27,38,55,57,61 "55";
56 51 1 0,6,10,17,19,26,30,35,37,40,42,53,56,58,60 "56";
57 35 0 6,7,13,16,23,28,32,35,40,41,43,44,49,50,52,59,62 "57";
58 47 1 2,3,7,9,11,14,16,17,19,20,25,28,37,40,42,47,50,51,53,55,59,62 "58";
59 44 1 56,57 "59";
60 62 0 2,5,7,10,12,18,20,23,26,28,30,32,35,36,37,42,44,48,50,51,53,55,61 "60";
61 58 0 3,5,6,8,23,24,28,31,40,53,57 "61";
62 40 0 6,12,24,27,35,40,52,59,62 "62";
63 45 0 4,5,6,14,16,20,23,24,27,31,38,40,47,48,53,56 "63";
