parity 25;
0 13 1 1,4,6,10,13,15,21,25 "0";
1 15 0 0,11,18,21,24 "1";
2 12 0 3,5,6,11,14,15,16,18,20,23,24 "2";
3 3 1 0,1,5,7,9,17,20,23,25 "3";
4 5 1 6,8,9,13,15,16,23,24,25 "4";
5 17 0 1,6,7,11,16,21,23 "5";
6 7 1 3,13,19 "6";
7 12 0 6,12,16,21 "7";
8 17 1 2,4,12,17,21,23 "8";
9 5 0 5,8,10,17,18,20,21 "9";
10 2 0 2,5,6,7,8,12,15,18,19,21,24,25 "10";
11 19 0 10,21 "11";
12 16 1 1,5,11,12,17,20,25 "12";
13 1 0 3,5,6,8,11,17,19,25 "13";
14 16 1 1,3,5,6,8,10,15,17,18,20,21 "14";
15 8 1 1,5,7,15,18,20,22,25 "15";
16 0 1 1,9,12,16,19,21,24 "16";
17 8 0 1,2,10,11,15,17,20,25 "17";
18 5 1 4,6,14,15,17,25 "18";
19 0 1 1,6,7,9,11,12,17,18,20,21,23 "19";
20 4 0 0,1,5,8,9,11,15,16,17,20 "20";
21 22 1 0,2,7,10,20,23 "21";
22 14 1 4,9,10,12,15,17,19,23 "22";
23 20 1 1,6,7,10,13,15,22,24 "23";
24 13 0 1,2,5,7,8,10,11,12,14,20,21,22,25 "24";
25 25 0 1,5,10,13,17,18,23,25 "25";
