parity 60;
0 1 0 40,48 "0";
1 11 0 1,3,9,16,20,22,24,36,41,52,56,59 "1";
2 4 1 2,5,7,20,24,28,34,38,42,48,53 "2";
3 48 1 1,11,13,15,49,59 "3";
4 24 0 0,3,14,17,19,28,34,37,39,42,47,60 "4";
5 18 1 3,38,50 "5";
6 8 0 2,4,12,17,18,19,22,29,37,46,47 "6";
7 19 1 3,8,10,11,12,14,21,22,23,25,30,33,35,36,42,45,49,50,53,55,56,58,59 "7";
8 24 0 5,6,8,11,13,15,22,23,25,26,32,34,37,39,43,45,46,48,53,56,59 "8";
9 50 1 1,3,5,10,11,20,22,24,29,30,37,38,40,43,50,52,55,57,59 "9";
10 52 1 0,2,3,4,16,20,22,25,26,27,30,32,36,38,39,42,43,48,51,57 "10";
11 19 1 1,2,4,5,8,9,10,11,13,17,19,21,22,27,30,32,35,38,39,40,42,43,44,47,48,54,56,59,60 "11";
12 36 0 1,13,22,24,25,27,29,32,34,37,41,49,52,53,56,58 "12";
13 50 1 2,7,10,11,16,22,23,25,30,32,33,37,38,41,44,47,48,51,54,58 "13";
14 40 1 17,27,45,47 "14";
15 28 1 1,4,5,6,8,9,10,14,16,19,21,22,26,27,29,31,34,35,38,40,41,43,46,47,49,51,55,56,58,59,60 "15";
16 5 1 0,5,9,16,18,22,23,25,26,28,29,32,34,37,39,40,41,43,45,49,50,59 "16";
17 60 1 0,1,3,4,6,8,9,12,13,20,21,23,25,30,34,37,39,43,44,45,47,49,51,52,54,55 "17";
18 19 0 1,7,9,10,13,17,21,26,28,32,35,36,40,41,43,46,48,50,52,53,56,57,60 "18";
19 7 0 0,1,5,9,11,12,14,16,18,19,20,22,25,26,28,31,33,34,38,39,43,44,47,50,52,53,56,58,60 "19";
20 26 1 3,6,8,13,16,19,27,28,32,35,38,41,56 "20";
21 6 1 0,2,4,7,9,11,14,16,17,21,24,26,31,32,35,36,40,43,45,48,49,51,54,57,59 "21";
22 34 0 6,12,15,42,46,52,58 "22";
23 9 0 1,3,6,9,12,19,20,22,31,32,34,35,42,47,49,51,55,56 "23";
24 42 1 1,3,5,13,18,20,27,32,38,39,47,48,50,53,56 "24";
25 39 0 1,8,14,16,17,22,24,26,33,35,36,40,49,53,56,57,59,60 "25";
26 12 1 0,3,4,6,14,15,17,19,20,24,29,31,34,39,41,45,47,50,51,54,56,58,59 "26";
27 14 0 1,3,8,11,19,21,23,28,37,50,52,54,56,60 "27";
28 21 1 2,3,5,7,11,15,18,20,21,22,25,27,28,37,39,40,41,44,46,47,50,55,58,60 "28";
29 49 1 0,2,8,11,13,20,24,27,28,32,34,40,42,46,47,48,55,59,60 "29";
30 26 0 3,7,9,11,17,20,23,24,30,32,33,35,38,39,42,44,46,48,50,55,56,60 "30";
31 27 1 0,2,3,5,7,12,13,14,15,19,20,24,25,27,30,32,33,34,38,40,41,43,45,46,49,51,52,53,55,57,60 "31";
32 42 1 0,2,6,10,11,14,15,28,35,52,54,58 "32";
33 47 1 0,2,6,7,9,10,12,15,17,19,20,22,24,33,34,37,43,44,50,51,53,55,57,60 "33";
34 18 0 0,11,17,24,29,30,40,47,55,57 "34";
35 7 0 3,8,10,20,23,26,29,32,35,38,42,48 "35";
36 20 0 2,5,6,12,17,19,21,23,26,28,31,33,36,39,41,44,45,47,48,51,55 "36";
37 9 1 49,53,59 "37";
38 23 1 3,31,45,48,58 "38";
39 32 1 0,4,7,8,12,27,33,35,38,39,50,58 "39";
40 59 1 17,21,25 "40";
41 57 0 6,7,8,10,11,12,14,17,21,22,23,25,27,31,33,35,37,40,41,42,45,46,49,51,53,54,56 "41";
42 48 0 11,16,35,42,44,47 "42";
43 34 0 0,6,16,19,24,45,48,53,59 "43";
44 52 0 1,5,7,9,12,13,14,19,20,22,25,27,30,33,35,37,39,43,44,46,47,49,51,53,56 "44";
45 18 0 0,1,2,5,7,10,14,16,19,20,22,24,34,35,39,40,42,44,45,48,50,52,54,57,60 "45";
46 44 0 0,1,8,15,17,23,26,28,29,47,50,52,54,55 "46";
47 15 1 0,4,15,16,24,26,29,33,34,46,49,55 "47";
48 59 1 0,10,22,24,34,36,40,41,43,45,52,55,56,58 "48";
49 55 1 1,3,4,6,8,10,13,20,28,30,33,37,39,42,47,52,57,58,59 "49";
50 25 1 0,2,3,5,6,7,8,11,13,14,19,23,25,28,30,33,34,37,39,40,41,43,44,46,47,49,52,54,56,60 "50";
51 24 1 0,2,5,6,10,12,13,14,21,23,25,26,33,35,36,38,39,42,45,46,49,50,52,59,60 "51";
52 56 1 2,10,15,17,20,23,24,33,35,37,38,41,42,46,47,49,51,52,55,57,59 "52";
53 24 1 0,3,5,11,12,14,18,20,24,27,28,29,31,37,42,47,49,51,53,60 "53";
54 61 1 1,3,8,10,11,16,18,19,21,24,29,31,32,34,37,40,41,43,44,47,51,52,56,58,60 "54";
55 27 0 0,3,14,41,44,45,53,60 "55";
56 35 0 25,36,38,41,47 "56";
57 3 0 9,28,38,51 "57";
58 50 1 6,9,19,20,24,28,31,34,40,42,49,51,53,58 "58";
59 34 0 0,1,3,14,15,17,22,25,26,28,30,31,32,36,37,40,43,46,48,49,52,56,57,59,60 "59";
60 8 1 12,18,36,37,51,54,57 "60";
