parity 40;
0 21 1 0,1,6,7,10,11,12,14,15,20,21,24,26,27,30,32,35,36,38,39,40 "0";
1 13 0 0,4,5,7,9,12,17,21,23,25,26,28,29,30,34,37 "1";
2 31 0 0,3,5,6,8,11,13,14,16,20,22,23,25,28,29,33,35,37,38,40 "2";
3 25 0 0,1,4,9,11,15,17,19,21,25,29,30,32,34,36,38,40 "3";
4 30 1 1,6,7,10,12,13,15,16,18,19,21,24,26,27,29,32,33,37,39,40 "4";
5 25 1 24 "5";
6 29 1 1,18,36 "6";
7 37 1 3,4,6,7,8,11,19,20,22,27,30,34,35,36,39 "7";
8 4 1 0,2,10,19,25,26,31,33,38 "8";
9 30 1 34 "9";
10 30 1 0 "10";
11 32 0 7,8,11,18,27,34,40 "11";
12 21 1 8,12,19,26,33,36 "12";
13 34 0 0,2,5,8,10,20,29 "13";
14 4 0 0,3,4,11,14,16,19,27,30,34,38 "14";
15 3 0 30 "15";
16 16 1 34 "16";
17 38 0 6,8,10,17,19,21,23,28,30,31,34,36,38,40 "17";
18 13 0 0,6,9,10,14,19,25,28,32,33,36,39 "18";
19 20 1 0,1,2,4,6,8,11,16,17,19,20,22,23,24,25,27,28,32,33,37 "19";
20 32 0 1,2,6,13,15,24,31 "20";
21 24 1 2,16,22,27,29,31,33 "21";
22 27 1 2,4,11,19,25,28,29,30,35,37,40 "22";
23 22 1 1,10,11,20,23,29,33 "23";
24 5 0 0,1,5,6,10,13,16,18,20,22,24,25,27,30,31,32,39 "24";
25 3 1 5,7,28,34,36 "25";
26 34 1 0,23,40 "26";
27 0 1 0,15,29,35 "27";
28 5 1 2,12,30 "28";
29 18 0 0,3,4,6,8,10,15,17,18,22,25,26,28,29,32,34,35,37,40 "29";
30 2 1 3,4,6,8,11,13,15,17,19,20,21,22,24,26,27,28,30,32,36,40 "30";
31 37 1 1,2,5,7,9,10,12,17,19,22,23,25,27,29,30,33,34,37,39,40 "31";
32 4 0 3,11,21,22,24,26,31 "32";
33 20 0 4,7,9,10,11,12,16,19,25,27,31,33,37,39 "33";
34 9 0 1,2,3,4,7,9,10,12,16,17,19,20,22,26,30,31,36 "34";
35 36 0 1,3,5,10,15,20,33,34,40 "35";
36 20 0 0,4,5,10,11,15,16,18,21,23,27,32,35,37 "36";
37 23 0 0,2,6,16,18,20,22,27,31,32,36 "37";
38 37 0 0,1,4,6,8,9,12,13,15,18,19,23,27,28,30,31,34,35,37 "38";
39 16 1 5,6,8,9,12,13,16,18,22,24,25,28,30,40 "39";
40 27 1 0,4,7,14,23,25,32,37 "40";
