parity 27;
0 14 1 3,4,11,25,26 "0";
1 6 1 2,4,6,10,12,15,19,26 "1";
2 18 1 19 "2";
3 16 0 3,4,7,8,10,12,16,18,19,22,25,27 "3";
4 21 0 1,4,6,7,8,9,11,12,14,17,19,20,22,26 "4";
5 14 0 1,3,5,6,8,10,11,14,15,18,19,20,25,26 "5";
6 1 0 1,3,5,6,8,14,17,18,19,20,22,25,26 "6";
7 16 1 2,4,5,7,8,12,14,15,16,21,22,25 "7";
8 19 0 3,6,11,15,16,18,25 "8";
9 7 0 0,2,5,7,12,13,15,18,21,22,27 "9";
10 4 1 5,8,10,14,18,22,23,25,26 "10";
11 18 0 0,7,11,19,22 "11";
12 3 0 2,4,11,13,16 "12";
13 28 1 2,9,12,14,17,22,23,26,27 "13";
14 25 0 5,6,8,10,12,15,18,22,25,27 "14";
15 13 0 12,24 "15";
16 26 1 1,7,11,12,20,23,26 "16";
17 7 1 5,8,13 "17";
18 23 1 9 "18";
19 24 0 18 "19";
20 18 0 1,5,7,13,17,19,22,23,24,26 "20";
21 26 0 3,5,7,11,13,15,16 "21";
22 21 1 10,18,22 "22";
23 5 0 2,3,9,19,21,27 "23";
24 1 0 2,4,6,7,10,16,20,23,26,27 "24";
25 19 0 0,2,4,6,8,11,16 "25";
26 10 1 11,17,19,26 "26";
27 11 1 0,1,3,5,10,15,17,20,22,24,26 "27";
