parity 57;
0 56 0 0,1,4,6,7,10,11,14,16,19,23,26,28,29,32,34,38,40,42,44,46,47,49,50,54,55,57 "0";
1 36 1 6,22,24,29,36,44,46 "1";
2 7 1 2,11,25,29,40,44,51,54,57 "2";
3 34 0 17,27,31 "3";
4 41 1 0,2,4,6,8,10,12,15,17,18,22,27,28,31,33,34,37,39,40,41,43,45,46,47,49,50,56,57 "4";
5 31 0 32,40,44 "5";
6 42 1 0,21,23,33,46,47,51 "6";
7 40 0 4,5,8,11,16,19,21,29,33,36,39,41,44,47,50,51,52 "7";
8 32 0 3,8,9,13,15,21,23,45 "8";
9 42 1 0,2,4,12,16,18,36,42 "9";
10 41 1 0,7,8,10,12,16,18,19,21,23,24,27,30,32,33,34,36,38,39,44,45,47,49,50,52,54,55,56,57 "10";
11 50 0 1,4,7,8,19,21,26,31,33,36,44,46,48,50 "11";
12 14 1 3,6,7,10,15,17,21,27,29,30,33,35,38,40,42,43,45,50,51,53,56 "12";
13 5 0 0,3,4,15,20,24,35,41,45,49,52 "13";
14 50 1 1,4,6,7,12,15,20,21,22,23,25,27,32,34,35,41,43,44,45,48,50,55,56,57 "14";
15 33 0 3,5,12,14,17,19,23,29,31,34,37,41,42,44,46,51,56,57 "15";
16 46 1 2,11,16,23,26,28,29,33,35,38,43,49,51,52,56,57 "16";
17 41 1 4,9,10,12,13,15,20,27,28,35,36,39,40,50,52,55,57 "17";
18 16 0 0,1,3,6,9,11,16,19,26,28,30,34,37,38,39,41,48,49,53,55,57 "18";
19 52 0 0,2,6,8,9,16,17,21,22,23,33,39,44,48,51,55 "19";
20 34 1 3,4,6,10,12,13,18,19,20,26,28,34,38,41,46,50,54,57 "20";
21 12 1 2,4,7,10,13,17,19,23,27,30,33,35,38,39,42,53,55,57 "21";
22 45 0 29 "22";
23 46 0 1,3,8,9,10,14,16,17,18,21,22,24,25,28,34,39,42,44,46,50,52,54,55,57 "23";
24 13 1 0,2,10,11,13,14,17,19,21,23,28,30,31,34,36,38,44,49,52,55,56,57 "24";
25 35 0 0,7,9,12,16,19,26,28,34,38,47,54 "25";
26 33 1 0,7,9,11,20,34,35,36,41,45 "26";
27 48 0 3,6,10,17,20,21,26,27,29,33,37,42,43,56,57 "27";
28 23 0 6,9,11,14,18,29,38,40,50,54,57 "28";
29 58 1 5,6,8,12,14,17,19,28,31,33,35,40,43,46,51 "29";
30 47 1 1,16,20,23,24,31,42,48,52,55,57 "30";
31 45 1 8,16,54 "31";
32 13 1 1,4,7,10,11,13,14,18,21,22,25,26,28,29,31,32,35,36,37,38,43,44,48,52,53,55,57 "32";
33 1 0 0,5,7,8,11,13,14,15,17,19,20,21,25,28,32,34,36,40,41,45,49,50,51,54,56,57 "33";
34 15 1 0,1,7,9,14,16,18,20,22,24,25,32,34,36,41,43,45,50,53,55 "34";
35 45 0 1,6,8,9,11,12,14,16,18,19,22,24,25,27,29,32,34,36,38,43,48,51,54 "35";
36 58 1 0,6,19,30,37,50,57 "36";
37 36 0 3,9,12,17,19,21,23,27,28,30,31,37,40,41,43,44,47,49,50,52,54,57 "37";
38 35 1 1,10,18,26,27,31,34,36,37,50,55 "38";
39 58 0 0,12,15,35 "39";
40 35 1 0,3,5,8,10,11,14,15,17,18,20,23,25,29,33,35,36,38,39,41,42,45,47,48,49,51,52,54,57 "40";
41 15 1 24 "41";
42 37 0 1,2,12,21,32,42,43,49,51 "42";
43 13 1 8,34,42,44,49 "43";
44 3 1 1,10,27,34,35,38,57 "44";
45 12 1 4,13,17,25,30,32,33,43,46,50,53,54,55,57 "45";
46 40 0 1,3,5,8,10,11,13,15,17,19,20,22,25,26,28,30,31,41,47,50,52,56 "46";
47 33 0 0,1,4,8,9,12,15,19,20,22,24,25,27,30,31,32,35,38,40,43,45,48,49,53,54,56,57 "47";
48 43 0 0,2,4,6,7,10,15,16,18,25,28,30,32,34,36,37,39,42,44,46,50,52,54,57 "48";
49 9 1 0,2,3,4,6,7,13,17,19,22,23,30,32,34,35,39,40,41,42,44,47,48,50,54,56 "49";
50 39 0 1,4,10,15,17,21,22,24,26,29,33,38,46,49,52,53,56 "50";
51 46 1 1,10,16,23,25,28,29,33,37,41,43,50 "51";
52 3 1 9,11,22,23 "52";
53 25 0 15,43,47 "53";
54 13 0 11,27,30,38,42,43 "54";
55 23 0 7,8,11,13,16,17,21,25,26,28,29,30,32,34,35,37,38,39,43,44,46,49,50,51,53,54,55,57 "55";
56 6 1 8,15,24,26,28,32,41,45,47,49,53,56,57 "56";
57 14 1 3,19,31 "57";
