parity 44;
0 23 1 0,1,3,5,7,8,13,16,17,19,22,26,28,31,34,36,37,40,43 "0";
1 27 0 0,2,5,7,9,10,13,15,16,18,20,22,23,25,27,29,30,34,36,39,41,43,44 "1";
2 33 0 0,3,5,8,10,11,12,14,19,24,27,30,32,33,35,36,37,41,43,44 "2";
3 15 0 0,2,12,13,15,18,21,22,24,27,33,34,37,39 "3";
4 1 0 0,4,9,22,25,26,29,39 "4";
5 17 0 1,4,7,8,9,12,14,15,27,33 "5";
6 39 0 8,11,12,16,18,23,29,30,33,34,36,40,43 "6";
7 33 1 3,6,16,26,27,32,34,40 "7";
8 38 1 9,11,18,24,30,34,42 "8";
9 19 1 5,6,7,9,11,13,15,17,20,22,23,24,26,27,28,30,33,37,38,40,41 "9";
10 6 0 1,2,5,7,9,11,12,16,20,21,26,27,29,30,32,34,39,41,44 "10";
11 41 0 17,24 "11";
12 12 0 0,3,6,9,10,11,12,15,17,18,21,25,26,28,30,32,34,38,39,41,42,43 "12";
13 37 1 0,2,3,5,7,9,10,11,13,14,16,21,23,27,28,30,31,34,37,38,41,44 "13";
14 8 1 1,6,10,14,19,23,27,34,36,37,44 "14";
15 26 1 29 "15";
16 6 1 11,26,30 "16";
17 24 1 3,5,6,8,9,11,13,17,18,19,20,22,23,24,26,29,33,35,36,39,40,44 "17";
18 10 0 0,4,6,19,23,30,39,41,42,43 "18";
19 12 1 5,13,15,25,30,32 "19";
20 13 1 1,3,4,5,7,9,11,13,14,18,22,30,33,35,37,42,44 "20";
21 18 0 0,1,5,7,15,16,25,28,33,36 "21";
22 29 1 0,1,4,7,13,15,17,18,19,25,29,30,36,39,40,44 "22";
23 23 1 2,7,15,23,28,30,37,42,44 "23";
24 24 1 0,2,3,4,7,9,11,18,22,25,28,29,36,41 "24";
25 29 0 19,26,30 "25";
26 25 1 4,5,7,27,38 "26";
27 5 1 17,18,21,39 "27";
28 2 0 1,3,4,9,11,17,27,29,36,40,44 "28";
29 11 1 0,2,7,15,20,32,37,41 "29";
30 26 1 0,2,3,9,13,15,17,18,19,24,26,28,30,32,35,36,39,42,44 "30";
31 43 1 0,2,5,7,12,13,15,19,23,27,28,31,34,38,42 "31";
32 31 1 9,25,27,38 "32";
33 18 0 3,6,7,8,11,15,18,20,21,23,25,28,36,39,41,42,44 "33";
34 30 1 41,43 "34";
35 15 0 0,3,4,9,11,18,22,27,29,33,40,41,42,44 "35";
36 34 1 5,7,8,10,16,21,24,39,44 "36";
37 40 1 4,6,11,14,16,28,29,43 "37";
38 25 1 0,4,7,14,15,17,20,23,25,28,30,35,37,40,43,44 "38";
39 24 0 34 "39";
40 0 0 1,3,4,6,7,9,11,12,14,16,18,19,26,28,29,33,35,39,41,43 "40";
41 33 0 5,7,10,36,38,43 "41";
42 7 1 0 "42";
43 2 1 1,3,5,7,8,10,11,13,15,17,19,21,23,24,28,31,33,35,37,38,44 "43";
44 18 1 3,9,15,20,21,23,29,38,42 "44";
