parity 72;
0 15 1 0,6,11,17,27,30,42,43,46,47,52,60,62 "0";
1 48 1 0,3,5,12,14,26,37,42,45,59,61 "1";
2 57 1 0,7,9,10,13,15,16,19,21,26,28,29,32,33,36,37,38,40,42,46,48,49,50,52,55,56,61,63,65,66,70,71 "2";
3 35 0 1,6,10,12,14,17,19,20,22,26,27,29,30,32,34,36,42,47,50,54,56,58,59,62,67,70,72 "3";
4 52 0 3,19,22,38,45 "4";
5 3 1 1,3,12,19,23,24,28,35,39,41,44,59,65 "5";
6 55 0 4,5,7,10,12,13,15,17,20,26,29,30,31,33,34,37,38,40,41,42,44,45,47,48,50,53,55,57,59,61,62,66,69,70,72 "6";
7 54 1 0,2,7,13,31,39,44,46,51,56,59,62,67,68,71 "7";
8 53 0 0,2,4,5,8,10,12,13,15,16,21,27,29,34,39,41,44,46,47,49,51,53,57,60,61,63,65,68,69,70 "8";
9 53 0 0,2,3,4,6,7,9,10,16,20,22,27,31,36,41,42,48,50,51,55,56,60,61,63,69 "9";
10 55 1 9,29,49,58 "10";
11 46 1 2,5,13,20,22,24,27,29,33,36,40,49,52,60,63 "11";
12 42 0 0,2,4,6,7,10,11,14,16,17,21,22,24,26,29,30,34,35,37,38,40,41,44,46,48,49,51,56,59,61,65,67,69,71 "12";
13 20 0 7,63 "13";
14 37 1 2,4,5,7,9,11,14,15,16,18,19,21,23,24,26,28,32,34,35,37,39,40,42,44,46,49,50,51,54,55,56,60,61,66,71 "14";
15 16 0 4,5,8,13,14,16,20,22,27,32,35,37,38,42,43,45,46,48,49,53,58,60,61,67,69 "15";
16 68 0 1,3,5,6,9,11,13,14,18,20,23,25,26,29,33,34,44,45,47,50,54,56,59,61,63,65,67,68,71,72 "16";
17 23 0 3,6,9,13,14,15,18,20,24,27,28,29,32,34,35,40,43,46,47,51,52,53,55,57,59,60,62,64,65,67,68,69,72 "17";
18 1 1 0,9,10,16,22,27,30,32,35,36,38,40,41,43,45,51,54,56,62,63,68,70,72 "18";
19 12 0 0,3,7,8,10,12,15,16,19,21,25,29,30,33,35,37,38,41,44,46,47,48,50,54,56,57,58,60,61,65,68,72 "19";
20 11 1 0,1,12,15,17,19,31,36,39,44,50,57,58,60 "20";
21 59 0 56 "21";
22 50 1 0,3,4,7,8,9,12,13,15,17,19,21,24,27,31,33,35,37,39,41,48,52,54,55,57,62,64,65,67,69,71,72 "22";
23 27 1 10,12,15,16,21,23,26,30,36,45,53,61 "23";
24 20 1 4,6,9,18,20,25,33,36,41,43,45,52,53,60,69,71 "24";
25 36 0 1,4,7,12,14,19,21,26,30,31,44,47,49,50,52,53,55,60,61,63,70 "25";
26 43 1 15,17,21,28,29,34,45,59 "26";
27 5 0 19,23,25,44,49,59 "27";
28 55 0 1,3,8,10,12,19,31,38,42,61,69,71 "28";
29 23 0 1,8,13,16,20,26,28,30,31,35,39,41,47,57,62,63,68,71 "29";
30 66 0 3,4,11,12,13,14,16,18,20,26,27,28,32,34,36,38,41,43,46,49,51,53,54,57,59,61,66,67,69,71 "30";
31 61 0 8,9,11,14,20,22,29,39,42,44,46,49,52,58,59,61,67,68 "31";
32 13 0 1,5,8,16,19,25,29,33,35,38,44,45,47,50,56,58,68,72 "32";
33 33 1 2,5,6,7,10,13,14,17,19,20,21,25,27,29,30,31,34,36,38,40,42,44,46,49,53,54,56,59,61,64,66,67,69,72 "33";
34 65 1 0,1,3,5,7,9,12,15,17,21,22,24,26,27,29,31,33,38,39,41,46,48,51,52,54,55,57,59,60,61,63,65,67,69,72 "34";
35 4 1 8,11,23,34,40,43,48,64,67 "35";
36 56 1 0,1,3,5,6,9,10,15,21,22,24,26,29,32,35,37,38,39,42,44,45,48,49,50,53,56,58,62,64,66,68 "36";
37 13 0 0,2,5,6,7,8,10,12,14,17,19,22,23,27,29,32,34,35,37,38,40,44,47,48,50,52,53,55,57,58,61,63,65,66,68,71,72 "37";
38 73 0 1,6,7,12,21,35,37,43,46,48,53,55,56,64,66,69 "38";
39 34 1 1,4,14,15,18,20,22,24,36,40,51,55,58,61,71 "39";
40 34 1 25,41,65 "40";
41 73 1 0,2,3,8,10,13,15,17,25,33,38,43,46,65,67 "41";
42 36 0 0,3,16,22,25,26,29,30,31,38,40,41,45,46,51,57,62,64,68,70 "42";
43 34 1 2,4,8,12,20,21,24,31,33,36,38,40,45,47,53,57,62,66,70,72 "43";
44 25 1 1,2,5,7,9,10,13,15,18,20,26,31,32,35,36,39,40,41,44,46,49,52,55,58,60,62,63,65,67,68,70,72 "44";
45 42 1 53 "45";
46 52 0 7,10,16,29,30,36,39,45,47,56,58,62,67 "46";
47 62 1 37 "47";
48 30 1 31 "48";
49 70 1 6,8,11,12,16,25,35,40,49,51,57,61,66,70 "49";
50 37 0 15,19,41,44,46,49,50,64,66 "50";
51 9 0 0,4,6,8,11,17,18,20,22,25,29,31,35,39,45,47,50,52,57,61,62,67,72 "51";
52 22 1 1,3,6,9,11,14,15,19,21,24,27,30,31,33,43,47,48,52,54,56,65,68,72 "52";
53 12 0 0,1,2,6,12,21,31,38,40,42,45,51,56,58,60,65 "53";
54 30 1 11,16,21,26,27,31,43,48,52,59,68 "54";
55 57 1 6,9,13,24,29,30,32,36,42,47,62,68,71 "55";
56 15 0 1,2,7,8,11,15,18,25,28,29,30,34,36,37,39,45,50,51,53,55,58,60,61,65,69,71 "56";
57 70 1 0,50 "57";
58 2 0 4,6,11,18,24,32,34,41,51,66 "58";
59 14 1 0,3,7,9,10,14,16,20,22,24,27,30,33,34,35,40,42,44,45,48,49,56,57,60,61,62,64,69 "59";
60 66 1 2,6,7,13,23,37,47,54,57,70 "60";
61 16 0 2,7,12,14,16,23,25,26,27,43,50,52,53,54,56,59,67 "61";
62 10 0 15,21,33,36,39,47,69 "62";
63 49 0 11,19,48,64 "63";
64 26 0 0,2,8,10,11,12,16,20,23,26,29,33,39,42,45,46,48,52,54,56,61,67,71 "64";
65 51 0 18,24 "65";
66 41 0 2,4,6,8,11,13,15,16,17,20,22,23,25,26,29,30,32,33,37,40,42,44,45,47,49,50,52,53,55,57,59,61,64,66,68,70 "66";
67 13 0 1,8,10,17,18,21,26,27,29,32,33,35,40,44,46,49,52,54,57,60,61,64,66,72 "67";
68 46 0 0,8,28,35 "68";
69 4 1 2,4,5,8,9,11,15,16,19,21,22,25,28,31,33,34,36,37,39,40,42,44,45,49,51,52,54,57,59,61,62,63,64,66,68,72 "69";
70 46 1 3,16,19,30,31,50,65 "70";
71 62 0 3,5,23,27,37,49,53,60,68,72 "71";
72 11 0 1,4,6,8,10,15,18,21,23,30,34,35,38,41,42,45,47,57,59,60,63,66,67,70 "72";
