parity 122;
0 69 0 5,11,13,18,27,29,30,35,37,47,52,56,57,61,69,74,75,78,80,82,85,91,96,101,105,113,117,120,122 "0";
1 6 0 2,53,61,72,89,95,109 "1";
2 32 1 0,1,3,5,7,10,11,13,15,16,22,29,30,34,36,39,47,59,61,68,70,72,73,75,76,78,80,85,88,90,111,113,118,119 "2";
3 49 0 0,1,2,4,5,9,12,13,20,21,23,24,27,28,29,30,32,34,36,39,41,42,51,54,55,58,60,68,70,75,77,80,81,84,86,88,89,91,92,94,96,97,99,101,103,105,108,109,111,118,120,122 "3";
4 75 1 1,2,7,11,14,17,19,21,23,25,32,34,38,44,47,50,55,60,62,64,65,66,68,71,73,76,78,80,89,92,93,95,96,97,100,104,108,111,117,118,120,122 "4";
5 82 1 5,11,16,38,55,74,88,92,101 "5";
6 65 1 0,1,2,3,6,8,12,14,17,24,25,27,30,32,34,35,37,42,44,46,48,49,51,52,53,54,56,59,62,64,65,67,70,72,75,76,79,80,81,82,88,90,91,95,99,101,103,106,107,108,110,111,113,115,116,117,119,120 "6";
7 5 1 0,1,3,5,10,11,12,15,16,17,19,22,25,27,30,31,35,40,43,44,46,47,49,50,53,54,55,57,60,65,67,68,71,73,75,76,78,79,82,84,85,87,91,92,94,95,96,98,101,102,104,106,107,109,111,113,114,116,117,118,120,122 "7";
8 35 0 0,4,6,8,21,24,27,31,34,38,39,42,45,51,53,54,58,61,65,69,82,84,86,88,89,98,104,109,112,117,120 "8";
9 29 0 1,3,6,7,9,11,12,14,16,18,20,21,23,24,26,28,30,33,34,37,38,40,42,44,47,48,50,53,61,62,64,70,72,73,76,78,79,81,84,86,91,92,93,96,98,99,104,105,107,109,111,114,118,120,121,122 "9";
10 59 0 10,13,16,25,30,38,42,45,55,64,67,69,79,81,85,88,99,103,105,108,119 "10";
11 56 1 3,17,42,44,53,61,62,70,112,116,119,121 "11";
12 20 0 0,2,3,6,10,12,14,16,18,20,23,27,32,34,36,38,39,40,48,50,52,55,58,65,67,69,71,73,75,76,78,80,82,86,91,92,94,95,96,98,99,100,101,103,104,106,108,111,113,114,116,118,119,120,121 "12";
13 96 0 1,2,3,5,7,8,9,11,12,15,18,20,25,26,27,28,31,33,35,40,43,45,46,48,50,51,52,58,60,67,69,72,74,76,78,79,80,82,84,85,87,90,91,97,99,100,106,108,112,115,118,119,120,121 "13";
14 45 0 8,17,28,37,46,70,72,86,91,106 "14";
15 15 0 0,1,6,8,11,12,15,16,18,19,20,21,23,25,27,29,32,34,38,45,49,50,53,60,61,63,64,68,70,73,74,78,79,83,85,88,91,92,93,94,98,99,103,106,108,112,114,115,116,118,120,122 "15";
16 101 0 0,3,6,8,9,11,12,18,21,25,26,28,30,32,33,35,39,43,44,46,47,49,50,54,55,56,58,61,63,65,67,69,71,73,75,77,79,80,84,86,88,92,93,99,100,101,103,105,108,110,115,117,119,120 "16";
17 47 0 9,16 "17";
18 30 0 0,1,2,4,6,7,9,11,13,15,16,20,24,26,30,31,33,34,37,38,41,43,46,50,55,58,60,62,63,65,67,69,73,76,77,78,82,86,89,90,91,94,96,97,99,100,101,108,110,112,113,115,120,122 "18";
19 67 1 11,20,44,50,58,70,73,88,93,97,102,112,114,117,119,121 "19";
20 26 1 13,62 "20";
21 77 0 1,5,9,13,29,40,42,47,49,51,55,60,69,75,80,92,95,99,101,104,112,118 "21";
22 84 0 8,12,13,16,18,19,22,25,31,33,34,40,44,45,47,49,54,70,72,74,76,77,79,80,89,90,92,93,96,98,101,102,105,107,108,115 "22";
23 58 0 0,6,7,10,11,12,16,17,22,23,31,34,36,37,41,43,44,47,50,53,55,58,59,61,63,64,66,68,70,71,74,76,77,78,79,81,83,85,86,88,89,94,95,97,98,100,101,102,105,106,107,114,115,116,118,119,121,122 "23";
24 78 1 0,1,3,4,7,8,12,16,18,20,21,22,24,25,29,31,32,36,37,39,40,44,46,49,52,58,61,66,67,68,70,73,76,77,79,82,89,90,91,93,95,98,100,101,104,105,106,109,110,113,114,120,122 "24";
25 103 0 2,4,9,10,16,18,19,22,24,26,28,30,35,37,44,48,50,53,57,60,64,66,68,69,71,72,74,79,83,85,86,87,91,94,99,103,104,105,109,110,113,117,121 "25";
26 14 0 6,15 "26";
27 83 0 2,4,6,7,10,11,12,14,16,18,20,23,26,28,29,31,33,36,39,40,43,45,46,47,49,50,51,55,57,59,60,63,65,67,69,73,75,77,79,83,84,86,90,93,95,96,98,101,102,104,107,108,109,111,113,115,117,119,121,122 "27";
28 66 1 0,2,4,6,9,12,16,18,19,24,27,28,30,31,34,35,43,44,46,48,50,51,54,55,56,58,59,61,65,67,68,69,71,72,74,76,77,81,84,88,91,92,94,95,96,99,100,101,102,105,106,108,109,111,113,116,117,120,122 "28";
29 0 1 7,11,14,15,24,29,35,42,44,53,55,60,69,74,77,80,87,91,95,112 "29";
30 99 1 0,1,3,7,8,13,14,16,17,18,20,23,25,27,28,30,33,34,38,40,42,43,45,51,53,54,56,57,59,62,66,69,71,75,76,78,81,83,85,87,90,92,93,94,97,98,100,104,105,106,110,111,113,114,120 "30";
31 34 1 3,6,8,9,15,17,19,22,24,27,29,31,35,43,47,60,68,70,72,74,84,90,91,97,101,108,110,115,121 "31";
32 66 1 0,4,11,13,24,25,29,31,33,39,42,43,47,49,53,57,61,64,65,67,69,73,76,82,83,85,87,90,92,94,96,98,100,103,109,110,111,115,117,119,120 "32";
33 94 0 1,4,6,11,13,14,17,18,19,20,23,25,27,31,32,33,34,40,42,44,46,48,50,51,52,54,57,58,61,63,66,67,69,70,71,79,81,82,84,85,88,90,93,95,96,97,98,99,101,103,105,108,110,112,114,118,120,121 "33";
34 50 0 5,11,12,15,28,71,72,82,97,104,108,110 "34";
35 21 1 1,4,7,9,11,13,18,22,25,28,32,33,35,41,42,44,50,51,53,54,62,68,70,78,79,83,87,89,97,98,99,101,105,107,109,110,113,115,117 "35";
36 35 0 2,21,25,29,34,36,39,41,43,45,47,52,58,62,63,65,66,68,72,79,81,84,87,88,98,103,109,111,113,120,122 "36";
37 105 1 6,8,9,13,14,15,21,25,33,36,39,40,42,44,49,52,55,56,59,70,73,75,78,81,83,85,87,92,95,98,106,114,118,119,122 "37";
38 109 1 0,3,8,13,17,18,33,35,36,41,42,48,54,58,60,62,65,69,78,82,85,86,93,94,96,97,99,103,107,112,114,115,116,118,120,122 "38";
39 87 0 12,120 "39";
40 48 0 0,2,4,9,10,11,13,17,19,21,23,25,29,31,34,43,49,52,59,62,65,67,71,73,77,83,89,100,102,103,105,114,116,117,118,121 "40";
41 86 0 1,4,7,8,12,14,15,17,21,26,28,31,34,37,40,45,50,51,54,55,58,59,61,64,67,68,70,72,73,74,80,84,86,88,91,96,98,100,101,102,103,111,112,115,118,122 "41";
42 93 1 0,4,5,6,8,10,12,14,16,19,21,24,25,28,29,31,36,37,39,40,43,45,46,48,49,52,55,57,60,62,65,66,68,73,75,78,80,82,83,86,88,92,94,95,97,98,99,103,104,105,107,108,110,111,112,114,117,119,122 "42";
43 1 1 0,9,11,22,23,28,35,65,79,82,106,109,111 "43";
44 38 0 0,1,2,5,10,11,16,22,28,36,37,39,40,43,45,47,50,54,61,63,65,67,69,70,71,75,78,84,86,91,92,94,95,99,101,104,107,111,113,115,118,120,121 "44";
45 75 1 13,24,25,28,42,53,55,58,62,64,70,74,75,78,84,86,87,101,105,108,109,113,115,117 "45";
46 50 1 12,17,34,43,46,51,53,54,97,115,118 "46";
47 76 0 34,36,44,58,62,65,70,93,108,113,115 "47";
48 50 1 6,35,54,69,72,74,85,94,111 "48";
49 69 0 3,6,7,10,16,19,20,21,25,26,27,30,35,38,39,41,43,45,47,51,55,60,62,66,68,77,78,82,83,84,87,88,90,94,103,108,110,111,116 "49";
50 43 0 11,29,30,65,97 "50";
51 114 0 0,3,4,6,8,11,13,15,17,18,19,21,23,25,28,29,32,37,39,40,43,44,47,48,51,53,57,61,63,64,65,68,69,71,72,75,77,82,84,86,88,89,93,97,98,100,102,105,107,109,113,114,120 "51";
52 73 0 23,28,43,46,51,52,61,68,71,74,88,90,96,100,113,117,120,122 "52";
53 38 0 4,5,7,10,11,16,17,20,21,22,24,31,32,33,37,39,41,43,45,47,49,51,54,55,57,60,64,68,71,72,74,79,81,82,83,85,88,89,93,94,95,97,99,101,103,104,107,108,110,112,113,116,117,119,120,121 "53";
54 1 0 1,2,3,5,6,10,15,21,23,31,33,39,40,41,43,44,45,47,48,50,52,57,59,60,64,66,71,73,75,77,81,86,89,90,93,96,98,100,102,105,109,114,116,117,119 "54";
55 113 1 1,2,4,5,7,9,11,12,14,16,18,22,25,28,32,33,38,41,43,45,47,49,51,52,55,57,58,61,64,66,69,71,73,76,77,78,82,83,84,90,92,95,96,98,100,102,103,105,106,107,109,115,117,118,120,121 "55";
56 92 1 0,2,4,6,8,9,10,12,14,17,20,22,23,26,27,29,31,33,35,36,37,38,40,41,43,44,47,49,50,52,54,58,60,62,65,67,69,70,71,73,77,78,80,82,84,85,87,89,93,94,96,98,100,103,106,109,111,114,115,118,121,122 "56";
57 41 0 0,1,2,7,8,9,10,15,18,21,23,25,27,28,31,34,35,38,39,42,43,44,47,48,49,51,54,56,60,63,64,66,67,70,72,75,76,78,81,82,83,85,87,90,91,93,94,95,97,100,101,104,107,110,112,114,115,118,119,122 "57";
58 106 0 0,2,5,7,8,10,14,17,19,22,24,25,27,28,30,31,32,34,40,46,48,51,53,56,58,60,61,64,66,68,71,72,77,79,80,86,87,90,91,95,96,98,102,103,105,109,111,113,115,118,119,121 "58";
59 123 0 5,8,9,11,13,15,16,19,21,28,31,33,35,38,40,46,48,49,53,55,57,60,64,70,76,77,79,80,82,85,88,91,94,96,99,100,111,113,114,118,120,121 "59";
60 59 1 43,89,116 "60";
61 53 0 7,17,21,43,45,56,59,61,72,98,101,105 "61";
62 121 0 1,5,8,22,46,47,59,63,71,75,76,91,108,117,119 "62";
63 60 1 25,26,45,50,61,102,119 "63";
64 102 0 0,2,5,7,8,12,14,16,18,20,24,25,27,29,32,33,34,36,37,39,43,44,46,47,50,53,54,57,62,63,70,72,78,79,80,82,89,93,95,96,98,100,101,103,104,106,108,112,115,116,117,119,120 "64";
65 63 0 0,2,5,18,19,21,23,24,31,33,36,39,40,48,54,56,59,61,63,69,70,73,77,85,94,96,100,104,107,112,116 "65";
66 50 0 2,4,9,15,17,22,24,29,31,36,59,67,69,71,73,74,77,82,83,90,96,107,112,115 "66";
67 14 1 9,18,19,20,24,26,43,46,49,51,54,56,58,66,68,72,74,82,86,87,102,106,108,110,118 "67";
68 90 0 3,7,13,14,16,18,19,27,31,33,39,40,46,53,55,56,58,59,62,65,67,76,78,81,83,86,89,93,99,103,112,114 "68";
69 90 1 5,10,23,32,33,35,39,49,52,54,57,60,67,79,85,87,93,96,102,115,119,120 "69";
70 62 0 2,3,10,17,18,29,30,32,42,60,70,78,84,88,92,94,111,113,120,122 "70";
71 16 0 1,20,58,65,83,92,99,110 "71";
72 4 1 1,4,8,10,11,12,13,18,21,23,28,30,31,33,35,37,40,44,46,48,51,55,58,63,65,69,71,73,76,81,86,94,98,112,115,116,119,121 "72";
73 10 1 0,1,2,5,10,12,16,18,20,21,22,23,28,31,32,34,35,37,40,41,43,45,47,49,54,56,58,60,61,64,67,69,71,74,76,77,79,80,84,85,88,91,92,96,100,102,103,107,109,111,113,116,117,120,122 "73";
74 1 0 2,4,13,17,18,19,21,26,29,37,43,58,63,64,69,71,74,84,87,90,92,95,97,104,105,107,110,111,116,118,122 "74";
75 50 0 0,5,7,12,14,15,17,20,28,33,42,46,47,48,50,55,57,94,96,101,105,111,114,115,120 "75";
76 76 1 13,16,19,33,34,39,44,45,57,59,64,65,67,79,85,100,102,112,121,122 "76";
77 83 0 8,12,18,23,30,41,50,53,57,62,66,69,95,96,99,102,108,110,112,117,121 "77";
78 69 0 0,1,2,7,11,13,14,19,21,26,28,29,32,33,34,38,41,43,45,52,56,58,60,61,63,66,68,70,74,75,76,77,79,80,83,85,87,90,92,93,96,97,101,102,105,107,109,111,113,116,119,122 "78";
79 60 0 0,1,3,5,8,9,12,14,16,17,20,22,23,24,27,29,31,33,34,36,37,39,41,43,44,47,49,50,52,53,55,61,62,66,67,69,70,71,74,75,77,80,81,83,88,89,91,93,96,98,99,100,103,104,106,111,112,116,118,121,122 "79";
80 64 1 0,4,5,6,9,11,12,14,16,20,22,24,25,30,32,33,36,38,39,40,42,43,47,52,53,55,57,58,60,62,64,66,69,71,72,74,77,81,82,83,85,87,89,90,93,96,98,102,104,106,108,109,110,112,113,116,122 "80";
81 68 1 3,6,11,14,16,17,22,26,27,30,36,40,41,46,48,49,51,53,56,57,69,70,71,74,76,79,83,85,88,94,95,98,100,102,106,109,110,114,117,119,122 "81";
82 110 0 3,5,8,10,30,43,60,70,108,113,117,121 "82";
83 71 0 5,14,15,23,30,37,45,47,53,55,63,64,66,68,75,80,82,87,90,96,97,99,108,112,117,118,119,121 "83";
84 35 1 4,12,16,19,22,24,28,30,35,37,39,44,45,51,56,57,67,75,77,83,88,92,95,97,109,112,116,117 "84";
85 64 1 2,4,8,9,11,13,15,16,18,20,23,25,28,29,32,36,37,39,44,49,51,52,54,57,59,60,68,71,73,74,76,78,79,80,82,83,84,86,87,89,90,92,94,97,101,103,107,110,111,115,117,120,122 "85";
86 11 1 4,5,8,9,10,14,18,21,27,34,35,37,40,41,50,52,53,55,58,61,65,67,70,75,78,85,94,97,98,104,105,107,111,117,119 "86";
87 42 0 1,3,6,8,12,14,20,23,25,29,33,34,36,38,44,45,46,52,54,55,60,62,65,66,69,70,72,73,76,77,79,80,85,87,92,95,96,97,102,105,107,109,112,115,117,118 "87";
88 47 0 1,7,14,16,21,24,26,27,28,33,42,45,50,52,57,58,61,63,69,72,75,76,79,84,88,90,98,104,106,108,112,114,116,118,120,122 "88";
89 61 0 0,1,2,4,8,9,10,12,13,15,16,18,19,21,27,29,32,34,37,39,40,42,43,46,47,50,51,53,56,58,60,61,62,68,72,75,76,77,79,82,86,88,90,91,96,98,100,101,103,105,108,111,112,114,116,120,122 "89";
90 7 0 1,2,4,6,8,10,12,13,15,19,20,23,25,26,29,31,33,37,40,42,46,48,50,52,54,56,58,60,61,65,66,67,69,70,72,73,79,81,83,86,88,90,92,93,94,98,99,101,103,104,106,109,113,118,119,120,121,122 "90";
91 35 1 0,2,9,15,17,24,26,31,32,33,39,41,44,47,51,53,58,60,67,68,69,73,75,79,82,83,84,88,89,93,94,96,99,101,106,108,109,112,114,116,118,121 "91";
92 64 0 11,23,28,36,42,85,108 "92";
93 38 1 13,52,67,70 "93";
94 26 1 2,3,5,7,8,10,14,17,20,21,23,25,28,31,32,33,36,37,38,41,42,43,45,46,48,51,54,56,57,63,65,71,73,75,77,80,84,90,92,93,98,100,102,105,108,110,113,114,117,119,121 "94";
95 65 1 0,1,4,6,8,9,11,18,20,25,29,33,38,41,45,47,56,66,68,69,73,76,83,90,97,98,102,108 "95";
96 76 1 8,9,11,13,16,17,21,29,33,44,46,48,49,51,56,59,60,61,63,65,66,67,69,71,74,76,77,79,81,82,85,86,87,91,94,96,99,100,102,103,108,111,122 "96";
97 52 0 4,5,8,9,10,12,15,16,21,25,28,30,33,38,46,48,50,53,60,61,62,68,69,72,75,77,88,90,92,93,96,97,99,100,102,106,108,112,113,121 "97";
98 49 1 4,13,18,24,26,29,31,33,37,39,44,52,54,56,60,61,64,77,82,95,99,101,105,113,116,122 "98";
99 91 0 3,6,14,18,20,24,26,31,34,36,37,38,41,43,46,47,51,53,54,55,57,60,62,64,70,73,76,80,82,83,85,91,96,97,101,103,104,106,108,109,112,118,121,122 "99";
100 51 0 50,85,88,93 "100";
101 94 0 0,2,7,8,9,11,13,14,17,19,21,22,25,26,29,32,35,39,44,45,50,52,54,56,59,61,64,66,68,70,71,72,79,84,85,87,89,92,93,95,96,98,100,102,103,105,114,120 "101";
102 97 1 5,13,22,50,74,80,86,94,99,112,122 "102";
103 120 1 5,10,12,13,14,24,28,30,32,34,43,45,58,64,76,77,82,84,87,100,102,103,109,115,119 "103";
104 46 0 4,7,11,19,25,28,31,34,38,39,43,56,57,61,70,71,73,75,83,90,92,100,106,110,113,116 "104";
105 63 1 1,4,7,9,13,16,34,40,51,55,69,70,72,76,81,83,84,89,93,103,105,115,118,121 "105";
106 59 1 0,5,6,8,10,12,14,15,17,19,21,26,27,29,30,33,40,42,44,47,53,57,59,61,63,65,66,68,72,78,79,86,87,88,91,93,95,97,99,101,103,106,107,109,110,112,114,116,119 "106";
107 67 1 32,44,50,67,80,87,111 "107";
108 23 0 2,4,8,12,14,18,22,24,26,28,30,37,40,41,44,48,50,54,56,64,68,74,78,79,84,87,90,91,94,95,100,106,113,115 "108";
109 32 0 1,4,6,10,19,21,30,31,32,34,36,37,38,40,42,44,46,50,53,57,60,71,74,76,77,79,82,85,86,89,94,98,100,101,104,107,112,115,118,121 "109";
110 22 1 0,4,8,12,13,15,17,21,22,23,25,26,28,29,31,36,38,41,43,44,45,48,51,52,54,55,58,62,65,68,74,75,78,82,83,85,87,90,94,95,99,100,101,104,105,109,117,118,121 "110";
111 89 0 2,8,12,16,20,26,30,40,42,48,50,57,62,65,70,83,86,94,96,110,115,117,120 "111";
112 43 0 16,62 "112";
113 43 0 0,4,5,7,8,9,11,12,13,16,19,20,21,24,25,28,29,31,34,35,37,39,40,41,42,48,49,52,56,57,60,63,64,67,72,74,78,79,81,82,84,88,92,95,97,100,101,106,112,117,121 "113";
114 35 1 1,5,11,18,20,23,25,26,32,33,34,35,38,41,42,44,46,47,49,63,69,75,77,81,83,85,89,90,92,96,97,99,101,104,106,112,117,119,121 "114";
115 112 0 1,2,4,5,8,9,11,13,15,16,18,21,22,24,30,33,36,37,40,45,47,51,54,58,61,64,67,68,72,76,78,82,85,86,88,89,92,94,99,100,102,105,109,113,117,118,120,122 "115";
116 26 1 0,1,4,7,9,11,13,17,19,20,22,26,29,31,36,39,41,45,47,49,50,51,53,55,57,58,61,62,64,65,70,71,72,73,75,78,82,86,87,89,90,91,92,93,95,96,97,98,99,101,103,104,106,107,110,112,118,120,122 "116";
117 38 1 0,2,3,5,8,11,12,13,14,16,17,20,24,25,27,29,30,34,37,38,39,45,49,51,52,54,56,58,63,64,67,72,75,79,82,86,88,89,91,93,95,97,98,100,102,104,105,106,110,113,114,118,119,122 "117";
118 70 1 2,3,5,9,12,13,15,16,20,24,25,27,32,33,36,38,39,40,42,43,44,46,49,50,51,54,56,58,61,69,73,74,77,79,80,90,96,97,101,103,108,109,119 "118";
119 60 1 1,9,12,17,21,32,35,38,46,51,64,85,89,101,114,118,119,122 "119";
120 57 0 0,1,2,6,7,10,11,19,24,31,32,38,45,47,51,53,56,63,68,69,76,79,81,82,87,90,91,92,94,100,105,110,114,118,120,122 "120";
121 50 0 1,2,4,9,11,21,24,26,37,39,46,49,67,70,79,80,89,91,93,94,105,117,119 "121";
122 4 0 6,8,10,13,22,32,33,38,50,52,57,63,66,70,75,80,85,98,112,121 "122";
