parity 113;
0 100 0 6,7,11,13,15,21,25,28,30,33,34,36,38,40,41,44,46,48,49,50,52,53,54,56,59,60,61,65,67,68,69,70,72,73,74,78,80,82,83,86,88,91,93,94,97,101,103,107,110,113 "0";
1 52 0 3,16,22,43,111 "1";
2 105 0 5,6,7,8,11,18,20,21,28,32,34,37,40,41,46,48,50,53,55,57,59,61,63,65,66,68,73,75,78,81,83,86,88,90,92,95,96,99,100,107,110,112 "2";
3 86 0 1,4,8,12,14,15,19,21,26,28,30,32,37,39,42,46,48,53,55,58,61,63,64,65,78,84,88,89,91,93,95,96,100,103,105,107,110,111 "3";
4 110 0 0,9,12,14,17,22,23,26,29,33,38,41,42,46,48,49,53,57,65,67,68,70,71,74,75,79,83,87,88,90,91,93,96,98,99,106,107,110,112 "4";
5 5 1 5,14,25,27,40,48,61,81,108 "5";
6 19 0 5,14,22,29,42,51,54,59,65,67,74,75,80,92,93,99 "6";
7 66 0 0,1,3,5,9,10,13,15,16,18,19,20,22,24,26,33,38,40,42,43,50,51,55,63,65,72,73,74,83,85,89,96,98,100,103,105,107,109 "7";
8 42 0 38,42,55,89 "8";
9 51 1 0,1,2,4,5,8,9,11,12,15,17,20,21,23,24,32,34,36,37,42,43,45,47,49,50,52,53,56,58,61,63,64,67,71,78,80,81,82,86,87,89,90,94,96,100,102,104,105,106,108,110,111,113 "9";
10 62 0 0,29,32,41,45,68,81,108 "10";
11 36 1 0,1,4,9,11,19,23,25,26,31,33,37,42,45,48,51,54,64,66,68,69,74,75,78,82,84,87,89,96,102,105 "11";
12 66 0 0,4,5,7,8,19,25,29,31,35,37,46,59,62,64,67,72,79,80,85,88,92,95,100,108,113 "12";
13 94 0 1,2,4,10,12,14,17,18,21,22,23,24,26,27,31,33,34,37,38,40,43,46,48,50,53,54,56,58,59,61,62,65,68,70,72,75,76,78,81,83,84,87,89,91,92,95,97,98,99,101,103,104,105,108,111,113 "13";
14 2 0 5,10,18,24,40,45,53,60,61,64,82,84,90,95,98,100,101,107,109 "14";
15 99 1 0,9,11,12,17,24,28,44,52,53,57,60,71,74,79,86,90,94,99,113 "15";
16 102 0 88,97 "16";
17 100 0 2,4,20,22,24,31,36,43,45,54,55,60,62,64,67,68,71,74,77,82,91,93,96,97,100,102,112 "17";
18 67 1 3,5,7,13,14,16,18,19,22,28,30,31,32,33,35,36,38,43,45,48,50,52,54,58,59,61,62,64,65,67,70,71,73,74,76,77,79,80,82,85,88,91,93,95,97,98,99,102,103,105,109,110,112 "18";
19 53 0 3,12,21,22,42,44,49,50,55,82,83,89,91,93,94,101,108,110 "19";
20 74 0 6,21,27,41,47,53,59,62,79,81,86,92,99,113 "20";
21 17 0 0,9,14,17,18,38,41,43,46,48,58,61,63,64,66,67,75,78,81,86,88,99,113 "21";
22 91 1 0,4,5,9,11,16,17,18,23,24,25,30,31,33,35,36,38,39,44,46,50,52,54,57,59,60,62,66,72,75,78,80,82,84,86,90,94,96,98,100,104,107,112 "22";
23 17 1 0,3,5,6,7,8,11,12,14,17,18,21,23,24,25,30,33,35,38,42,48,50,51,53,55,58,60,63,64,68,70,72,74,76,77,79,80,86,88,91,93,94,96,98,99,103,105,107,110,111 "23";
24 7 1 0,5,6,11,13,15,16,19,20,25,27,29,30,32,34,35,39,41,44,47,48,50,52,54,60,61,63,67,69,73,76,78,80,82,83,86,87,89,90,93,98,99,101,102,106,109,110,111,113 "24";
25 107 0 6,14,18,22,25,30,35,40,42,54,55,61,64,68,83,85,96,103,109,113 "25";
26 1 0 1,4,5,6,9,10,23,25,27,28,32,35,36,40,44,46,50,51,53,54,56,58,59,60,62,68,70,76,78,82,83,85,87,90,94,95,98,102,104,109 "26";
27 10 0 1,5,7,11,13,20,23,25,30,32,34,37,39,40,41,44,46,51,53,57,58,62,64,67,68,70,73,74,75,77,79,82,83,86,88,91,92,95,97,99,102,103,104,106,108,109,110,112,113 "27";
28 112 0 0,2,4,6,7,10,12,13,14,18,21,23,24,27,30,31,33,37,38,39,42,44,45,47,49,50,52,53,55,56,57,60,61,65,66,70,76,77,82,88,89,91,92,93,95,98,102,104,106,107,111,112 "28";
29 81 0 9,22,29,34,36,39,42,55,63,67,69,81,84,87,88,91,92,98,112 "29";
30 49 1 1,2,4,7,13,16,17,22,25,27,28,30,32,33,35,40,42,44,47,52,57,59,62,65,67,69,71,72,76,77,80,81,87,89,94,95,97,98,100,102,103,107,112 "30";
31 69 1 7,16,26,36,41,43,52,55,66,76,78,85,90,92,94,103,107,108,111 "31";
32 51 1 0,3,5,6,8,10,15,16,18,19,20,23,24,26,28,29,33,37,38,39,41,42,45,47,48,55,56,58,59,60,66,69,72,75,77,78,80,83,84,86,87,89,93,95,96,97,99,101,102,104,105,107,110,113 "32";
33 67 1 3,14,24,34,40,41,51,60,68,69,79,90,100 "33";
34 3 0 0,1,3,11,14,18,32,34,39,41,47,49,51,52,53,54,56,62,70,73,74,75,76,91,94,95,97 "34";
35 41 0 1,2,5,9,11,13,16,18,20,24,28,32,33,35,37,41,43,44,45,48,51,52,54,55,59,60,62,63,65,69,70,72,77,80,83,86,88,92,93,95,97,98,101,102,107,112 "35";
36 30 1 0,2,3,5,8,9,11,15,17,19,21,26,28,34,36,37,40,44,46,51,53,64,65,66,69,70,73,75,79,85,87,88,90,94,99,100,102,105,110,113 "36";
37 94 1 15,16,18,30,32,36,37,38,41,50,51,54,59,62,64,68,70,72,73,78,83,91,105,106 "37";
38 49 0 1,2,5,6,8,9,15,16,19,23,24,31,33,35,36,37,38,42,47,50,55,58,62,65,66,69,77,79,85,86,88,91,97,102,103,108,110 "38";
39 37 1 2,3,4,6,8,10,13,21,24,26,28,31,35,37,38,44,46,56,59,63,65,67,69,70,72,74,75,81,86,88,89,90,93,95,96,98,101,102,107,113 "39";
40 20 1 2,5,8,20,29,44,63,70,83,87,106 "40";
41 36 1 4,9,12,28,30,40,49,75,79,106,111 "41";
42 16 1 2,3,8,11,13,14,15,17,19,22,25,26,31,35,37,46,48,50,51,53,55,57,58,62,64,68,74,78,82,87,89,92,94,99,102,104,106,111,113 "42";
43 51 1 1,5,10,12,16,17,21,22,24,27,29,30,33,35,38,39,44,46,48,50,51,53,54,55,60,62,67,69,71,74,76,77,80,83,86,87,88,92,94,96,97,98,102,103,108,110 "43";
44 95 0 1,9,11,14,16,20,23,25,27,29,32,35,36,39,43,45,46,49,55,56,60,61,63,64,68,76,78,79,85,87,88,92,101,103,106,109,111,112 "44";
45 78 0 0,1,3,5,6,8,11,12,17,19,21,23,25,30,32,34,37,38,40,41,43,46,51,52,53,55,58,60,65,67,68,71,73,75,76,80,83,85,86,88,89,90,93,96,99,102,104,106,107,108,110,112 "45";
46 85 1 0,1,3,5,9,10,12,13,15,16,17,24,25,28,29,30,34,35,37,38,40,43,45,46,47,48,56,57,59,62,63,65,67,68,69,71,73,74,76,79,81,82,86,91,92,93,96,98,100,104,106,107,110,113 "46";
47 68 1 0,6,9,11,21,26,28,30,33,37,41,42,46,50,53,55,56,60,62,71,74,77,80,82,83,87,89,91,94,95,97,98,100,105,107,110,112 "47";
48 15 1 2,18,27,35,45,46,52,56,60,63,64,76,78,81,90,92,96,98,100,103,112 "48";
49 105 0 4,26,29,35,42,44,46,49,51,54,62,77,83,87,88,92,94,105,107 "49";
50 71 0 7,9,10,28,35,40,72,77,87,97,102,103,113 "50";
51 105 1 1,8,28,34,41,44,49,51,59,89,101,108 "51";
52 93 1 10,14,16,19,21,26,28,35,36,38,46,47,51,55,58,68,69,72,76,78,81,88,91,94,103 "52";
53 92 1 0,1,4,9,10,15,17,19,23,25,26,27,30,31,33,35,41,43,44,51,52,56,57,61,64,71,73,76,79,82,86,87,89,91,94,97,101,103,104,107,108,112 "53";
54 86 0 2,6,24,25,29,33,34,40,42,49,53,59,63,66,75,78,83,85,86,88,95,99,104 "54";
55 94 1 19,63,75,77,78,103,105,113 "55";
56 27 0 1,3,4,6,10,11,20,23,27,29,32,35,42,43,45,48,50,56,59,64,65,68,76,77,79,82,84,86,88,98,102,105,106,108 "56";
57 76 0 0,3,7,8,11,13,18,21,23,26,27,41,48,57,59,64,71,73,86,88,89,91,99,100,103,107,109 "57";
58 79 0 13,15,19,23,70,79,96 "58";
59 7 0 2,4,6,19,22,28,30,37,45,52,55,78,94,100,102,106,107,112 "59";
60 76 0 2,4,5,7,10,12,13,15,18,19,21,22,26,28,30,32,34,37,39,42,43,48,53,61,65,66,68,69,74,78,80,82,83,85,87,91,92,94,96,101,103,106,109,111,113 "60";
61 39 1 8,21,28,63,69,88,95,100,109 "61";
62 30 0 8,17,23,24,36,54,63,67,72,74,77,80,83,86 "62";
63 48 0 4,6,7,10,15,17,19,20,26,28,30,31,33,35,38,42,44,45,47,50,52,56,58,60,62,65,67,68,70,72,73,75,77,79,80,84,85,88,90,91,92,93,96,100,101,103,104,107,109,110,111,113 "63";
64 79 1 1,2,7,10,13,15,19,21,29,32,34,38,42,44,59,63,65,66,69,71,74,75,78,84,86,87,91,95,96,101,102,104,110,113 "64";
65 19 1 2,5,17,24,28,31,33,40,52,73,84,86,89,97,98,102,104,107,108,112 "65";
66 73 0 2,4,5,10,13,16,17,18,22,25,26,28,32,34,35,37,43,45,47,51,54,57,60,61,63,65,66,68,69,72,73,76,77,79,81,83,84,86,88,89,93,94,98,100,103,106,111,112,113 "66";
67 2 0 1,5,6,8,10,11,13,14,17,18,20,21,23,25,27,29,31,33,36,37,39,41,46,48,49,51,53,55,56,57,58,60,62,65,67,69,71,74,76,78,79,82,84,86,87,88,94,95,96,100,102,106,111,112,113 "67";
68 71 0 3,6,9,12,16,28,39,42,44,49,50,53,57,59,62,63,64,68,80,84,87,89,91,98,104,105,109 "68";
69 107 1 15,27,35,47,54,62,76,78,88,96 "69";
70 12 1 4,5,6,8,15,19,27,29,31,39,43,46,48,57,62,84,86,98,104,110,113 "70";
71 49 0 8,12,14,30,31,48,72,101,104 "71";
72 43 0 0,2,3,4,6,8,13,14,16,19,23,24,25,27,29,32,34,40,44,45,46,48,51,53,55,57,58,59,60,65,66,69,71,72,74,77,78,79,83,84,85,87,91,93,95,96,98,99,102,103,106,108,111,113 "72";
73 98 0 16,24,25,28,38,58,81,87,106 "73";
74 80 1 4,6,8,9,11,13,16,24,26,29,30,34,36,38,40,41,44,45,52,60,68,69,74,77,80,83,85,86,90,91,92,101,104,108 "74";
75 98 0 0,2,19,21,32,34,47,57,72,79,85,103,110 "75";
76 38 1 1,4,7,12,19,21,23,25,32,33,35,38,41,42,43,48,50,52,54,56,59,62,64,68,69,71,73,75,77,79,82,85,86,87,96,97,102,105,107,113 "76";
77 37 1 0,2,3,4,6,11,13,20,22,24,26,31,33,42,45,50,58,63,73,77,81,88,92,96,105,107,108,111,113 "77";
78 102 1 0,4,5,10,15,19,22,32,33,50,55,57,60,68,72,75,82,86,96,101,103 "78";
79 18 1 4,5,7,8,12,13,18,21,24,25,26,29,35,38,40,43,45,48,50,55,60,62,63,64,66,68,70,71,75,77,82,86,88,90,92,95,96,97,99,101,103,105,107,109,112 "79";
80 103 1 0,1,4,6,11,13,16,22,23,25,30,33,37,38,40,42,45,46,49,50,52,53,54,56,58,60,63,64,65,67,70,74,76,78,80,81,82,84,85,87,88,92,95,100,101,104,109,110 "80";
81 74 0 1,9,11,15,18,20,22,24,25,27,34,36,37,40,44,47,50,52,53,59,64,68,72,74,79,86,89,92,93,96,100,103,104,106,108,109 "81";
82 97 1 0,2,4,7,11,23,26,28,32,33,38,54,59,69,75,77,82,95,99,102,106,107,112 "82";
83 17 1 44,96 "83";
84 49 0 3,5,7,10,14,17,21,25,26,29,33,36,40,45,48,49,51,56,58,61,63,66,70,76,80,83,84,85,86,88,90,93,95,97,98,100,102,103,106,107,108,109 "84";
85 35 1 0,3,6,8,11,12,14,16,17,19,25,29,31,34,35,36,39,41,43,48,49,51,53,56,57,59,64,66,68,69,72,75,76,77,80,83,86,87,91,92,93,95,96,99,100,102,106,108,111,112 "85";
86 103 0 1,2,3,5,7,9,11,13,16,18,23,24,28,30,31,35,36,39,41,44,46,53,55,56,59,60,61,62,64,68,70,71,77,79,80,82,86,87,88,90,92,94,96,98,100,101,103,105,107,109,111,113 "86";
87 97 1 5,10,16,19,21,26,27,32,34,44,48,52,54,62,68,69,70,72,74,79,84,85,88,90,92,96,98,100,113 "87";
88 52 1 0,10,16,30,41,46,48,53,57,62,65,69,74,76,78,83,91,101,108 "88";
89 71 1 3,10,24,26,38,50,52,58,61,63,64,67,70,72,77,79,81,84,88,90,98,104,110 "89";
90 9 0 3,4,6,8,9,13,14,15,17,19,21,26,27,30,34,35,37,38,39,40,42,43,44,49,51,55,58,60,62,63,68,72,74,77,78,82,84,86,89,92,94,95,97,98,99,102,107,111,113 "90";
91 32 1 4,9,18,34,49,64,65,103 "91";
92 76 1 4,5,8,19,20,25,29,37,41,44,46,49,52,60,63,65,67,71,75,82,84,86,93,99,104,110 "92";
93 30 0 0,3,4,14,15,20,23,29,35,37,43,46,48,49,52,56,59,63,65,66,70,75,79,83,86,88,95,97,103,107,111 "93";
94 80 0 0,3,5,10,12,13,15,18,21,27,35,42,47,49,56,61,62,66,70,75,86,92,106,109,113 "94";
95 114 0 10,20,21,47,48,53,59,73,74,85,88,103,107,111 "95";
96 14 1 1,2,7,9,13,14,18,21,26,27,28,30,34,38,40,46,51,53,55,57,59,66,69,71,73,76,77,80,84,85,88,90,92,94,95,96,103,106,109,113 "96";
97 93 0 11,19,22,32,41,54,106,108 "97";
98 101 0 7,16,19,34,36,40,49,63,72,75,107 "98";
99 58 1 16,25,29,67,69,80,84,92 "99";
100 17 0 1,3,4,7,11,13,16,18,21,22,24,26,28,32,33,35,37,39,44,48,51,55,58,62,64,68,70,71,74,76,78,83,84,86,87,93,97,99,104,110,113 "100";
101 66 0 15,25,29,33,39,46,51,57,60,65,66,68,79,87,91,97,102,105,109,112 "101";
102 37 1 23,38,42,63 "102";
103 39 1 0,1,2,4,7,8,13,15,16,19,21,22,23,25,27,29,31,32,33,35,36,39,41,43,45,47,49,50,53,56,57,60,61,64,68,70,72,74,77,78,80,82,83,86,87,93,95,97,99,103,104,106,108,109,110,112,113 "103";
104 107 0 0,1,5,6,7,8,11,13,14,16,24,25,27,30,31,36,39,40,41,43,44,45,47,50,52,56,58,61,64,66,68,72,74,77,78,79,80,82,83,85,88,90,91,96,97,100,103,107,112 "104";
105 99 0 1,3,5,9,13,17,19,20,27,30,33,38,40,46,51,53,59,71,73,76,80,89,92,97,101,106,108,110 "105";
106 98 0 0,1,3,5,6,9,12,14,15,18,19,20,22,25,27,29,30,32,34,36,37,40,42,45,46,47,48,56,57,59,62,64,65,67,68,70,72,74,77,79,83,88,90,92,94,103,104,106,108,109,112 "106";
107 52 0 1,4,7,11,15,23,25,26,28,33,34,36,38,40,41,43,45,48,50,51,54,56,57,64,65,67,71,80,81,82,83,84,88,92,93,95,97,106,108,111 "107";
108 31 1 0,2,4,5,16,18,20,22,24,25,29,31,35,37,39,41,46,49,51,57,62,63,65,66,68,70,76,78,79,84,93,94,96,98,100,102,103,104,109,111 "108";
109 49 1 2,4,9,11,13,17,20,22,23,27,30,33,34,36,38,44,46,49,50,51,53,54,56,58,65,66,68,70,72,74,78,80,83,85,87,89,90,93,97,100,103,107,113 "109";
110 63 0 1,4,11,14,22,27,31,32,37,39,44,48,54,55,57,59,60,66,72,75,80,87,88,92,94,101,102,104,107,110 "110";
111 16 0 1,3,5,9,12,14,20,23,24,32,34,37,38,41,42,43,48,51,54,57,60,61,63,67,69,71,72,75,79,80,82,83,84,85,89,92,96,98,99,102,104 "111";
112 61 1 1,5,11,13,16,18,20,21,22,26,29,32,35,36,39,41,42,44,46,48,49,51,52,53,57,61,62,65,67,68,71,72,73,75,80,82,83,84,85,87,88,91,98,100,104,105,109,111 "112";
113 109 0 0,3,6,11,13,17,19,23,25,27,28,32,35,37,39,41,43,49,51,53,54,57,63,69,71,72,74,85,86,91,99,104,112 "113";
