parity 49;
0 42 0 10,19,26,46 "0";
1 31 1 0,2,4,6,8,10,12,13,14,16,17,19,21,22,23,25,29,32,33,35,39,41,43,44,49 "1";
2 24 0 12,16,17,19,24,42,47 "2";
3 5 0 0,4,7,10,12,13,14,16,18,21,23,26,28,36,41,44,48 "3";
4 0 1 0,1,3,5,9,10,14,17,19,20,22,26,27,29,30,32,34,35,36,38,40,41,45,46,49 "4";
5 47 0 7,9,17,24 "5";
6 1 0 6,10,16,19,20,25,29,30,31,33,34,36,37,40,43,47 "6";
7 42 1 8,10,14,17,21,24,30,41,43,46,49 "7";
8 36 0 38,39 "8";
9 21 0 0,1,10,12,14,16,18,19,20,22,26,30,32,34,38,41,44,45,49 "9";
10 29 0 0,3,6,7,9,10,12,13,16,20,23,25,27,29,31,34,38,42,47 "10";
11 9 1 2,3,5,12,14,16,19,21,24,30,34,36,39,43,49 "11";
12 36 1 0,2,4,7,8,11,13,15,17,20,23,24,25,27,29,32,33,34,37,39,41,43,45,47,49 "12";
13 31 1 0,3,6,10,12,14,16,20,26,30,35,36,44,46 "13";
14 29 1 0,2,5,6,8,10,11,13,14,20,21,24,25,27,28,30,32,33,36,40,41,43,44,48 "14";
15 7 1 27,33 "15";
16 2 0 0,3,5,6,7,12,13,15,17,20,24,27,29,32,34,40,42,44,49 "16";
17 11 0 4,9,13,15,17,18,22,24,28,31,34,37,41,42,47,49 "17";
18 17 1 1,2,4,7,8,16,18,23,25,28,31,33,35,38,43,46 "18";
19 17 1 7,28,31,43,47 "19";
20 21 0 1,10,26,46 "20";
21 48 0 1,3,5,8,20,23,26,27,31,32,35,41,43,47,49 "21";
22 10 1 0,6,7,11,13,18,19,24,26,28,30,37,38,39,45,49 "22";
23 42 1 3,5,6,7,9,12,13,16,18,25,26,27,29,30,32,33,35,37,42,44,45,46,48,49 "23";
24 23 1 4,7,14,16,18,22,24,31,43,47 "24";
25 18 1 8,13,16,19,23,31,45,46,48,49 "25";
26 25 0 6,10,13,16,21,27,29,31,34,42,43,45,47 "26";
27 22 1 0,1,6,11,12,13,15,17,23,28,31,32,35,42,43,46 "27";
28 12 0 0,10,14,22,27,46 "28";
29 26 0 2,4,7,11,12,15,23,28 "29";
30 6 1 0,2,8,10,11,14,16,17,19,20,22,24,25,29,30,32,36,40,42,44,49 "30";
31 37 1 40 "31";
32 28 0 8,10,13,14,17,25,33,41,43,49 "32";
33 37 0 1,5,7,10,14,20,22,27,35 "33";
34 26 0 7,11,15,18,26,34,37,42,45 "34";
35 27 1 1,5,10,16,19,38,40,47,49 "35";
36 23 0 1,6,11,13,14,16,21,29,31,33,35,37,40,41,46 "36";
37 11 0 12,37 "37";
38 7 1 2,4,5,6,8,9,11,12,18,19,21,23,25,27,29,35,37,40,41,43,45,48 "38";
39 17 1 3,5,17,21,22,28,31,38,39,41,44,48 "39";
40 41 0 25 "40";
41 24 1 11,43 "41";
42 0 1 0,1,2,4,6,7,11,15,17,21,23,24,26,28,31,32,36,38,41,43,46,49 "42";
43 39 0 0,1,3,4,8,10,11,13,14,16,19,23,24,30,34,37,38,41,43,44 "43";
44 8 1 0,1,2,4,10,11,15,20,23,24,27,29,31,33,34,36,38,43,45 "44";
45 9 1 0,3,4,6,8,10,15,18,20,22,24,26,34,38,40,47,49 "45";
46 21 1 1,4,7,8,11,12,14,16,20,23,24,27,28,31,34,35,37,38,40,42,43,45,47,48 "46";
47 6 0 2,3,22,30,33,35,38,42,48 "47";
48 28 0 23 "48";
49 27 0 0,2,6,7,9,11,13,15,16,18,20,26,29,34,38,40,42,45,48,49 "49";
