parity 194;
0 67 1 5,23,34,117,130,190 "0";
1 141 1 20,24,40,79,90,100,119,129,173,175,194 "1";
2 131 0 14,32,64,92,127,140 "2";
3 122 1 0,1,4,6,7,8,11,12,15,17,18,20,22,23,26,28,30,31,33,34,36,41,43,48,51,54,56,58,61,63,65,66,68,69,71,74,75,77,79,83,84,86,88,90,91,93,96,97,98,99,100,102,104,108,110,112,114,116,118,119,120,122,123,124,126,127,129,131,133,135,139,140,144,145,147,151,154,156,159,162,164,168,169,172,173,175,176,177,178,180,181,183,184,186,188,191,192,194 "3";
4 47 1 2,3,7,10,12,17,19,20,22,25,28,30,34,35,38,43,46,48,51,55,57,62,64,65,67,70,73,76,77,79,82,83,84,86,90,92,94,97,100,101,103,105,106,108,109,112,114,116,118,122,124,127,129,130,132,133,139,141,142,144,145,148,152,154,155,157,158,162,164,166,168,170,173,175,177,178,180,182,183,184,186,190,192,194 "4";
5 40 0 0,2,4,6,7,10,12,13,15,16,19,20,22,24,27,30,32,34,36,37,39,40,43,45,50,51,52,54,56,59,60,65,67,69,74,80,82,84,85,87,92,94,95,97,101,103,104,107,108,112,114,118,120,123,124,127,129,130,131,133,136,138,139,141,142,144,146,149,150,152,154,156,157,158,161,163,168,171,176,178,180,183,184,185,191,193 "5";
6 53 0 3,9,17,20,35,40,44,50,54,62,63,65,68,70,74,75,77,78,80,81,83,84,87,93,94,97,101,103,105,114,116,118,126,132,135,140,144,148,157,162,169,171,185,187 "6";
7 17 0 0,3,8,9,10,13,21,22,26,33,39,42,47,48,57,64,65,70,76,78,84,86,87,89,90,93,96,99,116,120,122,131,134,135,140,141,143,146,151,153,155,159,160,166,178,184,192,194 "7";
8 59 1 2,3,4,5,9,11,12,14,16,21,22,27,28,30,33,36,38,39,43,44,49,51,52,54,56,58,60,62,65,67,69,70,72,74,81,82,83,88,90,95,96,99,102,106,111,112,114,116,120,124,129,131,134,136,137,139,140,143,145,150,152,153,158,159,166,168,170,174,177,179,182,185,187,188,191,192 "8";
9 113 0 25,27,29,41,50,70,90,115,166,168,174,180 "9";
10 60 0 7,10,14,16,18,22,24,25,30,33,38,47,55,57,59,65,68,74,75,86,104,111,114,117,123,125,138,151,160,164,167,175,186,190,191 "10";
11 157 0 2,6,9,18,30,49,79,80,96,99,107,109,113,134,151,158,165,179,189 "11";
12 176 1 1,6,7,9,10,12,14,16,18,19,20,23,24,25,31,33,36,37,39,41,42,44,46,47,48,52,53,55,57,58,60,62,63,65,66,68,69,70,71,75,77,79,81,84,87,89,91,94,96,98,100,102,103,106,108,110,111,114,116,117,122,126,127,128,130,132,134,136,139,141,143,144,147,149,155,157,158,162,163,166,169,171,172,174,176,178,180,181,184,186,187,188,189,191,193,194 "12";
13 184 1 38,89,92,95,107,149,157,163,164,193 "13";
14 90 0 3,34,48,52,71,90,94,102,111,117,120,122,129,136,143,170,173,175,180,182,191 "14";
15 116 0 1,3,47,51,54,57,66,70,74,78,84,87,91,94,99,121,125,131,137,153,162,181 "15";
16 58 1 2,5,11,16,19,21,25,31,42,44,46,53,58,61,66,71,80,84,98,100,104,108,111,119,125,129,132,134,139,142,152,160,179,184,186,188 "16";
17 127 1 3,14,15,20,22,29,45,48,52,56,58,63,71,73,85,94,99,100,108,110,114,117,126,132,142,160,170,172,174,191,194 "17";
18 153 0 2,4,8,9,11,13,15,20,21,27,37,41,44,46,47,53,61,63,66,73,86,89,91,93,97,98,101,103,105,108,111,113,114,117,119,122,127,131,133,137,139,140,142,143,149,154,166,169,176,179,180,185,186,192,194 "18";
19 62 1 2,6,7,13,38,40,42,47,51,54,76,82,96,103,113,118,120,121,126,133,138,156,161,181,183,188 "19";
20 132 0 6,15,61,147,194 "20";
21 5 0 3,8,15,16,17,20,28,30,34,36,39,50,52,57,61,65,68,70,77,84,89,92,101,104,105,107,108,110,111,112,114,116,117,119,121,123,125,127,134,135,140,142,144,146,147,152,154,157,158,161,164,169,175,180,181,190,191,194 "21";
22 92 1 1,4,8,11,14,18,19,20,23,28,31,33,35,38,40,41,43,45,49,51,52,56,57,58,62,65,72,73,76,78,80,81,83,86,88,89,91,92,93,94,98,101,104,108,110,112,114,117,119,121,127,128,129,133,137,140,141,144,147,149,151,153,154,156,158,160,162,165,168,170,171,172,173,175,177,179,180,181,182,186,189,190,193 "22";
23 56 0 1,2,4,5,7,8,10,12,13,15,18,19,21,22,25,27,28,30,31,33,35,37,40,42,44,46,47,49,50,55,56,57,58,60,61,67,69,73,74,76,79,81,82,84,87,88,90,92,94,96,97,98,101,103,104,109,111,113,114,116,117,118,120,122,124,133,135,137,140,142,143,146,147,149,150,155,157,159,161,163,164,165,167,168,170,171,173,175,176,178,180,181,185,186,188,190,193,194 "23";
24 110 0 5,8,13,15,16,19,22,26,27,30,33,34,35,36,39,40,42,43,49,54,57,59,63,64,65,67,70,72,78,80,82,84,86,87,91,94,95,96,97,101,103,108,109,113,114,117,119,121,122,125,127,129,133,134,137,139,143,146,150,154,158,160,164,166,167,171,175,176,178,181,183,184,189,191,194 "24";
25 190 1 0,19,25,26,38,40,41,44,47,53,55,59,66,69,71,80,82,87,90,108,110,119,125,136,142,149,160,163,164,176,179,187,194 "25";
26 93 0 2,3,5,19,24,31,35,39,49,52,55,56,58,71,79,86,101,103,108,112,127,132,138,141,144,151,157,172,181 "26";
27 184 1 6,9,11,19,24,29,32,40,49,51,59,60,61,65,68,82,89,98,99,105,111,117,123,124,137,142,147,149,150,155,156,161,169,171,178,182,184,186,190,192 "27";
28 6 1 1,2,4,6,8,11,20,21,23,24,26,29,30,32,34,35,39,41,42,50,52,56,57,62,63,67,69,72,74,77,78,79,81,82,83,86,87,88,90,97,99,100,101,104,106,108,110,111,113,114,122,126,128,129,131,133,134,136,140,143,145,147,149,151,154,155,156,158,159,161,166,167,168,169,171,172,177,179,180,183,184,186,188,193,194 "28";
29 12 1 7,120,152,161 "29";
30 21 1 0,1,6,9,10,12,14,15,17,19,22,28,29,30,32,34,35,37,38,39,41,42,44,45,47,48,49,50,51,53,55,57,59,63,64,66,69,71,72,75,77,79,81,83,87,90,92,94,96,97,99,100,101,104,105,108,114,116,118,120,122,123,125,126,129,130,133,142,145,146,148,151,154,155,156,158,160,161,162,164,166,167,170,177,178,183,184,186,190,191,192,194 "30";
31 112 0 2,5,7,8,10,12,14,16,17,18,20,21,23,25,26,28,29,32,33,35,36,40,42,43,48,50,52,53,55,57,58,60,62,65,68,69,71,72,74,75,77,78,80,82,83,87,88,90,93,94,96,99,100,102,104,106,109,111,113,115,116,119,120,122,124,127,129,131,132,134,136,137,139,140,142,144,146,149,152,153,154,159,160,161,163,164,169,171,179,180,182,184,185,189 "31";
32 160 0 0,4,6,10,18,22,25,29,34,36,37,38,43,53,61,64,66,71,84,87,89,90,92,98,116,120,122,132,133,145,147,151,153,155,161,163,173,176,178,181,182,185,188,193 "32";
33 181 0 1,2,3,5,6,8,10,11,14,16,19,21,22,23,24,26,28,30,31,34,40,44,45,46,48,49,52,53,55,56,58,61,64,65,67,68,70,72,75,76,79,80,82,84,87,88,90,93,94,95,96,97,100,102,104,108,113,115,117,119,121,122,124,129,131,132,133,135,136,138,142,143,145,146,149,155,157,162,163,167,170,172,173,175,176,177,179,182,183,184,185,187,190,192,193,194 "33";
34 79 0 1,3,5,6,12,14,15,17,18,21,24,28,30,32,37,38,45,46,50,52,54,55,58,60,64,66,68,70,71,73,75,76,78,81,84,87,89,91,96,98,100,103,104,107,108,109,111,112,113,116,118,120,124,128,129,133,135,136,138,139,141,143,146,147,148,150,151,156,159,161,163,165,167,168,171,174,176,179,180,184,185,188,189,190,192 "34";
35 169 0 1,3,6,7,10,12,14,27,30,32,34,35,40,43,50,55,60,64,67,71,72,74,78,80,82,86,87,94,96,98,102,111,114,128,131,135,141,145,151,154,157,160,166,168,172,173,179,182,184,190,192 "35";
36 119 0 14,19,21,23,30,41,52,54,72,74,77,82,90,103,106,108,114,118,123,133,135,146,160,164,168,193 "36";
37 169 0 12,18,53,71,108,132,145,147,172,176,188,194 "37";
38 151 0 0,1,2,3,5,10,14,16,18,22,25,28,29,30,32,33,36,37,41,44,46,48,52,54,57,58,61,63,65,69,76,77,78,82,86,88,94,101,103,109,110,114,116,121,128,129,132,133,139,140,143,147,149,150,152,159,162,163,167,168,171,174,176,177,179,185,188,190,193 "38";
39 37 1 1,3,5,9,12,16,21,24,25,27,33,37,44,49,56,58,62,64,68,71,79,82,83,84,85,86,89,90,93,94,108,109,112,113,118,120,129,133,137,139,143,144,145,148,150,156,170,171,174,175,179,180,182,186,191,193,194 "39";
40 67 0 17,18,59,103,127,191 "40";
41 134 0 0,6,7,9,11,12,19,25,27,28,31,37,39,42,43,45,46,48,50,52,57,63,66,70,74,77,81,85,89,91,92,97,100,102,105,109,111,114,118,120,121,125,127,130,133,138,141,146,147,151,153,157,160,162,167,170,172,174,182,188,191 "41";
42 23 1 1,8,24,27,98,115,120,132,136,147,182,183 "42";
43 149 0 1,4,5,9,11,14,15,16,22,24,28,29,30,31,32,38,43,44,46,47,50,52,54,56,58,59,61,63,66,67,69,70,75,79,80,82,83,85,87,88,90,93,94,97,98,99,102,103,104,106,107,109,111,113,115,118,121,122,124,126,127,129,130,132,136,139,140,141,142,143,145,148,149,151,152,157,165,167,173,175,176,183,185,186,187,190,193 "43";
44 133 1 0,4,5,6,7,9,16,22,23,25,30,34,36,37,39,41,44,45,46,48,52,54,56,61,63,65,66,68,76,81,82,84,86,89,91,97,99,100,106,109,113,114,119,123,129,133,139,140,142,147,162,163,165,168,169,172,173,176,177,178,184,186,188,190,192,194 "44";
45 160 0 0,2,4,8,10,13,15,18,20,21,23,27,29,32,36,38,44,46,51,52,54,61,62,64,65,68,70,72,74,79,80,82,84,89,90,91,92,94,96,98,100,104,107,109,112,115,117,119,123,127,129,131,133,135,138,140,141,142,148,149,150,153,156,158,165,167,169,171,172,174,178,181,184,187,189,192 "45";
46 170 1 0,6,9,11,16,20,24,26,30,32,33,34,36,39,40,43,46,48,49,50,52,53,60,63,67,68,73,75,76,78,81,86,88,91,93,95,98,99,101,104,106,108,113,115,119,121,122,126,136,139,141,143,144,148,151,153,154,157,160,161,165,169,171,179,183,185,190,193 "46";
47 174 0 0,1,4,6,7,13,15,22,26,35,37,38,42,46,48,51,55,58,63,64,66,67,69,73,81,83,87,89,92,93,104,107,109,112,113,114,117,121,134,135,143,149,156,157,158,161,163,171,177,178,180,182,189,193,194 "47";
48 65 1 1,6,12,16,28,37,41,42,51,68,75,88,94,99,101,108,117,119,124,133,137,141,144,147,153,165,168,170,177,181,182 "48";
49 146 1 0,8,9,11,12,16,23,27,30,34,35,38,42,46,52,64,66,67,74,76,80,85,92,93,94,96,103,112,122,123,124,129,130,133,135,142,145,146,151,160,166,169,172,174,175,178,182,184,191 "49";
50 11 1 0,1,2,3,6,9,11,13,15,17,21,26,28,31,33,34,35,42,43,44,47,48,52,54,57,59,62,63,65,69,70,72,74,76,79,81,83,86,89,90,95,102,103,106,108,109,111,114,118,120,122,125,126,128,129,131,133,134,137,138,139,141,143,144,148,149,151,152,154,155,160,164,166,168,170,173,176,177,178,182,183,185,186,188,192 "50";
51 45 1 0,8,10,15,19,27,34,38,43,62,78,85,104,108,116,129,143,149,151,157,161,176,193 "51";
52 102 0 0,1,3,5,9,12,14,16,19,21,24,28,29,31,35,37,40,42,44,46,47,48,50,53,54,57,60,62,63,65,68,72,73,75,76,80,81,84,85,87,90,91,94,95,97,100,101,102,104,106,107,110,114,115,119,122,123,126,128,131,133,134,138,140,142,143,145,147,149,150,155,158,161,164,165,168,169,172,177,179,181,183,185,187,189,192 "52";
53 159 0 2,34,36,45,58,65,72,79,85,95,100,108,127,129,131,141,147,157,163,171,180,181,184,185,193 "53";
54 136 1 15,64,66,81,108,122,126,144,191 "54";
55 169 1 2,3,8,10,13,18,19,23,26,30,33,34,35,37,38,42,43,45,47,49,51,53,58,59,65,66,68,70,72,74,76,78,80,85,88,91,92,94,100,102,104,105,108,110,112,113,114,117,121,126,128,130,132,133,134,137,139,141,144,146,147,151,153,155,156,161,162,163,165,167,169,174,175,179,180,182,185,187,193 "55";
56 50 0 1,4,6,8,9,12,14,15,24,25,26,28,32,33,35,37,40,43,45,46,48,49,51,53,55,56,57,58,63,67,69,70,73,76,77,79,80,82,85,89,90,92,95,96,100,101,104,107,112,115,117,123,126,128,130,132,134,135,137,139,141,142,146,148,150,151,152,154,156,158,161,163,165,166,167,172,174,178,181,184,190,192,194 "56";
57 154 1 0,1,2,4,8,10,13,15,17,19,21,22,28,31,35,43,46,48,63,65,67,70,74,75,77,79,82,84,87,93,97,99,102,103,113,121,124,128,135,143,144,147,148,151,152,155,157,162,163,168,170,172,174,175,177,181,183,186,190,192,193,194 "57";
58 132 0 55,99,134,157,164 "58";
59 19 0 9,18,35,47,54,57,85,106,109,139,146,170,185,187,191 "59";
60 87 0 16,21,22,33,38,47,49,53,68,70,86,99,103,108,115,120,128,132,144,145,150,167,173,181,191 "60";
61 85 0 0,2,5,6,8,9,12,13,16,17,18,23,24,26,27,28,29,31,33,35,36,38,41,44,46,48,50,52,53,55,57,59,61,62,64,68,70,71,74,78,79,80,81,85,86,88,92,93,96,98,101,104,105,107,109,111,112,114,115,116,118,120,122,123,124,125,131,136,139,140,145,146,148,149,150,154,155,156,157,159,161,163,164,167,168,170,175,177,178,180,184,187,190,192,194 "61";
62 56 1 6,8,51,63,66,100,115,119,132,135,165,178,182,184 "62";
63 186 1 0,14,20,22,24,27,36,40,43,51,56,61,68,94,110,112,132,135,138,140,144,155,159,167,172,174,184,186,191 "63";
64 51 0 0,1,6,28,40,42,51,57,60,66,68,73,76,80,82,92,97,102,119,122,130,139,143,145,149,151,154,156,161,163,165,166,171,176,178,182,189,192,193 "64";
65 75 0 1,10,14,15,17,21,22,27,29,31,32,35,39,41,43,44,46,47,49,51,52,55,63,68,71,74,79,81,84,89,91,94,99,101,106,111,114,116,123,124,126,135,137,138,141,146,148,151,153,154,162,172,176,179,182,185,190,193 "65";
66 170 1 1,3,5,6,8,12,13,15,17,18,20,21,24,30,31,33,36,38,39,41,43,45,46,47,50,52,54,56,57,59,60,63,65,67,69,73,75,77,80,82,85,87,90,91,93,94,96,98,101,105,107,110,114,115,117,118,121,123,124,125,129,131,133,135,137,138,139,142,143,146,147,150,152,154,156,157,160,163,167,173,176,177,179,181,183,184,186,188,190,191,194 "66";
67 7 1 1,3,7,16,20,22,24,28,31,34,35,37,45,47,55,58,60,68,70,71,82,83,86,92,93,95,97,100,101,104,107,109,111,120,122,127,133,137,140,143,145,147,148,154,155,161,166,171,175,176,177,181,185,188,190,192 "67";
68 111 1 2,4,7,8,10,13,17,18,20,22,26,36,38,39,40,43,44,52,53,56,59,61,63,65,67,69,71,72,75,77,81,85,86,91,95,96,99,102,105,110,113,114,115,117,120,122,123,129,131,133,141,142,145,148,149,151,153,154,157,159,161,162,166,168,175,179,180,189,190 "68";
69 42 1 2,7,9,15,20,50,55,67,85,98,99,100,102,146,167,172,180 "69";
70 22 1 2,11,25,30,33,44,51,76,82,85,99,101,111,116,125,127,135,150,158,172,177,187,189,191 "70";
71 183 0 8,11,25,30,32,35,38,39,42,46,50,54,66,69,74,78,83,85,87,94,101,110,113,140,148,150,162,164,165,174,175,178,190 "71";
72 0 1 1,15,20,53,60,71,78,88,95,99,106,108,112,114,118,123,141,152,155,157,169,171,176,180,186 "72";
73 169 1 3,5,9,15,25,31,36,39,42,50,52,53,62,69,76,78,85,88,96,97,99,103,115,117,126,128,129,141,146,156,168,170,179,185,189,194 "73";
74 87 1 2,5,16,20,30,35,38,41,44,57,77,81,84,86,122,125,130,131,155,173,178,192 "74";
75 174 0 1,3,4,9,11,13,14,19,21,22,26,27,28,29,32,33,34,36,37,39,40,41,45,46,49,52,53,54,56,57,58,60,61,63,64,65,68,69,70,71,74,80,83,87,88,90,91,95,98,99,100,102,104,105,107,111,113,115,118,119,120,121,123,126,128,130,132,134,137,139,141,143,144,146,151,153,156,157,158,160,163,164,166,167,169,171,172,174,176,178,182,183,185,186,188,190,192,194 "75";
76 8 0 5,28,35,40,45,51,53,75,78,86,91,103,104,105,131,133,143,146,155,157,183 "76";
77 124 1 0,1,3,4,6,7,9,14,16,18,20,23,25,26,27,29,30,31,36,38,39,41,44,45,49,50,56,59,61,62,64,66,67,69,72,77,78,80,82,87,89,93,101,102,104,105,106,109,110,111,112,115,117,119,124,125,127,129,130,131,137,142,146,150,154,164,166,168,170,173,176,181,183,185,192,194 "77";
78 125 1 9,12,17,21,25,31,34,36,38,45,46,50,59,69,72,74,75,77,84,86,89,95,97,109,113,117,120,122,135,145,147,149,150,157,159,165,168,178,179,181,188,190 "78";
79 120 1 0,4,6,8,9,11,13,15,17,18,20,21,22,24,26,28,29,32,34,36,37,39,40,42,43,47,49,51,52,54,56,57,59,60,62,65,66,68,70,73,77,78,81,84,91,92,94,95,96,98,103,105,106,108,109,113,116,117,118,120,122,123,124,126,127,134,135,137,139,142,144,145,146,150,151,155,156,157,159,160,161,163,169,170,173,175,176,177,183,185,186,188,192,193,194 "79";
80 101 0 2,5,11,16,18,23,29,34,38,53,56,64,69,71,73,90,108,113,115,116,124,128,129,131,133,138,143,151,159,160,163,175,179,184,186,191,192 "80";
81 26 0 1,3,6,7,12,14,15,18,19,23,25,28,30,33,35,40,41,45,46,48,50,52,53,60,62,63,65,66,74,76,79,87,90,91,97,103,105,108,111,113,114,117,123,124,126,128,129,131,135,136,143,146,147,149,152,153,157,159,166,171,173,177,178,179,182,185,190,192,194 "81";
82 50 1 58,102,171,187 "82";
83 1 0 0,3,6,21,28,31,33,35,41,42,46,67,74,83,88,90,94,96,99,108,115,118,122,123,125,131,136,139,141,145,146,155,159,165,174,178,185,187 "83";
84 143 1 3,5,7,10,11,15,17,19,23,26,29,33,35,38,39,41,48,50,53,57,59,60,64,66,68,73,79,85,87,89,92,95,96,98,102,106,114,119,121,125,127,133,137,142,143,145,152,154,157,159,160,162,165,170,172,177,179,181,183,184,186,187,189,190,192 "84";
85 98 0 111,189 "85";
86 143 1 0,1,4,6,10,12,14,16,19,20,21,24,26,28,32,34,40,41,43,44,46,47,48,52,54,55,57,60,62,68,69,71,73,76,78,80,81,85,87,88,89,90,92,94,96,97,99,100,101,105,106,108,110,112,113,115,116,118,120,123,125,128,129,132,133,135,136,138,139,142,146,147,149,152,155,156,160,161,164,167,171,173,175,176,179,180,182,185,186,188,191,193,194 "86";
87 157 1 1,4,7,9,10,13,14,17,20,22,36,42,45,48,58,59,66,70,71,74,75,82,85,86,88,91,95,98,101,102,105,116,118,126,133,135,141,142,144,146,149,152,157,160,162,163,165,175,177,178,185,191,193 "87";
88 168 0 9,20,23,24,37,38,66,67,72,77,85,102,104,118,120,126,128,137,164,166,175,186,191 "88";
89 154 1 1,9,23,27,30,33,35,38,44,51,56,58,63,66,67,71,72,76,82,86,88,92,94,100,102,104,105,107,110,116,117,123,130,135,141,144,145,148,150,152,158,162,166,167,169,176,181,185,190,193 "89";
90 32 0 0,4,6,8,9,11,14,17,18,19,22,24,29,31,34,38,39,40,42,44,46,49,51,52,54,57,58,62,65,67,70,74,76,77,79,84,85,87,91,95,97,102,104,108,110,112,113,116,118,127,131,135,138,139,142,144,145,147,149,152,154,157,166,172,176,177,180,182,185,192 "90";
91 5 0 1,5,11,13,18,19,21,26,28,30,31,41,44,45,47,51,52,54,57,62,65,66,70,71,72,74,75,77,78,80,82,84,86,87,89,90,96,97,100,102,103,105,107,108,110,112,114,121,124,129,131,136,138,140,142,143,146,148,149,152,154,156,157,160,161,163,166,168,170,174,176,177,180,181,182,184,190,192,194 "91";
92 156 1 0,1,6,7,9,15,16,18,21,25,26,27,32,33,35,36,42,43,45,47,57,59,62,66,67,68,75,81,83,87,89,93,94,96,97,100,102,106,110,114,118,126,127,131,134,135,137,139,141,145,148,151,165,166,177,179,184,189,194 "92";
93 185 0 2,3,5,10,11,13,14,17,23,25,30,33,35,37,43,48,50,54,57,59,63,65,70,72,78,81,83,85,98,101,104,109,111,113,118,119,121,123,127,128,134,138,143,145,146,147,149,151,158,166,168,169,174,177,179,181,188,190 "93";
94 48 1 7,13,17,22,32,34,42,47,50,51,61,66,71,78,82,87,89,91,94,99,101,104,105,112,140,141,144,146,151,165,168,171,173,181,186 "94";
95 184 1 20,49,56,67,68,128,187 "95";
96 136 1 1,3,4,7,11,17,19,20,24,26,28,34,45,47,50,62,66,80,84,94,95,96,102,107,108,113,115,118,125,138,140,141,146,151,153,155,158,159,161,163,165,166,169,176,179,184,187,193,194 "96";
97 93 1 5,11,14,21,30,36,40,41,47,53,56,59,68,77,83,84,88,96,100,104,110,117,129,135,137,143,147,148,151,153,156,171,184,187,189 "97";
98 177 0 2,16,24,38,43,50,59,76,80,83,87,102,125,162,180,194 "98";
99 131 1 2,8,9,10,12,13,15,16,18,20,21,22,26,27,30,31,35,37,38,40,43,44,47,48,49,51,54,56,57,58,61,64,65,67,70,73,74,75,77,78,79,83,85,87,88,90,92,96,97,98,101,104,105,107,109,110,111,113,117,118,119,125,126,129,132,133,135,136,138,139,143,147,149,150,152,154,157,159,161,165,167,169,171,172,174,175,177,179,180,182,184,186,187,190,192,193,194 "99";
100 153 1 5,7,9,19,31,38,47,65,75,95,98,103,160,165,167 "100";
101 177 0 0,7,9,14,19,20,24,27,29,30,34,38,43,47,49,57,59,63,66,70,72,74,76,80,87,90,92,94,100,101,106,108,114,117,118,122,125,129,135,138,143,144,151,154,156,160,161,167,170,172,177,183,185,187,188,191,194 "101";
102 102 1 10,33,40,42,73,79,82,85,97,156,172,175,177 "102";
103 190 0 0,1,3,5,7,8,13,15,17,20,22,23,25,27,30,31,33,35,37,38,41,44,46,49,51,52,55,57,61,64,68,69,72,73,75,76,79,82,86,91,92,95,96,98,100,104,107,108,109,111,112,113,117,119,124,125,130,132,138,140,145,148,149,153,155,157,159,160,161,165,168,170,171,172,174,176,178,181,183,185,187,189,190,191,192,194 "103";
104 40 0 5,12,15,21,22,23,25,27,29,32,42,50,52,56,65,67,72,74,81,84,89,97,100,102,107,115,117,119,123,126,127,128,131,137,148,151,158,160,164,167,169,175,176,178,182,188,192,194 "104";
105 66 1 1,60,81,91,105,115,157 "105";
106 108 1 0,2,4,7,8,11,12,13,15,18,20,22,23,24,25,27,28,30,33,35,37,39,40,42,46,50,51,53,54,56,58,60,62,66,68,71,72,74,75,77,78,80,81,83,84,85,88,91,94,95,98,100,102,103,106,109,111,114,116,117,121,122,126,128,129,131,132,134,135,143,144,145,147,149,151,152,154,156,157,160,162,165,167,168,170,172,173,174,175,179,180,183,184,186,187,189,192,193 "106";
107 84 1 2,5,9,11,17,24,27,28,40,53,55,57,65,70,73,75,79,84,87,100,116,119,122,131,136,137,153,155,157,164,167,169,170,178,192 "107";
108 41 0 3,4,7,11,14,16,17,19,20,21,23,25,27,28,31,34,35,38,39,41,42,44,45,46,52,53,55,61,67,68,71,73,76,77,79,80,81,83,84,85,87,88,91,93,97,101,103,104,106,108,109,111,113,116,118,119,121,122,124,128,130,133,134,136,137,144,147,148,149,151,152,154,158,159,160,162,164,166,167,169,173,175,176,179,180,182,185,186,187,188,191,192,193 "108";
109 111 1 1,45,56,71,105,109,110,123,128,136,143,155,181 "109";
110 62 0 0,3,4,6,8,11,12,13,15,18,20,23,24,26,28,29,32,34,36,38,41,42,44,51,52,54,58,60,62,64,66,69,70,72,74,80,81,83,87,89,91,93,95,96,97,99,102,103,105,107,111,112,114,115,116,119,120,121,122,123,124,126,128,130,133,136,138,141,144,146,148,150,151,152,154,155,157,160,162,163,164,166,167,169,170,173,175,179,182,184,189,191,192,194 "110";
111 133 1 100,157 "111";
112 141 1 0,12,24,26,30,32,34,36,40,42,49,56,58,64,66,67,71,77,88,92,104,109,113,119,122,123,126,128,131,135,140,143,153,156,167,168,174,179,182,186,191,192,194 "112";
113 66 1 0,6,30,53,69,76,78,87,92,129,132,139,140,158,182 "113";
114 50 0 0,34,41,44,62,68,77,95,127,138,149,159,162,165 "114";
115 134 1 1,2,7,10,11,15,22,24,26,31,33,34,35,37,40,43,46,51,57,62,75,77,78,85,86,89,94,96,102,103,104,108,112,113,115,119,120,122,125,126,128,130,135,138,142,145,149,153,155,158,160,164,167,169,175,176,182,187,188,194 "115";
116 165 0 6,11,16,22,25,37,47,48,52,56,64,74,78,81,85,88,89,92,97,104,114,115,119,127,135,147,151,156,159,163,169,172,176,178,182,183,186,187,188,191,194 "116";
117 183 0 24,37,52,56,59,61,67,74,80,88,101,103,115,118,124,127,128,133,153,160,170,173,181 "117";
118 16 0 0,1,2,5,7,11,12,14,15,18,20,21,23,25,28,32,38,40,42,47,49,51,53,55,57,58,64,66,72,76,83,84,87,88,91,97,99,101,103,106,111,113,117,120,123,136,137,141,145,146,148,150,163,165,167,168,170,172,179,181,183,189,190,192,193 "118";
119 15 1 5,9,11,33,36,39,41,48,51,53,56,59,67,70,79,86,89,94,96,101,107,114,118,123,128,129,144,148,159,161,163,167,168,172,181,185,187,190 "119";
120 194 0 6,7,22,25,29,34,36,50,59,64,76,79,87,99,104,108,114,126,130,133,144,145,151,154,165,166,169,174,176,187,190 "120";
121 58 1 3,6,14,15,38,60,65,72,78,83,88,95,97,109,127,129,130,134,168,175,181,183 "121";
122 103 1 54,70,96,97,106,115,119,126,132,141,165 "122";
123 49 1 1,5,8,17,18,21,23,24,26,27,31,32,33,36,38,39,50,52,53,54,59,61,64,66,69,71,73,75,77,80,81,84,90,92,93,98,100,102,104,105,107,108,113,115,116,118,120,122,124,127,128,133,134,137,138,139,141,143,144,145,148,149,152,153,155,156,160,161,167,172,174,176,179,181,182,184,186,188,190,193 "123";
124 47 1 4,5,7,9,14,16,19,21,24,33,35,40,43,48,50,55,56,61,63,64,66,73,77,80,83,92,95,103,108,111,117,121,123,126,131,132,143,152,154,156,161,164,166,167,173,177,183,186,188,190,194 "124";
125 105 0 1,8,13,25,28,42,44,53,54,58,60,63,65,70,71,74,79,81,82,87,90,92,95,96,100,101,104,109,113,116,120,123,126,127,129,131,133,135,137,145,151,154,157,161,162,164,165,168,171,175,177,181,182,186,191,192,194 "125";
126 104 0 1,3,4,7,10,11,13,15,17,18,20,24,25,28,29,32,34,37,39,41,45,47,49,50,54,55,57,59,61,64,65,67,70,71,73,75,76,78,80,82,84,86,88,90,92,93,94,95,100,104,105,114,115,116,118,120,122,124,127,128,130,132,134,136,137,138,141,144,145,148,153,157,159,162,163,165,167,172,174,176,177,178,180,182,184,185,186,188,190,191,192 "126";
127 134 1 1,4,6,7,9,11,14,23,26,27,32,35,38,40,43,47,51,54,56,59,67,71,72,74,75,76,77,84,85,90,92,96,99,106,110,111,113,115,117,123,125,129,133,136,139,141,142,145,147,148,155,160,162,164,169,171,174,175,179,187,192 "127";
128 135 1 2,9,23,30,39,43,46,49,50,52,62,67,72,75,78,82,86,96,106,111,116,127,130,131,135,137,140,147,162,165,168,170,172,175,181,190,193 "128";
129 8 1 3,5,6,10,17,18,23,24,26,32,41,51,53,56,62,64,66,70,71,72,74,80,83,85,89,90,94,101,104,110,111,112,116,118,119,122,128,131,138,139,140,144,148,150,152,157,158,161,166,169,171,173,175,179,180,181,182,184,188,190 "129";
130 161 0 0,3,11,20,22,27,29,31,33,36,41,51,56,59,61,73,74,82,84,85,89,91,94,103,105,117,121,127,133,139,141,144,153,155,157,161,168,169,176,179,181,183,185,186,190,193 "130";
131 68 1 3,55,114,118,138,154,161,164,167,176 "131";
132 179 0 1,18,19,24,28,49,53,54,56,60,65,74,76,82,89,92,93,103,109,122,140,142,154,161,168,169,173,175,179,183 "132";
133 29 0 2,10,17,21,23,26,30,32,34,35,38,40,42,44,45,46,49,54,59,66,71,73,75,77,83,89,91,92,95,100,103,104,111,122,125,130,132,136,141,142,145,147,152,153,154,160,162,167,171,177,181,184,186,190,193 "133";
134 75 0 7,16,17,21,32,35,37,41,42,49,57,60,68,69,71,74,84,86,92,98,99,100,108,110,117,120,129,130,139,140,144,149,155,159,162,164,175,180,187,190,192,194 "134";
135 116 0 0,2,3,5,9,10,14,16,17,18,19,21,23,30,31,32,36,37,40,42,51,53,54,55,57,61,62,63,65,68,69,73,75,78,80,81,82,85,86,89,90,98,100,103,106,109,110,112,116,120,122,125,126,129,130,132,134,135,137,138,140,143,146,149,151,152,154,158,160,164,165,167,172,179,181,184,186,187,188,192,193 "135";
136 98 0 1,4,5,7,9,12,13,15,18,22,23,25,26,30,32,34,35,36,39,41,42,45,47,49,50,51,53,55,59,60,62,64,66,68,69,71,72,74,75,77,80,82,85,88,92,96,99,105,109,111,112,114,115,116,118,119,122,123,125,126,129,130,131,133,136,138,139,140,142,144,146,148,150,153,156,161,163,164,166,167,169,170,172,175,177,178,179,181,182,183,185,187,188,189,190,193 "136";
137 0 1 1,10,18,24,26,29,32,37,38,40,48,52,57,61,64,65,71,72,76,85,87,92,95,97,101,105,122,127,129,132,133,140,144,146,155,160,162,163,165,166,170,173,174,181,182,184,186,190,192 "137";
138 11 1 5,36,39,41,45,46,48,51,53,61,66,73,76,77,79,81,89,91,100,102,105,117,121,125,128,132,134,135,138,142,159,165,168,173,176,178,180,188,192 "138";
139 174 0 6,7,15,28,35,51,65,94,128,139,157 "139";
140 175 1 0,1,3,6,8,11,12,15,17,18,20,22,28,31,33,35,38,41,43,44,54,56,57,62,63,66,69,76,77,78,80,82,84,87,90,97,108,111,113,117,118,120,125,129,133,134,136,138,139,148,150,153,158,162,168,171,172,176,183,186,187,190,192 "140";
141 37 0 19,84,138 "141";
142 57 0 0,1,3,4,6,8,10,14,15,17,18,20,24,26,28,30,32,34,36,37,42,46,47,49,50,51,53,54,57,64,66,67,73,74,76,77,79,81,86,91,96,99,101,102,105,110,113,118,120,124,128,134,137,144,147,151,156,160,167,168,171,173,175,177,180,183,189,190,192,194 "142";
143 136 1 16,108,142 "143";
144 160 0 111,136 "144";
145 44 0 2,13,18,32,35,38,40,47,62,79,95,104,128,132,135,151,166,172,177,182,188,189 "145";
146 79 0 5,10,11,13,16,19,23,25,29,33,34,36,40,41,46,54,56,57,66,69,72,73,75,77,79,83,85,89,93,94,96,97,99,101,104,107,109,112,120,123,127,131,132,134,137,138,141,143,145,147,148,150,152,154,156,157,159,161,164,165,168,169,171,173,175,176,178,182,185,188,189,191,193 "146";
147 78 0 45,50,53,82,105,139,141,152,169,178,185,192 "147";
148 76 1 1,11,13,15,35,40,45,51,67,72,92,106,111,112,114,125,127,133,143,156,171,179,182,190 "148";
149 54 0 10,12,15,22,27,45,50,67,68,72,77,78,81,88,90,122,130,132,136,140,148,151,158,170,172,174,179 "149";
150 24 1 1,2,4,5,8,9,11,13,17,19,21,23,24,26,27,29,31,34,36,41,42,46,48,52,56,58,60,65,68,70,73,76,79,81,83,89,92,98,99,104,105,106,107,109,113,115,116,117,119,121,123,124,125,128,129,130,135,138,139,141,145,146,148,150,151,154,155,156,159,161,162,164,167,168,170,171,174,176,179,181,183,192,193 "150";
151 51 0 1,3,7,10,12,15,18,23,27,28,33,35,38,40,41,43,44,47,50,54,56,58,67,69,71,73,77,81,82,85,87,89,90,92,94,95,97,101,103,105,106,115,116,119,122,126,130,131,134,137,138,140,142,144,146,149,153,155,156,161,163,165,170,178,179,185,188,191,193 "151";
152 24 1 0,2,4,5,7,8,12,16,17,19,21,23,24,25,27,28,30,32,37,39,40,44,45,46,48,49,57,59,60,62,66,69,70,73,75,77,78,80,82,83,86,87,88,89,91,94,96,98,103,105,108,109,114,115,117,120,122,130,135,138,139,144,148,149,151,154,157,158,161,163,165,167,169,170,171,174,175,176,179,183,185,186,189,191,194 "152";
153 98 0 0,1,3,6,9,12,14,22,33,34,37,39,42,43,46,52,55,57,60,61,63,66,67,70,75,77,81,83,84,89,94,99,101,105,108,113,118,120,121,125,127,129,130,142,144,148,152,156,157,160,163,164,165,178,180,182,185,187,192 "153";
154 22 1 4,6,8,9,11,12,15,18,21,22,26,28,30,34,36,38,41,43,44,47,49,55,57,60,64,66,69,71,77,79,81,83,87,88,91,93,95,99,102,115,116,117,119,124,125,128,129,131,132,135,136,137,139,141,149,151,153,155,156,160,164,165,168,173,176,177,180,183,194 "154";
155 20 1 1,6,9,10,12,16,18,20,22,24,30,32,33,34,35,38,39,40,41,43,45,47,50,51,52,54,55,57,60,62,63,65,68,70,72,74,77,79,80,85,89,91,93,94,96,98,100,107,108,109,112,113,114,116,118,120,121,123,126,128,130,132,133,135,138,140,142,145,146,151,154,156,159,160,162,163,164,165,170,171,174,176,178,182,183,185,188,190,192,194 "155";
156 176 1 1,3,5,6,9,11,12,15,17,23,25,27,30,34,35,36,38,41,43,44,45,47,48,49,53,54,59,64,66,68,71,72,73,74,77,80,81,83,84,87,88,91,93,94,96,97,99,103,106,107,108,110,112,113,115,117,118,120,123,125,126,130,132,133,134,137,140,142,146,149,151,156,157,158,161,163,166,167,169,171,173,175,177,178,180,182,184,188,191,194 "156";
157 57 1 10,33,50,60,62,70,84,90,103,130,132,136,153,162,165 "157";
158 125 1 50,63,69,149,156 "158";
159 73 1 3,12,14,15,18,20,23,28,29,30,34,36,38,39,40,42,46,47,50,51,53,55,56,58,61,62,66,68,70,71,73,75,76,78,80,84,86,87,89,91,92,94,97,98,99,101,104,106,107,110,111,114,115,117,122,125,127,129,130,132,136,137,139,142,144,146,147,148,151,152,157,159,160,162,164,166,174,175,177,179,183,184,186,191,193,194 "159";
160 44 1 0,5,6,9,15,16,20,22,24,26,27,28,37,39,40,43,45,46,48,50,54,59,63,66,69,72,74,80,84,88,90,93,94,100,101,103,104,110,116,117,118,121,126,128,130,141,143,147,150,154,156,161,163,166,170,177,178,189,192 "160";
161 1 0 1,2,4,5,7,10,12,15,17,18,19,22,30,35,37,38,42,44,46,49,53,55,57,59,62,63,65,66,69,74,75,83,85,89,92,94,96,98,101,103,107,108,110,115,116,118,119,121,122,124,127,130,132,136,142,145,147,148,150,152,155,157,159,160,161,163,166,169,170,173,175,176,183,185,186,188,190,192 "161";
162 184 1 2,4,6,8,9,12,17,18,21,24,27,31,34,42,47,51,52,58,59,63,65,68,71,72,74,75,78,80,85,87,88,89,97,99,100,102,104,108,115,117,118,119,120,124,127,131,132,135,139,141,147,148,150,154,159,166,167,171,176,180,182,183,185,186,188,191,193 "162";
163 142 0 8,14,17,21,40,44,48,62,79,111,116,124,129,134,152,154,176 "163";
164 12 1 0,2,4,8,12,14,18,19,20,21,27,29,32,35,40,42,44,45,50,52,55,57,58,60,61,62,64,65,67,69,73,75,78,79,81,87,91,93,98,99,100,103,105,107,110,112,113,114,115,117,120,123,126,129,131,133,135,137,139,140,143,144,147,150,154,156,158,161,165,167,168,169,172,175,178,179,180,182,183,185,187,188,189,192,194 "164";
165 25 1 2,4,7,13,15,17,18,20,21,23,25,26,27,29,30,33,35,38,42,48,53,55,59,61,63,66,70,74,77,82,83,87,89,92,93,96,101,104,105,106,110,112,113,116,117,118,121,127,130,131,133,136,144,145,147,151,153,155,157,158,163,165,167,170,173,175,179,181,185,187,188 "165";
166 3 0 0,3,5,9,16,18,19,21,24,29,34,37,39,43,44,48,50,55,56,57,59,60,61,63,66,76,84,85,86,91,93,99,101,104,108,118,119,124,130,132,134,140,144,149,153,155,156,157,161,165,169,175,176,180,184,187,190,192,194 "166";
167 78 1 3,7,29,40,41,45,48,51,55,75,80,91,110,118,126,127,163,174,176,182,187,188 "167";
168 79 1 6,7,9,10,11,15,18,27,35,37,43,48,49,51,56,61,64,66,68,75,82,85,86,90,92,107,121,123,124,130,133,141,145,146,150,152,155,160,163,165,171,175,176,185 "168";
169 36 0 4,7,13,24,26,35,50,55,67,73,82,83,111,118,133,136,137,162,172,174,184,186 "169";
170 102 1 8,22,24,35,41,43,46,53,62,80,92,93,105,107,119,145,146,152,166,173,175,186,191 "170";
171 161 1 11,14,17,25,29,33,36,46,57,65,70,79,90,93,94,105,113,121,130,132,142,157,161,163,167,169,180,182,186,190 "171";
172 73 0 0,2,3,7,10,14,15,17,27,30,35,36,37,43,46,51,56,57,58,62,65,66,69,70,72,76,77,78,80,88,89,94,96,98,99,101,104,108,109,112,120,121,122,124,128,130,132,134,141,144,148,149,151,153,156,157,159,162,164,167,171,175,176,180,181,183,186,189,190,191,192,194 "172";
173 13 0 3,6,8,10,17,25,27,29,31,36,47,50,55,58,65,76,77,89,92,101,105,106,109,112,113,116,123,125,132,137,142,144,150,156,158,160,162,166,171,179,181,186,188 "173";
174 140 1 2,3,5,9,11,12,16,20,21,22,23,25,34,38,39,41,45,49,57,59,60,63,68,73,74,77,79,81,84,87,88,90,94,98,100,101,105,106,107,113,114,116,118,124,125,127,129,133,139,142,143,150,154,156,166,167,169,171,172,175,178,180,184,187,189,190 "174";
175 4 0 2,3,6,7,10,12,15,16,18,21,24,27,30,31,34,37,38,42,43,46,48,53,54,57,62,67,69,71,72,75,82,86,88,91,93,97,99,101,103,107,108,111,117,118,121,122,128,131,132,135,137,141,145,147,149,152,154,156,157,161,164,166,168,171,175,177,181,186,188,189,194 "175";
176 90 1 26,36,40,62,65,69,79,82,112,137,141,149,154,167,171,175,180 "176";
177 152 1 1,6,9,11,22,23,27,29,30,35,43,45,50,57,60,69,71,73,76,80,86,96,98,105,107,111,114,115,116,120,121,125,127,129,131,135,143,147,150,153,161,165,175,179,182,184,189,193 "177";
178 6 0 0,1,5,6,7,9,11,14,16,18,20,24,25,27,28,29,30,34,37,38,40,41,43,44,46,50,52,56,60,61,64,65,66,67,70,72,76,78,80,81,83,85,90,92,94,95,98,100,103,104,109,110,111,115,118,119,121,123,125,127,129,131,132,133,135,138,139,141,145,148,149,151,153,154,157,160,161,165,166,168,171,174,175,176,178,179,180,184,189,194 "178";
179 190 1 7,18,24,27,33,35,37,39,46,54,55,66,67,74,77,79,81,88,96,98,99,102,104,106,113,122,127,130,131,143,145,155,158,167,168,170,180,188,190,192 "179";
180 54 0 0,13,22,27,44,47,54,57,63,74,77,80,82,85,94,96,99,101,102,107,113,114,116,121,123,128,129,131,137,144,146,150,154,165,166,185,190,194 "180";
181 91 1 0,1,3,4,8,10,13,15,19,21,25,27,28,29,31,33,37,43,44,46,48,49,54,55,56,58,61,62,64,65,68,70,72,75,76,78,80,83,86,87,88,89,92,94,96,98,99,101,103,105,108,111,113,114,117,119,120,122,125,128,129,132,133,135,137,141,142,144,146,149,150,151,152,156,159,161,163,165,167,170,173,175,176,178,179,180,182,186,190,192,194 "181";
182 68 1 0,3,12,15,23,34,37,45,49,62,67,79,82,87,88,100,102,106,111,123,126,131,132,134,145,153,159,162,165,167,169,170,172,177,185,189 "182";
183 124 1 1,2,5,9,11,15,22,25,26,27,30,32,37,39,43,44,47,48,50,54,55,56,58,59,62,63,65,66,68,70,71,72,73,76,77,78,79,81,82,83,86,88,89,92,94,98,101,103,105,106,107,108,114,115,117,119,120,121,122,125,127,128,130,133,136,137,139,140,143,145,147,148,149,150,154,155,158,160,161,163,165,167,168,170,175,176,178,180,182,185,187,189,190,193 "183";
184 178 1 1,5,9,12,14,19,22,26,32,33,35,38,39,42,47,50,52,54,55,58,59,61,68,73,78,80,81,84,87,88,90,93,95,98,103,105,109,111,114,118,120,126,127,128,132,135,142,143,147,148,152,161,163,167,170,171,177,178,181,182,185,187,190,193,194 "184";
185 32 1 2,12,21,26,29,36,43,57,73,76,78,80,85,116,125,133,138,140,149,168,180,184,186 "185";
186 158 0 0,3,6,9,11,15,18,20,22,25,28,33,34,38,49,51,53,54,56,59,60,62,65,70,71,73,75,76,81,84,87,90,93,96,97,100,101,104,107,109,111,116,118,120,121,125,127,128,132,134,135,137,139,141,145,146,148,149,151,154,156,157,158,160,161,164,165,168,170,171,173,174,175,180,181,189,194 "186";
187 10 1 0,1,10,11,12,15,16,20,23,25,26,27,29,30,32,44,46,47,49,52,55,56,58,60,62,64,67,68,71,74,79,80,84,89,90,93,95,97,101,102,107,109,112,113,115,122,124,126,131,132,135,136,138,142,145,146,151,152,161,165,169,173,177,178,183,185,187,188,189,190 "187";
188 155 0 1,2,3,5,6,8,9,11,14,15,17,19,21,24,26,28,32,35,36,39,42,43,44,47,48,50,51,57,60,62,64,65,67,71,75,77,79,81,84,86,89,91,94,96,101,104,105,107,113,114,120,124,127,130,131,136,139,141,143,144,145,147,150,151,152,154,157,158,162,164,170,173,175,177,179,181,182,185,187,189,193 "188";
189 48 0 0,4,5,8,9,11,12,15,17,19,22,26,27,28,29,33,36,38,42,44,45,52,54,55,60,66,68,70,72,79,81,83,84,92,94,98,99,103,114,115,119,123,126,134,136,139,142,144,145,147,150,153,156,159,166,170,175,176,179,186,187,189 "189";
190 194 0 0,2,6,10,11,12,14,15,17,19,23,24,26,28,29,30,33,36,40,41,43,45,49,51,53,61,63,65,70,72,75,77,81,84,87,90,92,96,98,100,103,105,107,108,111,112,115,119,121,123,124,126,128,131,147,150,151,154,155,157,158,161,164,169,170,172,176,181,184,185,191,194 "190";
191 50 0 5,24,28,30,55,64,66,84,85,132,135,149,154,163,172,177,181,188 "191";
192 137 1 0,2,4,6,8,9,10,12,15,21,23,27,28,29,30,32,35,37,38,41,42,44,46,47,48,50,53,55,57,58,59,63,64,66,70,72,73,75,78,79,82,84,89,90,93,94,95,98,102,104,106,109,112,113,115,116,118,119,121,122,123,125,127,130,131,133,135,136,138,140,142,143,144,145,152,153,155,156,160,161,163,164,165,166,171,173,174,176,179,182,185,187,188,189,191,192,194 "192";
193 10 0 2,8,10,14,16,18,28,29,31,34,37,39,42,43,45,49,52,53,56,59,62,71,74,76,77,81,88,90,94,98,100,103,108,110,111,113,114,116,119,122,124,125,127,129,132,137,140,143,144,146,147,154,156,159,161,164,166,169,173,178,180,188,190 "193";
194 193 1 1,5,7,9,13,16,18,20,22,24,25,29,32,33,36,37,43,50,54,55,57,58,59,62,65,67,68,72,74,77,78,85,89,96,98,99,100,104,106,107,113,117,118,125,126,130,131,133,138,141,143,145,147,148,149,151,156,157,159,162,166,167,169,177,178,183,184,189,190 "194";
