parity 90;
0 84 1 1,3,5,7,10,14,15,18,23,25,26,29,32,34,35,37,39,41,43,47,49,51,52,55,56,58,62,65,68,69,76,78,81,84,86,87,89 "0";
1 56 1 3,13,20,25,35,38,39,46,50,63,77 "1";
2 2 0 0,4,6,7,9,12,13,15,18,19,21,22,27,34,41,45,47,48,51,53,55,57,58,60,62,63,69,71,77,80,83,84,88,90 "2";
3 69 1 3,5,17,25,29,30,34,45 "3";
4 30 0 12,15,21,26,29,31,42,47,52,62,67,71,83,84,87 "4";
5 67 1 2,4,6,8,9,11,13,15,18,20,23,24,26,35,37,40,41,43,45,48,50,53,55,56,64,67,70,72,73,75,77,80,83,87,89,90 "5";
6 78 0 0,6,8,11,14,15,17,19,21,24,28,30,31,32,34,36,38,39,41,43,45,49,52,55,56,58,59,60,61,64,68,70,72,74,76,79,81,84,88 "6";
7 86 1 1,3,7,12,13,23,28,31,37,39,41,43,49,51,52,67 "7";
8 89 1 2,25,30,49,88 "8";
9 89 1 0,6,8,10,11,13,16,18,19,20,23,24,29,30,32,36,38,39,41,42,43,44,45,50,58,65,67,68,72,73,75,77,78,80,83,86,88,89 "9";
10 49 1 1,2,6,9,11,12,16,17,23,25,28,29,32,33,35,37,38,40,42,44,47,50,54,56,59,61,62,63,64,65,67,69,71,73,77,80,81,82,84,85,87,89,90 "10";
11 32 0 1,3,9,11,27,29,32,56,61,69,75,79,85,86,89 "11";
12 71 1 4,10,13,17,25,29,32,35,38,59,61,62,66,70,77,84,85,88 "12";
13 9 0 2,6,7,13,15,19,23,25,27,29,32,33,36,38,42,43,46,49,53,56,59,65,66,70,74,80,82,84,86,87,90 "13";
14 13 1 1,3,5,9,10,13,16,19,20,21,22,24,28,30,33,34,35,36,40,46,56,57,61,63,64,67,69,70,71,73,75,77,81,83,86,87,90 "14";
15 43 0 2,5,10,12,17,20,22,38,46,48,50,52,57,61,63,66,67,70,71,72,73,76,78,82,83,87 "15";
16 49 1 0,3,5,6,8,11,13,15,17,22,23,24,25,27,28,30,32,35,36,38,39,44,46,48,50,53,55,59,60,63,64,65,67,69,71,73,74,75,78,79,81,87,90 "16";
17 63 1 5,8,11,15,19,21,23,25,28,31,35,36,39,44,45,48,51,54,55,56,62,65,71,76,77,79,81,88,89 "17";
18 35 0 1,4,9,10,12,16,18,21,25,27,28,36,38,42,44,48,51,53,55,60,65,72,75,80,81,90 "18";
19 91 0 1,5,6,8,9,13,16,20,26,27,40,44,45,47,49,53,57,65,67,69,71,76,79,81,90 "19";
20 9 1 0,1,3,4,6,9,12,15,17,19,21,23,24,25,26,31,33,35,38,39,43,45,46,54,58,59,61,62,64,66,68,70,73,74,76,78,80,82,83,86,90 "20";
21 31 0 1,8,11,15,16,17,22,23,25,27,29,34,37,38,41,45,48,51,52,54,57,61,62,64,65,69,71,78,81,84,89 "21";
22 14 1 1,3,6,10,11,12,22,24,28,30,33,39,41,48,68,78,79,85,87,88,90 "22";
23 22 0 23,63,69,74,85,88 "23";
24 41 1 4,7,18,19,20,32,38,42,46,50,54,58,63,66,68,70,72,81,87 "24";
25 27 1 2,3,5,6,7,12,15,17,22,24,25,27,30,35,37,39,41,43,49,51,52,54,55,65,67,70,72,74,77,79,83,84 "25";
26 8 0 9,19,21,28,39,41,47,52,53,62,66,75,89 "26";
27 22 1 3,4,7,8,11,12,15,17,18,20,21,23,24,26,27,30,32,34,35,36,38,40,41,43,47,49,53,54,56,57,59,61,64,68,71,74,76,78,79,80,85,88,90 "27";
28 23 0 0,2,9,36,38,47,50,56,59,66,73,82 "28";
29 62 0 2,6,24,39,57,69,74,77,82,88,90 "29";
30 54 1 39,40,74 "30";
31 38 0 1,2,3,7,9,11,14,22,24,26,28,30,33,36,41,43,44,46,47,49,59,61,64,68,69,75,76,78,80,81,82,87,89 "31";
32 6 1 0,1,2,3,5,7,8,9,11,13,14,17,18,20,23,30,32,34,37,38,42,44,46,48,50,51,53,55,56,60,61,64,68,69,71,75,76,79,80,82,83,84,86,87,89,90 "32";
33 58 0 10,11,15,18,20,23,25,35,40,42,44,45,48,53,56,59,63,69,74,85,88,90 "33";
34 86 0 7,20,21,27,29,31,33,34,45,52,64,66,68,78,80,89 "34";
35 44 0 1,16,19,29,35,50,55,62,65,79,89,90 "35";
36 62 1 5,8,11,17,20,26,37,39,41,44,48,51,52,55,56,61,65,67,72,74,75,79,84,85,90 "36";
37 28 1 0,2,3,4,6,7,8,12,14,16,18,19,22,24,25,27,32,37,38,40,42,45,46,47,49,50,52,53,56,59,61,62,64,65,67,68,70,72,73,76,77,81,82,84,85,88 "37";
38 1 1 0,1,3,4,5,7,9,11,12,14,16,19,20,22,24,25,26,30,32,34,36,39,40,42,44,46,50,53,58,60,63,64,66,68,73,74,78,79,81,84,85,86,88 "38";
39 89 0 4,24,30,32,46,55,68,71,81 "39";
40 32 1 1,6,7,10,14,17,20,23,24,28,29,32,37,38,40,43,45,48,52,53,54,57,58,61,64,65,69,71,74,75,77,78,82,83,85,88,89 "40";
41 34 0 0,1,3,4,5,7,11,13,15,16,18,19,20,22,24,26,30,33,35,39,40,43,48,50,51,55,57,60,62,63,65,66,68,70,71,73,74,75,77,78,82,84,88,90 "41";
42 86 1 1,2,7,10,17,19,20,25,28,31,32,40,41,45,46,49,55,62,65,67,68,69,71,72,74,75,78,80,87,89,90 "42";
43 66 0 3,5,9,13,14,16,19,22,26,27,30,31,34,36,39,40,46,47,49,50,52,53,59,61,64,67,71,73,75,76,82,83,85,87,88 "43";
44 34 1 1,4,10,14,18,22,23,26,27,28,30,33,35,37,40,42,44,50,53,54,56,59,67,69,71,73,78,83,86,89,90 "44";
45 0 1 23,26,32,46,49 "45";
46 81 1 5,23,67 "46";
47 69 0 3,18,24,37,38,40,43,46,48,50,52,70,74,77,79,80,83 "47";
48 87 0 3,5,7,9,11,12,14,16,18,20,21,24,26,28,29,30,32,33,34,35,36,38,40,42,44,45,48,50,53,59,61,62,64,65,66,68,69,71,73,74,76,77,78,83,84,90 "48";
49 69 0 17,27,51,70,73,83 "49";
50 37 0 1,3,11,14,16,18,19,22,23,25,26,28,35,38,39,41,43,45,47,51,52,53,55,57,59,60,64,66,71,78,79,81,83,84,86 "50";
51 56 1 18,22,28,31,33,37,44,63,75 "51";
52 18 1 0,2,5,6,7,10,12,16,19,20,23,24,28,29,31,32,37,39,42,45,48,49,52,54,57,59,60,61,63,66,68,70,72,74,76,78,79,81,83,84,85,87,88,90 "52";
53 89 0 4,6,13,16,18,20,22,23,33,35,37,39,40,44,45,46,48,50,53,62,64,69,70 "53";
54 23 1 4,8,9,17,19,28,36,39,45,61,66,71,75,88,89 "54";
55 91 0 12,14 "55";
56 14 0 17,33,45,48,58,64,69,77,86 "56";
57 76 1 4,33,44,68,73 "57";
58 41 1 2,4,6,10,14,15,16,18,22,23,25,26,30,31,33,35,39,42,44,46,50,52,53,55,61,63,66,67,74,79,81,88,89 "58";
59 35 1 7,17,20,21,25,27,33,34,36,41,47,52,55,60,70,73,75,82,85,90 "59";
60 48 1 5,20,36,52,54,62,69,82,83 "60";
61 40 0 3,4,6,11,18,26,27,28,34,42,50,55,61,65,68,69,74,79,84,88 "61";
62 35 1 1,3,9,10,15,17,21,24,25,26,28,29,35,50,59,61,63,66,74,78,81,84,86 "62";
63 7 1 9 "63";
64 58 1 15,17,34,38,40,42,44,49,51,58,63,67,78,81,83,84,86,89 "64";
65 32 1 3,5,7,12,18,24,27,33,35,40,44,52,55,60,64,73,82,84,87 "65";
66 49 0 0,2,3,5,8,9,14,17,24,26,28,30,32,34,39,41,44,45,48,49,51,53,55,56,58,62,63,70,72,73,75,77,79,81,86 "66";
67 81 1 2,8,14,34,54,74,79,85,89 "67";
68 80 1 3,5,6,8,12,17,18,21,24,26,41,44,48,50,51,66,71,76,81,84,86 "68";
69 74 1 10,11,18,28,34,37,45,55,68,72,75,82,86,90 "69";
70 2 1 3,8,9,11,13,23,26,27,29,34,35,37,39,42,44,45,61,67,76,79,80,82,85,88,90 "70";
71 38 0 1,3,5,10,20,22,25,30,33,35,41,44,46,53,55,63,75,79,81,84 "71";
72 10 1 2,7,10,14,15,22,27,29,30,32,42,43,44,47,53,55,57,61,62,64,70,71,73,79,81,83,85,90 "72";
73 89 1 13,17,21,42,78,81,88 "73";
74 54 0 2,3,4,17,18,23,26,69,73,76 "74";
75 20 1 0,2,5,10,12,16,19,23,25,28,30,33,36,40,42,44,45,50,53,59,61,64,66,68,70,75,76,78,81,82,84,87,90 "75";
76 60 0 0,2,14,19,23,28,33,36,38,44,45,53,56,59,62,63,66,70,72,75,82,83,90 "76";
77 61 0 1,13,18,20,22,24,29,30,36,39,43,47,50,53,63,80,84,86,90 "77";
78 55 0 3,9,14,17,19,22,25,26,33,35,40,41,43,48,49,50,53,55,57,62,63,65,69,71,73,75,81,83,84,85,87,90 "78";
79 21 0 1,4,6,8,10,12,13,16,17,20,21,24,31,32,34,37,41,46,49,50,53,55,56,58,60,64,69,73,76,77,79,80,88 "79";
80 27 0 0,1,4,11,15,18,20,27,28,29,31,33,34,35,36,44,45,46,49,52,53,56,58,60,63,66,67,68,69,71,75,76,78,83,85,87,89,90 "80";
81 64 0 0,1,4,5,8,12,14,18,20,22,23,25,29,31,33,34,36,41,43,45,46,48,49,52,53,55,56,57,64,65,67,70,71,73,77,81,82,86,88 "81";
82 3 0 1,3,28,63,83 "82";
83 39 0 1,3,6,8,10,13,15,16,17,18,19,20,24,26,27,29,32,35,39,42,44,46,48,52,54,56,60,62,69,73,74,77,81,83,84,87,89 "83";
84 1 1 0,1,3,6,10,16,18,21,25,31,35,38,40,42,45,49,52,54,57,59,60,64,68,74,79,90 "84";
85 22 0 13,27,36,54,72,78,85,89 "85";
86 78 1 0,1,2,6,9,12,17,22,24,27,30,34,36,41,45,49,50,52,54,55,58,59,62,63,65,67,69,71,73,75,77,79,80,89 "86";
87 59 0 47 "87";
88 17 1 0,9,12,17,18,23,27,43,50,51,52,63,75,81,84,89 "88";
89 61 1 0,7,19,26,61,66,83,86 "89";
90 11 1 0,11,16,19,41,42,50,57,60,62,64,67,72,77,81,83,88 "90";
