parity 181;
0 18 1 0,2,4,6,9,10,13,14,23,24,26,28,30,31,33,34,35,40,43,44,46,49,53,54,58,67,68,77,78,80,81,83,84,86,90,94,95,105,106,107,111,119,120,123,125,128,129,135,137,139,141,142,143,145,147,150,152,155,159,161,166,167,175,177,180 "0";
1 153 0 4,6,9,17,33,40,42,43,51,56,66,72,84,89,109,114,120,124,127,129,135,143,163,170,175 "1";
2 49 1 1,6,8,10,11,22,23,27,30,32,34,35,39,41,46,47,50,55,56,60,61,67,69,70,71,73,75,76,83,86,88,90,93,98,100,105,107,115,120,122,124,131,135,139,142,143,144,148,152,153,158,159,161,164,165,166,167,169,170,175,176,179,180 "2";
3 126 0 2,3,5,6,8,14,15,17,19,20,25,28,30,32,33,34,35,37,38,41,45,46,47,50,54,55,58,60,66,67,70,72,74,76,77,80,81,83,86,90,91,93,96,97,99,114,116,119,121,122,124,126,129,132,133,135,136,139,141,143,144,145,147,151,152,154,159,163,165,167,168,170,173,177,179,180,181 "3";
4 168 1 14,18,27,44,48,49,52,62,65,70,72,74,75,78,88,93,97,98,100,102,103,109,112,114,116,120,124,125,132,140,141,144,148,149,151,157,166,180 "4";
5 94 1 0,3,4,6,8,12,13,14,19,21,22,26,28,30,34,35,41,42,45,51,53,56,58,63,69,70,73,74,75,79,81,91,98,99,103,105,106,108,110,112,115,118,121,122,130,139,144,148,151,153,154,157,158,161,162,170,171,173,178,180 "5";
6 50 1 0,5,8,10,14,15,18,24,25,33,34,35,37,42,47,48,50,52,54,57,60,67,68,70,73,75,76,87,88,91,96,101,103,106,109,111,113,116,122,127,129,130,136,139,142,143,146,150,154,157,159,160,161,163,169,170,174,181 "6";
7 167 0 0,2,4,5,8,11,12,15,17,27,29,31,33,40,41,42,44,47,51,54,57,58,60,61,64,65,66,71,72,75,76,83,87,88,90,92,97,98,100,102,103,106,109,111,116,118,121,124,126,128,130,132,134,138,141,144,146,149,151,154,159,161,163,165,166,168,169,171,176 "7";
8 24 0 4,5,7,11,17,21,26,27,29,37,40,41,43,45,46,47,49,51,55,59,61,64,65,68,69,70,72,74,76,79,80,83,85,89,92,95,99,100,102,107,110,116,118,120,123,124,126,128,130,133,135,137,139,140,144,146,149,151,153,154,157,159,162,164,165,168,169,179 "8";
9 17 0 1,4,9,12,13,18,19,21,23,26,28,30,32,34,35,36,38,40,43,46,48,51,54,56,57,58,60,61,65,67,69,70,73,75,76,77,78,80,84,91,94,98,99,100,103,105,108,109,112,114,121,123,125,127,130,132,134,136,138,139,140,142,145,147,149,151,152,154,158,160,162,164,166,168,169,171,173,175,177,178,180,181 "9";
10 12 1 3,7,14,15,19,22,26,28,34,38,43,47,49,53,54,56,57,65,66,69,77,79,85,87,92,94,101,103,105,106,107,110,119,122,125,129,136,140,142,151,152,154,155,162,163,165,168,173,178 "10";
11 174 1 2,31,36,37,39,56,64,88,102,110,115,150 "11";
12 8 1 5,11,13,17,26,30,39,44,55,62,66,72,75,83,96,109,114,118,140,144,146,151,152,154,161,169,177,178 "12";
13 94 1 7,9,11,15,18,21,23,24,25,26,29,33,36,37,39,41,43,46,47,48,51,52,54,56,57,60,62,65,66,68,70,73,75,79,81,83,84,85,87,89,91,94,96,98,102,104,105,106,108,110,112,116,118,119,120,125,127,129,134,137,140,141,143,144,146,147,152,154,158,160,163,165,166,168,170,172,174,175,177,178,180,181 "13";
14 98 0 0,3,5,6,14,17,23,26,28,30,37,42,45,52,57,60,64,65,73,74,77,80,83,85,87,90,91,93,97,99,100,106,107,110,115,119,122,123,126,130,132,133,135,136,139,142,143,147,154,156,158,161,164,165,173,175,176,181 "14";
15 59 0 2,7,10,13,17,20,22,24,26,28,29,30,32,34,35,39,43,44,48,50,51,54,57,60,62,65,67,70,75,79,87,88,92,93,96,101,102,105,107,108,110,112,114,116,119,124,125,129,131,135,137,138,140,143,145,147,148,152,153,161,163,166,167,170,171,173,174,176,179 "15";
16 59 0 55,122,164 "16";
17 65 0 10,30,32,36,40,49,66,77,117,124,157,171 "17";
18 69 1 2,4,6,8,9,12,14,18,20,22,28,31,33,35,36,38,41,45,49,52,53,64,66,67,70,72,74,77,79,80,82,85,88,91,92,95,96,97,100,108,109,111,113,115,116,119,120,121,123,124,128,130,132,135,136,140,143,145,147,149,151,152,154,160,162,164,166,168,169,170,172,175,177,178,179 "18";
19 107 1 0,2,14,20,22,40,42,49,68,72,80,90,105,109,113,115,125,131,133,135,143,147,149,158,164,167,172,181 "19";
20 122 0 21,40,140,171 "20";
21 116 0 4,8,14,17,19,29,43,46,49,54,57,63,64,71,80,90,99,105,123,133,158,166,173,177,178 "21";
22 4 0 1,7,9,14,28,32,35,40,60,66,68,70,73,82,89,96,103,105,106,108,114,116,119,127,131,135,141,144,152,157,160,162,164,168,174,178 "22";
23 167 1 0,2,4,5,8,11,14,16,17,18,20,24,26,28,29,31,33,39,41,47,49,52,55,61,64,65,67,68,69,75,80,83,86,87,93,103,104,107,108,113,115,117,121,127,128,131,133,137,140,141,144,147,148,157,160,164,165,171,176,177,179,181 "23";
24 113 0 0,1,3,5,6,8,10,13,15,16,21,25,26,27,28,30,31,32,38,41,43,44,46,48,50,51,53,54,55,57,58,61,62,66,67,68,70,72,76,79,83,85,88,89,91,92,93,94,96,98,101,103,104,106,108,109,111,112,114,116,121,123,126,127,131,132,135,136,139,141,143,146,148,151,153,155,156,157,161,163,165,166,169,171,173,175,176,177,179,180,181 "24";
25 114 1 2,5,7,26,37,46,53,62,70,73,83,90,101,113,114,125,126,128,137,140,142,144,151,155,164,166 "25";
26 166 1 2,10,11,15,21,29,35,41,47,53,63,66,73,78,80,84,96,99,103,118,123,125,141,145,157,160,168,173,179 "26";
27 60 1 8,23,24,44,47,54,56,57,60,65,70,71,73,74,76,81,89,96,98,101,103,110,116,138,163,174,175,181 "27";
28 39 1 3,13,152 "28";
29 177 1 64,91 "29";
30 72 1 6,8,11,16,19,21,22,29,31,34,35,41,42,48,49,51,56,58,59,60,61,64,66,73,74,76,78,85,89,91,95,98,100,102,103,106,108,109,111,115,117,120,121,125,127,130,138,147,148,151,153,158,161,162,163,164,169,171,173 "30";
31 98 1 0,4,6,9,15,23,25,31,34,49,55,59,62,64,70,79,81,83,88,117,118,122,124,129,134,135,142,149,151,152,156,161,164,172,173,174 "31";
32 95 0 1,2,5,7,8,10,11,15,16,18,20,23,25,27,28,30,32,34,36,40,42,45,52,58,60,65,66,72,78,79,83,86,88,90,92,94,95,97,98,99,101,106,109,111,113,116,118,126,128,130,134,143,144,146,148,150,151,153,155,158,161,164,165,168,170,174,175,178 "32";
33 99 1 7,9,11,12,15,16,18,19,21,24,25,27,29,32,34,39,44,47,49,53,55,56,58,61,62,64,65,68,71,77,78,79,80,84,87,88,89,91,92,94,96,98,100,101,103,105,110,112,115,119,124,125,128,134,144,146,148,149,152,154,156,157,159,161,162,165,167,170,171,172,175,176,179,181 "33";
34 19 1 12,26,53,58,61,65,68,70,76,81,83,92,98,104,127,129,146,156,163 "34";
35 10 0 13,18,38,49,54,57,68,76,82,86,89,98,100,102,141,147,149,150,162,165,166,170,176,181 "35";
36 133 0 7,9,11,19,26,27,38,39,44,46,49,51,56,64,66,82,84,88,90,93,97,106,117,123,127,135,136,146,162,173,179 "36";
37 151 1 2,5,12,15,18,28,44,47,49,56,60,62,64,66,71,74,79,87,90,101,115,118,123,126,134,137,142,144,148,156,166,176,180 "37";
38 30 1 0,3,5,6,8,11,13,14,16,23,26,32,33,37,38,39,42,44,47,49,51,53,55,56,57,61,66,68,69,74,82,86,88,91,92,94,96,99,103,105,107,108,109,116,117,120,126,129,131,134,137,139,141,146,147,151,157,160,163,164,165,175,178,179 "38";
39 18 0 0,1,2,5,7,8,9,12,14,15,17,18,22,24,26,31,34,36,37,38,43,45,48,50,52,53,54,55,57,59,62,63,65,67,69,71,72,74,75,77,78,79,83,85,88,91,92,94,97,98,101,105,106,107,109,112,114,116,118,119,122,123,127,128,130,137,139,142,144,147,150,152,154,155,157,162,164,169,172,173,175,176,178,180 "39";
40 46 1 0,1,4,5,7,10,11,16,20,22,24,30,32,34,38,39,41,42,45,48,51,58,59,62,63,69,71,73,76,79,83,86,89,91,94,99,102,104,108,110,111,120,124,125,128,131,134,136,139,144,148,150,153,154,156,159,161,163,167,173,178 "40";
41 179 1 2,4,7,9,11,19,23,24,30,31,46,69,74,75,77,86,91,93,94,97,109,112,116,123,125,128,134,137,143,145,147,154,156,160,165,175 "41";
42 0 1 1,2,4,6,9,11,12,14,15,17,18,20,22,23,26,29,31,33,35,38,40,43,46,47,49,52,53,54,56,57,62,64,67,68,70,74,75,76,78,80,83,84,85,87,89,90,92,94,96,98,102,107,109,111,113,115,118,119,121,124,125,126,131,134,137,139,141,147,149,151,153,154,156,160,162,163,165,167,171,172,176,177,179,180,181 "42";
43 53 1 2,3,4,5,7,8,9,11,12,13,15,17,19,20,21,24,25,29,33,34,37,40,42,44,45,46,49,50,52,54,57,58,60,62,63,66,68,70,71,75,77,79,81,85,87,89,91,92,96,97,99,100,103,104,105,107,108,111,113,114,116,118,119,121,125,127,128,130,131,132,134,136,138,139,140,141,150,155,156,157,159,163,167,168,170,173,174,175,177,178 "43";
44 125 0 5,26,67,78,97,99,112,126,151,173,174 "44";
45 76 1 0,1,3,6,9,11,12,17,21,25,29,31,33,37,38,41,48,49,51,54,56,57,62,63,70,71,73,75,76,78,81,84,88,90,94,95,97,98,100,105,107,109,110,112,116,117,119,120,122,123,125,130,132,134,137,141,142,154,156,159,160,164,165,167,168,170,172,174,178,180 "45";
46 33 0 3,7,10,11,13,17,26,28,29,31,38,41,42,44,49,54,56,61,64,67,69,72,73,78,80,87,92,96,100,104,110,113,115,118,119,120,122,133,134,137,139,141,145,148,151,154,156,157,167,171,180,181 "46";
47 7 0 3,7,15,22,26,28,36,47,50,53,57,63,66,72,81,83,90,95,100,102,115,118,123,125,140,156,158,160,167,175,180 "47";
48 106 1 1,6,7,9,11,16,18,28,30,31,33,38,41,43,44,52,57,59,60,62,63,64,68,71,79,81,82,84,87,91,93,94,107,111,113,118,121,123,128,133,137,140,142,143,146,147,148,150,153,154,159,160,165,168,169,171,176,181 "48";
49 102 0 74,105,117 "49";
50 130 1 7,39,41,65,72,98,100,106,123,129,139,159,177 "50";
51 147 1 0,6,9,10,11,17,21,29,34,36,38,41,43,46,52,58,61,63,68,70,72,73,81,84,90,91,93,95,96,100,102,106,109,118,124,126,128,131,135,137,138,140,142,149,154,162,164,166,168,178 "51";
52 17 0 18,26,32,56,60,115,129,132 "52";
53 24 1 1,9,10,15,22,27,30,33,34,36,39,46,61,72,73,79,83,100,101,104,107,111,121,124,127,133,137,141,145,147,150,153,156,180 "53";
54 151 0 9,15,23,70,74,81,93,138 "54";
55 112 0 0,9,13,17,20,22,24,29,32,41,44,45,50,52,54,58,66,68,71,72,88,92,111,115,117,118,119,128,140,143,145,146,152,156,158,161,163,167,170,172,173,175 "55";
56 83 0 1,5,8,9,11,14,17,19,21,23,24,26,28,29,32,35,40,42,44,47,50,56,63,69,72,74,88,91,94,99,102,104,106,116,117,120,124,132,138,139,149,154,159,161,163,173 "56";
57 95 1 2,4,6,8,10,15,18,19,21,23,24,27,29,32,36,37,39,40,41,42,44,45,46,47,48,51,52,54,56,57,60,62,64,65,67,69,71,72,74,77,78,80,82,85,87,89,92,95,99,104,106,108,110,112,114,116,118,120,121,122,124,129,130,137,139,142,144,146,148,152,153,154,157,164,165,168,169,171,172,174,176,180 "57";
58 36 0 4,10,13,20,25,26,28,30,33,35,38,41,42,44,46,48,49,54,57,61,65,66,68,80,84,85,89,95,98,104,106,109,111,112,114,118,125,128,132,134,136,139,140,148,152,160,161,163,166,168,171,180 "58";
59 88 1 5,7,9,12,14,16,18,23,25,34,35,38,48,57,60,65,69,70,72,80,90,95,96,100,106,110,113,115,119,122,125,126,139,144,146,152,153,155,161,168,170,175,179,181 "59";
60 70 1 0,2,3,7,11,13,15,17,24,26,27,29,32,35,41,45,46,47,48,50,53,54,56,59,61,62,65,66,68,71,74,76,78,79,82,85,86,87,89,90,92,100,103,104,107,113,114,116,118,120,121,122,126,128,130,132,135,137,140,141,142,144,148,153,155,157,159,162,163,164,167,168,170,173,176,178,181 "60";
61 28 0 0,4,16,19,21,29,32,37,38,40,41,42,47,48,54,57,66,69,83,87,90,96,100,102,103,107,113,115,118,127,129,131,140,143,150,152,155,160,168,170,178 "61";
62 171 1 0,5,6,7,9,11,13,16,24,28,32,34,40,42,44,46,49,51,52,55,56,58,61,63,66,71,76,79,81,83,86,90,93,95,99,104,107,115,119,122,125,129,132,135,138,141,144,145,148,150,151,153,158,160,161,162,165,169,176,180 "62";
63 29 1 0,2,3,5,7,11,12,13,21,23,24,32,34,37,40,42,52,54,55,57,60,62,69,72,74,76,79,80,82,85,88,91,94,100,102,104,107,109,111,113,115,118,121,124,126,129,130,139,143,144,150,156,158,160,161,165,166,169,171,172,175,177,179 "63";
64 46 1 4,5,8,9,12,21,23,24,25,29,36,38,39,42,43,45,50,53,58,61,66,73,76,77,80,82,85,86,87,91,92,96,97,100,101,102,106,110,113,119,120,124,126,128,131,136,138,140,141,144,146,147,150,152,154,156,157,162,166,172,173,175,177,181 "64";
65 71 0 3,28,30,34,39,44,53,62,72,87,90,93,101,103,111,113,118,142,147,156 "65";
66 7 1 7,8,18,22,33,34,49,65,83,84,88,91,93,97,103,104,109,115,119,120,121,123,126,134,142,148,150,151,153,154,157,163,166,170,174,176,181 "66";
67 173 0 6,18,28,50,66,76,117,130,149,172,177,179 "67";
68 155 1 13,18,32,54,94,102,107,129,133,158,165,167,170 "68";
69 130 1 5,8,14,15,17,18,23,27,28,44,57,59,68,69,74,77,79,82,85,93,96,98,110,119,123,124,126,127,131,133,138,145,149,152,153,155,156,161,162,164,168,171,177,178,180 "69";
70 97 0 4,5,6,7,11,16,17,19,20,22,29,30,32,34,35,36,39,41,42,45,48,50,52,54,55,58,60,62,66,70,71,76,77,81,82,84,85,87,89,91,93,95,97,99,100,101,104,106,108,110,113,114,115,116,118,120,123,125,127,130,132,133,135,137,140,141,144,147,148,149,151,153,154,158,160,163,165,169,172,174,177,178,180 "70";
71 135 1 0,7,11,14,20,21,25,27,29,32,33,35,38,43,44,46,47,48,52,54,56,59,61,65,67,68,70,72,73,82,86,88,90,95,98,103,107,108,110,113,121,126,128,130,133,135,138,140,141,146,148,150,152,159,160,164,166,168,169,179 "71";
72 176 0 27,37,131,156 "72";
73 71 0 1,4,7,16,23,26,29,30,34,35,39,45,47,53,58,60,62,67,69,74,75,77,81,89,93,100,103,105,109,111,121,122,124,126,130,132,136,138,147,149,150,153,156,159,162,165,169,173,176 "73";
74 110 1 1,4,8,10,20,22,23,25,40,44,46,49,52,56,58,61,63,64,68,79,92,96,104,109,116,121,122,125,128,131,134,136,143,151,157,169,180 "74";
75 80 0 1,2,3,4,5,9,10,11,13,19,23,25,27,29,31,34,36,41,44,45,48,50,51,52,55,57,58,61,65,66,68,72,75,77,81,83,85,87,89,91,93,94,96,97,99,100,103,105,107,111,112,114,120,121,122,124,126,128,129,132,135,136,137,140,145,147,150,151,152,153,155,159,163,164,166,167,169,171,172,174,176,178,180,181 "75";
76 34 0 0,1,4,5,7,9,10,12,13,14,16,18,19,21,23,24,26,29,30,34,37,41,44,45,47,48,50,53,56,57,59,61,65,70,72,74,76,77,79,83,84,86,87,89,91,95,97,98,100,101,102,106,108,109,111,112,114,115,116,118,119,120,122,123,126,128,130,132,133,135,136,137,139,141,143,144,145,146,148,150,152,155,156,160,163,165,169,173,175,177,181 "76";
77 66 0 4,6,7,9,11,14,22,23,26,28,30,32,34,37,39,40,44,48,51,56,57,60,64,67,69,71,74,78,80,81,82,84,86,89,91,93,97,98,102,107,108,110,111,112,114,116,118,119,120,125,126,127,128,129,131,135,138,140,142,144,145,147,151,153,155,160,166,170,171,174,177,180 "77";
78 4 1 2,4,5,11,13,23,24,25,26,28,32,34,36,38,40,41,48,53,57,60,63,68,70,75,77,79,80,92,94,97,99,100,101,103,106,107,109,112,113,115,118,120,123,124,125,127,129,135,136,142,143,144,146,148,151,154,156,157,163,165,171,172,175,176,179 "78";
79 82 0 0,6,7,9,11,13,15,16,19,20,26,29,32,34,36,38,40,50,53,54,56,59,62,65,68,70,71,74,76,78,79,82,83,87,89,91,95,100,103,104,106,107,108,110,114,115,117,119,121,125,130,131,133,134,140,141,152,154,156,159,161,163,164,168,170,172,173,176,177,180,181 "79";
80 31 1 17,25,27,41,53,65,73,75,77,83,93,115,119,123,129,147,154,157,159,165,172,177 "80";
81 170 1 6,7,12,18,22,25,29,34,36,41,47,55,65,66,68,75,78,82,91,93,96,101,108,111,116,120,125,127,131,134,136,138,142,145,151,152,161,171,174,175 "81";
82 7 0 1,3,11,12,14,15,17,19,23,25,28,30,32,37,40,42,44,45,47,49,50,52,53,55,60,62,65,67,68,72,74,75,78,82,90,93,94,96,98,100,103,108,109,111,114,116,118,119,121,123,124,125,128,131,132,133,136,139,141,142,145,148,151,152,154,157,158,165,166,169,171,172,174,175 "82";
83 155 1 1,2,3,10,12,16,20,24,28,30,33,34,38,43,45,47,48,50,52,53,56,59,61,62,64,65,67,68,70,71,75,76,78,83,84,85,86,88,89,91,94,95,105,106,108,109,112,114,118,121,124,127,128,130,134,139,141,143,148,151,153,156,157,162,163,165,175,181 "83";
84 83 1 0,5,12,24,26,35,37,39,46,48,50,68,79,80,83,86,97,100,105,126,133,149,151,163,165,180 "84";
85 161 0 0,12,14,16,20,23,25,27,29,31,33,34,35,37,38,41,43,44,47,51,54,56,62,66,68,69,72,74,76,77,79,80,83,90,93,97,98,100,102,103,105,110,114,118,119,122,126,134,136,138,143,144,145,149,156,159,164,170,172,177 "85";
86 71 1 14,20,22,28,39,43,82,86,88,97,112,119,141,147,162 "86";
87 111 1 2,4,6,7,9,10,12,13,14,21,24,28,29,30,31,37,38,39,41,42,44,47,48,52,53,55,61,62,64,66,67,69,72,75,77,78,80,83,85,89,91,93,97,98,100,101,103,105,106,107,109,110,112,117,118,120,122,123,126,130,134,136,139,140,141,143,146,151,152,153,157,158,161,162,165,166,169,170,172,176,178,180 "87";
88 91 0 4,5,6,7,9,11,12,15,16,17,19,20,22,24,25,29,32,37,38,40,43,44,46,52,53,55,61,66,67,68,77,81,82,86,87,89,90,91,94,99,102,107,108,111,114,115,116,120,124,125,130,136,138,141,143,144,145,148,150,152,154,156,161,164,168,170,172,176,181 "88";
89 7 1 3,7,11,18,20,23,24,25,27,32,34,44,45,49,51,56,58,63,69,71,72,73,75,83,86,88,90,93,96,100,101,103,104,107,110,115,120,121,126,129,132,143,146,149,152,159,160,162,166,168,174,176,181 "89";
90 165 0 0,8,13,25,28,33,34,41,45,47,52,54,57,68,76,83,87,90,93,94,105,108,110,119,125,135,142,147,150,157,160,173,180 "90";
91 135 1 7,11,12,17,20,21,31,43,45,72,77,79,83,86,88,90,95,101,104,107,121,131,138,139,140,142,146,147,153,167,172,173,180 "91";
92 173 0 4,7,9,11,14,18,27,42,43,47,49,55,59,62,75,79,84,88,95,99,107,111,113,115,117,122,127,130,136,139,141,148,151,163,166,170,180 "92";
93 103 1 2,5,6,7,10,29,31,33,37,38,40,43,48,53,55,57,62,63,65,67,69,71,75,77,78,80,83,86,91,95,97,106,107,109,115,119,124,132,134,142,145,147,150,160,162,165,166,170,172,179,180,181 "93";
94 111 1 3,5,6,7,10,12,15,16,17,21,23,24,27,29,30,32,35,38,40,42,44,48,51,53,55,62,67,68,69,73,74,76,79,80,83,86,94,97,100,104,111,114,115,117,120,124,130,135,142,144,146,148,152,154,157,159,161,163,164,170,174,176,181 "94";
95 169 0 1,3,7,12,14,18,21,22,24,27,28,30,31,34,36,39,43,45,54,56,57,58,61,63,64,67,68,70,72,74,75,76,79,80,82,84,88,89,91,92,94,96,103,105,107,108,113,114,121,123,126,128,132,133,135,137,138,139,142,147,149,152,155,157,164,165,168,170,172,174,175,177,179,180 "95";
96 156 0 2,7,10,20,24,28,30,32,42,44,49,50,51,54,59,60,66,70,84,87,94,101,107,109,118,125,133,138,153,156,170,173,181 "96";
97 9 1 1,3,17,23,29,33,37,51,52,58,59,61,72,79,83,90,100,113,122,135,152,163,175 "97";
98 160 1 3,6,8,12,18,23,24,29,32,39,41,43,44,50,69,72,78,83,87,89,92,95,96,102,112,113,116,119,120,125,133,134,139,142,145,147,151,153,157,164,172,173,176,177,179 "98";
99 142 1 0,2,5,7,10,15,17,19,20,22,26,28,29,30,31,34,35,36,38,39,44,47,49,50,51,55,56,57,58,60,61,65,66,68,70,71,75,80,82,84,86,87,93,97,99,102,111,112,114,115,119,121,122,124,128,130,132,134,137,141,142,143,145,150,153,154,156,158,160,163,166,169,170,172,175,176,179,181 "99";
100 92 1 21,43,58,69,78,99,120,124,147,159,164,166 "100";
101 125 0 2,15,18,36,89,110,113,127,161 "101";
102 97 0 1,5,7,12,13,14,16,17,19,20,26,29,30,33,36,38,42,44,45,49,50,51,57,58,59,68,72,74,76,81,82,83,85,88,95,97,102,107,108,114,115,126,127,131,132,134,139,141,144,146,149,152,154,156,159,161,166,172,176,178,180 "102";
103 37 1 2,3,4,6,8,10,11,13,16,20,23,24,26,30,31,35,37,39,42,45,48,50,53,54,59,60,62,65,68,69,71,73,76,78,80,83,85,86,87,90,91,92,95,96,101,102,103,104,106,108,109,110,113,116,117,119,121,122,127,129,131,132,135,136,138,140,142,144,145,147,149,153,154,155,157,159,161,163,165,167,170,172,174,178 "103";
104 177 0 25,47,67,68,80,97,102,110,117,125,160 "104";
105 176 0 8,10,12,14,19,20,21,24,25,27,29,33,38,42,47,49,51,54,56,60,62,63,65,66,71,72,80,82,84,87,92,93,94,100,102,106,107,109,110,112,114,116,123,124,126,129,130,132,136,137,140,141,147,153,154,155,157,158,161,163,165,166,167,169,170,172,175,179 "105";
106 35 0 1,23,27,33,52,65,68,73,75,80,81,91,115,118,130,133,159,168,175 "106";
107 42 0 1,2,6,7,10,11,13,16,19,21,22,23,28,33,35,37,39,40,41,44,45,47,48,50,52,53,55,57,58,60,62,65,66,69,70,71,73,75,78,80,82,84,86,89,93,96,98,100,101,102,104,108,109,110,112,114,116,117,120,124,126,128,129,130,135,136,137,138,140,142,144,149,151,152,154,156,159,161,163,165,168,169,172,175,177,180,181 "107";
108 143 1 0,2,5,7,8,10,12,15,17,19,24,25,28,30,32,34,37,44,48,51,53,56,58,60,63,65,66,69,71,72,74,75,77,79,82,86,87,89,91,92,97,98,100,101,104,106,107,110,114,116,119,123,125,127,131,133,134,138,139,140,142,144,149,153,157,159,162,167,168,170,175,177,181 "108";
109 179 0 38,41,55,70,73,77,91,93,105,116,118,129,140,143,147,151,159,169 "109";
110 175 1 11,16,92 "110";
111 6 1 2,4,7,17,29,34,49,55,66,73,77,80,84,86,106,129,132,136,141,147,151,161,167 "111";
112 102 1 4,8,13,17,19,23,24,25,30,34,37,42,43,45,46,49,67,72,76,78,81,83,85,86,90,91,92,94,98,102,106,107,108,110,118,121,123,126,135,136,140,143,144,146,149,153,155,157,160,163,165,170,173,178,181 "112";
113 22 0 0,4,9,11,12,14,15,18,20,22,24,25,27,29,31,32,33,36,38,39,44,46,49,51,52,60,61,63,65,66,71,74,75,77,79,82,88,96,97,99,104,105,108,113,114,116,117,121,125,127,129,131,133,134,136,138,140,142,144,145,147,149,151,154,160,161,166,171,176,179,181 "113";
114 96 1 0,1,7,10,12,18,22,23,25,26,29,30,31,34,35,37,39,41,43,45,48,50,52,56,64,66,68,71,73,77,81,82,84,85,87,91,93,94,97,103,104,106,111,112,114,115,119,126,127,129,134,135,136,139,141,142,143,145,146,147,154,157,158,161,162,163,165,169,173,174,177,180,181 "114";
115 165 0 0,6,29,33,36,75,103,114,122,140,164 "115";
116 161 0 96,130,164 "116";
117 162 0 0,2,8,21,28,53,58,62,64,71,75,76,82,91,98,99,103,108,110,111,114,120,123,135,140,142,149,157,162,171,174,177,179 "117";
118 15 1 0,2,49,77,89,147,172,175,176,178 "118";
119 147 0 2,4,6,8,10,12,13,15,17,25,26,32,33,36,37,38,43,45,46,49,52,55,56,58,59,61,62,65,67,72,73,77,83,86,90,92,96,98,101,104,106,112,114,116,120,124,129,130,134,140,146,150,152,155,157,158,159,161,163,166,174,175,176,178,180 "119";
120 98 0 0,3,7,15,19,20,21,26,31,33,37,38,43,53,55,57,58,62,63,70,74,83,86,89,91,94,96,99,101,105,107,108,116,117,119,120,124,125,126,127,129,131,133,138,140,141,149,152,155,160,161,163,166,167,169,171,172,175,176,181 "120";
121 0 1 6,13,19,28,31,36,59,79,115,128,140,152,180 "121";
122 83 0 17,21,44,46,90,93,101,155,158 "122";
123 122 1 0,1,4,7,14,16,24,26,27,31,32,34,39,41,42,44,45,47,49,52,55,60,73,76,77,79,81,83,85,87,89,92,98,101,102,107,109,113,115,119,123,124,131,132,133,134,136,139,142,149,154,156,157,158,163,165,167,169,176 "123";
124 32 0 8,11,12,14,15,17,20,21,23,26,28,30,36,38,40,41,43,47,49,50,55,56,57,62,66,72,80,82,86,94,100,103,104,108,109,111,118,122,123,126,131,136,138,143,146,149,152,154,156,157,158,164,167,170,172,174,178,180 "124";
125 37 0 12,34,35,37,45,54,64,67,71,90,94,104,122,124,150,154,156,157,177,180 "125";
126 107 0 2,7,9,11,14,16,22,28,32,33,36,44,47,53,57,59,64,68,72,76,86,89,92,94,97,101,108,114,115,124,125,129,134,143,148,149,152,160,162,167,169,170,176,178 "126";
127 182 1 0,14,24,36,43,72,96,100,108,157,159,174 "127";
128 107 1 0,4,5,7,8,9,11,12,14,18,21,22,23,26,28,30,32,33,35,36,38,40,42,43,45,48,49,53,56,57,58,60,63,66,68,69,71,72,74,79,82,84,87,88,90,93,94,96,99,101,105,106,108,109,110,112,114,115,117,119,120,121,124,125,129,130,134,136,140,141,144,146,152,155,156,158,165,167,170,172,173,174,176,178,180 "128";
129 68 0 3,11,21,25,29,31,51,66,75,107,108,114,119,127,132,133,141,155,162,165,168,173,179 "129";
130 76 0 6,23,34,38,40,44,45,48,54,57,67,73,74,85,89,91,95,102,107,112,126,128,142,143,146,149,154,164,175 "130";
131 120 0 4,12,20,34,39,42,47,54,57,59,64,66,67,69,72,74,80,91,96,102,104,107,109,122,126,134,140,148,155,158,161,170,174 "131";
132 60 0 0,1,5,7,11,18,20,22,24,30,32,36,39,43,45,49,54,62,74,76,78,80,81,85,87,89,90,93,94,97,99,103,108,110,113,114,116,121,123,132,134,136,141,143,147,148,156,157,165,168,171,174,178,179,180 "132";
133 69 0 0,3,9,11,12,14,16,19,21,24,26,29,33,34,35,37,40,41,47,50,51,59,61,63,65,66,68,71,76,78,80,81,82,84,86,88,90,93,95,99,100,102,104,105,111,112,114,116,124,126,127,131,132,133,137,139,144,148,153,154,157,160,162,164,166,172,178,179,181 "133";
134 112 1 0,14,18,24,43,45,47,50,55,58,62,68,71,72,81,85,89,93,94,99,106,107,113,116,117,118,120,130,132,140,144,146,148,156,158,161,166,168,169 "134";
135 74 1 1,3,6,8,9,11,12,14,17,24,31,33,36,37,38,43,47,50,51,54,57,60,63,64,66,69,72,74,76,78,81,89,90,92,100,102,105,106,113,115,116,120,122,125,127,129,132,134,136,141,143,147,149,151,152,153,156,158,162,167,169,170,172,174,176 "135";
136 175 0 3,5,8,13,16,18,20,22,23,25,26,29,31,32,35,41,52,61,62,64,67,70,77,83,88,90,92,96,97,98,101,106,108,111,113,115,117,119,121,123,125,132,135,136,138,140,142,147,149,151,154,165,168,170,177,181 "136";
137 182 1 2,11,12,15,20,25,35,45,53,60,71,76,86,91,131,147,169,178,180 "137";
138 104 0 0,3,11,13,15,17,18,20,23,29,32,34,37,38,40,41,47,49,50,52,56,57,59,63,68,73,80,83,84,85,90,92,95,96,97,101,103,104,109,111,113,115,117,119,123,124,126,128,129,132,134,137,138,141,143,144,146,151,157,159,162,165,171,180 "138";
139 144 1 0,1,2,6,7,9,12,14,18,21,23,25,26,29,31,32,39,40,41,44,46,48,50,51,56,58,63,65,66,67,69,70,72,75,77,79,80,84,85,87,90,92,93,95,96,101,103,109,110,112,115,118,119,122,126,128,129,131,134,136,138,139,141,142,144,150,158,159,160,164,167,168,169,171,172,174,176,178,179,181 "139";
140 6 0 30,43,48,49,55,60,71,93,96,98,114,116,129,137,144,152,156 "140";
141 70 1 1,2,3,5,7,8,11,12,14,16,17,20,22,24,26,29,34,35,37,38,41,44,45,47,49,51,53,55,57,61,62,64,65,66,68,69,73,77,79,80,82,83,87,88,90,91,92,93,95,97,99,100,101,103,104,106,108,109,110,114,120,122,124,125,126,128,131,133,134,135,139,140,144,146,147,149,151,155,156,159,163,164,165,166,168,169,172,174,175,178 "141";
142 40 0 6,11,12,14,20,34,37,42,48,50,53,55,59,62,68,78,90,95,99,101,106,109,118,121,124,126,128,135,152,161,171,173,181 "142";
143 174 1 4,9,51,57,96,98,116,121,155,178 "143";
144 61 1 2,13,17,22,27,28,33,41,47,50,54,56,60,65,75,80,86,98,100,104,123,127,131,133,136,141,144,146,148,149,156,158,163,166,169,173,175,177,179,181 "144";
145 115 1 1,3,8,16,43,50,52,59,73,81,86,91,97,122,128,137,144,145,161,168 "145";
146 92 1 0,2,4,5,7,10,12,14,16,19,22,27,28,29,35,38,41,49,51,59,63,67,70,71,72,76,77,79,81,83,85,86,88,90,91,93,94,101,106,108,109,112,114,115,137,144,146,150,156,161,163,164,172,175,178 "146";
147 44 1 0,3,6,10,12,15,17,19,20,27,35,37,39,64,76,81,83,85,87,91,97,103,105,107,109,111,122,125,132,134,136,137,139,145,152,154,155,159,162,163,172,177,178,179 "147";
148 182 0 2,6,10,12,15,16,18,20,22,23,25,27,28,31,33,35,38,40,44,46,48,50,53,55,58,61,62,63,67,68,72,74,79,80,83,86,87,89,90,95,97,98,100,104,110,111,116,118,119,122,124,126,128,132,133,134,136,138,140,142,144,147,148,149,151,154,161,163,169,170,175,177,179,181 "148";
149 50 0 1,3,6,10,12,18,22,26,28,32,35,37,38,41,44,49,57,71,73,77,89,91,94,96,100,103,107,108,116,121,125,128,130,138,145,148,152,157,161,168,172,176,181 "149";
150 116 1 1,2,5,6,8,9,10,11,12,13,16,18,19,22,24,26,28,29,32,36,38,41,42,43,44,46,47,48,50,51,53,54,56,57,59,61,63,64,66,69,72,73,75,76,79,80,82,84,85,88,93,95,96,98,99,106,107,108,110,112,116,117,120,122,125,127,129,131,132,135,142,144,145,147,148,150,154,155,157,158,164,166,170,171,173,175,177,180 "150";
151 94 1 5,6,7,20,23,27,32,40,44,45,46,50,55,61,62,76,79,80,82,84,86,87,89,90,95,99,104,107,110,112,116,120,123,124,133,135,138,139,143,145,146,148,157,159,164,165,173,174,176,177,180 "151";
152 89 1 1,2,3,6,8,10,11,15,16,17,20,23,27,29,31,33,34,36,38,41,45,47,50,54,56,62,63,66,69,71,76,81,83,100,101,104,108,112,115,119,126,127,132,136,139,142,148,154,160,163,172,179 "152";
153 173 0 3,7,10,15,24,28,43,51,54,61,71,75,81,83,97,99,105,114,115,118,119,122,124,128,135,139,143,144,148,152,156,158,167,168,171,175,180 "153";
154 1 1 7,9,13,27,30,31,39,41,45,46,60,66,67,79,90,93,97,108,118,126,131,135,145,164,166,173 "154";
155 135 0 2,3,8,12,15,23,25,26,28,33,36,40,41,47,49,50,53,55,57,58,61,64,66,67,71,78,82,86,89,96,100,104,106,115,117,121,122,124,125,129,131,132,134,137,139,142,144,148,151,153,161,162,163,168,173,175 "155";
156 152 0 0,4,7,10,11,15,17,24,30,32,34,37,39,40,45,47,48,52,57,60,63,71,73,76,78,79,85,90,92,94,95,103,104,109,113,115,117,122,125,127,131,132,134,136,137,140,142,143,146,148,151,152,155,157,161,163,166,168,170,171,173,175,178,181 "156";
157 106 1 1,2,3,5,6,8,9,10,13,18,19,21,22,24,27,30,32,34,36,37,39,43,45,47,50,51,53,55,56,57,61,63,64,66,68,75,78,80,82,85,87,88,90,91,93,95,96,98,99,101,104,108,110,111,114,116,118,121,123,125,127,130,134,136,139,143,145,146,147,151,153,154,155,157,163,165,168,169,171,172,173,175,179 "157";
158 97 1 1,4,7,13,15,22,24,28,31,33,36,38,39,44,52,54,59,65,67,68,70,73,74,76,81,83,85,86,92,102,108,115,121,126,127,129,133,137,150,156,163,164,166,169,177,180 "158";
159 59 0 0,2,4,6,8,10,12,13,15,18,21,24,26,28,31,33,34,35,36,37,40,41,47,50,55,57,58,59,60,61,64,65,68,70,74,83,84,89,94,97,99,102,104,105,109,111,114,116,119,121,123,125,126,127,129,131,133,135,136,140,142,146,147,153,154,160,161,164,165,166,168,169,175,176,178,181 "159";
160 16 0 65,124,163 "160";
161 178 1 0,4,7,11,13,15,18,21,25,26,28,29,31,33,35,38,40,41,45,46,47,50,53,54,55,57,59,61,62,63,65,67,69,73,75,77,78,80,81,85,88,89,90,92,93,95,99,101,103,106,109,112,116,120,122,123,130,131,133,134,142,144,145,146,148,150,151,153,154,155,157,159,160,161,163,165,166,168,171,173,174,176,179,181 "161";
162 122 0 0,3,5,6,8,11,14,15,17,19,21,22,24,25,27,28,30,31,32,35,37,40,43,44,46,47,48,51,54,59,61,62,65,66,68,69,71,76,77,78,81,84,88,89,90,93,100,102,105,107,108,109,111,113,116,117,119,121,126,129,131,135,138,140,142,143,145,149,150,152,155,156,158,160,161,164,167,168,169,170,171,174,176,177,178,181 "162";
163 103 1 57,68,82,109,136 "163";
164 45 0 22,26,30,32,39,41,47,49,59,79,80,84,93,99,101,104,107,119,144,145,168 "164";
165 5 0 1,3,6,9,10,14,20,22,26,29,35,37,38,44,47,48,51,52,55,56,59,60,65,68,69,71,75,77,79,82,84,86,88,90,92,96,99,103,104,106,111,112,114,115,116,118,120,121,122,124,125,129,131,133,137,143,146,150,151,156,157,161,166,167,169,170,171,172,175,177,178,180,181 "165";
166 114 0 1,2,5,7,36,56,83,99,103,119,125,127,129,165,178 "166";
167 176 1 1,4,6,7,10,11,13,16,19,22,25,26,27,33,35,37,40,42,44,47,48,50,51,54,56,61,62,65,66,68,70,73,74,75,77,79,83,84,87,91,93,95,96,98,99,100,102,105,107,109,110,111,113,114,118,120,121,123,124,125,129,134,137,138,140,141,143,145,148,151,153,158,163,164,166,167,169,171,174,175,180 "167";
168 5 1 4,10,13,15,19,25,26,28,32,35,37,38,40,44,48,49,57,58,60,62,68,69,76,77,81,83,96,98,100,101,109,111,113,116,119,121,124,126,127,133,136,138,141,142,145,147,150,151,152,160,164,166,167,171,173,175,176,179,181 "168";
169 107 0 1,11,15,16,19,25,28,32,37,39,47,51,56,60,68,80,83,85,87,91,100,101,104,105,111,116,127,134,138,143,147,149,152,159,161,162,167,171,173 "169";
170 46 0 2,5,6,8,14,15,21,24,26,33,36,40,45,47,50,51,53,55,58,64,67,68,69,71,73,74,75,77,79,80,83,85,95,97,98,101,103,105,112,115,118,120,126,128,130,133,140,143,144,149,155,156,164,166,167,170,173,177,179 "170";
171 113 0 0,3,5,7,10,12,14,18,21,23,25,26,28,32,34,36,40,42,45,46,48,50,53,55,57,58,64,66,67,68,70,72,73,75,77,79,80,81,82,85,87,91,93,95,98,104,107,109,113,115,119,123,125,126,128,129,131,135,136,141,144,146,148,152,155,160,161,162,163,166,169,171,174,176,179 "171";
172 114 0 0,4,6,10,13,16,19,20,22,23,24,30,31,33,35,37,40,41,43,45,47,48,51,54,57,59,61,63,65,66,70,72,73,76,78,79,83,85,90,92,95,97,98,102,104,106,107,108,110,112,116,117,119,120,121,123,124,125,128,130,133,135,138,140,141,143,145,146,148,151,152,153,156,159,161,163,166,167,169,170,174,176,177,178,180 "172";
173 50 0 1,5,7,9,12,17,19,24,27,30,32,34,35,37,38,39,43,45,58,62,65,66,69,70,72,78,80,85,86,88,89,90,93,97,100,101,103,108,111,115,116,118,121,122,124,125,126,130,132,136,137,139,140,143,144,146,148,149,151,152,166,170,171,177,178,180,181 "173";
174 91 0 0,2,4,5,7,10,11,14,17,19,20,22,25,27,29,30,32,35,36,38,40,43,44,45,48,49,51,53,55,56,57,59,60,65,66,69,71,73,74,77,81,83,84,85,88,89,90,92,94,95,96,98,99,100,101,102,104,108,109,110,113,114,118,122,124,126,127,129,131,133,136,139,141,142,144,145,148,150,151,154,156,160,161,163,170,171,173,175,180 "174";
175 134 0 0,1,5,7,8,11,12,13,14,17,19,20,24,25,28,29,30,35,36,38,41,42,44,47,49,50,54,57,58,60,62,64,65,66,68,69,72,74,77,79,81,84,85,87,88,92,93,94,95,99,101,102,103,106,108,110,111,113,116,117,120,122,124,126,127,129,130,131,133,134,137,138,140,142,144,145,147,151,153,156,158,160,161,162,164,166,171,172,173,180,181 "175";
176 144 0 1,3,5,8,11,13,15,22,25,33,36,40,43,44,52,54,58,62,65,68,70,71,77,78,80,82,83,91,93,95,96,98,100,103,119,130,139,141,148,151,152,155,156,159,162,164,168,173,175 "176";
177 11 1 4,5,8,9,11,15,17,18,20,22,23,24,25,27,32,34,36,38,40,42,43,45,46,48,50,53,55,58,61,63,65,66,69,71,72,74,76,78,80,81,83,84,86,91,93,97,98,100,102,103,105,106,109,110,111,115,117,118,120,123,124,125,126,129,132,133,135,136,138,140,142,143,144,146,147,148,149,151,153,154,159,161,162,163,169,176,178,180 "177";
178 145 0 0,1,3,5,6,7,9,11,13,15,17,21,24,25,28,31,34,37,38,40,42,47,52,53,55,56,62,67,70,71,72,74,79,80,84,85,87,88,90,95,97,99,101,102,104,107,108,110,112,114,117,119,120,123,124,128,132,133,135,140,143,144,147,149,151,152,158,159,163,164,166,168,170,172,175,176,177,179,181 "178";
179 128 0 4,5,7,10,12,17,20,26,27,28,30,32,36,38,39,41,42,46,48,50,52,54,60,62,64,65,66,67,69,71,72,75,77,78,80,82,84,85,88,96,97,99,100,102,104,107,109,110,112,115,117,122,125,126,128,130,131,134,136,137,138,141,147,152,156,158,166,167,169,171,177,179,181 "179";
180 146 0 0,4,11,14,18,22,29,37,44,51,52,61,64,66,72,76,78,82,84,88,90,92,96,117,127,132,136,140,150,152,155,159,163,164,167,170,173,175,178 "180";
181 157 1 0,1,2,8,12,14,18,20,26,30,32,33,36,37,39,41,43,45,46,47,48,50,51,52,53,59,60,65,66,69,73,74,78,81,83,85,87,89,91,94,98,102,109,110,111,113,114,116,117,119,122,124,129,130,132,134,136,137,138,139,142,143,145,147,149,151,152,153,155,156,160,164,165,167,170,172,173,175,177,180,181 "181";
