parity 155;
0 151 0 58,80,99,114,133,142,148,149,154 "0";
1 70 1 0,1,3,5,6,10,13,15,16,18,21,24,26,27,32,37,39,41,43,47,49,51,52,57,61,65,67,72,74,75,78,79,80,83,87,89,91,95,97,98,100,101,102,104,105,109,116,117,122,123,125,128,132,133,135,137,140,142,143,148,153,154 "1";
2 138 1 0,1,3,4,5,6,7,10,13,16,22,25,27,29,30,33,35,37,38,42,43,45,46,47,49,51,53,54,59,60,62,63,65,66,67,69,71,75,76,77,79,82,84,86,89,90,92,94,96,100,102,105,107,108,109,111,114,116,117,119,120,121,123,124,126,127,131,133,134,135,137,140,142,143,145,148,154,155 "2";
3 92 0 1,18,20,25,33,35,37,40,45,49,51,54,56,60,63,67,76,79,83,94,97,103,105,106,109,111,120,128,131,142,146,149,151 "3";
4 19 0 4,13,43,44,47,54,82,104,132 "4";
5 138 0 0,2,3,6,9,10,11,14,15,17,19,21,22,25,28,30,31,38,40,44,48,50,51,52,55,57,58,59,61,63,65,69,71,73,76,78,79,80,84,86,88,90,93,94,97,98,103,105,107,112,114,117,119,122,123,124,126,128,129,130,131,135,137,139,141,142,144,145,147,150,154 "5";
6 130 0 1,2,4,6,17,31,34,35,38,43,48,51,58,63,67,70,72,78,82,86,88,89,94,98,102,106,109,110,112,115,117,124,127,131,132,137,140,141,143,144,152 "6";
7 10 1 6,8,13,27,29,30,32,39,42,43,47,49,59,60,64,66,84,86,95,97,98,102,105,108,110,115,116,118,122,125,134,141,142,145 "7";
8 51 1 0,1,4,7,8,10,13,15,16,19,20,24,25,27,31,41,43,51,53,55,59,64,67,69,74,77,79,92,93,94,97,100,102,104,109,113,115,117,121,122,124,126,128,139,140,144,145,148,153 "8";
9 47 0 0,4,5,6,7,10,12,15,18,20,22,24,26,28,30,31,34,35,38,41,42,44,46,48,52,53,54,58,59,61,63,64,65,66,68,69,71,72,73,76,77,79,82,86,87,89,91,94,95,97,99,100,103,104,105,108,109,112,115,116,119,121,127,131,135,138,139,142,143,146,148,150,151,154,155 "9";
10 89 1 1,4,5,8,10,14,17,20,22,23,26,27,30,31,33,36,40,43,45,49,53,55,57,59,63,65,66,68,70,72,77,81,82,84,87,89,91,96,98,102,104,106,115,119,122,129,130,135,137,139,144,145,147,149,153 "10";
11 85 1 1,4,5,8,10,13,15,16,19,21,24,26,29,30,35,38,40,41,48,49,51,54,57,59,60,63,68,70,73,74,76,77,79,81,82,84,89,92,94,98,99,102,107,114,118,120,123,127,128,129,139,143,144,146,148,152,154 "11";
12 27 0 0,9,16,23,31,36,38,50,66,77,86,87,93,119,121,127,130,136,147,151 "12";
13 143 1 100,103,125 "13";
14 64 0 3,5,6,11,13,14,16,17,19,20,22,23,24,25,28,29,31,33,34,36,38,40,41,43,45,47,52,56,57,59,60,62,64,67,68,71,76,77,79,80,83,85,87,90,93,95,98,101,104,105,108,109,111,113,115,118,119,123,125,127,128,132,134,136,137,139,141,144,145,147,150,151,153,154 "14";
15 38 0 0,1,2,5,7,9,10,12,14,16,19,21,23,24,26,30,31,33,36,39,41,42,43,46,49,52,55,56,58,59,62,66,67,68,69,71,74,75,77,79,83,87,89,93,95,96,98,102,108,109,111,116,118,119,121,122,126,130,132,133,135,136,139,140,142,153,154 "15";
16 128 0 9,10,18,20,35,41,44,47,51,59,60,62,68,70,71,77,82,85,87,88,90,98,100,107,110,116,119,120,125,128,134,135,149,153,155 "16";
17 18 1 21,26,27,31,33,37,38,43,45,49,50,61,65,67,74,79,80,83,85,87,101,105,115,118,119,124,155 "17";
18 132 0 0,7,8,10,14,16,25,29,37,39,42,46,49,52,58,60,62,68,71,75,79,81,88,95,98,101,102,104,107,108,110,112,127,133,134,135,136,142,147,148,153 "18";
19 154 1 10,21,23,24,30,36,52,53,76,77,82,83,94,102,105,109,120,121,132,137,142 "19";
20 95 0 0,13,20,22,27,29,36,48,49,80,94,96,117,131,135,139,141,150 "20";
21 97 1 0,2,4,6,7,8,9,10,12,13,14,16,17,18,19,22,23,26,28,29,32,34,35,36,39,40,43,45,47,48,49,51,52,58,59,64,65,66,69,70,72,76,77,81,82,84,87,89,91,92,94,95,97,98,103,105,107,108,111,114,117,118,120,122,123,125,127,128,133,135,137,138,140,142,145,149,152,154 "21";
22 86 0 1,2,4,11,12,14,18,21,22,25,27,36,45,51,53,55,58,59,65,67,72,75,89,97,99,101,102,109,110,115,119,122,128,130,131,136,138,141,145,147 "22";
23 98 1 4,5,10,12,13,16,23,25,29,43,45,48,59,67,70,76,77,79,83,86,87,88,96,108,113,132,133,136,139,141,147,152,154,155 "23";
24 9 1 5,6,13,18,20,21,28,32,34,39,42,43,48,49,53,55,59,60,62,64,66,68,71,73,75,83,84,86,90,93,98,102,104,109,115,122,123,128,131,135,137,138,139,141,147,149,151,153,154 "24";
25 82 0 0,3,4,7,8,9,13,15,16,21,26,31,33,34,36,38,44,46,48,50,54,57,58,63,65,68,69,71,74,76,80,82,85,86,87,90,92,93,98,103,105,108,110,114,116,127,128,130,134,136,146,148,150,152 "25";
26 46 1 2,5,19,20,27,32,48,49,50,53,60,61,65,78,83,86,95,97,102,105,106,112,114,116,118,122,126,130,134,136,139,140,155 "26";
27 71 1 3,5,8,11,13,17,19,21,24,25,38,44,48,50,52,53,57,60,63,74,78,80,81,83,86,87,91,93,94,100,102,111,112,114,116,120,121,129,132,133,137,140,142,144,145,150,154,155 "27";
28 155 0 19,22,27,30,38,43,46,58,61,64,70,74,77,79,84,87,88,90,94,101,108,114,118,120,125,130,145,147 "28";
29 66 1 6,24,25,70,73,86,113,126 "29";
30 18 1 1,2,8,10,12,13,16,19,25,29,30,32,34,36,40,45,46,47,52,54,57,59,62,65,69,75,79,81,85,88,90,93,95,99,101,102,108,109,111,112,115,120,122,125,127,128,129,131,135,136,138,140,143,145,147,149,151,154 "30";
31 136 0 7,14,22,33,38,47,49,50,58,63,69,75,81,91,97,98,111,113,115,124,134,142 "31";
32 76 0 3,5,7,8,9,16,19,20,21,23,24,26,28,30,32,35,36,38,39,41,43,45,46,50,53,55,57,58,60,62,63,66,67,68,69,73,76,78,80,82,85,86,88,90,92,93,102,104,106,108,110,112,114,115,117,119,120,121,122,124,125,130,134,136,138,139,142,145,150,152,154 "32";
33 129 1 0,4,7,10,15,16,19,26,32,35,37,39,40,44,46,48,61,63,66,68,71,75,84,91,94,96,99,100,101,105,107,109,122,124,127,130,133,142,144,149 "33";
34 125 1 1,3,5,6,8,10,11,13,16,19,21,23,24,26,28,29,30,31,33,38,41,42,44,55,56,57,59,61,62,64,67,70,71,73,75,77,79,81,83,85,87,90,91,92,93,96,97,99,100,102,104,107,108,109,111,113,114,117,120,121,123,126,127,131,132,133,136,137,140,141,143,145,146,149,151,154 "34";
35 99 0 0,1,2,6,9,11,13,15,16,20,22,23,24,28,29,31,33,35,37,39,41,42,44,46,47,49,50,52,54,55,57,59,61,63,65,68,69,71,74,76,77,78,79,82,84,89,90,93,95,97,100,105,109,113,114,116,119,123,125,126,129,133,135,137,140,146,147,148,150,152,153,155 "35";
36 74 0 5,28,40,52,67,74,85,99,101,150,154 "36";
37 6 0 7,9,10,17,18,28,32,40,43,44,50,54,61,66,67,69,74,75,78,86,103,114,123,127,134,142 "37";
38 47 0 21,23,28,47,55,59,61,83,92,95,98,111,119,126,131,145 "38";
39 123 1 12,34,37,38,56,66,67 "39";
40 156 0 1,4,6,8,10,12,14,15,21,25,27,31,34,35,37,39,41,42,44,55,58,61,63,65,66,72,74,76,79,80,81,83,92,93,94,95,97,99,101,102,108,112,116,118,119,122,126,129,132,133,139,142,145,152,153 "40";
41 23 0 0,2,4,8,9,11,14,16,18,24,26,30,33,36,40,42,44,46,49,50,51,55,56,59,60,62,63,65,71,73,75,76,78,81,83,85,86,88,89,90,92,97,100,102,104,107,108,109,110,111,114,116,117,118,121,124,127,128,131,133,138,140,142,144,148,152,154,155 "41";
42 79 1 0,3,4,8,12,14,15,17,21,23,24,27,31,32,34,37,40,42,43,49,50,51,53,55,57,63,64,65,66,68,72,73,76,77,78,79,80,81,83,85,86,88,90,91,93,94,96,97,98,100,101,102,104,105,107,110,114,118,121,122,124,125,127,129,131,134,137,139,141,142,145,146,147,151,153,154,155 "42";
43 93 0 3,4,6,10,13,15,18,20,23,24,28,31,39,43,46,48,50,58,63,65,67,69,73,75,77,80,81,86,89,91,92,99,104,107,109,111,112,115,117,120,123,124,125,127,132,139,142,145,149,152,154 "43";
44 78 1 2,5,16,18,21,23,33,34,37,44,53,59,61,65,69,73,74,76,78,80,85,96,98,105,108,109,113,117,121,128,132,145,147 "44";
45 150 0 2,9,12,14,15,29,32,37,48,57,74,78,81,82,87,89,90,93,96,103,105,108,110,117,118,124,136,150,155 "45";
46 20 1 3,12,15,17,21,26,29,32,36,43,53,60,71,76,84,92,93,103,136,151 "46";
47 116 1 1,6,7,10,13,15,16,19,21,24,28,30,31,32,35,39,40,42,43,45,50,52,57,59,61,67,69,72,74,75,77,82,83,84,86,91,93,94,96,99,103,108,110,115,116,120,121,122,125,127,128,129,131,132,136,139,140,146,148 "47";
48 149 1 6,10,19,24,26,30,32,33,35,39,42,45,47,49,50,52,57,63,64,71,76,78,80,82,88,90,91,95,99,103,111,112,113,117,123,126,130,131,142,143,151,152,154 "48";
49 107 0 5,7,11,13,28,31,33,38,40,42,44,47,48,51,52,57,58,61,64,68,69,70,73,76,78,82,87,89,97,98,102,104,105,107,110,115,117,119,121,123,127,131,135,143,151,153 "49";
50 136 0 8,9,24,37,50,72,78,86,89,93,98,104,106,130,136,140 "50";
51 116 0 1,2,7,10,11,15,22,23,25,26,29,33,35,37,39,44,47,49,50,51,53,57,58,61,62,64,69,71,72,75,76,77,84,88,91,93,94,98,106,108,113,114,116,117,119,120,122,125,128,130,145,146,148,155 "51";
52 125 1 0,4,7,10,12,16,18,28,31,33,35,37,38,47,52,54,61,66,69,71,74,77,78,85,87,89,93,94,98,100,102,104,106,107,111,119,121,125,130,131,133,135,147,153 "52";
53 36 0 0,2,11,24,26,28,42,44,53,59,63,65,73,76,94,104,110,119,121,136,138,149 "53";
54 121 0 2,5,7,11,12,13,19,21,23,29,31,32,34,36,39,43,44,46,57,62,67,70,72,75,81,84,85,86,93,95,101,102,103,106,108,111,114,116,118,121,135,137,139,144,154 "54";
55 130 1 3,4,6,9,14,16,21,23,30,33,34,37,40,42,44,49,53,57,59,63,65,70,71,75,77,85,89,94,99,101,106,107,110,113,115,117,118,125,127,130,132,134,138,140,142,145,147,149,151,152,155 "55";
56 59 0 7,9,10,12,14,15,17,18,20,21,22,23,25,26,27,31,33,34,35,37,38,41,42,45,47,48,49,52,54,55,56,57,59,60,62,63,65,69,70,76,79,81,84,85,87,90,92,95,97,99,102,104,106,109,111,114,116,118,120,121,123,124,126,128,131,133,134,136,138,140,141,144,148,149,151,154 "56";
57 18 1 20,25,39,83 "57";
58 81 0 6,11,22,30,40,41,56,75,109,124,139,140 "58";
59 132 1 15,30,37,63,68,70,86,90,94,108,122,124,136,150 "59";
60 27 1 13,53,59,128,130 "60";
61 140 1 1,4,7,10,13,15,17,19,20,21,23,25,26,28,31,36,38,39,42,44,45,48,49,51,58,59,61,62,63,65,67,68,69,70,73,75,76,79,80,83,85,87,89,91,93,95,97,98,103,107,110,111,114,116,120,122,124,128,129,131,132,133,135,137,139,141,143,144,145,147,150,153 "61";
62 101 0 1,11,13,16,19,39,44,59,60,88,89,100,108,117,119,136,142,148,150 "62";
63 0 0 45,51,58,103,123 "63";
64 102 0 1,3,6,7,8,10,11,14,17,19,20,22,23,27,29,31,34,36,38,41,44,47,48,53,57,59,60,61,63,64,67,68,70,71,74,77,80,81,82,83,84,86,90,92,94,95,97,101,103,105,107,112,113,115,116,118,120,122,125,127,129,132,133,137,139,140,141,142,144,145,146,148,149,151,153,154 "64";
65 26 0 0,2,5,12,14,16,20,22,27,31,33,37,40,42,43,46,47,52,61,65,67,68,72,75,77,82,85,86,90,95,97,99,100,101,108,112,114,117,119,125,129,133,136,141,144,148,150 "65";
66 110 1 19,34,36,45,96 "66";
67 111 0 1,2,4,5,7,8,11,17,21,28,30,33,39,40,42,44,49,51,55,57,58,61,64,66,68,69,70,72,73,75,78,80,81,83,84,86,87,89,90,92,94,98,99,101,104,106,108,110,112,116,117,119,120,122,124,127,129,130,132,139,142,144,145,147,148,152,155 "67";
68 35 0 59,71,120,125 "68";
69 72 0 0,10,12,13,22,25,26,28,35,42,46,47,56,66,69,73,80,85,87,93,111,114,116,120,124,147 "69";
70 113 0 3,20,43,51,61,67,69,81,125 "70";
71 76 0 10,13,15,16,23,29,31,40,47,48,59,66,67,71,77,78,81,83,87,92,95,96,99,103,106,109,117,119,122,130,135,140,141,148,149,152,154 "71";
72 41 0 3,7,9,11,15,18,22,24,26,27,30,32,35,40,41,42,46,48,52,53,55,57,58,59,65,70,72,74,76,77,80,85,89,90,91,96,100,106,109,111,113,114,118,123,129,131,132,136,140,141,145,148,150,151 "72";
73 18 1 2,14,33,55,66,82,88,97,115,149,154,155 "73";
74 50 1 5,12,96,116,118,120,126 "74";
75 140 0 24,25,30,57,60,68,73,86,88,100,103,107,115,127,132,146,149,151 "75";
76 72 0 0,2,3,5,7,8,15,17,18,19,21,23,30,31,32,35,37,38,40,43,44,46,48,49,52,58,59,61,64,65,66,69,72,76,79,83,84,87,90,92,93,95,96,98,100,101,102,104,106,107,111,112,113,114,117,118,119,121,123,124,125,126,130,132,135,136,138,142,144,145,147,149,152,154,155 "76";
77 129 1 1,2,5,9,12,14,15,17,18,21,26,31,33,35,38,43,44,46,50,52,53,55,56,59,61,63,65,74,77,78,80,81,83,85,88,92,96,98,102,103,107,110,112,115,119,121,123,125,130,132,136,138,141,142,143,145,146,148,151,153,154 "77";
78 88 1 5,8,26,28,31,34,44,45,48,53,55,60,71,75,92,95,96,98,100,112,113,115,117,129,139,144,153,155 "78";
79 113 1 1,34,66 "79";
80 40 0 1,3,12,15,16,19,22,29,30,39,46,57,62,68,75,79,89,91,93,95,96,105,109,114,118,125,127,141,146,150,152,155 "80";
81 8 0 15,21,29,51,59,82,90,100,129,132,155 "81";
82 12 0 27,80,105,154 "82";
83 150 0 13,90,119,153 "83";
84 9 0 63,67,101,104,155 "84";
85 56 0 0,3,5,7,8,9,10,11,13,14,16,18,20,24,25,27,28,30,31,34,40,43,46,49,51,52,55,56,57,60,61,64,65,67,68,71,75,78,79,81,84,85,87,88,89,91,96,99,100,102,103,107,110,116,120,121,123,125,128,129,131,135,138,140,142,143,145,149,151,155 "85";
86 135 0 14,26,31,35,38,40,46,54,55,57,66,75,76,78,79,83,85,93,99,103,105,124,133,137,146,147,153 "86";
87 93 1 3,54,60,75,83,86,99,109,145 "87";
88 131 1 5,19,21,33,36,42,44,46,60,62,65,75,81,85,89,104,113,117,125,139,142,146,148 "88";
89 129 1 5,9,10,20,23,29,31,35,40,42,43,51,60,61,66,67,69,70,73,77,81,85,90,97,101,106,109,118,121,128,129,131,140,147,150,152,155 "89";
90 21 0 2,9,13,39,44,49,125,133,145,149 "90";
91 131 0 0,2,3,5,6,8,9,11,13,17,18,20,22,25,26,29,31,34,38,41,42,43,44,46,47,48,50,52,54,56,57,59,60,63,65,66,69,72,75,77,80,81,84,85,89,91,92,95,96,99,101,106,107,108,110,112,114,116,118,120,124,125,130,131,133,136,139,141,144,146,147,150,153,155 "91";
92 86 0 10,16,18,24,25,29,32,45,50,53,55,59,63,69,70,72,76,78,83,85,92,97,100,108,112,118,124,132,134,137,138,139,147,148,150,153 "92";
93 143 1 26,28,33,36,64,68,93,95,104,106,155 "93";
94 105 1 0,2,4,8,16,17,20,37,39,46,51,53,54,64,68,69,70,79,83,84,91,98,104,108,113,115,122,131,137,138,145,149,151,154 "94";
95 3 0 6,32,66,68,84,114,141 "95";
96 105 0 4,6,19,28,36,41,52,58,62,73,83,86,116,131,135,140,153 "96";
97 53 0 0,3,5,6,11,14,16,19,24,30,32,34,36,47,48,50,53,61,65,67,68,71,72,74,78,81,83,85,88,89,90,92,96,98,99,101,102,104,106,114,115,118,119,120,123,127,129,132,134,136,138,139,141,149,150,151,153,155 "97";
98 124 0 0,1,2,8,9,13,16,18,22,24,26,27,29,30,35,37,39,43,47,49,50,51,53,54,56,60,61,63,65,67,69,71,74,77,78,82,83,85,87,91,94,97,99,101,103,109,111,112,114,115,120,121,124,126,128,131,134,137,144,145,147,149,150,155 "98";
99 30 1 0,4,10,11,13,15,18,19,20,24,28,31,36,41,43,51,53,54,56,58,60,61,64,65,67,69,73,75,79,80,82,83,84,97,100,102,103,104,106,107,110,112,115,117,122,124,126,127,129,130,132,135,138,139,144,146,148,155 "99";
100 107 0 4,13,18,21,30,56,60,62,64,67,72,80,85,92,93,99,105,106,108,121,138,144,146,150 "100";
101 34 0 27,52,61,71,92,94,121,126,127,131 "101";
102 36 0 1,12,19,24,25,27,36,38,39,42,46,48,51,52,54,55,61,62,75,79,88,103,104,110,115,126,131,136,139,148,154 "102";
103 78 0 0,1,3,4,7,8,12,15,17,22,23,24,29,34,37,38,39,40,42,45,47,48,50,52,53,56,63,67,69,75,79,82,83,84,86,90,92,93,96,99,100,102,103,104,105,107,109,110,111,112,114,115,120,123,126,128,129,130,133,134,136,137,139,141,143,147,149 "103";
104 46 0 7,11,19,27,33,39,43,54,58,62,63,64,68,69,72,85,94,98,100,108,112,113,118,128,141,146,151 "104";
105 114 1 8,14,16,21,27,39,44,46,49,53,58,65,66,79,91,97,103,111,112,117,120,125,133,137,144,154 "105";
106 64 0 1,2,4,27,32,34,47,50,54,56,71,78,84,104,112,116,118,129,135,138,143,144,145,153,155 "106";
107 156 0 4,20,31,47,113,115,129,132,143,152 "107";
108 30 1 0,3,6,10,12,15,16,20,22,23,26,29,33,35,38,40,44,47,50,51,53,55,58,59,60,63,66,67,69,76,81,85,87,89,93,98,99,103,107,109,110,113,115,116,119,121,127,129,130,136,139,140,142,143,144,146,149,152 "108";
109 10 1 9,13,19,21,25,30,31,33,39,42,44,46,53,56,57,60,63,67,69,70,78,80,83,85,87,90,95,99,100,102,110,114,116,117,120,123,131,133,136,139,140,142,145,146,148,149,151,153,154,155 "109";
110 128 0 16,23,25,29,36,51,58,65,69,78,79,82,83,85,91,102,121,126,128,129,134,137,144,149 "110";
111 81 0 3,6,8,10,12,14,16,19,24,26,34,35,44,48,50,52,54,58,63,64,65,67,69,73,78,80,82,88,91,92,98,101,105,106,107,109,115,124,125,127,130,133,135,141,143,146,153,155 "111";
112 129 1 2,6,19,30,36,50,61,64,66,72,77,81,101,119,123,134,146,154 "112";
113 16 0 0,12,29,32,41,47,51,57,58,61,63,65,66,68,71,72,74,75,77,81,82,85,92,96,98,100,105,110,119,123,125,126,127,129,132,136,142,149,151,153 "113";
114 87 0 2,3,18,35,37,42,45,49,59,62,82,87,90,106,110,120,133,137 "114";
115 61 0 6,7,11,18,23,24,27,29,33,38,43,55,64,66,72,79,80,83,87,93,103,104,110,127,135,137,140,148,151 "115";
116 133 0 0,3,9,11,17,20,25,38,56,60,67,70,86,92,98,100,101,105,106,111,123,130,136,137,140,144,150 "116";
117 148 0 0,8,14,18,20,27,29,32,34,36,38,39,40,42,43,47,49,53,59,60,61,64,67,68,78,81,87,88,89,94,98,101,103,104,105,106,108,109,112,113,117,119,120,122,127,130,136,137,141,144,146,149,155 "117";
118 94 1 7,13,43,52,54,63,72,79,80,114,133,140,141 "118";
119 127 1 46,68,84,122 "119";
120 136 1 44,99,121 "120";
121 132 1 0,5,7,8,10,12,17,23,25,27,29,30,35,38,41,43,45,46,49,50,51,54,59,60,62,63,64,69,71,72,78,81,82,83,84,87,88,91,92,94,95,96,99,106,108,111,112,115,117,118,119,121,122,124,126,127,133,135,136,138,139,141,142,144,145,148,150,152,154 "121";
122 111 0 15,22,35,37,40,46,50,52,54,56,64,68,76,78,80,93,98,110,112,118,120,137,142 "122";
123 77 1 0,3,6,15,21,30,35,50,52,61,72,82,85,86,88,89,96,101,109,113,126,128,132,138,141,147,149 "123";
124 39 0 0,1,4,6,9,10,14,15,17,19,21,25,28,30,31,33,36,37,39,40,42,44,45,46,48,50,53,56,57,58,61,62,63,64,66,67,69,72,74,76,78,79,81,82,86,88,89,90,92,94,97,99,100,102,103,104,106,107,109,116,117,118,121,122,123,126,128,129,131,132,134,137,139,141,146,149,155 "124";
125 149 1 1,3,5,13,16,23,24,35,38,40,42,46,51,53,55,59,62,64,69,70,73,77,80,87,89,90,93,94,99,104,109,113,118,122,126,128,130,133,144,146,150,153,155 "125";
126 100 0 7,10,29,32,37,44,49,50,55,58,73,77,83,100,123,128,132,134,144,150,151,153 "126";
127 106 1 0,3,5,6,8,10,13,14,17,19,21,24,27,29,31,32,34,42,45,46,47,49,50,52,55,57,60,63,64,67,70,73,77,80,82,83,86,89,90,91,93,94,95,97,99,101,102,103,105,107,109,110,112,119,120,122,124,125,129,132,134,136,138,140,146,148,152,155 "127";
128 73 1 1,4,8,20,22,28,37,38,45,53,57,63,64,66,70,74,76,93,99,113,116,119,125,131,134,139,149 "128";
129 38 0 4,10,12,19,21,29,30,33,39,40,44,46,52,54,58,59,63,66,69,73,74,76,78,81,86,87,96,99,101,102,107,108,113,117,119,133,136,140,144,148,151 "129";
130 129 0 0,2,5,9,13,15,19,23,26,32,34,38,41,45,47,51,53,58,59,61,62,65,68,69,70,72,74,76,78,80,83,99,101,103,105,108,112,115,117,119,123,127,128,129,131,132,134,136,138,143,146,148,151 "130";
131 95 1 1,5,8,10,21,24,28,29,31,34,41,43,46,48,50,53,67,73,76,80,85,95,101,102,110,117,119,121,128,131,132,135,147,152,155 "131";
132 45 0 1,2,4,10,18,22,23,29,31,33,34,35,36,38,39,40,43,45,46,49,51,52,55,59,62,64,66,72,73,78,79,81,84,87,88,91,92,94,95,96,99,100,102,103,105,107,108,109,113,122,123,128,129,130,132,134,147,148,149,151 "132";
133 54 1 1,2,9,11,15,25,28,31,42,48,50,52,55,59,62,68,78,81,83,87,92,96,98,99,102,106,108,111,116,120,122,126,130,132,135,136,137,144,145,148,150,154,155 "133";
134 3 1 0,3,5,7,8,9,11,12,15,18,19,21,22,27,31,39,40,43,45,47,50,55,57,58,62,64,67,69,81,82,83,85,87,90,94,96,98,99,101,102,109,111,112,114,116,118,121,122,127,128,129,132,133,135,136,138,141,145,148,149,154,155 "134";
135 89 1 5,21,23,26,57,68,92,131,137,143 "135";
136 37 0 3,7,9,10,15,18,19,22,25,29,32,36,37,42,49,53,54,59,63,69,77,80,83,86,93,97,105,106,109,114,120,123,124,130,134,149,152,154 "136";
137 149 0 5,12,14,16,19,22,23,25,27,28,29,31,34,35,36,39,41,42,44,45,47,50,52,57,61,63,66,71,74,76,79,81,84,87,89,90,91,92,97,101,104,105,107,111,114,115,116,118,119,121,128,130,131,133,135,136,143,146,149,151,153,154,155 "137";
138 31 0 0,2,4,6,7,9,10,13,14,16,17,19,20,24,28,32,35,43,51,58,66,69,72,73,76,79,80,82,83,85,86,88,90,92,95,97,98,102,104,106,109,111,114,115,118,119,125,127,129,134,136,138,139,141,144,148,152,153,154 "138";
139 24 1 1,2,6,8,11,13,16,20,22,29,31,34,35,40,42,46,51,52,53,60,62,64,65,67,71,77,79,82,84,89,95,96,98,100,101,103,104,106,108,111,114,115,117,121,124,128,132,136,138,141,144,145,148,149,151,153,155 "139";
140 25 0 0,3,4,7,9,11,14,16,17,19,22,26,28,30,34,35,36,39,40,43,45,47,50,59,60,61,63,68,69,71,72,73,74,82,86,87,89,94,99,103,104,106,109,110,111,114,115,119,122,128,129,131,132,138,141,142,145,148,151 "140";
141 117 1 0,39,53,55,58,68,70,73,84,88,94,98,100,112,115,120,123,129,149 "141";
142 108 0 2,3,6,7,9,10,13,15,17,19,20,22,25,26,29,30,32,33,35,36,37,40,42,43,44,46,50,51,52,56,58,60,62,64,67,70,72,79,82,83,84,85,88,91,93,97,99,100,102,104,105,106,108,109,111,114,116,117,118,120,127,132,133,135,137,139,141,143,145,147,149,153,154 "142";
143 25 1 13,26,29,33,41,44,45,52,54,68,82,83,104,108,118,119,123,139,148,151,152 "143";
144 61 0 2,16,18,21,23,26,28,30,35,38,41,44,49,56,59,61,63,66,70,73,78,82,91,97,101,104,105,108,113,115,117,121,122,131,133,135,139,144,146,147,151 "144";
145 130 0 15,20,41,55,64,75,79,81,82,85,111,118,135,136,147,150,151,152 "145";
146 19 0 12,22,29,49,51,65,69,79,85,100,131 "146";
147 33 0 1,3,5,7,11,12,15,16,18,20,23,25,27,29,30,34,36,40,41,42,43,45,47,48,50,52,54,56,62,65,67,69,71,74,76,78,82,87,92,94,98,100,101,103,104,105,109,112,115,117,120,125,126,127,130,131,132,136,138,140,141,144,147,149,151,152,155 "147";
148 42 1 0,1,3,4,8,9,10,12,16,20,21,23,25,27,29,32,33,36,38,41,42,43,46,47,53,56,58,59,63,65,67,71,72,75,76,78,86,87,89,90,92,95,96,98,100,102,103,105,107,109,111,112,113,114,115,117,119,120,123,124,125,128,131,132,134,137,138,139,141,145,149,150,152,154,155 "148";
149 148 0 0,7,12,14,17,21,23,24,30,34,38,41,45,48,51,54,58,62,63,66,71,74,76,84,88,91,92,94,96,97,99,112,114,116,119,126,132,138,146,147,149,154 "149";
150 154 1 0,2,3,6,7,13,18,21,23,24,25,34,40,42,43,51,55,56,59,61,65,67,70,72,76,78,79,81,85,89,93,97,104,107,112,117,119,121,123,128,130,134,135,139,140,141,145,147,153,155 "150";
151 97 1 28,47,52,85,125,138,143 "151";
152 80 1 0,3,5,6,8,10,13,14,16,18,21,22,24,26,27,30,34,35,38,41,43,46,50,56,57,59,63,65,67,71,72,80,84,85,87,90,91,92,93,95,98,99,102,106,110,111,112,114,117,119,120,124,125,128,130,134,140,141,142,144,149,150,151,154 "152";
153 101 0 3,5,6,10,12,14,17,18,20,21,22,23,25,29,30,32,34,36,43,48,50,52,53,58,59,64,67,69,74,76,80,84,88,90,92,94,97,100,102,103,108,109,113,116,118,120,121,125,128,131,134,136,141,142,143,145,147,149,152,153,154 "153";
154 68 0 2,5,9,11,13,16,18,22,23,25,27,29,30,32,36,39,45,51,55,59,61,65,66,68,71,74,81,83,84,85,87,88,90,93,98,100,110,112,113,114,116,119,121,123,124,128,130,135,136,140,142,143,146,147,149,151,152,155 "154";
155 64 1 0,2,5,7,9,10,13,16,18,19,21,22,24,25,26,28,29,31,33,38,42,46,48,52,54,56,58,59,61,63,64,68,70,72,73,76,78,80,82,87,93,95,97,99,100,104,107,108,110,112,114,115,117,119,121,125,127,129,130,131,134,135,137,139,141,142,147,153,154,155 "155";
