parity 133;
0 32 1 10,27,34,35,47,114,133 "0";
1 119 0 4,7,13,22,26,34,36,40,52,59,67,71,75,78,88,92,96,98,99,101,104,108,110,111,117,119,123,125,126,132 "1";
2 121 1 0,5,8,13,14,17,22,25,26,30,33,35,36,42,44,47,53,55,57,58,60,64,65,67,69,70,71,72,75,76,79,84,86,88,89,91,93,96,100,102,106,110,114,118,119,121,124,125,126,128,131 "2";
3 127 0 0,1,7,10,15,25,27,30,31,38,42,45,46,47,49,51,52,59,62,64,69,71,72,77,79,81,84,87,93,96,98,101,106,108,109,112,114,117,123,130,133 "3";
4 16 1 1,3,5,7,10,11,20,22,24,25,27,28,31,32,34,37,42,46,51,53,57,59,62,66,67,71,73,82,87,89,90,94,99,106,110,119,126,129,131,133 "4";
5 129 0 53,92 "5";
6 5 1 0,1,4,5,12,15,18,21,25,28,29,31,33,34,35,39,41,45,48,50,52,54,57,63,64,66,67,71,74,75,77,79,83,85,93,96,100,102,104,105,106,108,109,113,115,117,119,120,123,124,127,129,133 "6";
7 38 0 31,38,67,83,90,93,104,114 "7";
8 60 0 9,29,39,41,46,51,61,62,63,68,69,80,84,86,90,92,97,108,113,115,117,122,131 "8";
9 119 1 11,18,23,25,26,27,32,33,34,47,51,66,68,69,80,81,84,93,95,98,102,112,114,119,121,127,129,130 "9";
10 7 0 0,1,3,5,14,16,20,23,25,26,29,32,33,35,37,40,42,45,53,57,62,63,68,77,87,92,94,96,97,99,102,108,110,119,120,122,123,125,128,129,133 "10";
11 126 1 1,6,7,9,12,15,16,18,19,23,25,27,32,35,36,38,39,40,41,44,46,48,50,54,55,57,58,61,62,64,65,70,72,74,77,78,80,82,84,85,87,88,89,92,94,95,96,100,102,104,106,108,110,111,112,114,115,118,120,122,123,124,126,129,133 "11";
12 31 0 4,6,25,27,42,96,104,120,123,128 "12";
13 88 1 21,26,33,45,72,78 "13";
14 55 0 4,14,15,16,18,22,24,26,31,34,37,39,49,51,53,56,58,59,61,64,66,72,77,86,89,96,98,102,103,104,108,111,113,124,127,128,133 "14";
15 32 0 4,12,13,21,22,24,26,32,47,51,59,72,73,82,94,101,107,121,129 "15";
16 32 0 1,7,12,14,18,20,25,27,28,29,32,37,39,43,46,47,52,54,55,57,59,62,64,71,75,77,83,94,95,99,101,111,112,114,117,127,130,132,133 "16";
17 101 0 0,1,3,5,7,13,15,19,21,24,27,28,31,32,35,37,39,45,47,51,54,56,59,60,62,64,67,68,70,71,74,75,81,82,84,85,87,89,90,92,94,99,101,102,104,106,108,111,113,114,116,117,120,123,126,127,132 "17";
18 63 1 3,18,26,37,78,86,90,95,98,111,112,118,120,125 "18";
19 28 0 3,4,5,7,8,15,16,18,22,25,30,32,34,40,41,46,49,55,66,68,70,72,74,79,85,86,88,90,92,97,110 "19";
20 16 1 4,6,7,8,9,11,14,16,22,25,27,32,35,38,49,55,57,60,62,63,65,68,76,77,79,80,82,83,85,86,89,90,93,95,96,102,103,106,108,109,110,113,121,122,125,127,129,132,133 "20";
21 0 1 0,10,12,16,21,22,26,28,29,32,36,38,41,42,45,46,51,54,56,57,63,66,68,74,77,79,82,85,89,94,97,99,102,104,106,107,110,111,114,115,117,119,124,127,129,131,132 "21";
22 98 0 9,22,25,29,63,82,107,125,128 "22";
23 104 0 0,3,4,6,12,16,17,21,24,25,26,28,29,31,33,35,36,38,39,43,45,46,49,50,51,54,61,62,64,66,67,68,73,75,76,80,84,87,89,92,93,95,97,98,99,101,103,105,106,109,111,113,115,119,120,121,123,124,125,127,129,131,133 "23";
24 26 0 0,1,5,6,12,14,15,17,22,23,30,36,42,44,46,47,51,57,60,62,64,66,69,70,75,76,87,91,92,94,96,98,103,105,106,112,117,121,123,125,127,130,133 "24";
25 109 0 0,3,5,11,15,18,21,23,25,27,32,33,40,43,47,49,50,52,54,55,57,61,66,71,73,76,79,86,92,93,100,102,105,107,109,115,121,125,128,130 "25";
26 131 1 1,3,6,14,15,18,19,25,34,39,42,64,79,88,96,100,119,121,123 "26";
27 33 1 0,2,4,5,9,10,12,15,17,18,19,24,26,28,29,33,39,43,45,48,50,55,58,60,62,63,70,72,73,75,80,91,94,100,101,108,110,112,115,116,119,120,124,128,130 "27";
28 22 0 1,13,15,17,30,33,43,57,59,62,66,99,105,117,120,129,132 "28";
29 30 0 0,3,8,14,15,18,24,25,30,31,35,42,43,48,50,57,60,68,73,80,83,85,88,92,95,98,100,102,106,109,114,117,119,122,126,127,129,130 "29";
30 97 1 0,4,5,7,10,11,14,15,17,18,21,22,23,24,26,27,28,30,33,35,38,39,41,43,45,46,50,51,54,56,57,59,61,63,66,67,71,73,76,78,81,83,86,87,89,91,94,98,101,102,106,109,110,112,113,115,118,119,122,124,125,129,132,133 "30";
31 85 1 0,2,6,7,8,11,13,17,18,19,21,23,25,26,28,31,34,37,39,40,42,45,49,51,54,57,58,59,62,64,65,66,68,69,74,76,79,82,85,90,91,94,97,100,101,102,104,105,107,108,110,114,116,118,119,122,128,129,131,133 "31";
32 16 1 0,1,2,4,7,9,11,12,15,17,21,25,27,32,34,37,39,40,42,44,50,53,54,55,56,59,61,64,66,69,71,72,76,77,82,83,85,88,91,93,94,95,98,100,102,103,106,107,109,112,114,115,117,118,124,127,128,131,132 "32";
33 36 0 0,12,18,33,36,60,70,71,85,122,127 "33";
34 111 1 5,6,24,28,53,77,90,110,112,124,128,131 "34";
35 15 1 1,7,24,28,30,35,42,44,53,60,63,67,70,76,79,82,83,86,87,106,110,112,125,126,128,129,132 "35";
36 133 0 6,15,29,31,46,50,68,72,76,87,102,106,131 "36";
37 46 1 4,7,10,13,15,19,23,25,33,50,54,64,67,72,75,76,82,84,89,91,92,93,95,99,101,107,113,118,120,123,133 "37";
38 3 1 2,16,17,39,40,54,61,74,75,90,101,111,116,131 "38";
39 130 1 16,26,37,70,72,76,78,83,101,102,108,115,122,126 "39";
40 106 0 2,5,7,12,15,20,22,23,25,31,32,35,38,48,51,56,57,58,61,62,64,66,68,77,83,88,94,98,102,106,109,111,116,117,118,120,121,125,128,129,132,133 "40";
41 90 0 2,3,6,7,9,10,14,15,17,19,21,22,25,26,27,29,31,33,35,36,39,43,45,47,49,50,52,53,55,56,60,62,64,67,68,71,72,73,75,76,77,79,81,84,86,89,91,94,98,100,103,106,108,109,111,113,114,117,119,122,123,124,127,129,131,132 "41";
42 39 1 1,2,6,7,9,10,14,20,23,26,27,33,35,41,42,44,50,52,53,54,56,59,61,63,65,67,72,74,75,78,82,87,89,90,92,97,98,101,104,105,106,109,112,117,119,122,124,131,132,133 "42";
43 44 1 0,3,6,7,9,11,12,14,19,21,22,29,31,37,39,43,50,65,68,69,74,76,77,80,82,84,89,93,96,103,105,107,111,112,114,119,133 "43";
44 85 0 80,115 "44";
45 40 0 1,4,6,7,9,10,13,15,16,20,24,27,28,30,31,33,34,35,36,40,42,43,49,53,54,55,59,65,67,71,74,75,77,78,80,82,85,87,89,94,97,98,100,101,105,107,112,113,115,118,121,124,125,127,128,130,131,133 "45";
46 134 0 0,1,9,13,15,18,19,24,26,27,33,37,40,43,45,48,50,51,56,58,59,65,67,69,71,73,74,82,93,97,100,102,104,106,109,111,112,113,114,118,124,125,126,128,129,133 "46";
47 77 0 0,1,3,8,11,13,15,17,21,23,24,31,33,34,35,37,40,48,50,54,55,56,57,60,61,63,64,65,67,69,70,76,77,78,80,81,84,86,87,89,95,98,99,103,104,105,107,109,114,117,120,124,126,128,129,131,133 "47";
48 58 1 3,4,10,14,24,29,38,40,45,54,55,62,63,67,89,94,103,111,114,119,121,123,127 "48";
49 64 1 1,9,11,17,23,24,26,32,35,39,44,45,47,50,53,58,66,67,69,72,76,78,87,96,101,102,110,112,115,117,120,121,122,123,132 "49";
50 46 1 0,3,6,7,9,11,13,15,16,17,21,27,29,31,33,36,38,41,44,46,47,53,56,58,66,71,72,75,86,87,89,92,94,96,98,99,100,102,103,108,109,115,118,120,124,125,127,129,132 "50";
51 92 1 0,2,4,5,7,9,12,14,19,21,23,25,27,32,36,38,39,40,42,48,50,52,54,55,58,62,69,71,72,74,80,82,83,85,87,88,90,92,98,100,101,102,103,105,107,109,111,117,119,122,125,128,129,130,131,133 "51";
52 117 1 1,5,10,17,23,24,32,38,43,52,60,61,73,80,82,83,88,98,110,114,117,124,127 "52";
53 31 0 0,1,4,6,10,16,17,22,23,26,29,31,33,35,37,40,42,45,47,48,50,52,53,58,62,64,66,67,68,70,72,75,79,80,83,85,92,93,95,98,101,103,106,107,111,113,118,119,123,124,127,129,132 "53";
54 29 0 14,18,19,44,68,70,85,88,90,95,106,119,122,127,132 "54";
55 57 1 2,4,5,6,8,11,12,13,16,17,23,26,29,31,33,37,38,43,45,47,49,56,60,61,65,68,70,78,79,81,82,86,88,89,90,92,94,98,99,104,106,110,114,118,119,120,122,126,127,128,131 "55";
56 112 0 16,66,83,105,123 "56";
57 9 1 2,3,6,11,14,18,20,30,32,36,38,41,42,45,47,48,51,52,55,57,59,61,63,66,67,70,71,82,84,86,88,89,90,92,94,95,99,104,106,111,113,115,118,121,123,124,125,130 "57";
58 71 0 0,1,3,5,8,10,12,14,16,20,21,22,24,25,31,34,35,37,38,41,43,46,49,50,51,52,54,56,58,60,62,66,68,77,78,81,82,84,90,92,94,96,97,98,100,104,107,109,112,113,114,115,117,122,123,125,128,129,130,132 "58";
59 23 0 0,1,2,4,6,9,11,14,20,28,29,30,31,33,36,39,40,43,44,47,49,53,54,56,57,58,60,63,65,66,70,72,73,77,79,84,85,87,89,92,93,94,97,99,101,102,103,105,107,109,111,112,115,117,120,122,124,125,130,131 "59";
60 119 0 3,6,10,13,15,17,19,22,25,28,32,34,36,44,45,48,49,55,57,63,64,65,68,69,75,77,78,79,81,83,85,87,89,93,100,103,106,108,115,119,120,123,128,132,133 "60";
61 56 1 2,8,9,13,15,16,18,20,21,22,25,26,31,33,36,38,42,46,48,51,60,61,64,67,68,70,72,74,77,80,82,83,86,87,89,91,93,95,96,99,101,108,110,113,115,120,121,122,123,125,126,128,130,132 "61";
62 96 0 1,2,3,8,10,21,33,37,47,49,50,51,56,58,62,73,82,89,96,102,111,112,116,118,130 "62";
63 96 0 12,31,54,69,74 "63";
64 82 0 18,22,31,33,48,51,54,64,66,69,75,79,96,101,102,105,107,115,124,132 "64";
65 73 1 1,8,11,34,39,54,61,63,69,95,108,127,131 "65";
66 38 1 0,2,5,10,14,17,19,21,23,26,30,35,39,41,43,48,50,54,59,61,63,64,67,68,69,76,83,86,88,89,90,92,97,99,100,105,113,117,125,127,128,132,133 "66";
67 71 0 3,8,11,15,16,21,22,26,27,41,48,54,62,64,67,68,76,81,83,87,96,98,100,102,107,108,110,114,118,120 "67";
68 118 0 4,8,14,21,23,25,35,38,39,44,47,48,51,52,56,59,63,67,69,72,75,79,87,92,93,97,100,103,109,114,121,124,125 "68";
69 98 1 1,3,8,10,13,16,18,19,20,26,27,29,30,36,38,40,41,42,44,46,49,51,53,54,56,60,62,65,68,72,73,86,87,89,90,91,95,96,99,102,103,105,107,109,111,114,115,116,118,119,120,121,124,126,129,131,133 "69";
70 39 1 12,39,52,72,104,112,115,126 "70";
71 78 0 0,2,6,11,14,16,18,23,25,29,31,35,42,45,46,48,50,52,58,64,65,67,72,73,75,79,80,84,86,87,92,97,99,100,103,114,116,118,122,128,130 "71";
72 120 0 0,1,3,5,9,10,13,18,25,27,29,33,36,38,39,41,47,49,52,57,65,70,74,76,77,83,85,89,92,97,108,112,113,120,124,126,130 "72";
73 17 1 2,5,7,9,11,14,16,19,20,24,30,31,33,35,36,37,39,41,47,52,56,57,60,62,65,66,68,72,73,74,75,78,81,84,85,87,89,90,92,94,96,97,98,102,103,105,106,109,110,111,115,116,119,121,125,126,128,132 "73";
74 103 0 3,6,10,15,22,36,41,44,52,54,60,67,73,76,80,86,88,94,103,108,110,111,116,120,125,129 "74";
75 98 1 11,13,47,53,61,64,71,76,84,93,102,113 "75";
76 80 1 0,2,4,5,7,9,12,15,16,18,21,23,29,34,36,38,41,42,44,46,47,51,53,55,56,58,59,64,65,70,71,72,76,77,80,84,86,88,89,90,91,93,97,99,101,102,103,105,107,109,112,114,117,119,120,122,126,127,129,131,132,133 "76";
77 126 0 4,12,15,16,19,49,54,59,65,76,86,88,107,109,110,117,122,129 "77";
78 28 0 1,3,4,6,12,14,17,18,22,24,26,29,30,32,33,35,37,41,44,47,49,51,52,53,55,59,62,63,65,66,68,69,70,74,76,80,81,85,87,89,90,91,93,94,95,97,99,100,105,110,111,112,114,117,118,121,122,123,125,126,127,129,130,131,132 "78";
79 85 0 0,3,14,27,38,40,47,54,57,75,78,95,96,101,103,108,125,130,132 "79";
80 62 1 2,4,7,8,10,12,18,22,25,26,37,39,40,52,54,56,62,68,73,74,76,80,81,85,87,90,93,97,101,105,107,109,113,116,118,120,124,125,127,129,131,132 "80";
81 104 0 1,24,37,39,67,78,104,126 "81";
82 50 0 0,2,6,8,12,14,16,18,20,22,23,24,26,27,28,31,35,37,39,40,45,47,48,50,51,52,54,55,56,58,60,61,62,63,65,67,68,71,73,74,75,76,79,81,82,87,89,90,95,96,97,98,105,109,111,112,113,115,121,123,125,127,128,130 "82";
83 52 0 0,2,5,8,10,13,15,17,18,20,22,25,26,28,30,32,35,38,39,41,42,43,46,49,51,53,54,56,58,60,62,64,65,66,69,71,74,75,78,81,83,84,86,87,89,91,95,96,98,99,101,102,105,112,115,118,119,121,122,124,125,127,130,133 "83";
84 43 0 0,1,2,4,5,8,9,11,12,14,15,18,20,22,23,27,30,32,33,35,36,38,39,45,49,51,52,53,54,55,58,60,62,64,65,68,70,74,75,78,79,82,84,85,87,88,89,93,97,98,100,101,103,109,111,113,117,119,123,124,126,127,128,130,133 "84";
85 12 0 0,26,46,64,68,83,113,115,120,131 "85";
86 25 1 0,2,4,7,10,12,16,20,22,24,26,27,29,30,33,35,38,42,48,50,52,57,61,63,66,68,69,70,76,77,78,80,82,84,87,88,92,94,96,100,102,107,110,113,116,120,121,124,127,129,130 "86";
87 25 0 2,4,7,11,13,15,18,20,23,26,27,31,38,40,41,44,58,60,64,68,69,75,78,79,82,84,88,90,94,95,98,101,109,111,116,118,121,124,130 "87";
88 131 1 6,18,32,35,44,47,54,65,73,76,82,93,94,98,99,105,106,121,125 "88";
89 127 1 1,19,36,53,57,64,98,112,127 "89";
90 27 1 7,10,16,19,26,31,36,44,56,57,74,78,89,92,97,100,106,109,116,119 "90";
91 46 0 3,6,8,10,13,14,16,18,19,20,23,24,29,32,34,35,37,41,43,44,46,48,51,53,55,56,57,59,61,63,64,66,67,69,71,72,73,75,78,79,81,82,84,86,92,93,97,99,100,102,107,109,111,112,113,114,116,118,120,124,127,129,132,133 "91";
92 82 1 0,3,6,7,10,11,13,16,17,19,24,26,27,31,32,33,35,39,41,44,45,47,51,54,57,59,62,63,65,67,71,74,76,83,85,91,93,94,97,98,100,101,104,107,110,112,114,116,120,121,123,124,128,130,132 "92";
93 109 1 3,10,12,16,23,25,27,30,38,42,46,52,63,69,76,79,89,97,98,115,121,126,130,131,133 "93";
94 41 0 4,8,12,16,18,22,23,28,40,45,50,51,53,70,71,74,75,80,81,83,90,98,101,105,107,113,118,122,124,130 "94";
95 75 1 1,5,7,12,14,16,22,23,28,30,33,34,35,37,38,46,51,56,62,67,71,73,75,81,82,85,86,90,95,98,101,107,108,111,113,115,118,119,121,126,128,131,133 "95";
96 131 0 6,11,19,30,32,34,37,40,46,48,50,55,59,66,70,75,78,81,83,84,88,94,98,104,107,111,113,115,118,121,122,123,126,130,132 "96";
97 6 1 1,3,6,7,11,12,14,16,18,19,22,23,25,26,27,29,31,34,37,38,40,42,49,50,52,53,55,56,60,61,65,66,67,68,70,71,73,75,76,81,82,84,85,90,92,94,96,97,99,104,106,108,109,113,115,117,119,123,126,127,133 "97";
98 108 1 7,10,12,15,22,24,26,28,30,32,34,40,42,43,45,47,49,50,51,54,57,60,61,63,65,66,69,71,74,75,79,83,85,87,89,90,93,95,97,99,103,104,107,109,111,112,113,115,120,122,125,127,130,132 "98";
99 83 1 0,2,4,6,7,9,10,16,21,26,28,32,34,42,44,46,48,49,51,59,64,68,70,75,94,95,101,111,114,122,124,130 "99";
100 18 0 1,5,7,10,11,16,19,22,32,35,36,41,44,47,49,53,56,57,58,63,65,68,71,73,75,78,79,80,84,87,88,91,92,95,97,99,100,102,104,105,110,111,114,115,117,119,121,123,128,131,133 "100";
101 62 1 3,10,20,25,28,32,33,38,41,44,47,51,53,58,62,70,75,82,83,86,95,96,99,103,107,110,112,114,116,121,123,125,127 "101";
102 71 1 0,2,8,11,17,19,21,23,25,26,28,31,32,34,36,38,40,41,42,44,46,49,50,51,55,57,58,59,68,71,73,76,79,82,85,86,91,95,97,102,104,109,110,112,113,116,118,120,121,124,128,132 "102";
103 8 1 2,3,7,15,20,21,26,28,30,33,44,47,53,75,78,92,98,99,102,105,107,111,117,122,126,131 "103";
104 90 0 2,4,5,7,8,10,11,12,14,15,17,18,19,21,24,25,26,27,29,31,33,34,35,38,41,43,45,47,49,50,51,53,55,59,60,64,66,67,69,72,75,76,79,82,84,85,88,91,93,94,96,98,100,103,105,109,111,114,116,118,121,122,126,127,129,131,133 "104";
105 73 1 2,4,5,7,8,10,13,14,16,21,23,24,26,28,29,30,33,34,36,37,38,40,42,44,47,48,49,52,53,56,61,64,66,67,69,71,72,76,78,80,83,84,86,88,89,92,93,95,99,101,105,108,110,111,115,116,118,119,122,127,130,131 "105";
106 118 1 0,1,3,5,7,10,12,14,17,20,23,26,28,29,31,32,34,36,39,41,43,44,45,47,48,51,54,55,57,58,60,61,63,64,69,70,73,75,77,79,85,86,88,90,91,93,95,97,99,100,105,107,109,111,113,115,116,117,119,120,121,122,124,128,130,131,133 "106";
107 57 1 0,1,3,5,6,10,11,13,14,18,19,20,22,26,28,32,34,35,41,42,44,45,47,50,52,55,56,59,60,65,66,68,71,73,75,77,78,82,83,85,87,90,92,93,95,96,98,101,103,105,108,109,111,113,114,115,116,119,120,126,128,129,131,132 "107";
108 126 1 0,6,8,11,12,15,17,23,28,31,32,35,41,43,45,47,48,50,51,53,54,55,59,69,71,72,73,76,82,86,88,95,97,101,103,104,107,110,112,114,115,119,120,122,123,130 "108";
109 88 1 7,11,13,36,39,53,75,78,82,118 "109";
110 49 0 3,5,8,10,12,13,14,17,18,20,22,23,25,27,29,31,35,36,39,41,42,44,45,46,48,49,51,54,58,60,68,71,75,76,77,78,80,84,89,92,94,96,98,101,102,104,105,108,109,112,114,117,122,124,127,128,130 "110";
111 114 1 0,12,18,31,35,41,80,96 "111";
112 6 1 3,5,6,8,19,31,46,50,80,105,108,110,125,128 "112";
113 128 1 0,2,5,11,12,14,16,18,19,21,22,24,25,29,33,35,36,37,40,41,42,43,44,47,48,53,54,56,57,60,62,64,66,67,69,70,74,75,78,79,82,83,84,87,90,91,95,99,101,103,108,109,110,112,113,115,117,119,121,122,125,127,128,130,131,133 "113";
114 94 0 0,3,7,8,11,13,17,18,20,30,38,41,43,45,52,60,62,65,71,79,93,94,99,110,113,121,129,131 "114";
115 73 0 0,2,5,7,8,11,16,17,21,22,23,26,29,30,31,32,35,36,38,39,41,42,44,46,48,49,51,53,54,57,59,60,62,67,70,71,74,75,77,78,80,83,88,89,94,97,100,102,105,108,110,114,115,117,119,120,122,124,127,129,131,132 "115";
116 28 1 2,5,7,10,12,14,15,17,19,21,26,31,32,34,36,38,39,41,42,43,45,47,49,53,54,55,57,60,61,62,65,67,69,71,74,76,78,79,81,82,84,85,87,89,90,95,97,98,100,102,103,109,111,115,116,117,120,123,130,131 "116";
117 132 0 0,2,4,5,9,11,14,18,20,23,25,34,35,36,39,40,43,48,54,55,64,66,71,76,86,102,113,116,123,128 "117";
118 133 1 1,4,6,7,9,10,13,15,20,22,29,33,35,37,40,41,44,47,51,54,58,65,71,73,77,79,80,81,85,89,90,95,97,102,103,104,111,115,116,118,120,125,126,127,130,131,133 "118";
119 47 0 1,2,4,8,11,13,15,16,18,20,21,24,27,30,31,33,36,40,41,43,46,47,48,50,51,53,54,55,57,60,64,66,69,72,76,80,85,90,92,94,96,99,101,102,104,110,111,112,115,117,119,121,122,124,128,130 "119";
120 107 0 1,5,8,9,11,12,16,20,21,26,29,31,36,42,45,51,54,62,65,68,69,71,76,77,79,80,84,94,98,100,103,105,106,109,110,113,116,117,125,127,130,133 "120";
121 132 1 0,1,2,12,17,20,23,26,28,30,31,37,45,52,53,54,63,74,80,84,95,100,102,103,108,110,113,114,116,117,122,132 "121";
122 84 1 0,1,5,6,8,11,12,16,17,22,24,32,35,39,44,47,51,55,61,66,67,72,74,77,80,82,87,89,90,92,95,97,98,100,103,113,116,117,120,121,122,124,126,130 "122";
123 79 1 3,10,26,38,43,46,50,57,69,70,81,83,93,102,104,106,112,118,121,123,132 "123";
124 6 0 1,4,10,26,29,30,34,42,44,47,53,58,65,69,70,71,75,83,86,99,103,105,114,118,123,131,132,133 "124";
125 118 1 47,66,109 "125";
126 30 1 1,2,7,15,16,18,24,27,32,34,39,41,44,49,54,59,60,68,70,71,78,79,88,90,91,92,102,106,107,112,114,124,132 "126";
127 60 1 10,12,74,80,91,94,100,118 "127";
128 100 1 1,4,6,7,10,12,15,17,18,19,26,34,37,40,41,44,48,51,60,61,65,71,78,80,83,85,87,89,91,97,99,103,106,108,116,119,126,131 "128";
129 65 1 2,3,4,6,8,10,12,13,15,16,17,21,24,26,29,30,32,34,39,40,41,44,45,47,48,50,51,53,55,56,58,60,63,65,67,68,74,76,81,84,85,87,89,90,95,98,100,103,104,108,111,114,116,117,119,121,123,129,132,133 "129";
130 18 0 0,1,2,5,6,7,9,15,18,19,21,24,27,29,38,39,46,48,52,54,56,58,60,62,65,67,69,72,73,75,76,78,79,81,82,83,85,87,89,91,93,96,97,99,100,103,105,106,108,109,110,112,114,116,119,120,123,126,127,129,130,132 "130";
131 15 1 0,12,16,17,20,22,38,44,46,54,57,59,62,63,64,69,72,76,78,82,84,89,91,98,109,110,114,119,124,127,131 "131";
132 76 1 13,14,52,54,66,72,76,87,97,107,120 "132";
133 35 0 2,5,9,12,14,17,23,24,29,37,41,43,46,48,49,52,53,54,56,58,60,65,68,72,74,76,78,82,84,88,92,94,95,98,99,101,107,116,121,123,125,127,128,130,132 "133";
