parity 100;
0 100 0 1,3,5,6,7,9,11,14,17,18,22,26,30,31,32,36,40,42,43,45,49,50,53,54,57,59,61,64,66,68,70,71,76,78,79,81,82,85,86,88,90,91,95,96,98,100 "0";
1 76 0 3,26,35,39,45,56,85 "1";
2 99 1 0,2,10,11,15,37,38,46,52,61,66,68,69,73,78,82,86,91,97 "2";
3 44 0 9,15,24,39,54,59,61,69,75,90,95 "3";
4 64 1 2,4,32,36,43,56,70,85,91 "4";
5 94 1 0,2,8,11,12,14,16,19,20,22,23,27,30,31,32,34,36,38,40,41,44,46,47,49,52,54,55,57,65,68,70,71,73,74,77,81,82,84,85,87,88,89,91,94,95,96,100 "5";
6 31 0 0,1,2,5,9,10,12,16,17,18,22,24,26,27,28,31,32,34,45,49,51,53,54,56,57,60,61,63,67,70,73,76,77,79,80,82,83,85,86,88,90,92,93,94,97,100 "6";
7 41 1 0,1,2,3,5,7,9,10,12,13,14,16,18,21,25,26,32,35,36,42,44,45,52,53,56,58,60,62,63,65,71,72,74,76,78,80,81,84,90,94,96,98,99,100 "7";
8 48 1 0,1,3,6,7,10,11,13,15,16,21,23,25,27,28,31,33,36,37,39,40,48,50,53,55,56,60,63,64,65,68,70,71,76,78,80,82,83,87,90,91,92,95,97,98 "8";
9 88 1 0,1,2,7,11,12,15,17,18,21,23,25,26,28,30,32,36,38,40,43,44,46,51,53,54,56,59,60,64,65,67,71,73,75,76,78,80,82,86,87,89,92,94,97,100 "9";
10 71 0 21,52,76 "10";
11 101 0 2,8,12,14,15,18,24,28,30,35,38,40,41,43,49,54,56,60,62,65,72,75,79,82,89,95,98,100 "11";
12 86 1 0,2,3,4,8,9,10,12,13,16,17,18,21,22,23,25,31,33,36,37,39,41,42,43,46,47,49,51,54,57,58,62,63,66,68,69,71,72,74,76,82,87,91,94,95,98 "12";
13 2 0 3,6,7,8,9,10,12,13,15,18,24,28,30,31,37,40,43,46,48,52,54,57,58,60,61,69,72,75,77,78,80,81,83,88,90,92,93,98,100 "13";
14 43 1 0,1,3,5,6,7,9,11,12,14,16,17,20,21,24,27,32,33,39,42,45,46,47,52,56,58,62,67,70,71,75,77,81,84,86,87,93,94,97,100 "14";
15 31 1 3,4,25,27,37,44,58,63,74,89,95,97,98 "15";
16 3 1 0,3,5,6,9,14,20,22,23,27,28,32,33,35,39,40,42,44,46,50,57,60,63,67,68,69,71,72,74,77,80,82,83,86,89,92,93,97,99 "16";
17 57 1 0,2,4,6,7,8,10,12,13,15,18,21,23,25,27,29,34,35,37,39,42,43,45,48,50,51,52,55,56,58,60,61,66,68,69,70,73,76,77,81,83,84,86,88,90,91,97,100 "17";
18 29 1 0,2,5,6,9,11,14,16,18,19,20,23,25,27,28,29,32,35,40,42,46,48,53,57,61,63,66,67,69,70,72,74,79,81,92,96,99 "18";
19 53 1 0,4,17,22,27,61,71,74,87,89,94,96,100 "19";
20 48 1 1,18,23,34,35,43,48,58,69,70,74,78,85 "20";
21 99 1 1,6,32,39,69,81 "21";
22 96 0 0,1,3,5,7,9,10,12,14,17,18,20,24,25,27,30,32,35,36,37,38,40,41,42,44,46,49,52,54,56,58,63,67,70,72,73,77,81,83,84,89,91,93,95,96,98,99,100 "22";
23 21 0 8,14,18,30,46,47,50,70,73,78,88 "23";
24 85 1 0,2,4,11,13,22,30,35,38,41,42,44,47,49,53,55,58,59,62,64,66,69,73,77,79,87,92,93,95,98,100 "24";
25 99 1 0,2,4,7,9,12,26,29,31,38,39,44,46,50,56,72,74,80,85,86,88,95 "25";
26 30 0 1,8,9,10,11,13,16,18,19,21,27,28,29,30,36,38,41,45,47,48,50,51,53,54,59,60,63,66,68,69,70,73,75,78,84,87,89,93,94,95,97 "26";
27 87 1 3,4,9,14,21,22,28,31,32,35,43,44,51,54,65,66,69,72,86,90 "27";
28 36 0 0,10,12,14,16,37,63,67,74,81,89 "28";
29 5 0 0,8,12,14,19,26,28,31,33,35,38,40,47,48,53,55,59,65,70,73,78,81,84,86,88,89,91,93,97 "29";
30 20 0 0,2,3,8,14,22,26,30,44,46,49,54,56,60,61,64,71,92,100 "30";
31 24 0 3,6,12,18,21,23,26,28,33,37,39,43,45,47,49,50,52,55,57,58,61,62,64,71,73,77,80,84,86,88,90,93,95 "31";
32 45 0 2,5,6,17,19,25,33,36,37,40,41,52,56,67,68,74,77,80 "32";
33 62 0 3,4,6,8,10,12,14,19,21,24,28,30,32,37,42,47,51,52,55,63,66,67,70,73,74,76,80,81,83,88,89,90,92,95,99 "33";
34 3 1 3,4,7,10,12,14,16,19,20,22,24,28,29,30,31,33,35,42,44,46,49,50,51,52,54,56,59,61,65,66,70,72,74,76,79,82,84,86,94,97,99 "34";
35 72 0 2,5,6,7,10,12,19,26,27,29,37,38,43,49,51,57,59,67,69,74,82,84,87,88,91,98 "35";
36 35 1 2,5,8,19,22,24,27,28,30,32,38,44,46,48,52,55,59,62,65,66,67,69,71,72,75,76,82,84,90,92,95 "36";
37 31 0 8,24,25,27,32,39,40,42,50,54,59,60,66,69,77,79,91,97 "37";
38 92 0 0,1,8,11,13,18,21,25,30,32,34,41,46,47,54,58,61,71,73,74,79,81,85,88,90,92,95,100 "38";
39 68 1 0,4,5,7,9,11,15,16,18,22,25,27,30,31,33,34,35,36,38,41,42,44,47,48,51,55,60,62,63,64,67,68,70,71,72,73,76,78,79,81,82,83,85,86,87,93,95,97,99 "39";
40 53 0 1,4,11,24,44,49,55,70,81 "40";
41 68 1 4,11,20,25,27,30,37,43,52,54,56,63,64,66,67,68,76,78,81,87,90,93,95 "41";
42 48 1 4,30,55,74,79,99 "42";
43 65 1 0,4,10,11,20,29,34,39,42,50,58,60,69,76,78,86,91 "43";
44 75 0 0,3,12,18,24,28,30,81,89,94 "44";
45 45 0 0,5,11,13,23,24,25,28,30,37,38,40,41,45,47,51,56,60,62,68,79,86,90,92,100 "45";
46 39 0 2,4,9,13,15,16,18,22,24,32,35,42,43,45,47,48,51,53,56,57,60,65,66,68,77,78,81,84,89,90,91,92,98,100 "46";
47 30 0 0,22,30,38,44,45,46,51,59,64,67,72,74,76,81,94,96,99 "47";
48 9 1 1,2,4,5,16,19,22,34,35,38,39,41,42,45,46,48,49,54,56,60,62,64,65,68,70,73,76,77,79,84,86,87,93,95,97 "48";
49 93 1 3,4,11,13,16,19,23,42,50,61,68,79,80,86,89 "49";
50 64 0 3,8,10,12,19,25,27,30,31,34,35,38,43,44,46,51,52,54,55,58,61,65,66,69,71,73,79,81,83,84,89,91,94,96,99,100 "50";
51 31 0 4,46,47 "51";
52 94 1 1,4,6,8,11,12,18,21,22,24,30,32,35,48,49,52,55,64,66,67,73,77,81,83,86,89,92,93,97,100 "52";
53 88 0 0,2,3,4,6,8,10,14,15,17,19,20,22,23,26,27,29,30,34,35,37,39,43,45,47,49,51,53,55,57,58,60,61,62,64,65,67,71,73,79,81,87,88,89,94,96,97,100 "53";
54 49 1 0,2,5,6,10,11,12,14,18,19,22,24,27,29,33,35,37,38,40,44,45,48,50,52,53,55,57,62,63,67,68,70,74,76,78,79,83,84,85,93,100 "54";
55 13 0 0,2,15,18,22,32,38,44,47,51,65,69,80,81,85,89 "55";
56 47 1 1,4,8,9,10,12,16,18,20,22,24,28,30,32,34,39,42,44,47,49,50,53,54,58,59,62,64,66,67,69,72,77,84,85,86,88,92,94,95,96,100 "56";
57 45 1 3,13,31,33,36,38,40,51,52,63,65,66,73,75,77,83,89,93,94 "57";
58 22 0 10,16,20,22,25,41,45,55,57,58,64,65,73,76,79,85,91,92,94,95,96 "58";
59 29 1 1,13,16,22,27,29,46,48,53,65,73,75,89 "59";
60 77 1 1,9,14,21,31,83 "60";
61 33 1 11,15,33,34,43,58,85 "61";
62 62 1 1,3,5,7,10,11,13,14,17,18,21,22,23,25,26,29,33,35,36,41,45,49,51,53,55,57,59,61,65,66,68,70,74,79,80,82,84,90,92,96,97,99 "62";
63 57 0 0,9,10,11,13,16,17,21,23,28,30,31,33,34,36,40,43,46,51,53,55,58,59,61,62,65,70,71,73,77,79,81,85,86,93,96,98,100 "63";
64 32 0 1,4,6,16,24,28,30,33,45,46,63,70,88,99 "64";
65 17 0 2,3,6,9,10,12,13,15,16,21,23,24,26,29,31,34,35,36,38,40,42,45,48,51,52,54,55,57,59,61,63,65,71,72,74,76,77,78,80,85,87,91,93,96,97,98,100 "65";
66 101 1 0,13,21,23,28,34,53,65,82,92,98 "66";
67 50 1 1,6,16,19,23,27,30,33,36,39,53,54,57,63,68,71,74,76,80,82,84,87,88,91,97,98,100 "67";
68 84 1 2,3,11,13,16,20,22,24,25,37,39,40,42,44,50,59,64,68,70,74,78,82,84,88,90,95,96,99,100 "68";
69 82 0 3,7,12,23,30,33,40,55,66,93,96,100 "69";
70 81 0 3,22,50,94 "70";
71 23 0 3,13,18,21,28,33,49,51,63,81,89,96,97 "71";
72 37 0 5,7,10,13,15,27,30,31,32,37,45,49,56,57,70,75,84,90,93,94,97 "72";
73 59 0 0,2,4,18,20,25,27,28,30,31,33,34,36,38,39,40,42,45,47,48,52,54,56,57,59,63,65,67,69,72,73,76,80,81,83,84,88,92,93,95,96,99 "73";
74 100 1 16,25,65,83,87,100 "74";
75 85 0 1,4,7,8,13,16,17,22,31,33,36,41,47,49,54,56,64,66,68,72,75,83,86,89,91,94,100 "75";
76 4 1 2,5,6,10,15,16,17,18,20,21,24,26,27,30,34,38,43,46,47,48,50,52,55,57,59,61,62,63,65,67,70,73,76,78,80,81,84,85,92,93,99,100 "76";
77 90 1 3,6,14,25,32,34,36,38,44,46,48,55,65,67,72,78,87,90,91,94 "77";
78 78 0 3,6,19,23,25,28,29,36,40,43,47,50,51,53,55,57,62,65,70,78,80,85,89,90,93,97 "78";
79 70 0 1,3,6,12,13,17,22,27,28,30,33,36,37,39,40,43,47,48,50,62,65,66,67,71,74,75,82,84,85,97 "79";
80 95 0 8,16,25,28,36,40,43,45,53,64,68,71,83,91,93,97,100 "80";
81 40 0 5,8,16,20,23,41,44,58,61,66,68,70,74,83,84,87,97,99 "81";
82 73 0 3,7,8,9,13,14,16,25,28,31,37,39,44,45,51,56,60,65,68,70,71,75,77,82,86,88,92,94,100 "82";
83 39 0 1,2,7,10,16,20,21,33,34,36,39,41,46,48,50,52,56,58,71,72,77,78,82,85,91,93,99,100 "83";
84 98 0 19,23,60,74,81,88 "84";
85 77 0 4,6,9,12,15,17,26,31,33,36,40,43,50,55,56,58,63,65,72,76,79,81,84,98 "85";
86 99 0 19,56,68,95 "86";
87 46 0 0,1,3,4,5,10,12,17,18,19,21,23,26,30,33,34,38,40,41,43,44,46,49,51,53,54,55,57,58,60,62,66,67,68,69,71,72,75,77,79,81,82,83,84,86,89,90,94,95,97,100 "87";
88 15 0 9,14,27,39,45,46,48,64,68,73,89 "88";
89 17 0 1,2,4,8,10,11,14,20,22,23,25,29,40,41,44,46,48,53,54,57,59,60,66,67,68,72,74,82,85,88,92,94,98,100 "89";
90 43 0 0,2,6,10,14,17,20,33,36,38,47,48,50,52,56,59,61,67,74,77,82,86,92,95 "90";
91 48 0 1,15,23,26,27,38,55,84,90,92,96 "91";
92 99 1 2,4,6,9,10,12,18,19,22,25,27,31,34,35,36,40,42,43,45,48,50,52,54,56,62,66,68,70,71,74,75,77,78,81,83,84,85,87,89,90,94,97,98,100 "92";
93 28 1 5,12,24,29,37,45,50,54,62,71,80,84,89,100 "93";
94 34 0 3,5,8,12,13,14,15,17,22,23,25,29,31,33,34,36,38,40,41,43,46,48,51,53,54,57,59,61,62,63,65,67,68,69,71,75,76,81,83,85,86,88,91,93,99 "94";
95 87 1 1,2,7,9,13,18,19,21,22,25,27,33,36,39,42,44,46,49,54,58,60,61,65,67,69,71,73,74,76,78,79,83,87,89,94,96,98 "95";
96 70 1 0,1,5,6,8,10,16,17,18,21,23,24,25,27,28,30,33,35,39,41,43,46,47,49,53,59,62,63,68,69,72,74,77,78,80,83,85,86,89,91,92,93,94,96,97,98,100 "96";
97 18 1 1,5,8,9,10,12,14,15,19,22,24,26,29,34,36,37,38,39,41,42,44,46,47,50,53,55,58,60,63,65,66,69,72,76,78,79,80,82,84,86,87,96,97 "97";
98 30 1 6,9,11,15,16,21,23,25,30,35,38,40,42,44,45,47,48,49,51,53,54,57,59,60,62,64,66,71,72,74,76,83,85,88,89,94,96,98,100 "98";
99 7 1 1,4,5,14,16,19,24,36,46,55,56,74,79,83,86,89,92,96,98 "99";
100 96 1 3,11,14,15,18,22,28,31,38,41,52,54,57,62,67,70,76,85,89,92,95,96 "100";
