parity 92;
0 65 0 4,7,10,11,13,31,35,40,41,46,49,58,64,69,78 "0";
1 17 0 0,4,11,13,16,17,21,23,28,30,37,46,51,54,68,69,72,75,76,85,88,91,92 "1";
2 65 1 1,4,7,9,10,13,16,18,20,21,24,25,27,28,30,31,33,34,35,37,39,41,42,43,44,47,50,52,53,57,58,60,62,64,67,72,74,76,77,80,82,84,86,87,90,91 "2";
3 29 1 33,61,68,69,70 "3";
4 15 1 2,3,6,11,21,35,40,47,55,66,72,74,80,88 "4";
5 3 1 0,2,7,19,21,23,26,33,34,48,55,57,66,67,70,72,73,75,77,80,82,87,88,91 "5";
6 67 1 8,11,13,16,17,19,20,21,29,33,35,41,43,46,51,53,55,58,61,65,66,73,77,79,83,86,88 "6";
7 87 0 0,8,11,14,15,21,39,50,52,56,57,58,69,83,87 "7";
8 13 0 25,42,65 "8";
9 36 0 25,61,67,71 "9";
10 68 1 0,1,3,5,6,7,9,10,13,14,16,20,22,23,25,26,29,31,34,38,40,42,46,47,52,53,55,57,58,60,62,64,66,69,72,73,75,76,78,79,83,85,87,91,92 "10";
11 25 0 0,4,5,11,13,17,22,28,29,32,35,41,44,48,51,57,61,62,71,72,74,79,86,91 "11";
12 61 0 15,19,28,44,55,58,73,81,84,90 "12";
13 52 1 54,74 "13";
14 30 0 1,3,7,8,10,12,15,16,18,23,24,30,31,35,38,39,44,46,47,50,52,53,55,57,59,67,70,72,76,84,86,91 "14";
15 14 1 5,15,19,33,34,52,61,67,78,84,87 "15";
16 88 1 11,16,31,35,41,45,61,73,85 "16";
17 80 0 61 "17";
18 7 1 0,3,8,10,11,13,16,17,18,19,21,22,26,28,29,31,33,36,37,39,41,42,44,46,47,50,55,57,59,61,62,64,65,68,69,71,75,77,81,83,84,85,87,90,92 "18";
19 10 0 5,8,10,17,20,26,39,41,43,45,47,58,65,66,70,76,79,82,85,88,90,92 "19";
20 27 0 1,32 "20";
21 43 0 0,3,5,7,9,17,21,29,34,35,38,44,48,50,52,55,59,60,62,63,66,68,71,73,74,76,77,79,81,83,84,86,88,90 "21";
22 45 1 7,18,28 "22";
23 27 1 2,3,6,8,9,10,14,16,17,23,25,27,29,31,34,37,38,40,43,44,45,48,49,52,53,55,61,64,66,69,73,74,75,77,78,79,87,90,92 "23";
24 43 1 0,8,26,42,51,56,81,85 "24";
25 79 1 1,4,6,12,15,20,24,27,36,38,40,42,45,49,51,59,61,63,65,69,70,72,77,80,84,87,88,89,92 "25";
26 64 0 2,5,6,8,10,14,16,17,19,21,23,27,29,30,32,33,38,39,44,47,53,55,56,59,60,62,64,65,67,68,69,71,73,80,81,84,85,88,89,90 "26";
27 10 0 0,1,3,6,7,9,10,13,14,16,18,19,21,22,24,28,30,31,33,35,36,40,43,44,45,46,49,55,56,58,61,63,65,67,69,71,73,75,78,79,82,85,88,92 "27";
28 23 1 13,16,56,83,89 "28";
29 36 0 2,5,8,10,11,13,15,19,20,22,24,32,34,37,39,41,43,44,46,47,50,55,56,57,59,62,68,73,84,86,89 "29";
30 93 0 2,42,56,65,87,91 "30";
31 34 0 0,1,3,7,9,11,13,14,17,18,21,24,28,30,32,33,34,35,37,38,40,41,43,46,48,49,54,56,57,59,61,63,65,66,70,71,72,73,76,79,81,86,87,88,90,91,92 "31";
32 21 0 0,5,8,9,10,13,19,21,23,24,26,28,30,34,36,37,39,41,42,45,47,51,53,55,58,61,63,67,69,71,72,75,79,80,87,91 "32";
33 78 1 5,34,46,48,52,88,91,92 "33";
34 90 1 1,9,10,13,14,18,19,21,22,26,27,29,31,36,37,38,39,41,45,47,49,50,51,52,53,55,56,58,59,62,65,66,67,69,71,72,75,76,78,79,80,86,87,90,92 "34";
35 19 0 2,3,5,11,16,17,24,27,29,40,41,44,50,53,54,57,58,67,72,77,78,82,87 "35";
36 81 0 0,5,6,8,10,12,15,18,19,22,25,27,33,35,39,45,47,51,52,54,57,62,64,66,72,73,78,80,83,86,89,90 "36";
37 84 0 1,6,10,14,18,22,24,26,27,30,31,33,38,41,47,49,55,56,60,61,70,74,79,81,83,84,86,87,91,92 "37";
38 44 1 4,6,9,13,15,16,21,22,23,28,30,32,34,35,41,46,48,50,52,55,56,61,63,65,67,73,76,77,79,81,83,84,88,90,92 "38";
39 57 0 1,12,13,66,84,92 "39";
40 22 0 0,3,6,8,11,14,15,17,18,20,22,29,32,33,40,41,46,48,51,52,55,56,61,62,65,67,70,74,77,79,82,85,86,88,91 "40";
41 78 0 20,22,71,78,90 "41";
42 28 0 21,67 "42";
43 82 1 2,11,13,23,24,26,28,31,33,34,39,43,54,64,68,76,79,80,82,90,92 "43";
44 88 1 1,2,5,12,14,16,18,19,21,23,24,28,31,32,33,35,36,40,42,44,48,49,51,54,60,62,63,68,70,72,81,85,88,89,91 "44";
45 35 0 12,13,21,23,31,36,43,45,49,52,63,68,75,77,79,87,91 "45";
46 12 0 14,21,32,74 "46";
47 71 1 2,3,4,6,9,14,17,21,25,27,28,29,31,33,35,39,41,46,50,52,55,57,58,60,64,65,67,68,77,80,83,85,86,87,89,92 "47";
48 23 0 0,2,5,7,9,10,12,15,16,17,21,29,31,35,37,38,41,44,47,49,51,54,56,58,60,62,63,69,71,76,78,79,81,83,85,88,90,92 "48";
49 76 1 0,2,6,8,10,11,14,18,19,22,24,26,28,30,31,33,38,39,41,42,43,45,46,48,49,51,52,53,54,56,60,62,63,66,67,69,71,73,77,79,81,84,86,88,90,91 "49";
50 10 0 2,4,14,18,20,22,25,27,29,33,37,40,59,62,74,76,77,82,84 "50";
51 44 0 2,4,6,11,13,14,26,30,32,36,45,47,48,50,53,55,58,60,62,64,73,76,78,79,81,82,85,86,90,92 "51";
52 79 0 6,9,12,13,16,17,20,23,24,25,27,29,31,33,34,35,41,45,47,49,51,53,54,56,58,61,63,65,67,71,74,76,79,82,84,86,88,90,91 "52";
53 77 1 3,7,10,13,20,28,38,52,57,58,67,71,85,87 "53";
54 22 1 0,2,7,14,15,22,25,27,33,35,38,41,43,44,49,50,53,56,57,59,61,63,65,68,71,73,78,81,83,85,88,91,92 "54";
55 71 0 4,6,10,12,16,20,25,27,30,32,36,38,39,48,50,53,56,62,69,73,74,79,86,88,89 "55";
56 13 1 2,4,8,11,12,14,15,18,22,25,30,32,36,47,49,53,54,61,68,71,76,80,81,84,85,90 "56";
57 77 0 2,3,4,8,11,13,14,15,19,23,27,29,30,33,34,38,41,43,46,48,56,62,66,68,72,73,76,78,81,85,89,91 "57";
58 62 0 5,17,22,29,47,50,52,55,62,69,72,80,82,86 "58";
59 44 1 0,3,4,6,9,10,11,15,16,19,21,24,29,31,35,36,40,41,43,45,46,50,52,53,56,58,60,61,62,64,65,67,69,73,76,78,82,84,87,88,91,92 "59";
60 26 1 3,5,6,8,9,12,19,22,25,32,36,42,43,54,58,62,63,68,77,80,83,86,91,92 "60";
61 26 1 1,2,4,5,8,11,13,15,16,18,19,20,23,24,31,33,35,38,39,41,43,46,48,50,51,53,55,57,58,60,63,65,68,73,74,76,80,81,82,85,86,88,90,91 "61";
62 23 1 0,2,4,6,9,11,14,17,19,20,29,30,32,37,44,46,49,53,54,57,59,61,64,67,71,73,77,79,80,82,85,91 "62";
63 68 1 6,8,12,20,55,69,79,83 "63";
64 13 0 0,7,13,15,16,19,22,24,26,41,46,52,61,64,67,69,70,77,89,92 "64";
65 42 0 2,4,12,13,15,18,26,30,33,35,39,48,51,52,54,55,65,68,73,76,77,82,84,88,90 "65";
66 91 1 5,31 "66";
67 72 1 0,1,3,4,5,8,9,10,13,15,16,17,20,21,22,25,26,27,30,31,33,35,36,39,43,45,48,51,52,54,56,58,63,65,68,69,71,73,74,76,78,80,82,83,86 "67";
68 17 1 0,2,8,11,13,15,17,20,21,26,35,37,42,44,46,49,54,56,58,63,64,65,66,73,75,77,81,83,85,86,89 "68";
69 44 0 1,4,7,9,10,13,15,16,18,20,22,24,26,28,32,34,38,42,44,48,52,54,57,59,60,62,63,65,66,67,70,76,81,86,87,89 "69";
70 53 1 2,5,7,8,11,13,15,17,18,19,21,24,26,27,29,30,32,37,42,43,45,46,48,49,50,52,53,54,56,58,60,61,63,65,67,69,71,73,74,77,79,81,83,84,87,90,91 "70";
71 89 1 3,5,9,13,15,16,19,20,22,24,27,29,30,32,36,42,43,46,47,50,51,52,55,60,63,65,66,68,70,76,83,85,86,87,89,91,92 "71";
72 44 1 27,28,36,56,82,84 "72";
73 46 1 5,30,34,45,46,49,59,68,77,81 "73";
74 15 0 6,18,21,48,57,59,61,73,77,80,82 "74";
75 15 0 1,10,12,15,16,23,29,33,35,38,39,41,43,46,48,50,55,61,64,67,69,71,74,76,79,81,82,84,85,86,89,92 "75";
76 12 1 0,7,15,18,20,23,25,40,44,45,49,55,62,77 "76";
77 68 1 6,10,16,17,21,24,34,36,38,41,45,51,58,62,65,69,74,77,82,86,89 "77";
78 69 1 41,42,44,79 "78";
79 10 1 0,4,8,9,13,15,17,19,22,25,26,28,31,36,39,41,44,48,52,54,57,60,61,63,71,72,74,75,76,78,80,83,85,87,89,90,91 "79";
80 83 1 0,3,5,7,14,15,30,32,39,42,46,49,52,54,61,62,64,71,77,82,84,85,89 "80";
81 80 0 0,1,4,6,10,11,13,14,20,21,22,26,29,30,32,34,36,37,39,41,43,45,47,49,52,54,56,59,61,63,68,70,73,76,79,82,83,85,87,88,89 "81";
82 32 1 7,10,12,13,15,19,20,22,23,26,27,33,35,38,44,46,48,51,54,56,58,59,71,74,90,91 "82";
83 32 1 0,2,7,11,19,20,22,24,27,29,33,34,37,38,40,41,45,56,60,62,68,70,73,77,81,84,85,87,89,92 "83";
84 32 1 1,3,5,7,12,14,17,20,22,23,24,25,26,31,34,36,37,40,44,45,46,48,50,52,55,58,60,64,66,67,68,70,71,75,78,79,80,82,84,85,86,87,89,90,92 "84";
85 81 0 0,3,4,10,14,16,19,21,23,27,28,32,36,42,44,49,50,52,57,59,61,70,72,76,83,85,87,91 "85";
86 79 0 0,3,6,8,11,12,14,16,17,19,21,22,26,27,32,34,38,40,41,42,45,49,50,52,53,55,56,58,59,62,66,71,72,73,74,77,80,82,83,91 "86";
87 38 1 19,40 "87";
88 11 1 1,3,5,7,10,15,16,18,20,21,24,25,28,31,32,33,37,38,44,48,49,52,53,54,56,61,62,64,74,76,78,82,89 "88";
89 20 0 7 "89";
90 78 0 0,6,8,10,14,18,24,31,34,35,37,46,48,50,57,58,60,65,73,77,84,92 "90";
91 22 1 9,27,40,51 "91";
92 14 0 10,23,29,32,44,51,52,57,62,64,69,72,75,77,83,87 "92";
