parity 107;
0 84 1 2,8,9,13,14,17,19,20,24,31,34,37,42,45,50,54,56,58,60,62,64,66,68,69,73,79,81,83,85,88,91,96,98,100,101,102,105,107 "0";
1 14 1 0,1,5,12,13,18,28,33,36,44,45,48,56,57,60,65,67,70,71,73,76,78,81,84,86,90,92,94,97,99,101,106,107 "1";
2 23 1 13,33,38,65,75,97,100 "2";
3 28 1 3,8,19,30,35,39,41,44,46,52,54,58,60,62,64,66,67,69,70,72,77,89,93,95,98,99,101,103,107 "3";
4 5 1 0,1,4,7,11,16,19,21,25,27,31,34,37,38,43,46,49,53,55,57,64,66,68,73,74,78,79,82,83,85,87,90,93,97,98,103,105,107 "4";
5 49 0 0,2,4,10,13,16,18,23,25,26,32,34,38,39,42,45,46,48,49,50,52,56,59,60,61,63,65,66,67,70,71,72,76,80,81,84,85,88,93,95,96,98,101,103,105 "5";
6 22 0 2,3,7,10,12,13,16,17,21,22,25,29,35,37,38,42,43,45,55,58,60,63,66,68,71,75,77,79,81,92,96,101,104,106 "6";
7 80 0 6,26 "7";
8 87 0 14,15,22,30,78,80,89,106,107 "8";
9 29 1 1,3,5,8,13,15,18,20,22,24,26,29,31,33,35,39,41,45,48,51,52,54,56,57,60,62,64,66,70,76,78,79,82,84,86,91,92,94,96,97,99,101,102,103,107 "9";
10 77 0 13,22,26,31,35,37,55,76,83,89 "10";
11 35 0 6,9,12,26,28,29,31,37,50,60,65,69,85,91,94,102,103,105 "11";
12 21 1 1,5,10,14,18,19,21,25,28,35,36,37,40,42,44,49,53,55,56,58,60,61,64,68,70,75,80,88,90,96,97,99,102,107 "12";
13 11 0 0,8,10,12,13,17,19,23,26,28,30,41,43,53,55,58,60,65,68,82,84,95,98,107 "13";
14 37 1 0,3,12,14,17,26,28,30,32,33,37,42,45,52,55,57,58,66,68,71,72,76,78,83,86,90,97,100,101,105 "14";
15 73 0 8,21,23,41,64,85,93,96,97,102 "15";
16 22 0 0,4,11,15,19,21,27,33,36,39,40,42,43,47,50,52,54,59,61,64,67,68,72,79,81,84,88,92,95,97,100,105 "16";
17 100 1 0,2,5,6,8,10,11,14,16,17,20,22,23,25,27,33,34,36,40,41,44,50,51,55,58,61,63,66,68,70,75,81,84,85,86,88,93,94,96,97,98,101,104,105,107 "17";
18 52 1 1,6,12,23,28,49,54,62,66,70,78,86,91,104 "18";
19 103 0 1,4,6,7,9,12,13,16,17,18,20,22,23,25,27,29,31,34,36,38,39,40,42,43,46,47,49,50,54,55,57,59,61,62,65,66,70,73,75,78,80,82,84,86,90,91,93,94,95,97,101,103,105,107 "19";
20 67 1 0,4,20,23,34,65,89 "20";
21 10 0 0,7,10,14,19,25,27,32,37,40,46,48,55,65,67,68,70,74,78,86,92,93,96,98,102,105 "21";
22 102 1 1,4,7,8,12,13,14,19,21,22,26,29,30,33,35,38,39,45,46,48,51,52,53,54,55,60,62,63,64,68,70,72,74,75,76,80,82,84,85,87,95,97,102,105,107 "22";
23 81 1 9,17,20,32,33,37,38,42,45,48,55,67,74,94,96,99 "23";
24 68 0 1,3,4,7,8,14,19,20,24,27,28,30,32,36,41,44,49,52,54,56,58,59,67,69,72,74,87,89,100,101,104,105,107 "24";
25 89 1 0,4,6,7,8,13,15,18,20,24,25,26,27,29,32,36,38,42,45,46,48,49,51,53,55,57,63,69,74,76,77,79,86,89,91,94,95,98,100,103,106 "25";
26 88 1 1,2,6,7,9,11,14,15,17,22,24,26,28,31,39,40,42,45,48,52,53,56,59,67,68,70,72,74,77,86,91,97,98,101,103 "26";
27 82 0 3,5,8,10,12,15,17,20,21,22,23,26,27,30,32,36,37,39,44,46,47,49,51,53,54,57,60,61,62,63,65,67,70,72,73,75,78,79,82,83,85,86,88,89,91,93,94,96,97,99,100,103,104,107 "27";
28 60 1 13,22,34,38,43,45,53,57,73,76,81,84,103 "28";
29 93 0 2,4,41,82,89,94,100,106 "29";
30 33 1 16,23,37,43,51,60,63,67,94,95 "30";
31 13 1 8,10,17,25,44,51,60,67,82,93,97,98 "31";
32 77 0 3,5,7,9,15,17,18,21,23,25,26,27,31,33,35,37,41,42,44,45,46,48,49,53,55,59,61,62,65,67,69,72,75,77,82,84,86,87,90,92,94,97,98,101,102,104,107 "32";
33 80 1 0,37,53,56,59 "33";
34 31 0 0,2,4,6,11,12,14,18,21,22,24,25,27,30,31,33,34,46,48,52,55,64,67,72,76,77,86,93,96,107 "34";
35 25 0 0,2,5,7,9,10,13,15,16,18,19,21,22,23,25,26,31,33,34,36,38,41,43,47,52,54,56,59,61,64,67,69,72,73,75,77,79,82,83,85,89,92,94,97,100,101,102,105 "35";
36 95 1 0,2,8,16,19,21,23,27,29,33,34,40,50,52,57,60,62,71,72,76,80,86,90,91,93,98,100,104,107 "36";
37 72 1 0,33,55,70,72,84,93,96 "37";
38 38 0 4,5,7,11,13,15,24,25,28,29,30,31,34,38,40,41,43,47,56,59,64,68,70,71,73,75,78,81,86,92,95,99,100,105,106 "38";
39 97 1 1,7,13,27,39,48,71,76,85,86,99 "39";
40 63 1 5,7,10,14,22,26,27,29,39,40,42,48,51,53,65,70,76,80,85,91,96,97,101 "40";
41 51 0 0,3,5,8,13,14,15,16,18,20,21,22,23,25,26,28,29,33,34,35,37,40,41,42,44,45,47,51,57,58,61,64,65,67,69,70,73,74,76,78,80,81,82,85,87,89,93,94,95,98,100,101,107 "41";
42 25 1 0,4,6,7,9,11,12,17,23,31,36,39,45,47,48,52,54,55,58,60,61,63,64,66,72,74,75,78,79,81,84,87,88,90,92,93,98,100,102,104,106,107 "42";
43 20 0 1,4,5,8,13,14,16,19,23,25,28,31,34,36,38,42,45,51,61,65,70,71,74,76,77,78,81,82,84,87,90,93,95,99,101,102 "43";
44 2 0 2,5,24,45,51,53,54,78,80 "44";
45 85 0 1,2,4,6,7,8,13,14,15,17,18,21,22,24,26,27,31,33,35,39,41,42,46,48,49,52,54,57,59,60,63,65,67,68,70,73,77,78,80,84,87,89,91,93,96,98,100,102,103,105,107 "45";
46 107 1 1,4,6,7,9,10,13,15,16,18,20,23,27,28,30,34,40,41,42,44,46,49,51,53,55,57,61,63,64,65,66,68,69,70,73,74,76,79,81,83,85,88,91,94,97,99,100,103,104,105,107 "46";
47 60 0 8,10,11,13,16,27,29,36,38,41,75,76,78,79,91,98,102 "47";
48 94 1 3,5,9,12,15,18,21,22,24,26,27,29,30,32,39,41,43,45,46,48,49,50,53,57,58,60,62,63,64,66,70,75,78,86,88,91,92,94,96,101,103,106 "48";
49 3 0 0,1,6,7,16,17,19,20,25,27,29,32,34,37,41,45,47,49,52,53,56,64,66,67,68,70,72,75,78,79,82,83,87,95,97,101,104,105,106 "49";
50 47 1 16,18,23,24,28,39,42,44,55,59,66,76,81,89,91,97,105 "50";
51 64 1 0,1,2,3,5,9,10,13,18,19,20,26,27,30,32,33,35,36,42,43,47,49,50,52,54,58,59,63,64,66,67,69,71,72,74,76,77,79,81,82,87,91,94,96,101,103,105,107 "51";
52 103 0 1,6,10,21,23,27,32,36,41,52,58,65,67,68,71,73,76,79,81,91,95,96,105,107 "52";
53 36 0 1,3,8,10,15,17,20,23,25,34,37,38,39,43,46,49,52,55,58,60,62,63,70,72,74,81,86,98,99 "53";
54 62 0 1,2,6,9,10,11,13,16,18,20,21,22,24,25,27,37,38,42,44,46,48,50,53,55,57,58,61,62,65,66,69,71,72,74,77,81,86,88,90,91,98,102,106 "54";
55 103 0 2,3,9,11,12,14,15,18,21,23,31,32,36,38,39,40,42,43,45,46,52,53,55,59,60,63,64,66,68,70,73,75,77,80,83,84,92,94,105,106,107 "55";
56 30 0 1,2,6,8,9,11,13,15,19,21,23,24,27,29,30,34,36,38,40,42,44,46,47,49,50,52,54,56,58,59,61,62,64,65,67,69,73,75,77,79,80,83,85,86,91,92,94,95,97,101,103,105,106,107 "56";
57 71 0 0,1,2,5,6,8,11,13,14,17,20,21,24,26,27,29,30,32,35,37,40,42,45,47,49,52,53,54,57,61,62,63,64,66,67,70,71,79,80,81,83,85,88,92,94,95,99,101,102,103,106,107 "57";
58 53 0 1,3,4,13,15,18,22,24,26,30,34,37,38,40,43,44,45,46,48,49,50,54,55,57,59,65,66,67,70,72,75,79,80,81,83,85,91,93,96,97,99,102,107 "58";
59 86 1 1,5,7,10,14,16,18,19,23,25,27,29,31,32,33,37,39,40,42,44,46,47,49,51,54,55,57,60,64,65,66,68,72,76,79,81,83,84,85,88,91,93,98,99,101,102,104,106,107 "59";
60 88 0 2,5,17,22,23,31,36,51,53,61,68,81,83,84,87,89,93,95,99,103 "60";
61 22 0 1,6,8,11,14,18,20,23,28,29,31,35,39,42,47,49,53,56,60,61,64,68,71,75,77,79,81,84,87,91,94,95,101,102,106,107 "61";
62 23 1 0,2,4,5,6,9,10,12,14,16,18,22,24,25,26,28,30,34,36,38,41,43,44,45,47,48,49,52,55,57,59,60,64,66,67,68,76,77,81,84,86,87,88,90,92,93,96,100,101,102,103,106,107 "62";
63 98 0 4,12,16,18,22,23,27,32,34,37,39,44,46,48,52,55,59,62,65,66,67,69,74,79,82,84,88,91,93,94,96,100,103 "63";
64 70 0 6,13,14,17,31,37,38,40,42,58,66,75,80,81,83,85,88,89,96,98,104 "64";
65 61 0 16,23,34,50,52,61,67,75,98,102,106 "65";
66 61 1 1,4,6,8,9,10,13,14,15,19,24,25,29,32,34,35,40,41,43,45,47,50,52,54,57,59,64,65,67,68,69,71,74,76,79,80,82,83,89,92,94,96,97 "66";
67 38 1 2,15,19,21,24,35,45,48,50,52,59,61,63,64,66,70,72,78,82,83,87,91,95,104 "67";
68 79 0 1,5,6,7,9,11,13,14,16,18,19,20,21,25,27,28,31,32,35,37,38,42,44,45,49,52,54,56,57,61,63,66,68,72,74,77,78,79,80,82,86,89,90,93,95,98,99,101,102,103,104,106,107 "68";
69 99 0 0,5,10,14,24,25,27,30,35,39,41,44,48,49,56,65,78,82,90,92,94,98,101,106 "69";
70 107 1 0,2,3,5,6,8,10,11,12,14,17,18,19,20,22,24,29,30,32,34,37,40,42,43,46,51,53,56,59,61,62,65,66,68,69,71,73,74,77,78,81,83,85,87,91,94,97,99,101,103,104,105 "70";
71 90 1 0,3,8,14,15,17,20,21,23,24,27,30,31,34,38,41,43,56,60,62,64,67,70,73,75,77,80,82,87,91,93,94,97,100,103,104,106 "71";
72 8 0 1,3,6,18,22,23,27,28,30,34,37,39,44,45,47,50,52,54,57,59,62,65,66,67,68,69,71,73,75,78,84,86,87,89,92,93,94,95,98,99,103 "72";
73 4 0 0,2,5,7,8,11,13,15,19,21,25,26,28,29,31,33,34,37,38,41,43,45,49,51,52,54,59,60,62,64,65,68,72,75,76,77,80,86,87,90,91,92,94,96,98,99,102,103,105,107 "73";
74 97 1 0,2,6,8,10,11,12,14,15,17,20,22,23,26,28,29,31,32,34,35,38,44,47,48,51,53,56,59,60,62,64,66,71,72,73,76,77,79,80,83,86,88,89,91,92,95,96,98,100,102,106 "74";
75 11 0 0,2,4,6,8,9,13,14,21,23,24,26,28,29,31,32,34,36,38,40,41,42,44,47,49,50,51,53,58,59,65,67,69,72,74,75,78,81,84,87,88,90,92,96,97,100,103,107 "75";
76 20 1 1,4,5,6,8,12,15,22,23,25,26,32,33,35,37,39,42,46,49,50,52,55,57,58,60,61,64,66,68,69,72,73,74,76,78,82,83,84,87,89,91,92,94,96,103,104,105,107 "76";
77 60 1 19,25,67,70 "77";
78 57 1 0,1,3,9,14,16,18,20,28,29,32,34,35,38,39,40,42,46,50,51,53,55,56,57,59,60,64,66,71,73,76,77,84,89,98,103,105,107 "78";
79 83 0 3,12,13,18,38,40,45,53,59,66,68,72,73,75,76,78,82,85,94,102,107 "79";
80 59 0 20,28,107 "80";
81 96 0 9,17,19,31,41,42,43,45,48,50,53,56,66,70,75,79,84,89,93,95 "81";
82 52 1 0,4,5,8,12,13,16,19,21,22,23,25,28,30,31,35,36,38,40,44,46,52,56,57,59,63,65,68,70,71,72,75,78,81,83,85,86,89,90,92,93,96,98,99,101,103,104,107 "82";
83 72 1 1,14,16,23,27,33,37,40,42,52,57,60,70,82,92,100 "83";
84 82 0 2,81,91,101 "84";
85 98 1 12,36,41,44,48,67,75,86 "85";
86 54 1 4,6,10,15,16,19,21,22,23,25,27,29,31,34,48,53,54,56,57,58,61,63,66,70,72,77,81,87,94,101,104,106 "86";
87 9 1 1,9,11,20,22,44,48,52,54,55,56,60,64,82,83,91,94,99,102 "87";
88 49 1 0,2,4,6,11,15,18,19,22,23,29,30,32,33,35,39,41,43,44,45,51,54,57,59,61,67,69,71,74,77,81,86,90,92,100,101,103,107 "88";
89 89 1 86,104 "89";
90 36 1 7,36,53,80,83,104 "90";
91 63 1 0,2,3,7,10,12,13,14,16,17,21,25,27,28,30,33,36,38,42,44,47,49,51,55,57,59,60,62,63,68,72,73,76,78,81,82,85,86,92,93,96,97,99,100,103,104,107 "91";
92 43 0 0,3,8,10,11,12,14,15,22,24,26,30,32,41,43,46,48,49,52,55,56,59,63,66,67,71,73,75,80,81,84,93,97,99,101,105 "92";
93 38 1 1,2,7,11,13,14,17,18,25,29,35,38,42,43,45,56,60,62,67,70,73,77,80,86,88,91,94,103,105 "93";
94 72 0 6,11,23,25,26,43,45,50,52,57,61,64,68,76,82,83,86,91,94,97,101,105 "94";
95 52 0 9,15,17,20,21,22,26,29,49,53,56,69,85,91,101,107 "95";
96 84 0 3,10,12,14,16,17,24,26,29,32,33,39,41,42,48,51,52,59,60,63,66,69,71,78,80,82,84,85,88,90,92,96,99,101,104,105,107 "96";
97 27 0 6,9,10,19,29,34,38,39,43,48,59,62,65,73,79,84,85,90,96 "97";
98 10 1 9,14,27,30,33,35,39,40,43,53,58,59,64,68,69,74,76,79,81,83,88,90,92,98 "98";
99 60 0 0,5,13,16,20,24,26,29,31,39,44,48,50,52,55,61,62,69,75,76,81,87,90,94,98,99,102,104,106,107 "99";
100 71 0 6,12,18,20,24,29,33,36,40,42,45,46,53,55,64,73,74,76,83,87,90,97,100,104 "100";
101 17 1 1,4,10,13,16,19,21,23,27,35,39,40,45,46,52,53,74,75,93,97,100,107 "101";
102 25 1 0,10,11,12,19,20,33,37,43,49,56,58,70,84 "102";
103 62 1 0,1,2,4,9,11,13,14,16,17,21,24,26,27,31,34,37,38,39,44,46,47,52,54,56,57,64,65,67,71,77,80,81,82,85,86,89,92,93,94,95,97,99,103,104,105,107 "103";
104 63 1 5,7,10,16,21,26,30,37,42,44,52,61,65,71,72,74,78,86,88,89,90,94,99,107 "104";
105 33 1 0,4,5,7,9,10,11,13,15,18,20,22,25,27,29,31,33,35,37,40,43,44,45,48,49,51,53,55,57,63,64,66,67,68,70,72,73,74,76,79,82,84,87,90,91,92,95,96,99,103,106,107 "105";
106 18 0 2,37,46,52,54,68,69,77,93 "106";
107 76 0 10,19,29,39,43,57,62,65,73,75,79,83,91,103 "107";
