parity 189;
0 140 0 42,50,99,136,149,151 "0";
1 143 1 11,17,21,34,52,56,59,105,110,112,119,130,149,158,175 "1";
2 57 1 0,3,6,7,9,11,13,14,16,18,20,21,23,26,29,31,33,34,36,37,39,40,43,45,47,48,50,51,53,54,56,57,59,61,62,64,66,67,68,71,72,75,77,79,81,83,84,87,89,98,102,103,105,106,109,111,112,114,118,120,121,125,126,127,131,133,135,137,139,141,142,143,145,148,150,151,152,156,158,161,163,165,168,170,172,173,175,177,181,183,187,189 "2";
3 62 1 10,23,59,63,73,80,85,95,110,122,127,157,173 "3";
4 123 0 1,3,5,8,13,16,19,20,22,24,26,29,41,47,49,59,61,62,64,66,68,70,76,83,85,86,89,97,100,105,110,111,114,117,119,122,123,126,129,131,134,136,137,139,141,152,153,155,157,161,163,164,167,171,173,175,176,181,182,184,187 "4";
5 0 0 14,24,28,50,60,63,65,68,70,79,85,98,110,114,123,140,141,157,161,181 "5";
6 1 1 3,5,9,13,26,27,29,34,43,47,49,54,59,60,85,94,97,99,104,105,107,121,123,126,132,137,144,146,149,153,160,162,170,171,184,186,188 "6";
7 97 0 1,3,6,7,13,15,18,20,24,26,28,37,39,49,54,57,58,65,67,69,78,81,82,84,87,93,99,100,106,113,119,127,128,133,136,137,141,143,144,147,154,161,171,179,181,183,185,186,188,189 "7";
8 156 0 1,5,8,11,12,17,19,22,24,29,36,38,45,47,50,53,58,62,64,66,67,73,77,78,80,87,91,99,104,105,106,108,112,116,126,128,133,134,137,140,144,146,157,158,161,162,164,171,173,176,178,180,183,186 "8";
9 131 1 0,3,5,8,10,13,16,18,20,24,25,26,30,31,32,34,35,37,39,41,43,44,46,48,50,51,54,55,57,58,61,62,63,64,69,73,79,80,82,85,86,88,92,93,95,96,98,99,101,102,105,107,110,113,115,117,119,120,124,126,129,131,134,136,143,145,147,148,151,153,160,161,163,164,167,168,170,172,174,177,180,182,184,189 "9";
10 94 0 1,4,5,8,9,11,15,20,21,23,25,27,29,31,36,38,39,42,43,45,46,49,50,52,53,55,57,59,62,63,65,67,69,71,75,77,78,80,85,86,88,90,91,94,100,102,103,105,108,114,116,117,119,120,121,122,125,130,131,132,134,135,136,138,140,143,144,146,149,152,153,156,158,161,163,167,168,170,171,178,182,185,187,188 "10";
11 66 1 0,2,3,6,8,13,14,18,20,22,24,26,28,30,31,34,37,39,41,44,46,48,50,51,54,56,57,60,66,68,71,72,74,76,77,82,86,90,91,92,95,97,98,104,109,113,118,119,120,124,125,127,129,132,133,137,142,145,147,149,150,152,153,156,157,159,162,165,168,169,170,177,178,181,184,187,189 "11";
12 18 1 10,12,18,24,37,57,68,72,77,95,97,111,116,117,120,135,137,139,160,181 "12";
13 138 1 1,4,6,7,12,16,17,18,21,25,27,31,32,34,35,36,42,44,46,47,49,50,51,53,56,58,60,62,64,65,67,71,75,76,77,79,80,82,83,86,87,88,90,91,94,95,97,98,104,105,107,109,111,113,115,118,119,122,123,127,129,130,133,136,137,140,142,143,145,148,149,150,154,155,157,159,161,163,164,165,169,170,173,176,177,178,180,182,185,187 "13";
14 102 1 1,5,8,10,14,15,22,30,31,35,38,40,54,58,71,76,83,95,101,111,113,115,119,121,127,135,141,146,147,149,152,157,175,180,184,187 "14";
15 118 1 2,4,7,11,13,17,21,22,26,27,29,30,33,35,36,39,41,47,51,54,59,61,63,65,70,72,74,76,78,81,82,83,85,89,91,95,97,98,100,102,107,109,112,114,116,122,125,126,129,130,132,135,139,143,144,147,148,150,151,155,159,161,162,167,168,169,170,177,179,180,182,185,188 "15";
16 144 1 26,28,49,58,61,86,97,102,105,111,121,125,136,139,144,147,151,158,165,166,167,171,172,174,178,182 "16";
17 0 0 7,11,18,21,27,37,40,52,65,69,81,91,92,98,103,113,115,116,123,131,137,145,146,157,158,160,162,166,174,175,179,183,185,187 "17";
18 85 0 0,7,9,14,50,58,60,73,78,86,87,92,96,109,141,146,158,164,166,168,173,179,188 "18";
19 74 0 0,4,6,9,12,15,16,20,21,25,27,29,35,36,37,39,40,41,43,44,47,49,51,52,54,56,61,64,65,67,69,71,73,75,78,79,80,81,84,85,87,90,93,99,100,105,106,108,109,113,114,115,118,119,123,124,127,129,134,138,139,141,144,146,147,148,150,151,152,155,156,158,160,165,166,168,169,171,174,175,176,178,180,182,186,188 "19";
20 86 1 1,4,6,12,15,19,20,21,24,27,29,30,33,35,36,37,40,43,44,45,48,51,52,54,56,58,59,61,64,65,67,68,71,73,75,76,80,81,82,83,86,87,88,90,91,93,95,96,97,98,103,104,106,108,110,112,114,117,120,121,126,127,130,132,134,136,137,139,140,147,149,152,154,156,158,159,161,165,169,170,172,173,174,175,179,181,182,183,185,186,187 "20";
21 91 1 1,2,4,6,7,16,18,19,21,23,28,32,34,35,38,41,43,45,47,50,52,55,56,60,65,66,68,69,71,74,75,77,79,83,87,91,93,95,96,101,108,109,114,117,118,120,121,123,124,125,127,128,129,131,132,135,137,138,140,144,147,149,151,153,155,158,161,163,166,168,169,171,173,178,181,184,188 "21";
22 4 1 6,7,47,55,88,96,108,113,130,156,160,169,175,180 "22";
23 86 1 2,6,8,22,28,32,46,48,51,53,60,67,73,77,79,87,90,91,93,100,102,104,106,108,113,129,131,135,136,139,140,146,150,154,158,167,170,178,181,183,186,187,189 "23";
24 120 1 63,81,99,117,158,174 "24";
25 43 1 16,33,35,41,65,78,122,127,160,185 "25";
26 18 0 2,7,15,18,22,24,26,27,31,36,37,38,40,42,48,50,51,56,60,62,66,68,70,73,77,79,82,85,87,90,92,96,97,101,102,113,122,127,128,131,134,137,139,141,148,151,153,155,159,161,182 "26";
27 176 1 24,25,27,32,43,65,74,92,101,118,119,121,130,158,175,185,187 "27";
28 94 1 1,5,11,14,15,17,21,28,29,32,36,39,44,47,52,53,55,57,58,62,63,64,66,67,69,71,73,74,77,79,80,82,86,87,88,89,90,94,95,100,103,107,111,115,118,120,121,130,131,133,139,141,143,144,147,148,151,153,155,158,159,163,165,166,168,171,176,178,184,187,188 "28";
29 176 1 15,17,18,22,23,34,44,50,54,56,61,84,91,99,115,121,128,133,138,147,158,161,164,170,172,173,182,184,186,187 "29";
30 178 1 0,6,8,11,12,20,22,24,25,27,28,34,38,40,41,46,48,51,58,61,65,70,72,76,87,89,91,92,95,101,110,113,114,116,122,123,126,133,139,146,147,158,162,164,165,174,175,177,178,179,181,183,187,188 "30";
31 162 0 0,4,8,10,11,16,21,27,29,30,32,33,34,39,42,48,50,53,54,55,58,59,62,65,67,69,72,75,83,85,87,92,93,95,100,108,111,112,113,115,116,117,119,121,124,126,127,130,131,134,135,137,141,145,146,150,151,153,157,161,164,166,168,170,175,177,181,183,185 "31";
32 156 1 0,2,8,10,14,16,18,20,22,24,26,29,30,33,38,39,41,42,50,54,55,58,60,62,64,67,68,70,72,75,78,82,90,93,95,97,98,100,102,104,105,108,113,115,118,124,126,130,132,133,135,136,137,138,140,141,143,147,150,151,152,158,163,164,166,167,169,170,175,177,178,180,181,182,188 "32";
33 184 0 1,5,8,13,18,19,20,22,28,29,35,43,49,50,55,58,59,63,73,75,78,79,81,84,92,96,98,107,108,112,113,116,129,130,133,140,145,147,149,152,156,157,158,160,166,167,177,179,184,187,188 "33";
34 91 1 1,15,19,30,35,44,71,76,81,83,95,99,102,106,113,157,161,177,185,187 "34";
35 181 1 8,10,11,13,16,19,22,27,29,30,32,34,37,38,40,41,44,47,48,54,56,57,59,63,65,67,69,75,77,80,84,87,89,93,96,99,101,106,110,112,115,117,121,122,123,126,129,133,135,136,142,144,145,148,149,154,157,160,161,162,163,167,169,175,178,181,182 "35";
36 156 0 8,17,59,82,83,86,98,118,120,137,182 "36";
37 149 0 12,13,17,23,25,27,34,38,40,42,45,48,53,55,59,72,73,75,79,84,85,87,88,89,91,92,98,101,102,105,108,110,114,118,122,123,126,132,140,141,144,152,155,156,157,159,162,163,164,165,167,170,174,176,189 "37";
38 34 0 0,1,3,8,10,12,14,18,22,23,25,26,29,30,32,34,36,38,40,42,44,45,47,48,50,51,53,55,58,60,62,65,67,69,71,73,74,75,76,78,79,81,82,88,93,97,100,101,105,107,110,112,113,114,116,119,121,122,125,126,127,129,132,133,135,136,137,138,143,144,146,149,150,153,156,158,161,162,163,165,168,169,171,172,175,177,178,179,183,185,187 "38";
39 146 0 2,4,5,6,8,13,15,17,23,24,25,27,29,30,33,35,37,39,41,42,47,48,51,52,54,56,59,60,63,64,66,68,71,72,74,75,76,78,81,82,83,84,88,89,91,93,95,97,98,101,102,105,108,109,114,115,116,117,119,121,123,125,127,131,132,133,137,138,139,142,144,148,151,155,157,158,160,161,163,165,167,169,171,173,176,178,182,183,188,189 "39";
40 12 0 0,3,7,8,11,13,22,28,31,38,42,45,49,50,52,56,57,62,64,65,67,70,71,72,75,78,80,81,86,88,91,92,95,97,99,103,106,108,110,111,115,120,127,130,131,134,135,140,142,147,149,153,155,156,157,159,161,168,177,181,185,186,189 "40";
41 10 0 1,2,11,14,35,48,54,59,66,76,86,95,99,103,107,109,110,114,115,120,122,124,140,150,151,156,163,164,165,167,169,172,176 "41";
42 27 0 25,73,94,104,137,141,163,166,186 "42";
43 95 0 1,4,8,9,14,17,18,20,23,24,26,28,29,32,33,35,38,39,44,45,47,49,50,54,56,61,62,63,64,67,68,71,72,74,75,76,78,80,81,83,86,88,89,90,94,95,97,99,102,103,105,107,108,110,114,117,118,120,121,124,126,127,129,131,132,135,136,138,141,143,144,146,147,149,152,154,155,156,159,163,164,166,168,170,172,174,176,178,181,182,184,187,188,189 "43";
44 71 1 1,2,4,5,7,9,11,12,13,15,18,25,27,29,31,34,36,38,41,42,43,45,47,48,50,53,56,57,58,59,63,65,67,69,71,73,74,75,79,80,82,86,89,93,94,95,96,97,100,101,102,103,105,107,109,111,113,115,116,118,120,122,124,125,128,129,132,133,137,139,145,146,148,149,150,154,159,160,161,163,166,168,171,172,174,176,177,179,180,183,184,186,188,189 "44";
45 21 1 13,21,142,154,181 "45";
46 129 0 0,2,4,7,12,14,18,20,22,25,27,28,29,31,32,33,35,37,39,41,43,45,47,48,50,51,53,57,61,62,64,65,67,70,72,74,75,76,78,79,83,86,88,90,92,94,97,99,100,102,105,107,109,111,113,115,118,121,122,124,125,128,130,133,135,137,139,140,141,143,145,149,156,157,159,164,166,167,168,170,171,172,175,176,178,180,183,185,188 "46";
47 13 1 0,1,5,8,11,12,14,16,19,21,26,27,29,31,33,34,36,41,43,45,48,50,52,56,58,59,62,63,67,70,71,73,76,77,78,80,81,82,84,87,92,94,96,99,102,105,107,108,110,112,114,115,120,123,125,128,130,132,135,137,141,145,148,149,152,154,155,156,158,160,161,163,164,169,170,172,177,178,180,182,185,186,189 "47";
48 36 1 0,4,12,16,21,23,25,32,36,41,47,51,60,64,67,74,82,85,92,113,116,118,129,132,137,144,149,155,158,163,164,166,168,174,177,179,188 "48";
49 157 1 0,7,8,10,16,19,20,22,23,26,30,32,33,34,37,40,43,45,46,49,51,53,55,57,59,60,61,62,63,66,69,70,74,76,77,81,83,84,87,88,90,97,98,99,103,107,110,111,113,116,118,119,121,122,123,124,127,129,133,136,138,140,141,143,147,148,150,151,152,154,158,159,160,167,169,170,173,174,176,178,180,182,187,188 "49";
50 173 0 15,59,174,187 "50";
51 94 1 1,5,12,14,17,20,25,33,36,41,45,48,50,51,54,60,61,64,66,68,70,72,74,77,79,81,82,86,90,94,95,97,100,103,105,106,109,111,116,120,124,126,130,132,137,141,144,146,150,153,155,157,162,163,164,167,169,170,172,175,177,178,180,182,188 "51";
52 103 0 2,4,6,8,12,16,18,20,21,23,26,27,28,32,34,36,39,43,45,49,52,53,57,59,61,63,67,69,72,76,79,81,82,84,85,88,92,93,95,97,98,102,106,110,113,115,117,118,120,122,125,126,129,132,133,135,137,140,141,144,145,146,148,149,151,152,155,156,158,160,162,163,166,170,178,179,180,183,185,186 "52";
53 27 0 0,1,3,6,7,10,13,14,15,17,20,22,24,26,28,30,31,35,38,39,41,42,44,46,52,54,57,59,62,63,64,67,68,70,72,73,75,78,84,85,88,90,91,93,96,100,103,106,108,109,113,114,118,120,121,126,127,132,133,135,138,141,143,145,151,154,155,158,161,162,164,165,167,168,174,175,178,179,182,185,188,189 "53";
54 40 0 10,13,40,56,81,94,123,135,136,143 "54";
55 54 0 2,5,6,8,9,10,12,13,16,17,18,21,24,26,27,28,29,32,34,35,37,40,41,46,51,52,53,56,57,60,63,65,68,69,71,73,74,77,79,82,83,87,88,90,91,93,95,96,100,103,109,111,113,115,116,118,119,121,123,124,125,127,132,135,136,137,139,140,142,144,145,146,148,150,151,153,154,158,161,164,167,168,171,173,174,176,177,179,180,182,188,189 "55";
56 148 1 0,1,2,3,4,6,8,10,11,13,16,17,20,22,23,26,28,30,32,33,34,35,41,43,46,48,50,53,54,57,61,63,65,68,71,73,75,77,79,82,86,89,91,93,95,96,97,101,102,104,107,109,110,113,115,116,119,121,124,126,128,129,132,134,136,137,140,142,143,145,146,147,148,152,154,156,157,159,162,163,165,166,167,169,172,173,176,179,182,185,189 "56";
57 176 1 33,63,92,146,155,165,172 "57";
58 146 1 0,2,4,5,6,9,10,14,15,17,22,24,29,31,36,37,39,42,46,48,51,55,57,61,64,65,66,68,70,72,74,76,77,79,81,86,89,92,94,96,98,100,102,106,110,112,113,119,121,123,127,133,135,136,138,139,141,145,148,152,158,160,161,164,166,174,175,179,180,183,185,187,189 "58";
59 179 0 0,11,14,17,18,35,46,52,61,68,71,74,76,83,86,92,94,104,109,110,117,119,120,122,135,143,146,148,163,176,181,184,186 "59";
60 162 1 8,15,27,76,119,126,147,163,177,188,189 "60";
61 165 0 0,1,8,11,16,20,25,27,32,39,41,45,47,51,52,55,57,61,67,78,84,86,88,89,93,97,99,109,133,143,148,153,158,159,160,161,165,167,170,174,176,188 "61";
62 28 0 2,5,22,30,33,39,41,49,54,79,86,96,101,103,104,110,113,117,129,132,133,144,145,148,176,178,181 "62";
63 3 0 2,5,11,13,25,27,28,32,33,35,39,41,42,45,47,53,56,63,65,69,72,86,89,93,96,97,103,114,116,117,122,126,128,130,132,139,143,151,153,154,160,163,169,183,185,189 "63";
64 77 1 10,15,20,24,27,28,31,33,34,47,55,65,70,74,85,87,92,96,100,101,104,105,112,118,120,123,137,139,146,151,155,158,160,167,185,189 "64";
65 168 1 0,2,3,6,7,8,13,14,17,19,20,21,23,27,31,34,35,36,39,40,43,46,49,50,52,56,58,59,60,62,64,65,67,69,70,72,74,77,79,81,88,91,93,94,95,98,100,101,103,105,106,107,108,111,112,116,119,121,124,130,131,133,134,136,141,143,144,145,148,151,153,155,157,158,160,165,167,170,173,174,178,179,180,181,184,188 "65";
66 164 1 8,19,23,30,31,41,47,48,56,58,84,97,110,126,129,132,137,141,142,144,151,154,175,180,186,189 "66";
67 39 0 1,5,7,8,10,12,14,15,17,21,25,29,32,34,40,41,46,48,50,52,55,57,58,61,63,66,70,75,80,81,83,87,88,93,95,96,102,104,106,108,110,115,116,117,121,123,126,127,129,131,134,136,140,143,145,147,149,151,159,161,164,166,167,169,173,176,177,179,183,184,186,188 "67";
68 156 1 15,20,22,37,51,56,59,62,78,82,102,105,109,121,127,129,134,137,141,149,157,159,160,165,171,181,186,188,189 "68";
69 116 1 2,4,7,9,10,12,13,14,16,18,20,21,23,25,26,27,30,32,35,36,38,41,42,43,46,47,49,52,56,57,58,62,63,66,67,69,70,72,73,75,77,78,80,81,83,84,87,89,91,92,95,99,100,104,105,106,108,109,111,112,114,119,120,125,126,128,132,136,137,140,141,142,144,146,147,148,152,154,155,157,159,160,162,164,166,167,170,172,173,177,179,180,182,186,189 "69";
70 99 0 4,5,20,22,23,25,28,29,32,42,44,45,48,50,52,56,58,60,63,74,77,84,88,89,92,94,97,100,102,104,105,106,109,112,114,115,119,122,129,135,138,140,151,155,157,161,165,166,169,171,172,174,175,179,188 "70";
71 19 0 2,7,17,19,23,30,32,37,51,61,69,84,101,112,116,124,128,141,153,156,163,164,167,169,178,182 "71";
72 156 1 2,5,6,9,11,12,13,16,20,22,25,28,30,32,37,41,46,48,51,52,55,56,59,61,63,66,73,77,80,81,83,86,88,89,90,95,103,111,115,117,119,122,124,127,132,134,136,138,139,141,145,147,150,152,156,161,163,165,167,170,171,173,175,181,183,188 "72";
73 117 0 1,3,4,6,7,9,13,14,16,20,22,29,30,32,33,34,36,41,43,46,47,49,50,52,53,61,63,64,73,76,78,79,81,82,84,88,90,91,93,94,101,102,106,109,113,114,115,117,118,120,122,126,128,130,131,136,137,140,143,144,148,150,151,155,156,159,162,164,169,170,176,179,182,184,185,187 "73";
74 105 0 6,8,18,24,26,27,35,37,42,51,55,72,74,78,82,84,89,95,96,98,110,113,115,120,126,138,150,156,183 "74";
75 89 1 0,1,3,4,7,10,15,19,20,26,29,31,34,39,42,45,48,51,54,57,58,60,61,63,65,66,69,70,74,75,77,78,85,87,88,90,97,98,100,103,104,105,110,112,115,117,118,120,121,122,127,129,131,133,135,137,139,142,144,147,151,153,157,161,164,165,168,170,173,174,178,180,182,184,186,189 "75";
76 165 1 1,2,4,5,7,9,14,15,17,20,21,23,25,26,28,30,31,34,37,39,41,42,44,45,47,49,52,53,54,56,58,59,60,62,65,66,71,73,74,75,80,82,83,85,88,90,92,93,94,96,98,99,105,109,114,117,119,121,122,124,125,128,130,131,136,141,142,144,146,150,153,155,158,160,163,166,167,168,169,171,172,174,176,178,179,183,185,187,188,189 "76";
77 139 0 44,71,99,170 "77";
78 176 0 5,6,8,9,17,24,28,30,32,40,42,67,73,98,106,116,123,127,132,136,141,149,151,156,173,178,182,189 "78";
79 52 0 1,4,5,7,8,11,19,23,26,27,30,34,37,43,44,46,49,51,54,58,60,66,69,72,74,77,83,85,87,90,93,100,108,110,112,114,117,118,120,124,130,132,133,137,140,141,142,147,151,152,154,157,158,162,170,178,181,187,189 "79";
80 187 0 0,1,3,4,8,9,16,17,20,21,24,25,29,32,33,34,38,39,43,44,45,47,50,51,53,55,57,59,61,63,66,69,71,74,78,80,83,85,87,91,93,95,97,98,100,102,103,104,106,110,112,113,119,121,122,125,126,128,130,133,136,137,139,141,145,148,149,151,153,155,156,157,161,162,164,165,166,169,170,171,174,177,178,179,181,183,187,189 "80";
81 77 0 10,15,54,104,121,123,125,179,183 "81";
82 19 0 0,9,11,14,22,29,47,54,64,67,70,72,74,76,77,79,82,83,93,94,97,99,102,104,108,109,120,125,126,131,132,137,143,144,149,151,153,160,163,166,169,171,176,177,178,179,186 "82";
83 94 0 1,4,6,12,14,18,23,25,26,31,37,42,48,49,50,52,58,68,81,83,84,89,93,95,103,110,112,114,115,116,120,121,126,128,130,131,133,136,141,142,145,151,157,158,161,163,168,171,175,180,184,186,189 "83";
84 42 1 1,4,5,12,13,18,27,29,31,33,37,40,43,45,49,52,54,55,59,65,67,71,72,74,77,79,82,84,86,89,91,95,100,103,107,109,112,116,118,121,123,125,127,132,137,140,143,147,148,149,151,153,155,160,163,164,167,171,178,180,181,184,187,188,189 "84";
85 70 0 2,10,12,19,21,26,31,34,36,40,41,46,49,53,62,72,87,88,89,93,95,104,119,121,124,126,132,133,135,137,143,146,148,154,166,168,173,178,186,189 "85";
86 3 1 13,17,27,29,32,39,41,43,47,55,59,61,65,66,70,75,88,89,92,94,95,100,102,103,105,112,115,116,118,119,120,127,129,132,139,146,153,163,167,169,175,177,184,186,187,188 "86";
87 147 0 1,5,6,9,11,13,16,23,25,36,42,45,51,54,57,68,71,74,77,79,88,94,97,104,106,110,116,120,125,128,139,143,145,150,154,156,160,162,166,175,180 "87";
88 144 1 21,27,40,43,46,50,52,54,59,60,62,67,72,79,85,88,94,104,110,111,113,115,129,130,132,142,146,148,153,157,161,163,165,166,167,187,189 "88";
89 187 0 1,2,3,5,10,13,15,16,17,20,22,24,26,28,30,35,38,39,41,43,44,46,49,50,52,55,57,59,60,62,63,65,69,70,71,72,74,78,80,84,85,89,92,94,97,98,99,102,103,106,109,110,114,115,116,119,120,124,126,129,130,132,134,137,141,142,143,145,147,148,150,151,153,156,157,158,160,162,163,165,167,168,169,170,173,175,178,180,182,185,187,188 "89";
90 125 1 0,8,11,14,20,32,37,45,48,51,52,58,63,69,72,74,80,85,88,90,94,99,103,106,115,117,134,143,146,148,151,153,156,161,168,183,185,187,188 "90";
91 29 0 2,9,23,28,31,33,35,42,43,44,46,49,53,55,61,63,64,66,69,72,74,76,78,80,82,84,85,87,90,94,101,103,105,106,113,117,119,123,125,128,133,135,139,140,141,144,147,148,156,158,159,162,167,168,170,175,176,178,180,181,183,186 "91";
92 181 1 7,8,10,11,15,18,19,20,27,31,34,39,46,50,55,63,70,73,76,78,81,84,87,94,100,103,106,112,113,119,123,128,133,136,138,139,141,148,151,154,155,157,160,163,166,171,174,177,178,179,181,183 "92";
93 97 1 42,65,76,123,136,167,172,185 "93";
94 187 1 0,4,6,8,11,12,15,16,21,26,28,29,31,34,37,42,43,45,49,52,53,54,58,60,62,63,65,69,70,71,73,74,76,77,80,81,83,84,86,90,92,93,95,99,100,101,104,106,108,112,113,115,118,121,122,124,126,128,133,136,139,141,143,146,147,150,151,152,164,166,169,171,173,176,177,179,180,182,184,187,189 "94";
95 50 1 5,9,25,30,31,38,44,55,64,89,98,102,119,123,126,148,151,153,167,169,171,177,181 "95";
96 163 0 1,3,5,7,9,15,16,18,19,23,26,33,35,40,41,43,46,48,49,54,57,60,61,63,65,71,73,75,76,80,84,85,93,95,97,101,102,104,110,114,117,121,122,127,129,132,133,136,143,145,147,150,153,160,161,164,166,168,175,177,184 "96";
97 188 1 0,4,6,11,18,20,22,25,30,34,39,42,46,48,53,59,82,92,94,106,109,112,117,119,122,127,129,138,145,147,149,160,164,166,169,171,181 "97";
98 8 1 3,6,13,14,15,18,20,22,23,26,31,33,39,40,44,46,49,50,52,58,61,64,65,67,68,72,76,77,80,84,87,96,97,102,103,106,112,114,118,124,126,127,130,135,138,141,143,145,148,151,153,156,157,158,163,167,169,172,174,177,179,187 "98";
99 23 1 18,111,123,179 "99";
100 77 1 0,1,2,4,6,8,12,13,15,18,20,23,24,26,28,29,32,33,39,41,42,43,45,47,48,51,52,53,56,58,65,67,74,75,76,77,79,80,82,84,86,87,88,89,91,92,95,96,98,100,102,104,106,108,110,112,115,117,119,120,122,123,125,127,129,133,134,140,142,143,146,148,151,152,154,157,158,159,162,164,165,166,169,176,177,179,183,187,188 "100";
101 84 0 2,6,9,14,17,19,20,22,23,24,26,28,30,32,34,36,37,40,44,45,48,51,53,57,59,62,64,67,68,70,71,75,76,77,78,82,83,88,90,94,95,99,102,113,114,115,117,119,126,128,132,134,139,146,149,152,156,157,164,165,166,169,174,176,177,184,188 "101";
102 189 0 0,5,11,23,28,30,32,34,37,38,43,47,49,53,56,58,59,61,66,70,75,76,86,92,98,101,104,108,110,111,113,118,121,123,124,129,130,132,136,146,148,150,155,158,172,173,175,178,181,183,184,187 "102";
103 175 1 1,7,10,11,13,16,18,19,20,21,23,27,30,31,36,37,42,46,48,52,53,55,58,59,60,61,64,72,74,75,81,84,86,95,96,101,106,108,110,112,113,115,117,119,121,124,128,132,133,134,138,139,141,145,148,149,154,157,160,162,164,165,167,169,170,174,176,179,181,183,184,188,189 "103";
104 178 1 0,1,4,6,7,10,14,16,22,23,25,27,28,29,31,32,35,39,41,44,47,51,52,56,57,59,62,63,65,67,70,71,72,74,75,77,79,80,82,85,87,88,90,92,93,94,97,100,101,104,106,108,109,112,114,118,120,122,123,126,129,130,133,134,136,141,144,145,147,150,152,153,154,155,159,161,163,165,167,169,170,172,174,176,181,183,186,188,189 "104";
105 114 1 2,6,7,9,11,19,21,24,34,35,39,43,47,48,49,51,53,54,59,61,64,68,71,73,77,79,80,82,91,95,105,108,109,113,114,116,117,118,120,126,128,129,135,136,137,139,141,147,151,156,162,164,168,170,172,180,181,183,184,187 "105";
106 81 0 0,1,3,4,15,16,22,25,27,32,34,36,40,41,43,45,47,49,50,55,58,60,61,67,68,71,73,74,76,77,79,81,83,84,85,87,89,90,92,93,95,107,112,115,116,117,119,120,122,127,130,131,133,138,141,142,146,148,150,155,157,158,160,162,163,164,166,167,170,174,178,180,182,183,185,186 "106";
107 120 0 0,7,17,19,24,29,31,33,34,39,40,48,51,52,57,59,63,72,73,74,79,88,90,92,94,95,99,102,103,107,110,119,129,132,139,140,147,151,152,161,167,170,176,185 "107";
108 136 0 10,39,57,66,77,86,105,111,120,141,171,173 "108";
109 45 0 2,4,7,9,13,15,16,17,22,23,26,29,33,34,36,39,41,42,44,46,48,49,51,53,54,55,56,58,60,62,64,67,69,71,74,76,78,80,83,84,87,91,92,97,101,103,105,106,109,111,112,115,119,121,123,128,129,131,132,134,137,138,140,145,147,149,150,152,153,155,158,160,161,162,165,166,171,175,177,178,179,182,185,189 "109";
110 62 0 0,5,6,9,14,19,27,33,34,38,44,49,53,56,59,65,67,70,77,80,85,86,88,91,94,96,100,102,103,105,106,110,116,121,123,125,130,131,134,135,148,150,152,155,156,164,167,174,178,181,183,185,187 "110";
111 177 1 3,9,10,12,13,16,17,24,28,29,40,47,52,55,60,64,66,71,81,82,89,96,97,98,104,107,111,123,126,128,131,135,138,139,142,143,151,152,159,162,165,174,178,179,182,183,189 "111";
112 164 0 4,6,13,15,18,21,23,27,29,33,39,44,50,51,54,55,59,65,67,72,73,75,76,80,82,84,85,87,88,89,92,94,95,101,104,108,109,111,113,115,117,119,124,130,135,140,141,143,144,146,148,152,153,155,157,159,161,164,167,168,170,171,176,177,179,180,186,188,189 "112";
113 122 1 1,2,6,7,11,13,16,21,23,25,28,30,31,33,39,41,42,44,48,50,56,59,61,62,64,67,71,73,77,79,81,82,83,84,85,86,88,90,92,97,98,102,105,108,109,112,113,117,118,120,121,123,125,126,133,136,137,139,146,148,150,152,154,155,157,159,160,161,164,165,168,171,173,183,184,187,188 "113";
114 88 1 5,14,31,80,81,88,115,129,130,132,144,161,189 "114";
115 106 0 2,38,46,66,70,85,98,107,135,144,167 "115";
116 30 1 0,5,8,17,19,26,28,35,49,52,64,83,90,94,95,98,101,115,129,134,146,171,176,180,187 "116";
117 161 0 1,3,6,10,12,17,19,21,23,25,27,33,35,40,42,45,47,48,50,51,53,55,56,60,61,63,67,72,75,77,80,81,83,85,88,91,95,97,99,101,103,104,106,108,110,112,113,116,118,119,121,124,125,127,130,131,132,134,140,142,144,149,151,152,161,162,163,164,166,168,171,174,178,181,184,186 "117";
118 158 0 0,5,7,38,75,86,89,125,127,132,141,150,181 "118";
119 74 0 0,2,5,14,20,23,25,27,31,33,37,39,41,47,48,52,53,56,58,60,62,70,77,78,81,83,90,92,93,97,102,104,106,110,111,114,117,119,124,126,129,130,139,146,147,148,150,152,154,157,158,165,173,176,177,178,182 "119";
120 80 1 1,4,5,10,12,15,19,21,24,25,26,29,30,32,37,38,39,41,44,48,49,50,53,56,57,58,60,61,64,65,68,71,72,74,78,81,83,84,88,92,98,101,102,103,105,107,108,110,112,116,118,120,123,124,125,128,130,131,133,134,135,136,139,141,143,144,145,147,151,153,155,157,160,162,164,166,168,171,174,177,179,180,181,183,184,185,186,187,189 "120";
121 11 0 0,1,10,14,16,18,21,23,25,27,28,29,33,36,39,41,42,48,49,51,52,54,58,59,60,62,65,67,68,70,72,74,75,77,78,80,81,82,85,86,90,92,95,99,103,104,105,107,109,111,114,116,120,121,122,124,125,126,128,129,130,132,133,134,135,137,140,141,143,144,145,146,148,150,152,153,155,156,157,159,161,162,164,168,170,173,176,177,179,183,184,186,187,189 "121";
122 147 0 0,5,6,12,13,27,28,32,33,37,44,47,54,55,59,65,69,73,79,85,88,93,94,97,102,104,108,119,122,125,127,132,134,136,140,143,144,147,169,173,179 "122";
123 12 1 13,15,17,27,28,30,31,36,38,41,43,45,47,53,55,58,59,61,64,67,75,77,82,84,86,89,94,99,101,104,107,109,116,119,120,121,128,132,133,138,142,146,148,149,154,155,156,159,164,165,168,171,173,178,181,184,187,189 "123";
124 97 1 20,22,25,26,61,74,75,96,112,123,126,136,140,160,161,189 "124";
125 169 1 0,4,10,25,45,48,52,54,59,60,63,66,76,86,100,103,106,127,129,130,132,135,142,152,158,163,169,170,176,178 "125";
126 157 0 0,2,4,6,9,12,17,20,22,25,27,30,31,33,35,38,40,41,43,46,51,53,59,62,65,67,70,71,74,77,80,83,84,87,88,91,95,98,100,102,110,113,114,116,122,124,127,129,131,140,142,144,146,149,151,153,157,158,160,164,166,168,171,177,180,182,185,186,187,189 "126";
127 154 1 15,24,26,34,37,43,45,47,48,55,58,71,75,94,98,99,100,103,104,106,111,119,120,129,154,161,164,166,169,171,173,178,179,181,184 "127";
128 43 0 0,3,5,6,8,14,16,18,23,25,26,28,32,33,35,38,40,42,44,45,47,51,53,54,56,58,60,65,68,70,80,81,82,85,86,88,91,92,94,96,99,102,104,105,107,108,110,114,115,117,119,121,123,124,128,130,133,135,136,139,141,142,144,145,146,149,154,155,156,158,159,164,168,170,174,178,180,186,187,189 "128";
129 108 0 1,2,4,16,19,20,23,26,28,46,53,55,56,61,63,67,68,72,73,74,79,82,86,96,98,101,102,105,112,113,118,119,123,129,132,137,139,146,150,155,157,159,161,170,174,178,184,185,189 "129";
130 173 0 0,2,5,6,7,14,16,18,20,21,25,26,28,29,30,33,34,37,40,41,43,46,48,49,51,52,54,55,57,61,63,64,66,68,74,78,80,86,88,93,96,97,99,101,102,104,105,108,111,117,118,120,124,126,133,138,144,145,147,149,152,153,154,156,158,160,163,168,171,172,173,174,179,181,182,188 "130";
131 161 1 1,6,9,11,12,14,18,20,28,35,37,38,47,50,54,57,58,60,65,69,75,77,81,82,86,89,94,104,106,108,110,115,123,125,126,129,130,133,135,138,139,142,145,146,151,153,158,163,165,167,168,172,176,185 "131";
132 13 0 1,2,4,5,7,8,11,12,16,20,22,25,27,28,32,33,38,40,42,44,45,52,53,54,56,62,63,66,67,71,76,77,80,81,83,87,88,90,94,96,98,100,102,105,106,110,114,119,121,125,127,133,137,138,140,144,147,149,157,159,164,170,171,173,175,178,180,184,186 "132";
133 111 0 5,20,31,33,48,77,84,92,94,128,166,182 "133";
134 155 0 1,4,10,15,16,18,35,40,45,50,55,61,63,69,77,89,92,94,97,100,105,107,112,124,126,127,131,136,146,148,150,155,158,159,166,173,175,176,182,189 "134";
135 152 0 9,31,52,55,87,95,123,153,166 "135";
136 96 0 52,71,76,82 "136";
137 190 1 2,5,11,13,18,20,21,22,25,26,32,37,42,44,47,53,56,57,60,62,66,75,79,81,83,85,88,92,98,100,103,106,110,111,114,117,118,124,128,130,133,135,136,138,140,143,145,148,152,154,156,157,160,166,167,172,174,177,180,181,183,186,188,189 "137";
138 15 1 1,5,7,17,19,22,27,28,31,37,40,45,46,48,50,54,65,66,74,79,83,84,86,90,92,93,101,104,110,116,124,135,139,147,155,156,160,167,171,173,175,182 "138";
139 10 0 2,4,8,12,20,22,32,38,57,61,64,72,81,84,98,106,107,109,116,126,127,143,147,153,154,168 "139";
140 59 1 1,26,27,65,84,88,127,171 "140";
141 132 1 0,3,5,6,10,14,17,19,21,24,26,29,31,33,34,35,37,39,40,43,44,45,47,51,52,59,63,64,65,67,70,72,73,75,77,80,82,83,84,85,87,91,92,94,97,98,105,106,108,110,112,115,118,120,124,126,127,130,132,133,135,137,146,149,153,158,159,162,163,164,167,168,171,174,175,176,178,179,181,182,185,186,188 "141";
142 38 1 0,3,7,9,15,19,23,26,28,29,32,34,41,42,46,49,50,53,56,60,68,73,75,80,81,87,89,93,97,106,107,109,114,119,121,122,127,133,134,140,144,147,148,151,154,156,159,161,165,169,171,174,176,178,181,182,184,189 "142";
143 48 0 0,3,5,7,10,12,18,21,23,27,30,32,34,35,38,39,40,41,43,45,47,49,52,54,55,57,58,59,61,63,65,67,68,71,72,74,75,76,79,83,86,89,91,93,94,95,97,99,100,102,106,107,109,110,113,116,118,119,121,122,123,127,131,132,133,134,136,138,140,142,144,147,150,153,155,157,158,160,163,166,168,169,171,173,175,176,178,183,185,186 "143";
144 73 0 1,39,42,45,91,99,116,120,129,169,180,188 "144";
145 60 1 2,22,30,32,36,40,58,63,64,69,73,95,98,106,113,132,138,141,146,162,182,186,189 "145";
146 98 1 8,25,49,61,64,70,97,105,130,183,184,188 "146";
147 127 1 0,3,4,5,7,8,10,15,16,19,21,22,23,25,26,28,30,31,33,34,36,39,41,42,43,47,49,51,56,58,60,61,64,65,68,69,71,72,74,75,76,78,79,81,84,88,89,91,93,98,102,104,106,110,112,114,116,118,120,122,124,125,126,127,130,131,134,138,140,141,143,144,145,149,151,153,155,157,159,163,165,168,172,173,175,178,184,185,187 "147";
148 70 0 1,3,5,8,9,12,13,15,19,21,23,25,29,33,37,41,42,44,48,50,52,53,57,60,62,70,73,76,78,79,80,84,90,93,95,97,100,104,110,115,123,127,131,134,137,142,143,144,148,151,152,154,157,159,160,162,167,168,170,171,172,175,181,182,183 "148";
149 101 0 2,5,11,14,18,20,29,30,33,40,55,62,68,70,72,73,79,81,83,86,90,92,95,99,104,110,112,115,121,127,131,133,138,143,146,151,153,161,163,165,167,169,174,176,179,180,183,188 "149";
150 70 1 80,134,188 "150";
151 167 1 63,143,181 "151";
152 100 0 0,1,3,5,7,11,14,15,17,19,21,22,24,26,27,29,30,32,33,35,37,38,40,41,44,48,49,51,52,53,54,58,59,64,68,69,70,72,75,77,79,81,82,85,88,93,95,97,100,101,103,105,106,108,110,112,114,118,119,121,122,124,127,128,130,132,134,139,140,142,143,146,148,151,152,153,155,156,158,159,162,164,165,167,169,171,173,176,177,179,180,183,185,187,188 "152";
153 12 0 1,13,28,32,36,39,45,49,85,88,95,107,108,119,123,127,129,135,166,172,184 "153";
154 133 1 0,1,8,13,15,16,24,25,27,30,33,38,40,41,43,47,49,51,54,55,58,59,62,64,68,69,71,76,80,81,83,85,93,100,102,105,106,108,111,115,129,134,138,139,142,146,149,150,152,155,157,158,160,168,171,172,175,177,179,184,185 "154";
155 95 1 1,3,5,7,12,15,16,19,24,28,30,32,38,42,45,47,49,50,53,56,64,67,68,69,73,77,80,81,83,85,86,90,94,95,96,101,104,105,108,115,118,122,123,126,135,136,138,141,144,146,147,149,155,156,162,164,165,167,170,171,172,177,184,188,189 "155";
156 165 0 0,2,5,7,9,11,14,16,20,23,25,27,28,31,32,35,36,38,40,41,42,47,48,50,51,55,56,57,61,62,65,66,67,68,71,74,75,76,79,81,82,83,86,88,89,91,94,96,97,99,103,104,106,107,109,110,111,113,114,117,118,121,123,127,129,131,133,135,137,139,142,143,145,147,148,149,155,157,160,163,165,166,169,170,171,173,174,176,178,179,180,185,187,189 "156";
157 149 1 12,13,14,17,20,24,32,35,45,49,60,68,70,72,76,103,105,106,110,112,114,117,129,132,139,142,151,154,155,161,172,180,181,186 "157";
158 124 0 14,21,24,31,43,45,49,50,65,75,78,91,106,107,110,114,117,119,127,129,138,144,148,157,164,168,170,173,179 "158";
159 153 1 2,10,31,55,62,86,88,104,126,127,131,160 "159";
160 76 0 2,4,6,10,11,14,18,20,22,26,30,36,37,46,48,54,66,68,71,77,81,84,86,91,94,97,102,116,121,129,135,151,153,160,162,175,182,185,187,188 "160";
161 66 0 2,7,9,16,23,26,29,32,39,41,48,50,60,65,68,70,72,73,74,75,77,78,80,81,82,88,93,95,101,103,105,114,120,121,128,131,139,141,146,156,160,168,172,174,179,180,183,187,189 "161";
162 114 0 0,1,2,3,5,7,9,10,13,14,16,17,19,20,21,27,30,33,35,40,43,44,48,50,52,55,58,59,61,63,65,66,68,70,72,74,75,77,79,80,83,89,92,94,95,97,99,100,101,103,105,107,109,111,116,117,121,124,126,129,135,136,141,144,146,153,158,160,163,166,168,170,172,173,175,177,182,184,189 "162";
163 7 0 8,15,30,31,47,61,73,77,83,92,101,104,112,116,122,132,134,137,139,140,142,144,148,155,159,160,186 "163";
164 84 0 0,2,4,8,11,13,18,19,22,23,24,26,27,29,31,33,36,38,41,42,45,46,50,53,54,56,57,58,65,66,67,68,70,73,74,75,78,81,82,84,85,92,94,96,97,98,102,103,105,107,109,113,114,115,117,119,120,122,123,127,128,132,134,136,139,141,143,144,146,149,151,157,161,162,163,164,168,170,172,174,175,180,181,187,189 "164";
165 8 0 1,9,10,15,17,20,22,36,40,41,45,47,60,69,73,78,81,100,107,111,113,120,124,130,134,136,140,144,150,157,162,169,182,186,187 "165";
166 86 1 0,2,3,5,7,10,17,18,20,22,25,27,28,31,33,35,36,38,41,43,45,48,51,52,55,57,60,61,62,65,66,68,72,74,75,77,80,82,83,85,90,92,96,98,99,103,104,106,108,113,115,117,119,120,121,123,126,127,129,130,133,135,136,139,141,144,146,151,153,158,160,162,164,166,167,169,171,173,175,176,177,180,182,183,186,189 "166";
167 120 0 2,4,5,7,11,15,16,18,21,22,23,25,26,27,30,31,34,36,38,41,46,47,49,51,53,56,58,59,61,67,68,70,72,74,75,79,82,83,85,94,95,97,98,99,101,103,105,107,109,111,115,119,120,122,123,124,126,127,130,134,136,138,140,141,143,144,146,148,151,152,154,155,157,158,160,161,164,168,172,174,175,176,180,182,184,187,189 "167";
168 133 1 1,3,4,5,7,10,11,13,16,20,24,27,29,30,33,36,39,40,41,44,52,54,56,58,60,61,64,67,70,72,74,76,77,82,83,85,87,89,91,93,96,97,100,101,102,106,108,109,110,111,113,116,121,124,127,128,130,131,134,139,141,144,145,146,147,149,153,159,160,161,163,164,165,167,169,171,174,175,177,179,180,181,184,185,187 "168";
169 70 1 3,6,8,9,14,16,17,19,22,23,25,27,31,32,34,35,37,39,42,44,47,50,51,53,55,56,57,60,62,64,67,69,71,74,76,79,81,87,89,90,93,94,96,98,103,105,107,109,112,121,122,124,125,126,128,134,136,138,142,144,146,148,149,150,154,158,160,161,163,164,165,167,168,169,174,176,177,180,183,186,188,189 "169";
170 4 0 1,3,5,6,7,9,13,15,20,23,24,28,29,32,34,40,42,44,47,53,56,65,66,68,70,73,75,77,80,82,84,86,87,89,90,94,96,100,109,110,114,115,117,118,119,121,125,126,127,130,131,137,138,143,145,146,148,151,156,159,172,174,176,178,181,184,186,188 "170";
171 48 0 8,26,74,148,176 "171";
172 89 1 55,70,152,169,182 "172";
173 112 1 6,8,9,11,12,14,16,17,22,24,27,29,32,34,36,37,44,46,48,50,53,55,56,58,62,63,67,68,71,73,74,76,80,82,83,84,85,89,90,92,95,98,99,102,104,107,109,110,117,120,121,127,129,131,132,139,141,143,146,148,151,156,159,160,162,164,165,169,171,172,175,183,185,187,188 "173";
174 161 1 2,5,7,8,10,12,13,15,21,23,27,32,36,39,41,44,45,50,51,60,63,64,66,67,68,70,72,74,77,78,81,82,84,92,95,96,97,99,101,103,106,108,110,111,116,118,122,123,124,125,132,133,135,137,138,140,141,145,148,149,150,151,153,154,156,157,160,161,163,164,165,171,174,176,177,178,181,184,185,187 "174";
175 68 1 0,1,4,6,7,9,12,16,17,20,21,27,30,32,34,36,39,41,43,45,46,50,58,61,63,66,68,70,72,76,80,84,87,88,89,91,95,98,99,104,105,110,113,119,130,132,136,138,139,148,150,155,157,161,163,171,175,177,183,185,186 "175";
176 27 0 6,24,28,33,38,60,62,65,74,77,88,92,117,141,150,154,160,165,168,175,185 "176";
177 31 0 0,3,4,5,6,9,10,13,17,22,24,25,27,29,30,33,35,40,43,44,45,51,53,54,56,59,62,63,65,67,71,72,73,78,79,81,82,84,86,88,90,91,94,96,97,99,101,103,105,108,109,110,111,112,114,120,122,124,125,127,128,131,132,135,137,139,140,143,144,147,149,151,152,155,157,158,159,160,162,163,165,168,169,172,173,174,182,184,185,186,187,189 "177";
178 17 1 166,174,176 "178";
179 99 0 12,19,111,127,152 "179";
180 160 0 2,8,14,21,37,66,69,75,83,130,135,164,179,183 "180";
181 68 0 4,5,11,14,19,20,22,24,25,28,30,36,38,39,42,47,48,53,56,57,58,60,66,69,71,76,79,82,85,89,91,97,98,100,102,104,105,107,112,114,115,116,119,120,123,128,130,137,138,139,140,145,147,148,151,152,153,157,158,162,164,167,169,170,175,177,182,183,185,189 "181";
182 9 1 2,3,4,5,8,10,11,13,15,17,18,20,21,25,26,28,31,34,36,38,40,41,43,45,47,51,52,57,58,62,63,64,67,70,72,74,77,78,80,84,87,90,91,95,96,97,99,101,103,105,107,108,113,114,116,118,120,121,123,127,128,129,131,132,134,136,139,141,143,145,147,149,150,151,153,155,163,164,165,167,169,172,175,178,180,182,185,186,188 "182";
183 99 1 0,1,4,8,16,18,23,26,28,33,34,41,43,47,52,56,60,62,63,67,70,71,72,73,75,79,83,87,91,94,100,108,109,110,113,120,122,124,130,137,140,142,143,145,149,154,155,159,162,164,167,170,173,176,178,183,185,189 "183";
184 82 1 0,1,4,5,7,8,10,11,12,14,16,20,23,24,27,29,32,35,41,42,45,46,48,51,53,55,62,65,67,69,70,72,75,77,80,82,84,87,92,94,96,100,103,105,107,109,111,114,116,119,120,122,125,127,130,131,134,136,137,142,143,146,148,149,151,154,157,158,160,161,164,167,169,171,173,174,175,177,178,181,183,184,187 "184";
185 140 0 2,10,27,34,35,42,45,49,52,54,56,57,60,65,74,87,90,100,108,110,113,126,130,133,144,160,163,169,175,177,186,189 "185";
186 88 0 2,5,12,14,18,20,22,28,33,34,38,43,44,49,50,53,59,62,65,70,72,74,76,81,86,88,93,97,102,104,109,111,124,129,132,140,141,144,148,152,153,155,161,162,170,173,174,179,180,187,189 "186";
187 114 1 5,9,33,41,48,49,54,56,67,70,71,84,91,100,113,125,126,139,143,146,157,167,168,170,174,178,184,187 "187";
188 148 0 0,1,3,4,6,9,10,13,18,20,21,23,28,29,30,33,34,36,37,39,41,42,45,46,48,49,52,53,54,56,58,59,61,64,66,70,71,72,74,75,77,78,81,85,87,88,90,91,93,94,95,98,100,102,104,106,107,109,110,112,114,117,119,120,124,126,131,134,135,138,140,142,147,150,151,154,156,159,161,163,164,166,168,169,171,172,173,175,180,183,185,186,188 "188";
189 11 1 3,6,15,28,51,62,72,74,76,82,98,103,148,160,166 "189";
