parity 138;
0 66 0 7,42 "0";
1 139 0 0,7,10,11,12,17,22,29,30,33,34,39,43,55,60,64,68,74,76,79,86,99,104,106,109,113,116,123,130,136 "1";
2 114 1 4,6,8,15,33,35,48,55,60,64,67,69,76,77,82,86,90,91,95,100,108,110,115,120,130,132,134 "2";
3 114 0 2,6,7,8,11,16,18,22,32,36,38,43,45,49,52,55,56,58,62,63,78,84,94,100,123,129,131 "3";
4 66 1 0,3,4,7,15,18,25,26,27,31,33,34,37,38,48,53,56,60,62,68,70,72,87,88,91,93,95,98,104,116,120,123,125,126,128,133,134,138 "4";
5 125 0 0,4,5,7,9,10,12,13,15,17,19,22,26,27,28,30,32,35,37,39,41,42,44,45,46,49,51,52,54,55,58,59,60,62,64,65,66,72,74,78,80,81,84,86,87,88,90,92,95,96,98,101,102,104,105,106,108,109,111,113,115,116,118,120,124,126,128,130,136 "5";
6 77 1 1,3,6,8,11,14,17,19,21,26,30,32,36,39,41,43,44,46,47,50,54,56,57,58,60,62,69,74,77,80,83,85,88,90,91,92,96,100,102,104,105,111,114,117,119,122,125,130,133,137 "6";
7 137 0 1,4,6,7,10,15,16,18,23,26,27,29,32,33,35,37,42,45,49,53,54,55,57,60,61,63,65,67,68,70,73,74,75,77,82,84,87,91,97,99,104,113,114,117,120,121,126,128,131,137,138 "7";
8 130 0 10,14,15,18,23,25,28,32,48,50,52,59,61,72,74,79,81,85,88,92,100,101,106,115,119,130,133,138 "8";
9 95 0 4,10,14,18,28,29,33,36,45,48,65,69,73,78,79,83,107,129,131 "9";
10 132 0 5,20,32,36,56,74,124 "10";
11 58 0 7,98 "11";
12 32 1 0,2,7,25,37,38,41,44,53,59,61,66,83,85,102,112,113,116,122,127 "12";
13 36 0 20,22,64 "13";
14 136 0 33,43,82,131 "14";
15 0 0 3,5,7,13,16,25,26,28,32,36,38,42,44,46,48,54,57,65,71,73,78,82,85,86,88,92,97,102,103,108,114,121,128,131,132,136,138 "15";
16 23 1 2,4,6,10,13,20,23,25,27,28,31,36,38,44,46,47,49,54,57,65,72,80,87,89,91,92,96,98,99,107,115,120,125,126,133 "16";
17 120 1 1,5,9,12,14,16,17,19,21,25,32,35,38,39,47,49,51,53,54,55,56,59,67,70,73,75,76,79,81,83,87,89,91,93,94,97,99,101,106,110,112,116,123,125,128,130,132,133,135,137,138 "17";
18 67 1 2,6,12,14,19,22,24,35,43,51,55,66,68,70,72,77,86,90,97,109,112,113,121,125,126,128,131,135,137 "18";
19 98 1 0,2,4,7,10,11,14,15,16,18,20,22,23,25,26,29,31,32,34,35,36,38,39,41,42,46,47,48,50,52,55,56,58,61,62,65,67,68,70,72,74,80,82,83,84,86,88,91,92,95,97,98,102,104,106,107,110,112,113,119,120,121,128,130,131,132,134,137 "19";
20 126 0 13,35,37 "20";
21 72 0 6,11,16,18,22,24,27,38,49,54,67,70,73,78,83,87,90,95,99,106,111,113,116,120,122,127,132 "21";
22 83 0 11,14,16,35,50,54,75,85,86,89,91,102,105,108,116,127,134,135 "22";
23 15 1 0,2,6,7,8,10,12,15,16,19,23,24,26,27,28,31,33,34,36,37,40,41,42,46,47,48,49,51,52,54,56,58,61,63,65,67,69,70,74,77,79,81,83,88,91,95,98,101,104,106,108,109,113,116,118,120,121,122,125,127,131,135,138 "23";
24 76 0 12,28,36,45,48,76,77,94,95,97,105,110,114,133 "24";
25 120 0 83,123 "25";
26 91 0 2,6,8,17,22,23,25,33,35,44,47,49,54,56,57,59,61,72,79,81,85,88,92,97,102,103,106,107,121,123,124,126,135,138 "26";
27 33 1 4,5,6,8,9,20,24,32,34,36,49,51,54,56,61,78,91,98,99,104,119,120,121,135,137 "27";
28 22 1 9,35,43,56,81,89,112,133 "28";
29 119 1 1,3,5,7,10,12,14,20,24,27,33,34,36,40,43,44,46,47,49,50,53,54,57,59,61,63,64,73,75,76,86,87,89,94,95,100,101,102,104,106,111,112,117,119,120,122,127,129,130,133,136,138 "29";
30 121 0 1,6,11,25,39,41,43,45,50,56,58,63,65,66,72,75,77,84,87,91,105,106,109,120,126,135,137 "30";
31 19 1 10,16,29,37,47,80,100,127,137 "31";
32 44 1 5,13,51,75,102 "32";
33 44 1 3,5,6,10,11,17,19,21,25,29,36,40,44,46,49,54,55,61,65,81,82,84,91,96,107,112,122,129,131,133,134,135 "33";
34 108 1 4,8,13,17,20,22,24,27,35,38,39,43,47,48,50,52,59,60,64,66,67,69,71,72,74,75,81,82,84,85,89,92,96,98,99,101,103,107,108,116,120,125,126,130,131,134 "34";
35 103 0 2,5,8,18,19,23,26,28,43,46,53,59,70,72,74,76,78,82,86,90,97,104,107,108,111,121,124,125,127,130,132,134 "35";
36 39 0 5,8,24,25,27,44,46,49,51,54,62,67,73,95,104,108,112,113,116,118,127,129 "36";
37 101 1 2,4,7,9,11,16,18,22,23,28,31,33,34,36,37,41,46,54,56,60,63,67,70,73,75,76,85,88,91,92,96,98,99,102,103,106,108,115,121,123,124,125,128,129,133,138 "37";
38 91 1 1,4,7,12,13,16,18,25,26,29,31,35,37,39,40,41,42,43,45,49,54,57,58,61,68,70,74,75,77,81,83,87,92,102,103,106,110,112,114,117,120,128,132,134,136,138 "38";
39 100 0 27,42,57,91,99,111,123 "39";
40 69 1 0,1,2,3,5,7,9,11,16,18,19,21,23,25,26,28,29,31,33,37,38,42,43,49,53,55,57,60,64,65,67,68,72,73,75,76,78,79,80,82,85,86,88,90,93,94,95,97,99,100,102,105,106,108,110,113,114,116,119,123,124,126,127,130,131,133,134,138 "40";
41 95 0 0,5,8,9,17,19,24,27,30,32,37,40,45,48,52,56,60,65,71,72,88,105,107,109,111,119,124,127,131,132,135 "41";
42 88 0 8,11,14,19,22,26,27,31,32,36,38,40,42,43,50,53,54,57,62,65,67,72,76,79,81,84,87,92,97,99,102,107,113,116,119,126,128 "42";
43 68 0 1,3,5,8,11,13,19,21,23,25,32,33,37,38,40,41,44,50,51,53,56,59,67,75,76,78,81,83,92,94,97,100,105,110,112,113,115,118,119,122,126,128,131,133,135 "43";
44 64 1 5,11,17,22,23,25,27,28,36,38,41,50,60,65,72,73,78,81,83,84,88,95,100,101,104,106,107,109,112,113,117,119,120,123,124,128,131,135,137 "44";
45 115 1 0,4,6,7,10,15,16,18,21,22,24,28,32,35,37,38,43,46,50,51,53,55,56,57,58,68,69,72,73,79,85,86,88,95,97,109,119,120,123,125,126,128,129,131,132,133,135 "45";
46 43 1 8,17,21,42,55,62,64,83,85,97,100,104,116,121,126,129,131 "46";
47 40 1 3,5,6,8,9,12,13,16,17,23,25,30,33,35,38,40,42,46,50,55,56,61,63,69,73,75,77,81,83,84,86,87,89,93,94,96,101,103,106,107,109,113,114,115,123,131,132,133,134 "47";
48 12 1 8,9,12,21,23,24,27,30,34,36,37,39,41,43,60,67,71,75,84,88,90,103,104,111,120,125,127,133,137 "48";
49 0 0 1,6,9,12,13,17,23,25,29,45,60,65,71,73,76,78,81,82,89,92,98,103,105,109,111,115,120,121,128,133,135,137,138 "49";
50 95 1 0,2,5,6,7,9,11,15,24,26,34,40,42,43,47,50,51,53,58,62,63,66,67,68,72,74,78,81,84,85,87,91,96,97,99,103,108,110,112,115,116,118,119,126,129,132,137 "50";
51 74 0 29,50,81,82,83,137 "51";
52 134 0 4,8,10,12,16,17,22,27,28,30,37,42,43,45,47,50,53,55,57,59,63,65,67,68,71,75,77,83,84,86,87,89,91,92,94,95,98,99,102,103,107,109,110,113,117,120,126,128,129,132,133,135,136,137 "52";
53 134 1 0,1,3,5,7,9,10,13,14,15,19,20,21,23,25,26,28,29,30,33,35,36,37,38,41,42,44,45,47,48,51,53,55,58,63,64,65,67,69,71,75,76,77,80,81,86,89,92,93,95,96,98,99,100,101,103,107,108,112,115,116,120,121,123,125,126,128,131,135,137 "53";
54 26 1 4,10,11,13,17,28,32,40,53,61,69,74,75,78,79,83,94,96,104,110,114,117,122,126,128,134,138 "54";
55 104 0 7,47,62,81,85,105 "55";
56 128 1 0,8,10,11,14,18,21,26,30,33,35,38,40,51,53,60,63,64,69,71,72,75,82,84,85,87,88,89,92,95,99,104,109,110,112,116,121,123,126,127,129,130,132,136,138 "56";
57 85 1 7,10,14,15,17,21,22,25,29,33,34,36,38,40,42,45,48,49,50,52,55,56,58,60,68,72,73,75,77,78,79,82,88,94,95,96,98,100,102,105,106,108,110,111,114,115,116,118,120,122,126,128,129,134,138 "57";
58 121 1 0,1,6,9,12,15,17,21,23,27,29,31,32,33,35,37,39,43,45,47,50,53,55,57,58,59,61,62,64,66,68,70,71,73,74,82,86,88,91,92,94,95,100,103,107,108,109,110,112,113,120,123,125,127,131,133,135,138 "58";
59 81 0 2,18,19,22,24,34,40,43,50,56,66,69,81,86,90,118,127,128,130,134,138 "59";
60 133 1 0,4,6,9,15,18,21,24,25,30,31,38,43,48,52,55,57,66,75,78,83,86,91,96,99,101,104,105,107,110,113,117,122,125,128,131,136 "60";
61 101 0 7,8,9,13,16,17,19,21,26,27,31,33,36,37,44,51,56,57,60,62,64,66,67,71,77,79,85,87,89,94,98,99,101,103,104,106,107,108,110,111,116,118,119,122,124,126,127,128,134,138 "61";
62 110 0 2,7,10,12,14,16,20,28,36,45,46,50,52,53,55,57,58,62,65,68,69,72,77,80,85,88,91,93,99,101,111,112,115,116,118,120,124,127,130,131,135,138 "62";
63 26 0 1,3,7,8,10,12,15,18,23,25,27,29,32,34,37,39,41,42,49,53,55,56,63,64,66,70,75,76,77,82,86,90,94,96,97,101,102,104,107,110,112,113,117,122,132,135,137,138 "63";
64 105 1 0,3,6,11,18,20,22,38,46,48,56,59,61,65,68,71,75,79,80,84,91,97,103,105,107,108,124,125,131,135,136 "64";
65 112 1 0,1,3,4,6,7,13,14,16,17,19,21,22,30,31,36,38,39,41,42,44,46,50,53,54,57,60,63,64,67,69,70,72,74,75,76,79,80,84,87,88,90,93,95,99,102,104,105,109,111,113,114,117,118,127,131,136,137,138 "65";
66 113 0 2,13,22,27,32,42,53,57,61,106,114,122,123,127 "66";
67 2 1 3,5,9,13,23,34,37,50,55,74,83,102,130,132 "67";
68 4 0 6,8,11,15,17,18,19,22,25,27,35,37,39,45,47,49,50,52,53,55,58,60,63,68,69,72,76,78,82,84,87,88,90,93,100,104,108,110,113,116,126,127,130,131,133,138 "68";
69 135 1 4,5,8,11,12,14,16,18,19,21,25,34,37,39,42,48,50,51,54,56,62,68,74,84,85,89,92,100,101,103,105,110,112,116,124,129,130,135 "69";
70 36 0 4,5,11,13,16,18,23,25,28,29,33,35,36,39,40,42,43,44,46,48,49,51,53,59,64,68,72,74,82,84,85,86,88,97,100,105,106,110,111,114,120,123,125,128,130,135,138 "70";
71 96 1 21,33,34,58,60,66,68,74,80,90,98,125,131 "71";
72 63 0 45,126 "72";
73 89 1 0,24,74,80,104,106,109,120,125 "73";
74 72 0 9,13,40,41,44,48,53,58,73,74,86,96,107,116,126,134 "74";
75 28 1 0,3,7,8,11,12,14,16,17,19,20,23,24,28,30,32,34,35,37,41,43,48,51,54,57,60,61,64,67,70,72,75,77,79,80,83,85,89,91,97,101,102,105,110,113,114,116,121,122,125,127,128,129,131,133,135,136,137 "75";
76 56 0 2,6,7,10,18,25,27,30,33,35,40,42,53,54,57,61,65,68,70,76,80,82,85,91,96,100,106,109,117,125,126,129,131,135 "76";
77 67 0 0,2,9,13,15,17,28,32,36,37,38,40,42,49,53,54,60,62,76,81,83,85,87,88,94,101,106,110,116,118,120,126,130,133,136,138 "77";
78 94 0 0,2,5,6,7,9,10,13,14,19,24,26,28,36,37,39,41,42,47,49,50,52,54,55,58,59,64,66,68,70,78,80,82,84,87,89,91,94,95,97,99,106,107,109,111,113,116,117,119,121,123,124,127,132,133,136,138 "78";
79 116 0 6,11,28,32,55,61,64,112,115,119,127,138 "79";
80 69 1 0,6,10,15,22,24,27,31,34,36,39,43,45,50,56,59,63,64,68,70,74,78,82,84,87,89,90,99,101,109,112,114,120,126,127,131,134,137 "80";
81 64 0 5,6,10,12,13,19,21,24,27,30,31,39,52,54,61,66,69,76,78,80,81,83,85,87,93,99,103,105,108,113,114,116,119,123,132,135,136 "81";
82 129 0 0,3,5,7,8,9,11,13,14,18,19,20,21,24,25,26,29,30,32,33,36,38,42,44,49,50,51,52,55,60,61,62,64,65,67,68,75,77,79,80,83,84,85,87,88,91,93,94,95,101,103,105,107,109,111,113,114,116,120,123,124,127,128,131,133,136 "82";
83 85 0 2,4,5,7,12,13,15,17,20,21,24,28,32,33,34,36,40,42,44,52,55,57,59,60,62,66,67,72,73,79,81,82,84,92,93,98,102,104,106,107,109,112,114,115,116,118,121,124,128,130,134,136 "83";
84 59 0 10,13,14,16,18,19,20,23,28,29,32,38,42,45,46,48,49,62,84,85,88,95,103,105,108,115,121,129,134,137 "84";
85 131 1 0,13,26,31,45,49,52,55,65,71,72,86,101,105,112,125,129,133,138 "85";
86 112 1 0,1,3,4,6,7,10,11,13,16,17,18,20,21,23,25,26,28,31,34,37,41,47,48,49,53,55,63,66,69,70,72,74,76,79,80,81,84,85,88,89,90,92,96,98,99,101,107,109,110,111,112,116,118,119,122,123,125,127,132,134,135,138 "86";
87 23 1 0,12,14,17,25,27,29,36,43,51,55,61,68,71,74,80,85,88,92,99,102,109 "87";
88 25 1 15,54,63,78,83,120,121 "88";
89 137 1 2,3,5,6,17,19,21,23,25,28,31,32,36,38,46,48,50,52,53,55,57,59,74,75,78,80,84,85,89,93,94,96,98,100,102,103,105,107,111,115,116,119,120,128,131,132,137,138 "89";
90 65 0 4,5,11,17,28,31,32,46,51,55,71,76,78,131,138 "90";
91 37 0 7,11,14,16,23,25,27,33,34,36,48,50,52,55,58,61,64,66,70,73,79,83,85,87,89,94,98,99,100,102,111,115,119,120,122,123,125,135 "91";
92 106 0 1,5,7,25,29,46,55,114,121,127 "92";
93 95 1 54,63,95,105,109,115,121,123 "93";
94 126 0 0,5,14,24,34,43,68,80,90,112,121,123 "94";
95 78 1 4,16,29,38,39,43,50,51,54,65,68,74,80,82,95,125,127,129,130,138 "95";
96 31 0 0,10,15,66,73,96,106,114,129 "96";
97 133 1 10,16,37,39,60,69,76,80,89,113 "97";
98 17 1 2,5,7,13,14,16,17,20,21,23,26,28,29,30,34,36,38,45,47,49,50,53,55,57,58,64,66,68,70,73,75,77,78,81,86,89,91,93,95,96,99,104,105,106,108,111,114,116,123,125,127,128,129,131,133,135,137 "98";
99 106 0 1,10,13,22,42,48,64,84,98,110,124,130 "99";
100 73 0 6,80,120,134 "100";
101 2 1 2,6,10,14,15,17,20,24,26,30,32,48,54,57,68,77,87,89,90,96,100,102,105,107,111,113,117,119,121,122,126,134,136 "101";
102 73 1 1,10,12,25,29,30,35,40,48,49,58,61,62,65,66,67,70,77,81,82,85,93,99,106,108,111,116,120,121,123,134 "102";
103 126 1 5,27,28,42,45,76,107,110,118 "103";
104 104 1 2,3,8,14,17,19,24,25,26,29,34,36,48,53,54,58,59,62,65,72,77,78,81,90,94,96,101,103,105,108,112,116,120,128,131,136 "104";
105 137 0 17,66,105,109,131 "105";
106 124 1 4,8,16,18,28,45,50,51,54,65,73,75,85,100,108,111,117,123,124 "106";
107 66 1 0,2,10,17,18,25,30,37,41,45,53,55,65,74,87,88,92,94,95,96,107,111,117,119,122,131,133 "107";
108 74 1 36,42,50,70,78,92,96 "108";
109 123 1 0,6,8,11,14,15,17,20,23,26,29,31,33,35,38,40,41,44,46,49,51,54,55,57,59,62,64,67,73,78,80,81,85,86,87,88,90,94,97,99,101,107,109,111,114,117,119,120,122,124,125,126,128,131,132,134,137,138 "109";
110 51 1 0,9,20,49,75,92,95,103,112,118,121,122,130,135 "110";
111 93 1 0,6,8,11,13,17,22,25,35,44,49,57,63,65,70,73,77,79,80,82,87,88,93,94,96,98,100,112,114,119,122,128,130,135 "111";
112 82 1 13,21,45,133 "112";
113 17 1 2,3,8,18,22,23,24,32,34,40,44,52,53,56,61,63,65,69,74,80,82,87,90,93,99,104,108,110,111,117,119,121,125,126,129 "113";
114 32 0 15,21,35,37,39,43,46,63,65,72,86,89,91,98,113,118,124,132 "114";
115 124 1 0,1,2,4,6,7,10,13,15,17,19,22,24,26,27,29,30,32,34,36,37,45,47,48,51,53,54,58,59,60,63,66,68,71,72,73,75,76,79,80,81,82,84,88,90,91,92,94,97,98,100,101,102,104,105,106,109,111,113,116,119,125,126,128,132,135,136,138 "115";
116 67 0 0,2,4,8,12,17,19,22,23,26,28,29,31,32,34,37,39,40,42,43,46,53,54,55,58,59,65,66,67,70,71,73,74,76,79,80,82,83,84,86,87,90,91,92,94,96,98,99,101,104,110,113,114,115,117,118,121,124,126,127,129,130,131,134,135,137 "116";
117 33 1 2,3,5,9,10,12,15,16,17,20,22,24,26,27,29,30,32,33,35,38,42,46,47,49,51,56,57,58,60,66,71,74,76,79,84,87,89,91,92,94,100,103,104,105,106,111,112,114,115,117,123,127,136,137,138 "117";
118 121 0 19,24,46,50,52,58,60,74,80,84,87,89,108 "118";
119 68 0 0,3,4,5,7,9,13,15,21,23,25,34,37,48,51,53,54,65,71,73,74,76,77,86,88,90,92,97,99,101,109,115,119,121,126,127,130,132,135,136,138 "119";
120 110 1 0,3,6,9,10,11,14,17,22,23,25,26,30,32,33,36,37,39,42,45,46,47,50,54,57,58,62,65,72,76,79,81,82,85,87,89,91,93,95,97,100,105,107,109,110,111,117,121,123,126,128,129,130,132,133,135,136,138 "120";
121 4 1 1,2,4,7,9,10,14,17,19,26,33,35,36,37,39,40,42,53,59,61,63,73,76,78,79,83,84,86,87,89,93,95,97,98,100,103,105,108,111,113,114,119,121,123,124,128,133,136 "121";
122 93 1 1,2,7,9,10,14,16,18,23,26,28,35,37,39,41,46,51,58,62,64,66,67,73,76,77,79,82,84,88,89,91,97,103,106,107,109,111,112,118,120,123,127,129,131,132,136 "122";
123 61 1 0,3,4,8,11,14,17,18,22,27,29,32,35,39,44,45,61,68,76,82,84,87,89,92,93,96,99,102,108,117,119,121,125,127,128,134,137 "123";
124 110 0 0,2,5,8,11,12,14,15,17,22,23,25,26,31,33,34,36,37,39,41,43,44,51,53,56,57,59,61,63,64,66,67,68,71,72,73,74,80,83,89,91,92,96,98,99,101,102,105,114,118,119,121,124,127,129,132,136 "124";
125 77 1 4,121,129 "125";
126 40 0 7,9,11,14,16,18,21,22,25,30,35,36,41,42,47,49,53,62,64,66,68,73,78,80,83,84,88,91,94,96,103,105,107,109,113,116,119,122,125,127,132,137 "126";
127 14 0 28,33,49,56,65,91,98,100,124 "127";
128 134 1 6,8,12,16,18,20,27,29,32,37,52,53,55,57,59,60,70,72,75,76,81,84,86,88,92,94,98,105,107,109,115,117,118,126 "128";
129 95 0 0,3,7,8,10,13,16,19,22,26,28,30,31,35,45,47,49,50,56,59,61,63,71,74,77,78,80,83,84,85,87,90,92,97,99,100,101,103,108,110,113,116,119,121,125,127,132,134,137 "129";
130 103 1 0,38,120 "130";
131 32 0 0,5,14,23,28,31,43,45,68,72,85,96,111,113,123,135,136,138 "131";
132 97 0 1,2,6,8,10,11,14,17,18,20,22,23,25,26,27,29,30,32,33,35,36,37,39,40,42,47,48,49,54,59,62,65,67,68,71,73,74,76,78,80,82,84,85,87,89,91,94,98,100,102,103,105,108,111,112,117,122,124,133,135,137,138 "132";
133 69 1 2,3,6,9,18,20,23,27,30,31,38,52,54,55,60,62,65,68,69,72,75,83,85,86,91,95,99,101,107,121,127,131,133,137 "133";
134 1 0 0,3,7,8,9,13,14,17,19,20,21,25,30,35,36,37,43,46,48,49,50,52,57,59,62,64,66,68,70,72,74,78,86,87,89,92,98,102,105,107,108,114,116,117,118,121,125,128,131,136,137 "134";
135 109 0 5,16,19,20,24,26,31,33,36,37,42,49,52,63,76,85,90,93,98,100,102,119,130 "135";
136 24 0 7,11,15,17,32,44,50,59,62,70,82,96,99,103,107,111,113,122,126,138 "136";
137 107 1 0,21,30,51,55,74,89,119,133,136 "137";
138 106 0 4,7,9,15,21,27,40,43,47,49,51,57,62,68,72,73,74,77,78,79,83,87,88,94,98,101,107,109,110,112,115,117,119,122,125,130,132,134,137 "138";
