parity 69;
0 36 1 0,5,8,9,10,13,15,19,20,25,27,31,35,36,37,39,44,45,46,48,50,52,54,57,60,61,64,66,69 "0";
1 33 1 22 "1";
2 49 1 1,3,11,15,16,20,29,32,34,36,38,41,45,47,50,52,53,56,59,61,64,69 "2";
3 55 0 13,23,28,36,37,48,51,56,64 "3";
4 44 0 0,3,6,12,15,17,24,28,31,35,38,42,46,51,64 "4";
5 66 1 2,4,10,13,19,24,32,38,40,43,44,45,47,49,52,54,58,60,61,63,65,67 "5";
6 60 1 1,3,7,13,14,16,19,25,30,31,34,38,41,42,45,51,55,56,63,67,68 "6";
7 27 0 0,1,6,9,12,14,15,16,17,20,22,23,25,31,38,39,40,41,43,44,47,49,51,53,54,55,57,59,60,66,68,69 "7";
8 54 0 5,7,9,11,12,13,14,17,20,22,24,26,27,29,30,34,35,37,38,39,42,44,45,50,53,55,57,58,59,61,63,67,69 "8";
9 40 1 0,3,5,6,9,17,18,20,22,28,32,35,39,43,44,45,54,58,63,65,67,68 "9";
10 0 0 2,7,15,21,37,57,62 "10";
11 37 1 7,8,10,11,14,18,20,25,31,33,35,36,38,39,45,47,50,53,55,56 "11";
12 25 1 0,11,18,19,24,25,28,31,33,35,37,40,42,45,47,53,58,60,62,65 "12";
13 41 0 12,17,21,34,35,43,49,51,56,60 "13";
14 59 0 1,5,7,9,12,16,17,18,20,22,24,27,29,31,34,40,44,46,48,49,52,53,57,60,61,62,64,68 "14";
15 43 0 0,16,26,34,35,38,62 "15";
16 5 0 17,18,22,24,27,30,32,48,56,63 "16";
17 40 0 4,7,8,9,12,14,16,31,41,44,49,57,65,69 "17";
18 28 0 7,10,14,19,20,24,26,35,46,49,64,66,69 "18";
19 7 1 4,8,9,12,14,16,20,23,27,32,38,42,44,48,50,59,67 "19";
20 39 0 0,3,5,8,11,12,16,17,18,19,20,24,25,29,31,32,34,35,37,38,40,45,47,49,51,53,55,60,61,63,65,68 "20";
21 49 1 1,2,4,7,12,13,17,18,19,25,26,30,31,34,36,38,40,42,45,46,48,50,52,59,63,66,69 "21";
22 69 1 3,5,7,8,10,11,12,14,20,22,24,28,32,34,37,40,41,43,45,47,51,54,55,57,58,60,62,67,68 "22";
23 4 1 1,3,5,13,18,22,24,27,29,30,32,34,39,42,44,46,49,52,61,64,65,67,69 "23";
24 40 0 47,54 "24";
25 16 0 34,53,56 "25";
26 14 0 0,2,3,10,13,16,23,31,37,40,43,44,45,48,49,50,54,55,64,68 "26";
27 7 0 0,3,5,9,11,13,14,18,19,22,26,28,32,33,35,36,38,42,44,47,49,50,52,55,57,60,62,66,67,68 "27";
28 26 0 7,18,20,26,28,37,47,48,49,55,59,62,65,67,69 "28";
29 14 0 4,9,17,19,20,22,29,32,38,44,58 "29";
30 65 1 6,7,9,12,20,21,24,26,29,30,34,35,39,42,53,59,60,62,66,69 "30";
31 40 0 1,13,17,20,26,35,39,58 "31";
32 38 1 33,61 "32";
33 59 1 2,7,9,10,11,15,21,22,24,26,29,32,41,44,46,48,50,54,57,59,61,66 "33";
34 3 1 1,3,6,9,11,12,14,15,16,18,19,21,24,25,26,29,33,35,36,41,43,46,47,52,54,55,56,58,60,61,63,66,69 "34";
35 51 1 31,34,36,39,42,44,47,52 "35";
36 8 1 3,24,39 "36";
37 15 0 2,4,5,7,12,13,15,18,24,26,28,29,31,39,43,45,50,51,54,58,59,64,65 "37";
38 34 1 0,3,9,22,27,38,39,42,47,50,53,55,61,63,64,69 "38";
39 37 0 0,4,7,9,11,13,18,23,27,31,32,37,46,51,56 "39";
40 41 0 7,12,14,18,21,22,25,31,43,44,47,52,59,61,68 "40";
41 25 0 0,1,6,7,9,11,14,16,17,19,23,25,27,29,34,37,38,46,49,50,53,54,57,58,63,66,69 "41";
42 65 0 0,1,2,5,6,9,11,13,17,18,20,21,26,36,39,42,45,48,55,57,59,63,67 "42";
43 56 0 1,3,10,12,13,15,19,29,32,36,40,43,45,47,50,53,55,57,59,61,64,66,69 "43";
44 19 0 2,7,9,30,40,59 "44";
45 65 0 0,7,12,13,14,20,21,22,31,34,53,59,61,62,67 "45";
46 66 0 6,8,40,54 "46";
47 54 0 7,14,28,32,33,37,40,42,46,52,62,64,68 "47";
48 44 1 9,30,33,51,56 "48";
49 24 1 3,7,11,15,17,20,23,25,28,30,33,41,43,50,57,59,61,63,69 "49";
50 24 0 0,17,38,50,63 "50";
51 48 1 0,6,9,13,22,25,32,34,39 "51";
52 23 1 8,9,11,16,20,22,33,34,36,39,42,45,49,53,54,58,60,62,66 "52";
53 61 1 1,15,31,45,69 "53";
54 13 1 3,5,10,20,26,37,41,48,57,64,66 "54";
55 69 0 3,5,8,13,14,17,18,19,23,25,29,30,37,38,40,43,44,47,58,59,61,63,66,67 "55";
56 31 0 7 "56";
57 43 1 6,8,9,13,17,18,21,24,25,33,35,37,38,41,43,50,52,54,55,59,60,62,65,66,69 "57";
58 36 1 4,7,8,11,15,21,23,26,27,31,33,37,38,41,44,47,51,53,56,58,59,62,64,67 "58";
59 32 1 10,14,20,31,33,40,41,46,54,63,67,69 "59";
60 52 1 9,17,24,31,49,51,55,60 "60";
61 28 1 0,2,3,4,6,13,16,21,23,25,29,30,32,35,38,39,42,47,55,56,59,60,62,64,68,69 "61";
62 11 0 2,7,9,17,25,26,29,31,34,38,40,42,44,47,51,52,56,67,69 "62";
63 39 0 3,17,21,26,30,34,53,55,64,68 "63";
64 63 0 0,1,3,5,7,9,15,16,18,20,21,23,26,32,33,35,37,39,41,43,44,46,48,49,51,53,56,58,59,61,62,64,65,67 "64";
65 62 1 0,2,4,7,11,16,19,20,27,31,35,38,40,43,45,46,49,52,54,55,61,63,68 "65";
66 9 1 0,6,11,18,26,40,46,48,50,52,55,61 "66";
67 32 0 1,3,4,7,8,9,13,16,18,19,21,22,25,26,30,31,33,37,39,40,41,42,44,48,50,51,53,59,60,62,66,67,68,69 "67";
68 9 1 2,4,7,10,11,13,16,18,19,21,24,30,34,37,40,41,45,47,49,53,54,55,57,59,61,66,67,69 "68";
69 36 0 2,4,33,56 "69";
