parity 120;
0 98 0 2,13,98,101,119 "0";
1 104 0 0,3,5,10,11,14,16,18,21,26,28,30,32,33,36,44,46,48,50,51,52,54,57,62,67,69,74,77,80,83,86,88,91,92,95,102,106,107,110,111,115,118,120 "1";
2 119 1 0,5,6,8,9,12,14,15,18,22,25,29,32,33,35,38,40,42,44,48,52,53,54,57,58,59,62,63,68,70,72,75,81,83,90,91,96,99,103,105,107,110,111,116,118,120 "2";
3 109 1 2,3,13,17,28,43,50,66,67,70,76,83,93,98,109 "3";
4 34 0 1,2,4,5,7,8,13,16,17,20,21,22,24,26,29,37,38,43,45,47,49,57,60,65,68,69,72,73,74,76,79,80,85,91,93,96,102,104,106,107,110,116,119,120 "4";
5 98 1 4,7,13,15,22,29,33,37,39,42,46,50,56,59,60,61,62,66,69,76,80,86,89,97,105,107,112,116,117 "5";
6 82 0 0,3,6,10,16,17,18,19,21,23,26,28,31,33,34,41,42,44,46,48,49,53,56,58,59,63,65,67,68,69,74,76,80,82,83,85,87,89,90,92,96,97,100,101,102,105,109,113,114,117,119 "6";
7 105 1 0,2,5,11,19,24,30,34,43,45,54,60,65,67,68,85,87,95,99,104 "7";
8 70 1 2,5,8,11,16,19,25,30,33,35,41,47,48,55,57,65,68,69,71,76,77,84,87,91,100,102,103,105,110,114,115,120 "8";
9 43 0 11,42,49,73 "9";
10 87 1 1,7,13,15,36,41,42,51,59,62,64,69,87,89,92,98,101,102,108,110,112,116,120 "10";
11 95 0 0,1,4,7,11,15,17,18,19,22,27,31,39,41,48,49,54,57,58,60,62,64,65,67,69,72,74,77,79,85,89,92,95,96,98,100,102,105,109,111,113,114 "11";
12 3 0 12,13,33,36,41,42,46,48,65,79,81,89,94,95,101,103,107,108,113,119 "12";
13 42 0 2,4,6,10,11,14,15,16,18,21,24,27,29,33,36,37,39,47,50,54,55,61,62,64,68,69,71,73,76,78,81,82,84,85,87,88,90,92,96,97,100,101,103,105,107,108,109,112,115,116,120 "13";
14 55 0 0,13,16,23,25,36,38,43,55,61,63,65,69,80,84,92,97,99,103,104,106,115,117,118 "14";
15 10 1 20,28,45,47,51,81,88,90,98,115,118 "15";
16 105 0 0,1,3,6,8,9,11,12,13,17,21,23,24,28,30,32,36,37,41,45,46,58,59,64,65,67,72,76,81,82,90,91,95,99,102,105,112,118,119 "16";
17 54 0 9,12,14,17,19,27,35,40,52,55,65,68,81,92,93,107,116 "17";
18 12 0 0,2,4,6,9,10,13,14,18,20,27,28,30,32,34,35,37,40,42,43,46,51,57,58,61,63,64,66,67,68,71,74,76,78,79,81,83,85,88,93,94,98,100,102,105,109,116,118,120 "18";
19 25 0 5,7,11,13,18,28,30,33,37,39,43,44,47,49,51,52,54,56,58,65,70,73,76,78,83,86,91,92,94,96,100,101,102,107,111,117,118 "19";
20 60 1 4,5,6,7,10,11,13,14,16,18,22,25,26,29,31,33,35,37,42,44,46,48,49,50,52,54,56,59,60,61,62,64,66,67,71,72,73,75,77,78,80,83,85,87,90,92,95,96,100,107,108,110,111,113,114,117,118,120 "20";
21 41 1 7,9,18,22,24,29,31,37,38,41,43,44,45,49,50,52,53,56,57,59,61,65,69,70,74,83,84,86,88,89,97,98,100,102,107,113,118 "21";
22 114 1 6,8,10,13,14,16,19,20,22,23,25,28,29,31,32,34,35,37,40,42,44,50,52,54,56,60,62,64,65,67,68,70,72,73,74,76,78,80,83,86,87,89,91,92,93,95,98,99,101,103,105,107,110,112,114,115,118,120 "22";
23 119 0 0,3,5,6,8,11,13,20,21,25,27,28,31,33,34,37,39,40,42,46,47,49,52,55,57,58,61,63,65,66,70,72,73,74,75,80,83,85,87,88,90,91,93,94,95,96,99,101,103,105,109,111,113,116,117 "23";
24 62 1 0,1,3,4,8,10,13,16,17,20,22,23,25,27,28,30,32,33,35,36,39,41,42,45,47,49,51,56,57,62,63,64,66,67,69,70,79,80,81,85,86,89,90,92,94,95,97,98,100,102,104,105,106,108,112,115,116,117,119,120 "24";
25 29 1 2,3,4,6,8,11,13,15,18,19,20,22,32,34,37,39,40,43,44,46,47,49,50,55,57,59,60,61,63,65,67,70,74,76,79,81,85,87,90,95,96,100,102,103,105,109,113,114,117,120 "25";
26 19 0 7,12,33,44,50,62,83,101,103 "26";
27 80 1 10,13,18,19,56,57,61,74,77,91,95,100,109,115 "27";
28 29 0 3,4,6,8,9,11,13,15,17,19,21,25,27,30,32,34,37,39,40,41,45,46,49,51,54,56,61,63,65,67,68,69,72,74,76,77,79,81,89,90,91,92,96,97,98,101,103,105,107,109,112,115,116,118,120 "28";
29 72 1 5,7,11,16,18,25,28,30,35,38,50,51,52,56,64,76,82,86,98,100,107,116,118,120 "29";
30 118 1 1,3,6,7,9,11,13,14,15,17,18,22,25,26,27,30,35,38,39,44,45,47,48,49,52,53,54,56,58,61,63,64,68,70,71,72,77,79,81,89,90,91,93,94,97,98,101,103,104,106,109,110,111,113,114,118,119,120 "30";
31 101 0 7,10,15,23,30,33,37,44,48,49,51,53,54,58,60,67,70,73,76,78,94,103,120 "31";
32 55 0 7,16,19,34,45,52,55,66,69,72,78,100,102,104,106,114,116,118 "32";
33 22 1 0,4,5,7,10,11,12,13,15,17,20,21,22,33,36,44,45,46,48,49,52,56,59,61,66,68,72,75,76,77,79,80,84,86,88,90,95,99,102,106,108,110,111,116 "33";
34 83 0 2,3,10,13,17,20,22,25,27,28,29,31,32,34,36,37,39,41,44,46,50,52,55,57,59,62,63,67,70,72,74,76,77,79,84,89,92,99,100,105,106,108,112,118,120 "34";
35 109 1 8,12,15,16,18,19,21,26,30,34,45,49,52,54,57,61,68,74,75,79,81,84,85,87,90,98,104,105,107,110,111,117,119 "35";
36 117 1 3,7,14,15,17,21,23,29,30,33,47,52,54,66,70,75,79,81,84,91,94,103,105,106,108,112,116,118 "36";
37 76 1 0,1,7,9,10,11,13,15,17,19,23,24,26,30,36,38,42,44,46,50,51,53,57,59,60,64,67,68,70,72,73,82,84,87,89,91,92,93,95,97,101,103,104,108,109,111,113,115,117,120 "37";
38 87 0 1,2,4,6,11,13,14,16,18,20,22,26,27,30,39,44,50,52,56,57,64,65,72,76,79,85,94,98,103,105,107,109,112,113,118,119 "38";
39 93 1 7,8,11,12,13,15,32,37,51,55,57,60,72,73,83,86,94,97,100,104,113,120 "39";
40 67 1 0,2,6,9,16,20,23,28,32,33,38,40,42,49,53,58,60,72,75,85,87,89,90,94,98,106,111,112,114,117 "40";
41 33 1 4,29,54,62,69,86,93,96,98,100,105,116 "41";
42 42 1 21,27,40,54,59,67,80,87,89,97 "42";
43 89 1 0,2,4,6,7,12,16,20,24,30,32,34,37,40,41,43,46,47,49,52,63,64,66,69,73,77,82,84,86,91,95,97,99,102,105,106,109,110,112,114,118,120 "43";
44 103 0 1,5,9,13,15,16,21,25,27,28,31,34,36,40,43,45,46,51,52,53,54,57,59,61,64,66,67,71,73,74,77,79,81,90,96,99,102,107,109,116,120 "44";
45 98 0 0,2,5,16,55,69,85,95,106,108,120 "45";
46 90 1 0,3,5,13,14,15,16,18,19,21,23,26,29,30,35,36,38,41,42,44,47,48,49,53,55,56,62,71,72,75,79,82,83,87,91,92,94,96,98,100,101,103,105,108,110,116,117 "46";
47 61 1 16,29,31,32,35,36,42,55,57,59,72,84,87,89,91,97,103,106,110,113,116 "47";
48 19 0 4,6,8,13,19,22,25,26,28,30,32,35,37,45,48,49,51,52,53,59,60,64,67,72,75,79,81,84,85,87,93,95,105,110,113,118 "48";
49 42 0 0,3,7,11,12,14,18,20,21,26,30,32,35,39,43,50,53,55,56,58,62,63,65,67,69,71,72,74,75,77,79,81,83,85,93,99,100,104,105,109,111,113,118 "49";
50 41 0 1,2,17,28,34,37,45,55,81,92,96,107,114,117 "50";
51 10 0 11,13,22,26,29,36,40,42,45,46,52,54,57,58,59,62,63,65,68,76,80,87,92,93,99,105,109,110,113,115,117,118 "51";
52 13 0 14,22,26,36,42,50,60,72,77,81,85,90,94,96,103,105,111 "52";
53 13 0 0,2,3,5,7,8,11,15,16,18,22,25,26,31,33,46,49,51,52,55,56,57,59,61,65,73,74,76,79,80,81,82,83,88,94,95,98,101,102,104,107,110,113,120 "53";
54 97 0 0,4,5,9,11,25,26,36,40,42,45,46,52,58,64,66,72,80,82,84,90,93,95,104,113 "54";
55 5 1 8,39,57,60,65 "55";
56 74 1 25,100 "56";
57 23 0 29,38,42,45,87,110,112,117 "57";
58 12 0 4,5,8,9,14,20,25,26,28,30,36,38,41,48,51,54,56,61,62,69,70,75,78,80,82,85,90,94,95,103,109,111,117,120 "58";
59 72 1 3,6,8,11,14,21,28,30,31,41,43,50,66,82,94,100,102,106,108,118 "59";
60 18 1 5,6,10,21,22,26,31,35,39,47,59,61,62,67,70,71,73,86,87,90,93,96,99,101,110,116 "60";
61 67 0 22,46,72,87 "61";
62 35 0 14,24,40,51,61,70,98,114,120 "62";
63 111 0 1,3,11,17,18,20,22,30,45,46,50,59,63,73,74,85,88,90,92,93,100,104,107,119 "63";
64 18 1 1,8,38,46,50,66,72,78,81,84,85,91,94,96,101,102,108,111,112 "64";
65 88 0 2,5,7,9,14,39,40,44,46,49,52,54,56,58,60,61,63,66,68,70,71,73,79,80,82,83,86,87,89,92,97,108,111 "65";
66 115 1 0,1,3,9,11,13,15,20,22,24,32,33,37,43,44,45,47,50,51,55,57,59,62,65,66,69,72,75,77,78,83,85,87,91,92,94,95,98,100,101,104,105,108,109,111,117,119 "66";
67 97 0 0,9,20,31,34,45,55,57,76,82,84,88,91,93,101,106,111,117,118 "67";
68 56 1 5,9,13,21,26,28,36,44,56,70,81,92,93,99,101,107,113 "68";
69 38 1 1,8,13,15,16,21,24,26,27,31,33,34,36,38,42,44,45,48,50,54,55,58,59,61,63,65,68,71,72,76,80,83,85,87,88,93,96,97,100,102,103,108,111,113,115,117,119,120 "69";
70 57 0 20,72,93,104 "70";
71 45 0 19,36,54,69,96,117 "71";
72 21 1 5,7,9,10,14,20,23,30,31,35,39,44,45,47,49,52,54,55,58,61,66,70,72,74,75,77,79,81,83,85,87,89,94,95,99,100,109,111,113,120 "72";
73 13 0 2,5,6,7,9,10,12,17,18,20,21,23,24,26,27,29,31,32,33,35,40,44,49,50,53,54,56,57,60,63,65,68,69,71,72,73,76,77,79,83,84,87,88,94,95,98,99,101,102,104,105,108,112,113,114,118 "73";
74 5 0 1,9,16,27,31,33,37,67,72,99,110,113 "74";
75 115 0 28,40,67,76,80,113,119 "75";
76 28 1 1,4,5,7,9,19,20,21,24,26,31,38,40,44,46,48,51,54,56,57,59,60,62,64,66,70,75,80,82,83,91,93,97,98,100,106,109,111,113,114,117,119 "76";
77 95 1 10,14,18,25,27,29,35,40,44,48,49,51,54,55,57,58,60,62,64,65,70,72,75,77,82,83,85,92,94,95,99,106,115 "77";
78 30 1 0,7,8,17,25,26,28,31,37,41,44,46,50,51,53,57,58,63,64,66,68,71,73,75,81,82,83,87,89,91,94,96,105,108,110,112,118,120 "78";
79 106 1 4,26,27,50,53,77,93 "79";
80 1 1 0,34,47,54,71,79,97,120 "80";
81 111 0 3,13,16,34,36,52,67,73,97,103,110 "81";
82 86 0 0,3,4,6,8,11,16,17,19,20,22,23,25,27,30,32,35,37,38,46,49,50,52,54,56,57,59,65,66,71,74,76,78,80,82,84,86,90,92,96,100,104,106,107,110,113,115,117,120 "82";
83 82 1 0,1,2,4,5,7,10,14,15,16,17,19,21,22,23,27,32,36,38,40,43,47,49,52,54,55,58,60,61,63,64,67,69,70,72,73,74,76,77,79,81,85,87,90,92,95,98,99,101,103,108,112,117,119 "83";
84 92 0 0,3,8,10,16,24,27,36,39,41,42,52,53,56,57,60,61,63,68,71,73,77,81,83,85,90,92,96,97,99,105,107,108,114,117,119 "84";
85 42 0 5,6,7,9,11,12,13,16,17,22,24,28,29,35,37,38,40,41,43,45,49,53,56,59,60,62,63,66,68,72,74,77,79,81,82,84,88,91,93,95,96,100,101,102,104,106,107,111,113,115,117,120 "85";
86 36 0 43,101 "86";
87 51 1 3,7,9,10,13,15,16,17,19,20,21,22,24,25,28,31,33,34,35,38,40,41,45,47,48,52,54,57,59,61,65,66,67,68,71,73,76,78,80,81,83,85,87,88,90,92,95,99,102,103,104,105,108,111,117,118,120 "87";
88 7 1 2,4,6,8,12,17,18,21,22,24,26,27,28,30,31,32,34,35,37,39,40,44,46,48,50,52,53,55,58,65,69,72,77,80,85,87,89,90,91,94,95,98,99,102,103,108,110,111,114,117,119,120 "88";
89 19 0 1,28,49,67,73,76,77,81,84,103,119 "89";
90 61 0 16,22,28,34,39,63,78,83,104,114,117 "90";
91 4 1 1,3,5,7,9,10,12,14,18,20,21,22,23,25,26,30,31,32,34,36,37,41,46,48,51,52,55,56,58,59,63,64,66,67,69,75,78,80,81,83,84,86,87,88,91,92,93,95,96,97,98,100,105,106,108,111,112,116,117,118 "91";
92 18 0 9,13,17,21,26,29,43,48,51,68,70,72,73,74,78,81,83,85,87,91,94,101,104,108,120 "92";
93 111 0 1,4,5,11,13,14,18,19,21,23,25,27,28,31,36,39,40,44,48,49,51,53,54,56,57,60,63,64,67,68,70,71,74,75,78,84,86,88,90,92,96,99,100,101,102,105,108,112,116 "93";
94 31 1 3,4,5,8,15,17,18,22,23,32,42,48,52,63,67,73,83,85,88,89,94,96,102,106,111,115,119,120 "94";
95 32 0 0,3,4,6,8,9,10,11,13,14,16,20,21,23,24,26,28,30,33,36,38,39,41,43,45,47,48,50,55,58,62,65,67,69,73,74,77,79,81,84,86,87,89,91,93,96,97,99,101,103,105,106,107,108,111,112,113,115,116,118,120 "95";
96 38 0 8,32,35,74,105 "96";
97 21 0 0,4,9,21,36,46,50,68,73,77,84,102,104,108 "97";
98 45 1 1,5,6,8,10,11,13,14,15,17,19,22,26,27,34,35,37,40,42,44,45,47,49,51,57,59,61,63,65,67,69,74,75,78,79,80,82,86,88,90,93,94,97,99,104,106,109,111,113,114,116,118,119 "98";
99 69 0 0,1,6,7,9,11,13,15,19,20,21,24,26,28,29,33,34,35,36,37,41,43,45,47,51,55,57,63,67,69,70,71,72,73,75,76,78,79,80,83,86,88,94,97,100,102,105,109,110,112,113,116,117,119,120 "99";
100 62 0 0,2,7,10,13,15,19,23,26,27,31,34,35,37,38,40,42,44,48,51,52,60,61,65,68,70,73,77,78,81,83,84,85,88,92,94,95,96,98,101,103,105,110,112,113,114,118,120 "100";
101 42 0 0,1,3,4,6,8,9,10,13,16,18,21,23,25,27,30,32,36,38,39,41,43,44,46,51,52,54,55,57,62,65,67,69,72,73,75,79,80,81,95,99,108,109,115,117,118 "101";
102 0 0 15,19,29,30,32,45,49,53,59,61,64,65,67,75,81,84,85,99,108,113,120 "102";
103 114 1 0,6,8,10,11,13,15,16,18,19,21,23,28,31,32,33,36,42,44,60,62,64,66,69,74,83,85,87,89,91,93,97,98,101,107,109,112,114 "103";
104 51 1 0,2,5,6,8,11,15,17,19,21,22,24,30,37,39,42,43,46,48,50,51,53,56,59,61,63,67,69,70,75,77,79,81,82,83,86,88,90,92,96,97,99,103,105,108,111,114 "104";
105 69 0 7,8,10,12,16,17,23,27,33,34,35,37,39,48,49,52,55,57,58,60,68,70,76,78,82,84,90,91,96,97,102,105,107,111,113,114,117,118,120 "105";
106 66 1 6,34,41,55,58,73,82,86 "106";
107 82 0 0,2,5,7,10,13,14,16,20,22,23,25,26,28,32,38,41,44,45,46,48,50,51,53,57,60,63,65,67,68,70,72,75,77,79,81,84,87,89,91,92,97,99,101,105,106,114,115,118,120 "107";
108 40 1 0,11,16,18,20,24,25,27,29,52,56,60,61,66,67,73,78,80,84,88,90,94,102,104,109,114 "108";
109 7 1 1,2,4,5,7,13,14,16,18,21,22,24,25,27,28,33,36,38,39,41,43,47,49,50,52,53,56,57,58,61,63,65,67,68,69,70,74,75,78,81,82,85,86,90,91,94,95,98,99,100,104,107,111,114,116,117 "109";
110 70 1 0,3,6,7,8,10,12,16,17,19,20,24,27,28,29,31,34,35,40,41,43,45,47,49,52,54,56,58,59,62,66,68,71,73,75,78,80,81,83,87,89,90,93,95,97,98,101,102,104,105,108,109,111,115,120 "110";
111 15 1 0,2,4,6,11,12,14,17,20,21,23,24,26,30,31,33,34,37,40,41,43,46,47,49,51,53,55,56,57,59,61,63,65,69,71,73,75,78,80,84,86,88,89,90,93,97,100,102,103,105,107,113,115,117,120 "111";
112 71 0 5,10,11,13,17,20,22,26,35,39,40,42,45,47,48,51,52,54,55,58,62,64,68,76,78,82,86,97,100,102,108,109,110,112,114,115,119 "112";
113 111 0 2,6,8,21,24,28,42,43,51,52,53,60,69,72,74,97,105 "113";
114 106 1 1,17,19,20,22,38,39,43,44,52,53,55,60,64,68,69,72,76,79,82,93,95,97,102,108,118 "114";
115 20 0 5,9,14,19,21,22,25,27,31,47,51,74,79,81,86,89,91,96,101,104,105 "115";
116 82 0 1,2,5,6,9,10,13,15,16,18,20,21,27,30,32,33,35,37,40,42,49,52,55,59,61,62,66,67,68,70,73,77,79,81,85,86,88,93,95,96,97,99,102,106,108,111,112,114,115,119 "116";
117 49 1 2,12,21,32,43,98 "117";
118 10 0 6,14,17,25,28,30,35,39,42,44,46,53,63,71,72,89,99,106,113,120 "118";
119 5 1 0,9,16,21,27,37,85 "119";
120 45 1 16,26,33,68,90,96,98,101 "120";
