parity 75;
0 71 0 1,3,5,9,10,13,14,17,20,22,23,26,27,29,32,34,35,39,41,42,44,46,53,54,59,61,62,66,68,73,74 "0";
1 26 1 1,3,4,5,7,10,11,13,14,16,17,18,19,21,23,27,28,29,32,35,39,40,41,44,46,47,48,50,52,57,59,61,64,67,68,70,72,75 "1";
2 29 0 3,5,12,19,27,31,32,33,40,42,49,55,56,65,70,73 "2";
3 16 1 20,33,36,39,44,46,55,59,67,73,75 "3";
4 25 1 2,6,9,11,13,14,16,17,18,19,23,27,28,31,33,37,39,40,42,45,49,57,61,62,64,66,68,70,71,73,74,75 "4";
5 63 1 0,3,4,5,7,9,14,17,19,20,23,25,27,29,30,33,35,37,39,42,44,47,49,52,54,55,56,57,59,61,62,64,66,68,69,71,72,74 "5";
6 15 1 0,2,4,8,13,14,18,21,22,24,26,28,32,34,36,39,43,45,47,48,50,57,60,63,65,66,68,70,72,75 "6";
7 32 1 3,5,12,26,35,37,39,40,41,43,52,54,59,67,72,74 "7";
8 46 1 10,35,36,64,65 "8";
9 10 0 0,1,2,7,8,11,14,16,17,18,20,26,28,32,33,34,36,38,41,43,47,50,51,54,58,60,63,65,67,69,70,72,74 "9";
10 8 0 0,3,7,8,9,11,12,14,15,17,18,23,25,27,29,32,34,38,42,45,47,49,52,55,57,62,65,66,69,70,73,75 "10";
11 55 0 8,25,27 "11";
12 42 0 5,53,68,70,73 "12";
13 34 0 12,31,35,39,41,42,44,46,54,60,66,75 "13";
14 70 1 14,15,16,26,27,30,34,35,39,43,54,63,69 "14";
15 3 0 18,52,65 "15";
16 71 1 3,6,12,13,18,20,26,28,33,35,41,43,44,49,52,56,65,66,67,69,70,72 "16";
17 35 0 11,22,50,52,56,66,69,75 "17";
18 28 0 1,4,11,22,27,31,33,37,39,47,53,57,59,71,73 "18";
19 59 1 30,45 "19";
20 63 1 2,6,9,11,13,16,17,20,23,25,30,35,37,40,43,45,48,50,52,53,56,58,60,63,66,69,71,72,73,75 "20";
21 7 0 8,10,14,17,20,24,33,36,43,46,50,53,55,59,69,71 "21";
22 38 0 29,34,42,48,68,75 "22";
23 37 0 0,3,5,8,10,15,30,43,46,54,56,58,60,67,75 "23";
24 71 0 0,2,6,13,15,19,21,23,28,29,34,37,45,48,51,53,56,58,60,63,71,73,74 "24";
25 67 0 4,11,19,27,49,70 "25";
26 34 0 0,2,3,8,12,15,17,22,24,25,28,33,34,36,41,42,46,47,50,54,55,57,59,61,63,66,68,70 "26";
27 3 0 1,26,49 "27";
28 27 1 9,13,18,21,23,32,36,40,45,46,48,49,51,53,57,59,69,71,74 "28";
29 46 0 0,5,7,9,12,14,18,21,23,26,32,43,46,50,53,54,59,62,64,65,72,75 "29";
30 20 0 3,4,7,8,10,13,14,15,17,19,21,27,28,29,31,36,43,45,49,51,55,65,66,67,69,72,73 "30";
31 67 1 3,14,17,23,26,30,32,39,44,48,55,60,61,67,74 "31";
32 2 1 1,3,5,7,8,10,13,15,17,18,20,25,26,28,37,39,40,42,44,46,47,50,56,57,59,62,63,67,69,71,72,74 "32";
33 64 0 2,19,28,61,63 "33";
34 65 1 6,10,16,17,21,31,38,50,56,59 "34";
35 37 1 37,40 "35";
36 14 1 0,1,3,5,8,9,11,14,16,18,20,24,25,26,28,29,30,32,33,36,37,40,42,45,47,49,53,54,57,60,62,64,67,70,72 "36";
37 4 1 2,4,10,15,17,22,24,25,31,40,42,44,47,51,59,63,65,67,69,71,75 "37";
38 30 1 14,21,23,26,30,35,42,44,55,60,75 "38";
39 56 1 3,5,7,16,17,19,24,32,34,36,38,39,42,43,50,56,58,60,67,70,72,74 "39";
40 25 0 7,15,25,37,39,48,61,65,71,74,75 "40";
41 42 1 7,15,30,32,41,49,66 "41";
42 40 1 0,3,6,7,13,17,19,21,27,30,33,34,37,39,42,45,47,49,60,62,64,66,67,69,71,72,74 "42";
43 75 0 0,3,7,9,12,13,16,18,21,23,25,27,30,31,33,35,37,40,43,45,47,51,53,55,58,60,62,64,65,67,72 "43";
44 58 1 2,4,6,11,16,17,22,24,28,32,34,36,42,47,49,55,56,63,64,67,71 "44";
45 66 0 3,4,9,12,14,16,18,20,21,23,24,33,41,42,43,45,50,51,53,55,57,66,67,69,70,72,73,75 "45";
46 39 0 0,2,3,4,6,8,12,18,20,22,27,30,31,39,44,51,56,59,60,62,64,66,70,71,74 "46";
47 25 0 1,3,6,8,10,12,18,19,21,23,24,30,32,34,38,39,40,41,43,46,50,52,53,55,58,60,67,70,73,75 "47";
48 13 0 4,6,7,8,12,14,16,17,19,22,23,26,27,30,32,38,40,41,43,44,45,46,48,49,51,52,54,56,59,61,64,68,71,72,73,75 "48";
49 10 1 0,1,2,5,7,9,10,12,14,17,19,22,28,29,30,32,34,36,37,39,41,48,51,52,53,55,57,59,60,61,63,65,68,69,71,73,75 "49";
50 49 1 1,4,6,7,9,10,12,17,18,21,23,27,30,31,33,35,37,38,39,40,43,45,46,47,52,53,58,59,60,61,63,66,68,69,71,73,75 "50";
51 24 1 9,21,36,45,69 "51";
52 41 0 2,45,52,60,63,67,74 "52";
53 72 1 0,3,5,9,11,21,24,26,33,35,37,38,45,49,52,53,56,60,62,71,72,75 "53";
54 64 1 4,6,13,15,17,19,25,28,29,34,39,45,50,51,56,59,64,65,66,69,75 "54";
55 49 1 0,2,5,11,12,23,35,39,44,46,47,51,52,57,58,64,70,73,75 "55";
56 21 1 27 "56";
57 45 0 0,1,2,5,6,9,14,16,19,20,22,23,24,25,27,31,34,35,36,39,42,45,48,49,51,53,55,57,63,64,66,68,70,71,72,74,75 "57";
58 58 0 3,8,13,36,38,40,55,67,73 "58";
59 62 0 2,3,5,7,8,11,12,14,16,17,20,21,22,24,27,30,34,37,38,42,45,48,50,51,53,55,56,58,61,62,64,65,67,69,73,75 "59";
60 57 1 3,5,6,12,13,14,18,21,22,25,29,31,34,36,38,40,43,44,46,48,49,51,55,57,59,64,66,67,70,71,73,75 "60";
61 62 0 2,30,34,47,50,58,64,71 "61";
62 34 0 5,6,8,19,26,30,32,33,37,41,43,48,50,57,66,70 "62";
63 41 1 0,3,5,6,8,15,17,23,26,29,31,36,39,43,49,50,57,59,61,65,73 "63";
64 10 0 14 "64";
65 18 1 0,1,3,8,10,13,14,16,18,21,23,27,31,33,34,37,40,41,46,48,49,52,54,59,60,63,66,69,70,71,75 "65";
66 19 1 15,19,29,36,45,47,65,68,71,73 "66";
67 45 1 1,3,5,9,11,14,20,25,32,34,38,40,43,46,48,50,53,65,67 "67";
68 23 0 0,3,7,12,13,16,17,18,21,25,35,42,46,48,53,56,57,60,65,68,71,72,74 "68";
69 34 1 4,7,10,12,15,18,22,26,28,32,35,38,41,43,45,48,50,51,53,54,56,60,62,63,66,68,70,71,73 "69";
70 16 1 5,7,10,21,23,25,29,31,33,34,38,40,46,49,68,73,75 "70";
71 17 1 6,15,29,38,58,67,68 "71";
72 32 0 0,3,5,9,12,15,18,19,23,36,38,43,46,52,58,66,68,74 "72";
73 51 0 0,2,12,16,17,27,29,39,42,43,48,49,51,53,55,58,62,68,70,75 "73";
74 11 0 3,4,5,9,11,12,14,15,17,20,21,27,29,30,32,34,35,37,39,40,45,49,51,52,53,60,63,70,72,74,75 "74";
75 55 1 1,5,6,10,11,14,15,18,20,22,24,27,29,32,34,37,38,40,43,47,49,53,54,61,63,67,68,71,74 "75";
