parity 61;
0 54 1 5,9,11,13,19,24,29,39,47,52,55,58,60 "0";
1 16 0 0,2,4,7,8,11,13,15,17,20,24,26,29,34,35,37,38,41,42,45,46,50,51,53,55,56,58,59,61 "1";
2 59 0 0,2,6,16,19,25,28,32,33,36,42,45,49 "2";
3 55 0 21 "3";
4 30 0 0,1,3,4,12,14,19,21,26,27,29,31,32,33,35,36,41,43,44,45,49,51,53,55,57,58,61 "4";
5 42 1 1,3,5,7,8,10,12,19,21,23,24,25,27,28,30,31,35,36,37,38,42,47,50,51,52,56,57,59 "5";
6 22 0 4,7,8,13,14,17,22,26,36,45,47,49,50,53,55,57,59 "6";
7 25 1 0,2,4,6,8,9,11,12,15,19,20,22,26,28,30,32,34,35,37,40,42,43,45,46,48,50,51,53,54,58,60 "7";
8 14 1 1,4,5,7,13,15,23,26,31,33,36,40,41,44,45,47,48,51,53,55,61 "8";
9 57 1 1,4,6,18,19,24,27,39,41,44,46,51 "9";
10 11 1 0,2,3,6,8,9,10,11,14,15,16,18,23,24,28,30,33,34,35,37,39,41,44,45,48,51,53,55,58,61 "10";
11 60 1 0,2,4,5,7,10,11,13,14,16,18,19,21,22,24,25,27,29,33,35,37,38,39,40,42,43,45,50,52,54,57 "11";
12 11 0 11,25,40,41,47,53,55,60 "12";
13 53 0 5,10,17,19,45,56 "13";
14 26 1 0,5,8,10,11,14,15,17,18,20,22,24,29,32,35,36,40,41,44,46,49,50,52,53,55,56,61 "14";
15 29 1 4,13,24,34,37,43,50,53,54 "15";
16 10 0 44,49 "16";
17 15 1 1,11,22,26,33,36,39,44 "17";
18 47 1 2,5,7,8,10,14,15,17,20,23,25,32,37,38,41,44,46,47,49,52,53,55,57,58,60 "18";
19 26 0 3,17,27,35,40,43,55,59 "19";
20 5 0 1,7,12,15,20,22,28,31,35,41,47,49,53,54,56,61 "20";
21 47 1 1,2,6,8,9,11,16,18,19,26,31,35,36,38,41,42,45,48,51,54,55,59,60 "21";
22 61 1 0,2,3,4,7,8,9,12,16,21,22,30,44,45,50,55,56,59,60 "22";
23 36 0 8,9,11,15,26,31,33,46,49,55,58 "23";
24 15 1 0,13,31,34,36,39,49,55,58,60 "24";
25 16 0 0,2,3,5,6,8,10,11,14,15,17,19,22,25,28,30,33,34,37,38,40,41,42,43,45,46,48,51,52,59,61 "25";
26 37 0 6,14,17,20,23,27,33,49,53,57,59 "26";
27 35 1 0,2,5,10,15,17,19,26,28,34,35,38,43,46,49,52,54,60 "27";
28 61 0 10,12,19,28,30,33,35,49,52 "28";
29 60 1 2,7,19,22,28,36,44,60 "29";
30 2 1 2,3,4,8,13,20,23,29,30,46,50,55,60 "30";
31 10 1 6,10,12,14,19,22,26,28,29,32,38,39,41,42,46,48,54,56,58,61 "31";
32 12 1 2,5,6,7,8,10,12,14,16,18,22,24,25,28,31,34,37,41,42,44,48,49,53,54,58,60 "32";
33 5 0 1,3,9,18,22,24,25,27,29,31,34,40,41,44,49,51,53,56,61 "33";
34 42 0 6,20,26,40,50,53,55 "34";
35 3 1 1,4,6,13,15,19,20,22,24,25,27,31,34,37,47,50,54,59,60 "35";
36 31 1 0,3,7,10,23,31,50,52,60 "36";
37 62 1 2,57 "37";
38 42 0 13,15,21,22,26,29,33,35,36,38,39,42,46,50,54,59 "38";
39 10 1 1,2,3,4,6,14,18,19,21,23,25,26,27,31,32,35,38,42,44,46,47,48,50,52,54,55,56,61 "39";
40 38 0 0,1,2,17,18,21,23,27,43,45,46,55,57,59 "40";
41 20 0 2,4,8,11,19,24,25,32,40,50,52,53,57,60,61 "41";
42 32 1 1,8,11,26,50,55,58,59,60 "42";
43 26 1 3,6,8,9,15,18,24,25,29,32,41,46,48,51,54,60 "43";
44 46 0 6,7,12,28,35,38,40,42,44 "44";
45 7 0 0,8,15,16,19,27,28,32,35,48,49,54,58 "45";
46 32 0 5,6,10,11,13,16,19,20,22,25,27,30,32,33,35,36,42,45,47,48,50,52,54,58,61 "46";
47 44 1 35 "47";
48 62 1 2,3,8,10,11,13,14,15,18,20,27,31,32,34,36,37,42,43,45,47,49,51,53,54,56,57,60,61 "48";
49 61 0 0,1,3,5,9,14,28,43,47,50,52,60 "49";
50 55 1 1,2,4,8,12,15,18,19,28,38,42,46,50,53,57,58 "50";
51 10 0 5,8,11,14,16,19,28,31,37,41,55,57 "51";
52 61 1 0,2,8,11,17,22,27,30,37,48,59,60 "52";
53 43 1 0,3,5,8,10,11,13,16,17,18,19,20,22,25,27,30,32,33,35,37,40,41,44,45,46,48,49,51,58 "53";
54 21 1 0,2,3,4,6,8,12,14,17,20,21,23,25,27,28,31,34,37,38,39,43,47,49,54,56,60,61 "54";
55 23 0 21,43,47 "55";
56 21 0 14,16,18,20,25,44,54,57,60 "56";
57 35 1 8,15,41,45,54,59 "57";
58 38 1 3,5,18,22,23,26,35,50,52,60 "58";
59 30 0 4,8,17,25,27,31,36,37,41,50,54,59 "59";
60 50 0 2,7,8,10,11,14,16,17,18,22,23,25,29,31,33,34,37,41,44,46,48,51,53,54,56,58,59,60 "60";
61 43 1 4,7,13,50 "61";
