parity 177;
0 73 0 4,7,11,13,16,27,33,35,41,44,45,55,59,69,77,82,92,97,102,104,109,112,115,119,121,126,150,152,156,162,164,168,170,174 "0";
1 167 1 14,29,34,44,46,58,76,90,102,114,121,124,133,144,171 "1";
2 75 0 5,10,24,27,33,50,64,73,81,83,86,89,99,107,109,123,126,143,152,158,160,164,173 "2";
3 150 1 0,2,6,7,9,10,12,15,16,18,22,23,25,27,31,32,38,39,41,44,46,58,63,64,67,75,76,78,79,80,84,85,87,88,89,91,92,98,101,107,108,111,112,114,117,119,121,124,126,129,132,134,136,137,139,140,141,144,147,152,154,157,158,160,164,167,170,171,174,177 "3";
4 20 0 6,8,26,31,33,35,38,40,45,49,50,55,57,58,60,63,66,68,70,78,81,83,84,94,99,103,104,106,113,115,119,120,123,127,130,136,139,141,143,146,148,150,156,159,161,166,169,172,177 "4";
5 69 1 9,108,175 "5";
6 173 0 2,3,5,6,8,12,13,19,20,22,23,24,26,27,29,31,32,35,37,40,42,43,47,49,51,53,55,57,59,63,65,66,67,69,70,73,74,76,77,80,81,82,87,93,94,97,98,101,102,106,109,112,114,119,122,124,126,129,130,133,135,136,140,142,148,151,152,154,160,164,166,167,169,173,176 "6";
7 35 0 12,16,17,24,26,30,32,36,38,40,42,57,60,69,73,85,87,88,91,92,98,99,102,109,115,120,123,126,130,133,136,152,169,174,176 "7";
8 56 1 15,18,19,21,24,28,36,37,54,56,58,60,62,67,70,77,83,99,107,120,121,126,129,132,138,142,146,162,170,175 "8";
9 68 1 1,3,6,10,13,18,20,21,23,26,32,33,35,36,40,41,44,46,48,54,57,61,62,66,68,72,73,75,78,81,82,84,86,87,89,91,94,95,97,98,103,104,108,109,111,112,116,119,123,124,127,133,134,135,137,139,140,142,144,145,147,152,153,157,160,163,165,166,168,170,175,177 "9";
10 19 1 2,7,9,11,12,15,16,18,19,21,30,35,36,38,41,44,45,48,56,58,59,61,66,70,72,74,75,78,79,84,87,90,92,96,102,103,107,110,115,119,121,124,129,131,135,136,139,145,147,149,151,153,155,156,158,160,162,163,167,169,172,174,175,177 "10";
11 103 0 5,11,14,15,20,23,25,45,54,67,68,79,104,105,117,119,132,170 "11";
12 97 0 0,5,8,10,13,16,17,20,22,23,26,31,33,34,39,41,43,46,48,52,56,57,59,63,67,69,71,72,76,82,84,86,88,90,96,98,100,101,104,105,106,109,114,116,119,121,123,124,127,131,134,136,142,143,144,148,149,151,153,155,157,163,165,168,173,175,177 "12";
13 43 1 6,9,12,13,14,18,21,23,26,29,35,39,41,43,48,49,50,54,55,57,59,63,65,68,72,73,79,80,83,86,88,89,94,96,103,104,106,114,120,121,125,128,131,133,136,140,142,143,145,147,150,151,153,154,156,158,159,163,165,171,172,176,177 "13";
14 38 0 0,1,3,4,5,7,9,10,12,13,16,20,21,23,25,26,27,34,36,38,39,42,45,47,49,52,54,56,58,60,61,62,64,67,68,69,71,72,74,76,78,79,81,83,85,86,87,89,90,92,97,99,100,108,110,116,118,120,121,122,124,127,129,130,131,137,139,141,142,145,147,150,152,154,155,157,159,160,162,167,168,170,171,173,177 "14";
15 133 1 2,6,10,12,14,17,18,20,23,27,28,30,31,32,36,44,46,47,49,51,59,61,63,64,66,70,72,73,74,76,79,83,85,87,92,93,95,97,99,101,102,104,106,108,113,115,117,122,127,128,130,136,137,141,145,147,149,157,161,163,164,166,168,170,176,177 "15";
16 38 1 4,7,10,15,22,29,39,42,45,57,59,66,76,79,81,85,89,93,110,115,132,133,139,143,145,150,152,154,157,163,166,168 "16";
17 46 1 0,2,3,5,8,12,13,14,17,18,19,22,24,26,27,29,30,32,36,40,43,44,45,48,50,51,53,55,60,62,64,67,69,71,74,76,78,80,82,83,85,89,90,93,95,96,98,100,101,102,104,105,107,108,110,111,114,115,122,123,125,126,127,129,130,133,134,136,140,143,146,149,150,151,153,154,156,158,164,166,167,170,171,173,174,177 "17";
18 142 0 1,3,8,9,14,15,18,21,23,25,26,29,32,35,38,42,43,45,47,48,54,56,62,63,64,66,69,70,71,73,74,77,79,81,85,86,88,96,97,99,101,103,105,107,108,109,110,112,113,115,119,121,123,125,131,132,133,134,136,138,141,142,144,146,147,148,150,153,157,160,162,164,167,168,169,171,173,175,176 "18";
19 67 1 1,5,7,13,21,27,31,33,48,50,54,57,61,63,64,74,79,81,90,91,94,102,104,112,114,120,123,138,140,142,144,159,162,164,169,170,176,177 "19";
20 3 0 14,17,19,22,28,34,38,44,51,61,63,68,73,76,89,93,117,126,134,135,153,160,162,168,171 "20";
21 20 1 1,20,28,33,53,57,58,61,63,67,68,82,84,89,99,104,106,115,120,123,126,129,136,143,144,148,150,160,167,176 "21";
22 122 1 0,1,3,5,8,15,20,26,27,28,30,35,37,39,43,46,53,55,61,63,64,66,69,72,77,83,89,93,95,96,100,105,108,110,116,118,120,121,123,124,125,126,131,132,134,140,145,146,149,150,165,169,170,171,177 "22";
23 153 1 0,2,3,5,9,11,14,18,21,22,24,25,29,30,33,35,36,40,41,46,50,52,54,56,59,62,67,68,71,75,76,77,79,81,84,91,93,96,97,99,102,105,106,108,110,116,117,121,122,128,130,132,133,134,137,139,141,145,147,150,154,156,157,159,160,161,163,165,166,167,171,173,174,176 "23";
24 156 0 14,18,21,29,30,35,37,39,42,45,49,53,57,59,74,75,76,80,82,86,89,91,95,97,105,111,117,120,122,126,134,141,147,151,155,162,163,164,170,171,173,177 "24";
25 113 0 1,2,5,8,12,18,20,22,24,25,27,28,30,35,37,41,43,47,52,53,55,58,61,63,66,70,72,76,79,80,82,84,86,87,88,93,96,98,101,103,105,107,108,109,112,118,121,127,129,131,132,135,136,138,139,142,146,147,148,149,153,156,158,160,161,163,165,167,170,172,174,175,176 "25";
26 176 1 0,2,5,6,9,11,13,16,18,19,22,23,25,27,28,29,33,36,38,39,40,44,47,49,50,51,54,55,60,64,66,68,72,77,79,80,81,82,85,88,90,92,93,94,98,99,101,105,108,110,112,114,118,119,121,123,125,127,128,129,131,132,134,136,138,139,142,143,144,145,149,151,152,154,157,160,163,165,169,172,173,175,176 "26";
27 131 0 1,3,5,8,11,16,17,21,25,33,40,43,55,59,60,63,64,67,71,72,75,79,81,86,88,96,100,104,105,114,117,127,128,130,131,133,134,136,139,142,145,149,152,154,157,166,167,171 "27";
28 105 1 0,3,6,10,14,16,18,21,22,24,25,28,29,31,32,35,37,40,45,46,49,51,54,55,56,61,63,65,70,73,76,78,83,84,86,87,89,93,94,99,102,111,112,114,118,119,121,125,134,139,141,143,145,146,147,149,152,153,155,157,159,161,163,166,167,173 "28";
29 49 0 1,6,9,11,13,18,20,23,29,32,34,37,40,41,43,44,48,49,54,55,59,61,66,68,69,71,73,76,79,82,84,87,91,92,103,107,111,115,118,120,123,127,134,137,140,145,146,147,148,152,155,157,160,163,165,167,170,171,172 "29";
30 70 0 0,9,12,17,21,30,33,44,49,52,57,77,93,104,113,124,138,140,142,143,147,149,151,155,156,162,163,169,173 "30";
31 23 1 17,22,36,39,43,60,76,79,86,97,101,108,118,123,134,137,141,144,148,158 "31";
32 20 0 11,12,13,16,32,35,36,37,39,42,45,48,51,54,56,58,62,67,69,70,75,78,85,87,92,93,95,110,111,117,120,125,127,129,133,140,151,153,157,158,162,164,170,172,173,175,177 "32";
33 165 0 4,6,7,15,21,23,33,34,36,41,49,50,51,54,56,62,64,65,66,71,72,75,76,80,81,82,85,87,89,95,98,105,109,115,116,117,124,125,128,133,137,138,141,142,145,159,163,165,166,168,169,171,173,176,177 "33";
34 177 0 0,2,14,17,19,22,23,33,44,47,51,61,67,72,73,75,76,78,80,82,84,86,111,116,122,127,129,130,134,137,138,142,144,153,157,167,171,177 "34";
35 152 0 0,3,6,7,10,15,16,18,19,21,23,25,26,27,28,31,33,34,36,41,44,45,47,50,51,53,54,56,58,60,61,64,65,67,68,70,73,74,75,78,80,82,83,85,87,88,90,91,92,94,96,97,99,101,104,106,107,111,115,117,119,124,126,128,130,131,133,135,137,138,139,141,143,146,148,150,153,157,158,162,164,166,168,174 "35";
36 40 1 6,34,37,39,43,51,57,66,74,80,81,84,86,88,97,98,103,109,119,121,126,129,137,141,175 "36";
37 147 0 0,18,62,95,175 "37";
38 15 0 0,6,8,11,13,19,26,31,44,47,52,54,58,60,62,64,68,70,81,84,93,96,99,101,106,110,117,119,123,127,129,136,139,146,149,155,157,158,160,163,168,169,175 "38";
39 3 0 10,13,39,55,75,107,111,120 "39";
40 98 0 3,15,17,21,22,27,28,29,31,33,37,39,41,47,48,49,52,53,56,57,60,66,69,70,75,76,79,80,83,85,86,87,91,94,97,99,101,105,106,108,110,113,116,119,121,123,126,127,129,130,134,135,138,139,142,143,145,148,152,153,154,155,160,163,165,167,171,174,175 "40";
41 31 1 0,2,4,5,8,11,17,22,27,31,32,34,35,37,40,41,43,44,47,51,53,55,58,59,61,64,67,71,75,77,78,82,84,95,100,102,104,107,110,112,114,118,120,126,127,132,136,137,139,141,143,145,147,151,157,158,162,166,168,170,172 "41";
42 104 1 2,5,10,11,13,15,18,22,23,28,30,32,33,35,37,41,53,54,56,57,59,61,66,67,71,76,78,79,81,88,89,90,95,97,102,103,105,106,108,111,114,120,126,128,132,135,138,141,143,144,147,149,151,153,158,159,164,166,167,168,170,172,175,177 "42";
43 159 0 27,31,35,60,62,65,77,113,116,140,144,149,154,165,170,177 "43";
44 164 0 3,14,28,30,32,38,57,72,83,88,90,95,106,111,128,132,156,170,176 "44";
45 127 1 11,15,64,69,78,94,126,141,149,167 "45";
46 156 0 0,3,10,14,15,19,24,25,34,37,38,41,43,46,48,49,52,54,58,63,65,76,83,86,88,104,106,110,113,115,122,123,125,126,135,137,138,140,142,147,161,163,171,172,176 "46";
47 145 1 14,22,28,34,49,57,74,94,100,112,129,135,142,161,168,173 "47";
48 173 0 2,4,11,13,18,26,30,33,35,38,41,45,50,53,54,63,84,86,92,97,103,106,108,111,113,119,122,124,131,146,153,155,169,171,175 "48";
49 104 0 0,2,3,12,14,24,27,33,40,47,50,53,56,67,76,78,85,89,93,97,100,111,122,127,135,139,140,141,145,153,156,163,172,174,177 "49";
50 48 0 6,21,23,42,54,68,76,93,101,103,106,110,111,117,136,147,154,158,165 "50";
51 161 1 1,3,4,10,11,17,19,23,25,27,30,31,34,36,40,42,47,49,51,56,58,63,64,66,68,69,72,78,79,80,82,83,86,88,89,91,92,95,97,99,101,104,106,108,109,113,114,118,119,121,125,127,132,138,139,143,145,146,147,149,152,156,157,159,160,162,164,168,170,173,175,177 "51";
52 85 1 6,8,13,16,19,21,22,26,30,32,34,36,38,40,42,51,52,55,65,66,77,79,81,88,90,94,95,105,107,109,112,115,119,122,123,129,135,138,139,141,144,145,149,152,157,162,165,167,174 "52";
53 32 1 1,3,9,14,19,22,23,25,29,31,32,35,37,39,41,46,47,51,52,53,55,57,60,64,65,67,70,72,74,75,76,80,82,84,87,90,94,96,106,107,108,110,111,115,117,120,121,124,126,127,129,136,137,142,148,149,152,154,156,158,161,164,166,171,176,177 "53";
54 13 0 2,4,6,8,10,12,28,33,34,42,44,48,49,58,60,66,70,71,74,81,84,91,93,96,109,110,117,120,128,140,151,153,155,157,158,163,164,167,170,175 "54";
55 136 0 0,4,7,12,13,15,25,35,38,41,42,46,53,61,64,69,70,73,75,80,84,91,92,94,109,112,118,133,135,137,140,146,149,159,162,171,175 "55";
56 125 0 1,3,4,6,8,9,11,12,13,16,19,20,21,22,26,29,31,33,37,41,43,46,47,57,58,60,63,64,73,75,76,79,81,83,85,86,88,89,92,94,99,102,106,107,111,115,119,127,128,131,133,134,136,138,139,142,144,148,150,152,154,159,161,162,166,170,171,174,177 "56";
57 46 0 0,2,3,5,6,7,9,11,13,15,16,17,18,20,23,25,27,30,32,35,37,41,42,43,48,52,54,56,60,65,67,71,77,79,80,82,87,90,92,94,97,101,103,104,106,111,113,114,117,119,121,123,125,126,127,129,131,133,135,136,139,140,141,143,145,146,147,149,151,153,154,156,158,162,164,165,167,169,175,177 "57";
58 156 0 0,2,3,6,8,14,15,21,23,25,26,28,32,36,38,39,43,46,48,50,52,54,56,58,60,63,65,67,68,71,73,74,77,79,82,83,86,88,89,90,91,94,95,98,99,102,104,105,107,110,112,114,116,118,119,121,122,124,126,127,128,130,134,135,138,139,141,142,146,148,150,153,157,160,163,167,169,170,171,172,173,175,176,177 "58";
59 14 0 2,9,12,18,19,24,26,31,32,34,36,40,44,58,60,62,64,67,70,73,79,83,91,100,104,116,118,121,124,126,129,130,143,145,147,149,153,157,163,166,171,173,175 "59";
60 95 1 10,13,14,20,21,23,24,26,28,30,32,34,36,38,39,43,45,46,48,55,57,59,62,63,65,66,68,70,77,79,85,87,90,91,94,96,99,100,101,102,107,108,109,113,116,120,121,122,123,126,128,130,135,136,138,141,142,144,146,150,152,155,157,159,160,162,163,167,170,171,174,176 "60";
61 172 1 13,28,49,51,74,85,98,103,116,141,150,177 "61";
62 20 0 2,4,7,8,13,15,16,18,20,22,26,29,31,33,35,38,45,47,48,50,51,52,55,58,62,64,65,69,72,73,74,77,80,82,84,87,89,92,94,95,99,101,103,105,106,109,110,114,118,122,125,126,133,135,137,138,140,141,144,146,148,151,153,156,158,159,161,163,164,167,168,169,170,174,175,176 "62";
63 160 1 1,10,12,26,37,43,55,59,60,63,64,67,69,74,78,79,83,96,101,106,108,115,122,127,128,136,139,157,162,177 "63";
64 127 1 0,20,25,26,39,44,45,59,65,70,72,73,79,86,87,92,95,100,105,112,113,115,117,128,132,134,137,139,151,158,161,166 "64";
65 77 1 4,22,43,61,68,78,90,138,148,155,167,176 "65";
66 53 0 16,17,29,37,50,56,57,60,97,99,115,117,124,125,144,152,155,159 "66";
67 31 1 1,5,9,15,17,23,26,28,31,33,37,38,40,42,44,47,48,51,54,58,59,61,64,66,70,78,80,83,89,92,94,96,97,98,102,103,105,109,111,116,118,119,121,124,125,127,132,133,135,138,143,150,152,153,160,165,167,169,174,176 "67";
68 36 0 0,2,5,6,7,10,12,13,16,18,20,21,24,26,28,30,31,33,35,39,42,44,47,49,50,52,62,63,65,70,71,72,73,76,78,80,82,83,87,89,92,95,97,98,100,103,105,106,108,109,111,113,115,116,119,120,121,125,127,128,130,134,135,136,139,143,144,146,148,149,150,152,153,154,156,160,162,164,165,167,169,170,172,175,177 "68";
69 94 1 5,7,11,13,16,23,24,31,34,37,39,41,43,46,48,52,62,66,69,72,73,77,78,83,90,92,95,97,104,106,109,110,120,121,125,126,142,143,148,150,156,159,161,163,167,173 "69";
70 126 0 0,2,4,5,7,11,14,16,19,20,24,26,29,30,31,33,37,38,40,44,46,48,50,52,53,55,57,58,60,62,66,69,71,72,73,74,77,78,80,81,82,86,87,88,90,91,93,94,95,96,97,99,102,103,105,106,108,110,111,113,116,118,121,123,126,129,131,135,136,138,139,140,142,143,144,147,149,152,155,157,158,160,162,165,167,169,173,174 "70";
71 134 0 0,1,5,7,10,11,17,18,23,26,27,34,35,38,39,44,57,64,67,77,86,87,89,92,94,95,99,104,108,111,113,118,132,134,140,145,146,147,149,153,155,157,159,162,164,166,168,169,170,174,176 "71";
72 113 1 5,10,11,17,18,19,22,24,26,27,28,41,45,52,54,59,63,64,66,68,72,74,79,80,81,86,87,90,92,93,96,105,107,111,113,115,116,118,121,124,125,127,129,132,137,142,143,145,149,151,152,154,157,158,160,164,166,168,170,174,175 "72";
73 48 1 2,4,26,28,33,48,50,53,56,64,67,69,78,80,82,105,108,113,120,124,128,131,133,137,142,145,152,159,165,175,177 "73";
74 66 0 6,95,110,162 "74";
75 60 0 4,8,14,21,27,30,41,43,48,51,66,69,72,81,85,91,95,98,102,137,148,149,164,169,170 "75";
76 96 1 4,5,6,8,11,13,26,27,29,33,34,35,36,39,40,47,52,53,61,63,64,66,69,78,79,80,83,84,86,90,92,101,105,106,108,109,114,116,119,122,126,127,131,133,134,137,138,152,160,164,165,167,175,177 "76";
77 63 1 0,6,8,10,12,15,20,22,26,28,30,32,33,34,36,39,41,45,47,48,50,52,56,57,60,64,65,67,69,72,76,78,79,81,83,86,89,90,94,97,99,100,103,105,107,108,111,114,115,117,119,122,124,126,128,131,136,137,140,142,143,145,148,151,152,155,156,158,161,163,165,168,172,173,176 "77";
78 73 0 4,7,8,10,11,13,15,18,22,33,38,40,42,46,50,61,63,71,77,82,87,90,91,93,95,97,101,104,105,108,110,116,119,120,126,141,144,147,151,157,158,161,163,166,169,175 "78";
79 104 1 1,3,7,8,10,14,16,18,22,29,30,32,34,36,40,44,45,54,55,59,60,63,64,68,70,73,78,81,83,89,91,92,94,96,99,101,104,107,108,110,112,114,116,118,122,123,125,126,128,131,139,140,145,150,151,152,154,156,159,160,162,163,170,173,177 "79";
80 169 0 10,20,24,26,30,51,55,57,61,66,89,122,150,157,163,165 "80";
81 143 1 6,8,25,39,55,65,70,72,76,77,79,91,107,113,116,127,149,171 "81";
82 106 1 4,8,9,12,14,16,18,20,23,24,28,30,32,38,40,45,49,50,52,53,56,61,68,70,72,74,75,77,80,81,83,85,88,91,92,94,95,98,100,101,103,107,108,110,114,115,117,121,124,125,127,130,131,135,138,141,148,150,154,155,157,158,160,162,163,165,170,176,177 "82";
83 103 0 1,3,5,7,8,11,12,15,17,19,23,37,41,45,50,51,52,55,57,60,64,67,69,71,72,75,79,83,85,90,92,98,100,105,106,112,113,115,118,126,128,129,131,142,146,152,163,164,166,168,173,176 "83";
84 40 1 0,1,5,8,13,16,17,20,22,25,27,30,31,33,34,36,37,39,43,45,46,48,59,63,67,69,71,79,80,82,83,85,86,88,90,93,95,97,99,102,104,105,107,109,110,113,115,117,119,121,122,124,125,126,131,132,134,136,139,140,141,144,145,147,151,155,157,158,161,165,168,169,174,176 "84";
85 155 1 1,3,5,6,8,9,11,13,17,19,20,22,23,25,27,28,29,30,31,36,38,48,49,51,53,55,57,58,62,66,69,70,72,74,76,77,82,84,85,88,89,91,93,95,97,98,99,101,102,104,105,107,110,111,113,115,117,119,120,122,123,126,128,132,133,136,137,139,142,144,145,146,147,149,151,152,154,156,159,161,169,174,176,177 "85";
86 30 1 3,5,7,8,9,12,15,17,18,20,23,24,26,27,31,32,34,36,38,39,41,44,46,49,52,54,55,56,58,59,60,61,63,64,67,68,70,73,74,76,77,80,82,85,86,88,89,93,94,96,97,103,106,109,111,115,116,118,119,122,124,125,127,128,130,132,134,135,137,139,142,144,145,150,153,155,157,158,159,166,168,171,175 "86";
87 90 1 2,4,5,8,13,18,20,23,29,34,36,41,46,48,49,51,52,53,55,58,59,63,64,70,74,76,78,83,88,89,91,93,96,98,102,103,105,112,113,117,121,124,132,134,136,138,140,142,145,152,153,154,156,158,159,161,163,166,169,170,172,173,177 "87";
88 123 0 0,3,5,6,9,10,11,13,15,16,18,19,22,24,29,34,35,36,39,40,41,44,47,49,50,54,57,61,69,71,76,78,80,81,83,84,85,90,92,97,99,101,103,105,108,109,112,113,115,117,119,120,122,123,125,126,128,130,131,134,135,137,142,146,149,152,154,155,158,159,161,162,163,166,167,168,170,175,177 "88";
89 26 0 1,3,6,8,9,11,13,14,17,18,20,21,23,24,26,27,28,29,31,33,34,36,38,40,42,43,45,46,48,50,52,56,60,63,64,65,67,69,70,74,76,79,81,82,84,85,86,88,91,92,95,97,98,100,102,106,108,111,112,114,116,117,119,121,124,129,133,136,137,140,142,143,144,148,149,151,152,153,157,161,163,165,166,168,171,173,175 "89";
90 122 0 0,6,14,15,18,20,28,29,32,39,60,63,65,69,77,80,82,92,94,105,121,123,125,129,145,156,167,169 "90";
91 157 0 8,18,21,22,32,48,53,76,84,86,93,95,111,115,120,122,125,129,138,140,146,149,153,155,156,162,166,168,176 "91";
92 101 0 1,9,18,21,23,24,25,26,29,31,36,41,43,44,45,47,52,54,56,58,63,64,66,67,68,71,74,76,78,79,81,86,90,93,96,98,101,104,107,109,111,112,114,115,116,118,119,122,123,126,128,129,131,132,134,135,136,139,144,146,149,151,152,154,156,158,159,161,163,165,167,168,170,171,173,175,177 "92";
93 58 0 2,3,6,8,13,18,21,25,27,29,37,47,48,51,56,58,61,64,65,71,73,77,82,85,86,93,94,97,103,105,114,119,121,124,126,127,133,134,139,148,152,163,165,175 "93";
94 80 1 2,5,10,18,21,25,31,39,42,52,54,58,59,70,73,75,77,79,85,87,98,102,107,120,128,132,143,151,164,167,173,177 "94";
95 65 0 36,82,127,138 "95";
96 139 1 4,6,9,12,14,23,29,34,36,46,48,51,58,68,76,83,90,93,97,100,101,108,114,116,130,139,141,144,149 "96";
97 55 1 10,12,14,16,17,20,24,25,27,29,30,33,36,38,39,40,42,43,46,50,51,52,56,59,60,62,64,66,67,72,73,74,76,77,79,82,84,85,87,90,91,95,96,98,100,101,102,104,107,108,114,115,118,119,121,124,126,130,131,135,138,140,142,144,147,149,151,153,154,158,159,161,165,167,169,172,174,175,177 "97";
98 18 1 0,2,4,6,7,12,17,19,21,26,29,32,39,43,45,46,49,55,59,63,70,72,75,80,82,84,88,94,97,101,106,110,114,133,135,137,139,140,142,143,151,152,158,160,170,171,175 "98";
99 16 1 45,68,90,108 "99";
100 169 1 2,3,6,8,12,14,16,17,18,20,24,26,29,30,32,33,36,39,41,43,45,46,47,50,52,55,57,58,60,61,64,67,70,73,74,77,79,82,84,85,87,88,90,93,95,98,100,101,103,104,106,108,110,113,115,117,118,123,124,125,127,128,130,133,137,140,143,145,148,149,150,153,156,158,160,162,165,167,169,170,174,176 "100";
101 4 1 3,4,6,8,15,24,26,32,35,40,43,44,46,58,61,62,66,67,71,74,83,90,92,97,99,103,106,107,109,110,112,115,116,127,137,139,142,145,151,154,158,161,164,167,172,174,177 "101";
102 93 1 1,8,12,18,30,34,38,41,44,45,49,70,75,77,83,86,91,96,103,106,112,118,119,122,128,134,137,143,154,156,159,162,163,169,174 "102";
103 2 0 0,1,7,10,12,16,17,19,20,22,24,25,29,33,40,41,44,50,51,57,60,62,68,72,76,81,82,84,92,94,100,102,104,110,112,115,124,127,128,131,134,136,140,143,152,153,154,157,163,168 "103";
104 72 0 78,83,167 "104";
105 26 0 2,5,16,17,20,39,41,48,69,76,93,107,115,121,133,135,139,176 "105";
106 165 1 2,4,5,7,8,10,15,17,19,20,22,30,35,38,39,40,43,45,46,48,51,52,53,55,56,57,58,60,61,63,65,67,74,75,77,78,80,81,85,88,89,91,93,95,96,98,102,103,104,106,107,108,109,111,113,115,117,118,120,123,125,127,130,133,134,135,137,141,143,144,145,147,148,154,159,160,161,165,166,169,170,172,176,177 "106";
107 78 1 1,4,6,9,11,16,18,19,26,28,30,32,33,34,37,38,40,41,44,45,47,48,50,57,61,62,65,67,68,70,73,75,77,78,79,81,84,86,89,92,93,95,96,98,100,101,103,104,106,107,109,112,116,118,120,125,128,130,134,135,136,138,139,141,143,144,146,148,149,153,155,157,158,159,161,164,165,168,170,172,173,174,176,177 "107";
108 119 0 3,7,11,12,14,18,19,23,26,28,29,30,33,35,37,39,41,44,46,48,49,52,55,57,60,62,63,65,66,67,68,71,73,75,77,78,79,82,84,85,89,91,92,96,98,100,102,103,106,108,111,112,118,120,122,123,127,130,131,132,135,137,139,143,144,146,149,150,153,155,157,159,161,166,169,170,173,176,177 "108";
109 175 0 2,8,10,21,23,24,30,33,34,37,39,45,47,53,66,68,72,80,85,88,93,100,101,112,114,118,120,129,138,143,146,147,150,158,164,173,177 "109";
110 130 0 6,25,27,28,34,35,36,39,43,47,49,60,61,68,70,74,79,80,81,91,92,94,98,104,107,110,114,118,120,123,125,127,129,132,137,141,143,145,147,148,158,163,164,168,176 "110";
111 154 0 0,2,4,7,10,12,13,15,16,18,19,22,25,26,32,34,35,36,37,40,42,43,46,48,53,54,57,59,60,62,65,66,69,70,77,78,81,83,84,87,90,91,93,95,98,99,101,102,104,107,108,110,111,113,114,116,120,121,122,128,130,133,135,137,143,145,148,150,153,156,158,162,164,165,168,169,172,175,176 "111";
112 89 0 14,26,36,45,81,88,100,116,118,121,149,155,176 "112";
113 128 0 1,2,12,14,18,21,22,23,25,29,34,38,40,42,46,48,49,54,55,57,59,67,72,73,74,77,78,80,86,88,90,92,93,95,97,98,101,103,109,110,113,118,121,125,131,133,138,144,145,152,156,157,159,163,165,166,168,169,172 "113";
114 61 1 1,2,3,6,8,9,10,16,20,21,27,29,31,33,34,37,38,40,42,46,49,52,55,58,61,63,64,66,67,72,73,75,77,78,80,82,84,86,92,99,101,102,104,106,108,110,111,113,114,117,118,121,124,127,131,133,136,137,139,140,142,144,146,149,151,152,154,159,160,162,173 "114";
115 127 1 1,3,6,14,15,16,17,19,26,34,35,38,39,43,49,53,55,57,59,60,62,64,67,71,72,77,82,87,91,94,100,101,103,110,117,119,122,127,137,140,143,148,154,163,164,168,172 "115";
116 123 1 0,1,5,8,10,11,13,14,16,18,19,20,22,27,31,33,35,36,38,40,42,43,44,46,48,50,52,54,56,59,60,62,64,66,68,75,80,82,83,84,87,89,93,95,97,103,106,107,110,111,114,115,117,120,122,124,125,126,128,130,131,135,137,142,144,146,147,151,153,155,156,157,159,161,162,169,173,175,177 "116";
117 133 1 1,3,5,6,7,9,11,14,16,19,22,26,27,28,30,32,33,34,35,38,40,42,43,47,50,51,54,55,57,58,61,67,69,72,73,75,77,79,81,84,87,88,90,91,93,96,98,99,102,109,110,113,114,115,117,122,124,127,129,131,133,135,136,138,141,144,145,147,149,152,153,154,155,158,162,163,165,167,169,172,173,177 "117";
118 11 1 0,2,3,13,16,19,21,22,25,27,30,36,37,39,41,47,53,54,59,61,65,67,69,71,73,74,76,81,82,86,88,89,92,94,97,98,100,104,105,107,108,109,112,113,116,119,123,128,130,131,134,139,140,142,143,152,154,156,158,160,161,162,163,166,168,169,170,173 "118";
119 177 0 1,5,7,8,10,11,14,15,16,18,20,22,23,25,27,28,32,34,35,41,43,45,48,49,56,63,65,67,69,71,73,74,77,78,80,81,84,85,86,87,90,91,92,95,97,98,99,101,105,106,108,112,116,118,121,122,124,127,128,129,132,134,136,140,144,145,151,155,157,159,160,162,166,168,170,175,177 "119";
120 65 1 26,60,81,92,115,122,134,144,146,155,165,169 "120";
121 71 1 0,9,13,23,25,26,28,31,38,40,44,50,52,60,64,69,70,78,86,90,95,97,99,100,102,109,112,118,119,124,127,128,138,147,149,163,169,171 "121";
122 64 1 3,7,9,15,18,54,56,61,62,65,68,80,85,89,96,98,99,102,112,113,119,123,140,147,157,164,165,171,173,175 "122";
123 118 0 2,5,9,11,13,17,19,23,25,26,29,34,36,37,39,42,44,46,48,53,56,58,60,65,66,69,72,75,84,85,87,89,91,95,99,100,103,106,108,109,111,113,115,118,122,123,126,128,130,134,135,140,144,146,147,148,150,153,157,161,164,165,168,172,173,175,177 "123";
124 75 0 2,7,9,11,12,14,16,18,19,20,24,26,27,29,33,34,36,38,41,42,45,46,48,50,52,55,57,59,60,63,66,71,73,80,81,84,87,89,92,95,96,97,98,100,104,105,108,111,112,113,116,118,121,124,126,127,128,130,132,133,135,136,137,140,143,144,146,147,150,151,152,157,160,162,166,167,169,172,173,177 "124";
125 91 0 1,4,9,18,24,26,29,37,44,50,57,63,65,75,77,81,87,94,97,107,108,110,114,116,120,124,126,127,135,141,142,144,147,157,159,161,164,173 "125";
126 5 0 1,3,4,7,10,14,16,23,26,28,29,31,33,39,41,46,48,53,63,71,72,77,78,79,81,87,90,94,96,100,103,105,108,110,112,115,118,120,133,134,136,140,142,145,150,162,168,172,174,176 "126";
127 66 1 1,7,13,17,22,27,28,34,40,42,44,46,47,59,62,64,66,68,79,80,85,86,93,98,105,109,122,123,131,132,134,135,139,143,147,149,153,154,156,159,160,164,166,169,171,174,175,177 "127";
128 84 0 3,8,14,16,17,19,21,22,29,31,39,52,54,60,73,75,78,84,87,94,98,102,111,115,122,127,130,138,145,156,163,165,166,167 "128";
129 21 0 4,6,10,12,16,19,20,22,29,30,34,38,45,51,55,57,58,69,71,80,86,88,92,95,98,117,129,135,141,145,148,151,154,156,158,159,161,168,177 "129";
130 143 0 12,14,31,58,72,77,91,129,131,139,144,155,158 "130";
131 4 1 3,9,20,22,23,24,27,31,45,49,68,70,72,75,77,79,86,95,103,107,110,118,139,141,143,145,151,158,161,171,177 "131";
132 77 0 0,4,6,32,36,88,97,121,133,139,152,158,161,169 "132";
133 55 1 1,4,5,6,12,20,21,25,29,34,40,45,51,53,54,55,57,59,60,62,67,70,72,75,77,79,87,88,92,97,102,104,106,111,114,115,117,124,127,128,131,133,149,153,156,160,162,164,168 "133";
134 146 0 62,66,70,73,77 "134";
135 164 0 1,3,12,15,33,43,50,54,56,57,61,64,68,72,73,76,78,79,80,82,86,89,90,94,99,100,102,116,118,120,122,127,129,133,137,140,141,145,147,152,153,156,160,169,175 "135";
136 105 0 12,24,57,67,68,76,78,107,112,125,145,166,174,177 "136";
137 111 0 17,52,69,95,110,138,152,154,167,175 "137";
138 170 1 2,16,32,35,74,110 "138";
139 63 1 0,5,10,12,16,20,22,25,27,28,30,31,40,42,43,45,47,48,49,54,55,57,58,61,63,65,66,69,73,74,75,77,78,79,82,85,86,90,92,93,95,97,98,100,102,104,105,108,110,112,116,119,124,125,127,128,130,135,137,138,139,142,143,145,147,148,151,153,154,155,158,162,163,167,171,174,176,177 "139";
140 93 1 1,3,4,7,8,11,12,15,16,17,19,21,26,27,30,32,34,36,37,40,44,46,47,49,51,54,55,61,66,68,71,72,74,76,78,81,82,83,85,86,87,89,90,92,95,100,102,104,108,115,117,119,121,123,124,125,128,130,131,134,136,138,139,140,146,147,149,153,155,156,158,160,164,166,168,171,174,176,177 "140";
141 141 1 4,6,9,11,12,13,15,18,20,23,28,34,38,41,43,45,49,52,58,65,67,68,75,77,78,84,94,96,99,100,102,104,105,110,113,114,117,122,124,127,133,137,142,145,147,151,153,155,157,163,173 "141";
142 104 0 2,4,7,11,15,17,20,22,23,25,27,31,34,36,37,39,41,43,44,47,53,56,58,59,61,62,65,67,69,70,71,73,74,76,77,79,80,82,93,95,97,101,104,109,112,116,118,119,121,122,125,128,131,134,140,141,143,144,145,149,151,155,157,158,161,163,165,166,168,174,176 "142";
143 70 0 7,9,13,24,33,39,47,49,54,58,63,74,77,80,87,93,103,111,122,134,135,141,144,152,155,156,169,172 "143";
144 118 0 0,3,25,27,33,34,37,39,41,42,50,59,63,66,68,72,74,82,98,101,105,108,114,132,137,139,141,142,145,147,154,155,161,164,165,172,173,177 "144";
145 50 0 0,3,4,10,15,17,21,23,26,31,35,38,40,42,43,44,51,55,57,62,64,68,70,74,77,78,82,89,91,92,94,96,102,105,106,109,110,116,118,121,130,132,138,141,146,147,154,156,157,158,162,165 "145";
146 161 1 0,5,8,9,10,12,13,14,16,18,19,22,24,25,29,30,31,32,36,37,38,40,42,44,46,47,52,54,56,57,59,62,63,65,66,69,70,72,74,80,81,83,85,86,90,93,94,97,100,101,103,104,105,108,111,117,119,121,123,129,134,137,140,142,144,145,150,155,156,157,159,161,164,166,170,171,174,176 "146";
147 8 0 13,17,18,19,24,30,31,38,41,45,47,50,60,62,77,87,90,96,99,103,105,108,116,117,122,125,133,143,146,149,154,157,158,161,171,177 "147";
148 78 0 5,10,12,14,17,22,23,24,31,32,35,38,43,45,48,52,61,63,69,70,74,75,76,78,80,83,84,88,90,94,96,98,103,110,119,122,124,126,131,134,136,144,157,159,160,166,168,170,176 "148";
149 136 0 3,6,7,9,12,14,16,17,20,25,29,32,34,38,41,43,45,48,50,52,54,58,60,64,65,68,76,78,80,82,85,87,89,91,101,102,107,113,116,119,121,126,128,133,134,139,144,146,148,159,162,163,165,167,169,171,174,175 "149";
150 84 1 43,46,57,71,75,83,95,99,109,126,140,146,148,168,173,174 "150";
151 163 0 32,49,78,85,87,99,109,142,143,163,172,177 "151";
152 47 0 1,3,6,8,11,13,14,23,26,31,37,39,40,42,45,55,57,59,61,63,65,67,69,70,71,73,76,78,79,82,83,88,91,92,94,96,99,102,107,119,121,128,129,130,137,140,144,146,150,153,156,158,162,166,168,170,172,173,175,177 "152";
153 34 0 0,1,3,7,20,21,24,30,31,40,53,58,60,68,72,80,86,89,90,93,94,99,111,117,118,121,126,130,134,135,152,154,162,164,170,171,175,177 "153";
154 104 0 3,10,11,13,18,20,22,25,27,28,30,34,36,39,40,47,48,50,52,54,55,61,64,66,69,72,74,78,79,82,85,91,93,96,98,103,107,111,113,116,117,118,120,122,124,125,126,130,133,136,137,139,141,143,144,148,150,153,154,156,158,159,162,164,165,174,177 "154";
155 142 0 0,1,2,3,5,6,8,9,12,14,18,19,20,24,26,27,28,32,35,36,38,46,51,53,58,60,62,64,66,69,70,71,73,77,81,82,84,85,86,92,94,96,101,105,107,113,117,120,123,124,132,134,136,139,140,142,146,147,150,151,155,157,158,160,161,168,169,171,174,177 "155";
156 110 0 2,11,12,14,16,18,20,21,23,36,38,39,45,46,51,55,56,57,61,64,65,67,78,82,87,89,94,97,99,101,103,105,106,108,113,114,117,123,126,129,133,136,138,140,141,145,146,154,157,159,161,169,172,173,175 "156";
157 132 0 0,2,8,10,11,13,15,16,18,20,21,25,27,29,32,33,37,38,43,46,47,48,49,53,58,59,62,63,65,67,68,70,73,77,79,83,85,87,89,92,96,98,103,106,110,114,117,120,127,131,136,138,140,145,146,151,152,157,161,163,164,165,168,170,172,174,176,177 "157";
158 163 1 0,6,7,12,13,16,19,22,23,28,30,32,35,36,38,40,43,46,48,49,57,59,62,63,66,67,68,70,71,73,80,82,84,86,87,88,90,94,97,98,100,103,104,106,109,110,111,113,117,120,126,127,129,130,132,135,139,140,142,143,145,147,149,150,151,153,157,161,165,166,167,170,172,177 "158";
159 128 0 0,2,3,5,6,8,9,10,12,13,14,17,18,21,24,27,30,33,35,45,46,49,54,58,60,62,63,67,70,73,75,78,80,82,83,85,87,91,92,93,96,98,100,102,103,105,107,110,112,114,118,120,123,124,126,128,130,131,133,134,136,139,141,142,143,146,148,149,150,151,154,155,157,158,159,163,166,170,173,175,176 "159";
160 67 0 0,2,3,6,7,10,11,13,15,16,19,22,25,27,30,32,35,37,39,41,45,49,53,54,56,58,63,72,75,76,78,80,81,83,86,88,93,94,96,98,101,102,104,105,107,108,109,111,113,115,116,117,119,120,121,122,124,127,131,133,134,137,138,139,143,146,148,151,153,157,158,160,162,164,166,167,168,170,171,173,175,176 "160";
161 131 1 3,5,6,9,10,15,16,17,20,21,24,25,26,29,39,43,45,51,54,59,61,62,65,69,71,76,79,82,88,91,92,94,95,99,102,103,107,111,117,120,121,126,128,131,132,134,136,141,146,148,152,154,155,157,160,162,165,167,172,175 "161";
162 86 0 0,3,6,8,9,11,13,14,16,18,19,23,26,27,29,31,32,34,35,37,39,40,41,49,50,52,59,60,62,63,65,66,69,70,71,76,78,80,81,83,86,87,89,91,93,97,99,101,104,106,109,113,118,121,123,125,126,128,131,134,136,139,142,145,147,148,149,152,154,156,158,160,163,165,167,168,170,175,177 "162";
163 98 1 0,4,6,9,11,15,16,18,20,22,24,26,28,30,34,38,42,45,49,51,52,54,56,58,59,60,62,65,69,70,71,72,73,75,76,78,80,81,83,87,89,92,94,95,99,100,105,106,109,110,112,113,115,116,118,119,125,127,129,130,134,138,140,144,146,149,152,153,159,162,165,167,169,170,174,175 "163";
164 167 0 2,5,8,11,19,21,35,43,46,47,57,58,64,69,71,73,75,79,90,101,104,106,108,109,113,115,118,119,121,126,129,137,143,149,151,154,159,161,162,173 "164";
165 20 0 1,2,6,9,10,12,15,18,20,23,24,27,30,31,35,37,39,41,44,47,48,52,56,58,60,61,63,64,68,71,76,78,80,83,84,88,89,92,93,95,96,98,99,101,102,107,109,110,113,115,116,119,121,125,127,128,131,134,135,137,140,141,144,145,146,149,150,151,153,154,156,157,159,161,164,165,167,169,171,172,173,177 "165";
166 162 1 0,3,5,11,16,24,25,34,36,45,47,51,56,59,64,72,76,81,87,88,95,96,101,105,107,115,116,119,122,125,127,133,135,137,138,139,142,146,150,157,162,169,175 "166";
167 152 1 16,74,111 "167";
168 147 0 0,3,6,9,12,15,16,19,22,28,30,33,34,41,50,52,60,62,66,67,68,80,84,87,89,91,94,103,105,107,108,112,116,119,123,128,129,133,139,142,150,154,156,162,168,170,172,177 "168";
169 78 1 1,3,6,7,11,12,13,15,16,18,20,22,24,26,27,28,29,31,32,34,35,38,40,41,44,46,47,52,53,56,58,60,61,64,67,68,70,73,75,76,78,81,85,88,89,91,93,97,101,104,107,108,110,111,113,116,118,119,120,122,124,126,128,130,136,139,143,144,148,149,150,152,154,158,160,161,162,164,166,167,168,169,170,171,175,176 "169";
170 32 1 1,3,13,14,18,20,23,25,27,30,35,39,43,47,49,50,52,56,59,61,65,68,71,73,75,78,79,81,88,90,92,95,96,97,105,113,118,120,121,133,134,136,139,144,145,146,149,151,153,156,157,160,162,165,171,173,175,176,177 "170";
171 83 1 0,2,3,6,10,12,17,19,20,22,30,32,39,44,46,48,51,52,58,59,62,66,72,73,75,78,85,86,90,91,94,95,97,98,100,106,110,112,116,119,120,125,128,130,133,136,138,141,143,146,147,156,159,161,163,166,167,170,175 "171";
172 51 0 1,3,4,6,8,9,11,13,14,17,22,24,25,28,29,30,33,34,36,39,40,43,46,49,50,52,54,55,57,59,61,63,65,68,69,72,73,76,77,78,80,81,82,87,89,91,93,94,97,99,102,104,108,111,115,117,120,122,124,126,128,129,131,133,135,137,140,142,143,146,150,151,152,154,156,157,159,160,161,169,170,174,176 "172";
173 25 0 3,4,6,9,10,14,19,23,30,32,34,36,38,40,43,45,47,51,55,57,62,64,68,69,70,74,80,82,85,90,91,94,95,96,98,107,109,112,115,124,129,135,137,143,149,152,154,156,158,159,163,166,169,170,172,174 "173";
174 85 1 8,11,25,31,34,44,64,69,76,79,86,97,117,131,133,134,139,150 "174";
175 20 1 0,2,4,6,10,12,15,17,22,24,26,29,31,32,36,37,41,42,44,47,54,55,59,60,62,64,67,69,72,75,77,78,83,85,87,92,93,97,100,105,107,108,111,116,117,118,120,123,125,127,129,132,138,139,145,149,150,151,155,159,161,164,165,169,170,174 "175";
176 24 0 4,11,12,14,38,40,42,50,82,84,103,111,135,150,153,155,164,167,172 "176";
177 63 0 4,6,11,14,17,18,20,21,23,28,29,31,32,35,37,39,40,42,45,47,48,50,51,54,55,57,60,63,65,66,69,71,73,76,80,81,83,86,89,90,92,94,95,101,103,104,105,106,108,110,112,113,114,115,116,119,123,125,128,129,131,132,134,137,138,140,142,143,145,148,150,151,154,158,159,161,164,166,169,170,172,173,174,177 "177";
