parity 150;
0 6 1 19,36,44,82,113,127,134 "0";
1 148 0 17,25,33,38,42,62,90,92,102,105,110,117,133,146,148 "1";
2 115 0 1,15,17,18,25,27,33,38,41,52,55,58,60,64,69,73,76,78,80,84,87,95,97,99,105,114,120,125,126,130,131,133,139,142,149 "2";
3 38 0 25,34,67,93,128,131,135 "3";
4 69 0 12,24,35,46,50,53,56,64,66,69,82,86,88,98,114,119,129,140,141,145,150 "4";
5 88 0 0,3,4,10,12,14,18,19,23,29,30,32,35,36,41,42,44,45,49,57,58,61,63,66,68,70,73,84,86,89,94,96,98,102,105,107,108,112,113,118,120,122,124,126,134,135,137,139,145,147,148,150 "5";
6 84 1 0,4,5,7,10,11,16,18,19,22,24,25,27,31,33,35,37,43,46,47,49,50,57,61,63,64,66,68,71,76,84,86,88,91,95,97,98,102,104,107,111,115,119,120,122,124,126,129,130,132,135,141,142,148 "6";
7 117 0 0,5,9,12,15,30,38,48,50,54,64,73,87,94,96,117,133,140 "7";
8 143 0 0,4,14,17,18,22,25,27,30,36,45,48,49,50,59,60,75,77,84,86,88,93,101,112,116,118,125,126,129,132,134,141,142,144,145,147 "8";
9 68 0 0,6,11,28,30,34,36,37,38,44,47,60,61,67,68,74,83,85,88,92,98,103,110,115,121,137,139,140,149 "9";
10 45 0 2,5,10,11,14,16,17,19,23,24,27,30,32,34,35,36,37,39,41,46,48,51,55,57,60,64,65,69,71,73,74,75,77,78,80,81,82,83,85,86,87,90,92,95,96,100,101,102,104,106,107,110,111,112,114,116,117,119,120,122,123,125,127,128,130,132,133,138,145,147,149 "10";
11 93 1 0,4,8,12,22,24,35,43,44,46,49,53,56,58,62,66,67,76,79,88,91,92,99,102,110,116,119,129,137,141,146 "11";
12 32 1 1,4,6,8,11,15,16,18,19,21,23,26,27,29,31,32,34,35,37,38,39,41,45,47,51,52,53,55,57,60,61,66,67,68,70,71,72,75,76,78,80,81,82,85,87,91,93,95,97,100,104,105,108,109,110,114,116,118,119,121,123,124,126,128,130,131,132,134,136,137,139,141,143,146,150 "12";
13 57 1 3,5,6,11,18,25,30,40,42,49,53,59,73,75,80,82,114,146 "13";
14 79 1 0,3,7,10,16,19,24,26,28,31,34,36,46,53,57,58,59,61,70,77,84,85,93,94,96,101,104,109,112,114,118,119,122,125,132,133,136 "14";
15 56 0 1,6,10,25,26,27,31,32,43,45,47,50,53,57,58,59,61,62,66,74,81,84,89,96,100,107,113,118,119,122,128,132,134,141,144,146,149,150 "15";
16 92 0 1,4,9,12,18,19,22,23,25,27,32,35,38,40,50,54,60,63,64,65,71,72,75,77,81,87,89,90,93,97,99,100,102,105,106,109,114,117,121,125,126,128,133,134,140,143,146 "16";
17 103 1 3,5,10,14,18,21,25,27,30,34,37,48,49,51,63,67,69,76,77,81,84,87,90,95,101,107,110,112,114,129,138,140,144,149,150 "17";
18 55 0 0,1,3,6,9,12,13,16,18,21,23,25,26,27,30,33,34,36,37,40,44,47,48,51,53,54,56,57,58,59,62,67,68,69,71,74,76,79,80,81,82,85,86,87,88,89,94,97,99,100,102,107,109,110,113,115,116,120,121,124,128,129,133,136,139,140,142,144,145,147,149,150 "18";
19 14 0 1,3,4,7,9,11,13,14,17,18,21,25,26,29,31,32,34,35,38,40,43,48,50,55,57,59,62,63,65,67,69,70,76,78,80,82,84,88,90,103,109,112,114,118,121,123,125,127,129,133,137,138,139,141,147 "19";
20 17 0 3,13,29,33,49,59,64,65,67,74,80,83,109,111,112,114,121,122,149 "20";
21 98 1 4,21,25,34,40,43,48,55,67,69,73,83,91,93,95,104,106,108,109,112,116,122,124,126,132,137,138,139 "21";
22 61 1 2,20,23,32,35,39,43,45,53,54,59,65,72,75,81,86,90,94,101,108,112,113,119,142 "22";
23 122 1 9,16,17,20,23,29,42,46,50,58,72,77,84,86,98,121,126,135,146,150 "23";
24 8 1 5,7,39,41,59,60,132,142 "24";
25 78 0 4,5,7,10,13,15,16,19,21,23,25,26,29,31,32,37,39,43,50,55,57,58,62,65,68,71,73,77,80,82,83,85,88,97,100,102,103,105,106,108,109,111,113,114,118,123,127,130,133,134,137,138,141,143,145,147,149 "25";
26 33 0 68,96,106,128 "26";
27 71 1 4,6,10,13,18,20,31,40,42,49,51,54,59,60,61,63,66,69,79,81,84,89,92,95,99,103,105,107,110,115,116,118,119,121,122,124,126,130,133,137,138,140,144,145,149,150 "27";
28 32 1 1,15,19,21,22,28,31,33,38,39,40,44,46,50,57,58,85,88,90,91,94,98,107,109,118,120,131,137 "28";
29 133 0 3,6,9,10,12,14,23,27,29,38,42,46,50,56,64,66,68,77,81,83,90,91,96,100,102,103,108,115,125,126,134,139,143,150 "29";
30 17 1 3,4,6,8,10,11,13,15,17,19,21,24,28,32,36,37,40,41,43,44,47,49,51,53,56,62,63,65,67,69,70,72,74,77,79,83,84,85,88,89,91,92,94,95,98,101,105,108,114,116,122,123,125,127,129,131,132,137,138,139,140,142,143,145,147,149 "30";
31 144 0 0,2,5,21,23,28,41,43,54,55,59,60,62,66,70,73,75,78,81,82,87,89,95,96,115,118,124,126,127,134,137,140,145,148 "31";
32 32 1 0,2,4,5,7,11,12,15,16,17,18,20,23,26,28,30,33,36,37,39,40,44,45,47,53,54,55,58,59,61,62,64,66,67,68,69,72,76,79,81,83,85,86,87,89,90,92,96,97,100,102,104,106,108,111,112,114,116,117,120,121,125,129,134,136,140,141,143,148,149 "32";
33 17 1 1,3,4,7,11,12,13,17,18,20,22,23,24,29,32,33,35,37,39,40,42,44,45,47,48,49,51,55,56,58,60,62,65,67,68,69,71,75,77,80,81,82,84,85,87,92,94,95,98,100,101,103,104,106,109,112,113,115,117,118,120,122,125,127,130,131,134,135,138,139,140,142,143,146,148,149 "33";
34 90 0 12,39,43,55,65,68,96,116,150 "34";
35 26 1 2,8,10,13,15,16,20,31,42,46,48,50,51,59,61,64,69,74,76,82,97,99,106,108,123,125,127,129,132,138,140,142,148 "35";
36 32 0 3,4,7,10,11,13,17,18,24,26,27,29,31,32,35,36,38,44,46,48,51,56,59,60,63,66,68,77,80,81,82,84,85,86,88,90,91,93,96,98,101,102,105,106,111,114,116,120,121,124,127,129,130,133,134,139,140,142,145,146,147,149,150 "36";
37 112 1 0,2,7,9,13,16,20,23,24,27,30,32,35,38,42,44,46,48,51,54,55,57,59,67,69,71,75,76,81,82,87,92,100,104,106,109,114,120,123,128,134,136,139,143,145,147,149 "37";
38 95 0 8,27,37,39,46,55,65,89,93,97,121,133,139 "38";
39 110 1 5,16,22,28,30,38,46,52,54,56,67,72,74,80,82,89,90,96,97,99,102,104,109,113,120,123,126,131,138 "39";
40 90 0 2,5,6,7,12,13,14,16,18,20,21,24,27,31,35,36,38,41,43,45,47,49,53,55,62,69,72,73,75,78,80,82,83,85,87,90,91,93,100,101,106,108,111,113,114,117,123,125,128,131,132,134,135,138,144,145,148,150 "40";
41 118 1 97,107,114,132,148 "41";
42 117 0 0,1,3,5,7,9,10,11,14,15,16,18,22,24,27,29,30,31,33,36,38,40,41,44,45,46,47,49,50,52,54,55,56,59,69,71,78,80,82,84,88,89,92,94,95,96,97,103,104,106,108,110,114,116,118,120,123,125,126,128,130,131,133,135,137,141,143,144,146,147,149 "42";
43 97 0 16,23,37,54,61,70,89,91,130,133 "43";
44 100 0 0,4,6,7,8,10,11,13,14,16,17,18,20,24,26,27,29,30,31,34,35,36,42,43,46,48,49,51,52,53,58,60,62,63,65,69,72,73,75,77,80,84,87,88,89,91,93,97,99,100,104,106,109,113,115,121,123,124,128,129,134,136,139,142,143,144,146,147,149,150 "44";
45 12 0 0,1,3,6,7,10,11,13,17,19,20,23,24,26,27,28,32,36,38,40,45,48,52,56,57,60,61,72,76,81,87,89,91,92,94,95,96,97,100,107,110,113,114,117,120,121,124,125,127,129,133,134,136,139,140,141,144,150 "45";
46 64 0 0,2,4,7,9,13,18,20,21,23,27,29,30,31,36,38,39,42,44,46,49,55,56,57,59,62,64,65,68,70,74,77,80,81,86,88,90,94,97,99,101,103,106,107,108,116,122,123,128,131,135,139,143,144,145 "46";
47 80 1 1,6,8,13,14,15,22,29,33,36,37,40,42,48,52,55,58,62,63,65,67,69,70,73,75,79,81,94,98,105,113,122,129,143,146,147,150 "47";
48 81 1 1,4,5,6,8,10,12,14,16,17,22,25,28,29,32,33,34,35,40,41,43,44,45,46,48,50,52,56,58,59,62,63,65,66,68,72,74,75,78,80,81,84,88,90,92,97,100,101,105,108,110,111,112,117,122,125,126,129,130,132,136,138,139,145,147,149,150 "48";
49 65 0 0,2,3,6,10,13,17,18,19,21,23,26,29,31,33,34,35,37,38,42,43,46,47,52,55,56,59,60,63,66,74,77,78,80,81,85,86,88,89,92,96,98,100,101,105,107,110,113,115,117,121,123,124,126,132,135,137,140,149 "49";
50 147 1 0,2,3,5,7,10,15,17,19,21,23,24,26,28,32,34,35,37,39,42,44,46,49,51,53,54,56,61,65,67,70,71,74,75,77,78,79,81,82,88,92,96,99,102,104,105,109,110,120,123,126,127,129,131,134,138,140,145,147,149 "50";
51 130 0 0,2,5,8,9,10,17,18,24,25,27,33,35,36,49,51,55,60,64,70,82,84,86,90,91,97,99,102,104,114,118,122,125,127,131,134,135,138,141,143,148,150 "51";
52 127 0 3,4,10,11,17,29,34,47,51,53,57,68,75,90,91,101,103,107,109,110,112,115,120,137,145,146 "52";
53 38 1 0,6,9,15,18,20,23,24,26,29,32,44,48,49,51,52,53,54,56,57,58,60,63,68,73,76,87,90,91,94,97,99,101,103,106,108,109,114,118,120,122,130,132,133,138,146,148,150 "53";
54 9 0 3,18,23,28,36,46,47,87,99,105,138,146,147 "54";
55 135 1 0,2,4,6,13,18,20,22,24,26,30,33,37,40,42,43,45,50,53,55,59,60,63,66,71,76,80,83,86,89,92,94,99,101,103,105,109,111,114,116,118,125,126,132,134,137,139,140,145,147,149 "55";
56 100 0 2,6,12,16,17,20,22,27,28,33,37,39,41,43,45,48,52,55,58,60,64,65,70,73,76,77,78,82,84,85,89,91,92,95,99,107,109,110,116,121,123,124,132,134,135,141,145,149 "56";
57 19 0 3,5,7,11,14,20,22,25,31,33,37,38,40,41,43,48,49,51,53,62,63,66,75,77,81,86,93,95,98,101,103,104,108,110,113,114,116,121,128,133,141,143,145,149,150 "57";
58 119 1 4,5,7,8,10,12,14,18,22,23,25,26,27,29,31,32,35,38,39,41,43,45,46,47,49,52,53,54,56,57,59,61,63,66,67,70,71,74,75,76,77,81,82,83,84,86,87,91,92,93,96,98,99,104,106,107,109,112,113,116,117,120,123,125,128,131,132,135,136,138,142,143,145,147,149,150 "58";
59 17 1 0,1,2,4,5,6,7,10,12,14,16,19,20,22,24,25,29,32,33,37,38,43,46,47,50,53,54,55,58,59,61,63,65,68,70,73,75,76,78,80,82,84,85,87,88,89,91,92,94,95,98,99,103,106,109,111,113,114,116,117,119,121,123,125,127,128,129,133,135,138,140,143,146,148,149,150 "59";
60 74 0 2,4,5,9,16,18,19,21,23,25,29,34,37,41,46,50,53,54,60,65,67,69,71,77,78,81,83,88,95,97,101,105,108,114,116,122,124,125,130,133,138,141,145,146,150 "60";
61 101 0 78,121,131,143 "61";
62 138 1 6,32,33,38,45,51,53,61,80,92,104,112,120,130,135,140,141,144,148 "62";
63 100 0 10,17,22,36,38,47,51,61,66,69,86,105,106,125,130,132 "63";
64 82 1 2,10,11,14,16,19,24,28,30,32,35,38,45,47,49,52,54,55,56,58,60,72,80,91,95,97,99,101,103,109,112,114,120,124,127,132,139,142,143,146,148 "64";
65 26 0 2,4,7,13,16,17,22,24,26,28,30,31,34,39,42,48,51,52,54,55,57,64,66,68,72,78,79,80,84,88,90,91,92,94,97,102,105,108,109,111,112,114,115,116,118,120,122,123,124,126,127,129,130,131,134,140,142,143,144,146,148,150 "65";
66 82 1 1,14,19,24,38,40,45,47,51,53,55,56,68,70,73,81,83,84,89,90,99,102,106,110,112,114,121,123,125,126,128,130,134,136,138,139,141,144 "66";
67 76 0 0,2,3,7,12,15,26,30,37,40,45,55,67,75,77,81,90,102,104,105,111,137,138,144 "67";
68 70 1 5,12,15,31,38,59,65,74,77,88,110,121,130,136,144 "68";
69 66 1 0,1,2,5,6,7,8,11,15,18,20,24,28,32,35,36,38,41,42,43,45,47,49,51,54,57,58,59,62,64,65,68,69,71,73,74,77,79,82,83,84,86,87,89,90,91,92,94,97,98,99,100,101,103,108,110,114,116,118,119,122,129,131,132,135,137,139,142,143,147,149,150 "69";
70 3 0 1,8,10,24,31,35,44,45,53,60,65,69,73,78,88,89,109,127,129,133,150 "70";
71 18 1 1,5,14,17,19,20,27,30,32,39,40,44,46,49,70,72,73,74,76,89,92,104,107,111,113,114,118,121,137,140,141,146 "71";
72 62 0 0,1,2,4,8,15,22,25,26,31,36,40,44,46,48,54,57,60,74,76,79,80,85,97,99,101,108,113,115,117,118,122,130,133,136,140,143,148,150 "72";
73 27 0 1,3,5,11,18,40,42,45,49,60,62,70,79,81,86,90,91,101,104,110,115,119,122,124,135,136,138,139,144 "73";
74 100 0 1,2,3,6,8,10,13,17,18,20,22,25,26,27,30,34,35,37,38,40,41,42,45,49,51,53,55,57,59,62,65,67,68,71,74,76,80,84,85,92,94,95,97,99,100,105,106,109,112,114,117,118,123,124,130,132,133,134,139,141,144,145,148,150 "74";
75 54 0 0,1,8,11,14,16,17,18,19,20,22,24,27,28,30,31,33,35,36,38,40,44,46,47,49,53,56,58,60,64,65,66,69,70,71,73,74,76,82,83,85,86,87,89,91,93,95,96,97,99,101,106,108,109,111,112,115,118,122,126,128,130,133,134,136,137,139,140,142,143,148,150 "75";
76 101 0 9,10,13,15,18,34,41,43,47,50,51,54,57,63,66,70,73,77,82,86,87,98,100,108,111,112,116,122,129,131,133,141,143,145,150 "76";
77 137 1 6,8,13,22,24,25,31,36,46,49,62,65,73,75,76,83,93,96,115,131,137,139,142,145,149,150 "77";
78 2 0 5,12,15,20,25,30,31,37,39,40,48,50,54,63,70,72,77,79,81,95,98,104,108,113,122,125,126,131,137,138 "78";
79 15 0 7,12,14,21,25,29,60,62,64,68,75,78,80,84,86,97,100,102,109,114,116,119,134,135,139,141,146,148,150 "79";
80 142 1 6,14,48,85,91,106,109,111,122 "80";
81 110 0 3,4,5,16,19,25,28,29,32,36,39,42,44,48,52,57,59,60,62,64,66,71,74,76,77,79,80,81,83,84,88,94,95,96,97,98,100,101,105,106,107,108,109,112,114,117,119,122,125,127,129,131,132,134,139,143,144,145,148,150 "81";
82 3 1 0,4,5,7,11,17,25,26,28,33,34,40,46,49,51,53,55,57,63,66,71,74,78,79,82,88,93,95,97,99,100,101,105,107,110,112,116,126,128,129,139,144,148,149,150 "82";
83 35 1 7,13,19,26,33,37,41,47,49,53,57,60,62,63,64,65,72,73,76,79,83,87,90,101,104,106,111,114,116,118,125,128,129,135,140,150 "83";
84 76 0 4,12,19,21,30,31,32,38,40,42,48,54,56,67,68,70,71,73,75,79,88,89,92,93,94,96,98,100,112,116,124,126,128,131,134,137,143,144,149 "84";
85 85 1 0,5,7,9,11,20,21,27,29,36,38,39,44,49,55,57,59,60,65,66,68,70,71,73,76,81,90,92,97,100,101,104,107,110,114,115,124,125,127,129,132,137,138,141,144,146,148 "85";
86 103 1 1,3,4,7,10,12,14,18,20,21,22,23,26,28,31,36,38,43,52,54,56,61,63,66,77,81,82,84,89,90,93,96,98,101,102,106,116,122,128,135,138,140,144,146,147 "86";
87 88 0 6,24,28,29,38,41,47,72,93,97,107,120,121,130,134,141 "87";
88 118 0 2,3,5,16,21,22,25,30,32,35,36,40,42,46,56,61,65,67,70,78,80,82,83,84,88,89,91,93,96,97,99,101,104,106,110,115,116,120,121,122,126,130,131,138,141,142,147,148,149 "88";
89 125 0 9,14,15,16,25,29,34,49,58,70,83,85,89,94,102,109,111,117,120,130,147,150 "89";
90 128 1 0,2,3,13,18,19,24,30,33,38,43,44,47,51,55,64,65,68,70,73,74,76,78,79,80,84,87,94,96,98,104,105,113,121,122,123,129,135,140,141,143,147 "90";
91 96 1 2,5,7,9,14,19,25,28,30,43,45,51,54,60,62,77,84,85,87,89,91,93,97,102,104,106,114,116,122,123,128,131,133,135,136,142,144,150 "91";
92 31 0 4,8,15,16,21,23,27,31,37,38,40,43,47,50,54,60,62,64,65,73,75,78,81,87,90,92,106,108,111,115,125,129,135,137,141,143,147,149 "92";
93 133 1 11,15,48,59,79,98,102,107,108,118,123,146 "93";
94 120 1 11,17,18,22,27,28,33,35,44,49,53,61,64,66,76,85,95,101,108,122,131,141,147,148 "94";
95 95 1 5,8,13,19,21,23,28,31,35,37,42,47,52,61,66,68,73,79,90,91,96,100,101,104,108,110,112,116,118,120,125,128,130,134,136,137,145 "95";
96 70 1 0,3,5,6,10,11,12,13,16,17,19,20,21,22,24,27,29,31,33,34,36,39,41,45,47,48,49,50,55,59,60,63,65,66,68,69,71,72,74,78,79,83,84,86,87,88,90,91,93,98,100,101,104,107,112,114,121,124,125,127,129,133,136,138,139,141,143,144,145,147,149 "96";
97 119 1 1,4,10,13,14,17,18,23,25,26,30,31,33,35,37,39,40,46,49,51,54,58,59,60,64,65,66,68,69,70,71,73,74,78,80,84,85,87,88,91,93,100,103,104,105,107,108,111,112,115,116,118,119,122,123,125,127,128,129,131,134,136,139,141,142,144,145,146,148,150 "97";
98 22 0 15,71,75,83,105 "98";
99 147 1 1,7,9,10,13,30,32,34,40,41,45,47,53,55,58,63,67,68,70,74,79,81,91,97,100,103,105,106,118,121,122,130,132,139,144,145,148 "99";
100 15 1 9,24,30,80,83,96,103,104,105,111 "100";
101 50 0 6,18,20,24,28,48,58,62,66,70,73,84,89,98,102,103,109,112,113,116,123,125,127,129,130,131,135,139,145,149 "101";
102 126 0 4,5,8,13,16,25,29,33,41,42,44,45,52,55,58,60,69,77,86,90,98,102,111,129,133,135,141,143 "102";
103 132 0 38,48,51,90,106,108,122,125 "103";
104 47 1 5,17,28,29,34,43,47,48,52,60,62,70,74,82,83,87,89,90,93,97,100,108,110,113,116,117,119,123,125,132,136,140,144,145,146,150 "104";
105 81 0 0,2,3,4,5,7,8,10,12,14,21,23,27,28,30,33,37,40,42,43,44,45,47,50,52,55,57,58,60,62,64,66,71,72,74,76,77,79,81,82,85,86,87,89,91,94,96,98,100,103,108,109,111,115,118,120,122,123,124,125,128,129,133,136,137,138,143,145,148 "105";
106 56 1 4,5,6,8,9,11,12,16,31,32,34,36,38,44,47,55,57,60,62,63,69,71,72,74,76,81,84,85,86,88,89,91,95,96,98,101,110,113,116,119,122,123,124,128,134,135,139,143,144,146,150 "106";
107 13 1 0,5,11,15,22,29,30,31,36,44,56,68,77,80,101,105,107,110,113,117,118,129,131,133,134,137,139 "107";
108 89 0 0,3,5,11,12,13,18,24,26,29,31,33,36,38,40,46,49,51,52,55,57,60,61,64,65,66,69,70,72,74,78,82,83,86,88,91,93,95,96,97,99,104,106,109,111,114,116,117,119,120,121,122,124,127,130,131,133,134,137,138,141,143,144,146,148,150 "108";
109 36 1 2,4,7,13,16,22,25,26,31,33,34,35,37,39,41,43,45,46,48,49,51,56,57,59,61,65,66,70,72,74,75,77,80,84,87,90,93,96,98,99,101,103,106,110,114,119,123,126,127,129,131,133,135,137,140,143,146,147 "109";
110 109 1 0,14,16,18,25,27,29,30,32,36,37,41,43,45,47,49,52,55,56,58,61,66,70,75,78,81,87,90,91,105,107,118,122,125,129,140,142 "110";
111 85 1 7,9,11,12,17,21,27,32,33,35,38,43,44,48,49,56,65,67,69,72,76,79,81,82,86,87,89,91,93,95,97,98,102,104,107,108,111,112,117,119,122,131,134,136,140,148,150 "111";
112 109 1 0,9,15,24,26,28,39,41,47,48,68,70,71,80,82,85,88,95,98,100,102,106,107,110,115,118,122,124,127,133,135,137,139 "112";
113 120 0 3,16,37,42,43,63,74,77,90,96,97,121,132 "113";
114 36 1 75,141,149 "114";
115 42 1 2,25,44,66,68,77,79,86,102,109 "115";
116 63 0 11,13,15,27,28,37,41,46,47,50,58,61,64,75,77,81,107,112,115,118,121,124,127,128,131,143,147 "116";
117 3 1 1,15,17,23,25,28,32,38,43,47,50,53,69,71,77,86,89,99,101,110,114,122,125,128,130,135,143,145,149 "117";
118 31 0 1,2,3,6,11,12,15,16,17,22,25,27,29,30,32,34,37,41,43,45,47,48,52,58,61,63,65,69,73,75,76,77,79,82,83,84,86,89,91,93,94,96,100,102,105,108,111,112,114,115,123,129,131,133,134,135,136,140,143,147,149 "118";
119 32 1 21,101,116 "119";
120 126 1 0,2,3,5,7,11,14,18,20,25,27,29,31,33,35,43,44,45,48,54,56,61,62,63,66,68,70,71,72,75,80,84,88,90,91,94,95,97,98,102,104,106,107,109,110,112,117,118,120,121,131,132,135,137,139,143,145,146,150 "120";
121 23 1 6,8,12,14,15,17,19,24,27,30,33,35,36,47,49,51,54,58,59,60,62,64,65,68,69,72,75,76,78,82,83,85,87,90,94,95,98,100,102,103,104,108,110,113,116,118,123,129,131,134,136,140,145,148,149,150 "121";
122 146 1 1,5,8,9,12,13,15,16,18,20,22,25,28,33,35,36,38,41,43,44,45,47,49,51,52,54,56,58,60,62,63,69,71,72,75,77,78,82,87,89,92,94,99,102,103,106,108,110,115,119,122,124,125,128,130,131,140,141,142,144,146,147 "122";
123 88 1 0,8,9,11,13,16,18,23,24,25,27,29,31,33,36,37,40,42,48,51,54,56,61,64,66,68,69,71,76,82,83,89,90,93,96,99,100,102,104,105,109,113,117,118,121,122,123,126,128,134,136,138,145,148,150 "123";
124 123 0 2,23,24,26,32,46,54,61,99,104,113,119,125,144 "124";
125 65 1 13,16,35,42,46,52,54,55,74,75,91,93,100,102,112,116,118,120,122,133,135,142,145,150 "125";
126 55 0 2,4,6,8,10,11,13,14,16,17,20,22,24,27,29,30,36,38,39,40,41,46,48,52,55,57,58,60,62,66,67,70,72,75,77,78,81,82,83,86,87,89,90,91,92,94,97,98,99,102,103,105,106,108,109,110,112,114,115,117,119,121,126,127,132,134,139,141,142,143,146,147,150 "126";
127 72 1 1,2,4,6,7,10,16,19,22,23,24,30,32,33,37,40,42,44,45,47,49,52,53,55,57,60,62,65,68,70,73,75,78,80,82,84,85,86,88,89,92,94,96,98,100,102,103,104,107,108,109,115,117,118,120,124,126,127,130,131,134,135,138,139,140,141,143,147,150 "127";
128 79 1 17,73,84,88 "128";
129 63 1 7,10,17,19,28,31,35,40,51,55,60,63,72,73,84,90,94,96,97,100,113,115,119,120,125,126,128,134,137,139,140,150 "129";
130 2 1 20,63,148 "130";
131 51 1 9,25,78,82,92,119 "131";
132 6 0 0,1,2,4,5,7,8,10,14,16,20,21,22,24,25,27,28,31,32,35,38,40,41,43,47,49,50,52,53,55,57,61,62,64,68,69,71,73,74,76,78,80,81,83,85,88,90,92,93,95,98,101,104,105,107,108,112,113,114,116,117,119,120,124,126,128,133,135,136,138,140,143,145,147,148 "132";
133 15 0 0,3,7,12,15,16,22,23,41,43,44,49,57,59,66,76,82,84,96,108,113,117,120,129,145,148 "133";
134 34 1 1,7,10,12,14,44,45,50,55,68,72,76,80,83,87,91,94,96,99,104,107,113,130,133,135,144,145,146,150 "134";
135 70 1 22,70,74,79,83,88,94,116,130,137,142,149 "135";
136 64 0 1,3,9,10,12,16,18,19,23,25,28,29,35,36,39,42,44,47,48,50,55,56,58,60,61,65,68,73,77,78,80,83,84,85,88,89,91,93,94,95,102,103,107,109,111,113,116,118,120,123,125,132,135,137,139,140,144,146,147,150 "136";
137 27 0 35,39,54,60,84,96,101,102 "137";
138 133 1 0,4,5,12,13,17,22,26,29,49,75,76,83,85,91,94,101,105,106,115,120,125,126,128,129,131,137,140,143,149 "138";
139 106 0 4,7,10,12,13,15,16,19,21,24,25,26,28,37,38,41,46,47,52,57,58,59,60,62,66,68,71,73,74,77,79,80,81,82,84,86,88,92,96,99,100,105,107,110,111,112,114,118,120,122,123,125,129,130,131,133,135,136,138,143,144,145,147,148 "139";
140 118 0 1,3,4,8,9,19,20,22,23,24,26,28,30,33,34,36,39,42,43,47,48,51,52,53,54,56,57,59,61,64,66,69,73,78,80,83,84,87,88,89,92,94,95,96,98,102,105,108,109,110,111,113,115,117,118,120,121,123,124,127,130,132,134,135,136,137,139,143,147,149 "140";
141 124 1 3,7,11,13,17,20,23,24,26,27,29,32,39,44,46,51,52,56,57,60,64,66,69,70,73,74,81,83,84,86,87,89,91,93,98,99,100,102,106,107,108,113,117,122,125,127,130,133,134,137,140,141,143,144,146,147,148,149 "141";
142 17 0 1,2,4,7,8,9,10,15,17,20,24,26,27,28,30,32,34,35,37,41,46,47,51,55,59,65,66,71,73,74,76,83,86,88,90,91,92,94,101,104,105,108,109,111,112,115,116,118,121,124,125,128,129,131,132,134,135,136,139,140,143,148,150 "142";
143 14 1 1,3,5,9,13,14,18,23,26,28,30,34,36,46,49,50,52,56,58,62,66,67,70,74,76,78,83,85,89,90,93,95,96,97,102,105,107,108,111,112,117,126,127,130,133,135,136,139,145,146,149 "143";
144 144 1 0,1,4,8,11,13,17,19,20,24,26,27,30,32,34,35,38,39,41,42,46,54,56,57,60,61,66,68,69,71,73,75,79,81,84,89,92,96,98,101,103,108,109,110,113,122,124,128,130,131,134,136,138,140,144 "144";
145 20 1 13,94 "145";
146 99 0 6,11,28,30,32,36,40,43,50,57,59,65,67,83,89,92,97,105,128,130,133,137,145,150 "146";
147 16 1 0,1,3,4,6,8,10,11,13,16,17,19,20,22,24,25,27,28,29,31,33,36,39,40,42,45,48,49,51,53,55,60,66,67,69,71,73,76,81,83,84,89,90,95,96,99,103,106,107,108,110,114,117,125,126,130,139,140,142,144,145,146,147,150 "147";
148 143 0 2,6,8,9,14,16,17,28,30,33,38,41,47,50,51,52,55,58,61,63,67,71,80,82,83,85,87,90,92,95,96,98,100,101,104,105,110,112,113,115,119,122,123,126,128,130,134,137,139,142,149 "148";
149 72 1 7,19,22,25,36,40,42,46,47,51,54,56,60,63,65,68,74,75,80,86,90,92,97,103,106,109,114,120,127,129,133,135,138 "149";
150 58 1 41,86,104 "150";
