parity 93;
0 52 1 0,6,7,13,14,16,19,22,24,27,29,32,34,35,38,39,40,42,44,46,48,52,57,62,70,75,78,80,82,84,86,88,89,91 "0";
1 41 0 17,18,26,34,59,65,70,75 "1";
2 56 0 7,11,21,25,26,41,46,53,59,77,81,83,85 "2";
3 20 0 4,6,11,15,37,40,48,54,63,69,73,83,90 "3";
4 91 0 68,93 "4";
5 44 0 30,36,84,89 "5";
6 75 0 0,2,6,8,9,16,18,20,24,29,32,37,38,47,51,52,55,56,63,68,70,78,83,85,87 "6";
7 87 1 8,11,14,15,20,22,28,33,37,39,48,49,51,54,55,57,61,65,67,68,69,72,81,84 "7";
8 23 1 0,3,4,8,10,16,22,28,29,34,37,44,47,57,59,60,64,66,68,69,72,74,76,83,84,88,90,91 "8";
9 75 0 2,4,5,8,10,13,15,16,18,19,20,21,25,27,32,34,36,42,44,47,48,50,51,53,54,57,58,59,60,62,66,68,71,73,76,78,80,81,84,86,88 "9";
10 9 0 57 "10";
11 66 1 4,5,7,8,11,13,14,18,19,20,21,23,26,27,30,32,34,36,37,38,39,40,42,44,46,48,50,52,55,58,61,62,63,65,66,69,70,72,73,74,76,79,82,86,90,92,93 "11";
12 18 1 0,5,13,17,18,20,49,57,62,67,79,80,87 "12";
13 26 0 2,5,6,8,9,11,14,16,32,33,36,51,66,71,74,75,78,83,85,89 "13";
14 57 1 18,25 "14";
15 12 0 2,3,7,9,10,15,18,20,22,23,28,36,37,39,42,44,45,50,52,54,58,60,75,83,85,87,91,92,93 "15";
16 59 1 1,7,9,13,15,21,29,31,36,38,40,42,44,52,55,57,59,61,62,64,67,72,73,77,81,84,86 "16";
17 25 0 3,4,5,11,13,16,18,19,26,28,31,33,34,38,39,46,49,61,66,78,80,85,90,92 "17";
18 3 0 8,12,15,35,44,46,47,57,59,70,77,88,89 "18";
19 81 1 9,19,27,30,38,43,49,59,63,67,70,71,82,88,92 "19";
20 13 0 13,22,29,35,62,83,89 "20";
21 28 0 4,7,40,53,58,60,72,87,92 "21";
22 86 1 3,5,7,10,18,20,23,30,32,33,34,36,38,41,44,45,48,49,56,58,60,62,71,75,77,79,81,83,86,92,93 "22";
23 73 1 5,15,36,61,63,77,78,80,88 "23";
24 18 0 4,6,10,12,13,14,16,17,19,20,21,23,25,27,28,30,33,35,38,40,41,46,48,52,55,56,60,62,65,68,70,71,77,79,81,86,89,90,92,93 "24";
25 90 0 42,71 "25";
26 11 1 5,11,14,24,32,35,43,57,69,92 "26";
27 46 0 1,12,15,22,27,30,32,33,43,50,56,58,62,64,65,68,69,71,73,75,77,84,86,90,92,93 "27";
28 73 0 1,5,6,17,18,22,25,27,28,31,36,39,44,49,50,52,54,56,57,61,69,72,74,78,80,87,90,93 "28";
29 91 0 0,2,5,8,11,14,20,23,25,26,27,31,33,37,38,40,41,45,48,51,55,57,61,62,63,66,68,72,74,76,78,81,82,83,86,89,91,93 "29";
30 93 0 1,2,5,7,9,12,16,18,19,21,22,23,25,28,30,35,36,38,41,46,48,49,54,56,58,60,62,64,65,66,68,69,72,74,76,77,78,80,82,83,86,87,88,90,92 "30";
31 34 0 0,2,18,32,46,58,80,90 "31";
32 90 1 0,1,4,5,10,12,16,17,22,25,27,29,33,34,36,37,40,41,43,45,46,51,57,59,60,61,65,68,71,74,76,79,86,88,89,92,93 "32";
33 57 0 2,4,7,10,11,14,18,23,29,33,35,36,41,43,45,47,50,51,59,61,64,67,68,76,79,83,86,91,93 "33";
34 49 0 0,2,4,7,9,13,15,17,19,21,24,26,29,31,32,35,36,37,40,42,43,45,46,49,50,53,56,57,59,60,62,66,67,71,72,76,77,79,80,84,85,89,91,93 "34";
35 20 1 61,64,75 "35";
36 77 1 1,2,5,9,12,17,18,19,22,24,27,28,29,32,33,36,39,41,42,44,48,49,50,56,58,62,65,68,69,70,72,73,74,76,78,82,85,87,89,90,92 "36";
37 13 0 1,2,4,8,9,13,15,17,18,20,24,25,26,29,35,41,46,50,53,54,57,59,61,63,65,67,68,73,74,76,77,80,84,86,88,91 "37";
38 55 1 4,9,14,20,22,29,35,49,55,56,59,62,64,66,68,72,75,80,81,84,90,93 "38";
39 28 0 22,64,75 "39";
40 59 1 1,5,6,8,10,12,15,17,19,24,25,28,29,33,35,40,43,46,48,49,52,53,55,58,61,62,66,67,69,71,72,77,79,81,88,91,92 "40";
41 70 1 14,22,44,67,75,82,93 "41";
42 8 0 0,5,8,10,11,14,16,21,27,39,40,46,48,51,55,57,59,61,72,74,77,78,80,82,84,86,89,90 "42";
43 90 0 1,3,5,6,8,10,13,18,22,26,32,37,38,50,51,55,58,60,61,65,66,67,69,71,75,76,77,80,81,90,91,93 "43";
44 84 0 0,1,3,7,9,10,12,14,15,18,20,22,23,25,27,32,33,35,37,38,39,44,45,48,50,51,53,56,57,60,61,64,66,69,76,78,80,82,83,85,86,88,90,91,93 "44";
45 27 1 13,68 "45";
46 66 0 3,6,15,17,19,22,25,27,29,36,38,40,42,43,45,47,49,50,54,56,61,64,66,69,72,75,77,80,83,85,86,88,89 "46";
47 4 1 6,8,12,16,22,25,45,46,53,76,79,85,86 "47";
48 60 0 1,2,4,6,10,12,15,18,25,26,27,30,34,35,36,39,40,42,44,46,47,52,53,57,60,63,65,68,70,73,75,77,78,79,80,82,83,86,88,90,91 "48";
49 30 1 1,2,6,10,13,19,22,26,29,30,34,39,46,48,51,53,60,63,67,70,74,82 "49";
50 43 0 15,29,38,40,53,60,85,87,91,93 "50";
51 74 1 5,11,13,14,15,19,24,35,39,42,52,54,57,62,71,72,74,75,79,85,86,92 "51";
52 54 0 1,5,7,9,12,13,14,16,18,20,21,23,25,28,32,34,35,36,38,40,46,53,54,55,57,60,61,63,64,66,69,71,73,75,76,80,86,90,92 "52";
53 40 1 0,2,7,11,13,14,16,17,19,20,22,24,27,31,36,41,42,44,49,51,54,56,57,59,63,67,68,69,71,72,75,77,80,83,84,86,88,89,92,93 "53";
54 87 1 0,4,7,9,11,12,14,17,19,20,23,24,27,29,30,32,35,36,37,40,45,47,48,50,55,56,57,60,62,65,67,69,73,75,80,83,84,87,92,93 "54";
55 5 1 1,5,7,12,13,20,23,25,32,36,41,43,51,56,58,63,66,69,73,74,78,85 "55";
56 65 1 2,3,8,13,14,19,21,26,29,31,35,36,37,38,41,43,47,51,52,57,59,62,64,66,75,78,83,85,87,89,93 "56";
57 15 1 11,15,19,27,28,31,37,38,39,46,49,52,54,55,58,59,61,63,69,71,76,77,82,86,88,91,93 "57";
58 15 0 9,24,27,33,37,41,43,44,48,49,52,56,61,64,68,69,71,74,93 "58";
59 67 0 7,8,23,29,32,34,47,49,51,74,77,81,82,89,92 "59";
60 49 1 0,4,5,7,16,18,20,24,26,28,29,36,39,44,47,49,56,63,67,72,79,81,86,89,91 "60";
61 84 0 2,29,67,75 "61";
62 26 1 1,5,8,10,12,17,21,22,23,25,27,40,42,47,49,54,55,61,63,67,68,75,87,88,91,92,93 "62";
63 56 1 0,4,5,7,8,11,12,17,19,22,23,26,28,34,37,38,40,42,45,47,50,51,52,53,55,56,61,65,71,78,79,81,88,93 "63";
64 14 1 4,9,15,17,21,27,32,37,39,41,47,49,52,54,66,75,77,80,81,90,91,93 "64";
65 66 0 37,85 "65";
66 58 1 10,14,24,30,32,38,46,52,64,67,69,72,74,78,89 "66";
67 37 0 0,2,6,7,14,21,23,24,26,33,39,44,46,51,55,59,61,62,64,69,71,72,74,76,78,79,83,85,88,89,90,93 "67";
68 37 1 1,3,21,24,26,34,35,39,44,52,60,63,71,73,82,84,87,90 "68";
69 79 1 1,3,4,7,12,14,15,16,20,22,24,30,35,40,45,47,53,58,70,76,77,80,84,86,89,92 "69";
70 37 1 0,3,4,6,8,10,11,13,15,19,23,24,26,27,31,34,39,40,43,57,59,65,67,69,73,75,79,80,81,86,88,90,93 "70";
71 40 0 11,12,13,17,23,29,32,35,37,38,40,44,56,57,62,67,82,89 "71";
72 34 1 0,4,7,11,13,34,37,38,42,49,52,54,56,57,63,71,74,87,88,89,91 "72";
73 9 1 0,2,3,5,6,10,14,15,16,19,20,22,25,26,28,30,33,36,40,42,43,45,48,51,53,54,55,58,59,61,63,67,70,72,73,75,80,83,85,86,87 "73";
74 48 0 84 "74";
75 40 1 3,29,37,40,43,49,87 "75";
76 77 0 1,4,9,12,15,17,18,21,22,23,25,28,29,32,33,34,35,36,37,39,40,41,43,46,51,52,54,55,56,57,59,62,64,66,68,72,73,75,77,81,83,84,87,91,93 "76";
77 20 1 1,2,3,4,9,12,16,18,20,22,23,24,28,33,35,38,42,44,49,50,51,53,55,58,61,64,66,67,70,72,76,77,79,80,85,86,90,92 "77";
78 27 1 1,5,7,12,15,16,19,22,23,28,29,30,32,34,36,39,40,42,46,49,52,54,55,59,60,62,63,66,68,70,73,74,80,84,86,88,91,92,93 "78";
79 25 0 2,6,8,13,17,19,29,33,45,47,57,66,72,76,80,84 "79";
80 57 1 2,3,6,8,10,12,14,17,20,22,24,26,27,28,30,32,35,37,39,40,41,43,44,47,48,49,51,56,57,60,63,67,69,70,73,74,77,78,83,84,89,92 "80";
81 27 0 3,5,11,16,19,26,47,50,54,63,66,80 "81";
82 15 0 0,2,11,24,26,33,40,45,48,56,58,63,70,82,88 "82";
83 47 0 4,7,9,13,20,26,29,30,37,40,46,51,53,55,57,60,62,66,76,80,87 "83";
84 10 1 0,4,7,9,11,13,14,16,18,25,30,31,33,37,38,40,47,48,50,53,55,60,61,63,65,66,68,70,71,72,76,79,80,82,84,85,87,90,91,93 "84";
85 83 0 3,18,23,32,36,53,61,64,66,76,78,81,89,91 "85";
86 59 1 2,7,12,15,17,25,28,29,31,33,35,37,43,45,51,55,57,58,62,65,66,68,70,78,79,81,91,92,93 "86";
87 70 1 5,8,10,14,15,19,21,34,38,46,49,51,55,64,68,71,74,77,83,90,93 "87";
88 54 0 0,7,9,31,35,39,62,65,71,72,76,77,80,82,90 "88";
89 30 0 10,12,15,19,22,26,27,31,34,39,45,47,56,57,68,70,78,89,92 "89";
90 78 1 0,5,8,14,18,20,22,24,26,29,30,32,33,34,35,44,45,53,56,60,61,63,65,67,72,77,81,84,89,90,91,93 "90";
91 36 0 0,2,3,7,9,11,15,16,20,22,26,27,29,30,34,37,38,41,43,44,50,53,54,58,62,70,75,78,79,83,84,87,89,91 "91";
92 90 0 0,3,5,8,10,15,18,20,22,24,26,28,30,32,36,40,43,45,47,48,50,52,54,55,56,57,64,66,70,73,74,76,77,78,81,84,85,89,91,93 "92";
93 4 1 26,27,61,67,73 "93";
