parity 81;
0 52 0 1,3,4,8,9,12,14,21,23,26,28,29,34,36,39,41,43,45,47,48,49,50,55,59,62,64,74,75,76,78 "0";
1 8 0 9,54,63,67,81 "1";
2 58 0 1,5,13,35,38,53,55,81 "2";
3 25 0 1,5,11,13,14,18,19,22,23,26,30,32,34,39,45,46,48,51,53,55,57,60,63,67,72,75,76,78,80 "3";
4 22 0 0,20,52 "4";
5 39 0 13,16,30,41,56,61,71 "5";
6 68 0 1,9,10,12,14,18,23,25,27,30,32,35,36,39,44,48,50,52,54,59,64,68,72,74,77 "6";
7 0 1 1,2,5,7,10,13,17,18,21,22,24,26,28,29,30,32,34,35,37,39,43,45,46,49,50,52,53,54,57,59,61,62,65,66,67,71,73,76,77,79 "7";
8 23 0 3,7,13,18,39,49,57,65,67,73,76 "8";
9 46 0 1,3,13,17,22,26,27,29,35,46,48,53,54,55,61,62,63,65,71,75,77 "9";
10 82 1 1,6,8,11,12,13,18,19,22,23,25,26,28,31,34,37,39,41,45,47,49,50,51,53,54,56,58,64,66,68,69,71,73,75,76,78,80 "10";
11 70 0 0,2,3,4,6,10,12,14,15,17,19,20,24,25,28,30,31,32,34,38,39,42,44,45,47,48,50,53,56,57,59,60,62,65,67,69,70,74,75,77,80 "11";
12 47 0 2,3,6,18,19,22,25,28,31,33,34,37,39,40,42,45,50,53,56,58,62,65,68,71,74,76,78,79,81 "12";
13 28 1 1,3,4,9,12,20,22,23,25,33,34,41,42,44,50,53,54,61,67,74,76,78 "13";
14 36 1 1,2,3,4,8,9,12,13,17,20,21,24,26,27,34,35,37,44,45,48,52,54,57,61,67,72,73,76,80 "14";
15 71 1 1,6,7,10,13,20,22,24,31,33,35,38,40,41,43,46,48,50,53,56,59,60,62,64,67,70,72,74,77,79,80 "15";
16 19 1 3,4,5,7,9,11,13,16,19,24,28,32,39,43,52,56,59,61,63,69,72,76,78 "16";
17 77 1 0,7,14,15,16,18,28,30,34,38,43,46,47,49,51,52,55,57,59,62,65,74,76,80 "17";
18 52 0 0,4,6,9,11,13,14,16,17,19,22,26,27,28,30,32,34,36,38,40,42,44,45,47,51,57,58,60,61,63,65,69,70,71,74,75,80 "18";
19 0 0 1,2,4,6,8,11,13,18,20,21,22,24,25,26,31,33,35,36,38,42,43,46,50,52,53,54,57,58,61,62,65,67,69,71,74,76,78,81 "19";
20 29 1 6,21,35,52,55,62,70,80 "20";
21 69 0 0,2,4,6,8,11,13,17,18,20,23,24,29,31,32,36,39,41,44,47,49,51,54,55,69,72,74 "21";
22 34 1 6,11,15,18,19,25,30,35,40,47,48,52,57,65,67,71,77 "22";
23 57 1 0,4,6,7,10,14,15,16,19,20,24,30,33,35,36,40,45,46,50,52,53,54,55,62,63,65,67,69,71,75,77,78 "23";
24 41 1 1,3,9,11,13,17,19,23,24,28,30,35,37,44,45,47,50,51,53,56,58,60,62,65,66,68,74,76,78,79,81 "24";
25 68 0 2,9,13,16,17,23,25,27,32,36,38,41,42,45,46,53,56,59,66,69,70,76,78,81 "25";
26 11 0 1,16,58 "26";
27 44 0 6,9,15,19,29,32,44,46,47,51,52,56,59,63,66,69,77 "27";
28 22 0 1,5,7,11,13,17,19,21,25,30,33,34,36,39,45,50,52,57,60,63,68,70,72,76,77 "28";
29 13 1 6,10,21,23,52 "29";
30 16 0 1,14,15,19,22,25,28,31,34,43,48,51,57,66,67 "30";
31 22 1 3,6,7,10,12,13,16,18,20,24,25,30,35,37,39,41,49,51,53,55,58,63,65,71,73,75,76,81 "31";
32 6 1 9,15,16,21,23,32,40,42,46,53,56,59,61,64,67,72,73,79,81 "32";
33 24 1 1,3,7,9,11,13,14,15,18,20,21,24,25,26,31,35,38,41,42,43,45,48,53,54,57,61,63,66,68,72,75,80 "33";
34 82 0 2,19,53,64,73 "34";
35 6 0 21,24,25,39,43,73,78 "35";
36 67 0 0,7,10,17,19,21,24,27,28,40,42,45,57,62,64,76,80 "36";
37 25 0 2,4,7,15,19,27,35,43,50,55,56,58,59,61,66,67,69,70,72,75,76,78,79 "37";
38 0 1 3,7,13,16,20,24,27,28,36,37,39,40,46,47,51,52,54,59,62,66,68,69,72,78,80 "38";
39 75 0 0,4,6,7,8,10,11,12,15,19,20,22,24,26,27,29,30,31,33,34,35,45,46,48,49,51,53,55,56,58,59,63,68,69,70,73,74,76,77,79,81 "39";
40 72 0 4,5,7,8,11,13,15,16,20,23,25,27,28,29,32,33,35,37,39,41,42,44,45,47,51,57,58,60,64,65,72,75,77,78,81 "40";
41 53 1 0,2,4,7,9,11,12,16,17,18,19,20,22,24,25,27,28,29,31,38,39,40,41,43,45,47,49,50,53,57,60,62,64,67,69,71,72,75,76,79 "41";
42 9 0 0,2,7,10,12,22,25,28,30,34,38,39,44,53,54,57,59,63,69,70,73,79 "42";
43 65 0 0,8,15,17,27,41,48,50,54,56,57,58,60,62,69,71,76,78 "43";
44 33 1 6,9,10,16,18,30,37,46,48,51,54,60,68,69,70,73,74 "44";
45 34 0 8,9,12,15,19,20,26,30,35,40,45,49,53,55,61,65,70,71,72,73,75,77,78 "45";
46 17 1 0,7,15,28,32,45,58,60,62,70,81 "46";
47 16 1 1,8,12,57,59 "47";
48 11 0 1,9,12,17,20,25,27,31,34,38,39,41,42,45,49,50,53,54,56,59,61,63,64,67,70,73,76,79 "48";
49 65 1 2,8,9,25,27,36,40,50,52,60,61,62,74,76,80 "49";
50 41 0 2,12,15,21,23,25,29,31,32,35,37,42,46,54,61,73,75,80 "50";
51 46 1 21,27,33,37,56,72,73,74 "51";
52 62 0 0,9,13,14,18,19,24,26,30,31,32,35,36,38,39,41,45,46,49,62,65,66,68,70,72,74,76,81 "52";
53 38 0 25,26,43,46,65,69,74 "53";
54 61 1 1,3,5,9,12,13,14,16,20,22,24,25,27,29,31,32,34,37,39,40,42,46,48,49,52,55,56,57,61,62,65,68,75,77,78,79 "54";
55 56 0 31 "55";
56 4 1 2,6,8,11,13,14,17,18,19,21,23,25,33,37,40,42,44,45,47,50,52,59,65,66,68,69,70,72,74,75,79,81 "56";
57 13 1 1,4,5,8,10,13,14,15,19,20,22,23,25,27,28,30,32,34,37,39,40,45,47,50,52,53,55,56,57,59,61,63,65,67,69,71,73,76,81 "57";
58 33 0 17,37,44 "58";
59 1 1 10,13,31,33,40,42,45,51,53,57,64,67,69,79 "59";
60 77 0 0,2,3,4,5,6,7,12,13,14,16,19,21,24,25,28,29,32,34,37,38,39,45,46,47,49,51,53,55,61,63,64,66,68,70,77,78 "60";
61 73 0 15,16,20,40,45,59,68,71,78 "61";
62 44 0 0,3,7,11,12,14,17,20,26,29,30,32,36,38,43,45,46,49,54,59,61,62,67,69,71,72,74,80 "62";
63 55 0 6,9,26,39,41,48,60,62,72,73,75 "63";
64 52 1 1,5,8,10,11,15,21,22,24,28,30,31,38,39,42,44,47,49,51,53,57,60,64,65,67,69,71,73 "64";
65 16 0 0,2,3,5,9,13,18,22,23,25,27,28,30,32,35,39,43,45,47,49,50,55,58,59,61,64,71,75,76,77,80 "65";
66 41 0 4,5,12,16,17,19,21,23,27,29,32,38,40,44,45,48,50,52,55,56,57,58,63,65,68,71,72,78 "66";
67 38 0 1,5,6,7,9,14,15,17,23,24,27,28,30,32,33,35,39,40,42,44,46,47,49,52,53,55,58,60,64,65,67,68,72,73,78,81 "67";
68 62 0 0,4,5,7,9,13,15,18,19,20,27,30,35,36,44,47,52,54,56,58,63,66,68,69,73,80 "68";
69 68 1 6,11,16,18,25,29,32,35,43,44,56,62,69,71,73,74,75,80 "69";
70 76 0 1,3,5,8,11,13,14,19,22,23,25,30,31,33,35,36,37,43,44,45,47,50,52,57,59,60,62,63,64,69,71,75,76,79 "70";
71 62 1 1,14,27,30,37,42,52,55,59,74,79 "71";
72 23 0 2,6,8,11,14,15,17,20,22,24,26,30,31,32,33,35,37,43,44,46,48,49,51,53,54,55,57,59,64,67,68,70,73,75,77,79 "72";
73 36 1 17,19,27,33,56,69 "73";
74 42 0 0,1,3,4,6,8,12,15,20,21,23,24,28,30,32,34,37,40,42,43,48,53,56,58,62,63,65,66,69,71,73,75,77,79,81 "74";
75 50 0 1,3,5,7,8,11,15,16,19,21,22,28,32,34,37,40,42,43,45,47,50,51,56,58,61,63,66,67,69,71,73,74,75,76,81 "75";
76 34 0 1,2,4,6,8,11,12,14,15,17,21,23,26,30,31,38,39,41,42,45,47,49,54,56,59,61,65,67,69,70,72,74,77 "76";
77 4 1 1,2,4,9,13,17,19,21,23,25,31,32,34,37,39,44,47,53,54,56,58,59,60,61,64,68,69,72,73,75,76,78 "77";
78 14 0 1,28,40,46,56,66 "78";
79 61 0 15,63,73 "79";
80 19 1 8,14,15,21,27,31,32,41,62,63,68,70,73 "80";
81 7 0 4,9,11,12,14,15,18,20,29,32,35,36,48,49,51,52,60,62,63,65,66,70,74,75,76,78,79 "81";
