parity 77;
0 50 0 1,4,6,7,14,22,24,29,32,43,54,55,62,64,66,69,70 "0";
1 14 0 0,1,3,6,7,11,19,25,27,36,37,38,41,45,47,52,53,58,62,63,67,72,73,77 "1";
2 46 0 0,1,6,8,11,12,15,18,24,27,28,33,35,38,41,44,45,50,51,52,55,56,58,59,66,67,70,71,73,75,77 "2";
3 23 0 1,7,10,11,14,17,18,21,24,25,27,28,29,32,45,51,54,60,67,70,72,76 "3";
4 33 0 1,3,6,7,8,9,11,12,14,16,17,19,21,23,29,31,35,36,38,40,41,44,46,49,52,53,57,62,63,64,66,67,69,71,72,73,75,77 "4";
5 38 1 1,2,4,8,9,12,14,17,19,20,22,26,30,34,37,38,40,43,48,49,51,53,55,57,58,63,65,66,67,68,73,75 "5";
6 26 1 1,2,5,7,8,10,12,14,17,20,23,25,30,32,33,36,40,42,46,48,51,54,57,59,64,65,66,69,70,72,75 "6";
7 62 0 1,2,5,7,9,11,13,15,17,19,21,22,25,27,29,30,32,34,35,37,43,45,46,50,53,57,58,60,62,65,69,70,71,73,76 "7";
8 35 1 1,3,9,12,19,25,27,39,58,68,71,73,75 "8";
9 6 1 0,7,9,15,28,30,35,38,42,53,57,65,66,67,69,76 "9";
10 65 1 12,14,19,20,23,29,33,41,49,51,54,56,73 "10";
11 5 0 16,22,40,41,59,75 "11";
12 25 0 0,3,8,11,14,15,17,19,26,28,29,31,33,34,36,37,39,41,42,45,46,47,49,51,56,60,63,65,67,73,75,76,77 "12";
13 8 1 1,2,8,9,10,12,14,18,20,23,24,27,29,31,34,36,40,43,45,46,49,51,54,63,64,66,71,76 "13";
14 58 1 10,17,24,47 "14";
15 6 0 3,11,30,35,38,40,42,44,50,52,60,61,77 "15";
16 46 0 9,24,27 "16";
17 13 1 12,24,32,35,38,41,46,49,53,60,68 "17";
18 61 0 0,1,3,9,11,16,18,27,28,32,36,37,42,43,45,46,50,53,54,55,58,61,65,69,71,72,74,77 "18";
19 68 1 0,3,7,9,12,19,22,26,27,32,35,38,42,44,47,50,53,54,57,59,60,62,64,67,70,72,74,77 "19";
20 43 0 18,20,44,74 "20";
21 67 0 4,24,40,44,46,49,52,63,73 "21";
22 35 1 2,4,8,14,16,21,25,26,32,35,39,40,45,47,50,56,66,68,75,77 "22";
23 22 1 3,6,9,14,16,18,22,27,28,36,43,51,54,57,60,62,63,64,65,69,70,71,76 "23";
24 13 0 0,1,2,3,5,6,7,10,12,16,17,19,21,22,24,28,30,33,35,37,40,43,44,45,47,48,51,52,55,57,59,61,62,66,72,74,76,77 "24";
25 60 1 6,22,25,69,74 "25";
26 1 0 12,34,65,76 "26";
27 4 0 30,33,55,58,73 "27";
28 39 1 27,49 "28";
29 78 0 8,27,28,57,60,76 "29";
30 13 0 1,7,8,17,19,27,31,38,40,42,45,51,58,68 "30";
31 64 1 0,1,3,6,10,14,17,19,21,24,25,28,29,32,33,36,37,38,47,49,51,58,61,65,67,71,72,73 "31";
32 33 0 2,3,4,7,9,11,15,16,18,19,23,25,27,28,29,31,34,39,41,42,44,45,47,48,49,55,58,59,61,64,65,67,69,71,73,74,76 "32";
33 57 0 20 "33";
34 73 1 0,3,5,7,8,10,16,18,21,28,30,34,38,43,45,50,53,55,56,58,59,61,66,67,69,71,72,74,76 "34";
35 68 0 0,2,4,11,14,17,19,34,37,40,43,44,46,47,51,54,57,59,61,63,64,68,74,76 "35";
36 41 1 2,24,43,58,63,64 "36";
37 77 0 2,4,5,7,9,11,13,20,24,25,27,30,35,37,39,40,48,49,51,54,57,62,73,76 "37";
38 2 0 0,2,3,6,7,10,13,17,21,25,26,29,30,31,37,38,41,46,50,52,55,56,58,60,62,64,67,68,73,74,76 "38";
39 33 0 0,1,6,9,10,14,15,17,18,20,23,32,36,37,39,41,43,44,46,47,49,51,55,58,59,60,63,64,66,69,73,75,77 "39";
40 17 0 2,3,7,11,13,14,18,22,24,27,28,30,31,32,33,36,37,40,45,46,51,53,54,57,60,64,65,70,71,73,74,76 "40";
41 25 1 2,3,5,7,8,10,19,21,23,28,32,35,37,39,41,43,46,49,51,55,62,66,70,72,73 "41";
42 36 0 7,14,25,30,32,47,48,59,60,65 "42";
43 54 1 29 "43";
44 71 1 4,8,10,13,25,29,38,48,59,70,77 "44";
45 39 0 0,8,11,12,18,23,25,31,33,36,42,44,48,51,53,55,63,66,70,71,72,74,77 "45";
46 50 1 24,43,56,71,72 "46";
47 28 1 0,2,4,6,11,15,17,21,27,32,34,39,45,47,48,57,58,62,64,66,68,70 "47";
48 72 1 0,3,6,7,9,11,12,17,18,26,28,32,33,38,39,43,46,53,58,63,68,75,77 "48";
49 63 1 1,6,10,12,15,21,22,24,25,27,30,33,36,39,40,41,43,45,47,51,54,56,57,60,65,67,70,73 "49";
50 63 1 0,2,3,7,9,10,11,12,18,19,23,25,26,29,30,32,36,38,43,46,49,51,52,54,58,60,61,64,65,70,72,75,77 "50";
51 1 1 7,34 "51";
52 11 1 0,3,4,5,8,11,12,15,16,19,28,31,33,37,41,44,45,47,52,54,56,58,59,60,63,68,72,74,76 "52";
53 20 0 0,1,3,6,8,9,10,12,14,15,19,20,22,23,24,26,28,30,32,33,35,37,40,41,46,48,52,54,55,57,58,62,63,64,67,69,70,72,75 "53";
54 19 1 0,2,3,5,8,9,11,13,14,15,16,17,19,20,22,24,26,30,32,33,35,36,43,44,48,50,52,54,55,57,58,59,61,63,70,72,76 "54";
55 22 1 0,1,2,8,11,16,19,23,25,26,27,31,40,44,47,52,57,61,62,65,67,69,71,73,74,76,77 "55";
56 63 0 1,3,7,9,10,14,24,29,33,34,38,40,43,45,47,49,51,54,56,60,62,63,66,69,73,74 "56";
57 2 0 9,12,19,35,45,47,68,76 "57";
58 31 1 24,36,39 "58";
59 37 0 1,7,11,12,14,15,17,19,21,25,27,31,33,37,38,40,41,43,44,46,48,49,51,55,57,59,61,63,65,67,68,72,73,74,76 "59";
60 44 1 2,7,10,11,14,15,19,22,27,28,29,31,34,35,38,39,45,47,49,51,52,55,57,61,70,71,73,77 "60";
61 25 1 5,8,10,16,20,21,23,27,36,44,49,53,59,61,63,66,70,73,74,76 "61";
62 3 0 0,2,3,5,6,9,10,13,16,17,18,21,23,25,30,33,35,38,39,43,44,47,48,51,54,55,61,62,63,64,65,67,68,70,72,73,75,76,77 "62";
63 54 0 0,4,7,12,14,18,20,21,24,39,42,45,47,48,55,56,59,60,63,65,66,68,69,73,77 "63";
64 19 0 0,2,5,6,8,10,11,15,17,24,27,32,36,47,48,54,57,63,67,69,73,77 "64";
65 31 0 12,25,29,34,35,60,65 "65";
66 49 1 1,11,14,15,16,18,20,28,32,36,41,45,46,48,49,52,54,56,67,71,74,77 "66";
67 77 1 5,6,8,21,24,27,29,34,36,38,40,48,50,51,55,56,58,60,66,68,73,75 "67";
68 58 1 0,2,9,13,15,22,26,28,29,30,31,34,40,41,46,48,51,52,54,66,73,77 "68";
69 65 1 5,8,10,13,17,19,22,23,27,30,31,33,34,37,38,39,42,44,50,51,53,54,55,57,58,60,63,64,67,71,73,74,75,76 "69";
70 12 1 12,39,70,76 "70";
71 38 1 0,2,5,6,8,9,11,15,16,19,23,24,27,32,34,43,44,51,55,57,61,63,67,68,69,71,74,76 "71";
72 7 1 1,2,3,6,8,9,10,13,14,16,18,20,21,26,28,30,33,36,38,39,41,43,44,46,48,50,53,57,59,62,64,65,67,71,75,76 "72";
73 27 0 1,3,6,9,11,12,16,18,20,23,25,27,28,29,34,35,38,42,45,47,51,53,56,58,61,65,69,71,73,75 "73";
74 4 1 2,3,5,6,8,14,17,19,21,23,25,26,27,30,31,34,36,39,40,41,42,45,46,49,52,53,54,56,57,59,60,62,66,68,69,71,73,75,77 "74";
75 62 1 0,7,8,12,14,15,17,18,20,22,23,24,28,29,31,34,35,37,40,41,44,45,51,52,53,55,58,60,62,64,66,67,69,72,74,76,77 "75";
76 35 0 2,6,19,20,30,41,45,51,59,64,70,73 "76";
77 74 0 2,5,11,15,16,19,20,21,24,27,28,30,33,34,36,37,39,40,42,43,48,54,57,60,65,67,70,71,77 "77";
