parity 125;
0 58 1 1,6,8,9,10,12,13,14,16,17,22,23,25,26,30,31,32,36,38,39,40,41,44,47,50,52,53,54,56,58,60,61,63,66,67,68,70,72,74,76,77,81,82,84,86,88,91,92,94,95,98,102,103,105,108,110,112,113,115,118,123,125 "0";
1 79 1 7,25,30,34,57,69,72,75,77,85,88,93,102,113,118,119,123 "1";
2 42 1 2,5,23,26,34,41,52,64,69,79,85,87,103,107,124 "2";
3 53 0 0,2,5,10,12,13,14,17,21,23,27,29,31,33,36,37,39,42,44,46,51,53,54,57,61,63,67,71,77,78,81,86,88,95,97,98,101,104,105,108,110,113,114,119,123 "3";
4 89 1 0,6,15,17,20,33,35,36,42,44,45,47,58,73,91,94,97,103,106,114,117,123 "4";
5 106 0 96,98,109 "5";
6 108 0 0,1,3,4,5,7,9,11,12,16,18,20,22,24,25,26,28,29,31,34,36,39,40,45,46,48,50,53,54,57,58,60,61,65,66,69,71,73,75,84,85,87,89,91,92,94,96,100,102,103,105,107,108,109,111,113,115,116,117,119,120,123,125 "6";
7 70 1 7,9,11,17,29,31,33,46,48,50,51,56,61,63,70,81,84,86,87,88,91,94,102,110,116,117,122 "7";
8 59 1 0,4,7,9,10,12,15,16,19,21,25,27,30,32,33,36,41,43,44,45,48,49,51,55,56,57,63,69,70,72,73,75,77,78,79,81,82,83,87,88,90,94,96,99,100,102,104,106,109,113,115,118,119 "8";
9 6 0 1,2,5,8,13,17,22,25,29,31,50,56,59,64,74,90,105,111,117,125 "9";
10 109 0 2,7,11,14,16,18,21,25,27,30,34,37,40,45,47,48,50,56,60,64,69,70,72,76,77,80,83,86,88,91,92,96,98,105,106,108,109,113,118,121 "10";
11 30 1 3,9,12,13,14,35,43,45,48,52,54,58,60,62,67,69,70,72,73,75,76,88,92,104,108 "11";
12 46 0 0,2,4,8,10,14,17,22,23,25,29,30,32,33,35,38,41,42,44,45,50,52,54,55,57,59,60,61,63,65,67,69,72,75,78,79,81,83,85,86,87,90,91,94,96,97,100,102,108,112,113,115,117,118,121,123,125 "12";
13 26 0 1,6,19,46,50,52,61,76,85,87,101,102,104,115,123 "13";
14 107 0 1,6,8,13,16,17,19,20,22,23,24,26,28,29,30,32,35,36,39,43,45,46,49,50,54,57,58,59,60,62,63,65,69,75,77,80,82,85,87,92,93,95,97,99,101,103,105,107,108,115,117,119,122,124 "14";
15 37 0 5,8,13,19,21,22,24,25,27,38,49,50,55,60,63,67,78,80,81,83,85,92,93,94,96,106,109,118,121 "15";
16 66 1 8,12,28,33,35,39,45,50,68,74,82,90,98,103,107,111,121 "16";
17 60 0 2,3,7,10,12,15,19,21,22,26,30,31,33,35,37,42,44,45,46,47,50,51,52,53,56,59,64,66,68,69,72,76,79,81,83,84,87,88,90,95,97,99,100,101,103,104,106,108,109,112,113,114,116,118,122,123,124,125 "17";
18 99 1 0,1,5,11,14,19,22,26,27,31,34,36,39,42,46,48,49,58,61,62,66,68,71,75,77,79,82,84,87,90,92,97,98,101,109,110,114,115,116,122,124,125 "18";
19 22 0 32,59,71,99,102,118,122 "19";
20 63 1 0,4,6,11,12,15,17,18,21,24,26,29,30,31,46,49,51,54,57,60,65,66,67,68,71,73,76,78,79,80,81,83,91,94,98,99,101,104,106,107,110,113,114,115,119,120,122,125 "20";
21 21 0 0,2,6,8,12,14,15,17,19,21,24,25,27,28,30,33,39,42,45,49,51,53,54,56,59,62,67,69,71,73,75,76,77,79,80,81,83,85,89,94,100,104,106,110,112,113,114,117,119,122,124 "21";
22 2 1 1,3,4,5,10,13,15,17,19,27,29,31,33,35,38,39,41,42,44,46,49,53,56,59,61,63,67,72,77,81,82,86,87,90,94,95,97,102,106,107,108,109,111,113,119,120 "22";
23 75 1 3,33,57,87 "23";
24 40 0 0,2,4,5,8,10,11,17,21,22,24,28,29,35,37,38,39,42,47,50,53,56,62,64,67,69,71,83,89,90,95,97,100,101,105,116,123 "24";
25 67 1 0,6,12,15,20,24,33,35,36,40,42,45,50,52,54,58,65,66,69,76,91,92,94,99,102,103,105,108,109,112,113,114,117,122,124 "25";
26 27 0 5,26,45,50,71,79 "26";
27 15 1 49,96,100 "27";
28 5 1 9,16,52,74,86,96,105 "28";
29 1 1 11,57,67,68,85,114,121 "29";
30 8 0 0,8,9,10,18,20,24,30,33,38,44,59,63,65,68,71,74,77,82,95,97,99,103 "30";
31 33 1 0,1,3,6,8,12,18,20,21,24,28,29,30,32,35,37,38,40,42,43,47,51,52,59,75,76,79,81,87,90,93,95,97,101,105,106,107,110,112,115,116,119,120,122,124 "31";
32 66 0 0,2,3,6,16,21,23,30,32,33,37,40,41,43,47,49,58,60,68,71,74,76,81,83,86,88,91,93,104,105,112,118,124 "32";
33 87 0 2,9,10,19,26,28,37,39,43,48,53,56,67,72,81,82,101,104,108,111,117,120 "33";
34 63 0 0,2,6,12,19,22,23,27,28,32,35,36,41,49,58,60,62,66,68,74,76,79,85,86,89,91,95,99,103,105,106,108,111,114,115,118,121,122,124 "34";
35 121 0 0,1,2,3,4,7,8,13,16,18,19,21,23,24,27,29,32,34,36,38,39,43,44,48,50,53,54,56,59,62,64,67,69,71,72,75,76,78,79,80,81,85,86,89,91,94,95,97,99,100,103,104,106,109,111,112,114,118,122,125 "35";
36 32 1 3,5,14,18,19,21,25,34,35,38,43,50,54,60,66,70,71,73,77,78,79,83,85,93,94,96,102,103,107,116,121,125 "36";
37 117 1 0,2,7,11,12,13,16,18,23,26,28,31,34,37,47,53,58,60,62,64,69,73,75,79,83,84,85,87,89,95,99,102,104,108,113,118,120,123,125 "37";
38 27 0 33,43 "38";
39 47 1 3,4,14,16,25,27,29,34,38,42,43,45,51,55,60,67,69,72,77,79,84,85,93,94,98,101,103,105,116,123 "39";
40 102 1 2,9,14,19,22,25,28,33,34,36,39,41,48,49,51,53,55,58,60,64,68,69,71,73,75,78,87,94,99,101,104,108,110,112,120,122,125 "40";
41 54 0 2,4,8,10,11,12,15,16,18,19,20,22,24,26,29,32,33,38,40,41,43,46,48,50,51,52,54,56,58,59,61,63,65,66,68,69,74,75,77,78,79,81,83,84,85,87,88,90,92,95,102,104,105,108,109,111,112,114,116,119,120,122,123 "41";
42 11 1 1,7,12,14,15,17,24,26,30,34,37,38,41,45,50,51,52,58,61,64,73,76,78,83,99,102,107,109,110,111,113,119,121 "42";
43 46 1 10,13,15,34,42,43,45,48,56,60,62,64,65,66,70,80,84,90,93,98,109,113,119,121,124 "43";
44 77 1 1,9,16,17,25,34,36,38,43,44,50,54,56,95,99,103,107,108,112,114,123,124 "44";
45 37 0 3,4,6,9,11,13,14,16,17,20,22,24,25,27,28,29,31,33,34,35,40,41,43,44,46,48,49,50,51,54,55,56,58,59,63,70,71,73,74,77,79,82,88,89,92,93,96,101,102,103,105,108,109,112,113,115,125 "45";
46 43 1 0,3,6,7,9,10,11,15,17,18,21,23,25,28,29,32,33,35,37,40,42,44,48,49,50,52,57,59,60,65,67,70,72,73,76,78,81,84,86,89,95,99,102,103,105,108,109,111,112,115,118,121,124 "46";
47 64 0 2,4,5,9,11,12,13,17,19,21,22,24,27,28,29,32,33,35,39,42,43,45,47,51,53,55,56,58,60,62,64,65,70,71,74,75,76,78,80,81,82,87,88,90,91,93,94,96,98,99,107,109,111,115,116,118,120,121,122,124,125 "47";
48 66 1 0,3,5,6,9,12,16,17,26,27,31,32,35,39,44,45,47,49,51,52,54,57,65,66,67,72,78,86,89,92,94,96,100,107,109,115,120,125 "48";
49 9 0 4,50,65,81 "49";
50 118 1 0,2,5,8,12,13,16,17,20,21,23,24,28,31,35,37,38,40,41,44,46,48,50,51,53,54,57,60,62,67,70,72,73,74,77,78,79,80,81,83,85,88,90,93,94,96,99,101,102,105,107,108,110,113,114,116,117,120,122,124,125 "50";
51 88 1 1,2,6,7,8,9,10,12,15,17,20,23,24,26,27,28,29,31,36,37,39,43,48,51,53,54,56,57,60,62,64,65,66,68,69,70,71,72,74,77,79,84,86,88,93,96,98,99,102,103,107,109,112,115,116,121,122,124,125 "51";
52 100 0 0,1,2,4,8,14,15,18,19,20,22,24,26,28,29,31,33,34,41,43,46,48,50,51,57,64,65,67,68,70,73,74,77,81,83,84,86,90,92,93,95,97,100,106,109,111,115,117,121,122,124,125 "52";
53 8 0 0,7,13,15,20,22,24,28,29,33,35,36,39,44,46,48,50,52,63,66,71,74,78,80,81,85,86,88,92,95,97,99,102,105,108,109,110,112,116 "53";
54 98 0 3,6,8,25,32,33,37,46,49,51,52,55,62,63,68,73,81,82,92,101,103,109,113,115,117,122,123 "54";
55 0 1 0,1,2,5,6,8,9,10,13,15,16,18,21,23,25,29,35,37,39,41,42,43,51,53,54,58,62,65,66,69,71,74,77,79,80,82,86,89,91,92,94,95,97,100,101,102,103,105,106,108,111,112,115,117,118,125 "55";
56 72 1 0,1,6,8,10,13,16,17,19,20,23,25,26,31,32,34,42,44,45,47,51,55,57,59,62,63,65,68,71,73,75,77,78,80,82,85,86,90,93,94,95,97,101,103,105,107,108,111,112,117,119,120,124,125 "56";
57 61 0 3,5,7,13,22,28,31,33,38,39,45,49,51,56,58,61,73,78,80,83,88,90,95,96,99,100,104,105,107,114,116,119,122 "57";
58 23 1 2,4,5,11,12,13,24,26,28,34,37,39,41,42,43,45,49,50,55,57,58,61,62,64,67,70,71,73,75,76,78,81,101,106,114,120 "58";
59 85 1 0,2,5,10,12,13,15,16,21,24,27,29,30,32,33,36,39,41,46,48,57,58,61,63,65,66,68,69,72,74,76,81,84,88,90,92,93,96,98,99,105,108,109,112,114,116,117,119,120,123,125 "59";
60 8 0 9,11,21,54,63,67,93,95,104,105,120 "60";
61 14 1 7,8,12,18,37,57,58,60,62,65,71,77,78,80,81,83,84,86,88,90,97,98,104,106,109,113,116,124 "61";
62 29 1 0,2,3,4,6,10,11,12,15,18,21,23,26,27,32,37,39,44,51,53,59,61,64,65,67,68,71,74,75,77,80,81,82,84,87,88,91,92,94,100,104,105,107,110,112,116,118,119,120,122,125 "62";
63 104 0 6,11,13,20,22,28,30,31,33,35,37,41,43,45,49,50,52,53,54,56,57,58,61,62,64,65,69,73,74,77,79,81,83,85,88,91,93,94,96,98,102,103,105,107,109,110,111,114,116,118,121,123,125 "63";
64 31 1 0,4,6,7,9,13,14,19,21,35,41,44,51,55,62,63,65,79,84,85,90,93,102,112,114,119 "64";
65 95 1 0,7,23,35,47,67,78,97,110,119,122 "65";
66 61 1 1,4,9,14,16,17,19,23,25,26,28,32,34,35,39,40,42,46,54,55,56,58,62,64,66,68,72,75,76,77,79,86,89,93,97,101,104,107,109,110,112,114,121,122 "66";
67 21 0 0,1,4,7,9,11,13,15,20,22,24,25,26,28,31,32,34,35,37,38,39,40,44,47,48,50,53,54,56,59,60,61,64,66,67,68,72,74,75,79,80,81,84,86,88,89,92,95,97,98,99,101,102,104,106,109,112,114,117,119,120,122,123 "67";
68 120 1 2,5,6,8,10,12,14,19,24,27,29,31,36,39,40,42,44,48,49,50,54,56,59,62,63,65,67,68,74,77,78,80,83,85,87,88,92,97,100,103,107,111,114,115,116,117,120,121,125 "68";
69 2 1 1,2,6,11,16,18,20,21,23,35,38,50,52,53,62,64,68,71,73,81,95,97,102,116,118,119,123 "69";
70 28 0 0,8,17,19,22,23,26,27,29,33,37,41,42,49,53,54,56,61,65,69,77,79,80,81,84,87,90,95,96,100,102,104,106,109,110,112,115,116,117,120,125 "70";
71 42 0 7,16,37,42,62,69,76,87,94,96,99,105,110,115,117,121 "71";
72 93 0 0,3,4,7,12,14,15,17,18,21,23,24,26,27,28,30,32,36,42,44,46,47,48,52,54,56,58,59,61,64,68,69,71,74,76,77,81,83,88,93,95,98,100,101,103,105,108,109,112,113,117,120,121,123,125 "72";
73 71 0 6,12,31,45,61,65,68,89 "73";
74 82 1 3,11,24,28,30,47,48,57,64,69,71,75,88,94,95,99,121,125 "74";
75 20 0 3,6,10,16,29,32,38,42,44,56,61,62,65,71,77,81,84,87,89,91,93,97,103,106,108,118,120 "75";
76 40 0 5,11,14,15,24,28,31,34,36,37,39,47,52,57,60,64,72,75,90,95,101,102,104,107,109,112,115,117,121,125 "76";
77 34 0 0,3,4,5,7,10,13,14,15,16,17,19,20,22,23,27,30,33,35,36,37,41,42,44,45,46,48,50,53,55,56,57,58,60,62,65,68,69,72,74,75,78,79,80,83,85,89,91,92,93,94,97,99,102,104,106,111,114,115,119,121,123 "77";
78 31 1 4,7,10,12,13,15,25,35,45,50,55,68,81,89,104,105,110,113,115,117,118,125 "78";
79 69 1 2,6,7,9,12,14,22,25,29,31,39,40,42,43,44,46,47,53,56,61,67,71,73,80,84,87,91,94,97,102,104,107,114,116,121,122,125 "79";
80 84 0 4,8,16,23,28,35,41,46,51,55,57,58,60,61,72,73,76,79,82,90,91,94,97,101,102,105,108,111,113,117,118,125 "80";
81 63 0 2,4,5,7,11,15,24,25,26,28,29,31,34,36,37,39,42,43,44,49,52,57,59,60,65,66,71,74,76,77,79,80,82,85,89,91,96,100,104,113,114,117,120,121,122,125 "81";
82 94 0 4,5,7,12,14,17,22,23,28,30,34,37,42,43,45,47,54,56,59,61,65,67,68,75,76,77,80,83,86,87,90,94,100,105,108,110,118,119,122,123,125 "82";
83 43 1 0,4,6,14,15,22,27,32,42,43,46,54,58,69,76,79,81,83,86,87,91,97,99,103,112,118,121,123 "83";
84 85 0 0,3,8,14,20,27,32,38,50,60,61,74,79,88,98,118 "84";
85 88 0 3,5,6,13,18,22,24,26,29,31,32,34,43,47,51,57,64,69,71,73,80,82,85,87,89,94,106,108,110,111,112,114,118,119,121,124 "85";
86 115 0 2,8,11,14,16,18,19,20,24,27,29,32,34,35,37,38,42,44,46,49,52,53,55,57,59,61,63,64,66,69,72,74,76,80,84,86,90,91,92,95,97,103,105,107,110,112,113,116,117,119,120,121,123,124 "86";
87 12 1 3,17,20,22,24,30,32,34,52,60,64,69,77,87,95,101,103,109,121,124 "87";
88 47 1 4,6,14,20,23,24,28,30,36,43,44,46,54,59,64,66,73,76,79,85,89,91,98,102,111,114,124 "88";
89 87 0 5,15,23,25,27,30,32,34,37,40,55,58,60,68,69,79,96,97,103,105,107,116,120,121,123 "89";
90 14 0 0,2,4,5,7,8,12,14,15,16,19,21,27,30,33,34,38,39,42,43,47,51,54,58,60,62,69,73,75,77,83,99,105,107,110,112,113,116,118,119,124 "90";
91 44 1 0,2,4,5,6,11,14,15,17,18,22,24,27,31,34,36,40,41,42,44,45,47,53,55,56,60,61,63,65,66,68,71,73,75,80,81,84,86,88,90,96,97,108,111,119,121,122,124,125 "91";
92 124 0 5,10,25,37,44,55,65,70,71,75,100 "92";
93 107 1 17,26,48,82 "93";
94 82 0 0,3,5,11,13,15,20,21,23,27,30,37,39,40,43,46,48,49,53,54,56,58,62,63,64,66,70,72,73,75,78,80,82,85,86,87,90,92,94,95,98,104,107,109,110,113,115,116,119,120,122,124 "94";
95 17 1 0,6,9,12,15,16,18,20,25,29,31,33,35,38,43,44,46,52,54,55,56,58,63,67,70,71,72,74,77,80,81,83,90,91,93,95,97,100,101,106,108,110,112,114,116,120,121,124,125 "95";
96 19 1 2,3,6,9,10,13,14,16,17,20,21,22,26,28,29,30,33,35,37,40,41,43,45,50,53,55,62,63,71,74,78,79,80,82,83,84,87,89,92,93,94,95,98,99,101,103,105,106,109,111,113,114,118,121,123,124,125 "96";
97 53 1 1,7,8,16,21,22,27,29,30,36,38,40,43,46,53,59,62,65,69,80,88,97,102,103,106,108,109,112,116,119,125 "97";
98 125 0 1,5,7,8,10,12,15,17,21,26,27,29,30,34,35,36,38,42,49,50,53,56,59,60,62,64,69,71,73,78,81,84,85,92,93,95,97,100,102,106,110,112,113,114,115,116,118,119,121,123,125 "98";
99 83 0 2,3,5,7,9,14,17,19,22,25,27,31,32,37,39,42,44,46,49,52,54,56,59,63,64,66,71,77,78,81,91,93,99,101,105,109,112,116,119,122,125 "99";
100 121 1 0,2,3,14,16,19,25,28,29,30,33,37,44,51,59,73,76,79,81,86,87,91,93,97,102,105,106,111,114,116,120,121,123 "100";
101 45 1 4,12,23,28,31,33,42,60,65,66,75,79,83,95,107,110 "101";
102 78 0 0,2,4,5,11,17,18,19,22,25,29,31,32,34,38,41,42,45,46,49,50,54,55,59,61,64,69,70,72,76,78,82,85,92,94,96,100,101,103,107,113,119,120,122,124,125 "102";
103 16 0 1,3,5,7,9,12,13,15,17,22,24,26,28,31,35,36,41,42,44,52,54,56,58,61,62,64,66,67,68,70,72,77,78,81,85,89,91,93,97,106,109,110,115,116,119,123,125 "103";
104 1 1 1,3,5,7,8,9,11,12,15,19,20,21,24,26,27,30,32,35,36,37,39,43,51,52,54,56,57,61,63,68,70,73,75,77,83,85,88,91,93,95,102,104,109,111,116,117,119,121,123 "104";
105 21 1 0,2,11,13,16,17,20,22,23,29,31,36,37,39,45,49,51,52,55,59,60,63,65,67,74,75,77,79,81,83,85,88,91,92,96,97,99,100,102,103,106,108,111,112,113,115,116,118,120,122,124 "105";
106 40 1 0,4,5,7,9,14,17,19,21,23,24,25,28,30,32,33,36,38,39,41,44,45,47,49,51,52,55,56,58,60,61,63,65,68,73,74,75,77,79,81,82,83,86,89,92,94,95,98,100,102,103,105,107,109,110,112,113,117,118,119,121,123,125 "106";
107 73 0 19,21,52,59,119 "107";
108 98 0 0,2,3,5,7,9,10,18,22,24,25,28,29,31,33,34,35,37,40,43,44,46,48,50,53,59,61,63,64,65,66,68,69,71,72,73,74,76,79,80,83,86,87,89,92,93,96,98,99,102,107,110,111,113,114,115,117,121,122,124 "108";
109 126 0 18,21,28,45,52,56,61,71,85,93,95,114 "109";
110 124 0 4,25,28,29,43,48,65,68,72,79,81,83,85,89,104,107,114,116,117,125 "110";
111 46 1 1,4,6,10,12,15,17,23,24,25,26,28,29,34,36,39,44,46,48,51,55,57,60,66,68,71,72,73,75,79,80,82,85,86,91,93,95,97,101,104,110,115,118,120,125 "111";
112 49 0 0,3,5,7,10,14,18,19,23,26,28,31,32,34,37,38,41,45,46,50,51,52,53,55,59,60,67,70,72,73,75,77,80,84,86,88,89,92,96,99,109,111,120,122,123 "112";
113 108 0 1,8,14,16,20,25,34,37,40,43,48,58,69,76,79,88,95,102,103,105,106,111,113,117,118 "113";
114 110 1 3,29,38,63,67,77,90,93 "114";
115 47 1 0,6,8,14,16,18,24,31,36,39,42,43,45,49,54,58,63,66,72,74,80,84,88,91,92,96,97,99,102,106,108,115,117,119,121,124 "115";
116 85 1 1,2,4,14,17,21,23,24,25,31,33,37,42,52,61,65,70,72,74,75,78,83,87,88,96,97,99,103,107,108,111,118,121,125 "116";
117 103 0 0,1,4,8,18,20,23,33,36,39,41,43,45,50,53,64,66,71,72,74,75,78,83,84,88,89,91,93,95,98,99,106,119,122 "117";
118 75 1 0,16,19,21,22,26,31,34,36,48,54,57,59,63,66,75,85,94,95,97,101,107,116,117,122 "118";
119 121 0 5,9,14,17,22,26,27,33,38,46,47,48,53,55,61,65,66,68,70,72,75,77,79,80,85,90,92,93,96,98,102,105,110,114,117,121,123,124 "119";
120 91 1 0,1,3,4,6,8,9,10,12,13,14,19,21,24,25,26,27,28,30,31,34,35,38,41,44,45,48,49,51,55,58,61,63,65,67,70,71,74,76,77,79,80,81,83,85,88,90,92,94,96,97,99,101,103,107,109,112,114,116,118,119,124 "120";
121 34 0 0,3,6,8,11,15,19,25,27,31,32,35,38,40,42,43,45,47,49,51,53,57,60,64,65,69,74,77,78,80,82,83,86,88,89,92,94,102,104,109,111,113,116,118,119,121,122,124 "121";
122 89 1 7,11,16,23,27,29,32,36,39,47,49,50,59,66,68,71,75,79,80,86,90,92,98,106,109,110,123 "122";
123 38 1 12,20,26,28,30,32,34,40,44,98,104 "123";
124 95 0 0,2,12,18,22,25,27,29,35,37,40,43,47,59,63,66,70,80,91,95,97,115,116,118,120,122 "124";
125 104 1 72,83,90,102,116,120 "125";
