parity 113;
0 43 1 0,2,4,6,8,9,12,13,14,18,20,22,26,27,30,31,33,35,36,39,40,42,44,46,50,52,54,57,60,61,63,65,68,70,72,73,75,77,79,80,82,85,86,87,89,91,93,94,95,96,98,99,100,105,107,108,113 "0";
1 72 1 6,16,17,19,21,23,42,48,51,55,62,67,68,71,77,79,89,92,97,101,102,105,106 "1";
2 6 1 3,4,8,13,17,23,26,31,38,40,51,60,61,66,68,70,72,76,78,79,83,88,89,94,95,99,102,104,107,111,112 "2";
3 88 0 2,4,6,9,16,19,21,24,26,34,37,41,43,47,48,53,56,58,60,64,66,69,77,78,83,86,90,91,94,105,109 "3";
4 104 1 1,2,4,9,11,15,16,17,23,24,27,28,33,35,37,40,42,43,44,45,46,50,51,52,56,58,60,61,62,68,70,72,76,79,80,83,87,89,90,95,97,100,101,105,107,109,110,112 "4";
5 110 0 29,36,49 "5";
6 102 0 1,5,11,12,15,24,27,32,34,36,37,40,41,43,45,50,52,53,54,57,59,63,66,69,70,71,74,75,76,78,80,83,87,94,96,97,101,103,106,111,113 "6";
7 64 0 1,4,6,8,10,13,23,29,32,38,45,47,48,54,56,68,75,82,85,89,92,98,101,104,108,110,113 "7";
8 56 0 3,6,12,13,15,21,23,25,37,39,41,42,49,56,61,63,70,72,74,75,76,77,78,80,84,95,98,100,102,104,109,110 "8";
9 69 1 2,11,17,23,30,32,34,51,53,56,59,100,102,107 "9";
10 104 1 1,10,22,29,34,36,43,53,78,88,90,93,96,112 "10";
11 67 0 0,1,3,4,6,12,14,15,18,21,23,24,25,27,30,36,39,40,43,44,46,53,57,59,60,62,67,69,70,72,75,77,78,80,82,83,88,93,97,98,99,106,109,111,113 "11";
12 92 0 0,1,2,3,5,8,9,12,14,17,18,19,22,23,25,26,27,31,32,34,35,37,38,41,43,48,52,54,55,57,59,62,63,65,66,70,72,75,77,79,80,82,87,89,92,93,95,96,98,100,105,106,107,109,111,112 "12";
13 113 1 0,10,16,31,35,54,69,74,76,103,106,111 "13";
14 14 1 0,1,3,6,10,11,13,16,17,21,25,29,31,33,40,41,44,46,47,51,55,56,57,58,63,64,68,69,71,73,81,82,87,92,95,98,103,106,110 "14";
15 69 1 30,45,57,65,68,84,101 "15";
16 62 1 0,2,4,16,20,23,29,30,32,38,39,42,44,46,49,51,54,55,56,63,68,71,73,74,76,79,82,84,87,95,101,113 "16";
17 15 1 22,44,51,75,100,103 "17";
18 44 1 0,2,6,8,10,13,16,20,22,25,34,38,40,41,45,47,49,51,53,54,57,58,66,67,72,73,74,76,78,81,82,86,90,93,94,97,104,105,106,108,110,112 "18";
19 80 0 5,12,14,32,49,81 "19";
20 75 1 3,7,10,12,14,16,24,31,33,34,37,40,45,46,50,52,54,58,61,63,64,73,77,80,89,90,93,95,97,98,105,106,109,111 "20";
21 113 0 0,1,4,7,8,9,11,14,16,17,19,20,25,26,29,32,33,34,37,40,43,54,56,63,64,67,68,71,73,75,76,88,89,91,97,99,106,110,112,113 "21";
22 40 0 4,6,8,10,11,12,14,15,16,18,21,22,27,31,33,36,37,39,42,43,45,46,48,50,52,54,56,61,62,63,65,66,69,71,72,74,76,77,78,80,81,84,88,90,93,95,97,98,100,103,106,107,109,110,113 "22";
23 72 1 3,36,37,41,46,56,63,68,79,90,93 "23";
24 109 1 7,9,14,18,19,20,27,35,38,45,46,60,66,68,73,83,86,88,93,98,104,108,111 "24";
25 103 0 0,2,12,15,24,38,46,50,57,64,85,89,91,96,99,106,113 "25";
26 72 1 0,6,12,14,17,31,40,52,54,64,78,83,85 "26";
27 32 0 0,1,2,4,5,6,8,9,12,15,19,21,26,28,31,33,34,38,39,40,43,44,46,48,50,53,54,58,60,62,63,66,69,72,73,78,81,83,84,85,87,89,90,95,98,100,101,103,105,108,109,112 "27";
28 63 1 0,2,5,13,17,21,25,26,30,33,44,50,58,60,61,65,70,81,95,98,101,103,105,108,111,112 "28";
29 21 1 2,8,15,19,21,29,31,33,34,36,41,47,55,61,62,66,75,79,90,96,99,101,102,106 "29";
30 101 1 0,16,59,63,81,87,94,106,110,112 "30";
31 76 1 0,3,5,8,10,12,14,16,18,19,21,22,26,29,31,32,36,38,40,41,43,45,52,54,56,58,62,64,68,71,72,74,77,79,81,83,86,89,91,92,95,97,98,100,103,106,107,110,112 "31";
32 37 0 9,11,12,23,42,52,58,62,64,70,74,78,81,91,94,104,106,109 "32";
33 46 1 5,9,12,15,20,22,26,29,52,57,60,61,63,65,68,76,86,88,91,94,98,104,109 "33";
34 55 0 4,27,52,60,66,88,93,98,109 "34";
35 61 0 0,5,16,20,28,38,40,42,44,46,54,58,62,64,70,72,77,81,86,88,91,94,98,100,101,104,110,112 "35";
36 88 0 25,92,94 "36";
37 54 1 0,1,3,8,10,13,16,18,21,23,33,38,47,50,54,55,57,59,61,65,68,71,72,83,84,85,88,92,94,96,103,104,108 "37";
38 112 1 32,54,65,66,102 "38";
39 77 0 18,55,84,96,105,110 "39";
40 51 0 4,5,19,26,28,32,40,42,49,50,55,57,64,76,79,89,93,98,106,109,112,113 "40";
41 74 1 4,5,15,22,24,34,48,52,62,64,69,75,77,84,91,100,102,107 "41";
42 97 1 1,3,7,11,14,18,30,33,38,40,41,47,57,59,62,65,66,71,74,78,79,80,81,87,93,100,102,108,111,112 "42";
43 27 1 0,2,8,11,12,21,24,29,36,38,39,40,43,46,48,51,55,58,60,61,65,70,71,76,77,79,83,86,88,91,93,94,97,100,105,106,108,111,113 "43";
44 78 1 4,10,12,39,43,44,50,60,71,79,81,92,104,112 "44";
45 46 0 4,59,66,67 "45";
46 36 1 7,22,34,35,40,102,107 "46";
47 5 0 0,3,9,10,11,14,15,18,21,25,26,30,35,37,38,40,42,45,46,47,48,52,53,55,56,60,67,69,71,72,76,77,83,86,89,91,93,95,101,102,104,106,107,108,110,112 "47";
48 80 0 0,1,7,9,11,12,16,19,21,23,24,25,28,30,32,36,39,42,47,50,53,58,60,64,66,70,72,75,76,77,80,81,83,88,92,93,97,105,106,109,111,113 "48";
49 29 0 0,1,5,6,12,15,17,18,19,22,24,26,28,30,31,34,37,40,42,44,48,53,58,59,61,66,68,71,72,74,78,79,80,87,91,93,96,98,99,104,106,112 "49";
50 62 1 1,4,6,8,10,11,14,18,22,25,30,33,35,36,40,43,45,49,51,56,58,59,62,63,68,74,76,77,80,81,85,87,89,92,94,96,100,104,106,108,110,112,113 "50";
51 13 0 17,26,30,32,41,45,58,73,90,102,105 "51";
52 72 1 0,2,4,6,11,15,22,24,27,28,38,44,46,48,50,51,54,56,57,63,65,68,77,80,85,86,95,107,110,112 "52";
53 109 1 5,6,11,15,20,29,32,36,39,46,47,71,73,83,84,90,92,93,97 "53";
54 100 1 15,20,21,40,47,63,74,77,79,91,97,99,101,107,109 "54";
55 27 1 1,3,4,5,8,11,13,14,15,17,19,22,25,27,28,31,32,33,35,38,40,41,43,44,46,47,48,50,51,53,59,61,65,66,67,69,71,72,75,76,78,79,80,87,89,91,93,94,95,98,100,103,105,109,110 "55";
56 74 1 3,8,16,25,27,30,32,35,38,40,46,51,53,57,58,60,64,66,78,80,82,83,87,96,106,110 "56";
57 72 0 12,50,104 "57";
58 80 1 2,5,6,9,13,18,21,26,27,29,32,36,37,43,49,52,55,57,59,64,65,69,71,75,76,78,80,82,84,90,91,93,97,99,102 "58";
59 64 0 1,4,8,14,15,17,18,20,22,27,28,30,36,38,40,44,46,49,50,52,53,55,58,60,63,76,82,84,86,88,93,97,102,103,110,111 "59";
60 49 0 3,4,8,11,13,17,20,22,32,34,38,42,43,48,49,54,56,58,61,62,64,66,67,68,76,77,81,83,85,87,88,92,93,96,97,99,106,110,112,113 "60";
61 28 0 1,2,5,10,15,16,21,23,25,29,46,52,55,64,69,73,74,76,79,86,92,96,100,102,106,108,112 "61";
62 95 0 4,6,8,12,16,23,26,29,33,36,40,48,49,53,71,73,78,81,85,93,104 "62";
63 45 0 13,16,18,29,31,37,39,48,53,54,57,59,63,64,67,69,70,75,81,83,84,89,103,108,109,113 "63";
64 86 0 0,14,18,20,22,52,54,75,97,101,107 "64";
65 94 0 0,1,5,7,8,9,17,18,25,27,29,30,32,33,37,38,42,43,45,46,48,49,51,54,55,56,59,61,63,65,67,71,74,76,78,82,84,86,87,90,91,93,94,96,99,101,102,103,111 "65";
66 102 0 1,4,7,9,11,14,16,18,20,27,30,32,39,41,43,45,46,48,52,58,64,66,69,74,79,80,83,92,98,100,101,104,106,108,110,112 "66";
67 83 1 0,5,10,17,19,21,26,37,41,42,46,48,54,59,61,62,66,70,73,75,77,80,82,84,87,91,94,98,100,101 "67";
68 59 0 1,6,18,50,66,77,83,87,89,93,96,100,105,112 "68";
69 83 0 0,3,6,7,9,10,12,13,15,18,19,21,23,24,28,30,32,37,40,44,46,47,52,54,57,60,64,66,68,71,74,76,79,80,81,85,87,88,89,93,95,98,100,102,105,106,108,109,110,112 "69";
70 87 1 1,2,26,33,53,63,75,77,103 "70";
71 41 0 7,13 "71";
72 11 1 0,2,5,7,8,11,14,15,16,18,20,25,26,29,31,32,34,36,37,41,44,45,50,51,53,54,57,58,60,62,64,65,68,69,70,72,74,77,81,83,89,91,92,95,98,101,103,105,108,110,112,113 "72";
73 60 1 0,7,26,33,45,47,48,49,51,85,96,98,100,102,105 "73";
74 62 1 9,14,42,48,52,54,56,63,75,82,88 "74";
75 90 1 1,5,7,14,24,27,33,37,40,42,44,48,51,56,58,63,65,73,76,80,90,94,97,98,100,103,107,109 "75";
76 81 1 3,6,8,10,12,16,17,18,23,24,27,30,32,33,40,41,43,44,56,57,60,62,64,65,67,69,72,74,75,78,81,83,84,87,92,93,97,100,103,104 "76";
77 85 0 0,4,7,10,12,13,15,16,17,18,19,21,23,27,28,29,32,33,34,39,42,44,45,46,49,50,51,53,55,56,62,63,65,66,70,71,73,75,76,78,82,88,90,91,93,97,99,102,103,105,108,111,112 "77";
78 108 0 3,7,10,14,15,19,25,28,31,43,44,45,50,52,60,62,67,70,74,80,84,86,87,90,93,95,99,102,106,109,112 "78";
79 83 1 0,1,3,6,9,11,12,18,22,24,30,32,34,47,49,50,51,53,55,56,58,60,64,67,70,72,77,79,83,91,94,96,98,99,100,105,107,111,112 "79";
80 81 0 20,27,47,80,85,92 "80";
81 95 0 2,13,14,22,25,26,36,41,43,48,49,52,60,66,82,88,89,91,93,102,110,112 "81";
82 79 1 9,36,93,99 "82";
83 29 1 16,23,26,30,31,34,42,43,51,52,57,64,86,89,99,100,105,113 "83";
84 20 0 1,3,5,7,9,11,15,17,20,26,28,30,34,36,39,43,46,47,53,57,64,66,70,72,75,77,79,81,82,84,87,89,91,95,97,99,101,102,104,105,108,109,111,112 "84";
85 73 1 6,11,20,25,27,35,41,47,66,84,91,93,107 "85";
86 89 1 25,31,75 "86";
87 28 1 0,6,8,13,15,18,23,27,30,31,35,37,48,51,52,53,55,57,59,63,65,67,71,72,75,81,84,85,92,97,109,111 "87";
88 0 1 3,6,7,13,22,27,31,45,59,63,69,77,87,97 "88";
89 56 1 0,2,4,7,9,12,14,15,18,19,20,22,23,25,30,31,34,38,39,41,43,47,50,52,55,56,57,60,62,63,66,67,68,71,74,76,77,78,80,82,83,84,93,94,98,100,102,103,112 "89";
90 18 1 1,2,3,7,10,12,16,21,23,25,26,27,28,30,39,41,44,45,49,52,56,60,64,67,69,71,74,79,84,94,97,99,101,103,106,111,113 "90";
91 13 1 1,6,8,10,14,19,34,38,43,44,48,51,61,63,67,69,70,76,77,82,83,87,90,93,94,104,105,108,110 "91";
92 13 0 2,4,6,7,9,13,14,16,18,23,33,36,37,40,42,50,54,55,57,61,66,69,72,86,87,89,92,95,96,97,101,103,105,109 "92";
93 46 0 7,10,27,36,51,84 "93";
94 107 0 7,16,17,21,39,53,71,73,75,87,102,107 "94";
95 56 1 0,1,6,7,9,10,14,15,17,18,19,20,21,24,25,29,36,39,40,43,44,46,50,52,55,56,58,61,62,64,68,75,78,80,82,83,84,87,91,92,96,97,105,106,111,113 "95";
96 107 0 0,1,7,11,13,14,18,20,21,23,24,27,29,32,33,34,36,38,40,41,43,45,47,48,50,51,53,54,58,61,66,69,71,73,75,76,78,81,82,84,85,86,93,97,99,101,103,105,106,107,110,112,113 "96";
97 20 1 1,3,4,15,17,20,22,24,25,26,29,33,34,38,40,47,54,56,58,65,68,69,73,76,77,81,83,86,92,95,96,98,102,104,111,112 "97";
98 84 1 0,3,4,6,7,9,12,15,16,21,23,27,37,38,41,44,50,54,59,60,62,64,67,69,76,80,83,84,85,92,97,100,101,106,109,110,112,113 "98";
99 83 0 1,3,8,9,11,14,17,19,20,22,23,28,30,31,35,36,44,47,49,51,53,57,58,59,65,68,74,76,77,80,81,83,88,90,93,97,100,101,103,104,107,109,111,113 "99";
100 74 0 19,35,40,49,57,59,68,71,84,88,97,100,102,108 "100";
101 22 0 1,8,9,11,15,16,20,22,25,32,34,35,37,39,40,41,43,44,46,47,50,53,56,57,58,63,64,66,69,70,72,73,76,79,81,84,86,88,91,94,101,102,104,105,113 "101";
102 87 1 10,13,27,29,39,54,67,75,85,113 "102";
103 18 1 10,11,13,18,20,39,41,59,62,79,80,89,90,102,105,110,112 "103";
104 10 0 3,5,7,9,15,17,19,20,22,23,24,28,30,34,35,36,37,39,40,42,43,45,46,49,51,53,54,57,58,60,62,64,65,70,74,77,79,82,85,86,89,92,95,99,102,103,104,106,108,109,111,112,113 "104";
105 25 1 1,4,6,8,11,12,15,16,20,24,27,30,32,36,37,42,44,45,47,50,51,53,58,59,61,63,65,68,69,71,75,77,81,85,91,98,100,102,104,107,109,111,113 "105";
106 98 0 2,5,7,9,12,13,14,23,27,28,29,31,34,37,39,41,42,45,47,48,50,51,52,54,55,58,62,63,68,69,72,73,75,78,85,88,90,92,95,97,102,103,105,106,108,109,110,111 "106";
107 68 1 2,4,5,11,18,29,36,43,45,52,53,55,63,65,72,82,91,95,98,101,102,105,108,113 "107";
108 48 0 6,10,14,26,33,35,36,41,47,48,52,55,57,64,70,82,84,87,90,95,97,99,104,106,109,112,113 "108";
109 72 1 3,5,7,9,11,14,17,20,22,23,25,26,28,30,32,36,38,41,45,48,51,52,55,56,59,60,64,65,67,70,71,74,76,77,79,81,82,83,85,86,88,91,93,94,95,99,102,103,109 "109";
110 6 0 18,24,38,47,53,57,62,72,84,93,100,106 "110";
111 93 1 4,8,11,15,18,20,24,25,26,28,34,38,39,41,44,50,51,61,69,71,73,75,79,81,83,85,89,91,94,95,97,101,103,107,110,111 "111";
112 58 1 0,2,4,5,7,10,11,12,14,17,19,21,23,25,27,30,31,32,35,36,43,45,47,50,52,53,55,57,58,60,62,64,65,71,73,74,77,83,88,89,91,93,95,96,99,103,106,113 "112";
113 89 1 0,3,6,9,10,13,14,16,21,24,26,27,31,32,35,36,41,42,44,46,48,49,52,54,60,61,63,65,67,71,73,75,77,78,81,82,84,86,89,90,93,95,98,99,101,102,103,106,107,109,113 "113";
