parity 140;
0 46 1 0,1,4,7,11,13,20,22,23,25,33,35,39,40,46,51,53,60,63,67,71,74,82,83,85,87,90,94,98,103,105,107,108,109,112,113,115,119,124,125,129,134,135,137 "0";
1 121 0 0,1,9,18,23,24,37,40,54,59,61,64,73,74,76,80,83,92,93,95,99,105,113,121,125 "1";
2 107 0 0,12,15,17,28,37,39,43,46,50,52,54,55,72,78,80,82,88,90,92,97,101,104,105,107,108,110,111,114,116,118,121,127,134 "2";
3 137 0 2,7,9,10,12,13,19,21,23,25,27,28,31,33,36,37,40,44,46,49,50,52,54,56,59,61,65,68,69,71,72,75,80,81,83,89,90,93,94,95,98,102,103,105,106,110,111,117,120,123,125,128,131,133,134,136,138,140 "3";
4 78 1 0,2,4,12,14,19,21,24,26,28,30,31,38,39,41,46,61,63,68,70,71,73,76,81,83,85,88,94,102,105,107,113,115,124,130,137 "4";
5 123 1 0,22,30,34,66,78,110,111,130 "5";
6 60 0 1,3,5,7,9,10,12,13,14,16,18,19,21,22,23,25,26,28,30,31,35,37,40,43,46,51,53,54,59,60,64,66,68,70,72,73,75,78,80,82,83,86,88,90,92,93,95,97,99,101,102,103,104,106,110,111,113,114,116,121,122,123,124,126,127,128,132,133,135,138,140 "6";
7 85 0 0,6,8,9,14,16,19,21,23,26,27,28,29,30,33,35,36,42,45,46,48,50,52,54,55,57,60,64,65,67,68,69,70,74,76,77,80,83,84,86,89,91,93,99,102,105,107,108,111,112,115,116,118,120,121,123,125,126,128,129,130,131,135,139,140 "7";
8 96 1 1,2,4,6,9,11,15,16,18,21,23,25,26,34,36,37,39,41,42,44,47,51,52,53,55,57,60,61,64,66,69,71,72,80,82,87,88,90,91,92,93,96,97,103,104,106,109,110,112,114,115,118,119,121,123,125,128,131,132,134,136,137,140 "8";
9 34 0 1,6,8,11,15,17,18,19,21,22,24,30,32,34,35,40,43,44,46,53,55,57,59,60,62,64,65,67,70,72,74,75,79,87,90,93,97,103,107,110,114,117,119,122,124,126,128,130,135,138 "9";
10 135 1 0,2,4,6,7,9,10,13,15,16,17,20,21,25,27,31,33,35,37,39,41,49,52,55,56,58,59,60,62,69,71,72,75,76,79,81,82,83,87,89,91,92,96,98,99,106,108,111,113,115,117,119,123,127,128,132,134,135,138,139,140 "10";
11 103 0 48,58,61,78,106,118 "11";
12 40 1 2,4,8,13,15,20,24,25,30,36,39,40,41,43,49,57,59,60,63,67,70,73,74,82,85,87,96,101,102,111,120,123,130,132,134,135,140 "12";
13 111 0 4,8,9,10,16,22,26,34,41,44,48,52,63,72,82,85,87,90,96,100,101,102,121,126 "13";
14 98 1 9,20,47,63,72,86,99,101,107,116,122,125,127,129 "14";
15 91 1 8,10,17,21,40,52,63,67,78,80,83,88,100,108,119,125 "15";
16 48 1 0,3,6,10,17,19,22,27,29,35,38,40,41,43,44,45,51,53,54,62,64,66,68,71,72,73,80,84,86,87,88,90,92,93,95,102,107,108,109,111,115,127,129,131,138 "16";
17 128 1 1,2,5,8,13,17,22,29,32,35,37,39,43,47,50,53,57,58,61,63,69,70,72,84,92,101,105,107,109,111,114,122,128,132,136,138 "17";
18 79 0 2,4,6,9,14,21,24,29,31,37,38,42,44,46,47,49,51,56,61,63,67,70,72,74,75,77,80,82,83,85,86,89,90,91,93,94,95,98,99,102,104,109,114,117,118,119,122,124,126,128,131,132,134,136,139 "18";
19 73 1 1,3,5,6,8,10,14,16,22,23,26,30,34,36,37,38,41,43,45,49,50,55,57,60,62,66,71,72,78,80,82,84,90,92,95,97,98,100,106,108,111,119,120,121,124,131,133,134,135 "19";
20 31 0 1,11,41,54,56,61,66,67,72,75,84,86,89,91,97,99,110,117,137 "20";
21 129 1 3,11,13,15,18,22,24,30,32,38,43,45,46,57,59,62,65,67,73,75,76,80,85,88,94,97,98,100,102,106,112,114,117,119,123,127,128,130,132,140 "21";
22 37 1 4,6,8,10,11,19,20,22,27,32,33,36,38,39,42,44,48,53,55,56,58,62,64,66,68,71,73,76,80,83,87,89,91,92,94,97,99,105,106,108,116,117,118,120,123,124,127,128,130,133,139 "22";
23 6 0 0,20,52,61,73,89,92,93,138 "23";
24 109 0 0,11,16,18,24,26,42,51,60,63,65,69,70,75,80,102,105,126,137 "24";
25 44 0 0,94 "25";
26 87 1 0,1,3,7,11,12,13,15,17,20,29,31,33,38,40,42,51,52,55,62,64,69,72,78,82,84,85,86,90,92,94,96,106,108,127,128,130,134,138,139 "26";
27 116 1 0,1,2,4,7,13,18,26,36,39,50,64,80,95,100,113,125,127,134 "27";
28 26 0 4,5,7,9,11,12,14,15,17,18,20,22,23,25,26,30,32,35,36,37,38,41,44,48,51,57,61,64,65,67,69,71,72,74,76,81,84,85,87,89,90,96,100,102,103,105,106,108,109,111,113,116,118,120,123,129,130,132,133,137,139 "28";
29 80 1 15,16,26,29,58,135 "29";
30 70 1 8,12,17,18,20,24,28,30,31,35,40,45,47,48,49,55,56,61,64,65,68,69,70,72,74,77,78,80,84,86,88,90,97,106,110,114,115,117,123,131,134,136,139 "30";
31 120 1 3,6,8,10,13,17,22,23,28,33,35,38,40,41,45,47,50,52,53,54,57,58,60,67,72,76,78,81,83,84,86,89,90,92,93,95,96,101,103,105,108,109,112,113,115,117,119,122,124,126,127,129,132,134,136,139 "31";
32 15 0 6,11,28,29,31,38,41,60,68,91,99,113,120,131,140 "32";
33 70 1 8,16,25,27,40,43,45,47,50,55,64,67,73,90,95,99,104,109,111,119,130,131,136,137,139 "33";
34 25 1 5,16,32,37,38,45,46,60,61,63,86,103,113,121,132,136 "34";
35 45 0 3,5,8,14,22,23,25,27,36,37,40,43,46,54,56,63,68,73,82,87,91,92,94,97,100,103,104,107,109,116,119,123,126,131,134,135,137,140 "35";
36 16 1 2,4,5,6,8,10,12,14,15,17,18,20,21,22,24,31,32,34,36,39,41,42,45,46,48,50,52,56,58,59,60,62,63,64,66,71,73,74,76,79,81,82,83,87,90,91,92,93,94,95,96,98,100,101,104,106,110,112,113,116,118,121,123,125,126,129,131,133,134,136 "36";
37 128 1 1,2,6,35,47,51,59,63,68,70,79,80,86,92,93,100,102,110,115,131 "37";
38 10 1 1,2,3,4,7,8,9,10,12,17,18,19,20,23,26,28,31,34,36,38,40,42,45,47,49,50,52,53,55,57,58,60,63,65,67,69,72,73,76,81,84,87,89,90,93,97,98,100,103,107,108,110,111,112,115,117,118,121,122,124,126,131,132,134,136,140 "38";
39 55 1 0,6,12,17,20,22,24,26,29,30,32,34,35,36,39,41,43,44,52,57,59,65,68,71,73,76,80,87,91,99,102,106,116,118,121,126,127,137,138 "39";
40 0 0 0,1,5,8,12,14,17,19,21,23,27,29,32,35,37,41,45,46,50,53,57,58,64,66,67,68,69,71,73,75,76,78,79,82,85,92,101,104,107,109,111,113,114,117,119,120,129,131,136,139 "40";
41 103 0 1,10,14,21,31,32,44,46,50,51,65,67,90,100,111,113,132 "41";
42 59 0 22,25,27,29,31,40,46,51,55,64,68,82,84,85,91,97,102,105,107,109,137 "42";
43 29 0 1,14,17,19,21,51,61,69,71,77,83,88,91,111,126,139 "43";
44 98 0 0,4,9,10,12,18,19,21,23,24,28,29,37,39,41,45,48,49,52,53,57,59,68,69,71,78,79,82,84,86,88,90,91,92,96,100,102,103,104,105,110,111,113,118,120,122,124,126,129,135,136,137 "44";
45 110 0 1,2,4,10,13,18,21,27,30,32,34,37,38,40,44,46,52,58,63,65,66,69,74,77,79,82,84,93,95,96,97,100,104,108,111,113,117,120,124,127,129,130,132,134,136,139,140 "45";
46 111 0 2,4,7,12,14,19,22,30,33,40,42,49,56,57,62,63,69,71,73,75,76,77,81,83,84,85,89,92,96,106,108,117,124,130,131 "46";
47 26 1 1,4,5,7,10,14,22,27,33,36,38,44,46,51,61,62,66,81,82,84,87,94,96,99,113,128,131,133 "47";
48 81 1 21,37,51,55,67,70,83,97,98,120 "48";
49 21 1 14,19,24,31,33,36,44,51,56,59,73,75,77,93,102,104,112,113,121,126,130,133,139 "49";
50 28 0 0,3,4,6,7,9,10,11,13,14,16,17,19,22,24,25,27,34,36,37,39,40,42,44,45,47,48,49,51,52,54,60,62,63,65,67,71,75,76,79,84,85,86,90,93,94,97,99,100,102,103,104,105,106,109,110,111,115,116,118,122,124,126,127,129,130,131,137,140 "50";
51 15 1 0,1,4,6,8,10,12,15,18,20,21,25,27,29,31,32,34,37,39,41,44,46,51,52,54,56,59,60,62,64,65,68,71,73,74,83,87,89,91,93,98,99,100,102,104,106,107,108,110,111,113,116,120,122,123,126,129,130,132,136,138,140 "51";
52 110 1 33,45,62,63,65,82,95,103,106,107,120 "52";
53 31 0 1,5,7,8,10,14,18,21,24,26,27,30,31,33,41,43,44,47,56,58,60,63,65,66,67,73,75,76,78,82,85,86,88,92,95,99,100,102,107,110,111,113,117,118,119,122,124,126,127,128,130,132,135,138,139 "53";
54 47 1 39,50,62,73,92 "54";
55 57 1 0,5,7,9,11,17,21,22,29,51,52,57,59,62,63,65,67,75,79,83,88,89,96,97,101,115,120,121,125,130,132,135,138,140 "55";
56 110 1 5,21,26,31,38,48,50,65,72,77,104,110,117,122 "56";
57 13 0 38,58,65,70,95,128,133,134 "57";
58 23 1 2,5,6,8,11,14,15,20,22,23,24,27,34,35,38,41,42,45,47,48,49,51,53,54,58,59,61,64,66,67,69,70,72,76,77,79,80,81,85,86,88,92,93,97,98,101,102,103,105,110,118,120,122,126,132,135,137,138,139 "58";
59 123 1 47,89,106,134 "59";
60 10 0 3,7,13,22,24,25,27,29,36,39,41,46,49,54,64,68,73,76,77,78,81,84,89,96,98,102,109,115,116,123,125,130,131,134,139 "60";
61 128 0 1,3,5,7,8,11,12,16,17,20,22,25,27,28,29,30,36,38,39,41,44,45,47,48,49,51,56,57,58,60,62,64,65,73,75,76,79,80,82,86,88,89,91,96,99,100,101,105,107,110,113,115,118,119,120,121,125,128,129,131,132,136 "61";
62 26 1 5,6,9,11,14,15,17,18,21,27,28,33,35,39,41,45,47,54,64,69,77,80,83,88,91,99,101,108,115,118,119,120,129,133,135 "62";
63 136 1 5,6,8,12,14,21,25,27,28,30,33,37,40,43,48,50,54,56,59,63,66,70,72,75,76,78,79,80,82,88,91,92,93,97,98,101,103,105,107,108,110,115,117,119,123,127,129,134,135,139 "63";
64 84 0 0,1,3,4,7,8,10,15,18,20,23,24,28,29,31,32,34,35,38,40,42,45,47,48,51,53,54,56,57,60,62,64,65,67,70,71,73,75,78,79,84,88,89,91,93,96,102,105,107,110,111,113,115,116,119,121,122,124,127,129,132,133,134,137,139 "64";
65 82 1 2,8,13,14,18,23,25,28,32,35,41,45,46,49,62,66,69,70,72,73,75,76,78,79,80,85,96,98,100,101,104,105,111,112,114,116,120,125,128,130,138 "65";
66 18 1 2,6,13,14,18,21,25,26,28,29,32,38,40,41,44,46,48,51,54,66,70,75,80,81,83,84,86,88,91,93,94,98,100,104,105,109,111,112,117,120,122,124,127,130,132,133,137,139 "66";
67 81 1 0,5,10,13,15,16,19,21,22,25,27,32,34,35,36,38,40,45,47,50,52,56,60,62,63,65,66,73,75,76,77,81,83,85,86,90,93,98,101,104,106,107,109,111,114,117,121,123,128,129,130,132,133,134,135,136,138 "67";
68 101 0 0,2,4,5,7,11,12,15,18,19,24,25,27,28,30,33,35,38,40,45,47,48,49,51,53,56,62,63,68,70,71,74,78,82,85,87,88,92,94,97,103,105,106,110,111,113,116,118,121,123,127,128,130,131,133,136,139,140 "68";
69 89 1 3,12,54,93,107,124 "69";
70 61 1 7,13,16,20,23,24,28,35,38,42,46,48,49,53,57,58,62,67,71,75,83,91,98,100,103,104,106,112,115,117,118,119,121,122,126,129,132,133 "70";
71 88 0 16,32,62,64,74,107,108,117,119,125,128,132,134 "71";
72 88 1 5,8,11,16,23,33,41,45,51,53,56,59,64,67,87,88,93,96,101,102,106,107,112,123,125,132 "72";
73 25 0 3,8,10,11,17,19,21,25,26,28,32,34,38,40,43,46,47,49,50,51,52,59,64,66,78,83,84,89,91,92,98,102,105,110,112,117,120,121,124,125,130,139 "73";
74 18 0 0,2,6,9,10,11,27,31,33,37,56,62,64,66,75,79,87,94,96,97,100,101,102,107,110,112,115,116,120,122,130,138 "74";
75 27 0 1,4,8,14,20,21,24,26,28,31,33,36,37,40,43,47,50,54,59,61,75,77,78,81,82,85,87,91,95,101,103,106,107,108,110,112,113,117,118,119,123,125,126,130 "75";
76 3 0 18,29,38,40,53,55,57,66 "76";
77 87 0 35,36,48,60,87,107,124,125 "77";
78 8 1 1,4,6,8,12,15,17,21,23,26,27,29,31,33,35,37,39,41,43,45,46,48,49,51,52,53,54,56,57,59,60,64,65,67,68,69,71,73,74,76,78,79,80,81,83,85,87,90,94,95,96,98,100,102,104,105,109,111,113,118,120,122,123,124,128,129,134,135,139,140 "78";
79 80 1 0,3,4,9,14,20,21,24,25,31,38,39,42,44,52,53,56,57,59,60,62,68,70,75,77,80,82,84,87,90,93,97,99,108,110,113,118,127,133,134,136,137,139 "79";
80 63 0 0,7,11,20,22,28,29,31,34,36,37,40,43,45,47,50,54,59,61,65,67,69,71,85,86,93,98,108,112,118,126,127,134,137,139 "80";
81 16 0 1,2,8,12,14,20,21,30,33,37,39,42,43,48,50,55,57,60,70,71,73,77,78,83,84,85,88,91,94,98,101,102,104,106,108,110,112,117,118,122,130,134 "81";
82 91 1 2,13,18,24,25,31,41,48,54,57,58,64,91,105,122,134,137 "82";
83 41 1 3,4,13,22,28,30,33,36,39,43,46,49,57,65,69,70,74,77,85,91,94,96,99,101,105,107,113,114,115,117,120,123,131,133,134,140 "83";
84 61 1 1,5,11,13,16,17,20,22,28,32,42,50,51,53,54,60,73,79,96,99,108,111,115,117,122,128,131 "84";
85 117 1 2,3,6,7,10,12,14,16,17,19,21,23,24,26,29,34,37,38,39,41,43,45,47,48,51,56,57,60,61,62,64,66,68,71,72,74,76,77,78,80,83,85,87,88,90,91,95,97,99,100,101,106,107,109,110,112,114,115,117,118,120,121,125,126,129,132,134,135,138,139,140 "85";
86 43 0 4,6,7,9,10,11,15,17,20,21,26,30,33,35,37,40,41,42,47,51,53,54,56,58,60,64,65,67,68,75,76,78,81,86,88,96,97,99,100,102,104,107,108,111,113,116,117,123,126,129,131,135,136,137,139,140 "86";
87 49 1 0,3,5,10,11,15,23,27,31,44,45,47,55,57,63,79,88,89,102,105,108,111,114,117,119,121,125,133,135,136 "87";
88 38 0 1,3,6,8,9,10,22,26,29,30,35,38,40,42,44,49,51,54,56,60,63,65,70,72,74,79,82,87,90,91,98,105,107,109,110,112,117,122,124,125,126,131,133,135,136,138 "88";
89 65 0 1,3,5,7,8,9,12,13,14,17,19,20,22,27,31,32,35,36,37,39,40,42,44,49,51,53,55,56,58,60,61,63,73,74,76,77,78,80,84,88,91,95,97,99,100,101,104,107,111,112,115,117,119,121,122,125,127,129,132,137,140 "89";
90 57 0 0,1,4,5,7,9,12,15,16,19,21,22,23,27,29,30,32,33,35,37,41,43,45,46,51,53,55,56,57,59,61,63,64,70,72,74,76,78,79,81,84,86,87,88,90,92,96,97,100,103,104,108,109,113,117,119,120,122,124,125,129,130,133,136,137,139,140 "90";
91 63 1 4,10,13,15,16,18,21,23,25,27,29,34,36,38,45,50,55,57,63,64,69,74,80,82,92,96,99,103,104,107,109,112,114,116,118,124,128,130,132,133,136,139 "91";
92 98 1 5,9,12,15,18,21,23,27,29,33,34,35,38,45,46,48,52,53,55,56,59,62,64,70,72,73,76,80,82,84,89,92,95,99,103,104,107,110,112,115,117,127,130,131,133,136 "92";
93 129 1 1,3,5,8,9,10,14,17,19,22,23,29,30,33,40,42,43,45,47,50,52,53,54,58,59,63,65,71,73,78,81,83,88,89,90,93,94,96,99,100,103,107,109,110,111,115,116,119,120,123,126,128,133,135,137,140 "93";
94 132 0 4,7,10,18,36,40,49,57,60,65,73,75,108,110,111,127,135 "94";
95 31 0 1,3,5,8,12,14,20,24,28,31,39,50,52,56,60,63,69,73,80,87,91,93,96,99,100,104,106,111,116,122,123,126,129,133,135,136 "95";
96 38 0 1,2,5,8,11,14,17,21,25,31,34,36,39,40,48,51,53,58,61,63,65,66,69,71,75,77,78,79,82,84,86,89,92,93,96,97,99,102,103,106,107,109,112,114,116,120,123,124,126,129,131,133,137,139 "96";
97 91 0 0,3,5,8,11,13,18,25,31,33,36,39,42,44,47,48,52,53,55,56,58,62,65,66,75,84,85,86,94,99,101,104,110,113,115,118,121,123,125,126,130,133,136,138,139 "97";
98 131 1 4,17,20,23,25,30,41,42,44,48,51,53,58,61,63,71,72,75,77,82,83,85,87,88,93,96,99,100,101,104,105,106,109,110,116,122,124,125,128,131,135,138,140 "98";
99 32 0 2,6,12,13,25,26,27,28,30,39,44,49,60,62,65,71,74,76,81,82,89,92,93,97,100,101,103,106,109,115,124,132,140 "99";
100 9 0 0,1,2,5,7,9,12,13,14,16,17,19,22,24,27,28,30,35,36,38,39,41,42,46,49,51,52,54,56,58,60,62,65,67,69,73,77,79,81,82,83,88,90,91,94,96,99,102,106,111,113,115,119,120,123,124,126,127,129,135,138,140 "100";
101 66 1 1,3,7,15,18,19,21,25,28,30,32,35,36,41,42,44,45,47,49,50,57,58,59,63,65,68,70,73,76,77,79,80,82,83,84,88,93,95,99,103,105,107,113,115,116,121,123,125,129,131,132,135,138,139,140 "101";
102 9 0 1,4,7,9,12,14,17,23,24,25,27,29,31,35,40,43,48,49,51,53,54,58,60,62,63,65,66,67,89,95,96,97,104,106,107,113,118,120,124,127,131,133,138 "102";
103 132 0 16,25,37,50,67,82,100,113 "103";
104 65 1 1,6,8,13,25,33,35,56,69,86,97,112,124,140 "104";
105 26 1 0,5,8,10,13,14,16,17,20,22,23,27,30,31,33,34,35,37,38,40,41,43,45,48,49,50,53,54,56,59,60,61,63,66,68,70,75,76,78,80,83,84,86,87,93,94,96,98,100,103,105,106,110,112,113,116,117,118,120,123,126,127,130,133,135,137,138,139 "105";
106 0 0 0,2,3,8,10,12,16,19,31,36,38,40,44,46,53,55,56,57,62,63,65,67,69,72,76,83,86,88,94,97,101,104,106,109,111,120,122,123,130,132,134,139,140 "106";
107 101 1 2,11,22,24,35,47,50,51,53,55,59,71,76,102,104,110,119 "107";
108 110 0 1,12,15,16,17,20,23,25,28,32,36,38,42,46,52,53,57,60,67,69,71,74,77,81,83,87,89,91,92,104,107,109,110,112,113,117,122,124,132,133,136,139 "108";
109 51 1 117,118 "109";
110 41 0 11,14,20,30,35,41,47,55,57,60,63,67,71,72,77,81,89,100,103,117 "110";
111 78 1 2,14,19,23,26,30,32,40,43,47,48,66,68,74,78,94,97,109,112,116,120,121,138 "111";
112 40 1 8,10,13,16,19,32,34,45,47,52,63,71,73,78,88,90,99,107,111,118,121,129,133,135,140 "112";
113 131 0 0,2,5,7,10,12,16,25,30,33,35,38,41,48,51,55,57,59,63,65,70,74,77,82,88,90,92,93,95,99,101,106,108,110,113,114,115,117,119,120,123,130,137,139,140 "113";
114 136 1 1,6,7,8,13,15,17,21,24,25,27,29,32,35,40,42,43,45,47,49,50,52,53,55,59,63,67,70,72,75,77,79,80,82,84,88,89,90,92,93,95,99,101,102,104,105,107,108,112,114,116,118,120,124,126,127,129,134,137,138,139 "114";
115 109 0 2,32,78,95,121,140 "115";
116 140 0 15,18,35,61,63,83,92,95,114,124 "116";
117 16 1 9,19,21,23,30,40,44,48,51,53,59,63,64,66,70,74,78,83,88,96,100,110,112,121,127,134,138 "117";
118 104 1 0,4,9,10,13,15,18,20,27,31,42,43,48,53,54,58,65,71,76,80,84,86,97,98,100,105,112,123,125,128,130,137 "118";
119 79 1 5,15,72,102,108,111,137 "119";
120 128 0 0,2,4,7,8,10,12,14,21,25,31,36,37,40,43,44,50,51,52,57,58,60,62,64,70,71,72,75,76,78,85,87,89,95,103,105,108,114,115,116,118,120,122,125,129,131,133,136,140 "120";
121 70 1 0,1,4,6,8,14,18,24,26,29,32,35,41,44,45,47,50,53,55,58,60,67,69,74,77,79,86,88,91,93,96,107,117,121,125,128,130,133,137,139 "121";
122 97 1 3,7,25,30,32,36,37,50,74,76,79,82,88,90,93,96,98,101,107,108,110,124 "122";
123 21 0 14,16,22,23,25,40,43,46,48,61,66,68,76,78,82,87,91,107,112,115,116,127 "123";
124 112 0 0,10,14,23,37,136 "124";
125 141 0 3,20,30,39,44,68,77,81,90,114,120 "125";
126 29 1 1,3,4,6,10,11,13,15,17,20,21,26,27,28,30,32,34,38,41,45,47,48,51,54,56,57,60,64,67,71,74,77,83,86,88,92,93,95,97,101,103,110,112,115,116,120,125,129,135,137 "126";
127 118 1 15,40,99,108 "127";
128 98 1 1,4,5,6,9,10,13,14,18,19,20,22,25,28,32,34,36,44,46,48,50,55,57,62,67,68,70,74,76,77,80,81,83,87,91,93,94,97,98,99,102,103,105,109,113,118,121,124,126,128,131,133,136,138,139,140 "128";
129 83 0 0,2,5,6,15,23,35,40,46,52,60,64,71,74,75,76,80,84,88,91,99,101,102,105,107,110,116,117,120,122,124,130,133,134,137 "129";
130 10 1 6,15,19,71,75,76,85,93,106,114,118,119,137 "130";
131 25 0 0,2,3,5,15,17,19,20,21,24,27,31,34,38,42,47,50,52,54,55,64,65,67,68,69,71,74,78,80,81,83,90,101,103,106,108,110,112,115,118,119,121,122,125,129,136,138,139 "131";
132 132 1 4,9,14,22,23,32,33,44,47,54,57,61,63,66,76,85,86,91,96,98,100,104,108,110,125,129,131,135 "132";
133 28 0 2,3,4,7,9,14,16,17,18,20,22,25,27,28,31,33,40,42,45,47,50,52,56,59,61,69,71,72,77,83,86,89,91,92,98,99,103,105,106,107,111,117,118,120,121,123,125,128,129,131,133,134,137,139,140 "133";
134 81 0 22,34,36,63,73,77,79,81,85,90,91,98,99,100,103,106,113,116,117,119,121,122,125 "134";
135 111 1 3,10,22,29,30,38,40,46,47,60,64,77,81,87,99,103,107,109,118,124,134,136 "135";
136 81 1 64,89,99,135,139 "136";
137 91 0 0,9,13,21,25,27,35,39,40,41,43,44,45,47,58,61,64,65,68,70,72,76,80,83,84,85,92,102,103,108,109,111,122,124,129,137,139 "137";
138 43 1 0,2,6,8,10,12,14,15,17,25,30,32,35,36,38,39,40,41,43,45,47,49,50,54,56,59,62,63,65,67,68,69,72,74,78,80,82,83,85,87,89,90,92,93,95,98,99,102,105,108,109,112,114,115,117,118,122,126,128,130,132,133,137,140 "138";
139 27 0 6,8,10,11,13,27,29,36,49,51,53,55,60,63,65,72,73,75,78,98,107,111,133 "139";
140 100 1 1,2,20,30,33,46,49,68,84,90,99,113,124 "140";
