parity 109;
0 93 0 21,38,44,45,71,78,83,99 "0";
1 73 0 0,2,3,5,7,9,10,12,15,17,18,22,25,28,31,33,36,38,39,41,43,44,46,48,49,51,54,56,57,59,60,62,63,64,66,67,70,71,73,74,76,79,80,83,84,86,89,91,92,93,96,97,104,106,108 "1";
2 35 1 3,5,13,26,27,30,34,38,55,75,92 "2";
3 9 1 0,3,5,6,9,11,14,15,18,19,21,23,25,29,31,32,34,36,39,43,44,47,48,49,51,52,54,59,61,63,65,67,71,72,75,78,84,92,93,94,98,100,102,104,108,109 "3";
4 65 1 3,4,9,14,17,19,23,27,29,33,34,35,41,48,55,57,58,69,78,81,97,102,104 "4";
5 35 0 0,1,3,6,9,11,12,15,16,25,27,28,29,35,37,39,40,43,46,48,51,52,53,55,57,62,63,71,74,75,78,81,82,84,88,89,90,91,93,95,98,99,102,105 "5";
6 4 1 0,3,4,6,8,10,14,16,17,18,21,24,25,28,30,32,33,34,36,38,42,44,46,48,50,53,56,62,65,66,68,72,74,75,77,78,80,82,84,85,91,93,96,98,99,104,105,107 "6";
7 30 0 76,79 "7";
8 59 0 0,3,6,8,11,14,16,27,29,32,34,38,39,40,45,47,50,52,53,55,57,61,63,66,71,73,76,81,82,86,91,93,94,99,106,107 "8";
9 22 1 1,9,15,16,25,28,29,38,40,47,48,59,62,64,65,70,75,76,80,94,104 "9";
10 47 1 0,3,5,12,14,16,17,18,22,25,27,28,33,34,37,45,48,49,51,55,58,60,63,66,67,68,77,78,79,84,87,93,98,99,101,103,105,107 "10";
11 20 0 0,1,3,8,10,12,13,15,17,19,22,23,25,27,30,33,35,36,38,39,40,42,44,49,51,52,53,55,57,59,61,63,67,69,70,72,73,75,76,81,84,85,87,89,90,91,94,95,96,99,100,102,103,104,106 "11";
12 63 1 0,2,6,7,10,11,12,14,15,19,21,22,23,25,33,38,39,40,42,43,46,47,52,59,60,67,68,71,74,75,78,81,83,89,91,95,99,104,106 "12";
13 46 0 0,2,4,6,14,16,19,20,22,23,25,26,28,29,33,39,40,41,45,46,48,50,53,54,58,59,62,63,65,66,67,70,72,74,75,76,78,79,80,82,83,86,87,89,93,95,97,98,99,101,102,103,105,106 "13";
14 44 1 11,19,32,37,41,44,58,62,67,78,89,93,102 "14";
15 43 1 2,3,5,6,10,13,17,20,24,27,28,29,30,33,34,36,37,39,40,43,45,47,49,57,60,63,66,69,70,72,73,79,82,90,92,96,98,100,103,105,108,109 "15";
16 85 1 2,6,10,12,13,15,17,18,27,31,35,36,42,45,48,50,54,55,58,59,61,64,68,71,73,75,76,79,80,83,85,86,89,94,95,97,99,102,107,108,109 "16";
17 30 0 2,6,19,25,29,30,31,38,47,51,69,88,90 "17";
18 75 1 49,105 "18";
19 33 1 0,4,5,7,11,14,16,17,19,20,22,23,25,30,32,35,36,37,39,44,46,47,49,51,53,55,56,57,61,64,67,72,74,75,77,79,81,82,84,88,89,90,93,94,96,99,100,102,107,109 "19";
20 86 1 0,1,7,14,18,26,31,35,39,45,46,48,58,61,65,69,74,78,82,85,90,93,94,97,100,102,105,107,109 "20";
21 75 0 3,7,8,10,11,13,14,15,19,21,24,26,29,30,32,33,35,36,38,40,43,48,49,51,52,57,59,60,62,63,67,68,71,72,74,76,78,79,82,84,85,88,89,90,92,94,95,97,99,102,106,107,109 "21";
22 69 1 0,1,3,6,9,10,13,15,16,19,20,23,26,27,29,31,32,34,36,39,42,43,47,48,51,53,54,57,59,63,67,69,72,73,74,75,77,78,79,80,82,83,84,87,90,91,95,96,99,101,105,107,108 "22";
23 72 1 5,11,19,20,44,56,58,65,67,70,71,94,102 "23";
24 80 0 10,12,13,15,17,18,21,23,26,31,35,40,42,45,46,48,51,62,67,77,79,84,86,92,94,97,101,102,104,107 "24";
25 39 0 1,3,4,6,9,12,15,17,19,22,23,24,26,27,29,34,36,38,40,42,48,49,51,52,55,56,63,64,65,67,71,72,76,77,79,85,88,90,92,95,96,97,105,107,108 "25";
26 63 1 1,3,10,13,23,30,31,34,39,48,49,53,55,61,78,81 "26";
27 44 1 1,4,6,7,8,10,14,17,18,20,30,32,33,38,41,42,43,47,49,52,55,60,67,68,71,72,74,77,78,82,84,89,94,96,98,100,101,103,104,106,108,109 "27";
28 108 1 0,2,5,6,11,12,17,20,21,24,26,28,30,31,32,35,37,38,39,41,43,44,49,51,56,57,59,60,62,63,64,65,67,69,73,74,76,80,83,84,86,87,89,90,91,94,96,98,99,101,104,106,108,109 "28";
29 82 0 5,7,10,12,16,18,21,23,27,29,35,38,40,41,46,49,52,53,54,56,58,60,62,65,67,68,70,71,77,79,82,86,89,90,93,94,97,101,107 "29";
30 77 1 2,12,26,29,30,32,34,35,39,41,42,46,49,58,61,65,71,72,80,82,83,88,89,92,94,98,101,103,104,109 "30";
31 94 1 0,3,8,9,10,12,13,15,17,23,26,30,33,34,37,39,40,45,47,49,52,54,56,58,61,62,64,65,67,68,71,72,74,75,77,84,88,90,92,95,96,97,99,100,101,103,104 "31";
32 108 0 4,13,22,26,29,34,35,38,43,46,48,60,71,75,77,80,85,90,95,97,100 "32";
33 41 0 5,10,42,44,59,63,70,84,96,98,102,107 "33";
34 0 1 1,3,5,6,13,14,15,22,25,29,36,38,40,41,45,46,49,51,56,57,62,71,72,74,77,84,88,97,105 "34";
35 74 1 2,17,21,25,37,38,41,45,46,53,60,70,90,94,99,101 "35";
36 45 0 2,4,6,16,23,51,59,70,84,92,96 "36";
37 76 0 4,14,16,24,26,35,47,50,68,83,96,102,108 "37";
38 52 0 0,1,3,13,17,20,23,24,26,27,29,30,37,39,49,52,57,59,62,65,69,71,73,79,81,82,84,89,95,97,99,101,102,109 "38";
39 51 1 1,6,11,27,36,43,44,47,59,63,71,73,87,90,97,101,108 "39";
40 98 0 0,3,5,8,10,13,15,16,23,29,32,34,36,38,46,47,51,54,56,64,67,68,72,75,76,84,98,102,106,108 "40";
41 23 0 3,12,15,25,36,38,55,57,66,70,74,91,93,97 "41";
42 46 0 5,36,48,77,104 "42";
43 6 1 4,6,8,9,11,22,30,32,35,41,42,46,49,52,55,57,58,62,65,66,71,77,81,85,89,96,98,100,103,105,108,109 "43";
44 80 0 2,7,8,12,14,18,24,28,29,41,43,51,57,64,81,88,92,97,104,107 "44";
45 33 1 5,16,18,21,30,32,34,36,38,41,45,46,48,51,55,65,71,72,79,80,83,84,86,88,89,92,93,94,98,99 "45";
46 64 0 22,24,26,27,30,32,35,37,52,62,66,68,71,76,86,91,93,103,106 "46";
47 1 0 0,2,3,5,7,10,12,13,18,20,21,24,27,29,35,38,39,45,46,48,49,51,56,58,61,63,64,66,67,69,72,74,76,79,83,84,87,89,91,93,94,95,100,101,102,103,105,106,107 "47";
48 59 1 13,18,33,82 "48";
49 78 1 7,12,17,19,24,30,40,46,48,49,58,87,91,96,97,100,106 "49";
50 36 0 0,3,5,7,8,10,12,13,16,17,23,26,28,31,35,40,41,43,45,48,50,52,56,57,58,61,62,63,66,69,71,74,75,79,83,86,88,89,92,94,96,97,99,101,102,104,107 "50";
51 103 0 1,5,13,18,30,47,66,68,74,78,84,98 "51";
52 65 0 28,61,108 "52";
53 78 1 1,3,5,6,9,10,12,16,18,22,23,31,35,37,41,42,46,47,49,50,51,53,54,56,57,58,63,64,67,69,73,78,79,83,84,87,89,91,93,95,96,98,102,103,104,107,109 "53";
54 9 0 11,12,15,17,20,23,30,33,35,37,46,47,48,52,53,67,69,71,73,74,78,84,87,94,95,99,100,104 "54";
55 101 1 2,4,6,18,27,29,33,43,58,66,71,72,77,93,97,100,106 "55";
56 66 0 3,6,9,11,12,14,24,25,27,34,49,64,70,71,76,80,83,91,97,99,106,107,109 "56";
57 107 0 0,4,12,16,28,30,32,37,41,43,46,52,54,57,59,67,69,70,72,74,76,92,97,101,108,109 "57";
58 20 1 1,7,16,18,24,31,32,34,39,57,61,63,66,69,73,75,77,81,91,92,97,99,103,106,108 "58";
59 24 0 2,4,7,9,11,12,14,17,22,24,30,36,39,42,43,45,51,54,57,59,62,64,65,67,68,74,76,83,87,88,98,100,106 "59";
60 51 1 1,2,4,6,8,12,14,16,17,18,19,20,23,25,28,35,37,38,41,46,48,51,54,56,57,59,65,66,67,68,70,71,72,74,79,80,82,85,89,90,93,98,100,101,102,104,108 "60";
61 12 0 31,43,55,68,69,79,89 "61";
62 3 0 0,3,6,10,17,22,26,28,34,39,42,45,78,86,88,91,92,99,101 "62";
63 63 0 18,38,47,55,57,74,88,99,103 "63";
64 92 1 1,8,12,22,26,31,34,36,38,40,42,52,58,64,72,75,76,79,82,91,92,95,104,106,108 "64";
65 107 0 0,2,9,19,21,23,24,27,29,32,37,42,43,45,47,50,52,53,59,63,66,74,75,80,85,89,92,96,97,99,101,103,105,107,108 "65";
66 91 0 1,4,6,8,11,13,15,18,19,21,22,23,25,26,28,32,33,35,36,38,42,43,44,47,49,50,53,54,55,56,58,60,62,65,67,68,71,74,78,79,82,84,86,87,90,91,96,100,104,105,106,107,109 "66";
67 9 1 51,94 "67";
68 73 1 2,8,10,12,13,18,21,28,30,33,35,38,41,42,46,48,50,52,56,69,71,75,79,84,88,89,91,98,103,108 "68";
69 70 1 3,4,7,9,10,11,14,19,22,23,25,27,31,36,40,41,47,49,50,52,56,58,62,67,70,71,73,76,79,81,84,86,88,90,93,96,98,100,101,105,107,109 "69";
70 60 0 10,82 "70";
71 27 1 0,6,8,10,16,18,20,22,23,29,31,35,38,39,41,44,45,46,54,58,68,70,73,75,80,84,89,92,95,96,98,101,104,105,108 "71";
72 102 1 0,3,8,10,11,14,16,17,20,22,24,25,27,30,31,32,34,38,40,43,44,47,49,52,55,58,59,60,63,65,68,70,72,74,75,78,80,82,83,86,92,96,100,102,104,105,106,107 "72";
73 69 0 3,11,24,30,31,33,36,37,40,45,46,61,80,103,107 "73";
74 77 1 0,1,2,5,7,9,15,19,22,23,25,27,30,31,33,35,36,37,38,40,41,43,45,48,51,54,57,62,63,64,68,69,73,75,77,78,81,83,84,86,88,89,90,92,96,97,99,100,102,106,109 "74";
75 13 1 3,9,10,15,21,25,29,38,45,51,57,59,77,83,92,93,98,104 "75";
76 57 0 49,63 "76";
77 100 1 1,5,18,20,27,31,36,37,45,46,47,49,50,54,55,70,75,77,81,82,83,92,95,97,108 "77";
78 80 0 17,65,68,98 "78";
79 40 0 9,19,22,26,29,30,43,46,48,56,65,71,76,82,91,92,99 "79";
80 0 1 17,23,28,38,46,52,73,76,80,88 "80";
81 3 0 3,53 "81";
82 97 0 1,3,6,12,17,18,22,26,31,32,41,46,55,60,62,66,67,70,72,80,87,92,94,96,99,103,104,106,107 "82";
83 101 0 14,17,87,107,108 "83";
84 33 1 4,6,40,52,55,61,64,69,70,80,89 "84";
85 68 1 0,4,6,8,9,10,12,13,15,17,18,20,22,26,28,29,31,32,33,35,37,38,39,41,42,44,45,47,49,51,54,57,61,63,66,71,75,76,77,78,81,82,83,86,89,92,93,96,98,100,102,104,105,108,109 "85";
86 4 1 7,19,33,72,76,90,92,104,108 "86";
87 77 1 2,10,12,19,21,23,24,31,34,36,42,52,56,59,71,73,78,82,88,97,99,101,104 "87";
88 6 1 1,2,5,9,11,19,20,24,27,29,32,33,38,46,48,50,52,54,55,58,59,63,67,71,73,78,80,81,82,84,87,90,91,94,95,101,104,106,107,109 "88";
89 77 0 4,15,21,36,38,56,70,73,79,83,91,95,104,109 "89";
90 4 1 0,2,12,25,33,36,38,40,44,54,57,65,77,84,86,90,99,107,108 "90";
91 74 0 1,4,6,14,19,22,29,31,33,34,35,51,54,55,63,66,69,81,84,94,97,100,101,105,109 "91";
92 8 1 0,1,3,9,11,13,16,19,22,24,30,32,35,37,38,44,45,47,48,50,57,60,62,63,65,70,72,73,75,79,83,84,86,87,90,92,94,95,98,100,101,103,104,106,108 "92";
93 80 0 0,3,10,16,19,22,23,28,29,31,39,44,46,50,52,54,56,59,62,64,67,68,71,73,78,80,82,84,86,88,91,92,94,99,101,105,107 "93";
94 15 0 0,4,6,9,12,13,20,23,25,26,27,30,32,33,35,36,38,41,43,45,47,51,53,55,57,58,59,61,64,66,67,70,74,75,77,79,80,83,85,88,90,93,94,99,100,101,102,107,109 "94";
95 28 1 5,7,18,22,37,39,43,50,53,58,72,78,84,87,94,108 "95";
96 107 0 23,27,109 "96";
97 33 0 1,4,5,6,8,9,11,12,16,17,21,22,23,24,26,28,30,33,34,37,38,39,42,46,49,54,55,57,59,60,63,64,66,68,70,71,72,73,75,78,82,84,85,87,93,95,97,98,101,102,104,105,107,108,109 "97";
98 42 0 2,4,25,34,47,54,64,78,82,103,105 "98";
99 51 0 0,13,21,24,42,60,73,74,77,100,109 "99";
100 43 1 4,9,25,38,57,63,68,75,79,80,84,103,107 "100";
101 24 1 3,6,19,28,58,59,74,94,96,107 "101";
102 91 0 0,2,3,6,7,9,13,16,24,26,31,33,38,40,42,44,47,51,53,54,56,58,60,62,65,67,68,70,73,75,77,80,84,85,86,87,89,90,97,100,101,102,105,106,108,109 "102";
103 42 0 4,17,19,24,26,28,32,35,37,40,47,50,52,54,56,57,61,65,70,74,75,80,85,86,93,95,98,99,102,103,107,109 "103";
104 57 1 1,4,5,9,10,12,14,17,19,20,25,26,30,31,33,35,36,41,43,44,48,49,53,57,60,64,67,76,77,79,81,87,89,92,93,98,99,101,105,106,109 "104";
105 51 1 1,4,5,11,12,17,20,22,34,39,44,47,52,55,57,60,62,63,85,90,91,98,101,104 "105";
106 32 0 4,15,18,40,50,62,79,94,97 "106";
107 93 1 4,5,7,9,14,24,25,27,31,32,34,39,41,44,47,53,57,58,60,62,69,73,77,82,84,86,87,89,90,91,93,94,97,105,106,109 "107";
108 6 0 4,6,8,13,16,18,20,22,23,25,26,27,28,30,31,34,36,37,39,41,43,44,47,49,51,52,54,56,59,62,64,67,69,71,75,78,82,84,86,87,89,93,94,95,96,99,100,101,103,105,106,108 "108";
109 12 0 0,2,3,4,7,8,10,12,13,14,16,17,18,19,21,22,26,29,31,34,36,37,41,43,44,46,48,51,52,55,57,59,60,64,67,68,70,72,74,76,78,79,84,85,86,91,92,98,101,103,107 "109";
