parity 159;
0 146 1 0,3,5,7,8,9,12,14,16,17,18,20,21,22,24,26,27,30,31,32,36,37,38,41,46,47,49,51,53,54,55,57,64,67,70,73,75,77,78,81,83,86,87,89,94,96,98,99,103,105,107,109,111,112,114,117,118,120,122,131,133,134,137,140,141,143,145,147,149,150,153,154,157,159 "0";
1 157 1 14,33,39,53,67,69,73,75,80,83,100,108,116,119,125,126,142,151,155 "1";
2 159 1 0,2,6,8,11,12,16,18,19,21,24,26,27,28,29,30,32,37,39,41,42,44,46,47,49,50,51,55,57,59,60,61,63,67,69,73,76,78,79,82,85,86,88,90,91,95,97,98,100,101,106,108,109,111,112,114,116,118,121,122,123,127,132,136,137,139,141,145,149,150,152,158,159 "2";
3 145 0 3,12,29,49,63,76,108,114,130,135,140,146,158 "3";
4 83 1 2,4,6,8,9,11,13,16,18,19,21,23,27,31,36,37,42,44,45,47,50,51,54,57,60,63,66,68,70,72,74,76,81,82,87,89,91,95,97,100,102,104,106,110,115,117,119,123,127,129,130,133,137,141,142,149,152,155,157,158,159 "4";
5 113 0 0,7,11,14,25,35,40,44,46,64,89,99,100,108,113,118,143 "5";
6 1 0 6,27,60,65,72,99,101,113,129,140,157 "6";
7 145 1 2,3,7,14,18,19,22,24,31,32,33,36,37,41,42,46,48,54,56,65,70,74,78,80,81,86,88,89,92,93,95,98,106,108,109,111,113,121,124,130,135,137,146,148,149,152,155,156 "7";
8 106 0 7,11,14,17,20,21,23,27,28,33,37,41,44,49,54,59,76,78,92,102,107,115,116,117,119,121,123,125,128,132,135,141,157,159 "8";
9 40 1 0,3,4,6,9,11,12,14,15,18,22,27,28,30,35,36,37,38,43,44,50,51,52,54,56,63,65,66,68,70,72,75,79,82,83,84,86,88,90,91,93,96,100,103,108,109,111,112,114,116,117,120,122,125,130,131,132,134,139,142,145,148,150,152,154,157 "9";
10 151 1 0,3,6,10,12,13,18,20,23,25,34,36,38,41,46,49,53,54,57,61,62,63,66,69,71,72,75,77,80,84,88,90,93,97,99,101,108,109,111,113,115,118,121,128,133,134,136,137,139,144,146,147,148,152,153,158 "10";
11 32 0 0,2,8,13,15,18,21,22,24,25,29,33,38,40,42,43,47,48,50,52,54,56,60,63,64,66,67,69,70,71,75,80,83,86,89,90,93,94,98,104,105,106,108,109,111,119,122,124,130,131,133,135,138,141,143,148,149,151,156,157 "11";
12 59 0 5,8,9,11,14,15,21,25,27,30,42,44,50,63,67,69,71,73,77,82,85,97,100,105,107,110,126,132,136,137,145,148,150,152,154,157 "12";
13 150 0 30,40,42,45,92,115,143 "13";
14 145 0 1,3,4,6,7,9,11,16,18,21,25,28,30,32,35,37,39,41,42,43,44,46,48,51,53,54,55,57,60,62,63,65,69,72,74,75,78,80,82,84,85,86,87,89,90,92,94,97,98,100,101,103,104,107,109,111,113,116,119,121,123,124,126,127,129,131,133,136,138,141,144,146,149,154,156,158 "14";
15 37 0 9,17,20,22,24,26,42,53,62,72,74,76,80,83,95,97,111,117,123,136,137,143,146 "15";
16 132 0 2,7,9,16,18,20,23,25,30,32,43,45,74,82,84,85,87,88,89,91,92,94,98,100,105,109,119,136,143,157,159 "16";
17 20 1 0,3,4,6,9,12,13,14,16,18,21,25,26,28,30,31,34,36,38,39,42,45,46,49,50,53,54,56,58,60,61,65,68,69,70,72,78,79,82,84,86,90,92,93,95,97,101,103,106,108,110,113,114,116,120,122,124,125,127,129,132,135,140,142,145,147,148,151,153,154,156,158,159 "17";
18 129 1 1,5,31,32,35,44,52,54,69,76,79,84,92,135,138 "18";
19 17 0 0,3,5,6,8,10,11,12,13,15,16,17,19,21,24,25,28,30,31,33,34,35,37,39,41,45,46,48,50,51,55,57,58,61,64,66,67,69,73,76,78,79,84,86,88,89,90,93,96,101,103,105,107,109,112,113,115,120,121,122,124,127,130,131,137,138,140,141,145,146,147,148,150,153,155,157,159 "19";
20 149 1 9,106,145 "20";
21 99 1 3,7,12,13,14,17,20,26,31,32,35,38,39,50,63,66,73,76,78,79,81,83,84,86,87,91,93,95,99,107,111,115,116,119,120,126,133,135,137,139,141,143,150,152,154,157 "21";
22 52 1 2,4,6,14,15,19,22,25,27,30,31,34,38,45,49,51,55,58,61,65,70,72,75,76,81,83,90,94,95,99,101,103,105,106,109,115,122,126,128,131,132,134,137,139,143,149,156,158 "22";
23 81 0 2,4,7,10,14,20,23,26,28,29,30,32,37,39,43,44,46,48,57,63,66,68,69,71,73,75,80,82,87,89,94,95,96,100,105,109,111,114,117,121,123,128,129,131,134,137,138,140,142,145,147,149,151,155,157 "23";
24 113 1 10,12,34,41,53,77,85,88,94,99,112,115,121,123,133,137,140,151 "24";
25 36 1 33,74 "25";
26 132 0 1,9,21,28,31,35,48,51,57,59,72,75,79,83,86,87,88,90,98,111,115,118,121,128,139,148,153,159 "26";
27 115 0 0,2,3,5,7,9,12,16,17,19,21,22,24,25,28,29,31,33,34,41,43,45,48,50,51,52,54,55,57,58,60,62,63,64,66,69,72,73,76,78,80,82,84,86,88,89,91,93,94,99,103,105,107,108,110,112,114,116,122,123,125,127,129,131,135,137,138,140,142,143,144,147,148,152,153,155,157,158 "27";
28 45 1 0,2,6,8,9,11,14,16,17,19,20,22,24,26,29,30,36,38,39,43,46,49,53,54,55,58,60,61,63,65,67,70,73,75,81,82,84,87,88,89,91,93,95,96,100,101,103,104,106,108,109,112,114,115,117,118,120,122,123,125,127,128,132,134,137,138,140,141,145,147,149,152,154,156,157,159 "28";
29 106 0 5,8,11,20,24,40,43,46,51,60,66,71,85,87,103,106,110,114,118,127,133,140,142,145,158 "29";
30 104 1 4,7,18,27,31,32,36,41,52,54,58,63,67,69,75,80,95,100,102,106,107,109,116,118,131,148,151 "30";
31 17 0 0,3,5,8,10,12,14,15,17,18,21,23,24,28,30,36,41,43,47,51,53,55,58,63,64,68,70,73,76,80,84,88,92,93,95,97,99,103,104,106,107,111,119,120,122,123,126,135,139,140,143,148,149,150,154,157 "31";
32 25 1 20,23,37,38,44,61,97,114,122,128,134,141,142,157,159 "32";
33 44 0 21,33,47,50,94,112,113,119,135,145,147,151 "33";
34 33 1 0,4,6,17,21,22,25,26,29,31,35,39,48,50,53,56,64,67,68,71,73,78,80,81,84,87,90,101,102,110,114,118,122,123,129,144,148,149,151,152,158,159 "34";
35 66 0 0,1,3,5,8,10,13,14,19,26,31,35,36,38,39,40,42,43,50,52,54,56,60,61,63,64,66,70,74,75,76,78,79,81,82,84,85,88,89,90,92,93,94,98,99,101,103,104,106,108,110,111,112,113,117,118,119,121,124,126,127,130,134,136,140,142,143,148,151,152,155,157,158 "35";
36 60 1 9,12,16,17,28,31,35,43,48,49,66,70,92,99,105,107,109,122,129,141,145,149,155 "36";
37 67 1 16,21,24,32,37,49,54,56,60,63,64,67,70,75,93,98,99,100,108,110,118,125,131,141,143,145,147,148,153,159 "37";
38 132 1 2,4,6,11,13,14,18,19,24,25,28,29,31,34,36,38,41,44,46,49,53,58,60,72,74,76,78,79,83,85,86,89,90,94,96,100,102,103,106,107,115,121,122,124,125,129,132,134,136,138,142,150,155,157,158 "38";
39 116 0 4,5,7,9,10,14,15,17,20,23,28,29,34,36,40,47,49,50,54,56,57,59,64,66,71,74,76,78,81,82,84,85,86,90,91,94,95,98,104,105,108,109,111,112,115,118,119,122,123,126,129,131,132,134,137,139,144,147,150,152,155,157 "39";
40 105 0 31,39 "40";
41 26 1 2,4,10,12,16,19,20,22,23,25,27,28,30,31,32,38,41,43,45,46,48,49,50,52,55,56,57,59,61,63,65,66,70,72,74,77,78,83,85,87,89,90,92,94,101,103,104,105,106,108,109,111,113,115,118,121,122,124,125,127,129,131,132,133,137,138,142,144,146,148,150,151,153,154,155,157,159 "41";
42 12 0 0,2,3,4,8,10,11,17,19,24,27,29,32,33,35,38,41,43,46,47,52,53,54,56,61,65,66,67,76,77,79,81,84,86,89,97,98,99,103,104,105,107,110,111,113,120,122,127,129,133,134,137,139,141,142,144,146,148,153,154 "42";
43 85 0 9,10,14,15,25,27,36,42,44,47,54,66,68,70,74,82,84,89,95,112,115,119,122,125,131,132,139,141,153,155 "43";
44 125 1 2,7,17,24,41,77,87,89,90,102,103,135,139,141,158 "44";
45 16 1 3,20,26,34,36,39,40,45,50,52,55,58,62,64,66,74,78,81,86,91,92,95,98,101,113,116,119,123,132,136,138,149,152,157,159 "45";
46 101 0 0,1,3,6,8,10,12,24,25,28,30,33,35,37,38,41,42,43,46,47,49,51,52,53,55,57,59,62,67,69,70,74,77,78,81,83,84,87,89,92,95,96,101,102,105,106,107,110,113,115,118,120,121,125,126,129,131,132,135,137,138,139,142,143,146,147,150,152,154,156,157,159 "46";
47 43 0 1,2,7,12,14,16,17,19,27,28,34,38,48,50,58,61,62,65,66,71,74,78,79,81,86,88,92,94,96,99,107,110,120,122,126,129,130,131,142,145,150,152,155,156 "47";
48 101 0 10,12,14,17,28,31,41,47,52,57,58,71,79,85,98,112,118,120,123,131,133 "48";
49 62 1 2,11,65,87,94,118,127,139 "49";
50 15 1 0,6,26,30,35,37,51,62,65,69,76,89,97,100,102,103,105,112,113,116,124,138,150,158 "50";
51 76 1 0,2,3,8,9,12,14,16,19,23,26,29,31,33,35,41,42,43,44,52,54,55,58,59,62,64,66,67,69,72,78,80,83,84,85,86,87,88,90,91,92,95,98,100,105,106,107,109,115,121,123,126,129,140,146,148,151,152,154,156 "51";
52 26 0 10,26,68,79,113,126,152,155 "52";
53 40 0 3,8,13,22,28,32,43,76,98,119,124,140,154 "53";
54 64 0 0,8,20,34,51,61,67,146,159 "54";
55 103 0 1,2,4,7,8,11,12,15,17,20,22,25,27,29,32,34,36,37,39,42,43,44,46,50,51,53,54,57,59,60,62,65,66,70,71,73,76,79,84,86,88,91,92,94,97,99,102,104,105,107,111,114,116,122,123,127,132,138,139,141,142,143,146,149,153,156,159 "55";
56 16 1 4,8,10,13,14,16,18,24,26,31,34,35,37,38,40,41,46,48,51,53,55,57,58,59,61,68,69,70,72,73,77,79,80,82,83,87,89,92,94,95,97,99,105,106,109,111,113,117,120,122,123,126,128,129,132,136,141,149,150,152,154,156 "56";
57 50 1 6,8,10,13,14,21,24,28,29,34,36,38,40,41,43,46,49,50,53,54,55,58,59,62,67,75,76,78,79,81,84,90,93,102,104,106,109,113,114,115,118,120,125,127,129,132,134,136,138,143,147,153,155 "57";
58 72 0 2,5,6,8,12,16,19,27,33,37,40,43,44,47,49,51,56,58,61,63,65,67,75,77,82,84,88,90,92,94,95,97,98,100,102,106,108,109,114,115,118,121,122,131,132,135,139,141,145,148,152,153,157,159 "58";
59 34 1 0,1,4,10,11,15,16,19,22,24,27,28,30,34,35,36,38,39,42,44,45,47,49,50,51,53,55,57,58,60,63,64,68,69,71,74,77,80,81,82,84,85,86,94,96,100,101,102,103,105,107,111,113,117,118,119,121,123,124,125,127,129,130,132,133,134,136,138,143,144,145,148,149,150,152,153,155,157,159 "59";
60 151 1 3,4,6,7,8,11,13,16,17,18,20,21,24,26,28,29,30,31,33,34,35,37,40,41,45,51,53,55,58,60,62,67,69,71,73,74,78,79,82,83,85,86,89,91,95,96,101,103,105,107,110,111,113,115,117,120,123,125,126,131,133,135,136,137,140,142,143,144,146,149,151,152,154,155,156,159 "60";
61 119 0 1,4,10,12,16,18,19,24,25,27,29,30,32,33,35,37,39,41,47,48,49,52,55,56,57,59,61,63,69,71,73,75,76,77,80,84,85,89,91,93,97,100,101,103,104,105,108,110,112,113,118,120,124,126,127,128,129,131,134,136,137,141,143,144,146,148,149,151,154,157,159 "61";
62 62 0 11,14,16,21,24,29,31,44,45,49,51,55,58,67,68,75,77,80,89,93,96,98,103,107,109,110,115,118,123,124,125,131,134,143,150,154,156,158,159 "62";
63 62 1 2,5,9,11,16,18,20,31,39,49,51,53,54,59,61,63,64,67,71,77,79,80,90,94,97,99,105,113,118,124,127,139,142,146,155,156,157,158 "63";
64 30 1 0,2,3,5,7,10,11,14,16,17,19,21,23,24,25,28,35,36,37,39,41,49,54,57,59,62,63,67,69,72,73,74,76,79,81,82,84,87,88,90,92,94,95,97,99,101,102,105,106,111,114,115,119,120,121,123,125,127,129,130,131,134,137,138,144,145,147,148,149,153,155,158,159 "64";
65 20 0 1,3,5,9,10,11,12,18,23,25,28,31,32,35,37,38,41,43,44,47,48,49,50,53,54,55,56,60,62,64,66,68,70,72,74,76,79,81,83,85,89,90,94,96,97,99,101,104,105,110,114,118,119,122,127,129,132,133,135,138,141,146,148,149,152,153,154,159 "65";
66 87 1 0,4,7,8,17,18,20,21,25,28,31,36,45,48,49,51,52,55,60,70,73,77,78,81,82,84,85,92,93,97,98,103,106,111,114,117,119,127,131,139,142,144,154 "66";
67 0 1 10,14,20,31,40,47,60,63,67,69,73,75,82,91,93,95,105,110,114,117,121,124,127,130,148,150,153 "67";
68 131 1 120,157 "68";
69 108 1 3,5,9,11,14,17,22,23,26,29,38,39,41,45,50,54,55,57,58,60,64,67,73,75,77,78,79,80,81,83,86,92,93,95,97,99,101,103,105,106,108,109,114,116,120,122,123,124,128,134,136,137,139,141,143,145,147,148,151,152,153,155,156,157 "69";
70 150 0 15,18,24,58,61,94,95,126 "70";
71 54 1 1,2,4,5,7,11,17,20,21,23,24,27,29,30,34,37,39,40,41,43,44,45,48,49,50,52,54,55,56,59,63,66,67,69,70,71,73,74,75,78,80,81,82,85,87,91,95,98,100,102,103,105,108,112,114,115,118,120,121,126,130,133,134,135,137,139,140,143,144,146,149,154,158,159 "71";
72 142 1 1,2,11,17,21,23,26,28,37,39,40,46,54,56,63,66,76,79,80,82,84,94,99,102,105,109,111,114,126,131,133,134,141,143,147,148,150,154,158,159 "72";
73 65 1 1,3,6,11,20,31,37,55,58,59,62,64,68,70,86,105,107,108,111,116,124,127,129,133,139,147,159 "73";
74 58 0 0,17,53,71,75,77,120,129,132,134,156 "74";
75 114 1 0,1,6,7,10,17,20,25,26,29,30,32,35,37,39,41,42,45,47,51,52,53,57,62,66,68,69,74,76,79,84,85,86,89,92,93,95,97,99,103,104,110,112,118,121,125,129,132,136,138,142,143,145,150,151,153,157,158 "75";
76 38 0 2,6,8,16,17,35,40,61,85,90,98,103,105,113,126,143,150,156 "76";
77 41 0 3,5,7,16,18,19,21,24,26,29,36,37,38,40,42,43,45,48,51,52,53,54,55,57,58,61,66,70,71,73,75,76,78,80,85,86,89,92,93,94,96,97,99,101,102,104,105,107,111,118,120,121,122,123,125,128,129,131,133,135,139,142,145,147,151,152,153,158 "77";
78 118 1 0,4,6,9,11,14,16,19,21,26,27,29,31,34,36,46,49,52,56,64,69,73,80,82,84,86,88,91,94,96,98,99,107,111,114,116,121,124,128,132,133,135,136,139,143,144,146,148,152,157 "78";
79 150 0 11,15,25,26,27,28,36,39,55,57,63,66,69,75,77,81,82,90,92,98,101,107,118,119,120,127,130,131,138,143,145,154 "79";
80 61 0 11,18,20,22,26,34,40,41,43,56,62,73,82,84,86,91,96,115,119,124,126,131,132,138,139,140,144,152,156,159 "80";
81 109 1 5,13,21,26,33,36,38,73,82,103,104,108,122,126,128,133,147,150,153 "81";
82 38 1 1,9,11,12,21,23,25,27,31,36,38,41,43,45,47,51,52,54,59,60,67,69,73,74,75,78,80,83,93,94,97,102,103,105,106,107,109,111,113,117,123,125,126,134,138,143,145,148,151,153,158 "82";
83 56 0 6,7,13,20,36,37,43,53,61,71,88,141,156 "83";
84 89 1 0,6,7,12,14,23,25,30,36,39,41,47,50,53,61,68,74,76,78,79,83,85,91,96,99,102,106,119,127,132,138,140,142,146,151,154,156 "84";
85 151 1 4,7,11,17,25,27,32,33,34,38,41,43,45,46,49,52,55,59,66,69,72,75,81,83,93,101,103,104,108,110,111,112,115,118,122,132,137,142,149 "85";
86 8 1 1,2,6,7,9,10,11,12,14,16,18,19,21,23,25,27,29,32,33,35,38,41,43,45,46,47,49,51,53,56,60,62,63,65,67,69,70,72,75,77,80,81,83,84,86,88,90,92,94,95,96,98,100,106,109,111,112,113,116,117,119,121,123,125,127,129,132,133,134,135,137,138,140,142,143,145,148,153,157,158 "86";
87 123 1 11,13,15,16,18,20,27,30,36,38,40,43,46,49,52,55,56,60,62,71,76,79,80,82,84,87,94,96,101,109,111,112,115,118,123,126,128,130,137,144,145,154,155,157 "87";
88 82 1 0,14,16,17,18,21,24,49,55,56,65,85,98,112,115,129,132,140,147,158 "88";
89 11 1 0,1,4,7,9,11,13,15,17,20,22,23,25,29,31,34,35,39,42,45,46,52,59,63,64,66,68,72,80,81,84,86,87,89,93,96,97,100,101,104,106,107,110,112,113,114,117,120,122,123,125,133,135,138,140,141,142,146,147,151,154,158 "89";
90 110 1 11,14,15,17,25,28,30,37,39,42,44,48,58,65,67,72,75,83,85,89,92,97,101,119,130,137,143,144,146,147 "90";
91 59 0 7,104,124,152 "91";
92 108 1 106,112 "92";
93 96 1 2,4,7,9,10,12,14,16,21,24,26,27,29,30,38,40,42,45,46,47,49,52,57,59,63,64,68,70,72,73,75,78,79,82,84,85,89,90,92,93,97,100,103,104,107,108,110,112,115,120,122,128,131,134,136,138,139,143,145,146,148,150,152,153,154,155,158,159 "93";
94 35 1 1,4,5,7,9,10,12,13,17,18,21,24,27,29,37,40,46,49,51,52,55,58,62,64,67,69,77,78,82,84,88,93,94,97,102,107,111,114,118,121,124,126,127,129,134,139,141,142,147,151,157,158 "94";
95 146 0 7,15,23,29,43,68,73,74,79,82,97,104,117,120,122,132,138,140,147 "95";
96 45 1 1,5,6,8,15,18,20,21,28,31,33,34,37,38,39,41,42,44,48,50,53,54,55,57,59,61,63,65,68,69,72,75,77,78,80,87,91,93,96,99,101,102,105,107,109,110,112,114,116,117,119,121,124,126,127,129,131,133,135,136,137,140,142,146,147,149,153,154,156 "96";
97 33 1 12,32,37,42,49,51,54,71,76,87,88,98,100,107,115,117,122,125,131,133,135,141,145,148,150 "97";
98 47 0 3,5,6,9,12,14,15,22,23,30,32,38,48,49,54,56,60,68,76,82,86,88,90,97,104,105,111,117,124,126,131,135,137,141,143,149,151,153,155 "98";
99 131 0 34,35,51,60,63,65,74,92,103,112,127,129,136,140,146 "99";
100 143 1 0,1,7,9,11,13,17,19,21,27,29,33,35,39,41,47,51,64,74,78,80,85,86,90,96,104,108,110,112,118,121,126,127,130,131,133,139,141,143,146,150,154,155,159 "100";
101 72 0 0,3,5,7,11,12,14,16,20,21,25,31,33,37,42,43,45,49,51,55,57,63,67,69,71,73,74,76,78,86,87,89,92,96,97,99,103,104,106,110,113,115,116,118,121,123,124,127,128,132,134,136,142,150,154,158,159 "101";
102 109 1 0,1,2,4,6,8,9,11,14,15,19,25,27,31,33,34,35,37,38,40,41,45,47,49,51,53,54,56,57,58,60,62,63,65,66,67,73,76,80,82,83,85,86,90,92,93,95,97,98,103,104,107,109,112,114,116,118,119,121,123,126,127,128,129,131,133,135,138,141,142,143,145,147,148,152,153,155,157,159 "102";
103 105 1 1,4,6,15,16,19,21,23,25,29,32,36,45,50,51,53,60,61,63,66,70,71,72,73,79,80,82,85,89,93,95,101,108,110,112,113,116,119,123,124,130,132,135,139,141,143,148,154 "103";
104 72 0 1,3,16,19,20,23,26,28,31,39,40,43,44,46,48,51,54,57,59,61,62,63,64,66,71,74,75,77,80,83,86,87,92,94,95,97,104,105,107,110,118,119,120,122,123,126,128,130,134,135,140,143,145,148,151,155,158 "104";
105 98 1 0,2,8,11,13,15,18,19,20,28,29,38,41,44,45,52,53,58,62,63,65,66,70,80,82,83,90,96,97,100,104,105,109,111,113,116,121,125,127,132,141,155 "105";
106 34 1 1,21,55,59,62,93,97,114,119,125,146,152,153,159 "106";
107 0 1 16,65,70,95,114,148,151,155 "107";
108 58 1 44,49,57,59,67,71,89,96,104,110,114,128,136,146,157 "108";
109 65 0 2,3,4,6,9,15,17,19,21,24,25,26,33,37,38,42,43,45,47,49,50,57,59,64,66,67,72,73,78,79,80,83,85,90,91,100,102,108,111,112,114,117,119,124,126,129,133,139,141,144,146,148,149,151,152,154,157,158 "109";
110 20 1 1,5,6,7,8,11,14,15,19,25,30,31,33,36,37,40,47,49,51,55,59,61,63,65,68,71,75,77,82,87,88,90,91,92,95,101,102,106,108,109,111,113,115,117,119,127,130,133,135,139,143,146,148,149,150,154,156,158,159 "110";
111 56 0 0,1,10,11,13,17,23,30,34,42,64,76,85,89,92,98,117,133,134,144,150 "111";
112 28 0 102,103 "112";
113 118 0 1,5,6,8,10,12,13,15,18,21,22,24,25,27,29,30,31,34,37,39,41,42,44,46,47,48,50,52,53,54,57,59,60,62,64,66,69,70,71,73,74,77,78,80,84,87,90,91,92,94,95,98,101,103,106,107,109,110,111,114,117,119,123,128,133,134,135,137,139,140,143,146,150,151,153,155,159 "113";
114 27 1 3,8,12,13,21,24,32,47,55,61,65,68,71,75,80,82,99,116,128,129,133,136,138,139,141,143,151 "114";
115 135 0 5,6,11,13,15,17,18,23,25,26,28,32,35,36,37,40,42,44,46,50,51,54,55,57,60,61,65,66,68,72,74,76,78,80,83,84,86,88,90,91,93,95,98,100,101,107,110,113,115,116,117,118,122,124,126,130,134,136,137,138,141,143,144,145,147,150,152,154,158 "115";
116 106 0 4,5,7,9,11,13,15,20,21,24,25,27,28,31,34,36,41,42,44,46,47,48,50,52,54,57,59,65,68,73,75,77,80,82,87,88,91,93,94,96,98,101,106,107,109,113,116,118,119,122,124,130,132,133,134,137,140,143,145,147,148,150,151,153,155,157 "116";
117 15 1 0,1,4,7,9,10,12,13,15,17,18,20,22,24,26,28,31,36,39,42,46,48,51,53,54,58,60,61,62,63,65,67,68,70,72,75,78,79,81,82,86,87,88,91,92,93,95,96,98,100,101,102,105,108,110,111,113,117,120,121,123,125,130,133,134,136,138,141,143,144,146,147,149,151,152,154,156 "117";
118 75 1 18,22,36,39,54,62,103,111,125,137,152 "118";
119 93 1 7,15,17,25,28,35,38,59,74,80,122,135,152 "119";
120 60 1 0,9,12,42,46,47,50,58,64,69,71,72,75,85,88,89,91,94,99,106,107,110,114,116,119,134,135,141,143,145,155 "120";
121 28 0 0,3,4,8,9,11,13,15,17,19,21,22,24,26,32,35,36,37,42,44,46,48,50,52,53,55,57,59,61,65,66,69,71,72,73,75,76,78,81,86,88,89,92,94,98,102,103,106,108,109,112,114,117,120,122,124,126,129,131,133,136,137,138,140,141,143,146,149,152,157 "121";
122 109 1 0,12,15,25,27,29,40,46,52,60,66,69,78,82,85,89,91,105,110,128,136,143,146,150,156 "122";
123 77 1 2,4,10,11,14,16,17,20,23,25,30,31,34,36,40,42,43,44,46,48,50,51,54,56,57,60,61,65,70,72,74,76,81,82,84,86,92,93,99,101,104,110,111,113,116,119,124,125,130,131,134,135,140,145,147,148,150,152,153,159 "123";
124 150 1 8,13,19,28,34,37,40,52,69,83,91,99,111,118,129,139,153 "124";
125 23 0 0,1,9,10,13,14,18,20,22,27,29,31,33,36,38,41,43,50,53,55,58,60,61,63,66,69,71,73,81,83,85,90,92,95,96,98,106,107,110,112,115,116,120,122,125,128,129,134,148,152,159 "125";
126 78 1 0,3,6,7,12,14,16,17,19,22,25,31,37,39,41,44,47,51,54,55,57,58,59,61,66,68,72,76,78,81,83,85,86,90,95,98,104,105,107,108,114,116,118,122,124,128,131,139,140,141,143,146,149,152,154,156,157,159 "126";
127 4 1 0,2,3,5,7,8,12,13,14,17,19,20,23,28,31,33,34,37,38,40,41,43,46,47,49,50,52,54,57,61,64,66,69,70,73,74,78,79,81,82,87,89,91,92,94,95,97,100,101,103,104,107,115,116,118,122,123,125,126,128,130,134,135,137,138,140,141,142,145,150,152,154,155,158,159 "127";
128 79 1 1,3,17,18,21,22,23,25,27,29,30,32,33,35,36,41,44,45,47,50,54,56,59,60,66,67,70,72,74,75,77,80,81,86,90,92,93,95,98,99,103,109,110,112,114,119,121,124,129,131,132,133,140,141,144,145,146,148,150,151,153 "128";
129 141 1 2,5,9,11,22,25,30,38,40,43,49,50,52,57,60,64,65,72,76,78,79,81,83,98,101,109,113,119,121,123,128,130,135,136,142,145,152,154,158 "129";
130 53 0 4,21,56,58,90,137,140 "130";
131 120 0 1,6,19,31,34,39,44,47,78,82,98,108,127,151,152,159 "131";
132 60 1 0,5,7,12,13,18,19,25,27,34,39,42,46,49,54,57,62,64,65,66,67,70,73,75,78,82,88,89,91,96,98,100,108,115,117,125,126,130,132,136,141,144,147 "132";
133 34 1 12,18,27,29,31,56,69,79,83,115,131,154 "133";
134 124 0 4,6,10,11,12,14,19,21,24,25,28,29,31,33,36,42,43,49,51,52,54,56,58,61,66,69,70,73,74,76,78,81,85,87,89,94,95,97,105,108,110,111,116,118,126,128,129,132,138,141,145,147,148,150,152,153,155,156,158 "134";
135 130 0 2,8,12,16,19,21,23,31,32,39,44,46,55,57,63,65,69,72,76,78,80,86,90,91,95,97,99,106,108,110,112,114,117,119,120,124,125,129,131,135,139,140,148,152,155,156,159 "135";
136 147 1 21,29,44,48,51,53,61,84,86,108,112 "136";
137 73 1 8,11,30,32,38,43,66,95,116,127,135,151,157 "137";
138 110 0 1,6,7,8,16,17,18,20,21,35,37,43,49,51,53,55,58,63,64,67,68,70,72,75,79,81,82,86,88,90,92,93,95,97,104,106,107,109,113,115,117,119,120,125,126,131,132,133,135,136,147,150,151,154,155,158,159 "138";
139 110 1 4,20,31,50,67,94,105,132,134 "139";
140 92 0 0,1,2,5,6,8,9,10,12,15,17,18,19,21,22,25,26,28,32,35,36,38,40,42,44,46,49,51,54,55,57,58,62,63,65,67,69,73,74,75,77,78,81,84,87,88,89,92,94,96,98,99,100,104,106,110,112,113,114,118,120,123,127,128,130,131,134,135,136,138,141,142,146,148,149,151,152,154,155,159 "140";
141 38 1 4,8,9,10,13,15,17,18,22,23,26,28,31,36,39,40,46,48,53,54,56,59,71,72,74,76,80,84,87,90,91,93,95,96,98,100,103,107,110,111,114,116,120,121,127,132,135,138,146,148,151,152,155,157,158 "141";
142 65 0 9,12,14,22,23,25,27,31,35,41,60,67,73,77,80,84,87,92,95,97,104,105,106,120,126,127,133,135,144,145,148,153,155,159 "142";
143 48 1 5,8,14,18,21,22,26,32,33,39,41,46,47,51,65,67,74,79,86,89,100,111,113,115,119,120,124,126,128,130,133,134,137,144,150,151,153,155,157,159 "143";
144 137 1 4,9,12,15,17,18,22,23,26,27,29,32,35,38,40,43,45,48,49,52,54,58,59,61,67,72,74,75,76,78,79,80,82,83,85,87,89,94,96,101,105,107,111,114,116,118,123,126,128,131,133,137,138,142,150,152,156 "144";
145 105 1 5,6,8,10,11,14,17,21,24,25,28,30,31,33,39,42,43,45,48,50,52,53,56,57,61,63,65,75,77,82,88,90,93,94,96,98,100,103,108,110,113,118,119,121,124,125,129,132,135,136,140,145,147,150,152,155,157,158 "145";
146 140 1 0,2,3,5,7,8,11,13,14,16,17,18,23,27,29,32,39,41,44,46,47,48,50,52,54,55,56,58,61,62,64,65,66,69,72,74,77,81,83,85,87,88,91,92,94,96,97,98,100,102,103,105,106,112,114,119,124,125,129,131,132,135,137,140,144,146,148,149,150,154,155,158 "146";
147 149 1 2,3,4,5,10,11,23,25,26,31,37,38,40,42,44,49,51,53,58,59,62,66,68,70,71,73,74,75,78,81,85,86,89,91,94,100,101,103,107,113,118,119,121,122,124,127,138,143,144,146,148,152,157,159 "147";
148 18 0 0,5,6,8,9,11,12,13,16,17,18,20,22,24,27,28,35,37,38,40,42,43,46,48,49,51,53,57,58,59,60,63,65,67,68,69,70,72,74,75,77,80,83,85,95,101,102,104,105,107,108,110,111,113,114,118,119,123,124,125,127,128,130,131,133,137,140,141,142,145,146,148,149,150,151,152,155,157,158,159 "148";
149 76 1 0,2,3,4,7,8,10,11,15,16,18,20,25,27,28,30,33,34,36,38,39,41,44,45,47,48,50,53,54,55,58,60,61,65,67,69,72,76,77,80,83,85,86,88,89,91,92,94,96,97,98,100,102,104,110,111,113,116,117,118,122,124,125,126,132,134,136,138,144,145,146,148,150,151,153,154,156,158 "149";
150 87 0 0,3,9,11,20,26,27,28,31,36,43,54,55,56,61,67,73,76,78,79,88,90,91,93,96,99,107,110,112,116,119,121,127,130,131,133,142,145,146,152,153 "150";
151 159 0 1,3,6,8,10,14,24,27,30,34,38,40,48,50,54,57,58,59,62,74,80,89,94,102,107,108,109,111,114,116,120,122,123,124,126,128,130,134,137,142,149,152,153,158 "151";
152 21 0 0,3,5,9,11,12,13,14,24,26,31,39,41,50,52,58,60,62,64,69,70,76,79,80,83,86,88,93,96,99,102,105,108,110,111,114,118,120,121,127,128,130,131,134,137,138,139,141,148,149,152,154,156,157 "152";
153 47 0 2,4,6,9,10,12,14,17,20,23,26,27,29,32,33,35,38,42,44,45,47,48,50,52,54,55,56,60,63,64,67,68,70,72,73,74,76,78,83,85,87,89,92,96,97,100,102,104,109,113,114,115,117,120,122,126,127,129,130,133,134,136,140,143,145,147,152,154,156,159 "153";
154 100 0 1,5,7,12,16,32,33,39,41,46,57,58,66,70,74,79,83,87,96,102,107,109,117,122,142,143,145,147,151,153,158 "154";
155 48 1 0,1,3,4,7,9,11,13,15,20,21,22,24,25,27,30,32,34,36,38,40,41,42,47,52,53,57,58,60,62,65,66,69,71,73,74,76,78,80,82,84,85,89,90,91,93,95,96,97,101,102,105,106,109,110,114,118,120,122,124,125,126,128,129,132,134,135,136,138,140,142,143,145,147,149,151,156,158 "155";
156 76 0 4,8,10,14,18,22,27,32,34,42,49,51,53,60,62,67,69,73,80,85,86,94,98,99,101,116,120,125,126,131,133,136,137,139,142,145,148,152,153,156,159 "156";
157 65 1 31,33,40,51,61,62,66,95,99,109,115,127,144,151,157 "157";
158 48 1 29,43,49,52,56,71,77,85,88,116,120,123,126,157 "158";
159 11 0 0,1,2,4,5,8,9,12,14,15,17,18,19,21,24,28,30,32,34,36,39,41,44,45,48,50,52,54,56,63,66,69,70,73,75,77,78,80,83,84,85,87,91,92,97,99,102,105,106,108,109,111,113,115,117,118,119,122,124,126,127,128,130,132,134,137,139,140,142,144,146,149,151,152,154,156,158 "159";
