parity 26;
0 25 0 12 "0";
1 22 0 3,5,8,10,16,23 "1";
2 5 1 1,4,7,10,13,15,19,23 "2";
3 6 1 2,9,10,13,15,16,18,19,24 "3";
4 24 1 8,19,26 "4";
5 3 1 1,9,11,14,21,22 "5";
6 18 1 0 "6";
7 11 0 3,4,11,17,22,26 "7";
8 17 1 0,2,6,8,11,12,15,17,18,22,25 "8";
9 22 0 0,1,3,7,9,12,13,17,18,21,26 "9";
10 14 0 23 "10";
11 8 1 2,5,6,12,15,17,19,20,22,25,26 "11";
12 0 0 0,1,2,4,6,9,11,17,19,20,25 "12";
13 6 0 0,3,4,5,8,9,11,13,15,17,19,21,24,26 "13";
14 25 0 5,6,7,8,10,17,19,20,22,24,26 "14";
15 17 0 14 "15";
16 23 0 6 "16";
17 4 1 3,7,19 "17";
18 26 1 1,10,11,22 "18";
19 5 1 0,2,4,6,8,12,20,26 "19";
20 19 0 0,10,20,26 "20";
21 2 0 6,7,12,25 "21";
22 18 1 3,4,5,6,10,15,17,22,24 "22";
23 18 0 1,2,6,10,12,16,21,22,23,24,26 "23";
24 26 0 2,5,6,8,9,11,12,15,18,19,21,23,24,25 "24";
25 13 0 0,2,4,8,9,11,14,15,16,21,24,26 "25";
26 9 0 7,14,19,23 "26";
