parity 166;
0 139 0 4,9,12,22,26,54,56,64,69,86,94,95,104,118,142 "0";
1 56 1 0,2,7,9,10,12,14,15,25,27,36,38,42,44,45,48,51,53,56,58,59,61,62,64,65,68,72,73,75,81,82,84,85,87,92,94,95,96,99,100,102,106,109,110,112,114,116,118,121,124,125,127,129,132,138,140,143,151,152,154,158,160,162,163 "1";
2 109 0 12,24,35,40,43,44,45,65,68,82,92,101,106,111,116,125,130,133,135,136,156 "2";
3 122 1 0,1,3,4,6,9,11,15,17,19,20,22,24,26,27,28,29,30,31,34,36,38,40,41,43,45,46,48,53,54,56,58,59,61,62,64,65,66,68,71,72,76,80,82,84,89,91,94,97,100,102,107,109,112,115,117,119,121,123,124,126,133,134,137,139,140,141,143,145,148,151,152,153,155,158,161,163,165,166 "3";
4 122 1 1,7,9,11,13,14,15,17,18,20,21,24,28,31,35,37,39,43,45,47,48,50,54,55,57,60,61,65,66,70,74,82,83,84,85,87,90,96,97,99,101,103,105,110,111,113,114,116,117,119,121,122,123,128,129,131,132,137,145,146,149,151,155,157,158,160,161,165 "4";
5 1 1 4,7,8,10,12,14,15,18,20,22,23,27,30,33,35,38,40,43,45,49,51,57,60,62,63,68,72,74,80,82,84,87,89,90,91,98,100,102,103,110,114,115,116,119,122,129,131,133,135,137,140,141,142,145,149,151,153,155,157,161 "5";
6 20 1 38,40,44,51,72,75,82,96,105,114,121,141,162,164 "6";
7 49 0 0,1,2,7,12,14,16,18,19,20,25,28,30,32,34,36,37,38,43,44,46,47,50,51,52,54,56,57,59,61,63,64,65,66,68,69,71,73,74,78,79,82,84,89,90,94,97,99,100,103,106,107,110,114,117,118,120,123,125,127,129,130,132,134,135,137,139,142,149,150,152,153,156,158,160,166 "7";
8 23 0 36,69,71,91,102,117 "8";
9 13 1 1,3,5,7,9,10,12,14,15,18,21,22,24,35,38,40,43,48,57,59,62,64,66,69,71,72,73,77,81,84,86,89,94,95,97,98,101,102,103,105,108,110,114,115,121,126,129,130,136,139,141,145,148,153,157,158,160,163,166 "9";
10 116 1 1,9,13,19,21,27,31,43,54,58,66,72,90,93,96,99,111,115,121,124,126,136,137,143,154,156,162,166 "10";
11 67 1 3,4,5,13,15,27,28,31,37,39,41,44,48,49,50,52,54,57,59,61,64,72,84,86,89,92,94,97,99,100,105,112,116,120,122,133,147,151,153,159,161,163 "11";
12 92 1 21,38,42,45,69,71,86,100,142,159 "12";
13 0 1 0,15,23,28,35,63,67,69,74,90,114,117,133,138,139,141,154 "13";
14 39 0 6,15,28,30,41,53,60,64,65,77,79,82,101,105,108,120,131,135,138,145,149,150,154,156,158,163 "14";
15 38 1 4,24,35,41,51,54,57,61,75,78,91,102,103,110,113,114,129,134,135,140,151,154 "15";
16 98 1 0,5,6,10,13,24,28,41,45,51,53,55,60,61,65,69,72,74,75,82,84,86,95,99,100,103,123,126,132,134,139,142,147,152,154,164 "16";
17 52 0 14,16,21,25,28,31,38,47,49,66,67,86,89,92,102,108,122,132,152,154,161 "17";
18 13 0 0,2,9,16,21,24,26,32,35,44,52,56,65,67,72,75,77,79,81,83,86,88,91,92,97,99,104,107,108,110,112,114,115,117,118,121,122,130,131,133,139,143,146,153,155,161,164 "18";
19 0 1 2,11,12,20,28,35,36,43,45,48,50,58,60,65,69,72,77,82,84,89,92,99,102,110,121,123,125,127,130,133,140,152,159,161,163 "19";
20 71 1 6,21,24,29,35,40,48,54,88,92,103,105,107,110,117,129,132,138,142,144,146,148,152,154,166 "20";
21 151 1 0,2,3,5,6,8,10,12,17,19,24,25,28,32,33,34,36,38,40,41,42,44,46,47,48,51,53,54,55,58,59,61,63,64,65,70,73,75,76,79,80,81,83,85,89,90,92,95,99,102,103,104,106,107,109,110,115,116,117,120,123,127,130,135,136,141,144,148,151,153,156,157,159,160,162,164,165 "21";
22 153 1 14,31,43,47,65,77,82,86,96,99,121,143,146,162 "22";
23 66 1 5,10,11,24,28,29,34,40,41,45,47,49,62,66,76,79,93,126,127,135,141,149,157,159,166 "23";
24 39 0 26,31,56,69,70,83,91,102,105,120,124 "24";
25 86 0 33,46,54,57,75,77,79,89,92,101,104,111,112,114,118,130,135,138,142,152,155,157,163,164 "25";
26 92 1 9,36,46,53,67,77,91,101,106,110,154,166 "26";
27 39 0 18,135 "27";
28 158 1 1,6,8,9,11,17,19,21,22,24,25,29,32,34,35,38,41,46,48,49,51,53,57,58,59,61,64,65,67,71,73,75,78,80,81,84,87,89,92,94,96,102,104,106,107,108,110,113,116,117,119,124,125,127,128,131,135,136,138,139,140,141,147,149,150,152,153,155,158,162,163,166 "28";
29 38 1 1,5,7,12,14,16,37,43,44,48,51,52,54,62,76,82,86,109,112,116,119,121,129,131,142,146,147,151,152,162 "29";
30 127 0 0,1,5,10,14,17,19,23,25,27,35,38,40,43,45,46,52,54,57,58,60,62,64,66,68,73,78,82,85,86,88,89,92,94,96,99,101,106,111,113,116,120,122,125,128,132,134,138,141,146,147,148,150,154,158,159,162,163 "30";
31 106 0 0,3,5,7,9,11,14,17,23,26,30,35,38,50,53,56,57,61,63,68,73,74,76,82,84,85,87,89,96,98,101,103,104,105,107,108,114,115,117,118,120,122,123,131,133,139,141,147,150,152,155,156,157,158,160,161,164,166 "31";
32 35 0 3,7,16,26,30,33,39,42,47,48,52,57,65,66,69,74,76,82,87,95,102,107,109,139,143,148,154,156 "32";
33 61 0 0,1,6,7,8,13,15,17,22,26,27,28,35,36,43,45,47,50,52,54,58,61,64,66,67,72,73,75,77,78,82,84,85,86,88,92,94,96,99,101,104,106,111,113,116,117,118,120,121,124,129,132,134,135,141,143,149,151,153,158,159,161,164 "33";
34 135 0 3,4,6,7,10,11,13,14,15,17,20,22,23,24,27,30,39,41,42,45,48,49,54,55,57,58,59,61,63,65,67,71,72,73,74,75,80,82,83,85,86,89,91,92,96,97,98,99,100,101,103,105,106,107,108,112,113,114,118,119,126,128,130,134,136,139,141,143,144,146,149,153,154,156,158,161,162,164 "34";
35 62 1 1,5,7,10,12,14,16,17,18,20,22,25,26,27,30,33,35,37,39,40,42,44,49,50,54,57,58,61,63,67,69,71,74,75,76,78,80,84,86,89,90,94,96,98,101,104,108,115,116,118,124,128,130,134,136,138,141,144,145,147,148,149,152,160,161,164,166 "35";
36 2 0 3,8,30,47,56,72,77,108,125,130,141,155,160 "36";
37 50 1 20,23,57,96 "37";
38 47 1 2,6,9,11,21,27,41,42,52,59,65,68,75,79,82,88,95,98,100,101,127,129,141,151,161 "38";
39 29 1 0,1,2,4,9,10,12,14,16,17,18,21,24,25,27,29,32,35,37,40,41,43,44,45,47,49,51,53,54,57,59,62,68,73,74,75,77,79,80,82,84,86,87,88,90,93,95,98,101,102,104,105,106,107,109,112,115,116,121,122,123,124,126,127,131,132,135,137,140,145,146,148,149,151,153,155,160,164,166 "39";
40 40 0 2,7,15,21,24,30,37,44,46,48,52,56,63,69,72,73,75,90,103,109,117,123,130,131,143,145,151,155,161,166 "40";
41 17 1 3,6,8,12,13,18,23,30,33,36,45,56,57,65,68,72,75,96,115,116,118,129,139,146,152,154,157,160,164 "41";
42 87 0 2,7,20,21,26,28,42,47,61,66,70,75,93,94,101,104,112,115,119,126,142,147,149,153,154,157,159,160 "42";
43 28 1 0,4,7,11,16,21,22,28,29,31,34,41,42,46,48,50,52,55,60,62,64,74,78,83,85,90,93,94,96,106,109,112,114,118,123,126,128,132,134,138,140,143,145,156,158,159,164,165 "43";
44 30 0 9,43,45,56,118,138,148 "44";
45 149 1 2,6,14,16,25,32,34,35,43,44,50,51,58,62,64,67,70,76,82,86,96,109,112,117,120,123,127,128,131,135,139,146,148,152,153,157,159 "45";
46 125 1 1,2,5,7,9,11,12,14,17,19,20,24,29,31,32,34,36,39,42,46,49,50,51,53,55,58,62,65,71,73,75,76,78,81,84,86,88,92,95,97,99,101,102,105,106,110,112,113,116,118,120,122,123,125,129,132,134,137,139,140,141,142,144,147,148,150,155,158,160,162,163,164,166 "46";
47 135 0 1,5,7,9,10,13,18,19,23,25,30,31,33,34,35,38,39,40,45,46,48,51,55,58,60,61,63,64,66,69,73,75,76,81,82,84,85,86,90,92,96,100,104,105,108,110,112,117,119,122,124,126,130,131,135,137,140,141,142,144,147,151,154,158,159,161 "47";
48 75 0 3,8,16,18,19,22,30,32,33,37,41,42,44,58,74,83,91,92,93,94,96,103,108,112,119,124,139,141,143,146,161,166 "48";
49 36 0 0,3,5,10,14,22,30,32,35,38,42,44,47,59,70,71,74,82,84,88,90,98,102,104,108,111,113,115,134,139,141,142,146,149,152,156,160 "49";
50 87 1 0,2,3,5,6,10,17,19,20,21,23,26,27,30,32,34,43,44,48,51,52,54,62,73,75,80,83,84,88,90,92,94,99,101,104,105,108,110,113,118,125,133,138,139,143,150,152,155,158,161,162,163,166 "50";
51 40 0 1,4,5,7,9,12,14,15,18,22,23,26,28,30,39,45,46,52,63,65,67,69,76,78,80,83,86,90,96,99,101,104,111,113,115,117,121,125,130,133,142,148,153,159,160,162 "51";
52 128 0 1,2,5,9,15,20,23,24,26,28,31,35,36,41,42,44,46,47,51,54,58,60,64,76,79,81,82,85,97,106,119,120,125,131,136,138,139,144,147,159,160 "52";
53 8 0 12,16,37,93,135 "53";
54 15 0 1,3,6,9,11,16,18,20,24,27,28,31,33,35,39,45,47,49,51,52,54,57,64,70,72,75,81,83,85,87,89,91,93,95,98,101,110,116,118,119,122,123,126,127,130,132,134,135,136,138,139,144,145,147,149,151,153,155,159,162,163,165 "54";
55 7 0 1,3,6,8,9,10,13,15,16,17,20,22,25,27,31,33,35,37,40,43,44,49,53,56,57,59,61,63,65,66,68,69,72,73,76,78,79,81,83,85,87,88,90,92,93,95,96,103,104,106,107,109,112,115,116,118,120,122,124,126,128,133,134,136,139,142,143,145,147,149,150,152,153,155,156,159,160,164,165 "55";
56 89 0 3,5,6,8,14,16,18,20,22,26,28,29,31,33,35,41,45,47,49,52,54,55,59,62,64,66,67,69,73,76,80,84,86,89,92,96,98,103,106,107,113,115,119,120,121,123,128,129,131,134,135,137,139,145,147,150,152,154,158,161,162,164 "56";
57 107 1 0,2,3,4,6,7,9,10,12,17,18,21,24,27,29,30,34,36,37,38,40,43,45,46,48,50,51,53,57,58,60,61,63,64,68,69,72,73,75,78,80,81,82,85,87,88,91,96,97,99,100,101,103,106,107,109,110,114,116,118,119,121,127,129,131,132,134,136,137,139,141,145,147,150,151,153,154,156,157,158,159,162,164,166 "57";
58 89 1 1,8,11,15,17,19,20,21,23,25,27,30,36,41,44,46,54,58,60,61,62,66,74,75,77,80,81,88,100,103,106,108,112,114,117,118,120,122,128,130,138,147,148,149,152,154,155,159,160 "58";
59 122 0 0,1,2,7,9,11,13,16,18,19,21,22,24,25,26,28,29,30,33,36,37,38,40,43,45,50,53,59,60,62,63,64,68,69,70,72,76,77,80,82,84,90,91,93,96,97,99,100,104,105,107,108,111,114,117,118,119,122,126,129,130,132,134,136,140,142,144,146,147,150,152,153,156,159,161,162,166 "59";
60 130 1 1,2,3,13,22,26,28,31,33,35,37,39,40,41,42,44,47,51,54,57,58,60,63,65,69,70,75,77,79,80,84,85,87,88,91,97,102,105,109,110,112,115,116,117,122,123,124,127,129,131,133,135,136,138,139,141,142,149,151,153,158,163,166 "60";
61 107 0 0,3,15,25,27,29,34,36,39,48,52,54,70,74,81,87,95,98,114,126,129,148,152,159,162 "61";
62 153 1 0,7,11,15,17,23,26,28,30,32,38,43,48,50,52,53,55,59,60,64,65,67,73,76,77,78,80,86,87,94,96,98,101,102,110,115,121,124,127,130,133,136,140,142,146,148,151,154,164,166 "62";
63 146 1 0,4,5,8,9,11,13,14,15,21,22,26,28,31,35,38,39,42,43,45,47,49,50,53,54,56,57,60,62,65,67,68,70,73,74,76,81,83,85,87,88,89,91,95,96,98,100,102,105,106,108,110,112,114,116,120,123,125,126,128,129,131,133,135,137,139,142,146,147,149,151,152,154,155,160,165 "63";
64 126 0 10,29,31,35,40,59,63,76,82,89,90,95,107,110,116,118,120,143,145,151,152,157,159 "64";
65 99 0 2,58,114,124 "65";
66 49 1 0,1,9,10,13,15,16,17,21,24,26,27,30,31,33,36,39,40,44,48,50,53,54,56,58,67,69,72,74,76,79,83,87,88,95,96,99,102,103,105,108,110,115,118,121,126,128,133,144,148,151,153,154,156,160,164,166 "66";
67 6 0 8,15,19,25,34,37,40,49,55,57,74,76,78,90,96,103,118,131,133,135,140,143,146,153,157,159,162 "67";
68 110 0 1,2,19,21,26,32,37,58,63,66,68,75,82,91,95,101,104,107,109,113,119,123,127,144,156,162,164 "68";
69 130 1 0,1,3,4,5,7,11,15,18,19,23,25,26,28,30,31,33,35,37,39,41,44,46,47,48,50,51,53,54,58,59,61,63,65,67,69,75,77,78,80,81,83,84,85,87,88,89,91,95,99,100,103,105,110,111,121,123,125,126,128,132,135,137,138,141,142,144,145,147,148,150,151,152,154,155,156,158,160,163,165,166 "69";
70 93 0 7,22,30,35,38,54,56,78,80,81,84,96,104,116,122,125,129,131,152,155,165 "70";
71 128 1 32,43,63,71,90,106,114,125,129,138,153 "71";
72 56 0 28,41,59,72,144,147 "72";
73 112 1 7,8,13,17,26,33,72,73,77,79,95,112,115,116,118,138,150 "73";
74 58 0 2,8,9,13,17,18,24,25,28,34,38,41,43,48,52,55,60,73,76,83,85,90,94,99,104,105,109,110,128,130,135,139,141,145,148,152,153,159,163 "74";
75 114 0 1,4,6,8,10,15,17,18,19,20,23,25,26,28,29,31,32,35,37,44,47,48,53,57,58,61,62,65,66,70,72,76,79,84,88,89,90,92,94,95,98,100,103,105,106,109,112,114,116,117,120,121,122,124,126,127,131,132,136,137,144,147,149,158,159,161,163,166 "75";
76 70 0 1,4,6,8,9,10,13,15,18,21,22,26,28,33,35,41,44,46,50,52,55,56,57,63,67,70,73,74,77,79,81,85,86,88,91,94,99,102,106,109,115,116,118,120,122,123,129,131,136,138,143,145,146,147,149,151,153,154,158,159,164,166 "76";
77 52 0 3,4,8,9,10,16,17,18,30,33,38,41,42,43,45,47,51,57,61,66,70,73,75,76,79,82,84,85,88,89,95,98,102,103,104,107,109,116,120,121,124,125,133,138,140,143,151,153,155,156,157,159,160,162 "77";
78 122 1 0,4,5,7,9,11,13,14,18,21,22,24,29,31,32,34,37,40,42,46,51,56,57,58,61,66,68,69,70,72,76,78,80,83,84,86,89,90,92,95,96,98,99,104,107,109,111,113,114,117,118,120,123,125,127,128,131,134,137,139,145,147,151,153,155,156,162,164,165,166 "78";
79 123 1 1,7,9,11,16,24,29,38,42,47,50,53,59,60,64,65,68,80,84,87,91,95,100,102,103,110,117,120,128,132,134,136,137,140,144,146,148,150,156,161,162,165 "79";
80 126 1 0,4,20,23,27,31,49,57,58,59,66,68,69,70,75,78,79,84,88,95,100,101,103,106,111,118,124,132,134,137,139,144,145,152,163,165 "80";
81 33 1 3,10,24,65,84,86,108,140 "81";
82 37 1 0,5,7,12,13,15,17,18,22,24,28,30,32,33,41,42,44,46,48,51,54,56,60,62,66,67,68,70,71,73,74,76,79,80,84,88,93,99,101,105,108,111,112,114,115,120,121,125,127,128,130,134,135,136,137,141,142,145,148,149,152,157,161,162,164 "82";
83 165 0 20,26,41,50,55,65,68,74,78,84,90,102,103,106,113,130,132,134,144,148,154,157,164,165 "83";
84 62 0 0,1,6,7,9,13,14,16,17,19,21,24,28,32,33,34,39,42,45,51,58,63,67,68,70,77,79,83,85,86,88,91,93,96,99,102,103,105,109,110,111,112,114,116,118,125,129,130,132,134,135,138,140,142,147,150,152,153,156,157,159,160,161,163,165 "84";
85 100 1 1,5,6,11,14,15,18,20,21,27,32,34,38,40,41,42,44,45,47,49,52,53,55,57,58,62,63,65,67,68,71,73,75,76,77,78,80,82,85,88,90,91,93,95,96,97,100,102,103,105,107,108,111,113,114,116,117,120,121,123,125,127,128,130,131,133,135,136,138,139,142,144,145,146,149,150,153,155,157,158,161,162,165 "85";
86 49 1 0,2,3,6,10,12,15,21,23,26,29,31,32,35,36,38,42,45,46,48,50,54,60,62,63,68,70,72,73,78,80,81,83,86,94,96,97,99,100,103,105,106,108,110,111,112,115,119,122,123,125,126,127,129,133,135,137,139,143,145,148,152,154,156,158,161,164,166 "86";
87 16 0 9,34,39,47,59,62,70,76,78,81,106,112,115,120,124,130,131,135,137,143,144,153,158 "87";
88 14 0 0,3,5,6,7,9,16,17,20,21,23,25,27,28,31,34,35,37,40,42,45,46,48,51,53,54,56,57,59,62,63,65,67,68,72,73,78,80,81,83,84,86,88,89,92,96,98,100,104,106,108,109,111,113,116,119,122,123,125,126,128,132,136,138,140,141,144,146,147,149,152,155,160,161,164,166 "88";
89 136 1 2,6,7,13,29,34,37,55,65,72,76,97,100,106,115,118,122,133,134,137,153,156,162 "89";
90 14 1 6,14,25,34,59,77,131,153,154 "90";
91 8 1 0,4,7,9,10,11,13,15,17,19,21,23,27,28,29,30,32,35,38,40,42,45,47,49,50,51,53,55,56,57,58,62,64,65,68,70,71,73,74,77,83,86,87,89,91,94,95,98,100,103,106,108,110,112,114,116,118,123,124,126,127,130,131,132,134,136,137,141,143,147,150,152,153,156,158,159,160,162,165,166 "91";
92 85 1 1,3,11,13,23,25,26,28,32,33,41,42,45,46,49,56,61,63,65,66,67,70,71,73,81,83,88,89,93,95,102,104,107,108,109,111,114,116,119,120,122,126,128,134,136,138,141,142,147,150,153,154,158,160,161,164 "92";
93 85 1 2,17,22,24,32,42,43,45,46,48,53,55,56,57,60,65,66,67,70,76,81,95,96,103,108,110,112,115,125,128,136,139,143,150,153,158,159,161 "93";
94 83 1 15,60,72,86,89,164 "94";
95 163 1 1,5,6,7,10,12,16,20,21,24,34,48,49,50,57,59,61,68,72,78,83,85,87,89,90,93,99,103,114,117,118,120,122,123,133,134,137,139,143,146,155,159,160,162,163,165 "95";
96 124 1 4,12,17,39,59,104,116,121,130,144,152,161 "96";
97 114 0 4,7,8,10,11,16,19,22,24,26,28,30,36,40,43,44,47,50,52,54,56,57,59,70,75,76,79,81,87,89,90,92,100,106,109,112,115,116,118,119,122,123,125,128,130,134,135,139,142,144,146,149,150,153,155,156,158,160,161,162,165 "97";
98 4 0 1,4,5,16,18,30,41,54,56,65,67,69,73,91,96,103,105,122,127,140,151,161,163 "98";
99 55 0 7,23,55,80,89,93,136,138,156 "99";
100 133 1 0,1,3,10,11,13,20,21,24,27,29,30,32,33,35,40,41,42,45,48,50,52,54,55,57,60,61,64,68,71,72,74,76,77,78,86,87,89,90,92,97,99,100,101,103,104,106,109,110,111,113,115,116,117,118,122,124,126,129,130,131,133,134,138,139,141,142,144,147,151,153,156,157,159,160,162,166 "100";
101 108 0 0,2,4,7,8,12,15,19,22,23,25,30,31,35,39,40,41,43,45,47,48,51,53,56,57,59,61,63,70,71,73,74,75,77,79,81,82,83,86,88,91,92,93,94,97,99,101,104,106,108,110,111,114,116,117,119,121,122,124,128,130,131,133,134,136,142,144,146,147,149,152,153,155,157,158,161,162,163,165,166 "101";
102 100 0 3,7,18,30,33,36,38,40,55,57,81,84,88,93,100,131,132,134,140,146 "102";
103 116 0 2,8,24,36,38,40,52,56,63,67,72,76,81,86,91,98,102,121,131,142,144,146,150,152,157,160 "103";
104 91 1 1,3,5,6,8,12,15,17,18,20,26,37,38,43,45,47,50,52,55,56,59,61,66,68,73,80,81,82,86,88,90,93,94,96,97,99,100,106,107,109,111,112,113,115,118,120,121,122,123,124,126,130,133,138,140,142,143,144,146,149,151,154,156,157,159,162,163,166 "104";
105 60 0 12,54,57,62,73,88,90,122,131,134,140,155,162,164 "105";
106 100 0 13,17,45,113 "106";
107 113 1 0,2,4,6,8,11,12,15,16,18,21,24,26,27,32,33,36,37,39,40,42,44,47,51,52,54,59,60,62,63,67,69,72,73,75,77,79,83,84,85,86,90,91,92,94,96,99,101,104,105,108,109,111,115,117,119,120,123,126,127,129,131,132,134,135,137,139,141,143,144,147,150,151,154,155,157,158,160,162,165,166 "107";
108 59 0 8,27,30,41,50,59,62,67,82,93,94,99,101,107,118,125,127,128,138,143,144,147,151,156,165 "108";
109 51 1 1,3,4,6,8,15,17,23,26,27,30,33,35,36,41,42,45,50,55,60,65,67,71,74,77,88,89,91,93,95,97,100,102,106,109,113,116,118,119,122,123,131,135,140,143,145,150,152,153,156,159,160,162,165 "109";
110 101 1 0,3,4,7,9,10,12,15,16,17,18,21,25,27,30,37,39,40,45,47,49,50,51,53,58,61,66,67,69,76,77,79,81,83,86,88,90,92,94,96,97,100,105,106,107,108,110,111,113,114,115,117,120,122,125,128,131,133,136,137,139,141,144,146,147,149,156,157,159,161,163,164,165 "110";
111 13 1 1,6,8,10,18,20,22,28,32,41,44,45,52,54,56,59,61,63,65,69,74,77,83,84,101,109,110,116,118,127,131,132,134,136,140,141,143,146,150,154,156,160,164,166 "111";
112 159 1 4,6,13,14,16,17,20,26,28,32,34,37,38,41,42,45,47,48,50,51,54,59,66,68,71,77,84,85,89,90,92,93,94,96,100,103,105,108,109,116,117,119,122,123,125,127,132,134,139,142,144,151,152,156,158,159,163,165 "112";
113 80 1 0,2,4,6,9,10,11,13,16,18,20,22,24,26,28,32,34,35,37,41,42,45,48,49,51,55,56,61,63,64,65,67,69,71,73,74,77,81,82,84,88,89,91,92,93,94,101,102,105,107,108,110,112,114,115,117,118,119,121,123,125,126,127,128,131,135,137,141,142,143,145,146,153,155,157,159,160,161,162,166 "113";
114 138 0 1,2,3,4,6,7,8,10,11,14,24,26,28,30,33,34,35,39,40,41,43,46,47,50,52,53,56,58,61,65,67,68,69,71,72,73,75,76,78,80,82,83,86,87,90,94,97,99,101,105,106,109,110,118,129,130,133,134,136,138,139,141,143,144,145,146,152,155,156,157,161,163,165 "114";
115 67 0 1,5,7,10,18,29,41,42,54,75,83,91,101,115,124,153 "115";
116 108 0 31,45,74,80,97,129,143,148 "116";
117 96 1 2,16,38,69,75,162 "117";
118 65 0 33,53,57,79,106,129,144,147,154 "118";
119 136 0 23,56,75,97,115,124,140,155,159 "119";
120 16 0 6,22,28,39,41,44,47,57,60,64,65,71,90,92,104,106,110,114,115,117,118,121,126,134,141,146,156,158,162 "120";
121 122 0 4,5,7,12,13,14,16,18,25,28,32,34,36,38,42,44,49,52,56,58,59,62,66,69,74,77,88,92,96,99,101,102,107,110,116,121,125,128,139,141,143,144,145,147,150,152,155,161,165 "121";
122 27 1 23,24,41,48,50,76,97,112,115,127,142,146,148,150 "122";
123 30 1 1,2,3,6,10,13,14,20,23,30,32,33,35,37,39,40,43,46,50,54,56,58,62,63,66,70,75,77,79,84,86,87,88,89,91,94,95,101,105,108,114,117,119,121,124,125,128,129,136,138,142,144,145,148,149,155,162,165 "123";
124 51 1 0,3,5,8,13,15,25,27,31,39,43,44,51,53,54,56,63,66,70,72,77,80,82,85,88,91,93,95,97,113,114,116,117,124,127,132,134,135,139,142,166 "124";
125 37 1 45,52,133 "125";
126 122 1 0,1,3,4,8,14,16,21,24,29,31,35,43,47,55,60,61,64,65,66,68,69,73,75,78,85,86,89,90,93,104,106,107,115,117,119,123,125,137,138,151,152,155,157,160,162 "126";
127 166 1 2,5,6,12,16,17,18,24,31,33,36,38,40,41,46,49,60,65,69,75,81,82,88,91,94,99,108,110,115,122,124,127,129,133,135,137,139,141,146,154,160 "127";
128 31 0 0,6,7,9,12,13,14,18,26,36,37,39,40,41,42,44,45,51,54,56,62,64,65,69,72,75,77,80,82,83,87,91,103,104,117,119,120,124,126,128,129,131,135,139,142,149,154,156,158,159,161,162,165 "128";
129 59 0 3,9,10,12,13,18,19,20,23,27,28,30,37,40,41,43,44,54,59,61,65,66,69,73,76,79,82,84,90,95,97,99,106,109,113,115,120,125,128,141,143,146,149,150,152,154,156,165,166 "129";
130 51 0 3,6,12,17,21,27,29,31,34,77,84,86,90,92,97,100,104,115,118,129,130,147,157,159,163 "130";
131 155 1 1,4,8,10,13,15,16,19,22,29,42,46,47,50,57,64,73,76,80,83,86,88,90,100,102,108,113,116,117,119,121,122,124,128,134,139,140,143,148,150,152,158,162 "131";
132 63 1 3,5,7,10,13,15,17,20,26,29,30,32,33,34,37,38,43,50,53,57,60,65,68,71,76,80,83,85,88,91,96,98,101,105,115,117,119,121,125,126,128,131,133,135,137,139,141,142,145,147,150,151,153,155,158,159,165 "132";
133 125 0 2,11,14,23,27,28,30,36,38,42,47,69,80,82,93,99,102,115,131,136,141,145,146 "133";
134 88 1 0,2,3,9,11,16,18,21,23,25,26,28,33,35,37,38,41,46,48,50,52,54,57,58,61,63,66,71,72,76,78,79,81,82,83,87,88,89,91,92,94,95,97,98,102,107,109,111,112,114,116,117,119,120,121,125,129,131,134,136,138,140,142,143,145,147,149,152,154,155,156,157,158,159,161,165 "134";
135 98 1 0,2,3,5,9,15,16,18,24,28,30,32,35,36,38,39,41,44,45,48,53,54,56,58,59,65,70,76,77,80,82,83,86,88,89,91,92,95,97,99,100,102,115,117,119,126,127,133,135,137,140,146,147,149,150,155,158,161,164,166 "135";
136 121 1 3,5,7,13,14,16,17,18,21,24,25,31,34,38,40,41,43,46,49,52,54,55,57,60,63,64,67,70,72,74,75,79,80,88,91,92,97,99,101,106,109,110,111,114,116,117,119,121,124,125,127,133,134,137,140,141,144,147,148,151,152,154,156,157,161,162,164,166 "136";
137 25 1 1,3,6,9,10,12,13,16,17,21,23,25,27,28,30,34,35,37,38,40,43,44,46,52,53,55,56,57,61,62,64,65,67,68,69,72,74,75,76,77,79,82,84,89,92,93,97,99,100,106,109,111,113,115,117,122,125,126,131,133,134,136,137,140,141,142,144,146,149,150,152,154,156,158,160,164,165,166 "137";
138 74 0 0,4,15,21,22,27,29,35,44,50,62,68,74,77,88,93,97,100,102,104,119,122,125,131,132,134,136,145,147,150,151,155,165 "138";
139 56 0 2,4,6,7,15,17,20,24,27,35,36,40,41,44,47,48,56,58,68,70,73,85,87,90,94,95,97,106,109,113,123,124,128,131,134,144,147,151,153,154,157,160 "139";
140 20 0 3,5,8,13,17,21,24,27,30,32,35,39,50,52,54,59,61,64,71,74,91,102,105,115,116,122,127,128,134,139,143,145,150,152,154,155,166 "140";
141 124 1 0,4,5,11,19,24,25,27,30,32,33,35,38,40,47,52,53,56,60,63,66,67,70,72,73,76,78,79,81,82,85,93,94,96,98,101,105,109,111,113,115,116,121,123,126,128,132,135,136,138,139,141,148,149,151,153,156,158,159,161,163,165 "141";
142 81 1 1,3,4,5,6,14,17,18,22,23,24,26,27,28,30,32,34,38,42,46,47,49,51,53,55,57,58,59,61,62,64,69,70,73,74,82,84,85,88,95,96,99,104,113,114,115,118,119,121,126,127,134,136,139,143,153,157,159,163,165 "142";
143 4 0 2,3,5,7,12,21,24,27,29,30,31,34,35,37,39,41,42,45,47,49,52,55,56,59,60,62,64,67,73,77,78,82,84,85,88,92,97,101,102,110,111,113,115,116,118,126,131,133,135,137,142,145,151,154,160,162,163,165,166 "143";
144 140 0 1,2,7,10,12,13,14,21,23,24,32,33,35,43,44,46,48,49,50,52,59,61,63,65,67,69,70,75,76,78,80,82,83,85,87,90,93,94,96,97,99,106,108,111,113,114,117,121,127,128,129,131,133,139,146,147,151,153,158,159,165 "144";
145 69 1 2,6,7,9,14,19,21,23,24,27,28,37,38,45,46,48,51,56,58,65,67,69,71,73,75,79,81,86,87,89,91,98,102,107,110,114,117,122,124,127,130,132,135,140,141,142,145,146,148,151,153,160,164,165 "145";
146 54 1 0,1,5,6,7,10,14,15,16,19,21,22,24,26,28,29,31,34,36,37,38,41,42,43,45,46,48,50,51,53,55,56,58,63,65,66,70,71,75,77,79,82,85,94,97,99,101,102,104,106,109,110,113,114,116,118,121,123,125,126,130,131,132,134,136,137,138,139,141,142,144,145,148,149,151,152,157,158,159,161,162,164,165,166 "146";
147 6 0 8,18,25,30,32,38,68,75,92,96,122,130,141,143,166 "147";
148 135 0 16,35,43,53,58,63,65,66,77,81,85,89,91,94,96,98,117,122,136,141,146 "148";
149 152 1 4,8,11,31,34,35,37,46,58,65,68,71,77,91,92,96,103,117,119,123,125,128,130,132,136,142,143,147,149,155,159,165 "149";
150 165 1 4,23,28,31,32,33,40,47,49,59,64,77,82,91,110,126,128,133,151,154,165 "150";
151 27 0 1,3,6,15,18,20,22,26,28,29,34,35,36,40,42,44,46,50,52,55,59,61,63,65,67,68,70,73,77,81,83,86,89,98,100,103,111,113,114,122,123,130,132,134,136,144,147,149,153,154,164,165 "151";
152 136 1 0,1,2,9,12,18,21,23,24,25,27,28,29,31,34,35,39,40,45,47,48,50,51,54,55,57,58,59,61,62,64,65,67,70,72,75,77,80,83,87,89,91,92,95,98,99,101,104,105,113,115,117,120,122,126,129,131,132,136,144,145,147,149,153,155,156,160,161,164,165,166 "152";
153 151 0 10,12,18,39,47,59,62,65,71,75,78,88,94,97,99,103 "153";
154 0 1 7,13,20,29,33,36,37,39,42,45,47,56,61,65,69,75,86,92,94,96,98,99,103,108,113,117,123,144,146,156,158,162,164 "154";
155 76 1 0,2,5,14,21,27,29,32,33,36,39,42,43,44,46,52,55,58,64,66,67,70,72,76,78,80,82,85,88,89,90,95,97,98,100,101,106,111,114,115,121,123,126,127,130,131,133,135,137,140,141,142,145,148,154,158,166 "155";
156 157 0 9,18,24,35,63,64,67,68,87,88,89,96,97,99,105,112,115,122,135,137,140,148,152,156,158 "156";
157 58 1 3,9,14,17,32,38,40,52,59,61,68,75,78,90,94,99,118,126,132,135,165 "157";
158 128 1 1,11,13,14,16,20,22,24,25,27,29,32,33,37,41,45,46,52,55,65,67,70,75,76,79,87,89,91,96,97,105,106,108,111,112,116,119,121,123,127,131,135,137,139,144,147,150,154,157,158,162 "158";
159 98 0 0,1,3,6,8,11,14,15,18,19,21,25,27,28,30,31,35,37,38,42,44,45,47,49,52,54,55,58,60,63,65,69,70,72,74,76,77,82,84,85,86,88,90,99,100,101,103,108,109,111,112,114,117,120,124,125,127,132,134,135,139,144,145,147,148,154,155,157,159,161,163 "159";
160 157 0 3,46,54,58,83,84,100,102,112,120,122,137,139,150,156 "160";
161 140 0 5,8,10,13,19,30,36,37,39,41,45,48,51,67,77,79,87,90,91,93,106,109,110,114,119,121,126,134,136,143,144,149,151 "161";
162 66 1 1,2,4,7,8,9,12,15,16,18,20,22,24,26,27,28,31,33,37,39,43,45,48,51,52,63,68,71,73,75,76,77,79,84,87,93,94,98,100,101,105,109,112,114,115,117,118,121,124,125,128,129,131,132,134,136,137,139,142,143,150,152,155,158,159,163 "162";
163 97 0 0,14,21,36,48,59,62,63,73,84,87,92,98,119,121,123,130,145,151,153,166 "163";
164 57 0 1,5,8,10,14,17,18,19,20,22,24,26,29,31,33,36,38,40,41,44,46,48,49,50,52,55,58,59,61,62,63,65,70,72,74,77,78,80,81,82,86,88,90,91,93,95,100,102,104,108,112,115,121,124,125,126,128,131,134,138,139,141,143,147,150,153,155,157,158,160,162,164,166 "164";
165 57 1 2,6,11,13,14,16,19,21,27,28,30,35,40,43,49,54,60,61,68,78,84,86,88,94,99,105,110,112,115,120,122,124,129,130,133,136,141,152,161,166 "165";
166 108 1 1,3,29,40,44,50,53,57,83,87,89,94,97,99,101,107,109,112,117,125,131,136,138,140,143,158,165 "166";
