parity 143;
0 130 0 0,2,6,9,10,12,14,16,22,23,26,29,33,36,40,44,50,53,54,60,62,63,64,66,67,69,73,77,79,80,87,91,92,93,94,96,97,99,103,104,106,107,109,112,114,116,121,124,126,127,128,130,132,134,139 "0";
1 39 0 2,6,8,10,13,15,17,21,24,26,33,35,36,38,40,41,42,43,47,51,52,53,56,58,59,62,65,66,69,70,72,75,76,77,78,79,82,85,86,89,91,92,94,95,97,99,101,103,107,110,113,117,118,123,124,126,127,129,130,132,136,138,140 "1";
2 97 0 1,2,5,6,9,11,13,17,18,21,23,24,25,29,31,33,35,36,37,38,40,42,45,47,49,51,54,56,57,60,62,63,67,72,74,75,77,79,81,83,84,89,92,95,96,100,102,109,110,112,114,121,124,126,130,135,137,141 "2";
3 93 1 0,1,3,4,5,9,13,15,17,18,22,25,28,29,30,32,34,35,41,46,48,52,53,57,58,61,65,67,68,74,76,84,88,89,93,96,100,101,102,104,105,111,113,119,121,123,125,126,129,132,137,141,143 "3";
4 26 1 3,5,6,7,11,14,15,21,23,26,28,31,32,34,40,41,44,46,50,52,56,59,61,65,71,72,75,76,81,82,84,86,88,91,96,103,106,108,113,117,119,127,136,143 "4";
5 36 0 2,6,9,18,29,33,37,41,69,84,90,94,99,101,102,114,116,129,131,133 "5";
6 37 0 0,3,4,6,14,31,34,44,47,48,56,58,66,71,74,77,84,94,99,107,111,117,130,133,137,142 "6";
7 115 0 0,6,7,10,11,14,18,21,23,24,26,28,34,43,46,47,49,51,56,58,62,66,73,74,78,80,82,84,87,88,104,107,111,113,117,120,122,127,131,133,134,137,139 "7";
8 90 0 0,11,13,14,15,20,25,36,38,39,43,46,50,52,54,55,58,63,64,67,68,72,74,77,79,82,85,87,91,92,97,99,101,103,107,110,111,112,114,115,117,118,119,121,125,127,128,133,136,138,141,143 "8";
9 107 1 3,9,12,13,16,19,23,24,25,30,34,38,42,43,49,50,54,58,61,62,64,67,77,79,81,82,84,90,94,98,102,104,106,109,112,115,117,120,124,128,131,134,137,140,141,143 "9";
10 31 1 0,3,5,11,13,18,19,20,27,28,29,31,35,36,38,42,45,46,49,51,54,56,59,65,66,69,72,73,74,77,79,83,86,88,90,97,102,106,108,111,112,114,118,119,123,126,129,133,137,139,140,142 "10";
11 16 1 1,10,23,27,29,40,43,47,49,53,55,58,65,71,72,75,84,88,89,91,93,105,109,116,119,125,137,139 "11";
12 3 1 7,8,10,13,15,17,19,21,23,27,28,29,34,41,44,48,50,56,62,66,69,74,81,85,93,97,99,101,104,106,109,114,116,120,125,130,135,136,140,142 "12";
13 55 1 45,57,79,88,108,113,134,140 "13";
14 60 0 0,1,2,4,6,7,9,11,15,16,23,24,26,27,29,30,32,39,42,49,51,53,60,64,66,67,72,74,78,79,82,84,86,88,92,94,96,101,104,107,108,110,111,115,116,119,123,125,126,127,129,134,135,137,139,140,143 "14";
15 115 0 20,22,23,35,38,45,49,52,61,68,81,85,106,126,128,132,139 "15";
16 27 0 0,1,3,5,10,12,16,18,22,23,24,26,30,34,37,39,41,45,47,50,52,53,54,60,62,65,67,69,70,72,73,77,79,82,84,86,87,88,90,91,92,94,97,98,99,102,108,112,113,115,116,121,125,128,129,131,133,139,140,143 "16";
17 74 0 0,5,8,11,13,15,19,21,22,24,28,31,33,34,36,42,49,56,58,60,64,70,78,85,87,89,95,100,109,110,120,128,131,137 "17";
18 30 0 0,1,3,5,10,12,15,26,28,30,33,34,35,37,38,39,42,46,55,57,58,62,64,66,67,68,70,74,75,77,78,80,81,84,87,88,93,94,97,99,100,101,102,104,105,108,110,112,114,115,118,126,127,129,135,137,138,141,143 "18";
19 134 1 19,26,91,118,135 "19";
20 69 1 2,4,5,7,9,13,15,19,20,23,24,26,27,29,30,31,32,35,38,39,43,46,49,52,57,66,67,71,73,76,77,82,87,90,96,99,100,102,103,105,107,112,114,116,117,118,121,127,132,133,137,139,141,143 "20";
21 108 0 12,14,33,48,51,55,60,65,67,81,86,99,107,128 "21";
22 32 0 3,5,8,9,11,13,14,22,26,29,34,39,46,47,56,65,67,73,78,91,94,95,97,103,104,106,111,112,115,118,122,124,129,133,140,141,142 "22";
23 86 0 3,6,7,9,11,13,14,16,20,21,25,27,31,33,42,44,47,48,50,51,53,54,60,64,68,72,74,75,80,83,85,90,97,100,107,109,116,118,120,122,126,129,131,137,139,141,142 "23";
24 127 0 4,20,22,41,58,70,74,75,76,78,84,91,100,106,108,109,111,117,118,122,126,127,130,133,139 "24";
25 21 0 7,10,14,17,18,26,31,37,43,46,58,61,70,72,83,90,101,103,104,111,122,126,132,139,141 "25";
26 51 1 4,5,9,14,24,40,43,46,51,53,54,58,63,68,75,80,92,93,97,98,101,105,109,115,117,122,124,129,134,136,139 "26";
27 58 0 15,16,23,34,38,43,71,75,94,105,139 "27";
28 143 0 0,2,3,5,6,8,9,10,11,15,16,18,20,22,23,25,27,28,29,31,33,35,36,42,44,45,49,51,53,55,57,61,63,64,66,68,70,72,74,76,78,81,83,85,89,91,92,95,97,98,101,103,104,107,111,113,115,117,119,121,122,124,126,131,132,133,136,138,140,141,143 "28";
29 121 1 2,4,7,10,14,17,31,36,39,44,46,50,52,56,61,63,64,66,68,73,76,81,83,86,93,96,99,109,115,116,118,120,124,126,127,141,142,143 "29";
30 141 0 0,2,5,7,9,13,14,21,26,34,35,38,40,46,51,52,59,62,74,75,81,86,90,94,96,98,101,115,117,121,125,130,137,142 "30";
31 21 1 2,14,19,23,25,26,39,42,43,44,60,63,71,82,83,88,97,105,110,114,134,143 "31";
32 17 0 0,8,13,15,20,22,30,36,52,58,99,118,126 "32";
33 53 1 0,4,5,7,10,11,12,13,15,16,21,24,27,30,32,34,42,43,45,47,49,51,53,54,59,61,62,68,70,71,72,75,77,78,79,80,84,86,88,89,90,92,94,96,98,101,102,105,106,107,111,113,116,117,119,125,126,128,129,131,132,133,137,138,140,142 "33";
34 68 0 10,16,33,36,42,52,58,67,69,82,98,101,109,119,121,131,133,134,138,143 "34";
35 48 1 2,31,59,63,69,90,93,140 "35";
36 119 0 0,3,15,16,22,26,28,29,35,38,48,53,69,76,80,91,94,95,99,100,105,108,109,114,134,142 "36";
37 5 1 5,10,12,14,19,20,25,27,28,31,33,39,40,44,45,47,50,51,55,58,60,61,65,67,69,72,76,85,86,94,95,96,98,100,103,106,109,111,118,121,126,128,130,131,134,140 "37";
38 41 0 12,19,37,59,65,82,83,111,119,124,127,130,136,140 "38";
39 13 0 1,3,5,9,11,13,14,16,18,19,22,23,25,26,28,30,31,33,36,37,42,43,44,50,52,55,58,59,61,63,64,65,70,71,74,76,79,80,84,85,88,91,93,95,96,99,103,105,109,110,112,113,114,117,118,119,123,125,128,131,132,134,135,136,138,143 "39";
40 82 0 3,5,11,13,16,21,23,27,33,35,38,44,50,52,54,63,73,77,81,89,91,93,95,99,100,103,104,106,111,112,118,126,135,136,138,139,141 "40";
41 135 0 0,3,7,10,11,12,17,18,20,21,26,29,37,40,44,47,51,53,54,56,59,60,63,64,65,68,70,73,74,76,78,81,82,84,87,89,91,92,94,96,98,100,101,103,104,106,107,109,111,113,115,117,119,120,123,125,129,131,133,134,136,137,138,140,141,142,143 "41";
42 6 1 0,4,5,7,10,14,15,17,18,20,24,25,28,29,30,31,35,37,40,42,44,45,48,52,55,56,58,60,62,66,68,70,71,73,77,79,82,84,86,87,90,91,93,96,98,100,102,103,104,106,107,115,117,119,120,122,124,127,128,130,133,139,140,141,142 "42";
43 82 0 3,7,9,16,25,26,29,33,34,36,37,41,43,51,53,54,57,58,60,64,69,72,74,75,78,80,85,86,87,89,92,100,102,105,106,108,109,111,112,116,118,119,122,128,131,133,136,137,138 "43";
44 49 1 0,5,13,16,28,31,44,54,62,64,73,80,81 "44";
45 67 1 3,6,9,12,33,34,37,41,45,54,55,61,66,74,77,94,101,105,108,110,115,122,123,125,126,133 "45";
46 96 0 7,9,12,13,18,32,35,42,49,51,55,56,58,60,61,63,64,67,72,75,79,80,81,83,86,91,93,94,97,98,100,101,103,106,107,108,110,113,115,117,118,120,122,125,126,132,133,135,138,139,140 "46";
47 103 1 2,3,7,12,18,22,25,28,30,32,36,38,43,45,55,58,61,66,71,74,76,77,82,83,85,87,89,90,94,99,101,105,109,115,123,126,128,130,140,142 "47";
48 68 0 0,3,14,16,20,28,37,39,44,52,54,56,64,70,89,95,103,108,113,119,133,138 "48";
49 46 1 1,2,4,6,11,18,24,29,36,43,45,49,52,54,56,60,62,66,67,70,73,80,83,86,92,93,96,97,99,103,105,106,107,118,121,123,134,136,140 "49";
50 142 1 2,5,7,12,13,15,17,19,20,22,23,25,26,28,30,33,35,36,38,40,46,48,50,52,53,57,59,63,66,69,71,73,76,77,81,83,86,91,99,100,101,105,108,110,112,114,115,120,125,126,133,136,138,140,141 "50";
51 13 0 2,6,9,17,20,22,23,25,27,29,30,32,33,41,42,46,47,48,52,58,61,66,67,71,76,79,86,92,97,98,102,105,106,109,114,119,121,125,132,135,136,137,139,143 "51";
52 33 0 1,4,8,18,21,24,27,32,34,36,38,43,46,47,55,56,57,59,62,69,70,76,77,78,81,82,86,88,90,94,97,98,99,100,102,105,107,109,112,113,114,115,117,120,133,134,138,142,143 "52";
53 11 0 2,7,9,20,25,28,30,33,35,41,44,64,69,71,74,83,96,113,120,128,138 "53";
54 36 1 0,6,13,14,24,26,30,38,50,52,58,79,83,88,93,102,109,110,117,124,127,132,135 "54";
55 119 0 0,4,9,12,14,16,19,22,31,33,36,38,42,46,49,54,55,58,61,72,82,85,89,91,98,100,103,109,116,126,127,130,131,136,139 "55";
56 105 0 25,35,39,59,73,107,115,120,124,125,135 "56";
57 142 1 4,10,11,15,16,18,19,26,28,30,31,33,35,36,39,40,42,43,47,49,50,54,59,63,65,67,71,73,77,78,81,87,90,92,95,97,99,100,106,108,111,113,117,118,119,125,128,131,133,134,138,140,142,143 "57";
58 2 0 3,10,15,19,23,25,40,45,54,60,65,67,70,72,77,80,93,96,104,107,112,118,120,126,135,137 "58";
59 127 1 19,24,32,34,35,37,40,53,63,65,67,73,80,81,86,89,109,112,114,118,129,131,133,140,142 "59";
60 114 1 1,4,7,14,17,20,22,25,28,31,34,35,38,39,41,42,45,47,51,53,54,56,58,60,61,64,67,68,70,73,75,77,79,81,83,85,88,90,92,97,99,102,104,110,116,118,122,125,131,137,138,142 "60";
61 22 1 1,10,19,22,25,27,30,34,37,43,48,50,51,58,60,61,69,75,79,80,82,83,86,87,92,94,109,111,112,114,117,126,140 "61";
62 26 0 7,10,15,17,21,26,29,31,47,50,52,53,54,59,60,61,63,65,72,74,76,81,83,84,90,91,96,111,115,116,118,119,122,124,126,127,129,139,141,142 "62";
63 18 0 1,3,6,8,11,15,16,17,22,24,29,31,33,37,40,42,43,45,48,53,54,56,59,61,63,65,67,71,72,74,77,79,84,86,87,94,95,99,100,101,103,110,116,120,121,127,129,133,135,136,138,140,141,142 "63";
64 13 0 1,2,5,8,9,13,22,24,26,29,32,33,35,38,41,44,46,50,51,53,55,58,63,65,69,71,76,81,85,87,89,91,93,96,98,100,106,109,110,114,117,122,123,126,129,131,135,139,142,143 "64";
65 31 1 0,4,6,9,12,14,18,20,21,27,29,31,32,34,37,38,40,41,45,49,50,51,53,55,58,61,63,65,66,69,70,76,80,85,89,91,97,99,102,104,106,109,119,120,122,124,126,128,132,134,136,138,140,143 "65";
66 57 0 1,2,6,7,10,11,13,18,23,27,28,30,31,34,38,41,44,54,55,57,62,65,66,68,70,81,82,85,89,102,104,105,107,110,112,113,115,124,129,138,141 "66";
67 139 0 1,4,7,9,20,22,25,28,30,32,34,38,41,44,45,47,50,57,60,61,66,75,79,80,85,88,90,92,94,99,103,104,107,112,118,119,122,126,127,134,136,138,140,141,143 "67";
68 77 1 4,8,11,14,18,25,40,41,44,52,54,56,60,64,67,70,73,75,76,85,88,90,92,94,95,109,111,115,118,120,128,129 "68";
69 49 0 0,2,7,19,20,24,26,27,32,37,40,42,43,46,47,50,53,57,60,67,68,76,77,79,82,85,87,88,93,95,98,99,110,113,116,118,119,123,130,132,135,137,140,142 "69";
70 102 1 8,9,13,16,36,47,64,66,67,78,101,114,119 "70";
71 132 1 0,3,4,11,14,16,18,19,22,27,28,30,34,36,37,39,42,44,49,52,61,69,70,71,75,76,81,84,87,91,95,97,99,102,106,108,110,111,115,119,125,126,129,133,134,135,139,142,143 "71";
72 100 1 4,5,16,17,39,48,49,57,67,73,75,84,108,137 "72";
73 44 0 7,10,18,20,23,32,52,60,70,89,99,109,112,118,119,134,138,141 "73";
74 120 1 47,57,110 "74";
75 9 1 0,1,3,4,10,17,22,26,28,33,38,41,43,48,51,58,59,61,65,68,70,73,75,81,88,89,94,96,98,101,103,104,105,107,111,112,114,124,128,137,139,143 "75";
76 19 0 2,4,6,8,18,20,21,25,29,33,35,37,40,41,42,48,49,50,52,54,60,62,63,66,67,72,75,78,80,81,83,85,87,90,94,96,99,101,106,110,111,112,114,118,120,121,123,125,126,131,135,138,140,141,143 "76";
77 55 1 6,8,20,36,38,40,42,62,75,85,91,98,100,103,108,113,115,117,122,126,131,142 "77";
78 79 0 4,9,15,18,28,33,34,37,39,40,43,50,53,58,68,74,78,83,85,86,87,98,99,105,108,113,117,125,130,131,134,138,142 "78";
79 20 0 16,20,23,34,38,47,53,54,55,57,62,64,66,70,74,76,86,88,97,113,119,121,131,142 "79";
80 123 1 6,15,18,21,30,31,33,42,69,71,74,80,82,90,112,124,126,130,135,141 "80";
81 32 1 7,9,11,16,19,22,24,27,30,31,33,35,37,41,46,48,49,52,56,60,64,72,75,76,80,83,86,87,89,91,96,97,101,104,108,110,111,114,117,119,120,124,128,130,133,135,137,141,142 "81";
82 91 1 1,5,7,12,13,16,17,19,21,24,25,27,28,29,31,34,35,36,40,42,44,47,51,54,56,59,61,66,68,70,72,74,77,82,87,89,91,93,95,96,97,98,100,102,104,106,108,109,111,113,115,118,120,122,123,127,136,138,143 "82";
83 130 1 5,6,8,12,13,15,16,18,19,20,22,28,33,35,43,44,48,49,50,54,55,58,60,61,63,68,70,72,75,80,86,87,91,95,99,105,110,112,113,115,119,121,124,134,138,140,141,142 "83";
84 46 0 0,2,4,6,8,10,18,24,28,30,32,36,39,43,46,47,49,51,53,54,55,61,63,66,68,70,73,77,79,81,84,86,88,93,94,106,108,114,115,117,121,123,127,128,133,134,136,138,140,141,142 "84";
85 5 0 2,3,5,7,10,12,13,15,17,19,20,23,26,27,29,30,32,33,35,38,40,46,48,51,53,56,57,58,60,62,65,68,71,73,75,77,79,81,82,84,86,88,90,92,95,100,101,103,108,111,116,118,119,121,122,125,131,134,136,137,139,140,141,142 "85";
86 1 0 3,6,18,34,49,54,57,66,72,73,74,76,93,98,101,114,119,129,130 "86";
87 89 0 0,1,3,5,6,9,20,27,32,34,39,41,43,49,51,54,55,57,61,64,65,69,72,77,79,80,87,88,89,93,94,97,100,106,110,112,116,119,120,127,132,134,137,139,141,142 "87";
88 113 1 0,6,8,10,11,13,16,20,22,24,26,28,30,32,35,40,41,46,47,48,51,53,55,59,63,65,68,70,71,72,76,86,88,90,96,99,100,103,104,106,107,108,110,113,115,120,122,132,136,141 "88";
89 2 1 0,6,7,10,12,18,20,25,28,35,42,46,50,58,62,65,69,77,80,83,87,89,95,97,103,110,113,118,120,121,128,130,135,138,142 "89";
90 117 1 0,2,6,7,10,12,13,14,16,18,19,21,23,25,27,29,31,32,35,37,39,43,44,46,47,49,50,52,54,55,57,59,60,62,63,64,66,69,72,74,77,78,81,84,86,88,89,90,95,96,97,98,99,103,105,106,109,113,115,119,120,121,124,125,128,130,131,133,138,139,140,143 "90";
91 63 0 0,5,7,8,10,11,16,23,24,26,31,32,35,38,49,51,53,55,58,63,65,70,71,77,79,83,86,88,91,103,104,106,115,117,122,127,129,135,139,141 "91";
92 43 1 0,5,7,11,16,19,23,26,30,32,37,39,47,57,60,63,66,68,70,81,84,85,87,90,91,93,96,97,103,105,107,110,115,120,122,123 "92";
93 55 0 0,2,3,4,10,11,13,14,20,22,27,29,31,32,33,35,39,43,44,48,51,54,56,58,60,62,64,67,71,72,76,79,80,83,85,86,87,93,95,98,101,104,112,114,118,125,127,128,129,131,133,134,136,138,139,142 "93";
94 119 1 1,15,16,27,32,38,40,43,49,55,68,70,77,80,83,85,88,92,94,99,106,109,112,118,121,128,133,135,137,140 "94";
95 94 0 0,3,5,6,7,9,11,17,18,20,22,24,26,29,30,32,34,37,39,44,47,48,50,51,54,58,63,64,65,67,69,72,75,78,79,81,84,85,87,92,98,101,102,104,105,109,113,114,116,117,119,121,123,126,128,131,132,136,138,139,141,143 "95";
96 75 1 17,58,70,73,75,93,94,101,103,118,120,132,139 "96";
97 141 1 3,4,10,25,27,33,39,44,53,65,67,68,73,81,83,85,92,95,106,111,119,121,125,127,131,133,135,136 "97";
98 128 0 7,11,24,26,32,42,67,74,77,91,122,125,129,139 "98";
99 107 1 0,3,9,11,15,16,17,18,20,23,24,29,30,32,33,34,39,41,43,44,46,47,49,50,54,55,57,60,62,63,64,66,67,69,70,71,73,75,79,80,81,83,88,89,91,95,98,107,109,115,118,119,121,122,124,125,127,132,135,139,141,142 "99";
100 5 0 0,1,11,14,16,18,22,24,25,26,28,34,35,38,39,40,41,43,46,47,49,52,56,58,61,66,68,70,74,76,78,85,86,89,92,96,97,99,101,102,104,105,106,108,111,118,121,124,128,132,134,136,139,143 "100";
101 82 0 0,2,3,5,7,8,10,13,17,18,19,21,23,26,28,30,31,35,37,38,44,49,50,52,53,55,56,58,60,62,64,65,67,68,71,72,74,78,79,81,84,86,88,90,93,97,98,100,101,103,107,108,110,112,115,120,122,124,126,128,129,130,131,133,137,138,139,143 "101";
102 123 1 0,3,7,8,9,11,14,16,19,21,24,29,31,33,34,35,37,41,43,46,49,51,53,56,58,59,62,63,67,71,73,74,75,78,80,82,88,89,95,97,100,101,103,104,106,113,115,116,122,124,127,128,133,135,137,138,143 "102";
103 3 1 0,8,10,11,17,22,23,26,35,39,41,45,47,50,56,58,59,62,65,66,76,83,84,87,89,93,95,96,97,98,101,107,108,111,114,115,118,120,121,122,123,125,131,138,140,142 "103";
104 0 0 2,3,5,6,9,12,13,15,16,18,20,23,24,25,27,28,30,34,37,39,40,45,47,49,50,52,54,55,57,61,62,64,66,70,71,73,75,76,77,78,80,82,83,84,86,87,89,90,93,94,96,97,100,101,102,104,107,108,112,113,114,117,119,125,126,127,129,131,134,137,140,142 "104";
105 133 1 5,10,13,15,18,27,46,65,76,108,110,116,143 "105";
106 83 0 0,15,49,52,68,71,78,82,108,121,129 "106";
107 140 1 1,3,5,7,10,14,15,18,19,33,37,38,42,44,53,57,59,66,68,69,75,82,83,84,86,94,97,99,106,117,118,122,124,127,130,132,134,143 "107";
108 113 0 0,2,3,6,7,9,10,15,16,18,20,28,33,39,43,44,46,51,58,61,65,67,78,80,86,87,90,98,100,112,114,122,125,128,129,131,133,137,138,139,143 "108";
109 137 0 37,45,56,60,83,112 "109";
110 95 1 3,9,19,28,60,63,96,111,116,133 "110";
111 26 0 0,3,15,18,24,26,27,29,39,45,51,56,59,63,65,69,75,79,85,89,96,106,120,123,127,130,133 "111";
112 91 0 12,20,26,33,36,47,58,60,66,67,71,73,77,80,85,91,92,93,97,98,109,116,122,133,134,137 "112";
113 75 1 3,8,33,37,44,46,49,50,63,66,78,89,92,104,111,132,135,141 "113";
114 5 0 13,23,29,34,35,42,48,57,60,66,69,70,72,74,79,87,93,99,100,108,115,117,121,123,128,130,134,139,141,143 "114";
115 54 1 1,26,39,60,64,84,121,143 "115";
116 51 0 10,18,37,39,47,62,84,97,100,113,116,118,124,128,131,133,135,140,143 "116";
117 4 1 2,3,4,6,11,12,16,19,21,23,27,28,29,30,33,34,36,39,40,45,49,52,54,65,68,69,77,78,79,81,83,85,87,89,92,96,97,99,101,103,104,110,111,113,115,117,119,121,126,129,134,135,137,140 "117";
118 66 0 1,4,5,7,13,14,17,26,28,44,46,54,55,60,69,82,85,91,93,95,97,103,104,107,112,114,115,117,118,123,134,138,141 "118";
119 140 0 4,12,17,20,24,26,43,47,60,72,73,75,80,85,89,100,113,120,129 "119";
120 40 1 0,2,4,6,7,11,13,14,17,22,23,28,29,30,32,33,36,38,39,41,43,45,47,49,51,52,55,57,58,60,67,70,71,73,76,79,81,82,84,85,87,89,91,93,95,97,102,103,105,106,109,112,113,117,118,119,125,127,129,131,132,137,139,141,143 "120";
121 87 1 14,26,31,50,110,122,133 "121";
122 31 1 4,5,8,9,12,18,19,25,28,30,32,34,36,49,50,51,54,56,60,64,74,75,82,84,86,92,96,99,108,110,113,116,120,124,129,133,138,143 "122";
123 22 1 0,4,6,10,14,19,20,22,25,28,30,31,33,39,41,46,48,54,56,63,67,69,70,77,79,80,85,86,87,91,97,101,110,116,117,118,120,122,127,128,131,133,135,137,140,142,143 "123";
124 49 1 2,5,9,12,13,16,18,23,27,38,40,50,59,62,68,70,71,78,86,88,90,96,97,100,102,105,109,114,133,140,143 "124";
125 106 1 1,5,6,8,11,13,18,20,21,25,26,29,30,32,35,36,40,41,42,44,46,47,49,50,51,53,55,56,62,64,66,69,70,73,74,75,79,82,84,86,87,90,93,94,96,98,99,101,102,104,107,110,111,113,116,118,121,123,127,128,136,138,140,142 "125";
126 76 0 1,2,4,6,8,10,11,12,13,16,17,20,21,25,26,27,30,32,34,35,37,38,39,42,44,45,46,48,52,54,55,56,60,66,67,69,71,73,75,76,77,79,83,86,88,90,92,94,96,97,100,101,104,106,109,114,117,118,120,123,124,130,133,137,138,139,141,142,143 "126";
127 98 1 2,7,11,16,21,29,32,35,41,45,53,57,65,74,78,89,92,99,104,111,115,120,121,133,136,143 "127";
128 97 1 16,25,30,44,47,48,60,64,95,96,102,106,110,125,137 "128";
129 143 0 10,11,18,19,20,23,28,33,34,39,45,49,55,61,64,66,73,84,93,95,99,100,109,114,115,119,125,127,138,141,142 "129";
130 97 0 1,6,8,11,12,14,18,19,23,25,28,29,33,39,42,47,53,54,63,70,73,79,81,82,89,91,92,95,98,100,103,105,107,108,111,115,118,123,124,125,134,138,141 "130";
131 132 0 1,12,19,22,25,26,32,36,42,51,53,55,66,83,85,91,94,104,105,120,122,133,134,136 "131";
132 92 1 10,15,20,31,44,47,88,103,117,135,139 "132";
133 142 0 4,13,20,29,58,60,99,102,106,129,138 "133";
134 144 1 0,2,7,9,10,11,12,14,15,22,27,28,30,32,33,35,37,40,41,43,47,49,50,52,55,56,58,59,60,62,63,67,68,71,72,74,77,79,84,86,88,91,93,94,97,100,102,107,108,110,112,113,120,126,128,130,132,134,135,136,138,140,141,143 "134";
135 123 1 0,2,3,7,11,13,15,19,21,23,26,27,29,32,36,37,38,41,45,49,52,55,58,60,61,64,66,69,74,75,77,79,81,83,85,88,89,91,92,95,96,99,100,102,103,104,106,109,110,114,116,117,119,120,125,126,128,130,133,135,136,137,138,139,143 "135";
136 91 0 0,1,5,7,10,12,14,15,17,18,21,23,27,29,31,34,39,44,46,48,51,56,61,63,64,66,72,75,84,86,92,99,100,102,106,107,113,118,119,121,125,129,130,132,134,138,140 "136";
137 84 0 8,17,21,24,28,29,37,40,42,43,45,47,50,54,56,60,64,75,77,78,79,80,89,91,93,96,98,102,112,113,114,121,129,131,133,135,139 "137";
138 87 0 8,11,65,94,107,138,143 "138";
139 20 1 4,103 "139";
140 12 1 25,26,28,31,34,36,39,41,58,66,84,85,138 "140";
141 133 0 0,2,5,9,10,12,19,21,22,24,27,29,31,33,34,37,39,40,43,46,48,51,53,54,59,61,64,67,68,69,71,77,81,84,86,88,92,99,100,103,104,105,109,111,115,122,123,126,132,135,136,139,142 "141";
142 40 0 0,18,44,48,74,108,112,124 "142";
143 45 0 108,119,140 "143";
