parity 21;
0 8 1 2,16 "0";
1 8 0 1,3,4,13,17,19 "1";
2 0 1 2,3,8,9,11,12,14,15,18,21 "2";
3 21 0 1,2,8,11,14,17,20,21 "3";
4 0 1 0,1,3,5,7,8,11,13,15,16,19 "4";
5 19 1 1,5,11,18,19,21 "5";
6 1 1 2,3,6,8,11,12,15,21 "6";
7 15 0 2,4,5,7,8,10,11,15 "7";
8 3 1 0,1,3,8,11,15,16,18,20,21 "8";
9 14 0 10,12,17,19 "9";
10 13 1 8,12,14,15,21 "10";
11 4 1 2,18 "11";
12 15 1 5,7,8,10,13,18,19,21 "12";
13 0 0 1,3,5,9,12,13,17,19,20 "13";
14 20 0 9,12,14,18,19,20 "14";
15 20 1 11,14,16 "15";
16 7 0 5,6,8,9,12,14,16 "16";
17 17 0 3,6,8,9,11,13,15,21 "17";
18 15 1 5,6,9,10,14,18 "18";
19 0 1 1,7,8,11,13,15,17,19,21 "19";
20 19 0 0,2,3,9,10,13,15,18,20 "20";
21 20 0 5,6,9,11 "21";
