parity 156;
0 56 0 0,4,6,9,23,33,36,38,50,61,67,73,83,87,91,100,114,120,125,127,143,148 "0";
1 28 0 2,7,12,15,17,20,26,28,29,39,41,44,46,49,51,53,59,62,63,69,73,76,79,81,82,84,85,88,90,93,94,96,100,101,106,109,121,123,128,129,131,137,141,147,149,150,153,156 "1";
2 58 0 1,3,7,9,11,12,14,17,19,21,24,28,32,34,37,39,46,49,51,55,56,60,62,65,67,69,70,72,74,75,76,79,81,83,84,85,88,89,92,93,95,100,102,107,108,109,112,115,116,117,120,122,124,126,128,132,134,137,138,139,141,143,146,148,150,152,155 "2";
3 98 0 4,5,10,13,14,17,19,20,22,24,26,27,29,31,33,37,42,43,45,46,48,55,56,58,60,62,63,65,69,72,75,76,83,86,89,90,92,97,99,101,103,104,105,106,109,111,112,115,117,118,123,127,130,133,135,138,141,145,150 "3";
4 154 0 0,2,7,11,12,15,16,19,21,26,31,33,38,40,44,48,57,60,63,65,68,71,73,83,95,110,115,126,129,134,136,138,142,146,147 "4";
5 101 1 4,6,11,12,15,17,18,21,22,24,27,28,29,31,35,36,38,41,42,49,50,53,56,60,61,64,65,66,70,71,75,78,79,82,85,86,90,91,93,95,96,102,104,107,110,112,114,116,119,127,133,135,136,139,141,142,143,144,146,148,151,153,155 "5";
6 89 1 2,4,11,13,15,18,24,42,51,58,59,61,72,74,75,84,85,89,90,92,95,98,99,102,103,111,114,124,125,129,131,142,144,148,153 "6";
7 12 0 4,9,11,15,23,27,43,46,48,52,55,59,60,68,73,77,80,99,106,110,113,120,128,143,149,152,154 "7";
8 83 1 23,86 "8";
9 77 0 8,17,20,22,32,34,35,46,47,54,73,77,79,81,93,97,101,110,112,117,123,128,133,135,140,143,147,156 "9";
10 91 1 4,6,10,25,28,33,42,45,47,49,56,60,67,70,76,87,88,90,91,93,94,96,97,105,111,114,116,118,120,123,126,128,130,133,136,140,143,144,146,149,153,154 "10";
11 28 1 0,1,2,12,13,26,31,33,39,42,47,56,59,60,66,68,77,89,99,111,119,128,129,139,151 "11";
12 67 0 0,2,7,15,18,20,25,34,37,39,40,42,45,49,54,55,58,59,61,68,71,74,79,85,86,91,92,94,97,99,103,106,113,115,118,121,122,124,128,132,133,134,138,140,142,144,146,147,149,152,156 "12";
13 87 0 0,3,4,6,9,11,12,14,17,19,21,22,23,28,30,31,33,34,35,37,38,43,45,47,50,55,58,60,61,65,66,72,73,77,80,81,82,86,87,89,90,91,93,94,98,99,102,103,104,105,106,108,111,112,113,114,117,120,122,123,125,127,129,130,134,135,136,139,143,146,149,151,156 "13";
14 3 1 3,17,36,41,43,64,117 "14";
15 60 1 0,4,6,9,10,11,13,14,16,18,20,22,24,27,28,29,32,35,36,38,39,41,43,45,46,49,51,54,56,58,60,63,65,66,68,72,74,77,80,81,82,86,89,90,94,95,98,101,103,106,107,109,110,112,114,115,116,118,119,120,123,124,126,129,132,133,136,139,142,144,145,147,148,150,153,154,155 "15";
16 112 1 0,21,32,44,60,61,71,77,79,91,93,95,114,115,148 "16";
17 136 1 1,3,19,23,27,50,61,72,83,87,91,92,97,109,115,127,132,136,138,150 "17";
18 78 0 4,5,8,9,13,14,17,21,22,25,26,27,32,38,39,44,45,54,55,57,59,63,69,70,73,76,77,79,85,90,91,93,96,98,100,101,105,106,107,109,110,112,113,115,117,119,120,123,126,128,131,137,139,141,143,144,145,148,152,154,155 "18";
19 133 1 1,4,10,17,26,34,35,40,41,47,50,55,56,57,59,61,67,68,80,82,88,90,92,102,105,129,135,137,147,152 "19";
20 115 0 2,14,21,32,34,47,51,57,60,61,65,67,72,85,88,91,96,103,105,107,108,117,125,127,128,131,134,136,143,145,151,154 "20";
21 123 1 5,14,17,22,23,26,28,37,41,42,45,47,53,55,57,63,68,75,78,79,85,87,89,95,97,99,101,109,111,112,113,120,122,123,130,134,137,144,147 "21";
22 34 0 1,2,6,7,9,10,11,15,21,25,29,30,46,48,52,64,67,68,80,89,91,96,104,107,114,116,122,124,129,134,136,137,144,146,147,148,150,151,155,156 "22";
23 27 1 1,29,64,75,77,82,91,107,115,117,118,134 "23";
24 67 1 1,2,4,6,7,12,13,17,18,19,21,25,27,29,30,32,34,36,42,44,45,48,49,50,53,54,56,58,60,62,63,65,66,67,69,70,72,76,77,79,84,86,89,93,94,96,98,99,102,103,106,109,110,112,113,115,116,119,120,122,124,126,128,129,132,134,135,138,140,143,145,147,151,155 "24";
25 98 1 0,3,11,13,17,22,24,29,33,42,55,59,64,67,71,73,74,90,97,103,108,113,123,124,135,151,153,155 "25";
26 132 1 2,6,17,18,19,21,24,25,27,34,39,47,50,53,59,71,79,85,88,91,98,100,104,105,110,122,146,151,156 "26";
27 20 1 1,3,4,5,8,11,17,18,19,22,23,25,27,29,31,33,35,38,40,42,44,50,52,53,55,57,58,59,61,64,66,68,70,75,76,78,81,82,89,94,96,97,103,105,107,109,111,117,120,123,125,130,131,133,137,140,141,142,143,145,147,149,150,152,153,154,155 "27";
28 115 0 0,2,5,7,9,10,12,15,17,20,21,23,25,27,29,31,34,37,40,42,43,45,46,50,52,61,62,63,70,75,76,82,86,87,89,90,91,101,102,105,108,110,113,115,116,118,120,121,124,125,128,130,133,134,136,138,140,144,146,148,149,154,156 "28";
29 50 0 0,5,14,28,35,40,43,46,69,71,78,80,83,88,98,111,114,121,128,130,134,137,139,140,149 "29";
30 44 1 3,4,8,10,13,19,22,23,26,28,30,34,40,41,43,45,49,50,52,54,57,58,60,63,71,72,73,75,80,84,86,89,93,98,99,103,104,108,109,110,113,114,115,118,119,121,125,127,129,130,134,135,139,141,146,149,150,154,156 "30";
31 138 0 0,6,8,10,11,13,17,19,22,24,28,30,32,33,38,39,40,42,45,47,52,56,58,60,63,64,66,67,70,71,74,78,81,83,89,97,99,100,103,105,106,109,115,116,120,121,123,124,129,132,133,135,139,142,146,148,155 "31";
32 9 0 4,7,11,13,14,15,20,22,23,25,26,28,29,30,32,34,37,39,43,45,46,48,53,54,56,59,63,66,71,75,76,80,81,85,88,91,95,98,99,104,105,107,109,111,114,118,119,120,125,128,129,132,133,134,136,137,140,142,146,150,152,154 "32";
33 147 1 1,2,4,7,10,12,14,18,23,33,36,39,40,41,53,56,57,60,63,64,68,69,73,75,76,77,81,84,87,90,91,95,97,101,103,105,114,118,120,122,127,128,131,132,136,138,146,152 "33";
34 18 0 0,2,3,5,6,19,20,21,23,25,28,29,35,38,39,41,42,44,46,48,52,53,57,58,62,64,66,67,69,71,72,74,81,83,85,86,87,89,91,93,94,98,101,103,105,107,108,109,111,113,114,119,123,124,126,127,131,132,134,138,139,140,142,144,146,148,149,152,153,155,156 "34";
35 114 0 18,47,109,115 "35";
36 128 1 1,3,5,9,11,13,17,25,36,43,45,47,49,52,57,60,65,69,70,85,91,92,96,98,105,108,113,114,116,123,125,127,135,144,147,152 "36";
37 143 0 30,68,91,101,128,134 "37";
38 102 1 1,3,5,6,8,10,13,19,20,22,24,26,28,30,33,35,40,42,43,45,47,48,50,52,54,58,60,63,65,66,70,76,79,81,84,86,88,90,91,93,94,95,96,98,100,101,104,107,110,114,117,120,124,127,128,130,134,136,139,141,142,147,149,150,152,154 "38";
39 92 1 8,10,11,14,17,19,21,23,24,26,28,32,33,36,39,40,46,48,49,53,58,60,66,67,69,70,75,76,81,82,86,88,92,94,98,99,101,103,105,107,109,111,113,119,121,123,124,125,126,129,130,131,138,140,142,146,148,152,154,155 "39";
40 113 0 0,3,5,7,9,10,11,13,15,18,21,24,26,27,29,31,33,34,35,36,40,43,45,46,47,50,52,59,61,62,67,68,71,73,76,79,80,81,85,86,87,90,91,93,97,99,101,104,106,107,112,113,114,116,118,120,122,124,126,129,131,132,134,136,138,141,144,145,149,150,152,153,155 "40";
41 56 1 1,2,4,6,10,20,26,28,31,41,44,47,53,57,59,65,66,69,72,75,79,82,88,91,94,96,101,103,110,114,115,116,123,127,129,130,133,136,138,141,151,153,156 "41";
42 112 1 9,29,52,68,83,97,137,146 "42";
43 1 0 3,6,14,27,35,37,41,52,68,82,88,91,95,107,124,130,149 "43";
44 116 1 0,1,6,8,14,19,20,21,23,24,25,26,30,31,33,35,38,39,44,46,48,49,52,54,59,61,65,68,70,72,74,75,76,79,81,83,85,93,95,98,99,103,104,106,108,112,115,116,118,120,122,123,125,127,131,135,136,138,141,142,143,145,152,154,156 "44";
45 23 1 2,5,7,8,14,16,18,25,27,35,38,40,42,44,53,56,59,60,64,66,71,72,73,76,80,90,93,96,98,101,110,112,117,120,124,127,132,134,138,142,149,152,154,156 "45";
46 99 1 4,52,57,60,83,87,90,99,107,109 "46";
47 136 1 15,18,20,33,48,53,55,59,63,74,85,87,108,110,115,117,124,146,154,155,156 "47";
48 130 1 12,16,94,101,129,143,151,154 "48";
49 0 1 93,99,108,143,147,149 "49";
50 141 1 8,11,41,45,53,55,64,66,76,83,85,133,140,148,155 "50";
51 58 1 3,19,28,31,50,58,67,70,72,74,81,90,96,100,124,131,132,133,138,152 "51";
52 16 1 7,9,11,13,17,20,29,30,32,45,52,54,55,62,85,86,94,109,112,117,123,127,135,148,156 "52";
53 50 0 4,10,18,19,26,30,32,34,44,46,48,60,66,72,73,75,79,81,86,89,93,96,99,101,108,114,120,122,124,130,134,136,140,141,147,149 "53";
54 141 0 0,1,9,13,14,16,21,24,26,28,31,33,34,37,38,44,46,47,51,53,56,57,58,61,62,63,66,67,70,74,78,80,82,85,87,89,93,96,98,101,105,108,109,110,115,117,122,128,129,131,132,134,135,137,139,141,144,147,148,150,152,155 "54";
55 8 0 1,4,6,7,9,14,15,17,18,19,24,25,27,29,31,38,44,46,49,52,53,54,57,58,60,63,66,70,72,74,78,80,83,89,91,95,97,100,102,103,105,106,108,112,114,118,119,122,125,127,129,132,133,134,135,137,139,148,150,153,154,155 "55";
56 61 1 0,2,5,17,24,30,33,36,40,47,49,57,70,73,76,88,90,97,106,110,115,119,121,126,127,141,144,147 "56";
57 77 0 0,3,7,10,11,13,17,19,24,32,39,45,49,53,59,62,67,70,73,75,76,79,80,82,84,86,91,95,96,99,101,103,105,107,112,115,117,123,135,136,140,149,150,152,154,156 "57";
58 116 0 0,3,5,9,12,14,16,21,22,24,25,27,29,32,33,36,37,39,40,46,48,50,52,53,54,62,64,66,68,70,77,79,83,84,88,90,93,94,99,101,104,106,107,113,114,116,117,118,119,121,124,125,126,128,130,132,137,141,143,145,146,151,153,154,156 "58";
59 152 0 0,3,9,10,11,13,16,21,29,38,42,47,51,53,56,58,59,62,63,65,71,77,78,101,102,107,114,117,120,122,124,128,134 "59";
60 66 1 6,21,28,51 "60";
61 0 0 4,6,8,19,29,30,42,58,75,77,87,95,104,114,123,125,144 "61";
62 53 1 79,89,112,143 "62";
63 108 0 6,70,72 "63";
64 41 0 7,16,32,37,40,62,84,90,97,102,104,118,134,139,144,152,154 "64";
65 111 1 0,2,4,5,6,8,9,15,16,18,25,27,32,38,42,45,47,50,53,55,62,74,77,79,83,86,88,93,94,95,98,103,106,110,112,114,115,123,126,127,130,131,132,137,143,145,147,150,151,152,155,156 "65";
66 153 0 0,4,8,10,11,14,18,19,21,24,26,28,30,33,35,37,39,42,47,48,51,52,56,59,62,63,65,67,69,70,72,73,76,79,81,83,86,88,90,91,93,97,99,101,104,106,110,114,116,117,124,125,126,130,131,135,136,138,141,142,143,145,147,149,152,153,155 "66";
67 9 1 6,8,10,16,20,22,31,32,39,41,45,64,74,89,92,98,101,106,115,122,123,128,134,138,143,146,152,155,156 "67";
68 94 1 14,25,71,74,75,79,130 "68";
69 92 1 4,6,8,10,12,14,16,18,21,22,24,28,32,33,35,36,38,40,42,44,45,48,50,53,54,55,58,59,61,62,64,69,73,75,77,81,82,84,87,89,91,93,94,95,97,98,100,102,103,105,106,108,109,113,116,122,123,125,128,129,130,132,133,135,136,139,141,143,148,150,152,155,156 "69";
70 35 1 0,2,3,5,9,10,11,12,15,16,18,20,22,23,24,30,31,33,35,38,40,42,46,48,50,52,53,55,57,59,61,65,67,68,70,72,74,80,85,86,88,89,91,92,94,95,99,100,101,103,105,106,108,109,110,112,114,115,118,120,121,123,127,129,131,133,134,138,140,143,144,147,148,150,152,155,156 "70";
71 54 0 0,3,5,16,21,22,26,30,33,37,46,47,48,51,52,57,58,60,62,68,69,80,87,88,91,95,99,111,116,117,121,127,132,135,141,147,154 "71";
72 33 0 0,2,3,5,7,10,11,13,14,17,19,21,27,30,33,36,41,42,43,46,47,48,51,52,53,55,56,57,59,61,63,67,68,70,72,73,76,78,82,89,93,98,99,103,105,109,110,112,114,115,118,121,125,126,132,134,138,140,142,144,145,146,154,155,156 "72";
73 46 1 14,20,34,37,81,88,98,101,102,111,123,140 "73";
74 128 1 0,3,14,40,52,64,69,71,78,101,102,104,114,116,124,153 "74";
75 3 0 2,5,6,8,10,11,14,17,18,20,22,24,26,29,33,36,37,39,40,42,44,47,48,49,51,54,55,57,58,60,62,64,67,68,69,73,74,76,77,81,83,85,86,87,89,90,92,95,97,98,100,103,104,110,116,117,118,120,123,125,127,128,129,130,132,133,139,140,141,144,145,147,150,155 "75";
76 70 1 7,18,21,23,24,28,30,32,36,37,40,43,47,48,49,54,56,59,63,66,67,69,70,71,75,77,80,93,97,99,106,107,110,111,118,119,121,123,125,126,129,130,133,135,138,141,149,150,152,156 "76";
77 11 0 14,15,27,59,64,69,74,80,94,118,131 "77";
78 89 1 7,12,32,57,60,65,69,100,122,129,131,138,142,144 "78";
79 22 0 1,4,8,9,10,13,16,18,19,22,23,25,26,28,32,34,35,39,40,42,45,49,50,52,55,56,57,60,61,63,65,67,69,70,73,78,81,82,85,87,89,92,94,96,98,104,106,114,117,119,120,121,122,125,126,129,132,134,136,138,139,144,146,147,150,151,154,156 "79";
80 97 0 1,10,13,21,23,27,29,35,36,37,40,47,48,50,57,61,67,68,70,74,78,80,85,88,90,93,96,98,99,101,102,104,106,107,110,116,125,127,133,134,138,144,146,148,149,152,153,156 "80";
81 51 0 1,3,13,14,15,18,20,23,25,28,30,32,35,37,38,39,41,43,52,54,57,60,66,68,72,74,75,78,83,86,92,96,99,100,104,106,109,110,113,114,118,126,127,129,136,144,147,150,151,152,156 "81";
82 14 0 1,6,9,21,41,48,49,53,56,63,67,75,91,93,94,97,101,102,105,116,124,129,138,142,147,150,152,153,155 "82";
83 109 1 1,19,43,71,74,99,132,148 "83";
84 107 1 5,25,27,56,67,74,113,128,151 "84";
85 111 1 5,13,31,35,60,84,85,114,128 "85";
86 1 0 5,10,19,21,27,29,40,53,58,61,70,84,89,94,96,97,100,109,116,128,129,131,132,134,140,144,149,150,153 "86";
87 11 0 2,3,6,7,10,12,13,15,16,18,19,21,23,30,32,34,35,37,39,43,45,47,50,53,58,63,65,67,69,71,73,75,77,79,82,85,87,88,89,92,94,95,98,101,103,106,108,110,112,118,122,125,130,131,132,135,137,139,142,143,144,147,149,152,156 "87";
88 156 1 4,7,14,19,31,33,36,43,45,49,54,55,58,62,71,81,93,94,106,113,126,132,135,144,154 "88";
89 42 0 0,11,21,23,45,54,63,79,88,132,137,144,150 "89";
90 50 0 3,4,10,18,19,23,31,33,38,40,47,52,53,56,59,62,71,73,78,79,97,101,106,110,112,117,122,125,126,129,135,137,151,153,155 "90";
91 96 0 1,3,5,8,12,14,16,17,21,23,32,43,47,56,63,75,77,78,84,87,89,94,108,114,118,120,125,129,132,134,137,140,141,143,145,146,149 "91";
92 105 0 13,18,26,40,41,45,69,72,76,79,81,83,85,86,92,94,97,102,104,109,113,118,131,134,136,145 "92";
93 154 0 0,2,4,7,9,10,13,17,26,28,29,39,40,42,44,46,53,58,66,69,74,76,79,85,89,90,94,96,100,101,103,104,110,116,117,124,127,129,134,136,141,142,144,147,148,153,156 "93";
94 54 1 1,6,7,14,19,24,28,34,37,40,46,59,63,71,73,77,92,95,97,100,102,124,125,128,131,134,140,141,150,153 "94";
95 134 1 0,3,6,7,11,16,17,19,23,30,32,33,35,37,40,41,42,44,48,49,50,51,54,57,61,63,65,66,68,70,71,73,74,76,82,83,84,86,88,93,96,98,101,103,105,108,112,113,114,116,117,121,126,128,129,131,132,134,136,137,139,142,144,146,150,152,153 "95";
96 94 1 3,12,14,18,19,22,23,28,32,33,34,38,39,46,49,53,57,59,60,63,65,70,72,73,77,82,84,85,88,89,98,104,107,109,111,113,117,118,126,128,131,134,140,143,145,146,149,151 "96";
97 29 1 3,12,30,35,89,105,117,136,152 "97";
98 16 1 17,35,43,45,90,110 "98";
99 116 1 1,7,10,16,21,23,25,33,35,43,45,49,54,55,58,61,63,65,69,71,78,83,85,88,92,94,96,98,100,104,107,109,111,116,120,122,135,143,152,156 "99";
100 67 0 0,4,6,8,12,15,23,25,27,30,33,36,42,45,47,48,52,57,60,64,67,76,81,88,89,92,96,102,105,107,110,111,115,118,120,124,128,129,130,132,138,140,141,143,144,145,150,152,154 "100";
101 40 0 15,26,31,35,42,54,68,114,156 "101";
102 9 1 1,4,7,11,15,17,19,31,34,42,54,57,59,61,69,70,73,74,76,79,81,83,86,93,97,99,102,104,108,115,119,122,124,129,130,134,136,142,145,149,156 "102";
103 132 1 89,90,108,122 "103";
104 104 1 2,7,18,40,42,50,76,77,80,93,109,122,137 "104";
105 101 1 1,5,7,9,20,21,22,24,27,28,30,37,42,46,47,53,60,64,69,71,73,78,81,84,86,93,98,101,103,111,113,114,119,121,122,132,133,139,140,146,149,154,156 "105";
106 137 0 0,3,6,8,12,13,16,18,19,22,25,31,33,38,41,45,47,50,52,62,64,65,66,69,70,75,77,78,81,88,91,93,94,98,101,103,107,109,110,111,119,120,122,126,129,131,132,136,137,142,145,148,151,152,154,155 "106";
107 41 0 1,2,4,5,6,10,19,20,23,25,36,39,42,43,44,48,50,52,54,55,57,59,62,63,65,77,78,80,83,86,88,93,94,100,104,105,108,111,113,115,116,119,121,124,125,128,130,132,133,134,136,138,142,145,148,149,150,153,155 "107";
108 78 0 0,4,6,8,12,13,15,16,20,23,27,29,32,33,35,38,41,42,44,45,51,56,58,63,66,68,71,73,75,76,79,81,84,89,93,95,100,102,104,108,109,111,113,114,115,119,121,123,127,128,130,131,132,136,138,141,142,144,148,149,153,155,156 "108";
109 22 0 5,6,9,13,16,18,19,21,23,32,37,47,52,53,56,59,60,62,63,74,75,78,79,80,82,86,93,97,100,101,105,107,108,113,114,115,120,122,123,124,126,127,129,135,140,144,145 "109";
110 38 0 0,5,17,20,26,27,34,37,41,45,47,51,53,61,63,69,73,79,80,86,89,91,93,100,102,105,110,114,116,117,118,122,124,128,130,137,140,147,148,149,152,155 "110";
111 28 1 17,18,22,24,35,42,74,76,97,103,110,112,118,136,154 "111";
112 140 0 32,58,116,139 "112";
113 16 1 2,10,12,14,17,23,26,30,31,34,37,43,55,62,64,66,68,69,73,74,76,82,101,106,108,109,120,122,128,133,135,145,149,151,155 "113";
114 132 1 2,4,5,7,8,9,11,13,15,18,19,24,26,28,31,32,34,35,37,47,49,50,52,55,57,58,60,63,65,69,71,72,74,77,81,82,87,91,96,98,99,101,104,105,109,110,114,116,118,120,123,125,126,128,130,131,134,135,136,139,140,143,145,146,148,149,151,155 "114";
115 50 1 1,3,6,9,12,17,18,19,24,26,28,30,31,35,38,42,43,44,46,48,49,50,53,57,61,63,64,68,73,74,76,78,80,81,83,85,87,89,91,96,100,102,104,107,113,115,116,118,120,122,124,128,133,136,139,143,144,146,148,150,153,154 "115";
116 115 1 0,3,5,7,9,11,15,16,25,27,30,33,34,40,44,48,53,54,56,58,60,63,64,67,68,70,77,78,83,84,86,91,93,101,103,106,108,109,111,112,114,115,118,120,122,125,133,134,136,142,146,150,156 "116";
117 106 0 0,2,3,7,14,17,20,26,32,39,42,45,50,51,56,59,62,63,76,81,82,91,92,95,96,99,100,102,105,113,117,119,124,131,135,138,140,142,144,151,152,154 "117";
118 152 1 5,6,8,11,13,14,18,19,21,22,24,26,30,38,40,46,48,49,53,55,56,58,60,63,65,66,68,73,79,82,85,87,89,96,99,101,106,107,112,119,126,128,137,140,142,146,150 "118";
119 110 0 4,6,8,16,21,25,32,39,41,56,58,67,72,94,97,103,108,110,117,122,127,132,136,156 "119";
120 92 1 3,5,6,9,11,16,21,24,30,31,35,40,41,47,53,60,62,64,67,70,71,73,75,76,80,86,87,88,90,97,99,102,110,112,113,116,118,122,124,127,131,133,134,138,139,141,143,145,152,155 "120";
121 113 0 2,5,8,12,14,20,25,30,32,33,35,37,41,48,50,51,53,59,62,66,69,72,74,82,85,87,91,93,98,99,101,102,103,107,109,111,112,116,118,120,121,126,127,128,133,134,136,138,139,140,151,154,155 "121";
122 9 0 2,4,6,8,9,10,13,14,16,17,22,26,28,33,34,37,39,43,44,46,50,52,55,62,64,66,67,71,72,74,77,78,81,82,84,88,92,94,95,96,99,101,103,106,108,110,112,113,114,115,118,120,122,124,125,126,128,129,132,134,136,137,138,139,146,153,156 "122";
123 97 0 0,2,5,6,8,11,12,14,17,25,26,28,29,30,33,35,41,43,45,48,49,56,58,61,62,65,68,70,73,76,78,80,81,83,85,87,88,90,94,96,98,99,102,105,106,110,111,113,114,116,117,121,125,126,128,131,134,136,140,143,147,149,150,152,153,156 "123";
124 54 0 5,13,20,30,40,41,43,46,65,67,76,82,99,100,103,106,114,122,124,130,134,142,144,150,155 "124";
125 30 0 3,17,30,49,70,73,135 "125";
126 136 0 2,3,7,9,12,13,14,17,22,26,28,29,32,34,35,36,43,44,45,46,48,49,50,52,55,56,59,61,64,65,68,71,72,73,75,81,84,85,87,88,89,91,92,94,96,97,100,101,104,105,107,109,110,111,113,118,119,120,126,128,131,133,138,146,148,150,151,154 "126";
127 134 1 9,10,18,33,43,44,55,69,70,80,83,87,108,112,113,118,121,139 "127";
128 77 1 5,7,9,12,13,19,21,22,29,31,33,38,42,46,48,50,52,57,60,63,70,72,75,76,79,83,85,88,90,94,95,98,101,104,108,113,116,120,124,126,132,135,138,141,143,148,149,151,153,156 "128";
129 129 0 3,9,10,16,20,22,24,28,38,40,43,53,58,63,67,70,83,86,87,93,107,113,117,124,126,135,140,141,143,144,147,149 "129";
130 119 1 0,2,4,5,8,9,12,14,16,18,21,22,24,25,27,30,31,34,35,38,40,42,44,47,49,50,51,52,54,60,62,64,65,66,67,68,72,74,78,82,83,87,89,91,95,99,101,104,105,106,108,109,111,114,116,118,120,123,124,127,130,132,133,135,138,139,143,147,148,149,150,152,156 "130";
131 134 1 1,7,10,17,18,22,27,29,31,37,40,44,46,57,60,61,67,70,72,83,84,89,90,96,97,106,108,110,112,114,119,121,124,125,128,129,135,136,138,140,142,145,147,152 "131";
132 93 1 2,4,5,6,7,16,18,23,24,29,31,34,37,39,41,43,49,51,54,55,56,58,60,62,64,67,70,74,77,78,82,86,88,91,94,96,99,104,106,110,114,118,123,127,132,136,140,141,145,146,148,151 "132";
133 143 0 3,10,15,24,25,26,30,36,37,40,42,43,45,47,48,49,52,59,61,65,67,70,72,74,83,92,105,113,115,117,119,123,125,127,133,134,141,142,145,151,153,155 "133";
134 72 0 26,47,50,60,71,83,100,110,114 "134";
135 87 0 22,41,65,124,138 "135";
136 145 0 4,18,139 "136";
137 29 0 4,17,22,26,30,33,34,44,56,69,77,78,81,109,114,120,128,139,145 "137";
138 126 0 0,2,4,7,8,10,12,15,17,23,24,26,29,31,32,35,37,39,41,46,50,53,57,61,62,67,71,75,77,78,81,82,85,87,88,92,95,97,102,103,105,108,109,110,111,119,121,124,127,132,134,136,138,140,142,149,151,152,156 "138";
139 25 1 1,16,27,47,53,59,66,72,74,86,95,103,105,107,119,120,122,125,128,138,145,147,153,156 "139";
140 38 1 2,3,6,9,15,17,20,21,23,29,30,35,37,39,46,51,61,64,68,71,81,82,91,115,120,127,129,131,141,144,149,151 "140";
141 25 0 6,10,28,34,59,61,71,82,85,91,104,112,118,122,138,147,153,154 "141";
142 92 1 14,45,55,60,69,73,79,109,116,122,139,148,155 "142";
143 39 1 1,10,14,29,38,64,66,69,71,73,78,91,94,116,126,139,153 "143";
144 106 1 7,16,19,27,30,49,58,63,65,67,69,87,90,93,95,104,114,124,130,134,138,140,143 "144";
145 156 1 0,1,3,7,8,10,13,18,24,25,27,29,30,33,34,37,38,39,40,42,43,47,50,52,54,56,58,60,63,64,68,71,72,74,76,80,83,84,86,87,89,93,96,98,100,101,102,104,105,107,110,111,114,117,124,128,137,139,144,147,148,150,151,152,154,155 "145";
146 84 1 5,10,12,15,19,30,32,34,41,47,48,50,53,57,63,64,69,73,74,78,81,82,86,91,93,102,105,108,110,111,116,117,119,123,132,138,139,142,145,150,152,154 "146";
147 82 1 0,5,6,7,10,14,16,20,22,24,28,30,31,33,34,35,37,39,41,43,45,46,47,51,52,54,55,60,61,63,64,67,68,69,71,73,76,80,82,85,86,88,89,90,93,97,98,100,102,103,105,107,109,110,113,114,116,119,121,122,126,127,130,132,133,135,136,139,141,142,143,145,153,154,156 "147";
148 104 0 2,8,16,31,40,48,54,71,86,92,94,115,118,124,127,128,134,149,152,154 "148";
149 138 1 1,3,4,6,9,17,18,24,27,28,30,40,42,45,46,51,52,58,59,60,66,68,71,78,80,89,92,99,100,103,106,111,113,114,116,120,125,128,134,135,136,142,143,146,148,150,152,154,156 "149";
150 43 0 0,3,6,7,10,12,16,19,20,22,26,27,29,31,32,34,35,39,41,43,44,46,47,49,54,56,58,59,62,65,66,67,72,76,78,79,82,87,88,90,91,93,96,97,99,101,102,106,108,109,110,112,113,115,117,121,122,126,130,133,135,137,138,139,141,144,146,148,150,153,155,156 "150";
151 8 1 6,19,56,98,108,118,122,125,128,144,154 "151";
152 4 0 4,5,9,14,21,24,28,29,30,35,39,41,56,58,59,60,63,65,67,69,71,74,79,88,92,95,103,107,111,114,117,119,120,123,125,126,128,130,132,137,138,141,148,152,153,155,156 "152";
153 69 0 8,9,13,15,16,18,20,25,27,30,31,36,37,38,42,44,46,48,51,54,56,57,59,61,63,67,68,70,71,72,75,76,77,78,81,89,94,95,97,100,103,105,106,113,116,118,119,120,122,125,126,128,130,133,136,140,144,146,148,152,154,155 "153";
154 155 1 4,9,11,14,18,20,23,26,27,30,39,42,44,46,52,56,59,61,63,66,68,70,77,79,81,82,84,87,92,94,95,96,97,99,101,104,107,109,111,112,113,114,120,125,129,131,134,135,141,146,147,149,150,155,156 "154";
155 154 0 1,3,6,7,11,17,18,19,23,26,29,33,34,35,36,38,40,44,47,48,49,51,54,55,56,60,61,64,65,67,69,70,71,76,79,81,82,84,86,88,89,90,92,94,95,97,99,101,103,105,108,109,111,112,114,117,119,120,122,123,124,127,129,132,135,136,138,140,142,146,150,152,154,155 "155";
156 107 0 56,89,94 "156";
