parity 105;
0 40 0 6,10,12,18,27,36,38,41,53,57,58,62,64,65,78,80,85,90,92,96,98,99,103 "0";
1 105 0 21,28,34,63,76,79 "1";
2 31 0 1,3,4,6,15,22,24,26,35,38,46,50,52,55,63,67,69,81,83,87,91,93,97,99,102,104 "2";
3 28 1 1,9,17,24,37,47,50,54,64,66,68,70,77,85,99 "3";
4 90 1 3,58,77,79,87,88 "4";
5 38 1 3,4,6,8,22,28,30,32,34,43,45,48,52,55,58,59,62,65,73,75,77,81,83,85,86,88,91,93,96,102,104 "5";
6 14 1 53,55,99 "6";
7 35 0 0,2,26,43,48,54,59,61,63,69,83,85 "7";
8 38 1 4,9,12,24,39,41,45,49,50,54,62,63,65,68,73,75,78,83,85,87,93,95,101 "8";
9 21 0 0,4,5,7,8,10,12,13,14,15,16,20,21,24,26,33,37,40,41,45,47,49,50,54,56,58,60,62,63,65,68,69,73,79,86,88,91,93,94,96,99,101,102,105 "9";
10 66 0 0,1,5,11,12,13,15,25,31,33,34,35,38,41,43,47,52,54,57,60,61,66,68,70,73,75,77,87,89,99,102 "10";
11 46 0 5,8,10,21,30,31,39,43,44,45,48,51,57,59,67,70,76,77,81,85,87,90,92,97,99,102,104 "11";
12 56 1 4,9,13,19,21,25,30,37,38,42,48,52,64,71,81,84,89,92,97,98,101,104 "12";
13 40 1 2,3,7,12,15,19,21,23,24,36,42,48,50,55,78,81,84,89,91,94,104 "13";
14 99 0 2,3,4,6,8,9,11,12,13,15,19,20,22,24,26,35,37,39,40,41,42,46,48,50,53,55,58,60,61,64,66,68,69,71,75,79,80,81,83,85,88,90,91,93,94,95,97,98,100,102,105 "14";
15 29 0 7,14,69,75,80,85,88,96 "15";
16 74 0 1,2,10,13,19,21,34,36,43,60,66,73,76,86,88,91,94,98 "16";
17 27 1 22,39,46,65,67,88,93,100 "17";
18 16 1 1,6,9,11,15,17,20,23,25,26,29,30,32,33,35,37,40,41,43,44,46,47,54,55,57,60,62,63,65,66,68,69,72,73,76,78,81,82,84,85,87,88,90,91,96,98,99,100,102,103,104 "18";
19 92 1 1,5,9,18,28,31,33,37,38,62,67,77,78,82,93,94,102,105 "19";
20 0 0 11,53,61,74,80,83,98 "20";
21 101 0 3,10,13,18,27,32,41,43,46,55,57,65,69,71,75,77,80,82,87,90,92 "21";
22 45 1 0,14,24,25,44,53,61,87 "22";
23 42 0 1,4,13,24,30,31,35,49,50,51,57,69,73,85,90,100,104 "23";
24 106 0 4,8,21,32,37,40,41,42,44,46,47,52,53,55,58,61,70,71,75,81,83,90,92,93,99,100,103,104 "24";
25 32 1 2,9,45,74,85,87 "25";
26 4 1 3,5,7,10,11,13,16,18,20,22,23,24,27,32,34,37,39,40,42,44,45,48,50,54,56,57,58,60,62,64,66,68,78,80,81,82,84,88,89,92,93,94,99,100,102,104 "26";
27 67 1 35,74,93,94 "27";
28 32 1 7,17,19,29,32,47,81,85,94,99,101,103,104 "28";
29 78 0 3,11,18,20,32,38,42,45,55,61,68,78,82,85,89,91,103 "29";
30 79 0 0,2,3,6,7,8,11,16,17,18,20,21,23,26,27,29,31,34,35,37,39,41,42,43,45,46,48,50,57,61,63,65,67,69,73,74,76,78,79,80,83,85,88,92,95,98,99,100,101,103 "30";
31 21 1 0,2,5,10,13,14,21,29,32,34,36,42,49,51,56,59,61,65,67,72,75,77,80,82,87,89,92,98,101,103 "31";
32 100 1 6,11,16,18,22,25,32,40,42,45,47,51,54,58,61,63,66,69,71,73,75,82,86,88,89,94,96,103 "32";
33 65 1 23,30,44,51,93 "33";
34 29 0 0,1,3,6,7,9,11,12,13,17,20,21,24,25,29,33,36,39,41,42,45,47,49,50,53,55,56,58,61,62,63,65,69,71,74,75,78,80,82,84,85,88,89,91,93,95,100,102,103,104 "34";
35 19 0 0,8,13,17,30,31,36,41,55,56,59,63,68,83,94,96 "35";
36 72 1 0,2,3,9,11,14,17,18,19,21,22,24,25,28,30,31,32,34,36,37,42,43,47,50,51,52,56,60,61,63,68,71,72,75,77,78,84,85,87,90,91,98,101,102,104 "36";
37 30 0 12,15,16,23,26,30,38,46,54,56,66,71,73,74,76,79,83,86,97,98,102,103 "37";
38 65 0 0,1,6,7,9,10,14,15,16,18,21,25,28,29,32,37,38,43,45,50,51,53,54,56,62,63,64,67,73,74,75,76,78,84,86,88,90,93,94,97,100,102,103,105 "38";
39 104 0 0,1,4,8,11,12,14,23,27,29,31,32,33,35,36,38,39,42,43,48,50,52,54,56,57,59,60,62,63,66,67,69,70,77,80,81,82,91,92,94,96,97,103,105 "39";
40 96 1 3,5,6,10,17,21,22,23,29,30,33,37,38,40,45,46,49,52,53,55,58,59,60,61,63,66,67,70,73,77,80,81,83,85,87,90,91,92,95,97,98,100,101,102 "40";
41 62 0 0,2,5,11,12,14,16,17,20,25,27,28,30,31,33,35,37,39,41,42,46,48,50,52,57,58,60,61,63,65,66,67,68,69,73,75,76,80,84,85,87,89,90,92,94,95,97,98,99,101,102,104,105 "41";
42 5 0 6,7,8,10,11,14,17,23,24,26,29,31,33,34,37,41,43,45,48,50,52,53,55,57,58,59,61,64,67,68,72,74,75,77,79,81,84,86,88,91,93,96,98,99,102,103,105 "42";
43 39 1 0,3,7,10,18,19,20,22,25,28,31,33,35,38,41,46,49,51,53,54,57,59,60,65,68,69,71,72,75,80,81,84,88,93,97,101,104 "43";
44 21 1 13,23,26,34,68,76,77,85,92,101,105 "44";
45 53 1 26,56,59 "45";
46 72 0 0,8,9,13,17,18,19,21,24,26,27,28,30,31,36,37,45,47,50,53,54,56,57,59,60,61,63,66,68,70,72,73,74,76,78,79,81,83,86,89,91,93,94,95,98,99,102,105 "46";
47 81 1 24,53,73 "47";
48 103 1 0,3,5,6,8,10,16,18,20,23,27,30,32,33,36,38,39,40,43,45,47,52,55,56,59,61,62,66,67,70,72,74,75,76,78,79,82,84,85,86,88,89,90,92,94,95,96,98,101,103 "48";
49 27 0 2,4,9,12,16,17,19,21,25,27,37,39,40,44,53,56,58,59,64,65,66,68,69,76,78,80,87,89,93,95,96,97,103,105 "49";
50 4 0 0,7,9,13,15,16,18,19,20,27,32,33,35,37,39,41,43,46,48,49,51,53,54,60,65,68,70,72,74,78,80,81,82,87,88,90,95,96,97,101,105 "50";
51 49 1 2,3,8,12,21,23,24,26,28,39,40,41,44,45,47,49,52,55,57,64,69,71,76,83,84,88,92,94,98,105 "51";
52 41 0 1,2,4,5,7,9,13,14,17,18,22,32,37,39,43,48,49,50,52,53,55,57,60,68,69,73,75,79,81,85,86,90,93,95,98,99,102,104,105 "52";
53 36 0 30,32,39,82 "53";
54 77 1 2,7,19,21,22,24,33,36,39,42,44,47,48,49,51,53,56,58,60,62,72,74,77,80,83,84,86,87,88,91,97,100,102,105 "54";
55 6 1 3,16,40,56,69,88,90,93 "55";
56 76 0 6,13,24,27,36,40,44,53,54,57,58,66,74,77,84,93,94,99,100,105 "56";
57 54 0 6,19,25,31,68,70,76,104 "57";
58 90 0 36,77 "58";
59 90 1 2,13,36,38,44,62,72,84,87 "59";
60 65 1 0,3,4,11,13,14,22,23,24,28,30,31,34,36,37,39,41,47,50,54,60,62,64,69,71,74,75,78,80,81,83,85,86,87,89,91,93,97,104 "60";
61 105 0 7,8,10,12,14,25,28,30,33,43,52,54,61,71,75,99 "61";
62 82 0 9,15,33,36,41,48,53,61,71,73,81,85 "62";
63 41 1 1,5,6,8,10,12,13,16,17,19,20,21,24,25,27,29,31,33,35,37,42,46,48,50,51,53,56,57,60,62,64,67,68,69,75,77,80,82,83,84,89,92,96,104,105 "63";
64 76 1 0,2,4,6,8,9,14,17,18,21,27,32,33,36,37,39,45,50,51,52,54,56,58,59,62,63,64,66,69,71,73,77,79,81,83,85,86,89,91,95,96,98,100,102 "64";
65 78 1 18,32,35,37,51,57,68,77,81,89,92 "65";
66 95 1 0,1,3,5,8,10,13,14,15,18,20,22,25,26,32,36,40,41,44,47,48,49,52,54,55,57,59,60,65,67,68,72,73,77,78,79,80,85,88,91,92,93,94,96,99,100,103,105 "66";
67 42 1 2,13,20,24,61 "67";
68 100 0 13,15,20,22,23,24,26,40,42,45,52,64,66,67,71,75,76,77,79,91,93,96,99,101,104 "68";
69 44 0 1,2,4,6,7,9,11,14,20,24,26,28,33,35,38,41,43,45,48,50,58,63,65,67,70,72,73,77,83,85,86,88,89,91,93,95,96,97,99,103,104 "69";
70 29 1 3,5,8,9,17,18,20,23,24,29,30,32,35,37,39,40,42,46,50,53,54,57,58,59,61,65,68,69,72,73,76,77,79,81,83,85,89,90,92,95,97,102 "70";
71 14 1 13,15,29,37,72,75,95 "71";
72 90 1 8,13,22,25,27,30,32,39,46,49,54,57,61,66,69,77,80,84,89,95,100 "72";
73 11 1 1,2,4,5,11,12,15,17,18,20,23,25,29,30,32,36,39,45,46,48,49,51,53,56,60,64,65,66,68,70,73,75,77,79,81,83,85,87,89,90,92,93,95,96,97,99,102 "73";
74 105 1 0,5,7,8,10,13,15,17,20,21,30,33,35,36,39,42,44,46,48,50,51,53,54,56,57,63,65,66,68,69,70,73,79,84,87,89,91,94,100,102,103,105 "74";
75 42 0 1,2,4,7,9,12,14,16,17,18,20,21,24,26,30,31,32,34,36,38,41,44,47,49,52,56,60,62,65,67,72,75,76,77,80,85,86,88,91,92,94,98,100,103,104,105 "75";
76 56 1 18,22,25,31,33,43,45,47,49,57,61,65,66,67,76,87,92,94,96 "76";
77 32 1 2,5,13,15,18,22,25,32,35,37,38,42,44,48,52,62,66,68,72,77,84,94,103 "77";
78 46 0 0,1,4,8,12,13,18,20,22,24,29,31,33,34,35,37,38,39,45,47,48,49,51,53,55,57,59,62,65,69,71,77,78,79,88,89,91,93,95,97,98,101 "78";
79 61 1 1,4,9,12,14,16,18,21,24,26,29,30,33,37,41,42,44,45,49,51,55,58,59,60,62,65,66,70,72,74,77,79,84,86,88,89,91,93,97,101,105 "79";
80 27 1 2,7,8,12,14,15,22,31,34,41,43,50,54,69,74,77,79,81,85,90,91,94,104,105 "80";
81 69 0 33,65,101,104 "81";
82 19 0 0,1,3,5,7,9,15,19,21,26,28,31,34,35,36,42,46,48,49,53,55,57,61,62,65,66,68,70,71,75,78,80,81,84,86,89,90,92,95,97,99,100,102 "82";
83 58 1 1,15,17,25,26,38,47,49,51,53,64,72,87,88,91,93,105 "83";
84 48 0 3,6,7,12,14,15,16,19,21,22,24,25,26,27,30,31,38,41,42,43,46,51,56,57,60,61,64,67,69,70,72,73,76,78,84,85,87,88,90,93,94,95,97,102,103 "84";
85 47 1 19,23,24,28,40,45,50,61,87,90,101 "85";
86 77 1 0,4,7,9,12,17,20,21,22,25,27,30,32,34,36,38,40,43,47,50,52,53,56,57,61,62,64,66,68,69,70,72,73,76,79,80,83,84,85,89,92,97,102,103 "86";
87 52 1 1,6,22,23,25,26,32,44,53,58,66,69,73,75,80,92,96,100 "87";
88 29 1 0,2,3,7,8,9,12,20,22,23,25,30,32,34,35,37,41,42,44,46,47,48,50,54,55,57,60,62,64,68,71,74,77,79,82,84,86,88,89,92,94,97,100,101 "88";
89 95 1 0,1,3,5,6,7,9,10,11,13,14,18,19,21,22,23,25,27,32,33,39,41,42,44,46,47,49,55,57,58,60,61,63,65,66,68,70,72,78,80,82,84,87,89,93,94,98,99,100,103,105 "89";
90 32 1 0,4,6,9,10,12,18,21,23,24,28,30,31,32,37,45,47,49,60,62,65,67,71,72,75,80,82,84,85,89,97,99,100,103 "90";
91 6 1 3,6,10,13,24,31,36,38,41,45,47,49,51,53,57,64,66,68,78,86,90,91,94,99,102,104 "91";
92 15 1 35,37,38,48,53,70,71,75,77,80,84,85,92,96,101,103,105 "92";
93 30 1 2,4,6,7,12,13,16,17,21,22,24,25,27,29,30,32,35,36,37,39,40,42,44,46,49,55,57,58,60,61,63,65,68,69,72,74,76,77,83,85,95,96,99,101,103,104,105 "93";
94 61 0 0,3,7,12,15,19,25,30,45,47,50,62,63,65,66,70,74,76,78,80,88,90,92,95,100 "94";
95 104 1 3,15,40,47,51,63,66,70,85,87,90,99,105 "95";
96 41 0 0,4,25,41,51,68,79,95 "96";
97 85 1 0,2,8,18,23,26,37,39,43,48,49,51,52,54,56,58,62,64,66,70,78,80,89,95,102,105 "97";
98 86 1 3,29,38,46,48,58,69,77,80 "98";
99 72 0 5,7,8,10,13,15,16,18,24,26,30,31,34,36,39,40,43,45,47,52,54,57,58,62,63,66,68,72,74,75,77,84,90,97,100,102,105 "99";
100 18 0 5,10,13,14,22,34,41,43,44,50,61,67,69,74,75,80,83,85,87,91 "100";
101 37 1 0,3,10,11,13,14,16,21,28,30,36,39,41,43,45,47,57,59,63,64,66,67,68,70,71,78,81,85,87,88,93,94,97,99,105 "101";
102 94 1 3,7,11,12,15,17,19,20,22,24,27,34,36,37,38,42,47,49,50,54,56,60,62,65,67,70,71,73,81,83,89,90,92,93,95,96,102,103 "102";
103 45 0 31,33,55 "103";
104 87 1 1,4,5,7,8,9,11,12,14,17,21,26,29,31,35,36,38,39,40,42,43,45,47,49,51,52,57,58,59,63,64,70,72,74,76,78,79,81,82,85,86,88,94,96,98,99,100,102,105 "104";
105 66 0 0,2,3,5,6,8,9,11,12,14,15,16,18,19,22,24,25,28,29,31,32,34,36,41,49,50,54,55,56,58,60,61,63,65,68,71,72,73,75,76,78,81,84,86,87,89,92,97,100,101,103,105 "105";
