parity 118;
0 51 0 0,3,5,8,9,10,13,18,19,21,24,27,28,32,33,34,37,39,42,44,45,49,51,54,56,57,58,61,62,65,66,69,70,72,74,76,79,86,87,92,94,97,98,101,109,113,114,117 "0";
1 106 1 1,5,7,11,14,19,20,24,26,27,29,33,35,39,42,48,51,54,55,58,61,62,63,67,69,70,72,77,79,81,85,86,88,91,96,98,102,103,106,110,112,114,117,118 "1";
2 89 1 19,41,58,82 "2";
3 90 0 12,29,49,56,78,80 "3";
4 11 1 36,42,104 "4";
5 47 0 2,4,7,9,12,18,20,23,25,26,27,28,31,41,43,47,49,50,53,56,57,61,64,69,70,71,77,83,84,85,91,93,95,97,101,103,106,109,112,113,116,117 "5";
6 109 0 1,4,7,9,11,12,13,15,17,20,22,25,27,32,36,37,41,42,46,51,54,55,56,57,59,62,63,66,71,72,75,76,79,81,83,85,86,87,89,90,92,95,96,98,100,102,103,105,107,108,109,111,112,114,115 "6";
7 11 0 0,4,8,10,15,18,20,22,29,31,38,45,60,68,75,76,83,91,96,100,102,107,108,113 "7";
8 49 1 0,3,7,15,17,28,32,36,50,56,58,75,77,80,94,99,112 "8";
9 58 1 0,1,3,4,6,8,12,14,17,22,25,29,40,41,48,61,65,78,87,95,105,109,110,113 "9";
10 81 1 18,54,100 "10";
11 8 0 19,23,26,31,34,49,53,69,78,99 "11";
12 31 1 1,2,5,6,10,15,19,21,22,24,27,29,30,32,33,35,36,38,43,46,49,51,53,55,57,59,60,64,65,67,68,69,71,73,75,76,80,83,87,88,91,98,100,101,104,106,110,112,114,117,118 "12";
13 56 0 1,3,4,10,13,15,16,20,27,30,31,33,35,47,50,52,55,61,69,70,75,82,85,86,91,93,99,107,108,111,114 "13";
14 105 1 2,4,6,9,13,15,16,18,28,30,37,40,42,44,47,49,50,54,56,58,62,63,64,68,71,77,79,81,84,86,87,89,90,94,95,97,101,104,105,107,111,112,114,115,118 "14";
15 2 1 0,1,4,5,7,8,10,12,14,15,16,18,21,28,30,31,33,35,38,42,44,50,53,56,57,59,61,63,64,65,67,71,79,82,84,87,91,94,95,96,98,100,101,102,104,106,107,110,112,114,116,117,118 "15";
16 50 1 2,3,8,23,24,29,36,37,45,48,52,53,65,71,73,78,88,94,118 "16";
17 99 1 23,36,42,49,53,66,76,79,84,90,94,96,99,104,106,115,117 "17";
18 28 1 1,3,5,13,16,18,19,21,24,26,33,37,41,43,45,46,50,53,55,59,60,63,66,71,72,77,81,86,88,91,94,98,109,110,112,115,117,118 "18";
19 42 0 2,7,11,12,16,20,29,31,33,35,39,40,47,50,54,63,68,70,75,78,85,89,92,93,98,101,103,116,118 "19";
20 8 1 1,3,8,9,17,20,27,33,35,38,41,44,47,48,51,52,57,59,60,71,73,74,87,89,95,98,104,109,112 "20";
21 42 1 9,14,41,58,60,64,81,84,96,99,113,116 "21";
22 119 0 1,4,5,7,11,13,14,17,20,21,23,25,30,32,34,35,37,38,42,44,45,46,47,49,51,52,53,55,57,60,63,66,67,72,73,77,78,82,84,85,88,89,90,93,94,97,98,100,103,104,106,108,110,112,114,117 "22";
23 25 0 0,3,6,10,11,15,16,17,19,21,23,25,28,31,34,35,37,39,40,42,44,45,48,50,53,55,56,60,63,66,67,68,70,72,74,76,78,80,85,88,90,93,96,97,100,101,102,106,108,110,114,117,118 "23";
24 39 1 17,24,30,37,41,42,50,52,55,67,68,78,81,85,96,99,101,106 "24";
25 8 0 9,21,26,30,38,55,66,75,77,81,83,85,101,106,107 "25";
26 84 1 1,3,11,13,16,19,25,28,35,37,38,41,42,45,48,50,51,56,57,60,62,64,67,72,74,76,78,83,86,88,89,90,92,95,96,99,100,102,103,110,112,114,116,117 "26";
27 60 0 1,2,5,6,8,11,12,13,15,17,20,21,22,23,24,26,27,29,31,33,35,37,38,40,46,48,50,52,53,55,56,59,61,64,66,67,68,70,72,73,74,77,80,84,85,86,88,92,94,95,98,101,103,105,109,112,115,116,117,118 "27";
28 74 0 2,5,7,18,20,27,33,51,52,62,90,103,117 "28";
29 75 0 0,7,8,9,11,13,21,23,24,29,36,40,44,45,48,50,53,54,56,57,59,62,63,74,78,79,80,87,89,90,93,96,98,99,103,106,109,110,115 "29";
30 73 0 8,35,101 "30";
31 77 0 1,10,25,30,35,43,67,74,76,89,92,102,112 "31";
32 95 0 17,39,45,49,51,61,63,68,74,83,85,92,95,98,117 "32";
33 95 0 11,23,28,29,35,42,44,46,48,51,56,67,71,98,100,103,112 "33";
34 73 1 0,7,8,10,11,13,16,23,27,28,33,35,39,40,41,43,46,48,50,52,55,58,64,66,69,73,76,80,84,86,91,93,95,96,97,101,102,104,109,113,117 "34";
35 56 1 0,2,6,7,9,10,12,13,16,18,20,21,23,24,26,28,30,32,34,35,38,40,41,46,48,50,51,54,55,57,60,65,69,71,78,80,81,83,85,89,91,93,95,97,100,105,107,108,111,115 "35";
36 5 1 1,3,10,13,30,35,40,41,46,47,53,56,57,59,60,88,90,97,98,99,104,110,115,117 "36";
37 41 1 10,16,22,26,28,30,39,45,46,47,51,71,78,80,82,91,93,98,100,102,110,112 "37";
38 111 1 0,2,5,7,9,11,14,16,18,19,22,24,26,27,28,32,38,39,41,45,48,49,50,52,54,59,60,65,68,71,72,73,75,76,82,90,93,95,98,101,105,109,110,117,118 "38";
39 12 0 21,29,48 "39";
40 69 1 12,21,22,68,79,116 "40";
41 12 0 2,21,37,44,93,101,103,106,117 "41";
42 95 0 0,7,9,54,63,74,96,105,108 "42";
43 18 0 0,10,22,28,36,39,45,46,54,64,68,70,72,75,86,92,95,96,105,109,111 "43";
44 71 0 0,2,4,6,9,12,15,17,20,23,25,27,30,39,44,50,54,58,60,66,69,71,72,76,82,84,86,95,99,103,109,110 "44";
45 4 1 17,41,52,86,94,98 "45";
46 115 0 0,2,5,6,8,10,11,14,15,17,18,24,30,34,35,37,39,41,48,49,50,52,54,55,58,59,61,62,65,67,69,70,71,72,75,77,80,82,85,87,88,92,94,96,99,100,102,106,107,109,111,113,115,118 "46";
47 115 1 2,8,11,14,28,33,36,43,53,68,72,74,76,91,96,103,106 "47";
48 10 1 9,12,14,20,23,32,43,47,51,57,64,66,73,76,80,90,96,106,107,110,117 "48";
49 18 0 7,9,11,14,17,24,27,29,31,35,36,38,44,46,49,53,56,60,62,68,74,76,81,87,94,95,101,103 "49";
50 99 0 0,1,5,7,8,9,10,12,14,15,17,20,22,25,26,27,28,32,33,34,36,38,40,43,44,47,50,51,53,55,56,59,61,63,65,66,69,71,73,74,76,78,82,83,84,86,88,89,93,95,97,99,100,102,103,108,113,114,118 "50";
51 4 0 2,18,19,26,33,35,37,39,52,54,58,62,66,74,75,80,96,97,102,104,112 "51";
52 68 1 2,5,10,12,18,21,30,35,48,55,57,79,82,88,90 "52";
53 106 0 2,6,7,9,12,15,17,19,21,24,25,31,32,35,37,39,41,43,45,49,50,52,53,55,56,58,64,69,72,76,80,82,87,90,94,96,97,101,105,109,111,113,117 "53";
54 22 0 1,5,13,14,16,17,21,29,30,35,40,42,51,56,58,62,64,75,82,104,108,111,117 "54";
55 93 1 0,1,3,11,13,15,17,21,24,25,28,32,33,35,36,37,38,40,42,43,45,47,50,51,54,57,62,66,67,70,71,72,74,75,77,78,80,81,85,86,88,90,91,93,94,95,99,104,106,107,110,115,117,118 "55";
56 75 1 5,12,16,21,24,26,29,33,39,49,57,61,65,68,71,74,79,83,91,93,94,95,108 "56";
57 20 0 9,16,21,24,27,38,43,45,49,51,55,65,68,72,78,85,93,102,104,107,115 "57";
58 112 0 3,8,11,13,15,17,22,23,26,32,33,37,39,41,51,54,59,65,67,77,80,82,84,87,95,98,99,106,109,113,114,116,117 "58";
59 68 0 2,4,6,8,11,12,13,16,17,21,24,25,28,29,30,34,37,40,43,46,48,51,54,57,59,64,66,68,73,75,77,78,80,83,89,97,103,118 "59";
60 34 0 1,3,8,14,18,19,25,36,42,44,45,57,64,68,70,72,78,81,83,92,98,102,109 "60";
61 118 0 1,3,5,7,8,10,13,15,21,24,25,27,28,29,32,33,34,36,37,38,41,43,45,47,50,53,55,56,59,61,62,63,65,69,74,77,78,79,81,83,84,86,90,92,94,98,100,101,102,107,110,114,116 "61";
62 49 0 0,9,12,26,30,44,56,60,66,71,75,94,95,97,115,117 "62";
63 117 0 2,3,4,16,19,22,25,27,30,34,47,53,68,76,80,84,91,93,95,98,101,112 "63";
64 49 1 7,20,47,48,51,56,68,69,90,108 "64";
65 7 0 0,1,2,5,12,18,20,23,25,27,29,30,32,38,43,47,50,53,54,56,60,61,62,69,70,71,75,80,81,82,84,85,88,91,92,94,96,97,99,102,107,110,112,114,115,117,118 "65";
66 66 0 0,2,6,14,18,19,20,22,25,28,29,32,35,37,39,42,43,44,45,46,52,55,56,58,60,63,67,68,70,72,76,87,91,96,104,105,111,116,118 "66";
67 14 1 1,3,4,5,7,11,13,16,19,24,25,27,28,31,37,38,40,44,46,48,51,53,58,59,61,63,66,69,72,74,79,81,82,84,86,90,91,92,94,97,99,105,106,109,112,113,116,117,118 "67";
68 39 1 3,29,34,40,46,52,62,63,65,70,75,85,88,108,117 "68";
69 35 0 1,4,5,6,8,14,16,21,22,25,27,28,29,30,33,37,38,39,41,43,44,48,50,52,55,58,60,61,63,65,66,67,68,69,70,73,77,80,82,83,85,86,89,91,94,97,103,107,111,113,116,117,118 "69";
70 28 0 0,2,4,6,11,14,15,19,24,25,29,30,35,38,42,44,46,48,50,56,59,62,63,65,67,69,70,75,77,78,80,82,85,88,99,102,106,108,112,114,116,118 "70";
71 73 0 65,81,118 "71";
72 94 1 0,2,6,10,12,14,16,18,21,22,24,28,30,35,37,39,47,49,51,52,54,61,63,66,72,73,74,76,79,80,81,82,87,88,90,92,94,96,97,101,102,104,105,106,111,114,117 "72";
73 94 0 0,2,4,5,9,13,16,19,21,25,26,29,30,33,34,36,37,39,41,42,46,47,52,53,55,56,57,58,61,62,64,65,68,69,71,73,74,78,79,81,87,89,90,91,95,96,99,102,104,105,106,107,109,111,112,113,114,116,117,118 "73";
74 4 0 0,1,4,5,6,7,10,11,14,16,18,20,22,25,28,31,33,34,37,40,42,43,45,46,47,49,51,53,55,57,58,62,65,68,70,71,73,75,76,79,80,81,83,85,88,91,93,94,95,98,106,107,111,113,115,118 "74";
75 8 1 13,16,17,23,28,29,46,64,79,84,101,108,113 "75";
76 3 1 4,9,24,25,27,31,35,36,47,49,51,53,59,63,66,69,73,75,78,80,82,84,87,95,96,97,103,115,116 "76";
77 116 1 2,10,16,24,28,29,30,32,35,37,39,41,44,46,49,54,56,61,63,66,69,72,78,86,87,89,90,95,97,98,105,107,110,113,115 "77";
78 64 0 1,5,10,12,28,31,34,36,53,57,58,72,77,94,102,107 "78";
79 30 1 4,10,12,20,22,24,31,34,36,47,58,85,89,100,103 "79";
80 116 1 28,30,46,74,82,83,103 "80";
81 51 0 1,4,10,13,20,23,25,29,30,34,35,37,40,43,46,50,51,53,59,60,62,65,69,70,74,75,77,78,81,82,89,90,97,99,100,106,107,113,116,117 "81";
82 105 1 0,1,2,6,7,9,10,11,15,19,21,22,25,26,27,33,34,36,39,41,43,46,47,48,52,53,56,57,58,60,61,62,63,65,69,70,71,73,74,76,77,78,83,84,91,93,95,96,98,99,102,103,107,108,112,113,115,116,117 "82";
83 23 0 0,1,4,6,8,10,11,14,17,18,20,21,24,33,36,40,41,46,47,50,52,53,55,56,60,62,64,67,69,72,73,77,78,86,88,89,91,94,98,99,102,104,106,110,111,114,118 "83";
84 59 0 14,21,24,29,35,38,40,54,71,81,91,94,101,109,113,114,116 "84";
85 85 0 1,2,3,6,8,11,14,15,18,19,21,23,27,29,31,33,36,37,39,41,44,47,49,51,53,56,58,60,61,64,66,69,70,71,72,75,78,80,81,83,86,89,91,92,93,95,98,102,103,104,107,110,112,113,114,115,117,118 "85";
86 89 1 7,9,16 "86";
87 99 0 2,3,5,7,8,10,14,15,16,22,23,25,26,29,31,32,34,35,39,40,47,50,54,55,58,60,61,66,70,72,74,76,78,80,84,86,87,93,97,98,100,102,103,104,106,108,110,112,114,116,117,118 "87";
88 108 0 7,42,48,72,77,87,116 "88";
89 97 1 12,18,21,26,28,32,51,53,59,68,71,73,77,79,84,88,89,96,98,109,115 "89";
90 6 1 0,2,3,4,12,17,19,24,27,29,34,36,39,46,61,64,65,71,79,81,82,86,89,94,97,103,105,108,113 "90";
91 94 0 1,8,12,14,17,21,22,24,26,29,30,32,35,37,42,44,46,48,52,53,56,57,63,65,71,72,74,79,81,84,87,89,92,93,94,96,102,103,105 "91";
92 16 1 2,9,12,17,19,22,23,25,26,33,35,41,46,48,53,66,67,76,87,103,112 "92";
93 87 0 0,5,6,9,11,12,15,19,22,25,28,31,34,36,40,41,48,50,51,60,63,66,68,70,76,78,80,82,87,91,92,94,98,102,105,108,110,115,117,118 "93";
94 0 0 2,4,5,9,12,15,19,24,28,30,32,36,40,43,48,59,60,61,63,66,70,75,78,83,84,88,90,96,100,105,114 "94";
95 47 0 16,64,65,76,88,99,103,106 "95";
96 101 1 1,4,7,9,10,12,14,15,19,20,22,24,26,27,28,31,35,36,38,42,43,45,47,49,52,54,55,61,63,68,70,72,73,78,79,80,82,89,91,92,94,97,99,106,108,111,116 "96";
97 71 1 26,33,43,46,54,59,67,69,73,76,83,97,105,118 "97";
98 22 1 3,12,19,20,25,31,33,37,43,48,73,76,77,78,90,96,99,102,115 "98";
99 79 1 21,84 "99";
100 117 1 0,2,3,4,6,10,13,15,17,18,19,21,22,26,32,34,35,37,38,41,42,46,47,50,53,58,59,62,63,65,68,69,73,76,78,79,80,81,83,84,86,87,90,91,94,95,97,98,99,101,102,103,104,106,110,112,113,115 "100";
101 59 0 4,7,8,14,18,20,28,29,32,33,36,38,40,41,43,45,50,51,53,54,59,64,70,72,73,75,77,79,87,90,91,94,99,100,106,110,111,113,118 "101";
102 20 1 0,3,5,6,7,8,17,19,25,27,34,38,39,41,42,48,50,64,71,72,77,80,85,92,98,101,110,113 "102";
103 115 1 0,1,4,6,8,11,12,13,18,20,21,30,35,37,38,40,45,46,51,55,58,63,65,71,74,77,80,82,88,90,93,95,96,98,101,104,106,108,111,114,117 "103";
104 57 1 49,56,73,104 "104";
105 69 0 0,2,3,11,13,17,19,22,23,24,32,33,38,40,41,44,47,48,50,51,56,59,60,61,65,67,68,70,71,72,74,76,77,79,84,85,87,90,91,93,95,97,98,101,104,105,107,111,113,114,115,117,118 "105";
106 75 0 1,5,7,9,12,15,18,20,23,25,27,28,30,35,37,38,39,42,43,46,50,52,53,55,56,57,58,62,66,68,71,75,77,87,88,91,92,94,96,98,99,101,103,108,110,111,114,116 "106";
107 70 1 2,9,21,22,30,37,55,65,69,71,75,78,97,106 "107";
108 112 1 2,3,5,8,11,15,17,22,26,31,33,38,43,51,52,54,58,64,66,67,68,71,78,80,81,87,94,96,98,102,103,106,109,110 "108";
109 104 1 9,14,15,23,26,27,31,32,44,52,54,67,68,70,72,74,77,82,89,99,101,104,107,110,111,113,114 "109";
110 91 1 2,11,13,20,21,27,36,39,49,56,81,83,86,97,110 "110";
111 64 1 1,3,6,8,21,23,25,27,30,38,39,40,41,43,45,47,49,50,55,59,64,67,69,71,77,78,83,86,88,93,94,98,102,103,108,112,117,118 "111";
112 17 1 0,2,5,6,9,10,14,16,17,20,22,26,28,33,37,38,42,44,45,46,48,52,55,57,59,64,65,71,76,77,79,82,86,88,89,90,91,93,95,98,103,105,106,109,112,113,114,117 "112";
113 47 1 21,31,61,85,101 "113";
114 84 0 4,6,7,13,15,16,25,34,36,38,40,44,48,53,56,59,63,70,72,75,77,79,81,82,84,87,90,98,100,103,104,109,111,113,115,117 "114";
115 88 0 0,1,2,3,9,10,12,14,21,22,24,27,29,31,33,36,38,39,43,45,46,48,50,56,57,59,61,63,66,67,69,70,71,73,75,77,80,85,86,89,93,95,96,97,99,101,105,106,107,109,110,112,116 "115";
116 26 0 0,2,4,7,9,12,13,16,20,25,26,28,30,32,35,37,39,42,43,46,50,51,53,55,57,58,60,62,63,65,67,69,70,71,72,76,78,80,83,85,86,89,91,93,95,96,99,101,102,108,110,112,113,115 "116";
117 90 0 1,4,6,8,10,11,14,17,27,28,30,34,35,42,45,46,49,53,55,57,60,62,69,70,71,74,76,77,79,88,90,93,96,101,102,110,112,115,117 "117";
118 2 1 7,48,74,92,94 "118";
