parity 20;
0 5 0 0,2,8,9,12,17 "0";
1 14 0 0,1,3,4,6,9,11,14,15,20 "1";
2 10 0 0,2,3,5,9,10,11,12,14,15,18 "2";
3 14 1 0,2,4,16 "3";
4 8 0 0,5,10,15,18 "4";
5 3 1 3,4,5,8,11,12,15,18,19 "5";
6 4 0 0,10 "6";
7 0 0 0,5,6,8,11,14,15,17,19 "7";
8 14 1 8,17 "8";
9 17 0 0,3,4,7,8,11,14,15,17,18,19 "9";
10 1 1 1,5,6,7,9,12,13,15,16,20 "10";
11 2 1 1,6 "11";
12 12 0 1 "12";
13 15 0 0,2,4,6,9,10,12,15,17,20 "13";
14 18 1 0,1,13,14,20 "14";
15 7 0 1,3,11,14,20 "15";
16 20 1 1,3,4,7,9,12,13,14,17,18,20 "16";
17 14 1 6,12,14 "17";
18 3 0 1,3,4,17 "18";
19 8 1 1,3,6,7,9,10,12,14,16 "19";
20 11 0 5,6,9,13,19 "20";
