parity 97;
0 51 0 18,36,47,49,50,62,77 "0";
1 48 1 2,5,8,10,14,16,19,21,26,29,34,36,39,41,46,48,51,53,56,58,64,71,78,79,80,85,89,93,97 "1";
2 83 1 4,7,11,13,21,26,28,32,33,40,44,50,56,60,67,73,74,81,82,90,95,97 "2";
3 34 0 0,3,4,6,9,11,16,20,23,31,33,35,38,39,41,43,48,53,54,59,68,76,79,80,82,83,87,93,95,96,97 "3";
4 57 1 0,1,3,4,8,9,17,18,22,25,27,28,31,32,33,34,35,38,40,41,43,46,51,53,55,56,58,60,62,63,65,67,68,73,74,80,83,86,89,93,94,95,97 "4";
5 81 1 6,8,10,16,19,21,24,29,31,41,50,55,58,71,72,83,92 "5";
6 38 1 1,8,11,15,16,17,22,25,28,31,35,36,39,41,42,46,52,57,64,69,71,76,77,83,88,90,91,93,96 "6";
7 84 0 3,6,8,9,10,11,15,17,19,21,25,27,28,29,31,32,34,36,37,39,40,42,44,46,48,50,54,57,58,61,63,64,66,68,69,74,76,77,79,80,81,83,87,89,91,93,94,95,97 "7";
8 61 0 10,12,15,33,46,48,52,56,91 "8";
9 30 0 0,2,9,11,12,15,17,23,24,25,36,38,39,41,43,44,50,51,54,62,64,65,67,70,71,75,77,78,81,85,89,91,93,97 "9";
10 88 0 0,2,6,9,10,15,21,22,25,32,33,37,40,47,49,51,52,59,62,64,66,67,72,74,90,92,96 "10";
11 73 0 0,2,5,7,9,12,14,16,17,23,24,27,28,30,33,35,36,39,40,44,49,52,53,58,60,62,65,66,71,75,76,79,80,83,87,88,89,90,92,93,95 "11";
12 44 0 2,33 "12";
13 61 0 0,9,17,20,22,24,29,31,34,38,41,48,50,51,53,64,65,67,69,73,83,86,90,95 "13";
14 7 0 1,4,8,10,12,13,15,16,18,19,21,23,24,26,28,31,34,37,42,43,45,48,51,52,53,58,59,60,64,69,72,73,74,76,77,78,80,81,83,90,91,93,94 "14";
15 74 0 3,47 "15";
16 35 0 1,3,9,11,12,18,24,26,31,32,41,52,58,61,62,66,81,84,91 "16";
17 80 0 0,2,3,9,14,15,19,23,24,30,32,34,36,39,40,43,44,46,48,50,51,52,57,59,60,63,67,68,73,75,76,78,81,82,83,87,89,92,94 "17";
18 62 0 1,5,7,11,14,18,19,21,41,43,48,50,54,56,62,63,74,86,88,94 "18";
19 17 1 3,4,10,12,16,18,24,26,30,33,35,43,50,54,55,58,62,68,71,73,80,82,83,84,85,87 "19";
20 72 0 3,11,20,25,43,59,61,62,71,79,83,86,91,92,94 "20";
21 85 1 2,3,12,17,19,23,42,45,47,58,62,66,67,69,72,74,77,79,82,84,87,95,96 "21";
22 75 0 17,31,33,42,53,90 "22";
23 60 1 8,9,17,19,23,25,27,31,34,36,40,43,53,56,65,67,69,74,86,88,90,93 "23";
24 29 1 0,3,5,8,9,11,13,14,16,17,20,22,27,29,32,33,34,35,37,42,46,47,49,50,52,53,54,56,57,59,62,64,65,69,71,76,78,79,81,83,85,88,90,92,93,95,96 "24";
25 29 0 0,3,13,16,18,22,26,27,29,31,32,33,38,39,43,45,51,53,55,63,66,68,84,91,94,97 "25";
26 79 0 1,2,4,6,11,13,17,19,22,24,25,31,45,46,49,50,52,54,56,59,61,63,65,69,71,74,79,84,87,89,90,91 "26";
27 72 1 1,3,22,24,38,46,48,61,63,66,87,89,90,95 "27";
28 32 1 2,7,8,12,20,22,25,33,34,39,41,46,51,53,66,68,75,77,79,88,90,96 "28";
29 37 0 0,3,4,7,12,13,17,21,22,24,26,28,29,32,33,35,37,39,41,43,45,46,49,54,55,56,58,62,64,67,69,71,73,77,79,80,81,88,89,93,94,96 "29";
30 41 0 7,12,13,18,24,34,37,38,45,49,52,56,59,62,66,72,83,90,96 "30";
31 3 1 81 "31";
32 3 0 1,5,10,13,20,22,35,37,38,51,56,75,78,89 "32";
33 94 1 4,29,61,83,91,95 "33";
34 27 0 14,29,39 "34";
35 6 0 0,1,2,22,31,33,35,69,71,82 "35";
36 32 0 2,25,33,35,36,43,46,48,49,51,59,66,96 "36";
37 75 1 0,5,9,11,12,15,17,19,20,22,24,26,29,30,31,32,35,36,37,40,42,43,47,50,51,54,56,58,59,66,68,73,75,76,77,78,80,81,87,90,93,95,96,97 "37";
38 31 0 0,1,3,7,13,15,17,27,29,30,32,34,46,50,53,58,63,69,72,74,79,84,92,95,96 "38";
39 20 1 0,3,5,6,9,11,13,17,20,26,28,29,37,39,43,46,49,51,55,58,59,64,65,78,80,84,87,90,92,95,97 "39";
40 54 0 11,16,18,20,23,25,26,34,36,42,43,53,65,67,70,76,79,84,87,92,96 "40";
41 48 1 9,13,16,24,33,40,42,49,61,65,70,71,75,78,81,83,85,91,96,97 "41";
42 27 1 0,8,10,15,17,20,23,26,34,41,53,57,61,63,69,78,79,80,84,85,92 "42";
43 26 0 3,17,19,27,41,42,47,55,58,61,65,78,86 "43";
44 29 1 1,2,5,6,7,8,10,11,13,14,18,19,20,21,24,25,28,31,33,34,36,38,40,41,46,48,49,52,54,58,59,60,63,65,68,70,71,75,78,79,84,86,89,90,91,95 "44";
45 15 0 5,6,8,12,15,19,23,24,26,27,29,32,38,42,44,45,47,49,51,53,55,56,58,60,61,63,65,66,67,72,74,76,81,82,84,86,89,92 "45";
46 6 0 2,12,15,16,19,23,32,33,35,38,43,50,51,60,63,66,68,88,93 "46";
47 34 1 6,62 "47";
48 8 1 4,6,15,35,36,44,50,57,83,91,93 "48";
49 32 1 0,11,13,15,28,37,39,50,51,65,73,79,90,97 "49";
50 70 1 4,7,15,19,21,30,33,35,37,38,44,47,50,54,55,57,60,66,67,70,76,79,81,86,88,90,91,97 "50";
51 45 0 1,8,9,11,14,23,25,28,29,31,38,39,43,45,49,55,66,75,77,80,83,85,94 "51";
52 79 1 3,4,6,7,10,12,18,19,20,22,25,26,31,32,33,35,37,39,40,43,46,47,48,50,53,55,58,60,62,65,66,67,69,71,73,75,76,79,82,85,87,90,91,93,95,96 "52";
53 55 0 0,2,3,6,10,16,17,18,20,21,27,32,38,40,42,45,49,51,52,55,59,60,63,68,70,71,74,78,87,89,91,93,95 "53";
54 63 1 2,8,10,12,21,23,25,29,31,32,34,37,38,40,41,44,45,49,51,53,56,57,58,59,61,63,67,70,72,73,77,80,83,85,87,88,89,91,92,94 "54";
55 80 1 1,3,4,5,7,8,9,12,14,17,18,20,22,23,25,28,29,31,33,35,36,38,41,42,46,47,50,54,56,58,60,61,63,65,66,68,74,77,81,82,83,88,94,95,96 "55";
56 4 1 2,4,5,6,8,11,13,15,18,22,23,25,27,29,33,40,45,52,55,56,59,61,67,76,77,78,87,96 "56";
57 38 1 0,1,6,7,8,10,13,15,18,19,20,23,29,31,37,40,41,42,46,48,52,54,55,57,64,65,69,72,73,75,76,78,80,81,83,86,88,90,92,95 "57";
58 7 1 4,12,13,16,24,29,32,43,44,48,55,57,64,67,68,70,74,78,83,84,90,91,95 "58";
59 20 1 1,3,11,13,18,19,20,22,29,31,33,34,35,39,41,42,44,47,49,50,52,54,59,61,67,68,70,73,74,75,77,80,83,86,89,94 "59";
60 89 1 3,9,10,13,16,19,20,23,24,28,30,33,37,42,44,50,52,54,55,58,59,60,63,67,71,74,77,81,84,85,86,89,91,93 "60";
61 70 1 1,4,8,12,14,21,22,25,29,34,43,46,50,52,57,58,65,71,72,73,80,82,87,93,95,96,97 "61";
62 7 0 3,5,11,13,17,22,24,28,29,32,38,41,44,48,50,54,56,57,61,63,65,68,70,75,84,96 "62";
63 4 0 1,10,19,23,26,47,63,69,94 "63";
64 28 1 2,6,18,42,49,59,69,70,87,90,92 "64";
65 32 0 4,5,10,12,18,22,25,29,31,34,35,36,38,40,43,44,46,48,49,63,66,70,74,75,77,80,82,84,87,88,89,93,95,96 "65";
66 90 0 4,26,40,60 "66";
67 24 1 0,2,4,7,10,13,15,18,19,22,30,33,34,37,39,41,42,45,50,57,59,62,64,67,74,78,84,86,87,88,90,92,94,97 "67";
68 49 1 1,2,6,8,9,15,20,23,26,33,34,37,44,45,50,52,55,56,58,60,66,68,70,72,73,77,79,82,85,94,96,97 "68";
69 71 0 2,3,8,11,12,17,20,22,28,33,35,36,39,44,46,50,52,56,58,60,62,65,69,71,72,74,76,78,80,83,84,86,89,90,95,96,97 "69";
70 23 1 2,11,16,32,36,37,44,48,53,59,66,78 "70";
71 32 0 1,3,4,6,7,10,11,13,15,17,20,22,25,27,30,32,34,37,43,46,52,56,63,64,68,73,75,76,78,83,84,86,88,90,93,96 "71";
72 26 0 2,4,8,10,14,15,18,20,22,26,30,34,35,36,39,40,46,49,55,56,58,61,62,70,75,82,84,86,88,90,93,97 "72";
73 84 0 0,3,6,10,15,18,20,22,26,27,29,31,35,36,41,44,46,50,52,53,55,57,59,61,66,67,70,71,73,75,79,81,85,88,91,93,95 "73";
74 50 0 4,5,7,10,14,21,22,26,28,31,33,34,39,41,46,61,63,65,78,79,91 "74";
75 81 0 0,1,3,4,6,7,8,10,13,15,16,18,20,22,25,26,28,29,33,35,44,45,47,48,49,52,55,57,58,61,64,66,67,68,70,71,73,74,75,77,79,80,82,83,86,88,90,92,95 "75";
76 72 0 12,37,43,44,47,50,52,82,89 "76";
77 67 1 2,15,21,26,28,31,45,47,53,56 "77";
78 89 1 4,16,20,22,23,25,29,35,37,39,47,48,54,57,59,62,65,67,74,88,90,93,94 "78";
79 9 1 36,41,43,52,68,85,88 "79";
80 96 1 0,1,6,9,15,17,20,24,25,29,36,38,40,42,44,48,51,61,66,71,76,81,90,91,94,96,97 "80";
81 23 0 0,2,4,7,8,11,13,17,18,19,23,26,27,29,30,32,33,34,36,37,42,48,50,55,56,58,60,62,66,73,77,79,80,83,89,92,94,97 "81";
82 40 0 0,4,16,23,25,36,46,52,66,68,69,74,87,97 "82";
83 27 0 17,67,84 "83";
84 95 0 0,1,2,4,6,8,9,10,14,15,17,19,22,25,26,29,30,32,34,36,37,39,40,43,47,49,53,55,56,58,64,66,69,70,72,73,76,78,79,80,81,83,84,86,92,95,97 "84";
85 15 0 0,2,12,23,33,60,80,93 "85";
86 23 1 0,3,7,16,18,23,26,27,31,32,34,36,37,41,45,48,49,51,55,58,61,64,66,69,77,79,80,82,84,86,89,91,92,93,97 "86";
87 83 1 1,5,61,93 "87";
88 13 1 1,4,6,8,10,12,14,18,21,24,26,32,39,40,42,46,48,49,51,54,58,61,62,67,76,77,79,80,81,86,92,96 "88";
89 24 0 2 "89";
90 3 1 9,13,22,25,30,32,37,42,43,48,54,64,71,81,88,92 "90";
91 84 1 0,2,4,5,6,14,15,21,22,29,34,37,38,40,42,44,47,50,54,56,59,61,63,66,69,70,72,74,76,82,84,85,87,88,93,96 "91";
92 59 1 1,2,5,7,9,11,13,15,16,18,19,20,22,23,26,28,31,35,37,39,41,44,47,48,49,52,53,56,57,60,61,63,67,68,70,71,72,75,77,78,81,83,86,87,88,93,94,95,96 "92";
93 29 0 12,16,46,51,55,66,85,89 "93";
94 56 0 0,1,5,6,7,9,10,14,21,23,25,26,28,30,32,33,35,39,42,45,47,50,52,54,56,58,61,65,69,73,78,80,84,86,87,91,93,96 "94";
95 55 0 1,17,21,24,31,33,46,71 "95";
96 4 1 1,5,6,10,13,16,23,27,33,34,35,38,44,46,48,50,53,59,63,67,69,74,78,80,81,89,91,94,96 "96";
97 44 1 1,2,5,8,9,11,13,28,30,32,34,45,49,54,57,59,67,68,74,76,78,80,87,88,90 "97";
