parity 71;
0 50 0 0,1,2,3,8,9,11,13,15,17,19,21,23,25,26,27,29,31,32,35,37,41,42,45,47,48,52,55,58,60,63,65,66,68,69,71 "0";
1 25 1 3,5,10,11,13,16,17,20,22,24,27,29,33,35,36,40,46,48,53,57,58,60,66,71 "1";
2 59 0 1,5,6,7,17,20,22,23,25,28,32,35,36,37,39,44,47,48,50,51,53,55,56,60,62,63,65,67 "2";
3 25 0 0,1,6,10,13,20,27,32,47,62,71 "3";
4 28 0 2,3,17,26,32,53,58,60,63,69 "4";
5 12 0 0,2,5,6,8,10,12,14,17,18,20,23,24,25,26,28,30,36,37,38,39,41,42,45,48,50,53,54,57,59,60,62,63,68,70 "5";
6 16 0 13,16,34,43,55 "6";
7 37 0 6,9,11,14,16,18,20,21,22,25,33,38,43,45,48,49,57,59,61,68 "7";
8 19 1 7,9,16,19,20,23,24,28,29,36,47,53,58,63,64,67,69,70 "8";
9 67 1 2,4,5,6,8,10,12,13,16,18,20,26,29,32,33,36,40,41,47,50,51,52,54,56,58,59,61,63,65,68,71 "9";
10 28 1 3,5,7,8,9,11,12,15,17,18,22,24,31,35,36,38,39,41,43,44,49,51,54,56,57,58,60,65,66,67,71 "10";
11 9 1 0,2,6,12,14,15,20,21,22,24,26,29,36,42,46,48,53,55,61,62,63,69 "11";
12 65 0 7,33,35,40,58 "12";
13 37 1 14,15,17,18,20,22,26,30,33,40,51,55,59,63,66,69,71 "13";
14 13 0 17,23,60,69 "14";
15 59 0 62 "15";
16 69 1 1,2,5,9,10,14,15,18,20,26,30,33,35,43,45,51,54,58,64,65,67,69,70 "16";
17 67 0 34,39,42 "17";
18 42 1 0,6,7,9,11,13,15,16,17,22,25,31,32,34,35,37,38,39,41,45,46,49,50,53,57,59,62,66,68,69,71 "18";
19 62 1 0,4,9,10,25,28,33,37,41,48,61,66,69 "19";
20 22 1 1,5,10,11,12,18,20,23,25,27,28,29,30,33,38,46,48,51,56,58,59,60,62,63,65,66,68,71 "20";
21 22 1 6,11,20,22,25,26,29,36,37,41,43,47,49,50,52,54,57,59,60,68 "21";
22 0 1 8,14,18,27,29,30,33,38,39,40,44,53,60,63 "22";
23 37 1 4,5,9,11,13,15,16,18,20,25,36,37,47,48,51,53,54,55,58,63,70 "23";
24 70 1 2,15,23,45,57,61,67 "24";
25 36 0 2,4,6,11,16,18,20,21,24,25,27,30,33,34,40,41,44,45,49,52,54,56,57,58,59,63,65,68,69,71 "25";
26 72 1 2,3,6,13,19,25,28,33,36,38,40,45,46,52,57,61,62,63 "26";
27 17 0 0,1,3,4,6,7,8,10,12,15,16,19,21,23,26,28,30,31,32,36,39,40,41,44,46,55,57,60,63,64,65,67,69,70 "27";
28 17 1 1,2,4,12,16,22,26,36,43,48,52,55,63,67,71 "28";
29 14 0 2,4,8,9,10,11,13,15,17,19,22,24,25,27,29,33,34,36,37,40,42,43,45,46,48,50,54,56,57,59,61,62,64,68,70 "29";
30 60 1 3,9,13,15,17,21,23,33,35,37,38,40,42,45,48,50,53,55,56,57,62,63,65,68,70 "30";
31 38 0 10,17,23,30,33,38,39,43,46,68 "31";
32 59 1 1,6,9,11,16,17,18,21,22,24,26,28,36,39,40,42,43,45,48,49,52,53,56,58,61,65,66,68,69 "32";
33 54 0 0,5,9,13,15,22,42,44,46,57,62,65 "33";
34 64 1 0,5,7,9,12,14,17,20,23,25,32,34,37,41,43,45,47,49,50,51,53,55,60,62,67,71 "34";
35 8 1 0,2,4,12,14,16,19,20,27,30,34,42,52,57,59,63,64,67,70,71 "35";
36 13 1 1,4,5,15,17,21,22,23,25,29,35,37,44,46,50,51,52,54,57,59,61,63,64,66,67 "36";
37 55 0 6,23,34,56 "37";
38 42 0 3,5,7,8,14,20,25,32,44,48,51,57,61,68 "38";
39 15 0 0,1,3,4,6,8,10,11,12,17,18,19,21,23,24,25,27,31,33,35,38,40,41,42,44,46,53,56,57,60,61,62,67,69 "39";
40 43 0 0,2,3,6,8,15,17,20,23,27,29,31,38,39,42,43,47,52,53,54,59,63,65,66,68,69,70 "40";
41 40 0 1,5,9,11,12,15,20,23,24,25,27,31,34,36,37,39,40,43,44,46,47,51,53,56,61,62,64,66,67,70 "41";
42 1 0 3,6,9,12,20,24,27,32,35,36,44,46,52,59,62 "42";
43 37 0 0,1,4,6,8,10,11,12,13,16,17,18,20,21,24,25,27,29,31,32,36,38,40,41,42,44,48,51,52,55,56,61,63,65,71 "43";
44 47 1 0,3,6,9,10,16,23,25,28,29,33,38,46,47,50,52,53,57,60,62,70 "44";
45 3 0 10,16,22,42,44,59,63,67 "45";
46 22 0 0,9,10,12,16,18,20,24,26,29,30,34,36,38,39,42,46,47,49,51,53,55,58,60,66,70 "46";
47 47 1 0,2,4,5,7,9,12,14,16,21,24,26,33,40,43,45,48,49,51,54,58,59,62,64,66,70 "47";
48 3 0 1,4,7,9,13,15,17,19,21,22,23,25,30,31,33,36,39,44,46,47,48,52,55,57,58,60,61,62,66,67,69 "48";
49 32 1 0,1,4,6,7,10,11,13,15,17,19,21,24,25,28,30,31,32,38,40,44,45,48,50,52,57,61,62,64,66,67,68,70,71 "49";
50 34 0 5,6,7,9,11,12,14,16,17,19,23,28,31,32,33,35,39,42,43,45,47,49,50,51,55,56,58,60,66,67,68,70 "50";
51 59 0 1,3,6,9,11,13,15,20,21,24,27,29,31,34,36,37,38,39,41,49,52,55,58,60,61,64,66,70 "51";
52 0 1 49,53,67 "52";
53 56 0 3,5,9,14,15,18,22,24,26,28,34,40,42,45,47,49,52,54,55,57,61,65,66,68,70 "53";
54 27 1 2,5,7,10,11,13,15,19,22,23,25,30,37,40,43,46,47,55,56,62,64,70 "54";
55 26 1 0,3,6,7,9,12,16,17,19,24,31,34,35,36,39,40,41,43,44,47,49,50,51,54,55,56,58,65,69 "55";
56 7 0 0,5,10,14,22,25,26,29,35,47,50,52,69 "56";
57 43 1 39,69,71 "57";
58 1 1 2,3,6,7,10,17,19,22,24,26,29,31,33,35,36,41,44,46,48,49,51,54,56,57,58,60,61,63,64,68,71 "58";
59 21 1 1,4,5,14,16,24,27,32,38,40,42,47,51,55,57,64,69,71 "59";
60 42 0 0,19,71 "60";
61 62 1 1,5,6,8,10,14,20,22,25,32,34,37,42,46,47,50,51,53,54,55,60,61,63,67 "61";
62 70 0 2,5,8,10,13,16,17,19,21,22,25,26,28,29,33,34,37,38,40,47,49,51,52,54,57,59,63,64,67 "62";
63 56 0 6,9,13,20,26,27,36,42,49,50,60,63,65 "63";
64 34 0 4,6,19,22,40,46 "64";
65 57 1 0,2,4,5,11,12,14,15,16,17,19,20,22,23,27,32,33,36,40,41,43,44,45,46,47,51,55,57,61,63,67,71 "65";
66 48 0 0,7,10,13,17,20,22,24,25,28,29,31,32,34,39,41,42,47,48,49,51,55,56,58,60,62,67,71 "66";
67 21 0 4,5,7,8,10,17,19,21,23,25,26,28,32,34,37,41,42,43,44,53,54,56,58,60,63,64,66,68,71 "67";
68 43 1 0,2,5,8,9,11,15,17,18,24,27,28,33,35,37,38,39,42,43,45,46,49,50,54,56,58,60,62,64,65,68,69 "68";
69 27 1 0,5,19,20,27,29,30,33,37,40,43,49,51,53,59,61,67,68,70,71 "69";
70 46 1 3,10,21,27,35,51,56,63,68 "70";
71 36 1 0,1,2,5,6,11,13,14,15,18,19,20,22,26,32,33,35,37,40,41,42,44,46,47,48,50,54,62,68,69,71 "71";
