parity 68;
0 2 1 12,39,41,55 "0";
1 56 0 1,4,6,12,24,26,33,34,37,40,51,61,65,67 "1";
2 56 1 7,16,22,24,31,35,48,54,57,59,60 "2";
3 3 0 0,1,2,3,4,6,7,9,11,15,21,22,25,28,30,32,35,36,38,40,43,44,45,49,50,52,55,57,59,60,62,63,65 "3";
4 23 0 13,36,62,66,68 "4";
5 31 1 0,2,3,8,11,14,17,24,26,27,28,29,31,35,36,39,42,43,45,49,52,57,58 "5";
6 39 1 2,4,7,15,17,20,24,29,30,31,33,35,39,41,44,47,48,49,51,52,53,55,56,59,60,61,62,68 "6";
7 52 1 10,15,20,27,44,48,52,56,60,67 "7";
8 24 1 0,1,4,7,9,11,18,22,25,26,29,32,34,40,42,47,50,53,59,61,65,67,68 "8";
9 21 1 1,2,4,7,9,11,17,19,20,21,24,26,27,28,30,31,35,37,39,40,42,48,53,56,57,60,63,64,66,67 "9";
10 24 1 3,5,7,9,22,31,34,39,42,46,52,55,57,65 "10";
11 57 1 9,15,38,42,48,54 "11";
12 35 1 2,3,6,9,10,15,23,26,29,31,46,48,50,51,53,56,58,59,61,62,63,65,66,68 "12";
13 33 1 0,5,8,11,12,14,16,18,20,25,27,30,31,34,40,41,50,52,54,59,60,61,66 "13";
14 66 1 0,3,6,10,12,16,19,27,29,31,33,37,40,41,43,44,46,50,51,55,57,58,60,63 "14";
15 22 1 4,13,23,29,32,49,63,64 "15";
16 7 0 2,6,8,12,13,14,17,19,20,22,23,25,31,32,37,38,40,44,46,47,49,53,54,59,63,68 "16";
17 61 0 0,1,2,3,5,6,7,9,11,14,16,19,23,24,26,28,29,32,34,35,37,38,40,42,43,47,49,51,59,61,63,66,68 "17";
18 17 0 0,7,10,12,16,17,18,19,21,22,23,27,32,36,38,41,44,45,47,50,51,55,56,60,63,67 "18";
19 51 1 24,26,28,48,53,55,66 "19";
20 0 1 1,3,5,7,9,11,13,14,16,18,21,24,26,27,29,31,33,34,36,38,41,42,43,45,46,47,49,51,52,55,56,57,59,64,68 "20";
21 2 0 10,47 "21";
22 21 0 9,11,16,31,35,38,43,65,68 "22";
23 62 0 3,5,6,18,20,44,48,56 "23";
24 23 1 0,14,23,28,36,40,42,51,57,62,68 "24";
25 42 0 1,3,7,8,10,11,17,19,21,22,29,31,33,36,38,41,44,45,50,53,57,58,61,63,66,68 "25";
26 69 0 9,12,14,32,39,41,44,45,48,52,56,66,67 "26";
27 14 1 3,25,27,31,35,57 "27";
28 53 1 1,4,7,9,11,13,14,15,16,25,30,33,35,42,48,49,55,58,61,66 "28";
29 19 0 4,39,43,56 "29";
30 40 0 6,7,8,14,22,32,43,50,52,60 "30";
31 49 0 4,27,50,53,60,64 "31";
32 45 1 30,32,41,54,55,57 "32";
33 32 0 0,5,6,8,10,20,25,27,29,30,32,34,36,37,38,41,45,47,50,53,57,59,63,67 "33";
34 50 0 24,27,32,33,52 "34";
35 4 1 0,2,4,9,14,19,30,45,46,48,53,54,63 "35";
36 39 1 0,3,5,10,12,14,15,17,21,25,26,28,30,36,38,42,44,45,48,51,54,59,63,65 "36";
37 54 1 8,10,11,12,14,16,20,23,25,26,30,39,42,46,49,50,54,58,61,68 "37";
38 36 1 0,2,4,6,7,9,12,14,16,18,19,21,23,27,29,32,33,36,38,41,42,49,51,54,55,57,63,66,68 "38";
39 3 1 1,2,5,16,20,30,34,39,41,43,47,51,53,55,57,59 "39";
40 27 1 3,4,10,39,57,65,68 "40";
41 16 1 2,4,9,12,14,16,19,20,21,23,24,27,29,31,33,34,39,40,42,44,46,47,48,49,53,59,61,63,65,68 "41";
42 31 0 1,5,9,12,15,16,17,19,21,23,28,30,31,33,34,35,39,43,44,46,49,52,53,56,58,59,61,62,64,65,68 "42";
43 46 0 1,2,5,7,10,12,17,19,20,24,26,28,33,37,38,41,44,50,55,64 "43";
44 4 1 0,2,4,8,10,13,15,27,31,33,36,38,46,49,59,61,66,67 "44";
45 51 1 0,1,10,14,16,22,26,28,32,35,45,49,56,59,60,67 "45";
46 59 1 1,3,5,7,10,12,13,15,16,19,21,23,25,26,27,31,33,34,36,37,39,41,43,46,49,50,51,53,55,57,60,63,65,67 "46";
47 18 0 0,3,5,9,10,12,13,18,23,25,28,29,31,35,39,40,44,47,53,56,60,61,63,64,66 "47";
48 48 1 0,2,4,5,6,8,10,12,13,15,17,22,24,28,30,32,33,36,37,44,45,46,48,49,52,54,55,57,59,60,63,65,67,68 "48";
49 44 1 15,31,66,68 "49";
50 10 0 1,3,4,6,8,9,10,12,14,16,19,21,22,26,28,29,31,33,34,36,38,40,42,47,48,50,51,54,56,59,63,64,67 "50";
51 68 1 0,7,10,13,17,18,21,23,27,28,29,32,33,35,38,39,41,43,44,46,49,54,56,58,63,67 "51";
52 55 1 0,2,3,5,8,10,13,17,19,22,25,27,29,31,32,35,39,42,43,44,47,48,53,55,58,63,64 "52";
53 15 1 0,3,7,10,14,15,17,20,21,24,28,30,32,36,40,41,44,48,51,53,55,60,61,63,65,66,67,68 "53";
54 57 1 0,6,14,20,21,23,24,25,30,34,38,42,45,50,57,61,63 "54";
55 53 0 14,26 "55";
56 13 1 1,2,4,8,9,12,14,15,16,18,21,27,30,31,33,35,37,39,42,48,50,54,55,57,61,64,67 "56";
57 16 1 0,2,3,4,7,9,11,12,14,15,16,20,22,24,27,29,32,33,38,40,43,44,45,48,49,51,53,55,57,60,63 "57";
58 14 1 1,3,5,6,8,11,14,17,22,24,26,30,33,34,39,40,41,42,46,49,53,54,56,61,62,64 "58";
59 46 1 0,4,6,7,9,12,13,15,17,19,21,23,25,27,29,33,34,35,37,41,42,44,45,47,49,52,56,58,62,63,65,66,68 "59";
60 31 0 1,4,5,8,11,15,20,23,26,32,39,44,47,66 "60";
61 65 1 0,4,23,31,41,68 "61";
62 65 0 3,5,12,16,17,21,25,28,30,33,35,36,47,48,54,60,62,65 "62";
63 58 0 2,8,10,15,16,19,22,26,32,39,44,46,49,60,63,68 "63";
64 3 0 8,13,17,20,24,26,30,31,33,47,53,58,60,65,68 "64";
65 62 1 1,4,6,7,11,13,14,16,21,22,23,30,32,33,35,36,37,38,40,42,43,45,49,59,64,66,68 "65";
66 10 1 45,64 "66";
67 28 0 13,29,33,51,59 "67";
68 14 0 0,5,9,10,12,16,20,22,27,28,29,34,36,38,44,49,53,56,66,68 "68";
