parity 75;
0 13 1 0,2,4,5,6,8,9,11,12,14,15,17,24,28,30,31,34,36,38,40,43,44,47,48,50,51,53,55,58,59,61,63,64,66,69,70,75 "0";
1 73 0 0,2,3,6,7,9,15,17,19,21,23,24,26,28,29,34,37,40,46,49,51,54,56,58,59,62,64,65,68,73,74 "1";
2 12 1 0,2,5,7,8,10,13,18,20,21,23,28,30,33,36,37,39,40,42,45,46,48,50,52,53,57,60,63,67,72,73 "2";
3 61 0 0,1,5,8,11,13,19,21,23,26,34,42,44,46,53,55,58,62,67,71 "3";
4 18 0 1,2,5,7,10,12,13,17,19,20,22,24,26,29,33,35,38,39,40,41,43,45,47,50,51,53,54,55,58,60,65,67,68,69,71,72,74 "4";
5 38 0 4,46,50,65,73 "5";
6 34 1 12,15,47,59 "6";
7 2 0 7,14,17,21,23,26,29,33,35,36,42,45,48,50,59,60,62,69,71 "7";
8 6 1 1,5,7,9,13,18,20,22,24,33,43,45,47,51,60,61,67,70 "8";
9 65 0 0,1,8,10,14,22,35,36,43,44,54,59,70,74 "9";
10 49 0 40 "10";
11 2 1 3,12,17,19,29,31,33,38,41,45,47,49,56,62,68,71 "11";
12 6 1 3,5,6,8,9,11,13,14,15,17,19,21,22,23,25,26,28,30,31,33,35,37,40,41,42,46,50,53,56,57,58,61,64,67,69,73,74 "12";
13 65 0 9,49,51 "13";
14 63 1 5,9,13,18,21,27,31,32,36,38,40,43,51,52,54,58,60,66,69,70 "14";
15 6 1 12,20,23,31,38,47,57,61,62,64,67,71 "15";
16 19 1 18,21,61,69 "16";
17 22 0 4,7,9,10,12,14,16,19,23,27,30,34,36,39,42,43,45,47,48,49,54,57,59,61,65,66,69,71 "17";
18 34 0 0,2,4,9,10,12,18,19,24,27,28,30,36,38,39,42,52,53,55,58,60,62,66 "18";
19 60 1 0,2,4,5,11,12,15,16,18,21,22,24,27,28,30,33,34,37,39,41,43,45,46,52,58,60,61,63,64,69,70,72,73,75 "19";
20 44 1 0,1,5,8,10,12,13,15,18,24,26,28,30,32,33,38,39,43,44,46,48,49,51,54,57,61,63,64,66,68,75 "20";
21 18 0 1,18,28,34,52,66,69,70,75 "21";
22 11 1 0,27,63,66 "22";
23 47 1 0,5,6,9,14,19,21,29,31,44,46,49,53,54,59,60,62,63,64,71 "23";
24 20 1 2,4,5,9,13,15,21,25,27,31,43,49,53,54,56,65,67,69,72,74 "24";
25 62 0 0,8,10,19,22,23,25,26,29,33,35,37,38,40,47,52,56,59,62,68,69,71,73 "25";
26 20 1 0,1,5,8,10,13,21,22,23,26,27,29,31,32,34,36,37,39,40,41,44,46,47,48,49,51,54,58,60,61,66,68,70,73 "26";
27 45 1 0,1,3,5,8,10,12,16,20,24,25,28,31,33,34,37,40,41,44,45,52,55,58,60,63,70,72,73,75 "27";
28 60 0 4,5,7,8,11,15,18,21,23,26,28,33,36,38,42,44,47,48,52,59,69,71,72,75 "28";
29 45 0 5,12,17,27,41,42,48,51,59,72,74 "29";
30 10 1 0,8,11,13,16,17,20,24,27,29,30,34,37,42,44,47,50,52,54,56,69,73 "30";
31 37 0 0,3,6,10,12,19,20,23,25,27,29,31,32,33,35,36,38,39,41,44,46,50,52,55,56,58,61,66,71,73,74 "31";
32 14 1 3,13,17,27,29,35,40,44,47,57,64,70,72 "32";
33 37 0 7,10,16,19,21,23,27,29,31,33,35,38,40,48,51,54,65,71,73 "33";
34 26 1 0,6,7,9,10,12,16,18,20,22,24,26,28,29,31,34,37,40,41,44,45,47,54,55,56,58,63,65,66,71,74 "34";
35 40 1 2,3,4,7,9,11,12,17,21,22,26,29,31,35,36,37,40,42,44,45,47,52,54,60,66,68,70,71 "35";
36 53 0 0,6,7,9,11,12,15,18,20,24,30,33,37,38,40,43,45,47,51,54,57,59,62,64,65,67,69,70,71,74 "36";
37 43 0 0,4,7,12,13,21,29,33,34,38,43,46,48,50,62,65,66 "37";
38 11 0 0,3,8,10,11,13,14,16,17,19,23,24,26,29,32,34,35,37,38,39,40,42,46,48,53,56,58,61,63,68,72,73,75 "38";
39 14 0 18,62 "39";
40 26 1 4,10,13,15,16,19,20,21,25,28,30,35,37,38,40,43,49,53,54,58,65,69,70,72,74 "40";
41 51 1 8,17,39,46,48 "41";
42 43 1 4,14,19,24,30,32,33,38,40,42,44,47,49,52,55,56,64,66,67,68,71,73,74,75 "42";
43 34 1 2,7,10,14,31,32,38,40,41,50,52,57,75 "43";
44 9 0 0,2,9,12,14,16,18,23,27,31,34,36,40,45,48,54,61,67,69,71,73,75 "44";
45 13 1 0,2,6,9,12,15,16,18,19,23,24,25,27,29,30,31,35,38,40,41,43,44,45,47,51,53,55,58,60,66,68,70 "45";
46 7 0 2,7,13,46,55,59,60 "46";
47 38 0 14,29,32,37,42,47 "47";
48 16 1 0,13,14,43,52 "48";
49 1 0 4,8,10,14,16,20,21,23,30,31,34,37,39,40,42,44,48,52,54,56,58,63,67,69,71,72,74 "49";
50 13 0 1,8,10,11,13,15,16,18,20,22,23,25,27,30,31,33,34,36,38,39,44,46,47,49,51,53,59,62,63,65,67,69,71,73,75 "50";
51 3 1 1,5,9,13,16,17,23,25,28,30,32,33,36,37,41,42,44,48,49,51,53,54,56,57,58,62,64,66,68,69,72,73,74,75 "51";
52 58 1 2,57,67 "52";
53 49 0 13,21,26,48,66,70 "53";
54 56 0 2,5,10,11,23,24,27,29,30,32,33,35,36,41,48,51,53,54,56,57,62,65,67,72,75 "54";
55 19 1 0,2,3,4,8,11,12,15,17,28,30,37,39,42,46,48,49,51,55,57,59,60,62,65,66,68,70,74 "55";
56 54 0 1,2,4,10,13,16,24,27,29,31,35,37,39,40,41,43,44,55,56,57,59,60,63,69,73 "56";
57 69 0 0,3,5,7,8,9,12,17,18,21,26,27,28,33,34,36,38,40,41,51,53,55,56,58,60,62,64,66,67,68,74 "57";
58 24 0 0,2,4,7,8,9,10,13,14,16,18,20,22,27,28,30,33,38,40,45,48,51,53,54,56,57,58,60,62,65,66,69,73,75 "58";
59 44 0 0,2,3,6,8,9,15,17,18,23,25,29,30,32,33,35,38,42,46,47,50,51,53,56,59,63,64,71,72,74,75 "59";
60 54 0 0,6,17,19,20,26,35,38,43,49,51,53,64,66,72 "60";
61 1 1 10,56,61,70 "61";
62 27 1 0,10,17,30,32,36,38,40,43,47,49,51,59,64,75 "62";
63 48 1 3,4,10,13,16,18,21,24,37,40,43,46,47,48,52,65,67,69,72,75 "63";
64 48 0 0,2,3,5,7,9,15,16,18,20,24,26,28,31,32,37,40,42,45,47,51,53,54,56,57,59,62,68,71,73 "64";
65 67 0 1,3,4,5,8,13,21,23,25,28,30,33,35,38,40,43,48,50,53,55,56,62,65,71 "65";
66 59 1 10,16,21,29,32,37,43,47,51 "66";
67 50 1 7,9,14,16,23,25,30,39,44,45,49,51,53,55,60,63,71 "67";
68 71 1 12,20,22,27,29,48,62,73 "68";
69 11 0 1,2,3,5,8,10,12,15,17,19,26,28,35,37,41,43,46,51,53,61,64,67,69 "69";
70 59 0 3,18,22,27,32,67 "70";
71 14 1 1,4,6,9,13,14,16,19,20,21,23,26,32,34,36,38,42,45,47,51,52,55,58,60,61,65,68,69,70,73,74 "71";
72 23 1 4,17,18,21,27,31,35,36,43,50,53,60,70,72,75 "72";
73 16 0 0,1,3,7,8,10,15,20,27,30,33,41,43,44,50,54,61,64,65,75 "73";
74 11 1 3,9,14,19,22,23,28,32,34,41,42,46,48,50,58,63,66,68,73 "74";
75 69 1 5,9,17,18,20,22,24,27,34,38,41,44,47,49,54,63,70,72,74 "75";
