parity 60;
0 41 1 0,3,5,11,17,22,24,25,26,29,31,33,35,37,38,41,43,45,47,48,49,53,54,55,58,59 "0";
1 17 1 5,16,34,40 "1";
2 28 1 1,6,11,17,21,25,32,34,37,38,40,48,53,60 "2";
3 33 0 1,3,5,11,16,18,20,26,29,35,40,42,44,46,48,51,54,56,60 "3";
4 55 1 0,2,3,5,7,10,11,15,18,19,20,26,27,29,32,33,37,41,45,47,51,53,54,55,59 "4";
5 26 1 0,3,4,6,9,11,13,16,17,19,24,26,27,30,32,35,37,39,42,44,46,48,54,55,56,58,60 "5";
6 13 0 2,14,22,36,40,46,47,51 "6";
7 28 1 11,20,30,38 "7";
8 38 0 4,8,13,15,16,21,22,29,30,35,37,38,44,54,58 "8";
9 46 1 7,17,26 "9";
10 19 0 1,3,4,5,8,9,12,14,20,21,23,26,28,37,39,41,45,46,48,49,50,51,52,54,57,60 "10";
11 17 1 0,8,16,21,22,24,25,27,29,32,33,37,39,42,50,52,55,56,60 "11";
12 37 0 1,5,26,33,41,46,48,52,58,59 "12";
13 23 1 1,2,4,7,9,16,18,20,22,24,25,26,27,29,33,37,38,44,47,48,52,54,55 "13";
14 34 1 3,5,25,26,31,38,43 "14";
15 28 1 1,21,32,34,58 "15";
16 41 0 32,56 "16";
17 26 1 0,2,5,9,20,40,41,44,46,51,54,57 "17";
18 43 1 0,1,17,19,28,32,34,35,42,45,47,49,52,56,58 "18";
19 47 0 43,55 "19";
20 43 0 20,24,32,41,59 "20";
21 49 0 5,11,13,15,21,23,29,34,35,36,38,42,45,48,52,54,58,59 "21";
22 44 0 3,6,11,12,20,23,24,35,45,46,51,56 "22";
23 61 1 2,3,5,6,10,11,16,18,21,23,25,26,32,35,39,40,42,45,49,57 "23";
24 21 1 3,5,7,9,20,23,30,32,33,36,37,43,47,50,52,57,59,60 "24";
25 22 0 0,3,5,6,8,14,17,19,21,26,28,30,33,34,37,38,43,44,46,48,50,52,57,59 "25";
26 37 0 3,11,14,17,20,23,25,35,40,49 "26";
27 17 1 5,9,11,16,17,20,23,25,30,32,34,37,38,43,44,46,49,53,55,56,60 "27";
28 43 1 2,3,6,9,10,12,13,16,20,25,26,30,32,37,38,40,43,45,46,49,52,55,56 "28";
29 3 0 5,7,8,12,22,28,30,31,33,36,39,44,46,51,52,60 "29";
30 11 1 1,2,3,5,6,17,18,21,22,24,26,27,29,31,37,40,41,48,50,51,52,53,56,57,60 "30";
31 37 1 0,1,4,6,12,15,17,19,23,25,27,30,32,38,39,41,42,45,47,48,53,55,58,60 "31";
32 30 0 0,5,6,7,12,18,20,23,26,28,31,36,37,39,42,46,48,53,54,57 "32";
33 2 1 0,1,3,5,9,10,11,12,15,17,21,26,28,30,32,33,36,38,39,40,42,44,49,51,53,55,57 "33";
34 3 0 0,3,4,6,9,10,14,17,19,21,22,24,29,30,32,39,41,43,45,49,50,52,55,56,58,60 "34";
35 14 1 0,4,6,7,11,14,17,18,20,25,26,29,31,32,34,35,37,38,42,44,45,47,50,52,59 "35";
36 2 0 0,3,5,6,8,9,16,18,19,20,23,28,30,33,35,37,40,41,42,45,48,52,53,54,56,58,59,60 "36";
37 1 0 3,4,8,9,11,13,16,17,18,24,25,29,30,31,33,34,36,39,40,44,49,50,56,57 "37";
38 60 1 22,24,39,45,47,57,60 "38";
39 30 0 1,2,5,8,9,12,15,23,26,35,43,47,55,57 "39";
40 33 1 1,3,4,7,10,11,14,17,25,29,39,41,46 "40";
41 21 1 6,10,12,13,30,32,34,36,38,39,46,52,53,56,57 "41";
42 48 1 3,6,12,36,43,48,52 "42";
43 15 0 0,3,14,21,23,27,29,30,32,34,35,38,39,40,42,44,49,52,55,56,59 "43";
44 46 1 0,1,2,4,8,12,14,16,18,19,23,26,29,31,32,36,38,41,43,48,52,54,56,58 "44";
45 34 1 24,46,52,56 "45";
46 20 0 0,2,3,4,6,8,9,12,13,15,18,19,24,28,30,31,33,36,37,38,41,42,44,48,49,50,52,54,56,58,59 "46";
47 35 0 1,2,5,6,11,15,16,19,22,26,27,35,36,38,40,41,43,47,50,52,55,57,59,60 "47";
48 28 0 1,3,4,5,6,8,14,15,17,19,20,22,23,25,26,27,29,34,35,37,38,41,43,45,47,48,50,53,56,58,60 "48";
49 39 0 2,3,5,20,24,25,27,30,33,37,38,43,50,60 "49";
50 47 1 7,36,43 "50";
51 25 1 15,20,37,40,43,45 "51";
52 12 0 17 "52";
53 44 0 3,13,15,17,18,19,22,25,29,33,35,37,42,44,45,46,48,49,53 "53";
54 3 1 44,47 "54";
55 2 0 1,2,4,7,9,12,14,16,18,21,22,25,27,29,31,36,39,40,42,46,47,49,52,53,59 "55";
56 4 0 1,2,8,10,12,14,16,17,19,20,21,24,26,29,30,32,35,37,41,42,45,47,53 "56";
57 13 0 0,4,6,8,11,16,18,19,23,25,34,36,39,42,43,45,49,50,51 "57";
58 58 0 1,2,4,7,13,14,19,23,26,29,31,36,37,39,42,44,51,54,57 "58";
59 40 1 1,10,12,14,28,35,44,51 "59";
60 1 1 4,29 "60";
