parity 69;
0 58 1 13,29,32,39,42,53,62 "0";
1 3 0 4,6,11,12,17,19,20,25,27,30,31,32,34,36,37,38,43,44,47,50,58,60,65,66 "1";
2 43 1 1,4,8,14,15,18,25,27,31,32,33,35,36,38,41,46,51,55,57,65,69 "2";
3 3 0 3,4,6,11,12,16,17,21,22,23,25,30,32,33,36,38,40,44,45,46,47,49,51,52,53,56,57,60,62,63,66,69 "3";
4 70 0 5,8,11,13,17,24,29,33,35,41,43,48,51,56,57,59,60,65,68 "4";
5 0 0 0,1,5,9,12,17,19,31,36,40,44,45,47,49,50,53,59,66,69 "5";
6 32 1 4,21,27,29,30,32,35,45,58,66 "6";
7 54 1 1,3,5,7,9,14,16,17,18,20,21,23,24,28,33,37,38,40,41,45,47,54,57,58,60,64,67 "7";
8 3 0 0,3,5,7,13,19,21,23,24,25,29,32,33,34,38,44,48,49,51,53,54,57,58,61,63,65,69 "8";
9 68 0 3,5,6,12,13,14,19,22,27,29,47,49,52,53,57,61,62,64 "9";
10 41 1 3,4,5,8,9,11,13,15,17,19,20,21,24,26,28,30,33,35,38,39,42,43,45,46,51,52,54,56,58,60,63,68 "10";
11 70 1 3,4,6,14,19,31,32,33,42,44,53,55,62,64,66 "11";
12 43 1 2,4,6,7,10,14,18,19,20,22,24,25,26,32,34,37,38,43,45,48,50,51,52,55,56,57,59,61,62,64,67,68,69 "12";
13 5 1 2,6,8,10,17,18,20,24,32,37,42,49,51,67 "13";
14 45 1 1,2,6,12,13,16,18,21,23,28,30,32,33,35,42,43,45,48,50,51,53,59,60,62 "14";
15 20 1 0,2,3,4,6,8,9,11,13,16,18,20,23,24,26,28,29,36,38,40,41,45,47,50,51,54,59,61,63,64,68,69 "15";
16 39 0 2,8,38,51,69 "16";
17 47 0 0,8,10,14,19,26,37,43,44,47,50,56,63 "17";
18 7 0 4,9,15,17,20,22,27,29,30,33,37,40,42,45,46,49,50,52,53,56,58,60,61,63,64,66,69 "18";
19 60 1 27,29,39,59,61 "19";
20 40 0 3,6,12,21,24,29,30,38,43,55,59,64,69 "20";
21 19 1 0,1,3,4,7,10,11,14,17,21,23,29,30,34,35,36,39,41,43,53,55,56,60,66 "21";
22 43 0 1,8,11,14,15,22,32,47,54,56,58,69 "22";
23 65 0 2,5,7,10,12,14,17,19,24,25,26,28,31,32,36,38,39,43,45,47,49,50,52,54,55,57,60,63,65,68,69 "23";
24 10 0 1,8,10,12,13,15,16,20,23,25,26,28,30,32,37,39,41,45,50,53,55,58,60,62,68 "24";
25 6 0 3,10,11,13,22,23,24,30,33,36,38,41,43,44,46,48,49,53,57,60,61,64,69 "25";
26 26 1 1,3,5,12,18,23,26,30,32,34,37,42,44,48,51,52,55,59,64,65,66,69 "26";
27 34 1 4,23,24,33,49 "27";
28 27 1 3,6,12,14,16,19,22,23,25,29,30,33,34,37,39,42,47,49,51,54,55,60,63,66,68,69 "28";
29 0 0 1,2,4,6,7,12,13,14,16,18,20,22,23,25,28,30,33,36,40,44,45,47,50,52,54,56,61,65 "29";
30 25 0 33 "30";
31 63 0 18,35,37,40 "31";
32 41 1 17,19,37,43,52,63,66,67 "32";
33 31 1 14,18,24,28,32,36,62,66 "33";
34 30 0 5,8,10,13,18,23,30,37,45,55,58 "34";
35 39 0 0,2,4,7,8,10,11,12,15,17,19,21,24,25,30,31,32,34,36,38,42,44,49,54,55,56,61,62,64,66,69 "35";
36 61 0 1,6,8,9,14,16,17,19,20,22,24,28,29,33,34,36,37,40,44,45,49,50,52,53,55,57,63,66,68 "36";
37 7 1 2,4,10,12,19,21,27,34,42,45,48,49,53,57,62,65,67,69 "37";
38 67 1 1,5,10,13,15,17,19,20,22,25,26,28,30,33,45,46,50,64,65,68 "38";
39 67 0 11,40,41,43,48,66 "39";
40 7 1 2,15,19,22,36,39,42,44,52,55,65,67,68 "40";
41 35 1 0,4,5,8,10,11,13,14,18,19,21,22,24,26,27,28,32,33,35,39,41,43,45,49,51,53,56,57,60,62,64,66,68,69 "41";
42 45 0 1,3,7,8,9,11,14,15,17,23,24,25,26,28,33,35,42,44,46,48,50,53,56,57,59,64,66,67,69 "42";
43 18 0 3,5,6,8,9,11,12,14,15,20,21,24,25,29,32,35,37,38,42,43,46,49,53,57,58,59,61,64,67,69 "43";
44 32 0 1,2,3,4,6,9,11,12,14,16,18,24,26,29,35,36,38,43,44,47,49,51,53,57,58,61,63,65,66,68,69 "44";
45 8 0 1,7,11,13,14,16,17,22,25,31,32,34,35,39,41,44,49,51,55,56,58,65 "45";
46 54 1 0,1,4,7,9,12,15,18,19,21,25,27,29,30,32,33,37,39,40,41,43,44,46,47,48,55,56,58,61,63,64,65,67,68 "46";
47 49 1 3,13,22,26,29,31,48,50,57,69 "47";
48 61 0 3,10,27,29,36,52,59,65 "48";
49 27 1 8,10,15,16,18,19,21,24,29,30,33,46,53,63,69 "49";
50 53 1 4,7,8,10,16,20,22,26,31,35,40,42,45,48,50,53,58,59,65,68,69 "50";
51 4 0 4,12,16,25,27,30,32,35,43,47,52,66,69 "51";
52 48 0 56 "52";
53 66 1 0,7,12,30,36,45,49,51,53,65 "53";
54 6 1 2,3,6,10,12,13,15,17,19,20,21,22,25,27,32,33,34,35,36,38,40,42,46,48,50,52,54,55,58,60,65,67 "54";
55 41 1 13,55 "55";
56 12 1 33,42,52,54,61 "56";
57 67 0 5,6,7,11,22,32,40,45,50,52,58,59,61,66 "57";
58 67 0 3,4,8,13,16,19,21,22,27,31,34,36,42,45,48,54,55,56 "58";
59 50 0 3,8,14,27,31,34,38,39,44,54,60 "59";
60 19 1 0,6,10,12,19,21,26,33,37,39,49,51,58,68 "60";
61 49 0 2,5,6,8,11,12,16,18,20,25,27,31,34,36,37,39,45,47,49,50,55,58,60,61 "61";
62 25 1 1,2,11,27,28,29,32,35,37,39,50,56,59,65 "62";
63 14 0 1,4,8,26,32,34,40,42,45,59 "63";
64 67 0 0,35,45,49 "64";
65 19 1 12,19,21,22,24,41,47,53 "65";
66 69 1 2,4,12,16,18,23,24,28,32,33,36,42,44,51,52,54,58 "66";
67 10 0 1,2,4,5,6,7,9,12,14,17,18,22,24,28,31,32,35,37,39,43,44,47,49,50,52,54,56,58,61,62,65,67,68 "67";
68 51 0 0,5,10,13,14,18,19,22,28,30,33,51,55,57,60,62,63,65,66,68 "68";
69 63 0 16,17,20,30,33,38,40,55,56,62,68 "69";
