parity 145;
0 47 0 19,110,123 "0";
1 23 1 0,2,5,7,8,12,13,15,16,19,30,32,35,37,39,41,43,47,50,52,55,57,59,61,64,67,68,71,72,74,77,80,82,87,92,94,99,101,106,108,110,112,113,115,116,118,120,121,123,125,128,129,130,132,136,141,143,145 "1";
2 96 1 3,20,28,33,51,71,86,91,110,112,117,120 "2";
3 37 0 1,2,4,6,11,15,16,23,24,27,35,38,39,42,43,45,47,50,53,57,59,63,64,67,69,72,73,76,78,80,81,83,86,88,94,95,101,104,106,110,113,116,117,118,120,124,125,131,133,135,137,139,142 "3";
4 130 1 6,9,13,14,26,29,34,35,59,63,74,90,104,122,128,130,144 "4";
5 36 1 27,45,49,56,59,61,82,85,88,94,119,125,145 "5";
6 88 1 0,2,5,9,11,12,14,18,19,20,25,27,30,33,36,37,41,46,48,50,53,56,61,62,66,67,69,72,73,76,77,82,83,85,87,89,91,93,97,99,101,104,107,109,111,114,117,118,120,121,123,124,127,128,130,131,135,136,138,139,140,142,145 "6";
7 46 1 25,27,28,51,54,61,93,100,102,109,118,125,140 "7";
8 122 1 0,3,5,6,8,14,17,19,21,23,24,26,27,29,31,34,38,39,41,44,46,49,52,54,56,60,63,69,71,73,74,76,78,83,87,88,92,93,94,98,100,102,103,105,106,108,109,112,113,117,118,119,120,123,125,133,136,138,141,142,145 "8";
9 119 0 4,17,26,39,54,60,61,64,66,73,75,82,88,94,101,113,115,120,122,124,133,137,144 "9";
10 118 0 0,1,3,4,9,11,12,14,16,18,19,21,22,24,26,28,30,32,35,40,43,45,47,49,50,51,57,58,63,67,71,73,74,76,78,80,82,85,87,88,90,91,94,95,96,97,99,101,103,104,106,109,110,112,113,116,118,120,123,125,127,130,131,137,139,141,142,144,145 "10";
11 146 0 6,8,10,20,24,28,30,36,42,44,50,53,61,64,65,69,80,87,92,97,99,103,110,116,117,120,122,125,129,131,133,137,143,144 "11";
12 145 1 3,5,6,9,10,12,13,14,15,17,18,22,25,27,29,30,33,46,56,59,61,63,66,69,70,73,74,76,78,80,84,86,87,95,100,104,108,110,112,115,116,118,120,121,125,126,128,129,132,136,138,141,142,145 "12";
13 84 0 12,31,41,45,48,64,76,88,89,111,128 "13";
14 13 0 14,40,76,80,82,93,94,108,111,112,117 "14";
15 99 1 0,4,7,11,12,14,17,21,26,27,29,31,33,35,37,40,44,46,47,51,52,56,62,63,66,69,70,72,74,75,81,83,84,86,88,89,91,92,94,97,101,105,110,112,115,117,119,120,124,127,128,129,131,132,135,136,141,142,143,145 "15";
16 54 1 3,9,13,15,16,18,23,26,27,28,30,32,33,35,36,37,39,42,44,46,48,50,52,53,55,59,60,61,64,66,69,72,74,75,80,83,88,90,92,94,98,99,101,102,103,105,109,111,112,115,117,119,121,123,125,127,128,130,132,134,136,139,140,142,144 "16";
17 46 1 0,1,8,10,14,17,25,33,35,36,40,43,48,50,59,61,64,69,70,74,75,78,80,87,95,96,97,99,101,103,104,106,108,110,113,118,120,123,124,129,130,136,140 "17";
18 26 0 0,1,4,5,7,8,11,14,15,17,20,23,29,30,32,35,37,39,40,43,46,48,50,52,57,58,61,62,65,66,67,71,72,74,75,77,82,85,88,89,90,94,95,96,97,99,101,102,103,105,106,109,112,115,116,119,121,122,124,125,127,129,130,135,136,137,139,141,143,144 "18";
19 40 0 5,7,26,44,45,49,52,65,72,82,84,95,119,130,132,135 "19";
20 140 1 14,24,39,42,46,67,68,72,81,99,115,118,141 "20";
21 132 0 3,9,12,19,30,31,32,34,38,40,41,43,45,47,51,53,55,56,58,59,66,67,70,76,78,82,84,87,90,93,99,102,111,113,115,116,118,120,121,126,130,137,143,145 "21";
22 31 0 1,11,16,27,29,34,35,38,42,43,45,52,54,56,59,62,66,69,72,74,81,83,84,86,89,90,98,100,104,105,113,115,122,124,126,129,133,139,141 "22";
23 27 0 20,25,47,55,66,70,73,87,101,115,131 "23";
24 36 1 3,6,12,14,17,25,27,32,35,42,45,48,56,58,61,64,69,73,75,77,81,84,86,88,90,94,97,101,107,111,112,116,119,121,125,137,139,140,142,144 "24";
25 112 1 3,6,10,12,13,15,18,20,21,24,25,28,31,33,34,36,38,43,45,47,48,50,51,53,55,60,61,63,64,67,70,72,73,77,79,84,85,87,89,90,92,93,94,95,96,98,99,101,103,107,112,114,115,119,120,122,123,126,128,130,132,135,137,138,139,140,142,144 "25";
26 143 1 0,8,10,16,18,22,25,28,38,47,58,64,84,86,90,93,94,97,99,115,117,123,125,126,138,145 "26";
27 52 1 1,8,10,31,33,35,41,43,70,92,102,127,129,135 "27";
28 5 0 0,13,28,43,45,46,50,53,64,69,74,76,88,93,94,96,98,107,110,114,116,120,125,136,142,143 "28";
29 103 1 6,39,67,88,95 "29";
30 111 1 2,5,6,7,9,10,18,19,21,22,25,27,29,31,32,33,35,36,38,43,44,48,53,56,58,59,61,62,64,67,68,72,73,74,78,79,80,83,85,87,89,91,93,99,101,103,104,106,113,114,116,120,125,126,128,132,136,137,139,144 "30";
31 57 1 6,15,21,28,33,37,42,44,64,72,77,87,116,124,131,135,136,142 "31";
32 37 0 4,6,8,9,12,15,31,37,39,41,44,48,49,50,58,63,64,68,78,88,90,98,99,101,102,106,108,111,113,115,118,119,123,124,129,133,135,138,139,143 "32";
33 118 0 0,3,4,7,12,14,16,17,20,21,24,25,27,30,34,37,39,42,44,46,47,49,51,53,56,57,59,62,63,65,67,69,71,74,76,77,78,80,81,83,85,89,90,91,94,95,98,99,101,104,106,109,111,114,116,118,119,121,122,125,126,127,128,130,131,133,138,140,142,143,144,145 "33";
34 51 1 1,3,7,9,12,16,18,21,23,26,33,40,41,46,53,58,59,64,66,68,70,71,74,75,78,80,83,84,86,90,92,96,99,102,104,106,110,111,113,119,121,122,124,128,130,133,134,135,138,139,141,143,145 "34";
35 66 0 2,6,7,11,13,14,22,24,28,29,32,34,36,37,39,40,44,46,48,51,54,56,60,61,63,68,70,71,72,73,75,79,82,83,88,89,91,94,96,97,103,105,108,110,112,115,118,119,121,122,123,126,129,132,133,134,136,137,141,143,145 "35";
36 93 0 7,8,13,24,30,45,58,59,61,62,68,70,72,73,75,76,81,87,91,98,102,104,114,118,121,136,141,145 "36";
37 137 0 1,20,105,107,115,124,134,140,142 "37";
38 110 0 6,8,20,24,47,65,68,72,120 "38";
39 146 0 1,4,8,11,13,17,18,19,22,24,26,27,29,31,32,40,42,44,46,49,50,54,55,56,57,61,63,64,66,68,70,73,74,75,79,83,87,88,90,94,95,97,98,100,103,104,106,109,112,117,118,121,122,125,126,128,129,131,132,134,135,136,138,141,142,143,145 "39";
40 39 0 0,2,5,9,11,12,13,16,18,20,21,23,26,30,32,34,36,38,40,41,44,45,48,51,53,58,60,64,66,67,69,71,73,74,75,77,80,83,84,88,91,92,93,96,97,99,101,104,106,107,111,119,121,122,123,128,132,133,135,136,138,141,142,144,145 "40";
41 21 1 15,25,61,142 "41";
42 4 1 10,22,38,43,44,62,65,69,78,82,92,94,96,112,123,125,133,135,137,142,145 "42";
43 11 0 1,4,7,10,22,23,25,27,29,31,35,37,42,45,48,51,53,55,56,58,60,63,65,67,69,71,72,74,75,76,80,81,84,87,90,94,95,98,106,107,109,111,114,116,121,122,125,129,131,133,134,135,137,138,140,142,145 "43";
44 16 0 36,97 "44";
45 75 0 0,2,10,14,16,22,31,33,37,46,58,62,67,74,77,83,84,87,89,92,117,122,124,133,137,140,142,145 "45";
46 72 0 5,6,11,20,21,27,28,31,35,37,39,41,43,44,47,49,50,55,58,63,68,74,76,77,79,82,84,86,88,95,98,102,105,106,112,113,116,119,121,129,136,139,141 "46";
47 131 1 2,3,11,15,18,19,23,26,31,43,45,55,62,70,71,74,77,82,88,89,91,94,106,112,115,125,127,129,131,136,138,140 "47";
48 144 0 0,3,4,7,9,10,12,13,16,17,18,20,21,26,28,30,31,33,34,36,38,42,43,45,47,50,53,55,57,59,60,63,65,66,68,72,73,76,78,80,81,83,84,85,88,89,93,94,97,99,103,105,107,108,110,113,115,117,119,120,123,127,133,136,138,140,142,143,144,145 "48";
49 140 0 3,5,6,9,13,16,17,19,21,22,23,24,31,39,41,42,48,49,52,53,57,60,65,67,70,73,74,76,77,79,81,83,85,87,89,90,91,93,96,98,103,107,109,112,113,115,117,119,121,125,133,136,137,140,141,144 "49";
50 131 1 0,6,14,15,18,22,26,32,44,46,57,58,60,64,67,76,79,81,83,89,94,98,104,108,109,115,124,133,140,141,143 "50";
51 77 1 12,16,23,28,31,36,44,47,48,64,66,70,71,72,101,108,109,114,117,123,132,140 "51";
52 125 0 1,4,5,7,10,12,13,15,16,18,20,21,22,25,26,29,33,35,38,40,42,44,46,47,49,50,52,54,56,58,59,61,62,64,66,69,71,73,74,76,79,81,83,87,89,92,93,94,95,97,98,99,105,107,112,115,116,118,119,120,122,124,128,130,131,133,135,136,137,139,140,143,144 "52";
53 17 1 22,50 "53";
54 31 1 0,4,5,7,8,18,21,25,28,34,35,41,44,46,51,54,60,70,72,74,78,82,84,90,94,97,98,103,105,114,123,125,128,132,133,137,144 "54";
55 141 0 7,26,58,63,69,71,109,137 "55";
56 9 1 84,102,105 "56";
57 117 0 12,19,22,25,27,36,42,45,48,52,63,66,70,72,93,95,96,110,133,138,140 "57";
58 126 1 1,2,4,8,49,68,101,106,109 "58";
59 122 0 10,12,15,17,19,21,27,38,41,42,46,47,54,58,64,66,71,73,78,85,91,92,96,98,111,115,119,121,128,140,144 "59";
60 10 0 12,21,24,41,48,50,56,60,61,66,72,76,79,80,85,88,98,104,105,113,116,118,125,130,132,135,141 "60";
61 138 1 95,144 "61";
62 93 0 24,27,31,33,62,64,118,127,145 "62";
63 46 1 2,3,8,14,16,18,19,21,22,23,24,25,27,28,30,33,35,36,40,45,47,49,52,58,61,63,68,70,72,75,76,79,83,84,89,90,91,97,98,100,103,108,111,112,114,116,118,121,125,128,134,138,140,141,145 "63";
64 76 1 0,5,13,14,19,24,27,43,53,57,58,65,86,90,94,95,113,125,130,133,140,142 "64";
65 7 1 1,4,10,14,15,16,21,25,28,30,32,35,37,41,46,49,54,59,61,62,65,66,69,72,75,78,80,85,90,101,106,110,112,114,116,120,123,124,125,131,132,139 "65";
66 93 1 0,6,9,10,22,24,25,30,31,36,37,40,43,45,47,50,58,64,67,74,76,77,83,86,87,91,93,94,97,99,100,101,107,110,112,115,116,120,122,126,128,129,132,136,139,144 "66";
67 33 0 2,4,6,8,10,15,18,20,23,26,29,30,33,36,38,39,41,42,43,47,50,51,53,54,56,59,61,62,63,65,69,70,73,78,79,82,83,85,87,90,91,94,98,102,104,106,107,109,113,114,115,117,118,119,121,123,127,130,131,133,135,137,142,144,145 "67";
68 6 0 3,14,19,20,27,39,45,47,49,62,63,69,81,87,88,90,95,96,119,121,123,124,126,130 "68";
69 129 1 8,11,13,17,24,61,80,83,98,104,111,127,137 "69";
70 24 1 8,9,10,17,19,29,30,36,38,43,47,54,55,61,64,71,72,73,100,106,108,110,112,119,123,132,136,140,144 "70";
71 118 1 7,17,21,23,29,32,35,42,46,49,63,66,83,88,89,109,114,118,125,130,136,138,139 "71";
72 133 0 14,16,25,34,42,51,53,76,78,83,87,93,97,110,118,119,130,135,140,142,143 "72";
73 105 1 0,3,5,9,10,12,13,15,17,20,24,25,28,29,32,35,37,39,41,43,45,47,51,54,55,58,60,61,62,68,69,74,79,81,82,85,88,93,95,97,99,103,105,106,107,109,110,112,115,117,120,121,124,126,127,129,131,132,133,135,136,138,140 "73";
74 107 1 0,4,6,11,16,27,33,35,39,43,50,51,54,58,61,62,63,64,66,77,80,84,86,91,95,107,119,127,132,137,138,142,143 "74";
75 64 0 0,5,9,13,15,18,20,21,22,24,25,28,30,35,36,39,41,44,47,49,54,58,61,64,67,72,73,75,77,81,82,84,93,94,97,99,101,103,105,106,108,110,112,113,115,117,120,128,129,130,137,142,143,145 "75";
76 83 0 0,5,7,9,11,13,14,17,20,23,26,27,28,30,32,34,37,39,41,42,45,46,47,50,52,55,57,63,66,70,74,75,77,81,82,86,90,94,96,97,100,101,105,107,109,113,115,117,120,122,125,129,130,131,133,135,136,139,140,142,143 "76";
77 94 1 0,2,3,5,10,11,12,17,26,28,31,35,36,38,40,46,48,50,51,52,54,60,62,64,65,66,69,70,74,76,79,84,85,90,92,93,95,97,100,101,105,107,110,112,120,129,134,138,141,144,145 "77";
78 41 0 18,31,57,76,90,102,104 "78";
79 91 1 0,6,8,10,13,14,16,17,19,21,22,24,25,27,28,30,31,32,34,37,39,43,44,45,47,49,52,56,57,60,63,65,66,68,70,72,74,76,78,81,82,84,86,88,92,94,96,97,98,100,103,104,105,108,111,113,114,115,120,121,122,125,128,133,135,137,138,141,142,144,145 "79";
80 105 0 2,4,5,7,9,12,14,19,21,22,24,25,27,30,34,37,40,41,46,50,57,64,66,67,69,70,73,74,76,79,81,83,85,87,89,91,94,95,98,101,104,108,111,112,115,118,122,125,128,131,132,134,135,137,139,141,142 "80";
81 59 0 2,3,6,9,12,19,20,23,26,28,30,31,35,38,44,48,54,56,60,61,64,67,70,74,75,79,80,84,85,88,92,93,97,99,102,105,117,120,123,126,127,131,132,135,137,140,145 "81";
82 32 1 0,5,7,9,14,29,33,35,42,46,53,56,61,64,70,75,76,83,89,97,99,100,104,109,110,111,113,116,119,121,123,125,128,132,134,138,141 "82";
83 59 0 4,6,9,11,14,16,18,20,21,24,25,33,36,37,40,42,44,47,50,53,54,57,59,60,62,63,64,66,67,69,70,72,74,76,80,84,95,96,106,108,113,116,122,124,126,127,133,135,138,139,140,141,143,145 "83";
84 26 0 0,1,4,6,7,8,11,13,15,16,18,19,21,23,24,28,29,31,32,34,41,44,47,50,54,55,58,61,64,66,68,70,72,73,74,75,78,80,81,84,86,87,89,90,91,94,96,97,99,100,102,105,106,108,109,111,113,115,116,118,121,124,125,126,128,130,135,137,138,141,142,143,145 "84";
85 21 1 1,9,10,14,15,19,21,23,26,29,35,38,40,41,42,44,50,51,53,55,59,62,63,65,68,70,72,75,77,81,83,85,86,91,99,107,113,116,118,129,130,132,135,141,145 "85";
86 49 1 1,5,10,12,19,27,33,36,41,47,51,56,59,77,82,84,85,88,92,94,97,99,106,109,112,113,118,122,132,134,138,140,144 "86";
87 70 1 3,4,5,10,12,15,16,17,20,23,26,28,29,32,36,39,40,41,44,46,47,51,54,55,57,60,62,66,67,72,74,76,77,78,81,82,83,85,86,91,92,97,98,100,101,104,106,107,108,111,113,116,117,119,121,126,128,130,132,133,135,137,138,139,142 "87";
88 81 1 2,3,8,10,15,17,19,21,23,26,30,33,45,51,55,65,72,75,79,84,88,90,92,95,97,99,107,110,117,119,122,124,131,139,142 "88";
89 22 0 1,7,11,29,42,43,50,57,59,61,62,64,71,72,75,78,81,87,90,117,140,145 "89";
90 133 0 2,4,9,11,15,19,23,34,38,40,45,51,53,56,58,59,66,68,71,75,79,87,90,94,95,100,105,107,109,111,122,130,136,137,139,141,145 "90";
91 33 1 0,1,2,4,5,7,9,11,25,27,33,35,36,38,39,41,42,45,48,53,54,59,62,64,65,70,71,75,78,80,83,84,85,87,92,96,97,102,108,109,111,115,125,126,129,133,139,144,145 "91";
92 5 1 1,4,5,7,9,11,12,14,17,19,20,22,24,29,30,32,38,41,45,46,48,49,52,55,56,58,61,63,65,67,68,71,74,76,78,79,81,84,88,89,90,94,99,100,102,103,104,106,108,110,111,112,114,115,117,118,119,121,122,124,127,129,130,132,133,135,137,139,141,143 "92";
93 52 0 0,3,7,27,33,35,49,51,60,66,73,75,81,87,97,104,118,124,126,130,138,142,145 "93";
94 11 1 0,2,11,13,16,20,22,26,33,41,49,57,62,64,65,67,70,72,78,90,94,102,107,111,113,116,118,124,127,135,137,142 "94";
95 113 1 1,3,4,5,6,7,8,12,13,16,18,20,23,25,27,29,30,32,33,35,36,40,41,44,47,49,50,52,55,58,59,60,64,66,69,71,75,77,78,85,86,87,88,91,93,96,98,100,101,105,106,109,111,112,114,116,120,122,124,125,132,136,137,140,141,143 "95";
96 55 0 0,3,6,8,11,13,17,18,23,25,30,31,32,34,36,37,38,43,48,50,57,59,62,63,69,70,71,76,79,83,86,87,89,92,93,95,98,105,107,109,110,112,115,116,118,119,120,122,124,125,129,130,131,135,136,138,141,142,144 "96";
97 33 1 0,1,7,11,15,17,18,20,21,22,24,27,28,30,31,34,37,40,41,43,46,48,49,55,56,59,60,63,64,66,69,72,73,75,77,79,83,87,89,90,91,93,98,103,106,107,109,114,115,120,122,124,125,127,129,131,135,137,138,139,141 "97";
98 72 0 2,8,10,12,15,16,17,23,25,26,27,30,31,33,34,36,37,40,42,45,47,48,51,53,55,59,62,64,65,69,70,72,73,74,75,77,78,80,82,84,86,88,91,92,93,95,98,99,102,105,106,107,109,110,113,114,116,119,122,123,125,127,129,132,134,135,137,139,141,142,144,145 "98";
99 2 1 1,5,6,9,11,13,16,20,23,27,31,32,33,42,44,46,47,48,52,54,58,64,66,67,70,72,73,76,81,87,90,96,97,99,100,105,108,110,112,113,116,119,121,124,125,130,133,135,136,142,145 "99";
100 143 1 3,5,8,9,12,14,17,20,23,25,27,31,32,34,35,37,38,39,41,44,46,48,51,52,53,54,56,57,62,64,67,69,72,73,74,78,79,81,83,85,86,87,89,93,96,98,100,103,104,106,108,110,114,116,120,123,126,130,134,136,138,141,144 "100";
101 68 0 0,2,5,9,11,17,28,41,46,47,54,59,65,69,71,73,75,79,86,88,94,98,105,110,112,113,114,122,123,125,127,132,135,136,139,141,143 "101";
102 81 0 1,3,4,7,10,12,13,15,16,17,18,20,22,23,27,28,33,37,38,43,45,47,52,53,54,56,58,59,61,63,70,72,74,77,79,82,83,87,89,91,92,95,100,102,117,119,121,122,125,129,134,137,139,143 "102";
103 35 1 5,28,29,31,33,35,38,40,47,48,50,52,54,56,57,61,67,72,75,89,99,112,131,135,137,140,143,144 "103";
104 21 1 3,6,11,13,14,19,23,25,27,28,30,32,34,37,40,42,44,54,59,61,64,66,68,70,72,75,78,79,81,83,84,85,89,95,98,101,103,105,107,109,112,113,115,119,129,132,134,139,142,144,145 "104";
105 8 1 9,12,15,29,44,46,55,60,69,76,77,80,94,99,102,108,122,127,131,137,141 "105";
106 57 0 1,12,18,24,29,35,39,54,62,70,84,89,92,100,112,121,131,142 "106";
107 134 0 0,2,3,5,9,12,15,16,18,20,21,24,26,27,32,34,35,38,39,42,44,45,48,49,50,51,53,56,57,58,60,61,63,64,65,68,69,71,73,77,79,82,84,86,88,90,95,98,101,102,103,104,106,110,113,115,118,119,121,122,125,126,128,130,131,132,135,136,140 "107";
108 64 0 0,6,17,19,21,22,26,27,30,35,41,43,48,49,51,55,56,62,65,72,74,76,85,86,91,94,98,103,112,115,117,123,124,126,128,130,132,135,136,142,144 "108";
109 130 0 3,8,12,21,32,35,43,50,51,54,56,67,69,78,80,83,96,100,102,113,117,120,129,133,143 "109";
110 18 1 9,15,28,29,56,59,62,69,72,76,81,82,83,87,92,101,102,109,135,139,142 "110";
111 50 0 0,25,28,34,38,48,54,61,65,68,74,79,80,82,84,88,92,107,121,130,135,137,143,144 "111";
112 37 0 2,3,5,9,10,11,14,15,17,19,21,24,25,27,32,33,36,38,41,43,45,46,56,58,63,65,74,83,85,87,90,91,96,98,99,105,107,109,116,126,128,135,141 "112";
113 76 0 1,5,6,7,9,11,15,16,19,22,24,25,30,33,37,38,41,45,47,49,50,51,52,54,55,58,61,62,64,66,69,70,71,76,77,79,80,82,85,86,87,92,94,95,96,99,104,105,107,109,111,113,115,116,119,121,125,126,131,134,136,138,139,140,142,143,145 "113";
114 6 0 6,8,25,32,35,38,46,48,59,64,78,80,90,92,94,120,130,139,142 "114";
115 116 1 12,14,32,44,47,52,79,82,102,117,119,139,143 "115";
116 61 0 0,2,4,7,9,10,13,16,19,22,23,25,26,27,29,32,34,37,38,41,43,48,51,53,55,56,57,60,61,65,68,72,73,74,75,78,80,83,84,86,88,90,91,92,94,96,97,101,102,103,104,107,108,109,112,114,115,117,119,122,123,125,127,130,132,134,137,139,141,143,144,145 "116";
117 66 0 0,4,13,21,26,29,33,48,53,62,75,101,103,108,110,115,123,125,127,130,136,142,144 "117";
118 77 1 5,16,26,41,43,64,67,80,83,88,107,108,115,121,132,140,145 "118";
119 72 1 1,3,5,12,13,17,21,24,27,32,35,36,40,41,43,46,47,49,52,57,59,63,64,71,75,76,77,79,82,83,86,89,92,93,98,104,105,110,111,112,115,118,121,124,126,129,134,135,141,143 "119";
120 57 1 0,1,3,4,9,10,13,15,20,21,24,28,33,35,36,39,41,42,43,45,48,50,56,59,63,66,68,78,80,82,84,86,88,89,90,91,94,96,100,101,103,105,106,109,115,117,123,127,129,133,135,138,139,140,145 "120";
121 61 0 26,56,71,105 "121";
122 122 1 0,2,3,8,10,11,13,14,17,18,19,21,25,26,28,29,32,39,41,43,44,47,51,52,54,55,57,59,60,61,64,67,71,73,75,77,78,83,84,86,87,89,91,93,100,101,105,108,109,111,112,116,118,120,124,128,130,131,133,136,138,140,142,143 "122";
123 124 1 0,4,8,12,13,15,16,22,28,35,46,48,51,54,58,60,62,65,67,73,76,88,90,91,93,96,99,103,104,116,120,123,128,137,140,143,144 "123";
124 138 0 3,25,29,30,41,49,53,63,67,68,73,74,77,79,81,86,97,110,114,117,118,121,123,128,132,137,142 "124";
125 51 1 2,4,5,7,8,10,12,14,15,17,19,24,25,29,30,32,33,36,38,40,41,42,44,46,47,49,50,51,53,54,57,58,60,61,63,67,69,71,73,75,79,80,81,84,85,86,87,88,91,94,96,99,101,102,105,110,111,114,115,118,121,122,131,132,134,135,136,139,140,142,145 "125";
126 6 0 2,3,7,9,13,15,18,21,25,27,28,31,36,39,40,48,53,55,60,62,64,69,71,75,77,78,83,93,95,97,98,99,100,105,106,109,111,114,118,124,126,128,134,137,138,142 "126";
127 18 0 0,6,14,18,19,21,22,25,26,31,35,37,39,40,43,44,48,50,60,62,68,69,70,79,81,83,87,93,96,97,99,100,108,109,111,116,120,121,124,125,128,130,133,134,140,141,143,144,145 "127";
128 37 0 6,10,12,15,19,21,28,30,38,42,52,60,61,75,76,80,87,90,95,101,113,119,121,129,138 "128";
129 86 1 46,64,68,71,73,83,91,92,93,106,124,128,143 "129";
130 93 0 1,5,7,8,12,13,15,17,19,22,24,27,31,33,36,37,40,41,43,45,50,54,57,58,67,68,70,71,73,75,78,81,83,86,87,95,98,101,110,112,114,118,119,123,124,126,133,134,135,137,141,143,144 "130";
131 7 0 0,2,4,6,7,9,11,13,15,17,18,19,21,23,25,28,29,31,32,34,36,39,41,43,45,46,49,53,54,56,58,59,62,64,69,72,73,77,80,82,84,86,87,91,92,93,94,97,100,102,103,105,106,108,111,112,114,118,121,125,128,130,137,138,139,142,143,145 "131";
132 62 0 0,2,3,5,6,7,9,14,15,16,22,24,25,26,31,33,34,35,37,39,40,42,43,45,50,53,55,56,58,66,67,69,70,71,73,74,75,77,80,81,83,87,88,90,92,93,96,97,98,103,105,106,108,111,113,115,121,122,124,126,128,130,131,136,137,141,142,143,145 "132";
133 13 0 1,3,4,6,7,9,10,12,17,19,23,25,26,31,33,40,43,46,49,50,52,56,57,59,62,70,73,77,81,85,86,89,90,96,97,99,105,107,108,111,112,113,117,118,123,128,134,139,142 "133";
134 20 0 8,18,22,39,77,83,121,122,125,128 "134";
135 14 0 3,6,11,15,18,20,23,24,33,36,39,49,50,52,56,58,60,85,91,94,102,106,111,116,121,124,126,128,138,139,140 "135";
136 143 1 4,8,12,13,18,26,31,33,34,39,45,46,48,50,52,53,55,61,63,66,68,73,75,81,83,88,101,103,105,107,110,112,117,119,127,131,133,138,143,145 "136";
137 35 0 0,10,11,14,18,20,22,23,25,28,29,35,37,40,42,44,59,60,62,67,69,73,76,79,81,82,84,88,89,99,101,103,111,118,123,124,132,134,141,145 "137";
138 126 1 6,9,10,13,29,31,32,36,42,44,48,55,62,64,65,73,77,81,86,89,92,93,98,108,114,117,120,122,123,126,130,131,133,137,138,139,141,143,145 "138";
139 140 0 12,39,58,67,77,84,85,96,97,102,103,110,117,122,136,143,145 "139";
140 56 0 1,3,6,8,11,16,18,23,26,30,32,37,46,47,52,64,66,68,72,74,78,86,88,90,91,93,95,96,99,103,105,111,113,117,121,123,127,140,143,144,145 "140";
141 20 0 0,3,4,5,7,8,16,24,28,39,42,43,47,48,50,52,58,62,65,67,68,71,75,77,84,96,100,107,109,111,114,116,118,123,126,128,129,131,133,141,144 "141";
142 29 0 6,9,14,22,29,34,53,55,61,67,68,71,74,75,78,85,106,110,118,122,126,128,132,141,143,144 "142";
143 89 0 1,5,7,9,14,15,20,22,23,27,34,37,39,49,50,51,54,56,57,61,63,65,70,78,81,83,88,89,92,93,95,97,100,102,105,110,112,118,123,129,131,134,141,144,145 "143";
144 48 1 1,6,7,12,23,26,31,34,36,40,47,49,51,54,64,68,71,72,75,88,89,101,105,121,125,127,129,144 "144";
145 109 0 3,16,25,28,31,44,50,55,63,67,74,78,90,92,102,103,113,128,138,143,144 "145";
