parity 23;
0 12 0 1,12,14,22 "0";
1 22 1 2,9 "1";
2 3 1 2,4,7,10,11,14,17,19 "2";
3 19 1 2,7,8,12,14 "3";
4 14 1 2,4,6,7,10,12,14,16,17,23 "4";
5 8 0 7,15,21,22 "5";
6 15 1 8 "6";
7 8 0 11,18,20 "7";
8 7 0 0,1,3,11,15,17,22,23 "8";
9 5 1 0,6,13,16,17,19,21,22 "9";
10 17 0 2,8,11,15,18,20 "10";
11 10 1 5,9,11,19 "11";
12 6 1 0,1,6,7,10,11,14,17,18,19,21 "12";
13 11 0 1,9,13,15,21 "13";
14 9 1 8,16,23 "14";
15 19 1 0,3,6,8,11,14,16,18,21,22,23 "15";
16 23 1 2,11,13,19,21,22 "16";
17 2 1 4,5,7,10,12,13,17,18,20,21,23 "17";
18 16 0 3 "18";
19 4 0 1,2,4,7,11,12,14,17,20 "19";
20 1 1 2,3,6,18,20,23 "20";
21 14 0 1,5,6,10,12,16 "21";
22 13 1 5,12,18,21 "22";
23 11 0 0,2,7,10,15,18,21 "23";
