parity 174;
0 11 0 0,3,4,7,9,12,14,15,18,19,21,22,24,26,28,29,31,33,37,38,40,44,46,47,49,52,54,57,59,62,63,65,66,67,71,74,75,76,78,80,82,83,84,87,88,90,92,93,95,101,107,109,110,115,118,120,121,123,125,127,128,133,137,139,146,148,152,156,162,164,165,168,170,173,174 "0";
1 158 0 7,9,10,20,29,52,61,64,65,118,119,124,135,151,157,161 "1";
2 63 0 22,33,47,84,94,132,170 "2";
3 127 0 54,105,170 "3";
4 38 1 3,12,15,19,21,28,34,42,45,46,48,52,56,63,64,65,74,76,79,83,86,88,97,98,102,104,110,111,126,128,131,136,138,141,144,146,153,154,159,164,166,169 "4";
5 38 1 1,3,4,5,7,8,10,11,12,15,17,20,23,25,28,35,39,40,43,45,46,47,49,52,53,54,57,60,61,62,64,67,68,71,73,75,76,79,80,82,83,85,87,89,92,94,97,98,101,102,107,108,110,111,113,115,117,119,124,127,128,130,132,135,136,138,140,141,143,146,147,148,149,150,155,156,159,161,164,165,166,168,171,172,174 "5";
6 115 1 1,3,4,7,11,13,17,18,19,22,23,24,26,28,33,35,37,46,47,50,51,53,59,61,68,70,74,75,77,83,85,86,88,89,91,94,97,104,105,107,110,113,115,116,118,119,121,126,128,129,130,131,134,138,140,143,145,147,149,150,152,154,156,158,160,161,163,166,172,174 "6";
7 123 1 1,6,8,9,13,15,17,19,22,23,25,27,28,32,33,35,37,39,42,46,48,50,51,57,58,60,61,65,69,71,74,78,84,86,88,90,92,93,96,98,100,101,103,106,107,109,114,116,119,121,122,123,127,134,139,140,143,148,151,155,156,160,162,168,169,171,172 "7";
8 22 0 12,14,24,34,108,110,163 "8";
9 22 1 0,5,7,8,14,17,18,23,29,30,31,35,42,45,52,54,59,60,62,63,65,67,68,70,73,78,93,95,98,104,106,113,115,119,122,127,130,134,138,140,148,149,153,157,159,163,166,170,171 "9";
10 143 1 10,18,28,45,52,75,85,109,117,119,126,147,152 "10";
11 154 0 2,5,10,17,22,24,26,32,42,46,49,53,54,55,57,61,63,65,68,70,73,78,81,84,88,90,99,103,106,107,109,111,112,114,116,119,121,123,126,129,131,132,133,135,137,141,147,148,149,151,160,161,163,166,170,174 "11";
12 64 0 1,5,7,10,11,12,14,16,17,23,24,25,27,30,31,33,34,36,38,39,43,45,47,49,50,52,53,55,56,58,59,60,62,64,67,68,69,70,72,74,77,79,81,84,86,89,91,92,97,99,101,104,106,108,111,113,117,118,119,120,122,123,126,128,135,136,139,141,143,144,145,148,154,156,158,160,161,163,165,167,169,170,172,173 "12";
13 160 1 1,3,7,10,12,16,19,25,28,32,35,42,45,50,55,56,57,59,61,80,82,83,84,92,94,97,102,116,124,127,131,134,136,140,142,145,147,151,159,165 "13";
14 72 1 0,7,8,10,11,13,16,17,20,21,23,25,26,30,31,33,34,36,38,39,42,47,49,50,53,56,58,59,62,64,67,71,72,75,77,79,82,84,85,86,90,92,95,97,100,105,107,108,110,111,112,114,117,120,121,126,129,134,137,143,144,145,148,151,153,157,159,162,167,169,170,171,173 "14";
15 56 1 0,3,5,7,11,13,15,18,20,22,29,35,47,58,60,64,65,72,73,75,86,89,91,95,96,99,101,103,114,116,126,128,129,132,133,136,137,143,145,148,149,150,152,157,159,164,168,170 "15";
16 33 0 2,7,16,23,25,27,31,32,34,38,41,51,58,63,67,72,80,82,84,86,87,91,100,102,116,121,127,129,130,131,133,137,141,145,152,154,156,157,165,169,174 "16";
17 162 1 17,20,40,46,60,71,86,92,106,120,124,126,159,166 "17";
18 126 0 0,5,7,9,12,16,22,24,25,27,29,32,35,37,40,43,45,50,52,54,56,60,63,65,68,69,70,71,73,76,78,80,82,84,86,89,90,91,94,96,103,106,109,113,116,118,122,127,133,135,138,141,144,146,148,157,160,161,163,173,174 "18";
19 49 1 0,2,5,6,11,12,19,22,23,26,27,38,43,48,52,56,57,65,66,70,73,77,78,81,83,85,86,88,91,94,98,100,102,108,110,112,116,118,122,124,128,131,132,135,138,143,146,147,152,154,158,159,161,164,165,167,168,174 "19";
20 143 0 0,3,8,9,10,12,14,17,21,23,24,25,28,29,31,32,38,44,46,50,51,54,57,61,62,63,65,66,69,74,76,79,81,83,86,87,92,97,99,102,103,105,107,112,117,121,128,130,132,133,136,138,143,144,148,149,150,162,163,167,172,173 "20";
21 71 1 0,4,8,10,11,17,21,22,24,27,29,33,35,36,45,47,48,50,52,55,61,63,66,68,71,73,77,81,91,94,95,96,98,100,101,105,107,109,111,112,114,121,122,127,128,129,141,142,144,146,158,160,167,168,171,174 "21";
22 165 0 0,5,10,15,33,51,67,79,87,89,91,93,105,143,150,155,164 "22";
23 35 1 15,64,73,89,115,118,138,143,147,164 "23";
24 107 0 7,11,13,15,17,19,21,22,25,28,29,32,34,37,38,40,43,45,47,51,56,57,58,60,63,65,68,69,71,72,74,75,77,78,79,82,86,87,89,95,96,100,102,104,107,108,112,113,114,116,118,119,121,122,125,126,129,133,136,137,142,144,147,151,152,158,159,162,163,165,166,167,168,172 "24";
25 84 0 1,3,5,7,9,10,12,14,18,21,23,25,26,27,34,35,38,40,41,42,44,46,47,50,51,56,57,58,60,63,64,66,68,70,71,73,75,76,79,81,83,86,91,99,101,104,107,109,111,114,117,118,123,125,127,129,131,133,135,138,143,148,149,150,153,155,157,160,162,164,166,168 "25";
26 7 0 11,20,29,40,43,51,56,61,78,108,165,174 "26";
27 58 0 18,26,47,49,56,64,71,72,92,97,106,109,116,140,158 "27";
28 21 1 7,19,21,27,34,37,49,59,72,76,83,91,96,98,115,142,150,161,167 "28";
29 163 0 1,5,7,10,11,15,18,22,24,26,28,30,31,37,41,45,49,52,55,57,59,61,64,66,68,72,73,75,76,78,79,80,81,84,86,88,92,95,99,101,104,106,109,112,130,133,135,136,137,139,140,143,144,145,147,150,152,153,155,158,160,164,168,169,172,173,174 "29";
30 159 0 1,3,5,8,11,14,19,25,28,30,33,37,38,40,42,45,54,56,58,60,61,63,64,70,73,77,79,80,82,84,87,91,97,99,100,105,107,113,117,120,132,134,135,137,139,142,144,148,149,153,155,158,160,162,163,166,169 "30";
31 9 1 9,13,15,18,36,51,57,62,71,76,87,88,92,106,111,115,121,130,140,158,167,169 "31";
32 174 1 23,65,140 "32";
33 126 0 71,98,157,170 "33";
34 112 1 3,7,13,15,20,23,33,43,45,47,48,49,64,74,76,84,91,93,97,105,110,113,115,123,124,126,134,139,140,145,146,152,157,160,164,168 "34";
35 142 1 0,4,5,6,9,11,13,15,18,23,25,28,30,32,34,35,37,40,43,45,47,49,51,52,53,56,57,61,62,63,65,68,70,72,77,78,81,83,85,86,88,92,95,98,105,108,109,112,115,116,117,119,126,127,129,131,133,137,138,142,144,146,148,149,151,155,157,158,160,163,166,167,169,172,174 "35";
36 152 1 1,2,5,6,8,12,16,19,22,24,27,28,30,31,33,35,44,46,48,50,53,55,57,60,61,65,70,71,72,75,77,80,81,88,89,90,92,94,95,100,102,105,106,110,113,114,115,117,122,124,126,128,130,138,139,142,144,147,149,151,154,155,158,159,160,161,167,171,173 "36";
37 153 0 13,57,59,65,72,115,128,165 "37";
38 28 1 0,1,11,15,18,20,23,26,31,33,38,45,49,64,82,97,100,104,107,133,134,140,151,152,157,160,164,167 "38";
39 90 1 4,15,17,36,39,46,56,59,74,79,82,92,93,109,116,130,133,167 "39";
40 1 0 6,11,17,24,30,35,39,41,44,47,49,56,62,64,70,73,75,80,85,86,88,90,92,93,95,100,109,117,126,128,133,142,145,147,155,166,169,173 "40";
41 132 1 10,12,16,30,43,46,47,61,66,83,108,128,130,132,134,140,141,150,156,161,174 "41";
42 137 0 1,2,5,7,10,15,17,18,20,22,23,25,26,31,32,34,39,42,43,44,47,49,53,54,57,58,60,62,64,66,67,68,69,73,76,79,83,86,88,90,93,99,101,103,105,107,109,111,112,114,116,118,122,124,125,127,129,133,135,137,143,144,148,151,152,153,155,157,159,161,162,164,166,171 "42";
43 25 1 1,4,6,14,17,20,24,26,27,29,30,35,43,48,53,54,63,65,67,79,82,85,87,91,95,102,103,106,108,111,113,115,127,129,133,135,139,140,144,148,153,156,158,159,161,166,170,171,174 "43";
44 140 1 1,3,5,7,11,12,14,15,17,18,22,25,31,32,34,35,37,40,41,43,44,46,48,56,59,61,63,64,68,69,72,74,75,80,82,83,84,87,91,92,99,100,103,104,108,110,112,116,117,121,122,124,128,130,133,134,136,138,139,142,143,145,147,149,150,151,154,157,160,161,162,164,168,169,171,172,174 "44";
45 110 1 0,2,5,7,9,11,12,14,22,26,28,32,34,36,38,39,41,42,43,47,49,50,51,54,57,59,61,62,76,79,81,83,85,90,91,94,96,100,101,104,106,108,118,121,123,125,130,131,134,136,137,138,140,142,144,145,146,149,152,156,157,159,163,164,166,168,172,174 "45";
46 22 1 7,9,11,12,31,45,49,53,56,71,73,75,83,90,99,100,111,122,125,128,139,140,141,142,143,151 "46";
47 78 0 9,27,49,59,64,114,136,142,147 "47";
48 134 1 71,75 "48";
49 67 1 2,4,6,8,14,20,21,22,23,25,26,31,37,39,42,44,48,49,51,52,53,56,59,61,64,66,67,73,74,77,82,84,86,89,90,93,99,100,102,106,108,110,113,119,121,123,127,129,131,133,137,141,143,145,147,150,151,155,156,158,160,162,164,165,166,171,172,173,174 "49";
50 38 0 0,4,13,17,27,35,36,39,45,52,54,59,61,66,69,71,75,78,80,82,85,91,95,98,107,108,113,114,116,118,119,121,130,134,135,143,145,146,152,154,159,164,166,168,170,173,174 "50";
51 155 1 3,13,20,24,32,39,50,61,68,71,74,82,107,110,121,142,146,151,152,154,158,162,174 "51";
52 91 1 3,5,7,8,10,18,20,22,25,28,30,31,34,38,42,43,46,48,49,51,53,57,60,65,66,68,71,74,77,79,80,81,82,85,87,89,93,94,96,98,100,102,103,106,112,114,116,120,122,126,132,140,141,145,154,155,158,162,165,173 "52";
53 16 1 2,14,21,24,26,32,34,36,38,43,50,52,54,57,59,63,64,67,70,72,75,78,79,81,82,85,86,94,95,103,108,112,115,116,117,120,122,123,129,131,133,135,136,139,144,147,149,152,154,157,161,165,169,170,174 "53";
54 106 0 0,3,5,6,8,10,12,14,16,19,20,22,24,25,28,29,30,36,42,46,47,49,50,52,54,57,58,59,62,66,67,69,71,72,74,77,80,81,84,88,89,92,93,96,97,98,101,104,105,108,110,112,114,116,118,120,122,125,126,129,130,135,136,137,139,142,143,145,146,151,153,154,156,157,158,160,161,163,164,166,167,169,170,172 "54";
55 103 0 0,7,9,12,14,15,17,20,21,23,24,25,29,30,44,53,56,61,69,79,81,82,86,88,90,92,104,106,108,109,113,115,119,123,124,126,128,129,131,134,141,143,145,146,148,151,153,154,156,157,165,166,168,170 "55";
56 124 1 3,8,11,15,18,22,26,27,29,34,35,37,39,49,54,58,61,66,70,71,73,74,77,79,80,82,84,102,109,113,116,123,124,128,131,133,149,153,163,164 "56";
57 22 0 0,3,5,7,16,18,21,22,24,26,41,46,48,52,55,56,61,64,65,68,70,77,79,82,90,92,96,101,103,107,111,115,116,118,119,125,126,133,138,142,143,147,148,149,155,160,169,170 "57";
58 21 1 0,2,8,10,13,15,17,29,31,38,41,45,48,50,53,54,56,68,69,75,81,84,87,88,96,98,101,109,115,126,127,132,135,136,139,141,146,151,159,164,170 "58";
59 131 0 8,11,15,18,26,28,33,38,41,43,45,50,53,55,59,68,76,84,93,101,106,115,121,145,148,152,158,165,168 "59";
60 89 0 2,4,5,8,12,13,17,19,23,26,29,33,36,41,44,46,49,51,61,64,68,70,72,75,78,81,85,88,93,95,97,98,101,105,115,117,119,121,123,124,127,128,130,131,133,134,136,137,143,146,148,149,156,157,161,163,164,170,172,174 "60";
61 19 0 0,2,14,18,20,23,25,27,28,41,42,44,48,50,52,56,59,61,64,68,73,74,77,78,84,87,89,91,93,97,100,101,106,108,113,117,125,127,130,133,135,137,144,145,149,150,154,159,162,166,169,172 "61";
62 34 1 2,11,15,18,24,30,31,33,37,38,41,48,50,57,60,61,63,65,67,70,77,83,84,96,100,104,106,110,112,113,114,115,116,124,126,132,137,139,149,159,160,162,164,166,169 "62";
63 44 1 0,3,4,6,7,9,11,13,15,17,18,20,21,23,26,27,30,31,33,34,36,38,39,41,45,48,51,54,56,57,58,59,65,68,70,71,74,75,78,80,82,86,88,90,92,94,96,97,98,100,103,105,107,109,111,114,117,119,121,124,125,128,130,132,135,136,140,141,142,146,148,150,152,155,157,159,161,163,166,167,169,171,173,174 "63";
64 168 0 0,6,7,8,10,11,12,14,16,23,25,28,31,33,34,37,40,42,44,45,49,51,52,58,64,66,68,69,77,79,82,87,88,91,92,94,98,101,107,108,117,122,127,128,131,132,134,135,141,144,145,146,148,151,156,159,161,171,172,174 "64";
65 85 0 2,5,8,12,15,19,24,29,31,32,37,46,48,54,67,69,75,78,81,82,83,88,90,91,94,96,102,106,109,111,112,114,117,124,127,129,142,146,152,154,157,163,168,170 "65";
66 163 1 2,14,19,27,31,37,39,42,43,46,55,57,64,65,67,72,89,99,110,115,122,133,135,154,155,159,161,165,168,170,174 "66";
67 17 1 9,12,16,20,22,25,26,30,33,38,50,52,63,64,67,70,72,89,92,94,96,97,100,102,105,113,114,116,122,126,127,132,134,147,157,163,170 "67";
68 63 0 79,83,94,101,105,107,164,168 "68";
69 161 1 0,1,7,8,11,13,15,17,20,22,24,25,28,31,33,35,36,39,41,42,43,46,48,50,52,54,55,60,61,63,65,71,72,74,75,77,79,80,82,84,85,88,90,92,93,95,98,100,102,103,106,108,114,119,120,122,123,125,129,131,132,134,135,137,139,141,142,146,147,149,150,152,153,156,161,162,164,166,167,169,171,172,173,174 "69";
70 109 1 0,2,5,9,10,13,15,16,18,22,29,32,34,35,37,41,43,45,47,50,56,58,61,63,66,68,72,74,76,78,82,83,85,87,88,89,91,92,94,95,99,100,103,105,107,114,116,118,120,121,123,124,125,127,129,130,132,134,137,140,142,145,148,149,152,154,156,159,160,162,170,173 "70";
71 145 0 2,7,15,17,21,25,27,30,34,36,38,39,41,43,50,52,56,58,59,61,63,65,68,70,74,76,78,79,81,88,92,94,99,101,104,113,115,117,119,121,124,126,128,129,132,139,145,148,151,155,159,163,168,172 "71";
72 162 0 3,6,7,11,17,23,28,33,35,44,47,54,58,62,67,69,72,92,93,99,106,108,109,113,122,126,130,132,138,145,149,151,152,155,162,165,166,168,170,171,174 "72";
73 134 1 0,1,2,9,10,12,14,15,17,18,19,22,23,25,28,30,33,35,41,42,44,46,50,52,54,55,57,59,61,64,66,68,72,75,78,80,81,83,84,85,86,88,89,92,95,97,98,99,106,109,112,118,120,122,125,128,129,133,134,138,139,142,144,150,151,152,154,157,158,162,164,165,168,170,173,174 "73";
74 17 0 1,2,4,7,12,14,16,21,24,27,31,33,37,39,42,43,45,49,52,54,56,58,61,62,65,67,69,70,71,72,75,76,78,79,81,82,86,88,89,94,95,96,101,102,103,105,107,108,110,111,115,116,120,122,126,128,129,132,134,136,138,143,146,148,149,151,152,154,155,157,160,161,163,166,171,172 "74";
75 147 0 7,11,18,20,25,28,31,40,46,57,70,71,72,79,84,90,91,105,109,114,127,131,134,143,152,154,159,164 "75";
76 11 1 1,4,8,18,25,26,31,40,46,51,58,68,70,72,82,94,95,97,99,100,107,120,122,126,133,139,145,151,153,160,161,168,169,173 "76";
77 151 0 0,3,4,6,8,11,14,17,22,24,26,28,29,31,32,33,35,37,39,42,45,47,50,54,55,57,59,61,64,65,68,72,74,75,77,80,82,84,85,87,90,92,94,97,98,103,105,106,108,110,113,114,117,118,121,126,127,130,131,133,136,137,138,141,144,145,146,147,150,152,155,156,157,159,161,163,165,166,168,172,174 "77";
78 86 1 1,3,5,6,11,12,14,15,17,19,20,24,27,29,31,34,36,38,39,41,42,45,46,48,49,50,55,59,63,65,66,67,69,74,78,82,86,88,90,96,104,106,108,109,111,112,116,122,124,126,127,129,131,132,133,134,136,139,144,146,147,150,151,156,159,161,164,167,169,170 "78";
79 144 0 5,12,15,22,30,31,35,38,42,50,51,66,76,81,87,89,95,102,117,120,122,124,133,134,142,151,161,169,173 "79";
80 164 1 6,9,11,13,15,17,19,20,22,24,27,29,31,33,35,36,38,42,46,48,49,53,56,63,65,71,73,74,75,77,79,80,84,86,87,89,90,93,94,97,101,106,107,109,114,118,120,122,126,128,130,131,132,135,137,138,139,140,143,145,147,149,150,151,153,155,158,161,165,167,168,171,174 "80";
81 55 1 0,1,2,4,7,9,10,11,12,13,16,17,19,21,23,25,26,28,30,32,34,37,38,40,41,45,47,49,51,53,56,58,63,64,65,68,72,73,75,77,79,81,83,87,89,90,91,94,95,96,97,100,102,103,105,106,107,114,115,116,119,120,123,124,126,128,129,133,134,136,139,140,141,143,144,146,147,148,150,155,157,159,162,163,167,170,172,174 "81";
82 153 0 3,18,24,37,44,53,67,83,88,102,122,139,150,165,172 "82";
83 134 1 2,3,6,8,13,14,17,19,25,33,45,54,56,60,61,63,65,67,68,70,73,75,78,86,88,90,92,96,98,99,103,107,112,118,120,121,131,133,142,144,146,154,163,166,173 "83";
84 90 0 1,6,8,9,12,16,18,20,21,23,27,29,30,33,38,39,43,46,52,54,58,60,61,64,66,67,71,76,80,81,83,86,90,94,99,107,109,110,111,115,119,121,124,125,127,128,135,140,144,146,148,151,153,154,155,164,166,169,171,174 "84";
85 166 1 1,4,6,12,14,15,17,18,23,27,30,38,42,46,48,50,53,59,60,62,64,65,66,69,70,73,75,77,79,82,83,85,88,94,96,98,100,103,105,109,110,113,115,117,119,120,122,124,129,131,133,137,139,142,144,146,152,159,161,162 "85";
86 59 1 0,2,3,5,7,8,10,11,13,15,16,18,19,23,25,27,29,31,34,39,41,43,44,46,51,52,56,58,62,63,64,66,69,71,72,74,77,81,83,85,87,90,91,93,95,97,98,102,103,106,107,109,110,112,114,116,118,120,121,123,125,128,137,138,140,142,143,144,146,148,151,152,154,156,159,161,162,166,168,173,174 "86";
87 145 1 2,4,5,8,10,11,13,14,16,17,19,24,27,28,33,34,39,41,44,45,48,49,52,53,54,56,59,62,63,65,67,69,71,74,75,77,78,80,82,84,87,91,92,94,95,97,99,101,104,106,108,112,113,117,120,122,124,127,129,130,133,139,142,143,145,146,149,152,154,155,156,157,161,163,165,168,169,173 "87";
88 82 0 1,4,12,18,22,23,24,27,30,32,33,41,45,48,50,51,54,55,58,61,65,71,72,74,77,94,98,102,104,113,120,125,127,133,141,142,145,147,153,161,162,168,173 "88";
89 130 0 0,2,4,5,8,10,14,15,17,18,19,24,28,32,34,35,37,39,40,42,43,44,45,48,56,60,61,62,65,67,68,69,74,76,79,85,87,89,90,92,94,95,96,98,99,100,102,105,107,108,110,111,113,114,116,117,119,120,124,125,127,132,133,134,135,136,143,145,146,148,151,152,154,158,160,161,166,167,170,171,173,174 "89";
90 150 1 2,4,20,24,33,34,38,53,58,59,62,63,65,88,108,111,114,138,144,167,170 "90";
91 103 1 3,6,7,8,11,12,14,16,19,22,25,28,30,33,48,50,54,57,58,68,72,73,75,76,81,88,93,98,104,105,109,115,116,118,120,122,148,153,157,159,164,166,169 "91";
92 73 1 6,32,44,63,71,104,109,114,115,133,172 "92";
93 44 0 0,1,4,7,9,10,13,16,19,20,25,26,30,32,35,37,40,47,48,50,51,54,56,58,60,61,63,65,68,71,74,77,78,81,83,88,89,95,97,98,100,101,103,104,105,106,108,110,111,113,115,116,122,124,125,126,128,130,131,133,135,137,139,141,146,147,150,153,155,157,159,160,162,164,165,166,168,170,173 "93";
94 152 0 0,2,5,8,11,15,20,21,23,27,30,32,36,37,40,44,47,48,50,53,54,58,60,63,65,68,72,75,77,78,80,82,85,91,94,97,98,105,106,110,112,115,116,118,119,121,125,126,128,134,135,137,141,144,148,149,152,154,157,162,163,164,165,173 "94";
95 82 1 4,5,11,13,19,21,23,24,49,51,57,66,81,88,91,92,103,109,110,116,129,134,140,154,169 "95";
96 149 0 1,3,6,12,17,20,22,23,24,26,27,38,41,43,47,52,53,55,59,61,62,65,67,69,72,73,77,81,82,89,90,93,95,99,100,103,105,107,113,115,124,125,132,134,140,144,150,153,155,156,159,161,168,169,170,172,174 "96";
97 47 1 3,6,9,10,14,16,18,22,23,24,27,29,31,35,36,38,42,47,51,53,57,59,65,69,74,79,82,86,87,88,90,92,96,97,99,102,105,108,112,113,114,116,118,120,125,129,133,137,138,141,143,145,147,148,151,152,154,157,163,167,174 "97";
98 80 0 0,4,7,24,28,29,31,44,50,56,62,68,81,89,97,102,104,110,112,115,117,120,122,124,141,143,146,155,159,161,163,167,174 "98";
99 16 0 1,6,8,9,11,21,29,31,34,40,45,71,75,96,99,113,118,128,142,157,162,169 "99";
100 55 0 0,4,9,15,17,18,20,22,24,25,29,31,32,33,34,36,37,39,40,41,43,46,48,50,52,54,56,58,59,62,64,67,70,73,76,78,80,83,85,86,88,91,93,94,97,100,103,105,107,109,110,114,116,118,119,120,122,124,126,130,132,133,142,145,147,151,154,156,158,161,163,164,165,168,170,172,173 "100";
101 142 1 1,6,8,11,12,13,16,18,21,22,24,27,28,30,32,35,36,38,40,45,47,51,57,59,61,62,63,65,68,69,75,76,81,84,87,88,91,97,98,101,105,107,110,111,116,118,121,127,128,133,137,138,141,143,145,146,147,150,154,155,158,161,165,171,174 "101";
102 9 1 2,21,25,36,38,39,41,55,62,70,77,89,90,94,105,107,118,130,132,145,150,151,154,168,172,173 "102";
103 170 0 0,1,3,4,7,13,14,18,24,27,31,35,51,54,59,61,65,67,70,74,76,78,80,83,85,86,91,92,98,99,103,105,108,114,120,124,125,127,135,137,145,148,152,154,161,164,165,166,172,173,174 "103";
104 11 1 0,2,8,10,15,16,22,28,29,32,40,43,51,53,57,61,63,68,71,73,76,78,81,86,88,100,102,104,106,107,109,110,113,119,124,129,131,133,136,138,140,145,148,149,159,160,161,163,169 "104";
105 110 1 1,2,4,5,7,9,10,12,14,15,17,24,25,27,32,37,38,39,41,44,45,47,49,57,61,63,65,69,70,73,75,77,78,79,81,83,85,86,88,91,92,95,96,99,101,104,105,106,111,112,114,119,121,127,128,129,131,133,134,135,137,138,139,141,143,145,147,150,153,154,156,157,158,160,162,165,169,172,173 "105";
106 62 0 3,6,8,9,13,15,23,30,35,36,40,42,46,52,56,60,65,71,73,77,79,82,84,90,96,97,103,106,114,115,117,125,126,131,132,135,141,145,151,156,159,166,173,174 "106";
107 58 1 1,9,10,12,14,16,21,27,29,30,34,37,39,41,43,44,47,53,55,60,62,63,66,67,73,74,76,79,80,81,83,86,92,93,98,100,104,110,114,115,117,119,125,128,132,136,138,141,144,145,148,150,152,157,161,162,165,169,174 "107";
108 117 0 3,4,6,8,11,15,17,20,23,25,27,28,29,31,32,34,35,39,45,46,47,51,54,56,58,60,64,69,72,75,76,79,81,83,85,86,88,91,94,97,100,102,103,105,106,110,111,114,115,117,119,120,122,126,131,134,135,140,146,149,150,156,158,160,163,168,170,171,173,174 "108";
109 162 1 2,5,6,9,11,13,14,22,23,25,26,38,40,43,51,54,56,57,61,64,69,71,76,78,81,83,85,86,91,93,94,99,103,105,108,109,111,113,115,117,121,122,124,125,128,129,132,133,136,138,141,143,145,146,148,149,154,156,158,160,167,173 "109";
110 30 0 2,8,10,12,16,18,25,29,30,33,36,38,41,44,49,52,54,56,68,71,76,79,81,82,83,91,94,95,99,102,103,108,111,113,118,131,137,142,146,154,157,159,161,162,165,166,174 "110";
111 153 0 13,15,16,23,27,32,42,50,57,94,96,99,101,103,106,122,124,131,138,158 "111";
112 173 0 4,5,7,9,13,15,21,29,33,35,37,40,42,44,48,51,55,58,64,68,76,80,81,83,85,88,107,108,112,116,121,125,127,128,133,135,144,146,148,155,156,159,161,164,172,174 "112";
113 56 0 1,4,5,6,8,10,11,13,14,15,17,18,21,22,25,26,28,29,31,34,35,39,40,42,45,46,48,50,52,53,54,56,58,59,61,62,64,66,67,69,70,72,73,74,75,78,82,83,86,88,89,94,96,98,100,101,106,108,109,111,112,115,116,117,119,120,123,124,129,130,131,134,135,136,138,140,143,147,151,152,158,161,165,168,170,171,173 "113";
114 142 0 1,3,4,8,11,13,19,23,28,31,38,44,50,51,65,68,70,73,74,82,84,85,91,102,108,112,116,117,119,129,131,139,141,142,146,153,154,157,159,168,169,171 "114";
115 82 0 3,10,12,13,14,16,17,26,28,30,33,35,38,39,42,43,47,49,51,53,55,56,58,59,64,66,68,70,71,73,76,78,80,81,83,84,87,89,90,92,93,95,97,98,102,105,115,119,122,125,129,132,137,142,143,146,147,149,151,153,154,157,158,160,161,163,164,167,168,170,172,173,174 "115";
116 2 0 1,6,9,12,14,17,19,21,31,34,45,53,56,60,62,64,66,71,73,81,85,86,93,98,100,102,104,107,113,115,117,121,122,125,126,127,130,132,133,136,140,143,145,153,154,157,161,169,170,172,173 "116";
117 51 1 5,7,9,11,13,18,19,29,34,40,41,43,46,53,61,62,65,70,75,76,92,96,97,100,103,106,109,113,115,124,126,129,133,134,140,151,156,159,161,162,171 "117";
118 166 1 0,1,3,6,8,10,12,17,22,31,33,38,40,42,47,49,51,52,54,55,67,68,71,73,75,76,85,88,92,102,108,111,113,114,118,120,122,126,128,134,136,138,142,145,148,149,153,154,158,160,161,165,166,172,173 "118";
119 83 0 3,5,7,9,11,15,17,18,21,24,26,28,29,31,32,33,35,36,38,40,42,43,44,46,47,49,51,53,54,60,64,65,66,68,69,71,72,74,76,77,80,81,84,89,90,93,95,97,98,100,105,106,107,108,110,111,114,116,117,119,121,123,124,126,128,130,133,134,136,138,142,144,146,147,149,151,153,156,158,160,161,164,165,166,168,169,171,174 "119";
120 1 1 22,24,27,30,35,42,45,54,55,69,80,109,135,166 "120";
121 131 0 23,110,124,167 "121";
122 77 1 8,19,28,42,49,52,60,71,77,87,96,113,115,130,139,156,158 "122";
123 82 0 23,64,70,74,109,122,127,139 "123";
124 165 1 3,29,52,79,108,111,124,145 "124";
125 145 0 0,14,16,19,27,29,36,41,57,63,64,68,72,74,76,82,87,90,94,105,110,114,119,121,124,128,133,135,150,154,157,167,169,173 "125";
126 27 0 1,13,29,34,43,47,48,57,66,76,78,79,86,100,106,110,113,120,128,130,148,166,173 "126";
127 131 1 2,4,5,7,8,9,10,13,15,16,17,18,20,25,29,33,35,36,39,43,46,47,50,51,52,54,55,58,61,64,68,69,72,76,78,81,82,83,88,89,91,93,95,97,98,102,103,104,106,110,111,115,116,117,120,121,122,126,128,130,131,133,134,136,138,139,141,143,146,152,154,155,156,157,163,166,168,170,172 "127";
128 151 1 4,10,11,14,19,21,26,27,29,33,35,36,45,53,61,67,70,78,80,81,84,90,92,95,97,98,101,104,106,111,122,125,127,129,133,134,138,139,142,144,146,147,149,158,163,166,168,169,173 "128";
129 106 0 0,5,7,11,12,15,17,18,26,29,30,37,43,52,54,58,60,61,63,79,92,96,98,116,117,119,124,138,150,158,159,163,171 "129";
130 168 1 4,9,12,17,20,23,24,29,37,46,47,49,51,54,59,61,68,71,77,79,83,87,89,94,113,115,118,123,131,132,142,152,157,160,165,167,169,172 "130";
131 44 0 2,27,38,54,60,62,66,100,129,134 "131";
132 60 0 1,4,5,7,11,12,16,17,19,20,22,24,26,30,31,35,37,44,45,47,50,51,54,56,57,60,63,66,71,72,76,78,79,82,83,85,88,91,95,97,99,102,103,106,108,112,116,117,121,123,124,126,128,129,132,135,136,140,143,146,147,149,150,153,154,155,156,159,161,163,164,167,170,171 "132";
133 55 0 4,15,16,20,22,27,29,32,35,38,40,59,63,65,82,83,87,89,96,99,103,104,108,110,114,126,133,146,149,152,162,174 "133";
134 28 0 0,1,2,13,15,19,35,43,52,58,62,64,72,76,82,85,88,94,106,110,112,114,119,122,125,126,127,130,134,139,145,147,159,162,167,171 "134";
135 103 0 29,73,131,155 "135";
136 13 0 9,13,19,25,27,29,30,37,41,46,49,57,59,69,73,83,89,92,97,99,101,104,108,114,116,120,123,127,132,147,156,165,166,172,173 "136";
137 0 1 1,4,7,11,14,16,18,21,23,25,27,29,33,34,36,39,40,42,44,45,46,48,53,57,58,60,64,65,68,70,73,76,78,79,85,90,91,95,97,102,107,109,113,115,119,123,127,130,133,139,140,147,152,154,156,159,161,162,165,167,168,170,171,174 "137";
138 120 1 7,21,33,37,54,56,67,78,86,90,102,155,170 "138";
139 59 1 8,10,12,14,17,24,26,31,36,38,40,41,42,53,56,59,68,73,74,78,89,90,92,95,100,101,106,108,117,121,127,128,132,139,145,147,152 "139";
140 144 0 6,11,13,14,19,22,23,36,39,41,43,45,46,50,52,57,64,70,72,77,78,79,81,82,86,88,89,90,97,100,103,107,109,113,114,117,119,121,123,126,127,131,134,135,137,145,147,148,151,154,158,161,167,168 "140";
141 6 0 7,8,10,17,20,23,29,36,40,42,44,47,48,50,52,57,61,62,64,67,71,76,78,81,84,90,103,104,110,112,116,117,118,120,123,132,134,135,140,144,145,147,152,164,168,171 "141";
142 59 1 0,3,7,10,12,15,20,21,24,26,29,31,38,40,44,45,47,53,56,61,69,72,79,83,85,91,92,98,99,102,104,113,115,117,121,122,125,127,130,132,135,138,139,144,148,149,151,154,155,157,160,164,173 "142";
143 57 0 4,9,12,13,18,19,27,39,61,63,68,71,74,80,84,86,90,92,95,96,102,111,112,115,116,132,134,136,139,143,144,148,154,156,160,161,174 "143";
144 93 0 0,1,4,9,12,13,15,16,19,26,29,31,34,36,38,40,41,44,46,47,54,59,61,62,63,68,72,73,75,77,79,81,85,90,91,93,96,97,100,102,108,111,113,116,117,122,129,130,133,137,139,141,143,149,151,154,156,158,161,164,166,168,170 "144";
145 142 0 2,4,6,7,8,9,13,14,16,20,23,25,28,29,31,33,34,36,37,41,43,50,51,53,57,60,62,64,65,66,69,70,74,75,77,83,87,88,90,95,97,99,103,105,109,113,114,116,120,121,123,127,130,132,135,138,141,142,145,147,149,150,152,154,156,158,159,163,166,167,169,174 "145";
146 12 0 1,56,106,121,174 "146";
147 2 1 0,3,7,8,10,11,13,14,15,17,19,20,25,26,28,29,30,32,34,37,39,40,43,47,49,51,54,57,58,60,61,62,63,67,69,71,76,77,79,81,84,86,88,90,93,97,99,100,102,103,106,108,110,111,115,116,120,121,124,127,131,132,133,139,140,141,153,154,156,157,159,161,164,165,169,171,174 "147";
148 14 1 4,6,9,11,19,20,22,25,26,28,30,33,37,39,40,42,49,53,58,60,64,70,77,83,84,90,91,94,97,101,106,108,113,116,126,127,133,137,141,154,155,158,161,162,164,172,174 "148";
149 95 0 9,13,32,42,45,57,70,72,75,81,86,91,94,98,114,115,117,124,133,139,141,142,151,152,156,157,159,164,167,168 "149";
150 92 1 8,15,16,18,21,23,37,40,51,65,67,69,75,76,78,85,87,93,94,96,99,101,103,104,112,117,125,127,134,138,152,154,155,160,162,167,170 "150";
151 61 1 0,2,5,8,18,20,24,27,29,32,34,36,38,39,43,45,47,49,50,51,53,57,59,61,64,66,67,70,71,73,82,84,85,86,87,89,95,97,98,103,108,111,112,116,118,119,121,123,127,130,132,133,138,140,143,144,146,149,150,157,159,168,171,172,174 "151";
152 150 1 4,19,27,33,46,55,74,78,85,88,91,104,137,143,147,166,170 "152";
153 3 1 16,19,23,29,51,55,62,66,75,96,98,99,108,113,114,127,129,136,138,142,154,156,157,173 "153";
154 132 1 3,6,8,9,11,13,24,26,28,33,36,37,39,40,46,48,49,51,52,54,57,58,65,71,74,76,78,84,86,89,90,94,98,99,101,103,106,108,110,112,114,118,119,122,124,126,129,132,133,140,142,143,145,146,149,151,154,157,161,163,164,165,167,169,170,174 "154";
155 62 0 6,14,23,33,36,45,73,80,81,85,89,123,141,142 "155";
156 174 1 1,5,8,10,13,17,18,20,22,23,25,27,31,36,39,44,48,54,56,57,58,61,64,67,69,71,72,77,78,81,86,88,90,92,94,98,100,102,107,109,112,115,117,118,120,124,125,126,127,128,134,137,140,143,144,148,150,151,153,155,164,168,170,171,172 "156";
157 174 1 0,2,4,5,8,11,12,13,16,18,21,23,25,28,31,34,35,44,46,49,50,53,56,58,61,63,67,75,76,77,79,80,81,83,84,86,95,96,105,107,108,111,114,119,122,123,124,126,128,129,131,132,134,135,137,138,140,142,147,149,153,155,160,161,163,164,168,169,172,174 "157";
158 128 0 1,4,8,13,14,16,18,20,23,24,29,46,48,52,58,77,89,91,92,97,99,106,117,119,125,131,132,139,142,144,150,152,155,158,162,168,173 "158";
159 40 0 0,3,5,11,14,18,20,22,25,27,29,32,37,39,43,44,49,50,53,54,56,62,64,65,67,68,69,71,73,79,84,85,86,89,95,97,101,102,103,104,106,108,109,111,112,114,116,120,123,129,131,138,139,145,147,149,152,153,157,159,161,163,168,170,171,173 "159";
160 128 1 0,3,6,12,15,19,21,23,27,32,34,35,36,41,44,54,57,59,60,63,64,72,75,81,83,89,90,94,96,97,99,101,102,104,118,123,125,127,130,136,142,143,148,152,153,158,159,169,172 "160";
161 14 1 13,17,54,74,82,84,108,115,124,133,144,153,157,171 "161";
162 30 1 0,1,8,9,12,14,17,21,22,25,28,30,31,34,40,42,43,45,50,51,59,61,63,68,70,73,74,80,82,87,91,93,102,110,111,113,117,118,122,124,125,128,134,136,139,140,142,145,147,148,150,159,162,164,168,174 "162";
163 88 1 14,28,32,42,52,70,79,85,110,111,158,171 "163";
164 164 0 2,8,23,24,26,30,36,38,41,45,47,48,51,55,57,63,68,78,80,82,85,88,89,95,103,106,108,111,117,124,136,141,143,148,154,155,158,160,161,164,166,167 "164";
165 174 0 0,13,15,16,18,23,45,50,53,57,69,70,77,88,90,97,102,104,106,115,123,124,129,136,141,150,154,158,162,165,170,172,173 "165";
166 75 0 0,2,3,6,11,14,19,21,23,27,34,35,36,38,46,59,63,67,74,76,88,90,91,92,96,100,102,105,107,108,111,112,117,120,122,124,126,127,132,136,139,141,146,147,148,150,154,155,158,160,163,164,166,170 "166";
167 143 1 0,3,4,5,7,11,12,16,20,21,22,25,31,39,44,48,49,53,54,56,61,64,66,68,75,79,81,82,84,90,91,93,94,104,106,111,112,116,124,131,134,135,139,141,145,147,148,150,152,154,157,158,160,162,164,167,168,169,170,172 "167";
168 155 0 4,7,20,24,29,31,43,46,54,56,65,67,70,75,77,89,92,95,99,104,116,123,126,135,143,150,154,169,173 "168";
169 137 1 10,60,71,107,121,135 "169";
170 154 1 0,3,5,9,12,16,21,27,31,33,35,38,41,44,45,55,60,63,66,68,69,73,76,77,92,100,101,103,110,111,112,115,118,120,121,127,129,130,133,136,143,144,145,149,150,154,162,166,168,173 "170";
171 60 0 1,21,37,40,47,93,134,156,172 "171";
172 123 1 3,8,12,15,19,27,28,32,35,36,39,43,45,50,53,56,57,64,67,70,72,73,78,80,83,85,87,93,94,97,100,104,107,110,111,113,118,120,125,126,128,136,139,140,142,144,145,147,152,154,158,160,163,165,168,169,172,174 "172";
173 163 1 0,2,4,6,10,12,24,30,32,35,36,38,40,43,46,49,52,54,59,67,70,72,73,75,77,81,84,89,90,104,107,115,117,121,126,129,134,138,142,146,152,158,160,165,167,173 "173";
174 85 0 1,6,9,11,12,15,17,21,22,24,27,31,35,37,39,42,44,49,50,54,56,60,61,63,64,67,68,69,71,73,77,79,84,86,89,90,93,94,96,97,102,104,105,111,114,120,121,124,125,127,128,132,133,135,138,144,145,147,150,151,154,156,161,169,171,174 "174";
