parity 179;
0 148 0 2,5,8,10,12,16,18,23,24,25,31,33,38,40,41,48,49,51,53,55,56,62,63,65,75,76,80,83,84,87,92,94,95,96,98,99,104,111,115,119,122,133,135,140,144,146,148,158,163,165,166,167,168,170,171,174,177 "0";
1 75 0 0,6,7,9,14,18,20,25,34,45,51,53,69,74,79,80,84,85,89,95,102,104,108,116,118,119,120,127,128,132,142,145,147,167,168,171,173 "1";
2 37 1 0,1,2,7,9,12,15,25,29,31,37,39,41,43,46,48,50,53,56,57,61,62,65,70,72,73,74,75,80,83,84,85,93,95,96,101,103,106,109,111,114,115,118,119,122,123,126,128,131,137,139,142,144,145,149,150,151,154,157,161,162,165,166,168,170,172,178,179 "2";
3 6 0 14,24,53,59,77,83,84,123,128,146,148,173,174 "3";
4 75 0 0,2,7,9,10,17,18,22,28,29,30,32,34,37,38,41,43,44,45,48,52,53,55,59,60,63,64,65,68,69,71,77,79,81,82,84,88,89,92,98,107,111,113,116,118,120,123,125,127,130,132,135,138,141,142,143,146,148,150,152,153,156,160,162,165,167,169,170,173,176,177,178,179 "4";
5 164 1 2,4,7,9,11,13,17,20,21,24,27,29,30,33,35,37,38,40,46,51,52,53,56,62,63,64,65,69,71,75,76,77,79,80,83,85,87,89,90,92,99,100,103,105,106,110,111,113,119,121,122,126,129,131,135,136,138,140,142,144,146,150,153,158,160,165,167,168,170,172,176,177,179 "5";
6 79 0 14,26,35,73,75,90,92,143,153,174 "6";
7 53 0 8,10,30,35,43,49,63,65,69,76,77,85,91,118,123,125,132,139,140,143,146,157,161,165,175 "7";
8 21 0 1,4,13,28,29,32,33,39,40,46,51,54,58,62,64,66,69,74,77,83,93,98,106,108,110,111,114,115,120,125,130,136,144,156,161,166,170,172,174 "8";
9 5 1 0,1,4,5,7,8,11,13,15,16,21,24,30,31,33,34,37,38,40,41,43,45,47,50,51,52,53,55,57,59,61,65,67,68,70,71,73,76,81,84,86,87,94,95,97,99,102,103,104,105,106,111,112,113,116,120,121,123,124,126,128,131,137,140,141,144,145,147,152,153,155,157,159,164,168,170,172,174,176,179 "9";
10 106 1 4,5,6,10,13,14,17,19,30,37,41,46,50,51,54,61,65,79,81,87,95,102,120,123,125,129,145,147,163,165,173,177 "10";
11 67 1 1,3,9,11,14,15,17,18,22,23,25,27,28,31,33,39,40,43,45,47,48,49,50,51,55,59,62,64,70,71,74,75,77,79,82,84,85,89,91,92,96,98,100,102,105,107,108,109,112,113,115,118,121,122,124,125,127,128,129,132,135,137,140,144,147,148,151,152,155,157,158,163,165,168,169,170,172,176,178 "11";
12 92 0 0,1,8,10,11,12,14,16,17,18,20,21,24,27,29,32,33,35,39,44,46,48,49,54,55,58,59,61,64,68,69,70,72,78,79,81,83,84,85,87,90,91,94,96,98,100,103,105,107,110,111,113,115,117,119,120,122,123,124,128,132,133,134,137,143,147,152,153,155,158,159,168,174,176,178 "12";
13 122 1 2,8,10,20,25,43,64,67,80,89,101,120,123,127,133,136,156,165,176,179 "13";
14 29 0 1,3,6,10,11,12,16,21,25,26,32,33,38,40,41,46,47,49,51,54,57,60,62,66,69,70,72,74,75,77,85,90,92,97,99,101,104,109,117,119,123,124,125,126,128,130,132,134,135,137,139,144,149,155,159,163,164,169,172,176,179 "14";
15 97 0 3,7,9,11,13,17,18,21,26,29,32,35,36,39,42,43,45,46,48,49,51,53,54,56,57,60,61,62,65,67,69,71,74,75,78,80,84,85,88,89,91,95,99,100,104,107,110,113,114,116,118,121,124,127,129,132,135,136,139,140,143,145,149,153,155,157,159,161,166,167,168,170,171,174,175,178 "15";
16 63 1 0,1,4,6,9,10,12,14,16,17,19,20,22,23,31,34,36,37,39,41,42,44,46,51,52,54,55,58,60,62,63,64,67,68,71,72,74,77,79,80,81,84,86,87,91,93,94,99,100,102,104,107,109,111,116,117,118,120,121,127,129,132,133,135,138,141,142,144,147,148,150,152,154,156,159,160,162,164,165,166,167,170,172,176,177,178 "16";
17 87 1 2,4,15,17,20,24,35,41,48,52,62,73,89,97,104,105,134,141,170 "17";
18 99 0 5,22,31,41,43,56,71,72,73,78,99,100,105,107,110,112,114,139,147,149,159,160,171,177,178 "18";
19 5 0 0,2,9,15,19,20,22,24,27,28,29,30,32,33,35,38,40,42,44,46,56,59,63,66,71,74,76,79,81,85,88,93,96,101,106,108,112,114,116,121,126,129,132,136,140,145,147,148,150,151,153,157,159,162,163,164,167,168,173,176,177,178,179 "19";
20 35 1 0,1,2,4,5,6,8,10,11,14,15,24,25,26,29,31,32,34,36,40,41,44,45,47,49,50,51,55,57,59,60,62,65,66,67,68,69,73,74,75,76,79,81,86,88,94,99,101,102,104,107,108,111,112,114,115,116,118,120,123,124,125,128,129,131,133,135,137,139,141,144,146,147,148,150,151,152,155,160,161,163,166,168,169,171,174 "20";
21 85 0 0,3,5,11,15,16,18,20,22,24,25,27,28,30,34,36,40,41,43,44,46,49,53,57,59,60,61,63,65,70,71,74,75,81,89,90,91,93,96,98,100,101,102,103,106,107,111,112,113,115,118,120,123,127,131,133,135,137,138,144,146,154,155,160,163,165,166,172 "21";
22 107 1 0,4,7,9,10,12,13,15,17,18,20,21,23,29,31,35,37,40,44,47,51,53,58,60,64,66,70,71,73,74,77,80,82,85,87,88,90,94,95,98,99,101,104,106,107,113,114,116,117,122,123,126,130,135,136,138,140,141,143,144,146,150,152,154,155,159,165,167,168,171,173,174,175,177,178 "22";
23 20 0 4,42,55,81,90,108,163,166 "23";
24 11 0 107,110,172 "24";
25 176 0 6,11,16,18,22,28,32,39,41,43,55,59,65,68,76,83,90,92,94,96,104,106,108,111,112,116,118,121,124,127,131,138,140,145,149,154,157,170,176 "25";
26 159 1 15,20,22,27,29,30,38,44,46,48,53,62,63,78,81,91,92,93,95,100,105,108,110,113,115,116,118,130,135,137,139,154,159,167 "26";
27 156 0 0,8,9,11,16,20,21,23,24,26,28,30,31,34,37,40,42,43,47,49,50,52,53,56,58,63,70,72,73,75,80,82,85,88,89,92,94,95,98,102,104,109,113,114,115,120,123,125,126,132,135,137,140,142,143,146,148,149,152,153,156,157,159,162,163,166,168,170,171,174,177,179 "27";
28 40 0 29,49,52,54,79,104,127,148,161,168 "28";
29 159 0 1,3,5,7,9,11,15,18,21,22,24,25,27,29,30,38,44,46,47,53,54,57,58,59,61,63,66,67,70,71,75,80,83,84,88,92,97,102,106,108,110,111,115,119,128,130,131,133,147,148,152,153,154,158,160,162,168,170,172,175,178,179 "29";
30 92 0 2,5,7,10,12,13,16,18,20,25,29,31,32,34,42,49,51,56,64,67,70,75,77,78,79,81,88,91,92,94,95,97,100,102,106,108,110,112,114,116,118,121,133,138,142,144,147,148,153,155,159,161,164,168,174,178 "30";
31 162 1 0,1,3,4,7,10,12,15,18,20,22,27,28,30,31,32,33,34,37,38,39,41,45,49,50,52,53,55,58,62,64,67,72,73,75,77,78,79,81,84,86,87,90,93,99,100,102,104,107,112,113,115,116,118,120,121,122,125,126,127,128,130,134,135,137,138,143,144,145,152,153,158,160,161,163,164,166,167,169,171,173,174,178 "31";
32 98 1 24,69,74,78,98,105,113,121,124,127,131,135,149,161 "32";
33 160 0 1,5,9,11,13,17,18,20,22,23,25,27,31,32,34,36,39,40,41,44,45,47,49,51,55,57,58,60,61,64,65,67,70,72,74,77,79,80,81,84,86,88,89,92,93,95,97,99,101,102,105,107,108,109,111,113,114,118,120,122,123,126,129,131,134,136,139,141,143,145,149,151,152,156,157,159,160,162,163,166,168,170,171,173,175,177,178,179 "33";
34 119 0 2,4,7,12,17,22,25,31,34,39,45,47,53,58,59,62,64,65,66,69,72,76,77,81,86,90,91,105,110,113,125,133,137,138,140,144,147,149,155,156,161,163,165,172,174,175,178 "34";
35 11 1 24,26,40,61,67,70,77,102,111,124,125,131,149,154,179 "35";
36 178 0 13,24,27,29,30,41,45,52,61,68,79,84,92,98,107,111,113,116,119,132,148,149,168 "36";
37 38 1 2,4,6,9,12,16,18,19,21,24,25,29,30,32,35,41,45,49,51,57,64,65,69,75,87,89,95,102,104,109,115,116,118,123,134,138,140,144,145,153,154,156,162,164,165,172,176,178 "37";
38 86 0 0,1,3,4,5,6,8,9,12,13,15,19,22,25,27,29,33,36,38,40,41,45,47,49,50,51,55,56,58,59,60,62,65,67,68,70,73,75,77,78,79,81,82,85,87,91,92,94,96,98,100,101,104,105,107,108,110,112,113,115,116,118,120,122,123,126,129,130,133,135,137,139,142,144,146,150,152,154,157,160,161,162,164,166,167,169,171,173,176 "38";
39 154 0 2,4,15,18,21,26,30,32,37,39,41,42,44,47,49,53,56,59,63,65,70,71,74,79,81,85,87,88,95,98,102,105,107,110,113,116,118,119,122,124,125,126,129,135,142,145,153,155,158,161,162,163,166,170,174,179 "39";
40 122 1 3,4,18,26,46,47,48,59,71,73,77,81,89,90,92,114,117,131,141,158,165 "40";
41 164 1 4,11,16,17,28,32,35,37,42,45,47,52,56,62,68,71,73,75,77,80,84,91,95,97,102,104,108,121,127,134,136,138,141,144,146,148,155,158,167,173,177 "41";
42 41 0 0,3,8,9,12,14,16,19,20,22,25,30,33,38,40,42,43,45,48,54,55,56,57,59,62,76,78,79,83,86,90,92,94,104,109,111,116,118,122,126,128,131,134,135,138,140,144,146,148,150,152,153,158,159,161,164,166,168,169,171,172,178,179 "42";
43 14 0 4,6,9,11,16,24,28,31,33,35,42,45,50,51,55,61,63,65,67,70,72,73,74,79,80,83,91,92,94,96,97,100,103,108,109,115,116,117,124,127,135,136,137,140,147,148,150,152,154,157,159,161,165,166,168,172,175,176,178,179 "43";
44 78 1 0,1,6,8,10,11,12,13,16,18,21,25,29,30,32,34,35,37,45,46,47,50,56,58,59,62,65,67,69,71,75,77,79,81,83,86,90,92,94,96,97,98,101,103,106,109,114,118,120,123,125,127,131,133,135,141,143,145,147,148,150,152,154,157,158,162,163,164,169,170,171,173,176,178 "44";
45 25 0 2,5,8,11,16,18,19,20,22,23,28,29,34,36,37,41,44,47,49,50,51,55,57,58,63,65,68,69,73,76,81,85,87,92,95,98,100,103,106,109,111,116,119,120,122,125,128,129,134,136,138,139,145,147,149,151,155,156,160,162,164,166,167,169,175,176,177 "45";
46 15 1 0,1,5,6,7,11,12,13,18,23,25,26,28,30,31,34,36,39,40,44,45,50,55,60,61,63,65,66,68,70,72,78,81,83,85,86,88,92,93,96,98,99,100,106,107,109,110,113,117,119,121,123,125,127,130,133,137,139,141,142,144,149,151,152,155,156,158,160,163,164,166,171,173,175,177 "46";
47 110 0 14,31,65,86,90,104,106,117,131,136,177 "47";
48 125 0 3,7,9,13,21,23,26,31,34,38,42,45,49,52,57,60,61,64,65,67,69,74,75,76,86,87,91,92,94,97,99,102,104,106,109,111,116,124,126,127,132,133,135,151,153,155,164,165,173,178 "48";
49 97 0 3,13,19,22,30,31,38,41,44,47,50,54,68,70,74,77,83,91,95,96,103,114,116,124,125,130,136,141,143,145,148,149,154,155,166,169,170,172,177,179 "49";
50 0 0 0,3,5,7,8,11,34,37,42,45,47,51,57,59,61,66,67,71,78,80,83,84,86,89,92,94,97,99,105,108,113,115,117,119,124,129,142,145,146,167,173,176 "50";
51 148 1 0,7,10,12,19,31,42,56,59,67,90,100,116,118,127,132,139,145,150,152,156,168 "51";
52 18 0 4,12,95,99,110,176,179 "52";
53 168 0 0,1,8,10,12,16,19,20,26,29,30,31,32,37,39,41,43,45,46,49,50,52,53,56,57,59,60,63,68,72,74,77,78,81,83,85,89,90,92,93,97,98,100,102,112,113,117,119,120,122,124,127,130,131,136,137,140,145,146,149,151,153,155,158,159,161,163,164,165,167,169,170,174,175,179 "53";
54 134 1 5,10,24,26,30,39,47,52,55,57,61,62,64,65,67,74,76,78,84,86,91,93,101,110,114,115,117,118,122,126,127,134,151,154,156,158,168,169,171,174 "54";
55 35 0 2,3,4,6,7,8,11,13,16,17,19,22,23,30,32,34,35,38,40,42,44,45,46,48,51,52,54,55,57,58,60,61,63,65,66,67,71,72,73,76,78,79,81,83,86,88,94,96,98,102,104,106,108,109,112,114,115,117,121,122,125,128,131,132,133,137,141,142,144,145,146,148,152,154,157,158,160,161,163,166,167,171,172,175,177 "55";
56 93 1 5,7,11,14,17,24,33,34,36,38,42,43,52,59,64,68,70,72,75,76,81,84,86,89,91,95,97,99,102,104,108,115,118,119,122,123,127,130,131,142,145,155,160,162,170,172,178 "56";
57 144 1 1,6,7,11,12,16,17,22,25,26,28,29,30,34,36,43,49,54,58,63,68,76,81,87,90,92,95,98,101,103,106,107,109,112,118,119,120,122,123,125,126,127,131,139,140,141,143,144,145,152,155,156,158,160,162,166,169,170,178,179 "57";
58 113 0 13,22,34,145,150,159,162,168 "58";
59 15 1 7,44,45,65,78,93,141,142,144,154,172,176 "59";
60 171 1 9,16,18,20,22,31,49,51,68,76,94,101,109,114,115,121,123,132,143,147,148,153,158,175 "60";
61 141 0 0,2,5,7,8,12,14,15,17,19,20,22,24,26,29,31,33,35,36,38,39,40,42,44,45,48,49,52,53,54,58,59,64,67,70,73,74,76,79,81,91,93,94,95,98,99,100,107,108,110,112,113,116,119,120,123,125,127,128,129,132,134,136,138,140,142,143,144,146,147,149,152,153,156,158,161,163,165,168,170,172,174,175,176 "61";
62 21 0 3,48,88,109,116,160,173 "62";
63 50 0 5,6,25,29,35,44,46,49,55,64,78,80,88,91,96,99,100,103,109,111,115,117,123,125,126,128,139,141,151,154,171,174,175 "63";
64 87 1 2,6,7,9,14,34,36,85,93,99,131,133,174 "64";
65 169 1 9,14,16,20,29,33,35,38,43,67,69,133,138,156,160,161,176 "65";
66 12 1 3,4,5,7,8,9,10,11,13,17,26,29,32,33,38,45,46,50,54,56,60,61,63,68,69,72,74,78,80,85,87,93,94,96,97,102,103,104,107,108,115,117,118,119,122,125,129,136,139,141,146,150,155,156,163,165,166,169,171,173,179 "66";
67 39 1 7,8,14,17,19,21,23,25,27,28,29,34,42,47,50,54,59,68,73,78,83,84,88,91,95,100,104,109,113,115,116,118,120,126,130,134,136,142,144,146,148,150,151,154,156,160,162,165,171,172,179 "67";
68 29 0 0,8,10,21,29,35,39,42,46,57,64,68,71,78,86,90,92,94,95,98,102,104,142,149,153,155,156,160,164,165,166,172 "68";
69 152 1 3,5,8,12,15,18,23,24,27,28,31,33,36,38,39,41,43,48,50,53,58,64,67,73,78,81,83,87,90,91,92,96,99,101,103,110,112,113,114,117,118,119,122,124,125,127,130,134,135,138,141,144,146,149,151,154,155,156,163,164,166,168,174,176,179 "69";
70 16 0 0,2,3,10,11,13,16,20,21,24,26,28,31,32,34,36,40,41,43,44,45,47,49,51,52,53,55,58,59,62,65,66,69,70,71,73,74,77,78,79,81,82,86,89,90,92,97,99,100,102,105,107,108,112,113,115,118,119,121,122,125,126,127,129,131,133,135,139,140,141,143,145,147,151,153,154,156,158,161,163,164,165,166,169,170,171,172,174,176,177 "70";
71 106 0 0,3,5,6,7,8,10,13,15,16,18,19,21,25,29,31,33,36,39,42,44,46,49,53,61,65,67,71,72,73,80,85,88,91,92,95,105,107,110,114,120,123,124,126,129,131,133,137,140,142,147,152,154,158,160,161,164,165,167,171,177,178 "71";
72 17 1 0,1,3,4,6,11,12,13,16,18,20,23,24,25,37,40,43,47,48,60,64,74,75,80,99,101,105,114,118,121,127,129,131,133,152,154,156,158,161,165,168,175,178 "72";
73 79 0 0,2,3,9,11,19,21,25,29,32,35,41,44,46,50,51,55,56,68,73,78,81,84,85,87,89,94,99,100,102,106,107,109,114,115,116,118,122,124,127,129,132,134,135,136,139,140,144,145,153,157,159,160,162,164,165,169,173,175,176,178,179 "73";
74 67 0 15,23,36,40,46,52,69,86,96,99,128,130,139,167 "74";
75 111 1 2,4,5,8,9,10,13,18,19,22,23,24,27,28,31,32,35,38,40,41,43,44,48,49,51,53,54,55,60,63,65,67,68,70,72,73,74,76,77,78,80,82,84,85,86,91,94,95,98,101,104,106,107,109,111,112,114,115,116,119,122,125,126,128,130,132,133,136,138,143,144,146,148,151,153,155,157,160,161,164,165,166,168,169,171,172,175,178,179 "75";
76 151 1 12,23,30,46,59,64,71,96,99,102,107,115,118,129,140,147,165,179 "76";
77 133 0 0,2,4,5,8,10,11,13,20,22,27,30,31,35,39,44,53,60,63,64,67,71,73,74,78,80,82,84,86,92,93,95,97,105,107,108,111,113,123,124,129,130,133,134,135,137,139,141,147,152,159,162,163,164,169,170,172,177,179 "77";
78 115 1 3,8,11,12,14,17,24,27,31,32,36,38,40,43,46,50,53,57,60,63,65,66,69,72,75,77,79,81,84,88,90,92,94,95,98,99,103,105,107,108,110,112,115,116,118,119,121,123,131,133,135,137,139,142,147,149,151,154,160,163,164,168,169,170,174,175,176,179 "78";
79 165 0 3,5,7,9,12,13,14,17,19,21,24,26,29,31,32,36,38,40,41,43,44,47,48,49,51,53,56,62,63,69,73,75,78,79,81,86,88,91,96,100,101,103,104,105,107,111,117,118,119,121,122,123,124,126,127,128,131,132,134,135,137,141,143,145,147,148,150,152,153,155,157,158,161,162,165,168,169,172,174,177,179 "79";
80 105 0 0,3,10,11,21,29,44,52,55,68,76,79,87,92,94,95,110,127,129,143,148,150,154,155,163,171 "80";
81 169 0 4,5,8,15,16,19,21,25,37,49,71,82,86,89,97,106,108,116,117,127,128,134,155,171,173,174,178 "81";
82 91 1 3,5,6,15,18,19,21,29,32,36,41,43,48,50,53,57,60,64,66,70,74,77,78,83,86,87,94,96,99,101,105,106,107,111,116,118,129,130,131,135,136,137,145,148,150,152,155,158,162,164,168,170,172,174 "82";
83 70 0 0,2,9,11,17,22,23,26,27,30,32,33,36,38,39,44,45,49,52,61,62,64,66,67,69,72,78,87,89,91,96,101,104,108,110,111,113,115,116,122,123,128,130,134,135,136,139,140,142,146,148,150,152,155,156,158,159,162,164,166,170,172,173,174,179 "83";
84 3 1 0,2,4,13,15,21,27,28,34,37,41,45,46,51,52,55,57,58,61,68,74,75,77,78,80,83,91,94,95,97,101,107,108,110,115,120,125,128,131,140,141,144,145,147,150,157,160,163,170,172,175,176 "84";
85 45 0 11,16,26,34,37,43,50,53,54,68,69,76,82,88,96,111,116,118,143,152,156,160,165,167,168,170 "85";
86 152 0 16,101,141 "86";
87 179 1 1,4,6,8,15,18,21,23,24,26,29,38,39,47,49,51,56,58,60,62,63,65,68,77,86,87,91,100,101,107,109,112,118,120,121,123,125,127,129,133,136,142,148,149,152,156,161,163,164,165,167,168,170,172,178 "87";
88 146 0 1,3,4,5,11,12,15,17,19,22,24,25,26,34,35,38,41,43,49,51,53,54,56,58,60,61,64,68,69,73,74,75,77,80,86,87,89,94,96,97,99,101,102,103,105,108,109,112,118,120,122,124,125,128,129,131,135,136,137,139,141,142,147,149,153,155,158,159,161,162,164,165,167,169,172,173,175,176,178,179 "88";
89 152 1 2,3,4,6,8,10,12,13,15,16,17,19,21,23,27,29,31,32,34,40,41,42,44,45,50,55,57,58,60,65,67,70,73,74,79,81,86,87,91,92,95,97,100,102,104,106,107,108,111,113,114,116,121,123,125,127,128,130,133,134,138,140,141,146,148,150,153,159,161,164,167,169,170,171,174,177,178,179 "89";
90 93 0 21,27,57,62,86,106,125,130,155,159 "90";
91 180 1 4,8,12,17,52,54,63,66,78,96,97,106,126,127,130,146,156 "91";
92 117 1 5,7,13,35,40,44,45,47,48,57,64,73,76,79,81,83,93,98,101,104,108,111,116,133,138,140,146,152,154,157,165,169,178,179 "92";
93 117 1 1,8,10,17,18,21,26,27,47,51,58,61,64,67,71,96,104,111,116,118,120,128,131,134,140,141,143,147,148,150,152,154,160,164,168,176 "93";
94 73 0 0,2,3,4,7,8,10,12,13,15,16,18,19,20,27,28,30,32,36,37,38,40,42,45,47,48,50,52,53,55,57,60,61,64,65,67,69,71,73,74,75,76,77,79,82,84,85,88,92,93,95,97,98,100,101,108,109,111,114,119,120,124,126,127,128,130,131,133,137,140,141,145,147,150,152,153,156,158,159,161,164,169,171,174,176,179 "94";
95 20 1 4,12,17,19,22,24,28,31,32,35,41,47,53,60,61,62,64,67,78,79,85,96,117,124,131,132,135,137,143,144,147,151,156,159,167,169,175 "95";
96 42 1 0,18,24,39,42,45,52,54,65,67,107,117,118,123,125,126,135,143,152,167,172 "96";
97 113 1 0,1,6,10,12,16,22,23,27,35,37,41,45,50,52,55,59,61,65,67,72,76,78,82,87,90,92,93,97,102,105,107,111,116,119,127,138,141,142,145,158,161,166,169,171,175,176 "97";
98 106 1 1,2,6,8,14,19,22,24,28,33,38,43,51,53,66,70,73,80,85,107,113,120,128,130,132,138,141,153,162,165,168,170,177,178 "98";
99 67 0 13,40,73,89,101,105,108,110,114,137,149,154,159,165,175 "99";
100 116 0 3,4,9,11,13,17,24,26,28,33,36,41,54,59,61,62,65,70,80,84,87,88,98,101,105,109,113,114,117,123,124,131,132,134,144,148,154,157,163,166,168,170,172 "100";
101 179 1 5,12,14,17,18,22,26,29,33,36,38,40,46,47,50,52,55,56,62,68,69,72,77,78,82,87,90,95,97,98,101,104,106,107,111,118,119,121,122,127,136,139,145,148,152,153,155,158,162,164,173,174,178 "101";
102 123 0 1,3,7,12,15,21,29,36,44,50,59,63,66,68,79,86,87,108,115,139,144,154,160,170 "102";
103 29 0 1,4,7,11,17,18,24,25,27,36,37,40,56,58,65,66,67,72,78,83,86,87,93,102,105,107,113,117,119,120,122,124,136,138,142,148,153,162,164,169,174 "103";
104 8 1 0,4,7,9,23,32,34,40,51,58,61,71,73,76,87,92,95,106,113,118,126,135,149,151,162,168,170 "104";
105 63 1 4,8,15,23,24,25,28,31,35,38,41,42,44,47,53,55,57,63,69,75,77,81,83,98,100,110,117,121,124,155,158,160,164,166,170,176 "105";
106 114 0 1,26,36,46,55,62,98,107,112,122,136,146,160,169 "106";
107 92 0 10,12,29,38,58,60,68,77,81,85,86,110,112,116,136,142,153,154,157,177,178 "107";
108 46 1 1,4,6,8,18,23,24,31,35,37,39,44,46,53,56,64,67,70,74,79,82,83,86,89,90,92,93,96,100,104,108,116,118,124,127,128,129,133,135,136,138,142,147,150,152,154,168,170,172,173,175,179 "108";
109 130 1 0,3,5,8,13,14,18,19,21,24,25,27,28,29,30,37,39,40,45,46,48,54,56,61,63,65,69,75,79,80,81,85,88,98,107,108,109,113,114,119,122,124,129,133,135,137,142,143,155,159,163,170,176,179 "109";
110 176 0 2,3,6,7,10,11,15,17,18,20,21,23,25,26,29,31,32,33,35,36,41,44,46,50,51,54,56,57,59,61,63,64,66,68,70,72,75,77,78,80,82,83,85,87,90,94,98,99,102,103,105,106,108,110,115,117,121,123,124,125,127,128,129,131,132,134,137,138,140,142,144,146,148,150,151,153,154,157,159,161,162,164,167,170,171,173,179 "110";
111 143 1 74,101 "111";
112 160 1 2,4,9,12,14,17,27,28,30,31,33,35,37,38,42,46,48,50,58,60,62,65,68,70,71,73,75,77,79,81,83,84,85,95,98,101,102,104,106,122,125,127,131,133,139,148,149,151,152,155,162,163,164,165,166,176 "112";
113 99 1 0,13,15,20,24,35,45,49,51,57,76,77,83,95,102,103,107,118,123,125,128,131,132,134,140,142,143,145,153,154,158,162,164,179 "113";
114 146 1 1,3,9,14,17,20,30,42,46,47,62,65,72,76,79,81,85,86,87,92,106,112,113,122,131,139,144,152,164,174,179 "114";
115 9 1 1,6,14,17,19,20,31,32,34,36,38,39,45,46,50,52,58,60,63,64,66,70,71,73,76,81,83,84,89,92,93,95,98,100,101,108,110,112,113,116,119,120,127,129,131,133,138,139,141,146,148,153,155,157,160,165,170,172,175,177,179 "115";
116 153 0 0,2,4,6,11,12,14,15,18,21,22,23,26,30,33,34,35,38,40,42,44,45,47,49,54,57,58,60,61,64,66,68,69,73,75,76,77,79,80,81,83,84,85,87,90,92,93,96,98,99,102,104,107,108,115,119,121,123,125,126,128,130,133,139,141,142,146,148,149,152,156,157,158,163,165,168,169,170,172,174,175,179 "116";
117 7 0 17,25,52,56,70,72,73,81,84,88,95,101,109,112,126,142,169 "117";
118 133 0 0,3,8,13,17,21,23,26,29,34,35,42,57,61,68,70,72,74,80,82,84,85,94,101,103,106,111,112,116,119,125,129,132,135,137,139,142,143,145,157,159,161,166,167,168,174 "118";
119 153 0 13,25,30,34,49,54,56,68,72,110,135,144,171,174,179 "119";
120 21 1 0,1,4,6,12,13,16,19,24,25,28,30,31,34,35,37,42,50,51,55,56,59,60,68,69,72,77,78,80,82,89,92,93,96,98,103,104,107,110,111,115,124,125,127,129,133,134,141,144,146,147,149,152,156,158,160,163,169,173,176 "120";
121 105 1 27,36,49,68,93,130,160 "121";
122 171 0 1,3,11,15,22,24,26,32,38,40,43,49,51,52,59,66,69,74,80,88,101,103,105,109,113,114,120,122,125,129,134,143,145,147,158,159,163,164,167,169,173,174,179 "122";
123 133 1 4,6,15,17,19,27,30,32,37,38,42,48,51,53,55,57,60,61,64,65,70,78,83,90,92,94,95,106,116,122,123,128,130,134,147,151,155,160,166,169,172,173,174,176,177 "123";
124 83 1 2,3,11,13,18,20,24,28,33,34,40,42,46,47,48,50,55,62,63,65,68,71,72,74,77,81,90,91,92,112,113,116,119,121,126,130,132,133,138,139,146,147,156,158,160,162,165,170,175,177,178 "124";
125 157 1 0,1,3,5,6,8,9,12,16,17,21,23,25,26,29,30,31,33,34,35,36,38,39,40,42,46,47,49,53,54,55,57,59,62,63,65,67,69,71,78,81,82,85,88,89,90,91,95,96,98,100,101,103,105,107,108,110,112,113,115,116,117,119,121,122,126,128,131,137,138,139,141,144,147,148,149,152,156,160,162,164,167,168,171,173,174,175,177,179 "125";
126 155 0 12,33,45,47,48,63,83,86,152,170 "126";
127 169 0 0,12,14,16,18,21,25,28,30,32,34,36,37,39,42,48,51,55,58,61,63,66,68,70,71,74,75,77,79,83,84,87,90,92,96,98,101,103,105,107,109,110,119,121,124,125,132,134,140,142,146,148,154,157,160,161,169,170,171,172,175 "127";
128 116 0 0,5,8,11,13,15,16,20,24,26,28,33,35,37,44,45,47,48,54,55,59,61,65,66,72,74,78,82,86,88,99,106,107,109,113,122,125,129,134,136,137,142,144,146,153,164,166,167,169,170,174,178 "128";
129 30 1 0,3,5,7,9,12,13,15,16,18,19,21,22,25,28,30,32,35,37,40,41,43,46,47,48,52,54,56,58,59,60,63,64,65,69,70,71,72,74,76,80,81,85,87,89,92,94,96,98,101,102,105,106,108,109,110,112,114,118,121,122,124,128,129,130,133,135,136,137,140,143,146,148,153,154,156,159,161,162,164,166,168,169,170,172,174,175,177,179 "129";
130 178 0 2,5,6,9,13,14,18,19,22,24,26,27,34,37,39,43,52,55,56,66,69,72,83,84,85,87,89,95,102,104,106,107,111,113,116,121,125,128,135,144,147,156,158,161,166,167,170,172,173,177,178 "130";
131 139 1 0,5,7,15,23,26,28,31,34,41,44,46,47,54,58,60,62,67,72,79,81,84,88,90,91,93,96,99,102,109,112,119,120,123,125,128,130,132,135,136,139,142,145,146,152,157,162,165,166,169,177 "131";
132 121 1 1,4,20,24,33,38,42,46,50,53,60,61,65,69,71,74,78,82,84,88,91,95,101,105,109,116,119,126,127,128,131,133,140,144,145,151,158,165,167,171,176 "132";
133 77 1 3,34,36,53,77,130,139,147,158,166,167,172,178 "133";
134 77 0 0,24,43,48,53,69,78,81,85,120,124,146 "134";
135 100 1 3,6,7,9,10,12,14,16,21,26,30,32,33,35,38,39,40,49,50,51,60,63,66,68,70,73,78,85,92,94,96,98,109,111,113,115,117,118,123,126,130,132,133,135,137,140,143,145,146,148,150,155,156,159,160,161,162,165,176,177 "135";
136 148 0 5,6,11,20,25,52,65,67,86,97,100,113,120,130,136,137,140,141,142,145,147,148,151,152,155,156,157,160,177,179 "136";
137 79 1 2,6,8,9,11,13,14,18,24,31,38,40,46,50,53,55,62,63,64,66,71,73,75,78,81,87,88,90,96,97,100,103,104,105,108,112,115,117,119,120,122,126,128,129,130,134,138,139,143,145,147,148,151,154,156,159,161,162,164,167,168,170,172,174,176,177 "137";
138 132 1 5,20,36,45,51,58,80,96,106,109,114,119,139,151,166 "138";
139 36 1 0,1,6,7,8,9,10,14,21,23,31,32,39,49,52,57,61,65,66,69,72,75,78,84,85,92,97,99,101,102,104,107,108,113,115,117,118,119,127,129,134,135,139,147,152,157,158,160,165,170,173,174,176,178 "139";
140 147 0 5,10,11,12,14,16,18,19,21,22,26,28,29,30,31,33,34,37,39,40,42,43,44,46,48,50,54,56,57,60,62,64,77,82,85,86,91,94,96,97,99,103,105,108,109,111,115,120,121,123,127,128,131,133,134,139,141,142,144,146,148,152,154,157,158,159,161,162,164,166,168,171,172,175,178 "140";
141 128 1 1,38,41,45,46,51,61,72,80,89,107,135,136,139,142,152 "141";
142 6 1 4,9,16,20,25,30,36,41,43,46,48,52,60,62,63,65,66,77,80,81,83,87,89,90,93,100,107,115,120,124,127,138,141,142,145,148,150,155,159,164,169,172,174,176,179 "142";
143 163 1 17,25,26,37,51,61,63,77,79,121,126,130,133,135,143,150,154,162 "143";
144 178 0 1,2,3,6,9,14,16,18,20,24,27,28,31,32,34,39,40,42,43,44,47,48,51,52,54,59,62,63,64,66,68,73,80,82,86,88,90,92,96,98,100,101,104,106,111,114,118,119,123,124,125,129,132,137,139,141,142,148,149,151,153,154,156,157,159,162,164,166,168,173,174,175,177 "144";
145 64 0 2,5,8,9,10,12,15,16,17,19,21,23,28,29,30,33,34,35,42,45,55,57,60,61,68,72,77,78,80,83,87,92,95,100,101,102,104,114,115,124,125,132,133,138,141,145,151,152,153,158,159,160,163,164,167,168,170,171,174,177,178 "145";
146 36 1 10,15,20,26,29,31,33,36,39,40,43,48,50,51,53,60,66,67,70,74,75,77,83,89,91,92,96,98,100,103,109,110,116,119,120,125,130,138,141,144,149,151,154,162,164,169,171,176 "146";
147 65 1 0,3,7,10,11,16,20,22,28,33,46,47,52,53,55,62,63,70,75,79,81,82,85,89,93,95,101,103,109,110,116,117,121,122,127,132,138,140,145,149,151,157,161,164,167,174,175,179 "147";
148 56 0 0,1,6,11,12,14,16,18,19,20,22,23,24,26,28,29,31,32,33,36,39,40,43,44,46,48,50,51,52,53,55,57,58,62,66,68,70,71,72,74,76,78,85,87,89,93,97,101,102,104,106,107,108,109,111,112,115,117,119,120,126,127,128,131,134,136,138,140,141,142,150,151,152,155,158,160,165,166,168,170,173,174,177,178 "148";
149 145 0 2,8,9,11,14,16,23,25,30,33,35,36,38,40,42,44,45,48,53,60,61,63,66,71,73,75,77,79,82,85,89,91,94,96,102,104,105,107,109,110,111,115,123,124,131,132,135,137,141,144,145,148,150,151,153,157,160,164,170,176,178,179 "149";
150 12 0 4,27,30,31,37,42,45,57,68,71,74,79,82,83,85,86,89,94,104,110,113,116,130,144,146,150,158,161,173,175 "150";
151 76 1 4,19,37,38,54,61,69,115,123,142 "151";
152 176 0 0,3,9,11,12,13,17,18,21,23,24,25,27,28,29,31,33,35,39,40,41,43,46,48,52,55,56,58,61,62,64,68,71,73,76,80,84,85,86,89,91,93,94,95,98,101,102,105,109,111,112,114,119,124,126,129,132,134,137,139,143,146,147,151,153,157,159,160,161,163,164,166,170,172,176,177,179 "152";
153 37 1 1,3,9,12,16,19,23,24,26,27,32,35,38,41,43,45,59,60,69,72,80,83,85,88,90,94,95,105,109,112,116,118,126,134,136,138,148,156,159,160,164,168,170,174,179 "153";
154 93 1 5,7,8,23,31,38,41,43,47,49,53,61,65,69,77,78,88,89,90,102,104,106,112,122,124,135,137,142,143,151,154,158,167,175 "154";
155 3 0 1,4,5,10,11,13,15,16,20,25,26,28,31,38,40,42,46,48,52,57,60,62,63,69,74,76,78,81,83,85,86,88,94,96,97,100,103,106,107,108,115,116,119,123,126,127,129,130,138,140,142,144,147,149,151,155,159,160,161,164,165,166,170,171,174,175 "155";
156 63 0 1,9,15,21,23,40,43,49,50,68,73,75,77,98,103,114,115,127,137,140,141,144,149,160,173 "156";
157 44 1 0,6,14,17,18,20,24,28,36,43,54,57,63,67,74,76,82,86,87,94,99,102,113,123,127,131,144,147,149,151,152,160,164,166,174,176,177,179 "157";
158 25 1 10,13,16,18,21,25,26,32,33,35,37,40,44,46,53,57,60,67,69,71,73,75,80,83,86,88,89,94,96,97,102,105,106,109,112,116,117,122,125,135,139,141,145,148,150,155,156,159,161,169,171,176,177,179 "158";
159 63 1 4,8,12,30,34,38,39,46,48,52,56,59,61,65,73,81,101,107,109,111,117,119,130,134,135,165,176,179 "159";
160 20 1 0,3,4,6,8,10,11,12,16,17,19,21,22,25,26,29,33,36,42,45,49,53,57,59,61,63,67,68,70,71,73,74,75,78,80,81,84,87,89,90,91,94,96,97,100,101,105,108,109,113,116,120,121,122,124,127,128,130,132,134,136,138,140,142,144,146,155,157,161,163,165,166,167,169,170,171,174,176 "160";
161 8 0 21,79,81 "161";
162 38 1 4,6,14,16,20,22,26,28,33,35,43,49,51,64,65,71,82,84,91,92,94,99,100,101,106,110,119,122,123,125,130,136,140,141,142,144,146,148,153,159,162,166,167,171,172 "162";
163 57 1 7,10,16,21,25,36,42,56,58,76,85,95,97,115,123,125,131,138,159,165,168 "163";
164 170 0 1,3,4,6,7,12,14,17,19,22,24,26,38,39,42,44,45,48,53,57,59,61,63,68,69,71,72,75,79,80,89,91,94,97,101,102,106,108,109,111,113,115,117,120,121,123,125,126,128,131,138,139,142,144,145,146,149,151,155,158,160,162,166,168,170,172,174,177 "164";
165 15 1 6,23,71,72,74,79,105,107,109,111,118,120,125,131,132,137,138,146,148,149,163,165,169,175,179 "165";
166 120 0 19,20,43,45,66,78,80,83,107,135,157,162 "166";
167 175 1 14,21,29,36,42,48,51,75,77,82,84,97,105,129,140,142,156,165,176 "167";
168 31 0 3,10,13,14,15,19,20,22,25,29,40,42,44,46,48,54,61,64,68,70,72,75,76,80,82,85,86,96,98,102,105,108,110,117,122,123,125,135,139,145,148,150,155,157,158,161,172,174,178 "168";
169 100 1 4,7,12,15,17,19,22,24,28,30,35,36,38,43,46,48,58,66,67,69,71,76,77,80,84,92,95,97,100,102,103,108,111,114,115,117,120,122,123,125,129,132,133,137,138,142,143,146,152,158,161,164,168,169,173 "169";
170 125 0 3,4,7,9,11,13,16,17,19,23,27,30,38,39,44,48,50,53,58,63,67,69,76,78,80,83,84,86,87,98,101,102,106,108,110,112,114,119,121,122,123,124,126,128,136,138,139,142,146,148,150,152,155,156,168,171,174,176 "170";
171 28 1 1,6,8,9,16,22,26,29,32,33,35,38,49,53,56,60,67,69,70,72,80,84,85,87,91,93,94,97,99,101,103,107,109,113,115,116,125,133,144,153,156,157,161,162,171,173,176,178,179 "171";
172 5 1 3,10,22,25,33,37,53,55,57,58,65,69,71,73,82,84,91,92,106,114,116,119,122,124,127,130,134,136,137,142,145,149,150,152,156,161,163,172,174,175 "172";
173 152 1 2,6,9,12,15,18,22,23,25,28,30,32,34,39,40,44,45,47,48,50,51,54,56,58,59,61,62,67,69,71,72,76,78,80,82,84,86,91,92,98,101,102,108,110,112,119,121,125,126,128,131,132,136,137,139,146,155,157,160,162,164,166,171,173,175,177,178 "173";
174 117 0 1,4,8,10,13,15,18,19,21,22,26,27,29,31,32,33,34,37,40,41,43,44,46,48,50,52,53,54,56,57,58,59,61,62,64,66,69,70,73,76,77,79,80,81,83,84,91,93,95,101,103,104,106,108,110,112,116,118,123,124,127,129,130,135,138,139,140,143,147,149,151,153,159,160,164,165,167,169,170,171,174,176,177 "174";
175 98 1 9,23,34,52,56,65,68,79,84,87,88,101,103,112,115,123,130,135,146,171,172 "175";
176 11 1 1,4,8,9,12,14,16,17,18,20,22,23,25,26,29,30,32,33,37,38,40,44,46,49,51,53,55,61,64,66,68,69,70,72,78,81,84,85,88,90,96,100,101,107,108,110,111,114,116,120,121,123,126,128,131,132,133,135,136,138,139,142,144,145,147,151,152,159,165,167,169,171,172,175,178,179 "176";
177 22 1 11,16,20,30,38,45,53,58,64,67,74,75,77,79,81,84,85,101,104,105,110,121,129,139,142,151,162,175,177,179 "177";
178 154 0 19,24,38,39,41,46,54,56,57,68,73,77,81,93,97,101,109,114,116,124,125,132,139,148,157,166,172,176,178 "178";
179 27 1 105,113 "179";
