parity 85;
0 53 0 18,21,23,37,41,44,46,58,61,64,78,82,84 "0";
1 47 0 2,4,7,10,13,19,27,30,31,33,34,36,39,41,42,44,47,50,53,55,67,76,78,79,80,82,83,85 "1";
2 44 0 2,6,19,20,24,26,34,36,38,40,45,46,49,53,55,57,58,60,62,64,66,69,71,73,77,81,82,83,85 "2";
3 85 1 3,10,15,17,20,21,24,26,28,29,41,44,45,46,50,51,57,62,65,69,71,73,75,77,80,84 "3";
4 34 0 12,13,17,19,21,24,26,30,33,38,40,42,43,47,48,49,51,55,57,58,60,61,64,72,75,77,79,80,82 "4";
5 33 1 1,4,5,7,8,9,11,13,15,16,19,25,27,32,33,34,37,39,40,42,43,44,46,48,49,52,57,58,61,64,66,68,69,72,74,76,77,80,81,83,85 "5";
6 79 1 3,4,6,8,9,10,12,13,16,17,20,23,24,26,29,35,38,39,40,42,44,45,52,53,55,57,62,63,65,67,72,73,78,82,83,85 "6";
7 55 1 63,73 "7";
8 34 0 0,3,9,18,20,22,26,27,31,34,39,41,42,46,49,53,58,63,69,71,75,79,81 "8";
9 39 1 35,60,70,73,82 "9";
10 80 1 0,4,5,10,14,15,17,19,21,31,33,36,37,39,41,43,45,46,47,49,57,58,60,63,66,72,74,76,78,80,81,82 "10";
11 86 0 2,4,8,9,12,13,15,18,20,23,24,26,28,29,31,32,36,38,43,45,47,48,49,51,56,58,63,65,66,69,70,71,75,77,78,82,85 "11";
12 82 1 1,3,4,6,9,10,12,21,23,27,30,35,45,48,50,52,53,58,60,61,62,64,66,68,70,72,74,75,78,80,84,85 "12";
13 42 1 0,4,5,7,20,22,23,25,32,36,38,40,42,43,47,53,59,66,71,75 "13";
14 76 1 0,1,2,4,6,7,9,11,14,15,18,19,21,23,25,29,31,32,38,41,43,45,46,48,51,53,55,62,66,68,70,77,82,84,85 "14";
15 25 0 1,3,6,9,11,12,13,15,17,20,23,24,27,29,31,32,36,38,39,41,44,45,46,48,49,50,52,54,55,57,58,60,62,64,65,68,70,72,73,76,80 "15";
16 70 0 0,2,5,11,14,15,17,19,24,35,39,56,57,61,65,67,70,71,74,75,77,81,84 "16";
17 55 0 1,2,4,7,13,21,23,24,33,38,41,42,44,49,54,57,59,62,65,68,76 "17";
18 43 1 41,47,57,69,74 "18";
19 45 1 0,1,4,12,15,20,28,30,32,38,45,50,51,57,60,61,64,79,84 "19";
20 29 1 3,12,23,25,26,29,31,40,43,49,59,64,66,76,80 "20";
21 74 1 0,2,3,5,6,7,10,12,19,24,26,28,30,34,36,37,40,42,46,48,49,53,54,56,62,65,68,72,74,76,77,79,80,84 "21";
22 65 1 4,8,13,17,23,30,31,39,45,46,51,52,63,73,82 "22";
23 63 0 0,2,5,6,9,14,16,20,26,42,45,48,50,53,64,67,70,72,74,76,84 "23";
24 53 1 13,17,34,36,41,51,55,60,64,72,74,78,82,84 "24";
25 30 1 26,47 "25";
26 77 1 2,3,5,8,12,13,14,17,18,20,23,25,27,28,29,30,33,36,39,43,46,47,48,49,50,52,55,56,59,60,61,63,65,67,69,71,75,78,79,82,85 "26";
27 22 0 2,3,9,10,15,16,20,24,32,34,38,43,52,54,58,63,65,66,69,72,74,78,85 "27";
28 34 0 8,46,50 "28";
29 22 1 3,7,9,12,13,15,20,21,25,27,28,36,38,39,42,45,48,55,57,60,66,69,70,77,82,83 "29";
30 3 0 0,1,3,6,8,10,11,14,17,28,29,33,38,42,46,47,53,54,58,62,73,79,80,85 "30";
31 29 0 0,3,5,7,8,13,14,15,18,20,23,25,30,31,33,34,36,38,40,42,44,45,48,50,53,56,58,59,61,64,65,67,72,73,77,78,80,82,83,85 "31";
32 3 1 2,4,7,9,11,13,14,16,18,19,21,22,23,25,26,27,32,35,36,39,40,42,46,50,51,52,53,56,58,62,63,65,66,67,69,71,72,76,78,81,83 "32";
33 9 0 1,3,8,10,13,15,17,19,21,24,29,30,31,33,36,37,39,41,42,45,47,49,50,52,53,55,57,58,60,65,68,70,73,75,78,80,83,85 "33";
34 42 0 0,3,6,8,15,17,19,20,22,23,35,43,67,69,72,76,80,84 "34";
35 44 0 24,26,32,64,84 "35";
36 63 1 2,5,9,22,27,30,35,39,41,43,55,56,65,67,72,85 "36";
37 10 1 15,31,36,40,41,43,45,49,51,52,55,60,61,63,69,71,83 "37";
38 46 0 21,38,47 "38";
39 41 1 2,4,8,12,13,21,23,24,28,30,35,38,39,41,43,47,49,50,54,58,60,62,63,66,72,74,75,77,79,81,83 "39";
40 22 1 0,3,8,12,15,17,20,23,26,28,29,34,38,41,43,47,51,57,65,67,70,75,76,78,81 "40";
41 51 0 1,6,10,12,13,16,19,21,22,24,28,31,34,37,38,39,40,49,51,54,56,57,59,63,68,70,73,74,75,77,78,79,81,84,85 "41";
42 8 1 3,5,7,9,11,13,14,18,25,26,29,31,42,44,46,48,51,54,56,60,61,64,66,68,71,74,79,82,84 "42";
43 71 1 1,10,37,46,78 "43";
44 77 1 1,21,54,73 "44";
45 85 0 0,2,6,7,10,13,16,17,18,19,22,23,28,31,32,34,36,38,40,42,44,46,51,54,55,57,58,59,61,65,67,69,71,76,77,80 "45";
46 73 0 2,3,7,8,11,13,14,16,18,22,25,26,27,29,34,37,38,41,42,44,50,52,55,56,58,62,63,65,66,68,69,71,74,76,77,79,80,83 "46";
47 81 0 0,9,12,16,18,29,32,35,41,49,82 "47";
48 15 1 2,7,8,10,12,16,18,20,21,23,24,27,35,37,42,48,52,53,55,58,60,61,63,65,69,71,76,81,82 "48";
49 73 1 7,24,25,35,37,42,43,45,47,53,58,66,68,85 "49";
50 13 1 4,13,14,19,63,65,69,85 "50";
51 1 1 0,3,5,8,14,15,24,27,32,33,37,40,42,45,47,52,55,59,61,63,75,78,85 "51";
52 29 1 0,3,4,6,9,12,15,16,19,20,21,23,28,30,31,33,35,40,41,42,43,45,49,50,58,61,64,66,67,68,71,73,75,77,78,80,81,83 "52";
53 10 0 27,59,60,66,68,70,74,78 "53";
54 56 1 3,7,9,10,14,15,17,18,24,30,35,38,39,42,48,52,53,56,59,61,64,69,76,81,84 "54";
55 19 0 35 "55";
56 58 1 0,4,13,15,29,37,38,42,47,55,56,63,65,76 "56";
57 56 0 0,2,3,4,7,11,14,17,18,20,23,24,25,26,29,34,36,39,42,47,49,51,52,59,61,65,68,69,71,76,78,80,82,84 "57";
58 62 0 18,24,45,80 "58";
59 7 1 2,4,5,7,9,11,14,15,19,20,22,23,27,29,32,37,40,42,44,47,49,56,58,60,64,69,72,73,74,75,77,79,81,82,83,85 "59";
60 75 1 0,2,3,5,6,8,9,10,13,15,16,19,21,23,24,25,28,29,30,33,35,36,37,39,42,44,45,49,50,53,56,60,61,62,65,67,69,73,76,79,81 "60";
61 82 1 75 "61";
62 59 1 2,9,16,19,26,30,31,40,43,46,47,62,81,82 "62";
63 71 1 11,15,22,25,26,30,40,42,44,69,73,84 "63";
64 16 1 28,38,49 "64";
65 34 1 3,7,13,15,40,41,43,47,68,76,80,84 "65";
66 51 0 4,5,10,11,13,16,17,21,22,24,33,35,36,43,55,58,60,75,76,77,78,80,82,83,85 "66";
67 77 0 3,5,8,9,11,13,18,21,22,24,25,27,30,32,33,36,37,39,40,41,43,47,50,53,55,58,61,62,64,65,66,67,70,73,75,76,81,83,84,85 "67";
68 64 0 4,6,29,30,57,71,76,78 "68";
69 21 0 27,35,54 "69";
70 43 1 0,10,13,15,26,34,43,48,54,55,57,62,67,75 "70";
71 48 0 7,18,21,47,49,73,80 "71";
72 16 0 0,1,3,5,6,8,13,14,18,19,22,26,27,30,32,33,35,37,40,43,44,46,49,53,54,57,59,60,69,71,73,74,76,77,78,81,83,85 "72";
73 70 1 0,2,3,5,8,9,11,16,17,20,22,24,25,27,31,34,35,38,40,41,43,44,46,48,49,52,53,54,56,59,61,65,67,69,73,74,75,77,79,80,81,83,85 "73";
74 69 1 3,7,13,23,31,34,36,43,44,47,50,53,56,58,66,70,71,81,82 "74";
75 60 1 24,27,29,44,45,56,60,61,75,80 "75";
76 1 1 1,4,7,11,13,17,19,22,24,27,29,30,34,36,39,41,43,48,49,51,53,54,57,59,60,64,67,69,72,73,75,77,84,85 "76";
77 22 1 7,10,18,25,42,44,46,49,52,58,60,64,65,71,73,76,77,79 "77";
78 30 1 5,8,17,24,26,32,35,40,41,43,50,61,64,68,69,74,75,81 "78";
79 61 0 2,5,6,10,12,14,16,19,23,24,26,29,31,35,37,42,44,45,48,50,54,56,58,60,62,64,70,73,74,75,76,80,81,83 "79";
80 75 1 4,9,10,14,16,17,21,32,33,35,37,38,40,42,49,51,52,55,62,63,67,79,81,84,85 "80";
81 86 1 2,8,11,22,35,42,59,62,76,82 "81";
82 78 1 22,65,66 "82";
83 8 0 1,3,7,11,14,16,18,23,26,30,31,33,35,38,40,42,43,45,46,48,50,51,55,58,59,63,65,66,68,70,72,74,75,76,78,81,83,85 "83";
84 23 0 4,16,33,53 "84";
85 34 0 0,1,3,8,9,14,20,21,22,27,28,30,32,33,36,39,40,42,44,46,49,50,51,53,56,58,60,61,63,65,68,70,72,74,80,82,84 "85";
