parity 174;
0 135 1 1,12,28,34,35,38,40,44,48,68,74,87,90,94,98,100,101,114,121,128,131,148,151,153,155,170 "0";
1 16 1 0,3,5,6,8,10,12,15,17,20,34,36,38,44,45,49,59,63,71,73,78,84,85,88,93,95,96,101,102,106,107,109,111,115,118,124,127,128,130,131,142,145,155,169,171,172,173 "1";
2 167 1 5,10,20,25,56,62,70,75,94,102,108,150 "2";
3 133 0 1,3,5,14,15,17,18,21,22,27,28,30,31,35,40,42,46,49,50,51,52,55,57,60,62,65,70,76,79,81,85,86,89,90,98,100,103,106,108,111,114,115,117,121,127,128,139,141,142,149,151,158,160,162,164,165,169 "3";
4 104 1 6,8,12,18,22,24,32,33,35,38,41,46,67,72,84,90,96,109,126,140,154,161,171,172 "4";
5 80 0 1,3,6,8,9,11,12,15,16,20,21,23,26,27,30,32,34,36,40,43,44,45,47,49,51,53,56,57,58,59,64,73,75,77,78,80,86,92,94,96,98,99,102,106,107,109,112,119,121,126,128,132,135,136,138,140,142,143,145,146,147,150,151,153,154,157,158,159,161,162,164,165,166,168,170,172,173,174 "5";
6 28 0 0,2,3,6,10,12,13,15,16,29,37,41,44,45,46,49,50,51,56,65,66,67,70,72,73,75,77,79,82,83,85,87,92,93,95,97,102,104,107,110,114,116,118,123,127,132,133,135,139,140,148,150,153,155,156,157,159,160,162,164,167,169,173 "6";
7 98 0 0,33,55,58,68,70,93,101,120,138,149,153 "7";
8 54 0 0,2,6,12,14,18,20,24,29,31,32,35,37,42,43,44,46,47,49,50,55,57,59,60,63,67,69,74,77,79,80,81,85,87,88,91,94,95,101,102,105,106,109,114,117,118,121,128,131,133,134,137,140,142,143,144,147,149,150,151,152,154,156,158,160,162,163,164,169,174 "8";
9 152 0 8,10,16,18,19,23,29,30,35,37,48,49,51,54,60,62,67,68,71,75,79,81,87,89,90,91,95,97,99,103,105,107,111,117,118,122,125,127,131,134,135,138,140,151,153,155,156,157,162,164,170,172 "9";
10 9 1 2,7,12,14,23,32,37,39,40,42,43,46,50,53,56,60,65,71,76,77,83,86,89,91,93,94,97,100,101,114,123,131,139,146,150,164,166 "10";
11 146 0 7,27,32,39,75,79,92,99,111 "11";
12 39 1 3,7,19,23,25,26,34,37,45,49,57,61,63,67,78,83,86,88,89,94,110,111,114,139,140,145,149,151,154,155,160,162,165,166,170 "12";
13 12 0 2,3,5,7,9,12,15,17,22,24,28,30,32,33,34,36,37,39,40,42,46,47,49,52,53,55,56,58,62,63,66,67,68,70,72,74,76,78,81,82,83,86,88,89,91,93,95,96,98,100,101,102,105,107,112,114,115,118,120,122,127,129,131,132,135,137,139,140,144,145,146,147,151,154,156,157,161,163,165,167,168,170,174 "13";
14 10 0 9,33,39,41,52,54,58,87,121,132,133,157 "14";
15 5 1 1,3,8,10,11,13,14,16,19,21,23,24,26,28,31,33,35,36,38,39,40,42,44,47,48,50,53,54,56,57,58,61,64,66,69,73,74,75,76,80,81,82,85,86,88,89,92,93,96,98,102,103,105,107,109,111,112,114,116,117,120,122,124,125,128,130,132,135,137,141,142,144,146,149,150,151,153,156,158,160,163,164,167,170,173,174 "15";
16 130 0 0,1,8,11,16,17,19,24,26,28,32,37,39,40,41,46,48,51,52,54,55,58,61,63,66,67,69,71,74,75,77,79,80,84,86,88,89,91,95,96,98,100,102,105,106,107,112,115,117,120,122,123,127,128,131,137,142,144,146,149,151,153,156,158,159,162,166,167,169,172,174 "16";
17 110 0 5,34,39,41,48,59,66,93,97,118,126,129,148,164,170 "17";
18 74 1 8,9,12,16,17,19,24,30,31,35,38,40,44,51,56,75,78,86,98,102,110,112,119,121,127,128,130,139,140,143,149,151,155,161,163,164,169,172,174 "18";
19 138 1 0,2,3,7,8,10,13,15,18,20,23,24,26,27,28,30,33,35,37,39,40,41,44,49,51,52,54,56,58,61,62,63,65,66,69,71,72,74,76,78,80,88,90,92,95,96,97,99,101,102,103,105,106,111,113,114,117,119,122,125,126,130,134,137,138,140,141,143,145,147,150,151,156,157,160,162,163,166,168,170,172,173 "19";
20 70 1 2,12,14,39,45,51,52,54,61,62,85,93,97,105,110,112,120,172 "20";
21 157 0 2,6,34,60,70,139,154,160,166 "21";
22 73 1 1,11,18,20,23,26,27,29,32,33,36,38,39,45,47,50,51,53,60,61,63,65,69,71,72,73,74,79,80,85,87,89,95,100,102,103,106,108,109,111,113,115,116,118,119,124,125,127,128,129,132,135,136,139,140,141,144,149,154,158,162,163,166,167,168,170,173,174 "22";
23 65 0 1,4,5,7,8,9,10,12,13,14,16,17,20,25,27,28,30,32,34,38,40,41,45,46,48,50,52,53,55,57,61,63,65,66,68,74,75,78,80,84,85,87,90,91,93,94,98,99,101,102,105,109,112,114,115,118,120,121,123,125,128,129,131,132,136,137,138,139,142,143,144,146,150,152,154,156,160,161,163,164,165,167,169,174 "23";
24 151 0 3,8,10,16,18,23,26,35,37,40,49,51,54,58,60,63,71,77,79,83,85,87,88,91,93,94,97,99,100,105,110,111,116,122,127,128,132,134,137,141,142,143,145,150,152,153,155,156,160,162,164,165,167,168,171,173 "24";
25 156 0 4,20,22,28,53,57,78,82,87,93,119,121,133,150,162 "25";
26 158 0 0,1,5,12,17,20,21,23,25,29,30,31,33,36,40,41,44,46,48,54,55,58,60,62,64,69,76,77,81,82,86,87,91,92,96,100,103,107,108,110,115,116,124,125,126,130,131,134,141,142,144,146,148,150,157,164,168,170,171,174 "26";
27 140 0 1,3,5,7,9,12,13,15,18,22,23,25,27,28,29,30,33,36,38,40,43,45,48,50,54,55,57,59,64,70,74,76,77,79,83,85,87,89,91,92,101,102,109,111,114,117,119,120,121,123,125,127,129,133,135,136,137,144,145,149,150,151,154,155,157,160,163,165,166,169,170,172,174 "27";
28 73 1 3,15,18,19,27,29,33,51,55,65,66,85,88,90,107,109,131,132 "28";
29 53 0 8,14,16,24,32,40,43,64,72,74,80,88,97,98,101,104,112,122,124,131,133,141,143,144,147,163,172,173 "29";
30 10 0 8,61,65,89,108,113,123,140,143,173 "30";
31 41 1 2,4,6,9,17,18,22,23,29,35,37,38,41,47,55,60,65,74,87,89,106,112,119,135,139,143,147,149,150,159,162,164,171 "31";
32 175 0 22,25,33,35,40,43,46,47,55,57,59,61,82,114,118,122,124,127,128,130,143,144,149,150,155 "32";
33 38 1 0,6,8,11,12,15,17,19,22,23,26,27,29,31,33,35,37,39,48,50,51,54,55,56,57,59,60,62,63,65,67,69,70,72,78,79,80,82,90,93,94,100,103,107,109,112,119,126,131,132,134,135,138,139,141,142,144,146,148,151,152,159,160,161,162,166,170,172,174 "33";
34 160 0 0,6,12,16,18,30,45,55,58,61,64,67,69,72,73,77,78,90,94,96,98,100,101,104,106,111,114,115,116,118,122,132,133,137,141,144,146,149,151,155,159,162,169,171 "34";
35 165 0 3,81,100,130,145,169,174 "35";
36 40 1 64,77,96,99,127,157 "36";
37 85 0 2,21,28,30,33,48,64,81,87,96,105,112,126,134,145,170 "37";
38 45 1 44,69,105,111 "38";
39 139 1 2,32,37,60,71,74,77,81,112,115,118,124,129,134,139,148,151,154,158,168,170,172 "39";
40 146 0 0,2,3,5,6,8,12,17,19,23,25,30,32,33,36,39,47,49,51,53,56,57,58,59,61,63,69,75,77,78,80,83,85,88,92,93,97,100,106,109,111,113,117,121,127,130,141,143,146,147,148,155,161,170,174 "40";
41 149 0 0,13,21,31,36,44,47,53,59,60,65,69,78,94,102,107,108,110,125,131,135,140,149,153,154,155,160,162,163,169 "41";
42 129 0 1,5,9,10,11,13,19,21,22,23,24,26,27,31,32,33,35,37,41,42,43,45,47,50,52,53,55,56,59,61,63,67,68,69,70,72,73,76,78,79,82,83,84,87,90,92,93,96,97,98,100,101,103,104,108,112,114,115,117,121,122,126,129,130,131,134,135,139,140,141,144,145,148,150,151,153,154,157,159,161,163,166,167,172,174 "42";
43 23 1 4,10,13,17,23,27,39,43,48,52,55,57,59,60,64,66,75,78,79,85,91,96,105,114,123,126,130,134,138,139,157,164,166 "43";
44 68 0 2,5,12,13,14,15,18,24,25,28,30,35,38,43,44,45,46,50,51,53,58,60,62,67,68,75,79,80,81,85,87,90,92,96,97,101,104,106,107,111,117,119,123,127,128,133,135,136,140,144,151,153,156,158,159,163,166,168,169,171,173,174 "44";
45 39 0 0,2,8,11,13,16,17,20,24,25,28,31,33,35,37,38,40,41,43,44,48,49,50,52,53,54,57,58,61,63,65,68,73,74,76,83,85,86,88,90,91,94,99,101,103,104,105,107,109,111,114,115,117,119,121,123,125,126,128,129,130,132,136,137,141,143,145,146,148,149,151,152,154,156,158,161,162,166,167,168,169,172,173 "45";
46 115 0 0,6,8,10,15,16,18,21,22,24,26,28,37,41,43,46,47,51,56,58,68,70,75,78,82,85,87,89,91,96,97,102,105,107,108,112,113,118,120,121,122,124,127,130,132,135,136,138,140,143,145,147,149,153,155,157,160,162,163,165,167,172,173 "46";
47 102 1 6,9,11,38,48,53,60,62,66,67,70,77,93,96,102,111,115,116,123,124,131,147,159,170,171 "47";
48 12 0 11,15,22,28,73,75,77,88,91,100,106,109,112,126,146 "48";
49 144 0 2,8,10,11,14,16,24,29,31,32,34,35,38,42,51,54,56,57,61,62,67,68,71,77,79,81,83,85,90,91,94,95,100,109,112,116,117,120,123,126,130,132,134,136,138,141,146,151,153,156,159,163,165,167,169 "49";
50 126 0 0,2,5,6,8,10,12,15,16,17,19,20,22,26,28,31,32,33,35,41,43,45,47,50,52,53,54,56,57,60,64,66,67,71,75,77,81,83,87,88,92,94,96,98,99,101,103,104,107,109,110,111,114,116,117,118,123,125,127,129,130,138,140,141,142,143,148,151,152,154,155,158,159,162,163,166,169,172,174 "50";
51 36 1 5,8,10,12,13,14,17,18,20,21,24,25,29,32,35,36,37,40,41,44,46,48,50,51,52,54,56,57,60,65,66,68,70,73,75,78,79,81,84,85,86,88,90,91,96,98,100,103,104,107,112,113,114,116,117,119,121,123,124,126,130,132,135,136,138,140,142,143,147,148,150,151,153,155,157,159,161,163,164,166,167,170,171 "51";
52 49 0 2,13,22,25,57,70,94,111,115,151,152,164 "52";
53 73 1 1,4,5,7,13,15,40,45,48,53,55,56,58,61,73,74,76,78,80,87,90,91,95,108,118,121,125,127,129,133,135,140,141,146,149,170 "53";
54 160 0 1,5,11,13,15,17,20,22,23,25,26,28,32,34,36,38,40,42,43,45,49,53,54,57,59,61,63,69,71,72,74,76,77,79,80,84,85,87,93,94,95,99,101,102,104,106,107,109,110,113,114,117,121,124,126,130,132,135,138,141,143,144,146,147,149,150,153,154,156,157,159,162,164,166,171,172,174 "54";
55 139 0 27,83,93,113,144 "55";
56 116 1 45,58,89,104,106,154,165 "56";
57 0 1 1,3,6,10,11,15,16,18,19,22,23,25,28,30,33,35,39,40,42,43,48,50,53,55,60,62,69,73,76,78,81,84,86,88,93,94,96,97,99,102,103,105,106,109,110,120,122,127,128,130,132,137,139,143,145,148,150,151,155,158,160,164,166,169,170,174 "57";
58 19 0 0,2,3,5,7,9,15,16,24,28,33,34,36,38,40,42,48,50,52,54,55,57,59,62,64,66,67,69,70,71,72,74,76,78,79,80,84,86,87,91,93,94,98,100,101,105,108,109,111,112,116,119,120,122,124,126,127,130,132,135,136,138,139,141,143,144,146,151,152,154,156,158,160,161,165,168,170,171 "58";
59 45 0 8,38,57 "59";
60 22 0 8,11,30,32,57,61,88,138,141,153,164 "60";
61 114 0 3,6,12,15,17,19,22,23,29,30,33,35,36,37,40,41,43,48,58,59,61,63,65,70,75,76,78,85,86,91,95,99,100,103,105,111,113,116,117,120,124,130,131,134,135,141,144,149,151,154,156,157,159,163,169,171 "61";
62 166 0 3,7,10,13,17,18,21,22,25,28,36,39,41,48,51,60,61,62,65,67,70,78,79,83,84,86,89,91,94,100,110,111,113,115,118,121,124,132,135,136,140,144,148,150,154,161,163,165,167,172 "62";
63 111 1 2,4,5,6,9,15,16,19,23,24,26,28,35,38,41,43,45,46,48,53,56,58,60,61,63,65,66,68,73,80,82,84,85,89,92,94,98,99,100,106,107,112,114,117,118,120,123,126,130,138,140,144,146,149,155,156,160,161,163,165,168,171 "63";
64 138 0 15,19,22,26,35,63,77,92,99,100,102,103,112,117,122,126,141,145,146,151,167,170,172 "64";
65 77 1 0,8,18,23,25,29,36,40,47,51,55,58,65,80,82,107,121,126,133,136,143,159 "65";
66 115 0 0,4,8,12,15,16,18,20,21,23,25,30,33,35,38,39,41,42,44,45,50,57,58,59,60,62,63,64,70,75,79,80,83,85,88,89,91,95,97,99,100,103,104,113,114,116,118,121,122,125,126,129,130,133,135,137,142,144,145,147,149,150,151,152,155,157,160,161,162,164,168,174 "66";
67 28 1 4,5,10,18,22,26,28,30,31,39,50,53,56,62,66,71,74,77,82,88,92,96,98,102,107,115,116,119,121,123,127,129,136,142,150,153,157,159,167,170,174 "67";
68 36 1 1,3,4,5,7,9,11,13,16,18,19,20,22,23,25,27,30,33,37,40,44,45,46,47,49,52,54,55,57,58,60,63,65,68,70,72,74,76,77,78,81,83,84,89,90,91,93,95,97,99,102,105,106,107,109,115,118,120,122,123,124,127,128,131,133,135,141,143,145,147,148,149,151,153,154,157,158,159,161,163,164,166,167,171,173 "68";
69 154 1 7,8,10,12,14,17,23,26,32,37,44,46,48,49,51,52,55,59,64,68,71,73,76,83,87,88,90,95,101,104,109,116,124,126,128,138,140,144,146,148,151,156,161,166,170 "69";
70 64 0 0,2,4,6,10,11,13,16,17,20,22,27,30,33,36,38,40,42,46,52,57,61,66,67,71,75,77,82,86,89,90,95,96,99,101,102,104,105,108,112,113,117,119,120,121,122,125,127,130,132,138,139,141,143,146,149,150,152,154,156,160,161,163,164,167,168,169,171 "70";
71 28 0 8,12,19,26,28,34,41,57,64,66,69,72,76,78,92,96,101,111,118,124,127,128,148,154,157,168,172 "71";
72 39 0 6,10,15,22,24,37,42,49,62,64,67,71,75,84,87,90,102,103,106,109,116,126,128,130,143,147,150,152,154,157,158,163,168,170,174 "72";
73 86 1 28,49,54,115,124,144 "73";
74 55 0 2,5,12,16,25,39,47,50,55,56,64,67,69,77,78,81,82,86,90,96,98,102,104,108,112,120,122,125,127,133,142,155,165,168,171 "74";
75 28 0 12,16,22,28,30,31,53,58,60,61,69,73,74,77,87,93,107,121,142,149,153,158,162,169 "75";
76 166 1 5,8,21,28,40,54,56,72,76,104,128,132,146,147,165,172 "76";
77 67 1 1,2,3,6,9,15,17,20,24,26,29,32,34,36,37,42,44,46,47,51,58,59,62,64,66,67,70,72,75,76,81,82,84,85,87,88,91,93,94,95,96,97,98,100,106,108,109,113,114,115,116,117,119,123,124,128,129,130,133,134,144,147,149,152,153,156,157,158,160,162,166,170,171,172 "77";
78 86 0 5,7,9,11,20,37,57,59,63,79,81,84,86,91,100,105,106,114,119,123,128,144,145,150,159 "78";
79 42 1 1,6,13,24,27,38,40,44,53,57,59,64,67,72,85,89,99,101,103,114,124,129,132,146,159,164,168,174 "79";
80 170 1 5,11,26,30,34,38,47,49,67,77,80,82,83,86,87,90,95,107,108,112,113,114,123,129,136,148,159,163,165,166,172,174 "80";
81 154 0 0,3,5,9,10,12,15,19,23,26,27,30,31,32,35,36,42,44,45,49,53,54,55,58,61,62,64,70,86,87,90,93,97,98,99,103,106,109,110,112,114,116,122,125,126,132,135,138,140,143,147,149,150,152,156,157,158,161,164,166,168,170,172 "81";
82 170 0 3,8,12,14,16,18,20,22,25,27,30,32,36,39,43,45,46,47,57,58,59,62,65,70,72,74,77,81,82,84,89,91,93,97,104,108,109,115,119,121,127,130,132,134,135,138,140,142,146,149,153,155,163,165,166,169,174 "82";
83 169 1 1,4,14,17,19,26,30,36,38,39,40,43,44,47,53,54,58,61,78,81,99,100,103,107,117,121,123,125,127,133,143,151,154,161,162,166,171 "83";
84 167 1 2,9,13,18,22,23,25,28,33,39,41,53,67,68,76,77,81,88,93,95,99,102,104,112,119,124,129,130,139,142,146,158,168,170 "84";
85 167 0 1,5,10,12,14,15,16,18,23,25,27,28,30,34,35,36,37,39,40,41,43,44,48,50,53,55,57,66,67,68,69,73,74,76,78,80,81,82,86,87,88,90,95,97,98,102,103,107,111,113,116,117,118,121,123,127,128,131,132,135,138,139,140,142,143,146,148,149,150,152,155,156,157,160,162,164,166,168,169,171,172 "85";
86 54 0 1,5,7,11,12,18,21,23,27,35,37,40,44,46,48,50,54,56,57,60,63,65,68,73,76,78,79,81,82,85,88,90,102,104,108,112,116,122,124,125,126,128,129,130,133,136,139,143,147,155,156,162,163,164,171,173 "86";
87 124 1 0,1,2,4,9,13,14,17,19,27,28,32,33,34,37,38,40,42,43,45,48,49,51,54,55,57,58,60,61,63,64,68,69,72,74,76,79,81,84,88,90,92,93,95,97,102,104,106,108,109,112,113,114,116,117,119,120,121,123,125,127,135,136,137,139,142,143,146,148,149,150,151,153,154,155,160,161,163,167,168,169,170,172 "87";
88 70 1 0,1,2,4,5,6,9,10,11,14,15,17,20,23,27,28,29,32,36,38,43,46,49,52,54,55,57,59,61,62,66,67,73,74,79,83,85,87,91,93,96,98,105,107,112,113,115,117,118,120,122,125,127,130,131,132,134,135,138,142,144,145,146,148,149,152,154,156,163,165,166,167,169,171,173 "88";
89 128 1 3,10,13,25,29,37,42,46,50,61,63,71,77,78,79,84,86,99,101,105,117,124,133,139,153,158,163,174 "89";
90 92 0 3,11,12,15,18,22,26,27,29,34,35,40,41,42,44,46,47,48,53,56,59,61,64,67,68,70,71,72,75,78,81,83,85,87,90,91,93,94,96,98,100,102,104,111,116,118,121,123,127,130,137,139,142,143,148,149,159,161,163,166,168,170,172,174 "90";
91 84 0 7,10,21,24,29,30,34,37,40,44,46,48,55,56,59,65,67,70,79,82,83,87,90,92,93,94,101,107,108,112,114,117,121,125,126,127,129,131,135,142,144,147,150,154,161,164,171 "91";
92 79 1 1,2,4,5,7,8,10,12,14,15,17,20,21,22,24,25,26,29,32,36,39,40,43,44,46,47,49,51,52,54,56,59,60,61,64,65,69,71,76,78,81,83,84,85,87,88,90,91,94,96,99,108,110,111,113,116,118,120,122,124,128,130,133,138,140,141,144,146,147,149,150,152,153,154,156,157,159,161,164,165,169,170,171,174 "92";
93 16 1 1,3,4,6,10,12,19,24,26,27,28,30,32,33,36,39,40,42,44,46,47,49,53,57,60,62,63,64,65,67,70,72,73,77,78,79,80,83,84,85,89,91,93,95,100,103,107,108,111,112,114,116,118,119,120,121,124,125,128,131,132,134,135,137,141,143,145,146,148,149,151,155,156,159,160,163,164,166,171,172,174 "93";
94 135 1 0,2,9,10,12,14,29,32,49,58,59,61,64,65,69,77,81,83,89,96,98,100,108,116,125,126,128,134,142,146,153,155,160,163,170,171 "94";
95 147 0 2,3,15,39,42,45,53,65,69,80,82,88,96,100,105,108,112,118,121,130,136,139,140,143,146,162,171,173 "95";
96 4 0 0,1,3,8,12,18,19,21,22,28,34,36,38,39,43,48,51,55,57,60,61,66,68,71,76,79,84,85,94,95,97,101,102,108,109,111,114,118,126,127,129,132,133,135,136,137,139,142,143,146,147,151,152,153,155,158,159,160,166,168,174 "96";
97 116 1 0,2,3,4,6,8,10,12,17,18,19,20,22,23,24,26,28,32,35,37,38,41,46,47,48,51,52,53,54,55,57,58,59,62,63,64,65,68,70,73,74,76,82,83,85,86,87,90,91,93,95,96,98,99,100,105,108,109,111,114,117,125,126,128,129,132,136,137,140,141,144,146,148,149,151,152,154,155,159,160,162,163,164,168,170,172,173 "97";
98 4 1 51,86,88,94,109,132,141,142,170 "98";
99 101 0 1,6,7,10,13,14,17,20,23,25,29,31,36,42,46,54,58,59,62,63,67,70,71,73,76,80,81,91,95,97,101,103,105,112,113,115,117,119,123,124,126,127,129,135,136,138,140,142,145,147,152,153,156,159,161,164,169,171,172,174 "99";
100 91 1 0,3,5,8,11,14,16,18,24,25,31,37,38,41,50,53,54,60,66,69,74,81,83,84,86,87,90,92,94,99,100,109,111,126,128,130,131,147,149,152,153,155,159,161,168,170,174 "100";
101 79 1 4,6,8,10,13,15,17,18,21,22,23,25,27,31,32,34,35,37,38,40,43,44,46,53,56,57,58,59,60,64,65,66,69,72,73,74,77,78,84,86,87,88,90,92,94,95,97,100,101,103,104,105,108,109,113,114,116,119,122,124,125,128,129,130,132,134,136,137,139,140,143,147,148,150,152,154,156,157,158,160,166,170,171,172 "101";
102 150 1 33,61,69,71,96,99,108,116,138,151,154,164,171 "102";
103 42 0 14,17,21,81,84,104 "103";
104 12 1 1,2,3,5,7,10,12,14,15,16,19,21,24,26,27,29,31,33,34,37,39,40,41,45,46,49,51,55,56,57,61,63,64,66,67,69,70,72,73,76,77,79,80,85,89,92,96,99,101,108,109,111,113,117,120,121,125,127,129,130,135,136,137,139,141,143,147,148,150,152,153,155,157,158,160,162,165,167,168,172,174 "104";
105 56 0 1,2,4,15,18,21,23,28,33,34,36,38,40,43,46,47,48,50,52,53,55,56,59,65,68,75,78,79,82,83,85,88,89,91,108,110,116,121,122,128,130,131,132,135,139,145,147,151,155,157,161,164,171,173 "105";
106 3 0 4,7,9,11,22,31,40,46,52,55,61,76,79,97,105,108,111,116,119,136,139,143,145,146,148,154,156,159,161,164,167 "106";
107 121 1 0,4,7,15,16,19,21,23,25,28,29,35,39,42,44,45,48,50,53,54,59,60,63,66,69,70,73,75,76,78,80,90,97,99,104,106,108,109,111,112,115,117,118,120,123,124,126,128,130,132,134,136,138,139,144,146,148,150,151,152,154,155,158,159,162,164,166,167,168,173,174 "107";
108 154 1 1,3,6,10,15,16,19,22,25,27,41,46,54,56,59,60,62,64,67,76,77,91,100,102,103,112,114,117,120,124,131,136,140,155,156,157,161,163,165,170,174 "108";
109 32 1 6,66,80,92,136,148,156,161 "109";
110 120 0 8,49,64,66,68,101,105,117,134,144,152,163 "110";
111 74 0 0,2,6,8,9,10,13,14,16,18,20,23,25,28,30,33,35,37,38,39,42,43,44,46,48,51,56,58,59,62,64,66,68,69,71,74,76,77,82,84,89,91,93,95,96,98,99,103,105,107,108,111,114,118,119,123,125,127,130,134,139,141,143,144,146,148,151,153,155,157,158,159,161,162,164,165,167,169,171,172,174 "111";
112 91 1 0,3,6,10,12,16,18,19,22,24,29,35,38,39,48,50,54,55,58,64,66,67,69,75,76,77,82,86,87,89,90,93,96,100,102,105,107,109,112,113,117,121,124,125,127,128,130,132,133,135,136,137,140,141,143,148,149,151,152,153,156,157,159,162,164,165,167,168,170,171,172,174 "112";
113 73 1 1,3,11,14,17,20,23,27,28,30,33,35,36,37,39,41,43,45,47,49,52,55,60,66,71,73,79,83,84,86,87,88,90,94,97,99,101,104,110,111,113,120,122,127,128,131,137,138,140,143,146,149,151,156,157,160,164,167,172,174 "113";
114 116 1 0,1,3,4,6,10,11,15,17,18,20,22,24,26,28,30,31,32,35,41,42,46,47,48,49,51,53,54,56,57,60,62,63,66,68,69,71,74,75,76,78,80,84,86,87,89,90,91,93,98,100,103,105,106,108,111,116,117,120,121,124,128,129,132,135,137,138,145,149,151,153,155,157,160,161,168,170,171,173 "114";
115 30 0 1,6,8,9,16,18,21,23,26,28,30,32,39,45,48,51,52,55,58,63,64,69,71,74,76,86,89,91,94,96,101,106,109,113,116,117,121,127,129,131,132,134,137,138,140,145,148,150,152,154,157,159,161,163,166 "115";
116 173 1 5,23,33,37,39,67,68,79,100,103,106,109,144,146,150,153,158,173 "116";
117 50 1 0,1,3,4,5,8,9,10,11,16,18,20,22,24,28,29,30,34,35,37,39,42,43,46,48,53,55,56,58,60,62,64,65,67,68,75,76,79,80,81,84,86,90,93,96,103,104,108,109,111,113,114,115,117,119,121,123,125,126,129,130,131,133,135,136,139,140,141,143,146,147,149,152,153,154,156,157,162,163,164,166,167,169,171,173,174 "117";
118 69 0 0,2,11,13,21,24,26,32,46,48,50,51,54,68,70,71,75,77,85,88,90,92,96,97,101,102,106,108,110,114,123,128,129,131,132,134,135,141,144,148,150,151,154,156,158,162,164,166,169,170 "118";
119 35 0 0,2,3,4,6,8,9,12,13,15,16,19,22,23,26,28,29,30,31,33,35,37,38,42,44,47,49,52,53,55,57,59,61,63,65,66,67,69,70,71,74,84,88,91,93,97,98,101,105,108,112,114,116,117,118,119,123,127,128,131,132,134,136,138,139,140,142,144,148,154,158,162,164,166,167,168,170,172,174 "119";
120 80 0 3,7,10,14,16,17,19,20,22,23,27,33,35,37,38,40,43,46,47,49,51,54,56,57,61,64,65,67,69,70,72,73,77,78,80,87,94,95,97,99,100,102,103,105,112,113,115,120,122,123,127,128,130,133,135,137,140,146,148,149,158,159,160,162,164,165,168,171,173 "120";
121 32 0 0,9,11,20,28,29,35,42,45,46,55,73,80,87,97,103,115,116,122,127,132,138,152,155,161,166,172 "121";
122 25 1 1,3,5,6,9,10,11,14,15,17,18,21,26,27,29,31,34,35,36,38,42,43,46,47,53,55,58,61,63,67,70,77,79,82,85,86,89,91,93,94,97,98,99,101,103,105,106,107,109,111,117,120,124,128,129,130,132,133,135,136,137,138,140,143,148,150,151,152,154,157,158,160,162,163,165,167,169 "122";
123 62 0 23,45,52,63,151 "123";
124 23 1 1,5,12,15,23,25,27,30,34,41,43,45,47,48,50,55,57,60,66,68,69,71,73,74,75,77,79,82,83,85,87,96,98,100,104,105,106,107,109,111,112,115,116,117,121,122,126,129,131,133,135,137,138,139,142,145,147,149,151,153,154,161,163,168,172,173 "124";
125 77 0 4,6,9,16,19,24,26,28,36,42,45,48,60,62,73,75,76,84,88,96,100,110,122,124,125,132,142,149,152,159,162 "125";
126 105 0 4,6,9,12,14,18,23,25,27,29,30,31,34,38,39,41,47,51,56,57,60,62,68,72,74,82,84,88,91,94,96,99,100,102,104,109,110,114,116,118,123,129,137,139,144,145,147,153,155,157,160,163,168,169,170,174 "126";
127 1 1 1,3,4,5,6,8,9,13,14,16,17,22,23,25,27,29,31,32,34,38,39,41,45,46,52,56,58,61,65,70,71,73,76,78,80,83,85,86,88,90,94,96,101,102,105,106,112,115,118,122,125,128,130,132,134,135,137,140,141,143,145,151,152,154,157,160,164,166,168,173 "127";
128 149 0 4,7,12,16,26,29,30,32,40,44,53,54,58,63,65,66,73,80,84,85,92,93,97,101,111,114,117,119,126,129,144,149,150,152,155,156,161,162,165,166,170 "128";
129 114 1 2,7,10,11,14,22,25,26,28,30,35,42,43,45,47,48,55,56,60,63,73,74,78,82,95,99,101,103,106,107,124,127,129,130,136,137,140,148,156,161,163,168,172,174 "129";
130 140 1 3,5,8,10,12,16,18,30,34,37,39,51,54,59,64,69,72,77,82,87,89,91,92,95,105,106,109,111,114,116,119,122,127,132,133,137,142,145,147,150,151,158,160,162,165,167,170 "130";
131 95 1 3,9,11,15,19,23,25,27,31,33,38,45,57,60,69,73,78,83,94,103,115,122,132,138,143,151,153,171,173 "131";
132 16 0 6,11,15,20,22,25,28,43,45,52,55,61,62,85,99,108,110,112,129,130,132,142,152,161,172 "132";
133 116 1 0,7,9,15,20,32,43,45,56,67,71,74,83,88,89,94,99,105,112,119,122,134,136,141,147,161,163 "133";
134 82 1 0,2,4,10,18,19,21,23,27,29,31,34,36,41,42,46,48,52,56,58,60,62,64,68,70,76,77,80,83,88,92,93,102,104,105,106,117,122,124,125,126,137,141,148,149,151,153,154,162,168,170 "134";
135 137 0 15,76,106,111,141 "135";
136 138 0 2,4,12,17,19,24,33,37,38,55,57,64,72,75,84,87,95,106,109,118,120,122,127,130,135,141,144,148,151,162,170,172 "136";
137 133 1 24,49,51,66,67,73,83,112,116,122,125,132,142,150,152,156,160,164 "137";
138 56 0 2,4,6,12,21,23,35,38,42,49,51,69,75,83,85,86,94,99,103,108,112,124,126,131,136,141,150,157,167 "138";
139 150 0 3,12,16,20,23,36,40,44,46,50,56,59,69,72,77,78,80,85,89,96,98,100,117,118,126,142,149,153,162,164,173 "139";
140 33 1 0,4,9,13,14,16,17,19,20,22,30,39,43,44,48,49,51,53,59,61,63,67,69,70,71,72,74,76,79,81,86,91,96,98,101,103,110,111,113,117,123,127,130,131,135,137,139,142,143,152,153,155,162,164,166,170,171,173 "140";
141 144 0 0,1,2,8,11,23,24,26,28,34,44,48,50,51,56,59,64,66,68,73,74,77,78,79,87,95,101,103,106,108,109,116,117,121,122,126,127,132,134,136,140,144,146,152,157,159,160,161,163,164,167 "141";
142 24 0 2,4,8,12,14,17,20,24,26,34,38,41,42,45,50,52,54,59,63,67,71,75,76,81,85,91,95,100,105,106,108,112,118,120,126,132,136,138,140,142,143,148,153,156,159,162,165,168,169,170,174 "142";
143 174 1 3,4,6,8,10,11,13,16,17,21,24,25,26,28,30,33,36,38,40,41,43,44,47,48,50,52,56,58,59,61,63,64,66,68,70,71,73,75,78,81,83,84,87,88,93,97,99,101,102,104,106,108,112,114,118,120,121,123,127,128,130,131,133,134,136,139,140,142,144,146,148,149,153,157,158,160,162,164,170,171 "143";
144 23 0 6,9,14,16,28,30,32,33,41,47,53,63,71,75,78,104,112,116,120,125,126,132,142,146,148,154,157,159,168,171,173 "144";
145 18 0 1,8,12,13,15,23,27,29,30,33,37,41,46,48,52,68,73,79,81,82,95,97,100,102,106,108,112,116,119,121,122,126,132,136,137,139,142,144,145,147,150,152,154,163,165,166,169 "145";
146 123 0 1,4,8,10,14,19,21,24,28,32,33,36,42,46,52,54,57,60,66,68,70,72,73,76,77,78,80,86,87,93,97,99,102,104,106,113,116,118,119,121,122,128,133,135,136,140,141,151,156,158,161,169,170 "146";
147 138 0 0,3,4,7,10,12,14,15,18,19,21,22,24,25,27,28,30,33,38,40,41,46,47,50,54,57,58,60,61,63,66,67,68,70,71,73,74,77,79,81,83,85,87,88,92,93,94,96,97,101,106,107,108,110,111,113,114,118,119,121,122,124,126,129,131,133,134,136,138,144,146,147,150,151,153,155,156,158,159,160,162,163,165,167,170,171,172,174 "147";
148 78 1 5,41,57,64,69,78,86,101,103,108,112,153,163,169,171 "148";
149 93 1 4,11,14,16,17,24,26,33,34,38,42,47,52,53,58,59,63,66,69,77,84,95,97,98,101,102,104,106,112,114,121,125,132,137,144,145,150,161,165,166,172 "149";
150 166 0 3,5,7,8,12,14,16,18,19,22,24,26,32,37,38,42,47,51,57,59,60,62,63,65,67,69,73,74,82,87,92,93,97,98,102,105,107,109,112,114,116,124,126,127,132,134,135,140,141,143,144,146,149,151,154,157,158,161,164,166,168,171,174 "150";
151 82 0 0,20,47,50,53,70,84,88,95,101,155,159,161,167 "151";
152 131 1 1,4,6,11,16,17,19,20,22,24,26,30,31,34,35,36,38,40,42,44,45,47,48,50,51,53,54,56,58,68,70,74,75,76,78,80,81,82,84,85,87,89,91,93,95,99,100,104,106,107,109,112,115,118,119,121,126,128,130,132,135,137,139,140,142,146,149,150,152,155,156,158,159,161,163,165,166,169,171,173,174 "152";
153 49 1 2,4,6,10,13,15,18,21,28,32,37,40,42,44,46,52,54,55,56,58,59,60,63,68,73,74,78,82,83,87,89,91,95,101,103,105,107,110,111,118,122,129,133,135,136,138,140,144,146,147,149,151,152,153,159,161,162,164,165,171 "153";
154 7 1 14,33,41,72,75,151 "154";
155 28 1 4,19,22,30,47,54,57,63,71,73,74,76,79,86,96,102,104,105,108,116,118,119,121,122,130,140,141,145,148,156,160,162,170,172 "155";
156 57 0 2,8,10,14,18,20,27,37,39,41,42,49,56,58,59,65,66,68,72,76,79,82,84,86,89,94,96,106,108,114,122,125,128,131,135,147,150,153,154,157,159,161,163 "156";
157 97 1 2,5,7,8,9,11,14,15,18,20,22,24,28,33,34,41,43,46,47,49,51,53,54,57,58,59,62,64,66,68,69,71,72,73,76,78,80,82,84,86,88,89,90,91,93,94,97,100,102,103,105,107,108,110,113,114,116,118,120,122,127,130,131,133,134,136,137,141,142,144,145,146,149,151,152,154,155,158,159,161,163,164,166,168,169,171,172,174 "157";
158 22 1 0,3,4,6,9,10,13,15,17,18,22,23,24,27,31,33,35,39,43,44,46,47,49,50,52,54,55,58,59,62,64,65,67,70,72,77,81,83,85,88,90,91,94,98,100,102,103,105,107,108,111,112,115,117,120,122,125,128,130,131,133,134,136,137,143,145,146,148,150,151,156,159,162,164,166,167,168,170,174 "158";
159 132 0 11,19,43,45,59,67,69,95,97,109,125,127,136,165 "159";
160 84 1 4,6,17,21,24,27,33,39,40,44,50,54,55,57,60,66,68,78,79,82,86,88,102,104,106,108,117,121,144,147,151,154,155 "160";
161 32 0 0,2,4,6,7,8,11,14,16,17,19,22,24,25,27,29,31,33,34,38,39,41,43,48,50,52,53,54,57,58,60,62,64,67,68,70,74,75,77,79,81,86,92,93,95,97,99,100,101,102,104,106,108,110,111,113,114,115,117,119,120,121,123,124,125,127,131,132,133,136,137,139,141,144,146,149,152,154,157,159,160,161,163,165,167,169,171,174 "161";
162 141 1 3,5,14,18,23,26,29,32,35,37,38,40,44,47,49,50,56,60,62,65,66,70,77,83,85,88,93,95,97,99,102,104,107,109,111,113,114,116,119,120,121,123,127,130,135,141,144,146,154,157,160,162,163,165,166,168,169,172 "162";
163 169 1 0,3,4,15,22,25,28,34,40,44,50,52,53,55,57,64,70,83,86,89,94,104,106,108,110,111,118,126,128,130,132,134,136,139,141,147,152,154,155,158,166,168,170,174 "163";
164 137 0 30,80 "164";
165 11 0 0,2,7,8,10,11,13,15,18,22,24,32,34,35,38,40,44,45,46,48,49,56,59,60,61,68,72,74,79,81,82,84,85,88,91,92,95,97,100,105,106,107,113,115,116,117,119,121,122,127,132,133,138,143,145,147,149,151,152,155,156,160,161,163,166,167,170,171,173,174 "165";
166 3 1 2,8,11,12,14,32,37,38,47,61,64,65,82,85,90,97,99,101,104,108,118,120,125,133,134,139,143,154,161,171 "166";
167 22 1 5,86,95,151,154,158 "167";
168 95 0 0,3,5,11,13,14,16,19,24,26,28,33,37,38,39,41,42,46,51,53,55,62,64,65,66,68,70,73,75,77,80,81,83,85,87,88,91,94,96,99,101,103,105,107,108,110,113,114,117,118,119,121,122,124,125,126,129,131,132,137,141,142,143,145,147,149,152,154,155,157,158,160,164,168,171,172,174 "168";
169 153 1 3,7,12,13,19,24,30,32,34,35,37,40,41,43,45,53,54,55,58,59,61,62,65,66,67,73,75,81,83,86,90,93,95,96,98,100,102,109,111,113,117,121,124,126,128,130,133,134,137,139,140,149,151,154,156,159,161,164,167,168,173,174 "169";
170 87 1 1,2,3,4,10,22,25,27,36,41,58,64,65,67,71,73,74,80,81,86,89,94,95,98,102,123,124,126,128,130,140,142,151,156,160,165,169,171,174 "170";
171 130 1 3,6,11,19,20,22,28,31,36,38,41,48,58,61,64,65,72,79,80,82,87,92,94,99,101,103,104,106,107,110,114,116,119,124,130,135,137,140,144,146,151,152,154,160,165,173 "171";
172 119 1 6,44,72,87,143 "172";
173 124 1 9,23,27,35,39,47,52,61,72,82,88,90,95,118,120,121,146,147,159,161,163 "173";
174 30 1 1,10,12,17,22,27,29,34,35,37,47,49,51,52,53,55,59,61,66,76,80,81,89,92,104,107,108,118,124,127,129,131,134,139,140,148,163,169,174 "174";
