parity 59;
0 7 0 2,7,11,14,19,30,39,48,50,58 "0";
1 9 0 11,16,22,28,36,39,42,53,58 "1";
2 24 0 0,2,5,8,9,12,15,16,19,20,23,24,26,30,32,33,36,37,40,45,46,50,51,53,58,59 "2";
3 11 1 34,40,48,52,53 "3";
4 56 1 0,2,3,4,7,8,10,11,13,15,17,18,20,21,23,24,25,27,30,31,33,41,43,44,45,47,51,53,55,59 "4";
5 4 1 0,3,5,7,8,10,12,13,14,16,19,24,27,28,30,32,34,35,40,41,42,54,56,57,59 "5";
6 20 0 29 "6";
7 43 0 5,15,24,29,37,38,51 "7";
8 35 1 0,6,7,9,14,16,19,21,22,23,26,27,30,31,32,36,39,42,44,49,52,54 "8";
9 48 0 4,5,9,11,21,31,34,36,37,39,42,45,48,50,57,58 "9";
10 5 1 1,8,9,12,15,16,23,27,31,35,36,42,44,45,49,52,56 "10";
11 57 1 0,2,4,6,8,11,12,15,19,25,26,32,35,36,38,39,41,43,45,47,51,52,53,54,56,57 "11";
12 47 1 3,10,11,14,15,17,19,20,22,24,26,27,29,30,35,38,40,43,45,48,51,55,59 "12";
13 35 0 0,2,3,7,9,10,12,14,17,19,21,22,23,26,28,30,32,33,43,45,47,48,50,52,55 "13";
14 13 1 2,4,6,9,12,15,17,18,22,24,26,28,29,32,35,36,40,42,44,45,47,49,53,55,58 "14";
15 4 0 2,24,35,58 "15";
16 32 0 0,2,5,7,9,12,14,15,17,20,21,23,25,27,29,31,32,34,36,38,39,43,45,47,49,51,53,56 "16";
17 11 1 3,11,16,18,21,22,24,29,34,40,53 "17";
18 17 0 5,6,7,12,17,18,22,26,30,39,42,48,49 "18";
19 14 0 0,1,3,4,5,7,12,14,20,22,25,27,28,30,31,34,36,38,39,41,44,47,49,52,53,54,55,58 "19";
20 60 1 2,14,17,23,26,37,39,46,49,51,57 "20";
21 14 1 8,9,13,16,18,27,30,34,43 "21";
22 34 1 0,6,9,10,15,16,21,27,28,30,34,39,43,49 "22";
23 1 0 1,2,5,7,11,16,17,20,22,26,34,35,36,37,40,43,49,53,55,57,58 "23";
24 21 0 12,20,29,31 "24";
25 12 0 1,2,4,5,8,15,17,20,22,24,26,28,29,31,32,37,39,40,42,43,44,46,47,49,52,53,54,56,57,58 "25";
26 19 0 21 "26";
27 25 0 0,4,8,9,11,12,16,17,19,23,26,27,29,31,33,35,38,43,44,46,49,52,53,56,59 "27";
28 48 1 2,5,10,12,16,21,23,25,27,35,48 "28";
29 56 1 1,3,5,7,9,10,12,16,20,27,30,31,37,48,49,56 "29";
30 39 1 44,45,56,59 "30";
31 20 0 0,1,7,9,11,13,14,16,22,24,25,27,28,30,32,33,36,38,40,42,44,45,47,48,50,51,53,57,58,59 "31";
32 47 0 9,24,32,34,36,49,56 "32";
33 32 0 4,7,14,20,21,24,30,34,52,55 "33";
34 43 1 3,12,16,18,24,27,32,37,39,43,47,48,50,55 "34";
35 12 1 4,8,17,26,29,38,46,51,54,59 "35";
36 2 1 9,12,18,22,26,27,32,34,39,41,43,45,52,57,59 "36";
37 30 1 0,1,3,9,11,26,28,30,31,33,34,41,55 "37";
38 0 1 0,2,5,8,10,13,15,20,21,26,27,30,32,36,38,39,44,45,47,48,54 "38";
39 31 0 2,3,5,9,11,13,14,19,21,24,27,28,29,31,34,36,37,39,40,43,44,45,48,50,53,56,57 "39";
40 11 1 2,4,8,10,11,14,16,19,24,25,27,28,30,32,35,36,37,41,44,46,48,51,52,53,55,57,59 "40";
41 30 1 0,5,7,8,10,17,29,31,35,37,39,42,44,47,53 "41";
42 49 1 1,3,6,10,12,16,20,22,23,27,28,30,34,36,37,38,39,41,42,44,47,53,54,55,57,58,59 "42";
43 57 0 3,8,10,13,15,18,25,26,30,33,38,39,47,50,52,57 "43";
44 50 1 20,28,38,40,52,55 "44";
45 41 1 1,4,7,8,15,16,18,19,22,25,29,34,36,38,40,44,45,56,58 "45";
46 42 0 3,5,6,8,9,11,19,20,22,24,27,28,29,31,38,39,40,42,46,49,50,52,53,54,57,59 "46";
47 36 1 7,14,16,20,29,31,32,37,58 "47";
48 8 1 2,5,8,9,11,12,14,16,17,18,22,24,25,27,29,30,36,38,39,43,45,46,47,48,50,56,58 "48";
49 4 1 3,6,8,9,14,18,20,21,24,26,27,28,31,35,36,39,40,42,44,50,54,55,58 "49";
50 7 1 1,2,11,13,14,31,37,38,40,42,50,52,56,58,59 "50";
51 56 1 0,9,11,13,14,16,18,19,20,27,29,32,33,35,37,38,40,42,43,46,48,51,52,53,57,59 "51";
52 52 0 1,22,24,28,33,38,41,49,52 "52";
53 1 1 3,11,15,16,18,19,29,41,46,59 "53";
54 33 1 3,5,8,12,15,18,20,23,25,29,33,38,41,46,48,50,56 "54";
55 41 1 0,19,21,23,56 "55";
56 34 1 3,6,8,9,15,17,20,22,25,27,32,45,54,58 "56";
57 42 0 2,5,7,12,15,17,21,22,24,26,27,29,32,34,36,39,40,46,49,54 "57";
58 11 0 1,3,8,10,12,18,20,22,26,29,39,52,54,57 "58";
59 38 1 0,18,19,35,53 "59";
