parity 61;
0 18 1 4,10,13,20,38,42,44,47,50,55,57 "0";
1 32 0 33,38,41 "1";
2 33 1 3,5,7,10,11,16,22,25,32,34,40,45,46,49,53,55,57,60 "2";
3 28 1 2,6,9,12,15,16,21,38,44,57 "3";
4 40 1 0,4,15,20,26,29,43,53,59 "4";
5 60 1 0,18,21,31,38,41,42,44,56,60 "5";
6 37 0 0,1,3,5,13,14,15,19,28,31,35,37,40,43,45,47,49,52,53,56,58,60 "6";
7 56 1 16,34,39,55,59 "7";
8 31 0 4,12,13,15,17,23,28,36,49,52,56 "8";
9 12 0 0,4,9,11,13,17,19,20,26,28,30,32,35,39,40,42,44,46,51,58,61 "9";
10 17 1 0,8,19,23,40,43,49,60 "10";
11 22 1 2,4,5,7,8,11,14,21,23,26,28,30,33,34,36,39,41,44,45,48,50,52,54,57,59,60 "11";
12 59 1 2,10,16,17,22,30,35,37,51,54,61 "12";
13 28 1 6,11,12,15,19,24,25,27,33,36,41,43,44,45,47,50,55,58,60 "13";
14 47 0 5,6,8,9,14,20,25,31,36,38,41,48,50,54,59 "14";
15 46 1 5,8,11,16,18,20,22,24,25,27,30,33,37,41,43,46,48,50,57,58,60 "15";
16 28 0 0,3,5,6,8,11,13,15,23,25,32,35,37,46,50,51,52,58 "16";
17 52 1 1,2,3,7,10,12,15,16,18,20,22,24,31,32,33,35,37,39,43,46,48,50,52,54,60 "17";
18 3 0 1,4,5,6,9,11,13,14,16,20,21,22,25,29,31,33,37,38,41,42,43,46,51,53,55,57,59 "18";
19 20 1 2,3,4,8,10,11,16,18,19,20,23,24,27,28,32,37,38,42,45,46,47,48,51,55,57,59,60 "19";
20 43 1 1,2,3,8,10,12,14,16,18,20,23,24,26,29,32,33,34,41,43,44,47,48,49,51,53,56,58 "20";
21 50 0 1,56 "21";
22 18 0 2,3,4,7,10,13,20,27,28,29,33,43,48,53,57,58 "22";
23 44 0 1,2,9,18,32,35,38,43,49,50 "23";
24 25 0 13 "24";
25 36 1 3,10,12,21,37,40,46,61 "25";
26 55 1 5,18,19,21,22,24,25,27,37,39,48,54 "26";
27 19 0 2,3,5,7,9,11,13,15,16,18,22,28,30,32,34,36,37,40,46,48,51,52,54,57,59 "27";
28 21 1 0,1,2,4,9,10,11,14,20,21,22,24,26,28,29,31,32,33,35,36,37,40,43,45,46,48,52,53,54,57,61 "28";
29 11 0 4,10,12,14,16,19,21,24,26,30,35,39,41,43,46,49,52,54,57,59 "29";
30 23 1 0,2,4,6,9,19,21,24,27,32,35,37,39,42,46,47,49,53,56,61 "30";
31 9 0 2,5,8,9,11,14,15,22,25,28,30,33,34,36,37,40,41,43,45,46,50,53,55,59 "31";
32 8 1 0,3,6,8,9,13,15,20,25,26,28,30,31,32,35,36,39,40,41,43,47,49,51,52,59 "32";
33 53 0 18,19,22,49,51,55,56 "33";
34 9 1 2,5,7,10,14,15,18,21,22,23,24,27,29,31,32,36,40,41,42,45,47,51,56,58,60 "34";
35 46 1 2,4,7,9,11,13,15,18,19,20,24,26,29,30,33,37,39,41,44,45,48,49,51,56,60,61 "35";
36 57 1 6,14,16,18,27,33,42,47,48,51,55,57,58,61 "36";
37 31 0 9,21 "37";
38 11 0 0,2,5,9,14,15,19,26,28,31,33,35,38,40,41,50,55,59,61 "38";
39 48 0 2,6,9,11,13,16,18,21,26,27,28,34,36,39,45,56,57,60 "39";
40 7 1 1,5,9,11,22,26,28,30,32,39,42,44,49,52,54,58 "40";
41 20 0 2,7,8,10,11,13,14,16,17,20,23,25,33,38,43,46,50,51,53,54,57,59 "41";
42 28 1 1,5,10,11,12,14,19,21,26,31,33,35,39,45,47,50 "42";
43 51 0 1,18,34,46,51 "43";
44 19 0 21,23,27,32,34,54 "44";
45 32 0 2,3,5,6,7,11,13,14,31,35,37,39,41,51,54,55,57,58 "45";
46 8 0 15,18,20,29,45 "46";
47 3 1 4,55,60 "47";
48 22 1 0,2,4,6,7,9,10,11,14,15,19,20,23,24,25,29,31,32,35,37,39,41,43,46,49,50,51,55,56,58,60 "48";
49 56 0 13,44,49,54,56,58 "49";
50 4 0 3,7,16,18,24,33 "50";
51 33 0 1,3,4,6,7,9,14,15,17,18,20,22,25,27,30,31,33,38,39,40,42,44,45,46,48,50,51,55,58,59,61 "51";
52 56 0 3,4,10,19,21,23,30,38 "52";
53 30 1 3,5,11,13,14,16,21,22,30,40,43,46,50,53,54,58,61 "53";
54 45 0 2,5,7,18,41,46,47 "54";
55 32 1 8,31,45,46 "55";
56 46 0 5,7,15,19,52 "56";
57 28 1 1,5,9,19,21,25,55,56,59 "57";
58 30 1 1,3,8,9,11,12,14,15,17,18,19,21,23,25,27,28,32,33,35,37,40,42,43,44,46,47,51,53,55,58,61 "58";
59 31 1 6,12,19,20,33,41,55 "59";
60 46 0 0,3,5,6,9,11,13,15,16,18,23,25,26,28,29,33,35,37,40,42,44,47,50,53,55,61 "60";
61 35 0 0,1,4,5,11,13,14,17,19,20,21,23,24,26,29,32,33,34,36,37,39,40,42,45,47,50,51,52,55,57,59 "61";
