parity 195;
0 85 1 0,6,13,18,23,25,32,36,47,50,51,54,56,65,75,78,84,85,87,101,104,109,112,118,120,124,125,129,130,133,139,140,141,144,146,152,153,155,159,170,172,177,179,181,183,186,190,191,193,195 "0";
1 81 1 0,17,27,29,36,37,41,42,48,49,56,59,62,74,75,78,91,97,101,111,122,124,126,132,133,143,144,153,154,157,158,161,163,166,167,170,181,183,186,189,190 "1";
2 95 1 6,11,15,22,30,34,37,38,42,44,46,50,53,55,56,59,61,63,64,66,72,74,75,79,86,92,93,95,96,97,102,105,108,109,112,114,118,121,125,129,131,133,137,142,148,150,151,152,154,159,163,167,173,175,178,181,183,186,188,190,192,193 "2";
3 120 1 3,8,10,22,23,25,38,41,43,44,60,64,67,73,80,84,85,91,99,101,104,105,111,117,119,131,134,136,138,143,149,152,155,161,171,172,177,178,181,188,194 "3";
4 0 0 0,1,5,10,17,20,21,24,28,29,30,35,40,43,46,48,52,54,57,62,68,69,73,77,78,80,84,86,93,95,97,100,105,107,109,114,116,117,118,119,121,123,125,127,131,133,134,137,142,144,145,147,152,154,156,157,159,160,162,164,165,166,167,170,174,176,179,184,186,189,190 "4";
5 73 1 0,2,4,7,9,11,13,14,18,20,24,28,29,32,37,39,40,42,43,46,48,51,54,56,57,60,61,69,72,74,76,79,80,83,84,86,87,88,90,91,93,95,96,97,105,107,108,111,112,113,117,119,121,122,124,126,129,131,133,135,137,142,145,148,149,151,160,162,165,169,171,172,174,176,179,183,185,187,188,190,192 "5";
6 115 0 0,2,4,6,8,9,11,13,16,17,18,20,22,23,25,30,33,39,41,43,52,54,57,59,60,62,64,65,66,68,70,75,77,79,80,82,83,86,87,88,91,94,96,100,101,104,107,111,112,115,117,118,120,122,124,126,127,130,133,135,138,139,140,141,148,149,152,155,159,161,163,165,166,171,178,180,181,185,187,189,190,191,192 "6";
7 122 1 1,4,7,8,10,12,15,16,18,19,22,23,24,26,28,32,35,37,38,40,42,44,46,48,49,50,53,55,56,59,60,61,63,65,66,68,71,73,74,77,78,81,83,85,90,91,93,95,96,98,100,103,104,107,109,111,113,114,117,119,121,123,125,126,129,130,131,132,135,137,139,140,143,145,147,148,150,152,153,157,159,160,163,164,169,174,176,179,180,182,184,185,186,189,190,193 "7";
8 5 1 29,40,46,61,63,80,88,90,96,103,139,191 "8";
9 183 0 18,61,70,78,104,172,174,183 "9";
10 81 1 3,6,16,22,27,30,33,37,38,41,42,50,55,58,59,62,69,75,78,81,96,99,114,117,118,120,122,130,134,142,144,145,152,159,188,195 "10";
11 133 0 0,1,9,12,13,15,16,20,22,26,28,29,31,34,36,37,38,40,42,44,45,47,48,50,53,54,55,57,59,61,62,65,67,69,71,73,79,80,81,83,86,91,92,93,95,96,98,99,104,106,108,110,111,112,113,115,117,121,122,125,126,127,130,132,133,135,137,141,145,147,150,152,153,156,157,162,166,168,170,172,175,177,179,181,185,186,188,190,192,193,195 "11";
12 110 1 2,18,44,52,65,67,81,93,100,104,108,119,124,126,143,156,157,179,181,190 "12";
13 168 0 48,81,88,133 "13";
14 78 1 13,28,46,53,57,72,83,91,96,113,129,140,145,148,168,172,179 "14";
15 111 0 0,1,3,5,6,7,10,15,16,18,23,29,30,32,34,36,39,41,47,49,51,53,55,57,59,62,64,67,71,72,77,78,80,81,82,84,85,87,91,95,97,99,100,103,106,109,111,113,115,117,120,122,125,127,128,130,131,134,136,137,139,140,145,149,150,151,153,154,165,166,168,172,173,175,176,179,181,183,184,185,188,190,193,194 "15";
16 28 0 4,8,12,16,18,20,23,25,26,28,36,39,47,49,52,54,59,61,64,68,73,77,78,79,82,83,85,87,88,90,93,95,98,100,102,104,110,120,121,124,125,127,130,131,143,145,148,150,154,156,158,160,165,169,172,174,176,180,184,187,189,194 "16";
17 28 0 6,12,33,35,60,71,73,78,91,96,105,116,117,120,132,134,135,139,145,146,154,169,171,180,191 "17";
18 43 0 3,4,6,8,9,11,13,14,16,17,18,21,22,25,30,32,33,37,40,41,42,43,45,47,49,51,53,55,60,62,65,67,69,73,75,76,78,79,81,84,86,89,91,93,95,103,105,107,109,111,112,114,115,120,121,126,128,129,131,132,134,135,137,138,140,141,142,143,144,147,150,155,156,158,160,162,165,167,169,171,173,174,177,183,185,190,192,194,195 "18";
19 49 1 1,2,3,7,11,16,18,20,23,24,27,28,29,31,32,33,36,38,39,43,45,47,50,54,57,60,63,66,68,70,73,75,77,79,81,82,83,84,88,90,98,99,101,102,103,105,107,109,111,113,116,119,122,123,128,130,132,135,139,142,143,148,150,154,155,157,159,168,169,172,176,178,179,181,189,192,194,195 "19";
20 136 1 1,5,8,27,49,55,60,72,89,95,123,126,132,137,140,155,157,174,185,194,195 "20";
21 22 0 15,24,54,77,100,117,120,147,192 "21";
22 107 0 0,2,4,6,8,11,14,15,18,19,22,25,29,30,32,34,35,37,42,44,45,51,54,56,58,60,64,66,69,73,76,79,81,82,85,87,91,94,96,97,99,100,101,107,111,113,115,117,119,122,124,125,126,128,132,134,136,137,142,149,150,153,156,157,158,159,161,162,164,166,167,170,173,175,176,181,185,187,191,192,193 "22";
23 4 0 0,3,9,16,21,24,31,35,44,45,46,48,50,52,58,59,64,67,70,71,75,76,84,95,97,107,111,112,113,115,128,133,136,142,148,151,152,153,158,164,175,178,179,183,190,194 "23";
24 71 0 5,15,17,19,25,28,50,66,69,71,75,76,78,82,92,105,137,195 "24";
25 167 0 6,8,10,12,14,17,22,23,29,31,33,34,36,37,40,42,43,45,47,48,50,51,52,54,55,57,63,69,73,76,79,81,82,86,89,90,92,93,95,97,99,101,102,106,108,110,113,122,123,125,127,128,132,133,138,139,141,143,144,146,149,152,153,155,158,161,164,165,167,168,169,172,173,176,178,180,182,183,185,187,190,194 "25";
26 138 0 1,21,30,35,39,43,45,52,55,56,62,65,68,70,74,78,80,81,84,85,87,88,96,100,101,111,113,116,118,121,125,128,129,135,138,140,144,150,153,155,157,161,163,169,175,178,184,186,189,191 "26";
27 60 0 7,17,20,21,25,30,32,39,46,47,61,64,67,73,86,87,98,100,106,115,118,122,125,127,131,134,159,163,165,169,183,187,189,190 "27";
28 104 0 1,14,23,24,35,41,43,64,72,79,83,86,103,108,110,113,117,124,128,131,136,147,154,163,166,170,178,187,189 "28";
29 171 1 54,101,133,156,168,193 "29";
30 115 0 0,10,11,14,16,22,31,33,36,38,42,45,47,50,59,61,63,71,78,86,89,92,94,96,101,103,104,106,109,115,116,123,124,130,133,136,139,147,150,153,154,155,161,163,165,174,179,180,184,187,188,190,192,194 "30";
31 140 1 23,34,37,40,70,87,98,102,146,164 "31";
32 92 0 7,9,26,27,45,55,59,64,65,67,74,75,85,113,124,133,140,151,160,172,194 "32";
33 162 1 174,192 "33";
34 75 1 1,5,12,14,24,29,30,33,36,38,45,47,56,58,61,63,64,72,83,89,92,95,98,102,105,110,113,115,116,122,125,127,129,140,141,147,151,154,157,165,175,180,182,186,190 "34";
35 173 0 0,11,14,19,25,28,30,31,34,42,44,45,48,52,56,58,61,66,67,68,69,71,73,85,91,94,95,103,106,109,111,118,123,128,131,134,136,139,142,144,148,152,157,161,162,165,169,172,173,178,183,189 "35";
36 93 0 4,10,16,18,64,101,113,126,135 "36";
37 22 1 5,13,15,19,30,31,38,47,49,58,60,64,66,72,77,80,83,99,103,105,111,114,115,125,131,133,140,149,150,158,163,173,177,182,184,185,188,191,193,195 "37";
38 100 1 2,4,5,6,8,12,13,15,17,20,21,29,30,32,35,36,37,38,40,43,46,48,53,54,55,56,61,63,65,67,69,74,78,79,82,85,88,90,93,97,99,104,107,108,114,115,117,129,131,133,137,138,140,143,148,150,151,153,154,162,166,167,170,177,180,182,188,195 "38";
39 146 0 3,22,31,38,48,56,62,67,68,80,101,103,121,123,128,131,143,151,174,178,190 "39";
40 107 0 0,7,16,26,31,47,48,56,64,81,98,106,108,116,130,132,133,139,142,145,165,168,180,186 "40";
41 46 0 26,41,56,96,102,126 "41";
42 55 0 3,18,19,25,31,33,35,39,44,46,53,75,77,79,82,87,89,93,99,102,111,120,142,147,148,151,156,161,163,168,174,176,182,189,190 "42";
43 40 0 0,2,11,15,23,24,26,29,34,36,43,48,51,52,53,56,65,66,74,75,84,86,87,93,105,109,120,124,132,141,152,153,154,160,165,176,186,191 "43";
44 64 0 1,19,24,30,33,50,59,82,88,97,113,140,151,154,162,179,181,182,186,195 "44";
45 38 0 20,50,58,68,85,88,91,99,101,112,116,119,136,139,150,157,164,171,173,179,185 "45";
46 67 0 11,18,63,65,75,86,110,119,127,140,142,152,164 "46";
47 68 0 4,48,54,125,138,167 "47";
48 95 0 1,2,4,5,6,10,13,14,17,19,22,24,28,38,40,41,43,45,47,50,52,55,59,62,65,66,68,71,72,73,79,81,84,86,88,89,91,93,95,100,103,105,107,110,112,114,122,127,129,131,138,140,141,142,144,145,147,149,154,155,161,167,171,174,176,181,185,188,189,195 "48";
49 61 0 5,9,13,17,27,31,33,43,47,54,55,58,60,63,65,75,79,82,93,95,98,100,104,108,109,110,113,116,118,122,130,134,142,148,152,162,166,170,184,185,190 "49";
50 2 0 2,3,5,7,9,13,17,21,22,26,27,29,34,43,46,48,52,53,58,61,67,68,69,71,77,79,81,83,89,92,94,99,106,108,109,113,122,124,128,131,133,136,141,143,149,153,156,157,161,165,166,169,170,174,177,179,187 "50";
51 152 1 3,8,9,21,28,38,40,65,76,91,100,113,123,127,147,150,157,159,166,171,180,194 "51";
52 2 0 1,3,6,7,8,9,11,13,17,22,27,29,32,34,41,43,48,50,54,59,60,61,66,68,69,71,73,75,76,77,79,81,84,89,93,96,98,100,103,106,109,110,115,117,124,126,127,131,132,136,140,141,143,145,148,154,158,161,164,169,173,174,175,177,178,180,181,187,189,193 "52";
53 91 1 1,5,8,10,11,14,15,16,18,20,22,25,27,28,30,34,35,40,42,45,47,52,53,57,59,66,69,71,74,76,78,80,83,90,95,96,98,101,102,104,108,109,112,117,121,123,130,135,140,141,144,149,151,153,154,156,158,161,162,164,166,168,171,175,177,178,182,184,188,190,191,193,195 "53";
54 120 1 1,5,7,11,14,22,23,25,28,30,32,37,38,41,43,44,46,52,54,55,57,59,60,62,64,65,67,70,73,75,77,79,82,84,86,87,89,91,93,95,101,105,108,109,114,121,122,126,128,133,136,138,139,142,144,145,147,150,151,152,157,160,162,164,169,174,175,178,180,181,184,186,188,189,192,194,195 "54";
55 116 1 5,9,17,19,24,25,38,41,46,47,49,51,52,56,57,60,63,67,69,81,88,89,94,96,100,101,104,106,119,121,123,125,128,137,138,153,154,158,160,161,165,172,174,181,191 "55";
56 30 1 1,5,8,14,15,25,27,28,49,56,58,73,83,95,119,124,129,133,134,141,149,160,180,188 "56";
57 95 0 5,6,10,16,17,26,27,42,45,47,49,52,57,60,62,70,71,74,81,88,90,92,95,105,111,112,120,122,132,136,138,139,142,145,148,157,158,166,173,185,191 "57";
58 131 0 0,1,3,6,8,10,15,21,22,25,27,31,33,34,35,36,42,43,44,46,49,52,54,56,59,60,61,63,67,69,74,75,79,81,82,85,89,90,92,95,97,98,101,102,104,106,107,109,111,113,116,118,121,122,125,130,133,134,136,137,139,142,143,144,149,152,153,155,161,162,164,165,170,172,174,176,179,181,189,190,193,195 "58";
59 53 0 1,6,13,17,19,21,23,25,30,33,35,37,39,48,50,54,55,58,61,63,70,73,75,76,79,82,87,90,93,94,95,97,99,100,103,106,110,113,114,119,126,127,128,129,133,138,140,145,148,149,151,153,155,158,162,164,169,170,173,177,178,180,183,186,190,193,195 "59";
60 49 0 0,1,3,6,8,9,10,12,14,15,17,18,21,24,25,26,28,32,36,37,38,39,41,45,47,48,49,52,53,54,56,59,60,61,63,65,68,69,72,74,77,78,79,81,82,86,89,90,94,98,103,104,106,107,109,112,114,115,117,119,122,124,126,127,128,130,131,133,134,139,140,142,147,149,153,156,157,158,160,163,164,166,167,168,169,170,171,173,177,180,181,182,183,192,195 "60";
61 38 0 0,7,10,13,15,20,21,27,30,32,39,40,46,49,54,57,61,64,66,67,70,73,75,77,79,86,88,89,104,105,106,115,121,123,128,130,136,138,142,156,168,170,173,175,181,183,187,190,195 "61";
62 86 0 0,4,29,39,43,52,57,64,74,89,100,103,105,110,122,136,156,170,174 "62";
63 48 1 1,9,17,21,27,32,33,41,43,45,53,58,64,69,77,82,83,87,89,94,98,105,109,129,131,134,136,140,143,145,146,147,151,156,157,158,161,165,169,170,173,179,181,182,185,193,195 "63";
64 22 1 8,13,19,27,30,34,36,42,51,54,55,56,59,62,64,74,75,79,85,87,88,93,99,119,120,124,125,127,135,140,141,147,152,154,156,166,168,171,174,179,187 "64";
65 129 1 7,10,12,14,15,17,22,25,27,30,32,33,36,37,39,42,44,45,47,48,52,55,56,64,65,68,75,79,83,85,87,98,100,102,104,118,119,120,121,128,132,134,137,141,144,146,149,151,154,156,157,158,161,164,168,170,174,176,182,187,191,193 "65";
66 2 0 0,7,11,23,29,31,33,36,45,52,56,59,64,71,72,73,95,105,112,118,124,127,129,140,144,155,162,163,167,178,180,183,184,186,189 "66";
67 132 1 1,2,5,6,9,10,12,13,15,16,20,23,24,34,36,42,50,58,64,68,70,71,73,76,84,88,92,94,106,110,112,113,114,117,119,125,128,132,135,138,140,143,145,150,152,153,162,164,165,167,168,171,173,176,177,180,189,191,193 "67";
68 159 0 0,4,6,7,9,10,11,13,16,19,20,21,22,25,30,31,33,39,43,48,49,52,54,55,57,59,61,63,65,67,69,70,71,76,77,79,80,83,87,88,90,93,97,100,105,108,109,111,113,115,118,120,122,123,124,127,128,130,131,133,136,138,140,141,142,145,151,155,156,157,159,161,162,163,166,169,170,173,177,178,179,181,182,183,185,188,189,191 "68";
69 102 0 0,3,4,13,14,17,19,20,24,47,50,54,57,58,60,64,66,70,71,73,78,80,86,87,93,98,100,103,108,110,111,113,117,118,123,125,138,139,143,145,148,150,152,157,159,161,163,168,170,171,176,177,180,188,189,192,194 "69";
70 36 1 6,9,14,19,21,26,28,34,40,41,49,61,68,72,74,76,77,85,87,89,90,94,110,112,118,125,130,142,146,147,153,155,158,166,171,174,183,185,188,193 "70";
71 0 0 5,7,15,25,27,33,46,54,57,60,61,62,66,67,69,73,74,77,80,82,84,88,96,97,106,114,121,123,124,129,130,133,135,137,140,142,144,147,150,151,155,158,160,162,166,172,180,182,186,190,192 "71";
72 26 1 3,117,132,185 "72";
73 189 0 5,7,8,10,12,15,16,18,22,29,30,31,35,37,41,43,48,49,52,54,58,61,63,69,70,73,75,77,82,86,89,90,94,96,98,100,103,104,106,108,110,113,114,116,118,122,124,126,128,131,133,137,145,147,149,152,153,155,157,159,162,165,167,169,171,172,174,176,177,179,180,182,183,185,188,189,193,195 "73";
74 109 0 0,15,28,40,44,45,56,58,62,69,73,78,86,100,116,118,124,136,137,142,144,162,179,182,185,188 "74";
75 85 0 8,12,17,41,56,77,90,121,131,138,163 "75";
76 134 0 5,7,8,9,16,24,26,32,35,45,51,62,70,72,73,83,88,94,99,103,112,114,119,123,133,138,141,143,145,150,153,157,160,165,166,175,183,185 "76";
77 166 1 1,16,18,20,30,32,33,56,60,68,101,105,118,123,132,151,156,160,167,187,188 "77";
78 89 0 1,7,9,10,12,17,18,20,21,23,27,29,32,36,40,41,42,43,45,47,49,52,54,55,60,61,63,66,74,75,77,78,80,82,84,86,88,92,93,96,98,99,101,102,107,109,110,113,115,117,119,121,122,129,133,134,138,139,140,142,143,145,146,148,152,155,158,160,162,165,166,169,173,174,175,177,178,179,182,186,187,193,195 "78";
79 100 1 0,3,7,10,12,13,16,20,22,24,26,28,35,39,40,43,46,47,51,53,54,55,57,59,66,68,73,75,77,78,82,85,87,90,94,95,97,100,106,108,111,115,116,118,121,122,125,127,128,132,133,137,139,140,142,145,147,150,153,155,157,158,160,164,166,169,171,174,175,177,178,179,183,184,186,187,189,192,193 "79";
80 89 0 3,5,6,7,10,14,16,17,22,24,26,28,30,35,39,40,43,47,48,52,55,58,59,63,64,66,68,70,72,75,76,79,80,88,89,90,97,99,105,107,111,113,116,117,120,122,123,126,132,143,152,154,155,156,158,161,164,165,168,174,176,178,180,182,187,191 "80";
81 96 1 2,6,8,9,10,12,13,15,17,18,20,22,24,26,28,29,31,34,35,37,41,42,46,48,50,51,55,56,59,62,65,67,71,72,74,75,76,79,80,82,86,88,89,91,95,96,101,103,104,105,108,110,111,113,117,121,124,125,127,131,132,134,137,144,146,147,149,151,152,155,157,158,162,164,165,166,168,170,172,174,175,177,181,187,188,193,194 "81";
82 192 1 0,1,3,4,8,12,15,21,23,25,30,31,35,37,38,45,47,50,51,60,64,73,76,78,82,83,85,89,91,92,94,100,101,109,112,115,118,122,124,126,128,131,136,140,141,148,154,160,161,163,168,174,185,187,191,193,194 "82";
83 193 1 1,4,7,9,10,12,16,17,19,21,22,24,27,30,32,33,38,40,42,45,46,49,51,57,59,62,63,66,68,69,71,76,82,84,87,88,89,92,96,98,99,104,107,118,120,121,124,126,130,132,139,141,146,147,148,152,157,158,161,162,164,166,169,170,172,175,176,178,183,185,186,191,194 "83";
84 132 0 1,3,7,9,11,12,13,16,19,21,22,24,26,28,33,40,46,50,52,54,57,62,64,67,70,72,74,77,80,87,89,92,94,98,102,105,109,116,118,119,123,124,126,128,130,133,135,137,140,142,146,147,149,152,155,161,164,172,175,178,181,186,190,191,192,193,195 "84";
85 126 1 2,8,12,13,17,25,34,36,42,44,52,57,59,65,69,70,72,73,74,77,79,84,86,88,93,96,98,101,102,107,111,112,113,116,118,119,121,122,124,127,130,133,137,138,139,141,143,148,150,153,154,157,158,163,168,170,175,176,179,181,185,186,190,194 "85";
86 150 0 3,5,7,15,28,29,33,40,56,62,77,79,82,83,84,88,93,95,99,100,110,126,134,136,139,141,149,152,161,163,170,172,174,184,186,188,193 "86";
87 136 1 2,3,7,8,10,13,16,20,24,37,39,42,46,49,50,52,54,55,58,59,61,69,72,74,79,82,88,90,93,104,108,109,110,115,117,118,123,125,127,129,131,147,152,155,157,160,165,166,170,178,181,183,193,195 "87";
88 73 1 0,3,4,5,7,8,9,10,12,19,20,23,25,27,28,30,31,36,38,40,42,43,45,47,49,51,54,55,56,58,63,65,66,68,72,73,76,78,79,81,87,88,90,94,95,100,104,105,106,115,118,122,123,124,126,128,130,131,134,136,137,138,141,142,144,145,148,149,150,153,154,155,157,159,160,162,165,167,170,176,178,180,182,184,185,188,189,190,191,193,194 "88";
89 159 0 4,5,7,10,13,15,17,23,27,32,34,38,39,41,43,44,45,47,49,50,52,54,57,60,61,64,65,69,70,71,76,78,79,81,83,84,88,90,91,93,94,96,100,101,102,105,107,108,109,110,113,114,116,119,121,124,126,128,131,133,135,137,138,139,140,142,146,147,149,153,155,156,158,160,165,167,169,170,171,172,173,175,182,184,185,187,192,195 "89";
90 111 1 1,3,5,6,9,11,12,15,16,19,23,25,28,29,32,33,36,38,39,41,43,45,46,47,48,50,51,52,55,56,58,59,61,63,65,68,69,71,72,74,75,76,77,79,80,81,82,84,85,88,91,92,94,95,97,98,100,101,104,105,107,109,111,113,118,122,124,126,128,130,132,135,137,140,141,142,146,151,152,154,156,158,162,163,165,170,172,174,177,179,180,183,185,187,189,191,194,195 "90";
91 124 0 0,3,5,8,9,11,12,14,20,22,25,27,30,31,34,40,43,45,46,52,57,58,62,63,67,70,75,80,85,87,90,100,101,102,104,108,111,113,118,119,120,121,123,128,130,135,136,141,143,147,150,151,153,157,158,160,162,166,169,171,174,175,179,180,181,183,189,191,193,194 "91";
92 155 1 1,4,12,14,20,26,29,31,35,38,42,44,46,52,53,55,58,66,72,75,78,80,82,85,89,90,94,96,97,99,101,103,105,108,111,118,125,126,127,132,133,135,138,139,146,147,149,152,154,156,157,159,161,169,171,174,176,177,178,182,190,195 "92";
93 143 0 0,3,7,8,9,10,12,13,18,20,23,26,27,28,30,32,37,39,42,47,51,52,59,62,63,67,68,71,73,74,78,79,82,84,86,89,92,94,95,99,101,105,108,116,117,125,127,134,137,138,139,142,144,145,146,151,153,155,161,166,169,171,174,184,185,188,189,191,194 "93";
94 97 0 26,28,34,37,55,58,108,119,141,147,182 "94";
95 70 0 3,7,10,12,15,19,20,23,24,25,28,31,34,36,39,41,45,48,51,53,54,56,58,60,63,66,67,70,71,76,79,80,82,84,86,90,92,93,98,100,101,104,106,111,113,115,120,121,122,129,134,138,139,143,156,158,159,162,171,173,175,180,182,183,185,186,188,195 "95";
96 94 0 0,10,13,16,18,19,22,32,41,49,54,66,88,103,131,134,144,148,158,164,171 "96";
97 97 0 1,4,9,16,21,22,26,29,30,35,42,56,60,63,65,66,74,80,83,91,92,97,100,111,113,115,124,129,132,147,149,156,160,167,169,173,175,177,180,184,188,194 "97";
98 67 1 0,3,4,16,18,21,22,24,26,28,34,36,40,42,50,53,63,65,66,71,74,79,82,91,93,96,121,126,128,130,135,151,154,160,161,167,173,186,188,192,194 "98";
99 72 1 0,2,10,13,18,20,23,26,28,38,39,45,64,68,71,75,77,80,90,98,102,103,106,112,114,120,122,127,133,136,142,145,151,152,158,160,163,165,167,168,173,177,180,182,189 "99";
100 68 1 0,2,3,9,10,12,14,15,17,22,25,27,31,38,44,47,49,50,55,58,67,68,73,76,78,80,84,87,90,92,97,98,100,105,108,115,117,119,123,125,132,137,143,145,148,151,154,156,157,174,178,182,184,192,195 "100";
101 122 0 1,3,5,8,9,13,22,27,30,34,36,40,42,44,46,48,49,51,53,56,61,63,66,72,76,86,91,92,105,108,118,121,123,129,132,133,144,148,153,164,167,171,173,176,178,183,186,188 "101";
102 169 0 4,10,12,13,21,24,28,32,36,42,47,53,59,62,69,71,77,79,81,86,90,92,104,110,111,117,120,124,143,144,149,151,160,165,170,176,179,184,195 "102";
103 149 1 2,14,45,65,104,107,116,117,121,126,134,154,183,188 "103";
104 62 1 2,4,5,7,8,12,14,16,18,23,26,28,30,32,33,34,37,38,40,42,45,46,49,51,57,58,60,62,63,64,65,66,68,69,71,72,73,75,77,79,81,83,86,88,89,91,93,95,98,101,105,107,110,112,114,117,120,121,123,125,126,127,130,132,133,134,136,138,139,141,143,145,146,147,148,149,155,157,159,162,163,164,165,168,171,172,175,179,182,183,185,187,191,192,193,195 "104";
105 93 1 8,16,26,31,45,47,51,57,64,70,74,101,104,108,119,122,124,127,135,147,153,154,155,160,169,171,186,188,192,195 "105";
106 65 1 0,3,5,6,8,11,14,16,19,24,28,31,32,35,39,47,50,52,56,58,60,61,62,69,70,71,73,76,80,83,87,89,95,102,104,107,109,111,115,116,123,124,126,128,129,131,133,134,137,140,141,142,144,145,146,148,149,155,156,159,162,164,166,168,172,174,176,178,183,184,186,193,195 "106";
107 83 1 2,3,7,8,10,12,14,16,20,21,24,25,26,28,33,34,36,39,40,42,43,49,51,54,57,62,64,71,72,73,76,80,86,87,89,92,94,96,97,98,102,103,105,106,108,110,111,112,117,119,126,129,131,132,133,134,138,140,142,144,151,153,159,160,162,165,167,169,171,177,180,184,185,187,188,191,193 "107";
108 77 0 0,3,4,5,7,9,12,15,17,20,23,25,29,32,36,39,40,46,47,48,54,56,58,59,64,65,67,70,72,75,76,77,79,81,87,89,90,96,98,101,102,103,105,106,108,110,112,114,117,120,121,122,123,125,127,129,131,134,138,141,143,145,146,149,150,152,154,155,156,158,163,165,167,168,170,173,175,178,179,181,183,185,187,188,190,193 "108";
109 190 0 78,87,106,109,113,127,154,193 "109";
110 34 1 2,4,16,30,53,67,77,80,120,132,164,174,185 "110";
111 26 0 0,8,11,17,25,37,39,53,61,84,95,98,102,104,109,112,120,126,137,158,162,165 "111";
112 45 0 0,5,9,12,15,18,22,24,26,29,31,33,35,36,38,43,45,48,49,53,54,58,63,65,66,67,71,72,73,75,80,89,93,94,96,98,100,101,103,106,109,111,114,115,118,121,123,127,129,130,132,133,135,136,138,141,143,146,147,150,155,157,160,163,164,170,171,174,175,177,179,181,183,187,189,195 "112";
113 184 1 0,3,5,8,11,13,14,16,18,19,23,25,34,39,42,44,46,49,53,57,59,63,64,65,67,68,70,72,76,79,81,82,85,87,90,93,95,97,100,103,104,105,107,110,114,115,117,122,124,126,130,132,137,139,143,149,150,154,156,159,162,165,170,171,174,176,178,180,182,185,187,189,192,195 "113";
114 101 1 13,21,64,82,101,135,147,152,163 "114";
115 152 0 4,6,8,9,11,14,18,19,27,34,38,43,45,49,55,62,68,72,73,76,78,86,90,95,99,104,108,110,112,116,119,122,128,130,132,135,137,139,140,142,149,152,158,162,169,171,177,186,188,190,192 "115";
116 48 1 1,3,6,9,13,27,29,32,35,36,41,42,46,51,54,58,60,67,70,71,73,75,78,82,87,93,101,103,105,110,115,118,120,125,128,129,133,138,140,143,153,157,169,173,182,191,195 "116";
117 3 1 4,8,16,18,29,51,65,79,82,87,93,95,104,120,122,123,124,137,145,155,156,162,173,182 "117";
118 49 1 0,103,138,147,154 "118";
119 64 1 2,4,5,7,9,10,12,13,15,17,20,21,22,25,27,29,32,33,35,40,44,50,51,52,55,57,58,64,68,70,78,80,89,96,100,102,104,108,111,112,115,116,120,121,123,125,127,131,133,134,136,138,141,142,146,147,151,153,154,159,165,167,169,172,173,178,179,183,188,190,193 "119";
120 98 0 5,10,16,17,22,25,39,41,42,45,48,52,54,57,63,67,71,75,76,80,84,90,93,95,104,110,114,116,118,125,128,129,137,139,141,145,146,147,155,157,159,166,168,169,174,182,188,189,191 "120";
121 63 0 1,4,7,9,14,17,18,20,23,26,28,29,30,33,37,39,43,44,48,49,51,57,59,60,65,67,69,75,76,80,82,84,85,88,89,90,92,93,96,98,100,102,104,106,108,110,111,112,116,118,119,120,122,123,124,126,130,134,136,137,138,139,142,144,145,146,148,153,154,156,158,160,162,164,166,170,175,178,181,185,187,191 "121";
122 72 0 23,33,35,49,53,59,99,104,109,127,151,166,187 "122";
123 63 1 0,9,10,15,17,18,24,30,33,36,38,44,46,48,50,54,57,59,60,65,66,68,75,78,80,86,88,90,92,100,103,105,106,111,113,115,124,127,129,133,137,138,143,144,146,148,150,153,160,161,163,164,165,170,171,173,178,181,182,184,186,189,192,193,195 "123";
124 160 1 4,6,8,10,14,15,22,24,25,27,29,31,34,35,38,41,43,45,47,49,51,53,56,58,65,69,71,73,75,77,78,81,82,83,88,89,90,91,93,95,102,103,104,106,108,111,112,114,115,116,118,119,120,125,130,132,135,137,139,142,146,150,151,153,154,157,159,161,164,166,167,171,173,174,176,178,185,186,188,190,193,194 "124";
125 187 1 0,1,4,5,8,9,11,12,14,15,16,19,20,26,27,30,34,36,37,40,41,42,46,49,52,53,55,56,57,60,61,63,65,66,68,71,74,78,82,85,89,95,96,102,106,108,110,119,121,124,127,129,132,135,136,137,139,141,142,147,148,150,152,154,156,159,160,166,168,169,175,177,182,186,189,190,192,194 "125";
126 96 0 0,1,2,5,7,10,12,17,20,24,26,27,28,31,32,34,35,36,39,42,44,45,48,49,55,57,58,62,64,66,67,69,71,73,74,76,77,80,85,87,93,94,95,99,104,107,109,110,113,116,122,127,131,132,134,135,138,141,143,145,147,149,150,152,154,156,158,160,164,167,169,171,174,176,178,179,182,187,191 "126";
127 91 0 0,1,3,4,5,7,8,11,12,13,16,17,18,19,20,21,23,26,29,30,32,37,38,43,45,47,49,51,52,56,58,64,67,70,71,73,74,76,81,83,85,87,89,90,91,93,94,96,97,100,102,105,108,110,111,112,114,115,123,126,129,131,135,144,147,148,151,153,154,158,162,164,167,169,171,175,179,181,183,185,188,191,193,194,195 "127";
128 35 0 2,8,39,52,64,68,88,128,165,175,180,186 "128";
129 118 0 6,10,19,24,26,32,37,41,44,48,52,53,61,62,68,73,78,80,81,83,87,89,91,94,111,117,119,123,124,126,128,132,134,137,140,142,144,145,146,152,157,159,162,164,166,169,171,174,179,184,191,193 "129";
130 189 0 14,16,20,32,33,41,58,68,69,78,89,94,99,113,128,131,133,147,153,156,175,179,180,182,185,195 "130";
131 195 0 14,19,27,32,33,35,37,46,48,51,58,61,65,71,72,74,77,79,80,83,85,87,89,99,103,111,112,115,117,132,135,139,140,145,147,153,159,166,167,187 "131";
132 37 0 9,13,14,16,18,19,25,26,28,31,36,40,44,49,62,67,69,71,72,77,82,83,86,88,91,94,95,108,109,111,116,119,129,138,150,156,170,174,176,181,191,195 "132";
133 154 1 0,1,3,5,8,9,11,14,17,20,22,23,26,32,33,36,42,48,49,53,56,59,60,63,65,66,69,72,77,79,80,82,87,89,91,96,97,99,100,103,108,110,116,119,123,124,125,127,130,132,133,137,143,145,146,148,150,151,154,158,159,161,164,166,169,171,172,175,177,181,182,184,187,191,193 "133";
134 111 1 2,5,7,8,15,16,18,20,21,22,23,27,28,30,31,33,34,36,37,38,39,44,47,50,52,55,59,61,68,69,71,72,73,75,77,79,81,82,85,87,88,89,92,93,95,97,99,101,102,103,106,107,109,114,115,116,117,119,121,123,124,127,129,131,137,138,140,142,145,146,149,152,154,156,157,161,166,169,172,173,175,177,179,183,185,186,189,192,194 "134";
135 190 0 2,3,9,14,32,81,87,93,113,114,121,123,125,129,132,141,150,180,195 "135";
136 50 1 0,2,5,6,9,11,13,14,16,19,22,24,25,27,28,30,32,34,36,37,44,47,49,52,58,62,64,66,67,71,72,74,83,86,94,96,101,106,108,111,113,117,121,122,125,126,130,134,138,140,142,148,152,154,158,165,167,169,173,180,181,182,189,191 "136";
137 113 1 1,7,12,14,15,18,25,30,38,39,41,48,50,54,55,58,61,67,72,76,79,80,85,90,91,93,100,103,104,108,113,117,130,133,135,137,144,150,154,156,159,165,171,173,179,186 "137";
138 38 1 10,13,15,30,45,55,57,64,81,83,89,110,128,132,136,148,151,156,160,173,182,184 "138";
139 183 0 0,2,3,6,9,14,15,17,20,21,24,26,31,36,37,38,40,41,47,49,50,52,54,61,62,69,72,75,80,82,84,87,89,91,97,99,101,105,110,113,116,117,120,125,127,132,134,136,137,139,141,146,149,151,153,158,161,168,176,178,179,183,184,186,191 "139";
140 140 1 13,22,26,30,32,36,40,42,43,48,53,70,76,91,93,101,109,116,121,130,133,144,149,157,158,165,166,176,182,185,188,195 "140";
141 186 1 0,7,11,19,20,21,25,27,29,38,43,45,47,52,53,54,60,69,70,72,74,80,82,84,85,91,94,96,99,102,105,108,110,114,119,121,122,124,126,128,129,134,137,138,141,144,146,147,150,153,156,161,163,165,166,169,170,175,177,179,181,184,191,193,195 "141";
142 27 0 8,17,23,25,34,36,38,40,44,46,51,52,55,61,65,67,70,73,75,81,84,85,90,95,102,107,120,121,134,141,143,151,160,164,166,169,180,181,186,189,192,194,195 "142";
143 152 0 18,152 "143";
144 10 0 1,2,7,8,15,17,19,21,23,29,30,32,34,35,36,39,40,44,45,48,52,57,58,63,66,71,74,76,79,81,84,86,88,89,91,92,98,100,102,109,111,113,114,115,120,121,128,131,133,138,146,148,149,153,164,166,168,172,174,176,178,179,181,182,185,187,188,191 "144";
145 33 1 7,17,36,40,46,60,124,153,160,170,172,175,178,183,189 "145";
146 71 1 3,20,29,40,46,61,72,76,87,92,104,111,130,149 "146";
147 158 1 3,5,6,8,11,13,15,16,18,19,22,23,25,27,29,31,32,34,38,39,41,42,44,45,48,51,53,56,58,60,63,69,72,73,74,78,80,81,83,86,90,91,92,93,95,99,100,101,102,104,105,106,108,110,111,117,119,121,122,123,126,127,130,131,132,134,135,136,138,140,143,144,146,148,149,150,152,154,156,158,161,162,165,169,173,174,176,178,180,182,184,185,186,190,193,194,195 "147";
148 94 0 2,4,7,9,11,12,13,15,17,19,21,23,24,26,27,28,30,32,34,36,38,40,44,46,47,48,50,51,52,54,55,57,60,61,63,68,72,75,76,79,80,82,84,86,91,93,94,96,98,103,109,110,112,113,115,116,119,123,124,126,127,130,132,135,137,140,142,144,145,149,151,154,156,158,160,162,165,166,168,169,170,172,173,177,178,180,183,184,186,189,191,195 "148";
149 192 1 1,4,6,8,9,12,14,19,20,24,29,31,35,36,38,41,44,46,47,49,50,51,53,54,56,58,61,64,71,74,76,77,78,83,85,86,89,91,93,94,98,100,101,102,104,105,107,109,111,116,119,121,123,125,127,129,132,135,138,139,140,142,144,145,147,148,150,151,153,154,157,160,161,165,167,171,173,174,175,178,179,180,182,183,184,187,189,190,194 "149";
150 153 0 2,4,9,10,13,14,17,19,22,24,31,34,38,40,42,44,45,46,47,50,51,53,58,59,63,64,66,69,76,78,88,91,95,98,99,101,103,105,107,108,110,114,118,120,123,125,126,128,130,137,144,146,147,154,156,158,161,164,166,167,169,170,172,175,177,178,182,188,194 "150";
151 146 1 0,1,3,7,8,11,16,17,19,22,25,27,38,41,42,46,48,50,52,53,59,61,62,64,67,71,72,74,76,79,80,81,83,87,90,93,95,97,102,103,104,107,108,110,112,114,115,116,118,120,122,123,124,130,135,138,139,141,142,145,149,150,152,155,156,158,160,162,165,166,170,171,173,176,179,180,183,186,192,195 "151";
152 68 1 2,24,51,57,77,87,96,106,126,144,149 "152";
153 155 1 4,12,19,35,45,51,61,71,75,83,84,92,95,103,110,127,152,156,167,168,186,191 "153";
154 106 1 1,3,7,11,17,18,20,24,25,28,31,34,36,37,39,41,42,45,48,49,50,51,54,56,57,60,61,62,64,66,68,71,74,78,80,82,83,85,89,91,94,95,97,99,101,104,108,112,116,118,122,123,126,127,129,132,134,136,138,140,141,144,145,147,153,155,156,157,159,162,165,167,169,171,173,176,178,180,181,183,185,187,189,190,195 "154";
155 184 0 1,2,9,12,23,27,35,41,43,51,54,67,72,75,77,81,83,88,90,96,98,100,102,106,107,113,117,121,123,124,125,128,129,132,133,138,141,143,145,147,149,157,159,163,164,167,171,173,174,178,179,183,185,187,188,194 "155";
156 152 0 1,2,5,6,9,10,12,13,14,16,17,19,22,24,26,30,32,33,36,37,40,45,48,49,50,52,54,55,59,61,63,64,66,67,70,71,73,74,75,79,80,84,86,89,93,94,96,99,100,102,104,105,106,111,114,116,118,119,121,122,126,128,130,131,133,135,137,138,141,143,144,145,146,148,149,152,153,155,156,157,159,166,168,169,171,172,173,178,180,181,183,184,185,188,189,191,192,193 "156";
157 148 0 1,3,6,11,13,15,18,22,24,28,31,33,34,37,46,49,59,63,66,70,75,79,82,91,98,101,102,107,111,114,116,117,118,120,121,123,126,132,135,142,145,148,152,159,162,163,165,169,170,172,173,177,188,189,190,192,193 "157";
158 70 0 2,7,9,11,15,20,29,41,43,45,46,50,55,56,58,59,61,62,65,72,74,78,81,82,84,86,92,96,98,101,104,107,108,109,117,118,121,125,133,138,145,146,151,154,155,160,163,167,170,172,174,178,185,189,190,193 "158";
159 16 1 0,2,7,9,21,23,29,35,37,39,41,43,46,47,50,52,55,60,63,70,80,83,85,88,89,92,93,96,101,103,105,110,113,119,120,128,130,133,135,139,141,144,146,148,152,155,161,162,164,171,172,178,179,188 "159";
160 89 0 6,14,16,25,54,60,62,65,73,80,87,93,97,108,111,115,120,136,159,167 "160";
161 112 0 2,3,7,10,12,14,16,17,19,21,23,25,26,28,30,32,33,37,39,40,43,44,47,48,50,51,53,57,60,62,65,66,70,71,73,75,78,79,80,83,85,87,89,91,92,93,95,96,100,102,103,105,107,108,110,115,118,122,123,125,129,132,135,138,146,148,153,154,156,157,159,161,163,164,166,168,173,175,176,180,182,185,188,189,190,192,195 "161";
162 104 0 11,27,33,40,49,59,83,101,106,107,113,119,122,124,152,158,178,195 "162";
163 43 1 8,9,25,26,28,30,34,36,37,39,44,46,47,55,59,65,67,69,71,73,76,79,80,83,86,87,92,97,100,104,105,111,113,116,121,122,125,132,138,140,142,144,146,148,154,158,164,166,167,171,173,176,178,187,188,193,195 "163";
164 185 1 11,16,22,38,40,48,58,59,68,70,74,77,92,96,124,127,134,136,163,165,166,171,188,190,192 "164";
165 177 1 10,12,17,21,37,43,45,51,65,66,71,78,82,92,103,104,111,119,126,134,136,144,150,154,161,163,164,166,169,171,177,186,195 "165";
166 105 0 5,18,20,21,25,29,36,62,73,117,126,133,140,147,150,165,166,178,183,195 "166";
167 98 1 21,79,140 "167";
168 145 0 5,10,12,14,20,25,36,38,39,42,45,47,51,55,59,70,71,85,90,96,104,106,113,120,121,127,130,132,137,143,147,150,152,156,162,170,176,178,182,184,191,194 "168";
169 181 1 0,2,3,5,6,8,12,14,18,20,21,23,24,26,27,28,30,35,36,38,40,45,46,51,53,55,56,57,59,63,65,66,68,75,77,79,87,90,93,96,97,99,100,103,105,107,108,109,111,112,114,118,120,126,129,131,132,134,136,139,148,150,152,153,156,157,159,160,163,165,166,169,171,172,174,176,178,179,181,183,185,187,189,191 "169";
170 132 1 2,10,13,14,26,30,44,46,49,59,64,78,80,85,89,93,102,108,111,113,117,121,123,124,129,133,136,151,155,168,175,177,183,185,187,189,193,195 "170";
171 87 0 5,6,8,10,12,13,18,20,21,23,27,30,32,35,36,37,40,42,44,45,47,50,51,53,55,57,59,60,61,64,65,67,71,76,77,80,84,85,91,93,95,96,98,100,101,103,105,106,108,110,111,112,117,118,121,122,124,129,132,134,136,138,143,145,149,155,157,161,162,164,165,166,167,170,172,174,175,182,184,185,186,187,190,192,195 "171";
172 190 0 2,4,7,9,10,13,14,21,23,26,28,31,33,35,38,45,49,51,55,59,60,63,64,66,67,70,72,73,74,79,81,83,84,90,92,94,96,98,101,102,104,114,116,120,123,127,128,131,133,134,135,139,140,143,145,150,154,157,160,162,166,168,172,173,178,181,183,186,189,190,195 "172";
173 138 0 3,11,16,18,21,22,23,25,32,35,37,42,45,46,48,49,51,53,54,55,59,61,63,65,67,68,70,71,74,75,77,80,84,85,87,89,92,93,100,102,105,108,109,114,118,119,121,122,125,127,130,132,133,135,136,138,144,147,149,150,152,154,156,158,165,167,169,174,176,180,187,190,191,194,195 "173";
174 1 0 0,1,3,6,8,11,12,17,19,20,22,24,27,28,31,34,35,37,44,45,47,48,52,53,56,61,63,64,69,70,73,76,78,80,83,85,86,88,89,90,93,95,98,103,106,109,120,125,126,129,131,135,138,140,141,143,144,147,149,151,154,155,158,163,164,166,167,173,176,177,181,183,185,187,188,190,191,192,194,195 "174";
175 52 1 3,6,7,10,12,13,15,18,20,26,28,31,34,36,52,64,69,75,77,79,81,86,88,90,93,95,101,106,108,109,112,113,115,117,126,130,139,141,142,148,149,157,159,163,165,166,170,173,176,179,185,191,193 "175";
176 43 1 2,9,19,25,36,44,64,133,172,181 "176";
177 84 0 2,4,7,8,10,12,14,31,33,35,38,41,42,44,47,50,53,54,57,58,60,64,66,67,69,76,78,81,84,86,87,92,95,99,103,104,106,107,109,110,113,114,115,117,120,121,125,126,132,134,135,137,138,141,143,145,151,153,155,159,160,162,163,165,168,169,171,179,180,182,185,187,193 "177";
178 3 0 0,6,11,18,22,26,28,32,34,36,40,44,45,53,57,59,64,67,70,73,76,78,89,90,93,98,100,108,109,113,116,118,119,121,124,127,133,137,138,140,146,152,154,155,159,160,162,170,172,173,178,184,187,190,191 "178";
179 96 1 8,21,22,31,39,42,57,63,65,70,75,77,79,105,108,111,115,121,127,128,132,139,141,148,161,168,174,177,179,185 "179";
180 39 0 111,152,195 "180";
181 79 1 91,94,106,122,124,160,171 "181";
182 103 0 1,3,4,8,11,12,13,16,18,21,23,24,25,27,29,31,32,33,34,37,41,44,48,49,51,52,59,61,63,64,65,69,72,74,75,79,81,83,84,90,92,94,95,97,100,101,102,104,105,109,111,113,115,118,121,123,125,127,128,130,132,134,135,137,140,141,143,144,145,147,149,152,154,155,156,159,160,164,166,168,171,174,175,177,178,180,181,183,185,186,188,191,195 "182";
183 49 1 6,9,14,30,32,40,50,56,58,74,79,82,88,100,103,106,109,111,113,117,121,124,129,143,148,154,164,174,176,194 "183";
184 25 1 8,11,15,23,26,31,33,41,44,57,58,61,66,80,83,84,89,91,92,98,102,106,112,115,120,123,127,131,135,148,156,159,166,174,177,189,192 "184";
185 90 0 0,3,4,6,11,13,14,20,27,29,30,34,36,39,41,43,45,46,48,49,51,52,54,55,56,58,60,62,63,65,66,67,70,72,76,78,81,83,84,87,90,91,94,98,100,103,106,107,109,110,111,112,114,116,117,123,124,128,129,130,133,134,136,140,142,147,149,150,153,154,156,159,161,162,164,166,171,174,176,177,179,181,184,185,187,189,190,191,193 "185";
186 131 0 0,2,5,8,10,19,20,21,23,24,26,27,29,31,32,35,36,38,39,40,42,45,46,47,48,50,54,56,58,60,62,64,66,68,71,74,77,82,84,85,92,94,98,100,102,103,106,108,111,116,118,119,122,124,125,129,133,134,137,139,140,141,144,147,149,150,151,153,155,157,159,160,161,162,167,169,170,174,175,178,179,180,184,185,187,188,190,193,194 "186";
187 29 0 3,5,13,15,18,21,22,24,27,34,40,41,42,44,46,56,58,66,67,73,75,79,81,84,88,89,97,98,100,111,115,117,128,130,133,136,140,143,146,147,151,155,158,159,164,175,177,179,181,183,186,195 "187";
188 91 1 1,3,5,7,9,11,13,15,19,21,27,29,30,33,34,36,38,40,42,44,45,47,48,53,55,56,62,66,74,77,86,92,94,97,98,102,103,105,106,111,113,115,117,119,120,123,126,131,135,136,138,140,142,143,147,148,151,153,157,159,160,161,164,165,168,171,173,175,178,179,183,186,188,191,192 "188";
189 0 0 1,3,6,8,10,11,12,16,18,19,24,28,29,35,36,37,39,42,45,46,47,49,51,52,54,56,58,59,60,62,65,66,67,71,73,74,75,78,79,82,83,84,85,88,89,91,93,95,96,98,103,110,113,116,119,120,123,124,130,132,138,139,141,145,146,147,149,152,157,159,160,163,164,165,167,168,170,173,175,177,179,180,183,185,186,191,193 "189";
190 189 0 5,6,27,31,33,49,76,84,91,104,108,110,116,121,127,137,143,158,169,170,179,187,189,192 "190";
191 105 1 5,8,21,33,36,39,45,49,54,75,76,85,91,93,102,105,109,111,118,121,124,131,138,147,150,164,170,173,176,189,194 "191";
192 150 0 0,7,20,28,31,35,61,72,74,93,96,107,136,157,169,184,195 "192";
193 46 0 0,2,5,6,8,11,12,13,15,17,18,22,24,25,27,29,31,32,33,41,43,44,46,48,49,51,52,53,58,59,60,63,67,69,70,72,73,75,78,81,82,84,89,91,94,96,98,99,102,103,104,106,108,112,116,122,123,127,129,133,134,135,137,142,144,146,147,154,155,156,157,159,160,162,163,165,167,170,172,174,176,179,182,185,187,188,193,194,195 "193";
194 164 0 2,5,7,9,10,12,17,20,28,34,40,49,51,54,55,63,67,74,76,78,89,91,92,99,105,107,108,110,114,116,119,126,128,129,132,133,134,138,141,142,145,146,154,155,159,161,162,169,173,174,183,184,189,193 "194";
195 159 1 0,13,15,18,35,47,51,54,56,62,64,67,78,81,86,90,93,101,103,107,110,112,118,121,128,134,136,140,142,156,158,163,169,170,171,173,176,178,181,185,187,189,190 "195";
