parity 72;
0 1 0 4,11 "0";
1 62 0 0,1,4,5,8,10,11,13,17,20,22,25,26,29,34,38,43,46,47,50,51,55,58,60,65,66,67,70 "1";
2 58 0 2,3,5,6,8,9,10,12,14,15,16,17,19,20,24,28,29,32,35,37,38,41,43,44,45,48,51,54,56,59,62,64,68,70,71 "2";
3 10 1 6,22,23,31,33,39,41,46,50,54,57,60,63,64 "3";
4 53 1 1,5,8,14,19,23,25,26,34,42,44,50,57,58,60,63,65,69,70,71 "4";
5 14 1 0,2,3,6,8,10,12,15,16,18,19,20,22,23,26,28,29,30,32,33,35,39,41,45,50,52,54,56,60,61,62,65,68,69,70,72 "5";
6 0 1 0,1,6,8,11,12,14,17,18,19,20,22,24,26,30,33,36,39,41,42,43,45,48,50,52,54,57,61,64,66,68,69,71,72 "6";
7 9 0 0,2,4,8,16,19,21,28,30,35,42,44,46,51,54,60,69,72 "7";
8 21 0 2,3,8,9,11,13,15,16,18,23,26,28,35,36,38,42,43,45,50,53,54,57,59,61,62,64,66,69,72 "8";
9 53 1 1,5,6,11,13,15,16,19,20,21,23,25,29,33,34,35,38,40,46,48,51,53,54,55,59,67,69,71 "9";
10 1 1 13,26,29,54,56,64 "10";
11 32 1 1,2,4,5,9,10,13,15,17,21,23,31,32,34,36,37,38,39,40,42,44,46,48,49,52,57,58,59,61,63,65,66,67,70,71,72 "11";
12 11 0 1,2,5,6,7,11,12,14,17,18,20,21,24,26,28,30,31,35,37,39,40,43,45,48,49,51,55,57,59,60,62,64,65,69,70,71,72 "12";
13 12 1 1,3,4,9,12,13,16,18,20,23,26,27,34,37,41,42,44,45,47,49,50,54,55,60,61,64,67,70,72 "13";
14 65 1 6,10,11,14,17,21,25,28,32,36,37,41,42,43,51,53,55,56,57,62,65,66,69,71,72 "14";
15 28 1 0,5,6,8,9,13,18,22,23,25,29,34,36,41,43,44,49,55,57,64,66,68,70,72 "15";
16 6 1 2,5,11,14,25,32,40,42,46,48,56,57,61,62,68,72 "16";
17 48 1 3,4,8,10,12,15,16,17,21,23,26,32,33,36,38,41,44,50,52,55,60,61,66,68,69,70 "17";
18 19 0 52 "18";
19 60 0 8,12,17,20,28,38,48 "19";
20 52 1 0,1,2,5,6,8,9,12,13,14,15,17,20,22,23,26,29,32,35,36,37,40,43,44,45,48,49,52,55,58,63,64,65,70,71 "20";
21 18 1 1,3,6,7,9,11,14,16,20,25,26,28,29,32,36,37,40,41,44,47,48,50,54,62,64,65,66,69,71 "21";
22 62 0 0,4,7,11,14,18,22,26,29,36,41,47,49,51,52,53,56,59,64,71 "22";
23 10 1 2,5,8,12,14,20,21,22,24,27,34,36,38,40,41,50,51,52,54,55,56,58,60,65,66,69,70 "23";
24 2 0 1,2,5,6,10,11,13,14,19,20,22,25,29,33,34,37,39,40,41,43,44,45,48,49,51,52,53,55,56,59,61,63,64,66,69 "24";
25 5 0 1,2,3,6,8,10,11,16,17,20,21,23,27,28,29,32,33,38,39,40,42,43,44,48,51,52,53,55,57,59,61,64,66,67,72 "25";
26 56 1 0,1,3,4,6,9,12,15,16,19,21,22,26,30,32,33,37,38,41,42,45,48,49,51,55,56,60,62,64,66,69 "26";
27 23 1 2,5,7,8,10,12,13,14,15,18,22,23,25,26,28,30,32,34,35,38,40,42,44,46,47,49,53,55,57,63,65,66,67,68,70,71,72 "27";
28 31 0 0,2,11,13,14,15,18,20,23,29,33,34,38,42,47,53,55,60,61,63,65,66,71 "28";
29 37 0 2,6,12,18,22,24,26,28,29,31,33,34,37,40,55,60,62,64,71 "29";
30 6 0 0,6,11,14,17,20,32,34,37,43,52,54,56,57,65,66 "30";
31 10 0 1,2,3,5,7,9,12,17,19,21,35,36,40,43,44,47,48,52,54,55,57,59,61,62,67,68,70 "31";
32 2 1 0,3,6,8,18,29,31,35,37,39,40,44,48,51,53,56,58,59,72 "32";
33 12 1 0,1,4,7,8,11,15,19,25,27,28,33,37,44,48,52,55,58,60,62,63,69,72 "33";
34 15 1 3,24,49,71 "34";
35 16 1 0,1,4,8,9,12,15,16,19,20,23,25,26,28,29,30,32,35,36,38,41,43,45,47,48,50,51,53,55,57,60,63,65,66,69,71 "35";
36 61 0 0,3,4,6,10,12,14,16,17,23,26,27,31,32,33,37,38,41,42,43,45,49,51,54,56,58,61,63,66,68 "36";
37 12 0 4,9,13,37,65 "37";
38 14 1 0,5,7,10,12,13,16,18,21,22,24,25,28,33,34,35,41,48,51,57,59,60,61,70 "38";
39 1 0 2,6,9,15,19,22,24,27,48,54,61,66,68,69 "39";
40 68 0 4,6,9,10,13,14,22,28,32,34,36,37,40,44,49,53,54,58,62,67,69,72 "40";
41 50 0 26,62 "41";
42 61 0 1,7,8,11,13,15,16,19,21,22,24,25,27,29,33,35,37,39,41,43,48,49,50,52,53,54,55,56,59,61,68,69,71,72 "42";
43 47 0 0,3,4,6,10,13,18,24,30,31,32,36,40,41,45,46,47,49,50,53,55,57,58,61,63,66,69,71 "43";
44 31 1 0,1,2,6,10,12,13,16,18,20,21,22,26,29,32,33,36,38,40,42,44,45,49,52,53,54,55,57,61,63,64,65,70,71,72 "44";
45 0 0 18,19,22,25,29,31,35,38,40,41,47,48,51,55,56,69 "45";
46 53 0 0,14,18,22,24,42,59,63 "46";
47 51 0 0,5,7,11,15,17,18,20,27,29,32,35,42,44,47,50,55,56,58,61,71 "47";
48 34 1 2,8,19,30,34,40,41,48,54,56,59 "48";
49 45 1 0,4,7,8,11,12,15,16,18,20,22,25,26,30,34,36,38,40,43,51,52,56,57,58,64,66,67,69,70,71 "49";
50 0 0 0,5,14,39 "50";
51 4 0 0,8,12,13,19,25,28,33,37,39,44,48,49,53,56,59,61,70,71 "51";
52 9 1 1,7,10,11,16,17,19,27,29,32,39,41,51,52,53,71 "52";
53 23 0 0,5,8,15,19,20,23,28,49,50,51,53,65,67 "53";
54 3 1 1,4,6,10,13,15,17,23,25,29,31,36,39,49,54,55,60,65,72 "54";
55 65 0 0,4,7,12,13,14,16,17,18,21,23,28,30,36,37,39,41,42,43,44,46,48,52,54,61,62,63,65,66,68,71 "55";
56 4 1 2,3,7,9,10,11,13,15,16,20,21,23,24,30,34,37,42,43,46,47,49,50,57,60,61,64,66,69,72 "56";
57 47 1 10,23,27,30,35,47,58,66 "57";
58 43 1 0,3,10,11,12,19,25,27,29,31,32,40,41,44,47,49,50,52,54,55,57,58,59,60,62,64,67,70 "58";
59 55 0 2,10,13,17,20,21,23,25,28,30,37,41,42,45,52,55,58,60,66,68 "59";
60 71 1 8,10,11,14,15,16,21,23,26,28,29,30,31,34,40,43,45,46,50,52,56,58,61,62,66,70 "60";
61 33 1 0,1,5,8,19,20,23,25,31,34,38,43,47,56,60,68,71 "61";
62 58 1 31 "62";
63 62 0 3,8,10,11,24,28,31,32,34,36,39,40,43,50,52,54,55,57,67,70 "63";
64 37 0 3,7,12,15,17,18,34,36,38,49,55,59,65,66,69,71 "64";
65 31 0 1,2,4,5,11,12,17,20,22,28,29,31,32,33,35,37,39,40,43,47,49,51,53,55,62,66,67,70 "65";
66 27 0 1,22,32,57,60,69 "66";
67 20 0 1,4,14,15,17,27,30,36,37,53,57,60,62,63 "67";
68 63 1 0,3,5,8,14,19,21,22,24,25,34,35,39,41,44,47,49,51,54,59,61,67,69,70,71 "68";
69 5 1 15,16,17,23 "69";
70 4 0 1,5,6,9,10,12,17,18,21,23,25,27,28,33,34,36,39,41,42,43,48,52,54,56,64,65,68,71,72 "70";
71 22 0 0,2,4,6,8,9,11,12,14,15,21,22,25,26,28,30,32,34,38,39,41,44,46,49,53,58,59,61,62,63,68,70,72 "71";
72 1 1 4,28,52,54 "72";
