parity 98;
0 81 0 14,15,26,29,43,47,48,50,60,71,75,78,80,83,87,98 "0";
1 25 0 2,3,5,9,11,16,18,19,23,26,32,33,37,43,44,46,51,55,58,62,71,72,73,74,76,79,86,98 "1";
2 54 0 3,6,8,13,15,21,23,27,28,30,36,42,46,49,51,52,56,57,59,62,65,67,68,71,79,81,83,87,88,91,92,94,97,98 "2";
3 82 1 0,5,12,15,19,25,31,35,38,40,43,52,59,63,68,69,75,82,88,89,90,92,97 "3";
4 2 0 1,3,5,7,8,11,13,15,17,19,20,22,25,29,35,37,38,43,47,48,51,53,54,57,61,65,69,72,75,76,81,82,91,98 "4";
5 39 1 0,3,6,7,9,11,13,14,16,19,20,22,24,26,28,31,33,35,36,39,42,45,46,47,51,52,55,57,58,59,62,65,66,71,73,74,76,77,80,81,83,84,87,89,90,92,94,96,97 "5";
6 60 1 2,22,27,29,31,33,37,55,65,66,78,81,82,90 "6";
7 9 1 1,6,7,12,14,18,20,26,30,32,37,38,41,44,45,51,52,54,57,63,67,68,70,71,79,82,83,85,90,91,93,95,97 "7";
8 63 0 2,3,5,7,18,23,25,26,27,30,32,34,39,42,46,48,49,51,57,58,64,67,70,71,79,86,88,90,95 "8";
9 70 0 2,6,9,12,13,16,18,20,21,22,30,31,35,37,38,39,47,50,51,56,61,62,64,68,69,70,73,76,80,82,84,86,90,92,94,97 "9";
10 40 0 13 "10";
11 30 1 5,9,10,15,34,35,48,55,56,58,67,69,75,80,87,93 "11";
12 84 0 1,2,4,5,6,9,11,14,15,17,18,21,24,25,27,29,31,33,35,36,37,41,49,51,52,53,56,58,68,70,71,76,79,84,89,90,94,98 "12";
13 46 0 3,5,6,13,22,23,27,35,39,41,42,52,59,62,65,75,82,83,88,89,94,95,96 "13";
14 18 1 0,3,4,5,8,9,11,12,18,20,23,24,25,28,29,30,31,34,36,37,38,40,42,43,44,47,51,54,56,59,61,62,64,66,67,69,73,75,77,78,81,84,87,89,90,92,94,95,97,98 "14";
15 4 0 55 "15";
16 20 1 0,2,4,5,6,9,11,13,16,17,20,26,27,29,32,36,38,39,41,42,45,46,48,55,59,62,63,65,68,70,75,79,81,82,84,87,88,94,98 "16";
17 51 1 1,3,4,7,9,10,13,14,16,20,21,26,27,28,30,32,36,37,40,43,46,50,52,54,56,58,60,62,64,65,68,70,73,75,76,78,79,82,83,85,87,89,92,93,94,95,97,98 "17";
18 30 0 0,6,9,13,14,18,20,22,25,29,32,36,38,40,45,49,52,54,58,61,63,66,67,73,76,77,81,85,86,88,94,95,98 "18";
19 82 0 0,3,5,16,18,21,22,29,32,34,35,43,44,46,50,51,52,55,63,67,69,76,80,85,86,91,93,98 "19";
20 59 1 1,2,6,11,15,16,19,22,31,35,40,42,44,48,51,59,60,63,64,71,73,77,84,96 "20";
21 21 1 4,11,12,13,22,25,29,30,33,42,46,47,50,53,57,58,60,63,65,72,79,83,88,89,96,98 "21";
22 58 1 24,42,51,71,79,89 "22";
23 83 1 20,39,46,81,83 "23";
24 62 1 6,7,13,17,20,21,27,28,30,32,39,46,49,53,66,67,68,69,86,87,90,91,93,95,96 "24";
25 24 0 1,3,6,7,9,10,12,14,16,20,22,26,30,35,40,45,48,51,52,54,56,57,59,62,65,68,75,77,80,82,84,85,89,91,95,98 "25";
26 22 1 7,9,12,18,22,24,26,29,36,42,44,47,49,53,56,62,81,82,85,88,90,94,96,98 "26";
27 7 0 2,4,6,13,15,16,19,20,21,24,25,27,28,32,42,44,45,49,52,56,57,60,62,63,65,67,72,74,76,78,81,82,89,91,92,96,97 "27";
28 29 0 0,3,5,6,8,10,12,13,15,17,20,22,24,26,27,28,30,34,36,40,43,47,48,50,52,57,59,61,62,63,65,66,69,70,71,76,80,82,87,90,93,96 "28";
29 62 1 0,8,17,38,42,50,55,73,76 "29";
30 55 1 1,5,9,12,18,25,33,37,39,41,44,46,50,53,59,61,63,65,69,70,72,74,75,78,81,83,85,87,90,94,96,97,98 "30";
31 55 1 10,14,16,23,29,34,36,42,47,52,70,73,78,83,91,92,96,98 "31";
32 44 1 3,4,13,14,18,24,27,30,36,43,47,49,53,56,62,67,70,73,75,76,79,82,85,88,90,93 "32";
33 21 1 0,1,4,5,7,8,9,11,12,14,15,18,21,23,25,27,29,32,36,37,39,40,43,44,46,48,50,53,55,56,60,61,63,67,69,72,74,76,78,82,83,88,90,93,94,96,97,98 "33";
34 85 1 4,7,8,16,18,22,27,35,36,41,47,52,71,82,83 "34";
35 8 0 0,7,19,23,37,39,45,54,58,79,83,95,98 "35";
36 51 0 6,13,19,23,30,38,42,44,45,47,51,52,60,65,69,76,79,87,90,92,94,97 "36";
37 19 0 9,13,16,17,19,20,22,23,26,31,39,50,51,56,67,76,77,81,94,98 "37";
38 74 1 3,6,10,11,20,26,32,35,42,51,52,54,62,68,94,96 "38";
39 28 0 11,33,67,68,70,73,77,88,89,91 "39";
40 0 1 16,18,23,26,29,39,45,51,60,62,64,65,92 "40";
41 20 0 1,3,7,9,26,31,33,35,36,38,39,40,49,52,53,56,58,71,79,81,89,93,97 "41";
42 50 0 1,5,21,25,35,38,43,47,67,75,82 "42";
43 51 1 0,4,8,11,12,18,24,29,33,34,38,40,42,46,51,55,58,62,63,66,70,71,76,77,83,86,88,95,97,98 "43";
44 11 0 15,44,48,56,61,94 "44";
45 35 0 0,9,14,15,22,23,27,32,34,38,40,42,44,45,48,53,56,59,61,63,66,68,74,79,82,85,87,88,90,95 "45";
46 5 0 1,3,4,6,8,9,11,12,15,20,21,24,25,27,28,30,36,38,45,47,50,56,59,60,61,64,67,68,69,70,72,74,76,79,81,83,88,89,90,91,93,94,95,98 "46";
47 48 0 7,10,15,21,34,45,50,54,61,72,79,81,89 "47";
48 52 1 2,5,10,20,24,34,41,68,96 "48";
49 11 1 2,15,27,31,54,58,64,66,72,80,87,95 "49";
50 79 1 1,11,12,16,17,18,25,30,48,61,67,79 "50";
51 91 1 0,2,3,6,10,12,15,18,20,24,26,27,30,32,34,35,38,40,41,44,46,51,53,54,57,60,62,64,65,68,69,70,77,79,80,81,82,83,85,86,91,93,95,97 "51";
52 68 0 25,46,49,56,82,90 "52";
53 90 1 0,2,5,12,13,15,17,28,31,35,43,45,54,60,66,71,74,82,86,88,93,95,97 "53";
54 25 0 0,2,4,5,8,9,11,12,13,14,16,18,19,21,23,24,25,27,28,29,33,35,37,38,48,49,52,53,57,60,64,66,69,71,72,73,75,79,82,83,84,87,89,91,93,96,98 "54";
55 80 1 0,3,11,13,20,23,24,29,30,38,44,45,47,49,52,56,57,64,67,75,81,84,90,93 "55";
56 92 0 2,8,18,25,36,83,90,98 "56";
57 52 0 7,10,19,24,38,43,52,55,70,74,84,86,88,91,98 "57";
58 35 1 0,2,3,7,11,13,17,25,27,30,33,35,37,40,44,45,49,51,55,58,64,69,70,77,78,81,82,84,86,87,88,90,98 "58";
59 48 0 0,1,2,11,13,16,18,20,21,28,30,33,38,42,45,53,55,56,59,63,67,73,79,81,84,86,88,95,96,97 "59";
60 77 1 0,4,5,6,16,24,26,30,32,39,41,46,48,53,56,60,65,72,74,79,81,82,83,90,91 "60";
61 82 1 2,3,6,8,10,12,17,20,21,24,26,30,33,35,36,37,40,42,43,45,47,48,54,63,64,69,71,73,76,78,81,89,92,95,98 "61";
62 2 0 0,1,3,9,13,15,18,22,24,26,28,33,38,40,41,43,52,55,58,59,61,62,64,66,67,73,78,79,85,89,90,92,93,98 "62";
63 51 0 1,2,3,6,8,10,11,13,15,16,18,20,22,23,26,28,31,34,36,39,40,43,44,46,49,50,51,53,55,59,65,67,70,72,74,76,78,80,82,84,85,86,88,89,93,96 "63";
64 30 0 8,9,16,19,22,32,35,38,40,43,50,52,56,62,65,70,80,82,88,92,93 "64";
65 45 1 1,4,5,7,9,10,11,15,17,18,20,21,24,26,32,38,44,45,47,49,53,54,61,67,71,73,75,79,87,90,92,96,97 "65";
66 46 1 2,3,18,20,21,27,31,33,34,44,46,48,51,53,57,59,62,65,68,70,71,75,77,79,82,89,91,94,97,98 "66";
67 75 0 2,5,7,8,10,11,12,15,17,18,19,20,22,24,26,27,28,31,36,37,38,41,43,44,48,49,51,53,55,56,59,60,62,64,66,69,70,73,75,78,82,85,87,90,91,92,93,95,98 "67";
68 67 1 3,21,35,36,41,47,71,73 "68";
69 63 1 1,2,4,8,12,20,22,28,31,36,50,52,54,56,64,69,71,73,75,81,83,90,91 "69";
70 20 1 6,7,11,12,14,16,17,19,20,23,28,32,33,35,37,41,42,44,47,52,54,56,57,60,63,64,69,70,74,76,78,81,84,85,87,88,90,92,93,96,98 "70";
71 61 0 0,2,6,8,12,13,16,23,27,29,43,51,53,57,60,69,78,92,97 "71";
72 25 1 1,4,6,9,10,14,15,16,18,19,22,23,24,26,28,29,31,33,36,37,40,41,44,47,49,52,53,58,60,64,67,69,71,73,74,77,78,79,81,82,83,85,86,87,90,91,95,97 "72";
73 44 0 4,5,9,15,19,20,25,29,31,36,37,41,42,46,51,52,57,60,62,68,70,75,85,90,92,95,98 "73";
74 97 0 44,56,87,88 "74";
75 66 0 1,2,4,5,7,8,11,13,14,16,17,18,20,22,23,25,26,27,29,30,36,38,41,42,45,51,52,55,56,58,60,61,63,66,68,72,75,76,78,79,81,83,89,91,93,95,98 "75";
76 20 1 1,5,6,8,9,11,13,14,15,21,28,29,33,35,37,39,40,41,47,48,50,52,54,58,62,63,65,66,70,71,73,74,76,79,82,83,85,87,89,94,97 "76";
77 67 1 0,1,4,6,8,10,13,15,18,20,23,25,27,28,29,31,33,35,36,37,38,40,41,43,45,48,50,52,53,57,58,60,63,65,67,68,69,71,72,73,75,76,78,80,82,83,88,90,93,96 "77";
78 40 1 1,7,10,12,13,15,17,22,23,34,36,39,48,51,52,53,57,61,64,69,77,80,82,87,90,92,94,98 "78";
79 42 0 2,10,14,21,28,35,39,46,49,54,58,69,74,77,81,85,95 "79";
80 24 0 27 "80";
81 38 0 0,2,3,6,9,12,14,15,17,19,20,21,22,24,29,31,32,33,35,37,41,44,46,47,50,51,52,53,58,59,60,63,65,67,70,72,74,76,77,78,80,82,85,86,89,90,92,93,94,97 "81";
82 54 0 2,4,22,30,33,42,46,54,58,65,69,71,73,84,86 "82";
83 21 1 1,4,21,27,28,31,33,35,39,40,54,57,65,67,70,75,76,83,85,86,89,95 "83";
84 61 1 4,9,24,31,35,55,70,71,74 "84";
85 24 1 4,6,8,13,17,23,29,31,35,38,39,40,41,43,54,55,59,62,63,65,68,71,72,75,76,79,80,82,85,88,92,94,97 "85";
86 34 1 2,4,6,8,12,16,17,19,20,22,23,27,29,31,32,34,38,39,41,43,45,50,51,53,55,56,57,59,61,63,64,66,68,69,72,74,75,77,81,82,84,86,88,90,92,94,97,98 "86";
87 32 0 0,1,2,4,7,9,11,16,27,32,33,35,36,42,44,45,47,51,53,59,60,61,62,64,71,74,75,80,83,85,87,93,95,96,98 "87";
88 87 1 1,3,5,6,7,9,11,14,15,16,18,20,21,23,25,30,33,35,38,42,47,51,53,54,57,59,60,62,65,67,68,71,72,76,77,79,83,84,86,89,92,94,98 "88";
89 37 0 1,5,7,9,10,16,20,21,28,31,33,36,37,50,53,55,56,59,60,62,64,65,69,79,85,95,97 "89";
90 72 1 1,2,5,7,8,10,12,14,17,19,20,26,27,29,32,35,36,38,40,42,44,45,48,50,57,60,63,65,68,73,75,77,78,80,81,88,89,90,92,93,94,98 "90";
91 2 1 0,4,6,12,20,21,29,31,39,43,59,61,67,72,90 "91";
92 36 1 0,1,2,5,6,10,13,15,16,17,19,21,25,26,28,29,33,35,38,40,43,44,45,47,49,50,52,54,56,58,59,62,64,66,68,71,73,77,79,80,82,84,87,90,91,92,94,95,97 "92";
93 82 1 3,6,8,13,16,19,23,25,28,29,30,31,33,35,41,43,48,50,58,62,65,69,72,78,80,83,86,89,93,96 "93";
94 42 1 9,24,28,38,40,44,49,50,56,59,61,65,67,68,70,74,75,77,79,80,86,88,91,95 "94";
95 1 1 5,11,14,16,29,30,37,40,44,51,54,58,61,68,79,91,96 "95";
96 11 1 6,8,14,19,37,48,50,56,61,69,75,77,82,87,92 "96";
97 1 1 2,32,38,41,45,55,62,71,77,80,85,96 "97";
98 64 0 5,8,11,21,36,38,41,45,46,50,51,54,56,58,61,66,68,69,74,76,78,83,86,87,89,96 "98";
