parity 101;
0 73 0 1,2,4,5,7,9,12,15,17,18,21,23,24,26,27,28,30,31,34,36,38,41,45,46,48,53,55,56,57,58,59,63,65,67,70,72,75,77,79,83,85,87,88,89,91,93,95,96,99,101 "0";
1 70 1 0,1,4,7,9,12,13,15,19,21,28,30,31,32,34,37,40,41,46,48,49,54,56,57,59,61,64,66,73,78,80,82,83,86,87,89,93,97,99,101 "1";
2 96 0 24,47,61 "2";
3 46 1 14,17,24,46,54,58,64,66,73,80,87,93 "3";
4 63 0 1,2,4,13,21,25,29,37,39,41,45,53,58,59,61,63,67,71,75,78,84,89,96,100 "4";
5 92 1 12,16,29,31,36,47,52,56,68,79,80,82,99 "5";
6 102 0 6,8,10,12,15,16,21,26,28,29,31,32,35,36,38,39,44,46,47,49,53,55,59,61,65,68,72,73,78,81,82,86,88,92 "6";
7 70 0 0,3,5,7,8,9,14,15,20,22,23,25,26,30,33,35,36,38,40,42,43,49,51,52,53,55,56,57,59,60,62,64,65,66,68,71,72,74,75,77,81,84,86,87,89,92,95,96,99,100 "7";
8 12 0 1,5,6,8,10,16,18,22,25,29,42,45,47,49,50,53,54,58,59,65,66,69,71,85,88,91,93,94,98,100,101 "8";
9 8 0 3,5,12,14,16,18,23,26,30,32,34,36,37,39,43,48,52,53,55,58,63,64,65,67,68,71,73,76,79,83,88,89,92,96,98,101 "9";
10 57 0 2,6,8,9,11,13,15,18,25,29,31,34,37,38,40,43,46,47,50,52,55,57,58,62,63,65,66,69,72,74,75,80,82,86,91,93,95,101 "10";
11 1 1 2,4,5,7,13,15,17,18,20,23,26,27,29,31,32,33,35,37,38,41,42,44,45,49,50,52,54,55,56,57,62,65,67,68,69,72,74,78,80,82,86,89,91,93,94,96,98,101 "11";
12 46 0 2,11,12,15,16,19,21,25,28,31,34,39,43,44,46,47,49,53,54,56,62,66,69,78,88,90 "12";
13 76 0 1,3,5,7,9,13,15,16,18,20,26,30,31,37,39,41,42,44,50,52,55,60,64,70,71,75,78,81,83,85,90,91,94,95,96,97,99 "13";
14 9 1 3,4,7,8,13,28,30,38,51,56,58,60,61,62,63,67,68,75,80,87,98 "14";
15 74 0 0,7,10,24,28,31,70,77,83,99 "15";
16 12 1 7,9,13,18,32,36,43,60 "16";
17 5 1 2,5,8,9,17,19,22,25,26,33,36,38,44,45,47,48,54,58,68,73,75,80,81,87,89,92,95,98,99,101 "17";
18 70 1 11,12,14,18,23,31,41,51,59,63,64,66,68,83,87,91,100 "18";
19 76 0 2,6,9,15,25,27,29,31,32,44,48,49,53,54,60,61,63,65,66,68,71,72,75,78,81,84,87,89,90,92,97,100 "19";
20 71 0 0,1,5,6,8,11,13,15,17,18,21,24,25,27,30,31,33,35,36,38,39,41,42,45,47,49,51,53,56,57,60,61,64,66,68,70,72,74,77,79,81,82,83,86,88,90,93,96,98,101 "20";
21 12 0 0,2,4,8,9,14,16,27,28,51,57,64,66,76,80,84,90,97,99 "21";
22 77 1 0,5 "22";
23 41 1 0,13,14,19,26,35,40,43,47,49,50,53,65,68,76,80,82,84,88,90,96,97 "23";
24 64 0 0,2,4,6,7,11,17,18,19,23,31,33,38,40,41,44,47,49,51,54,58,64,65,67,70,71,76,79,83,85,87,90,93,94,96,97,99 "24";
25 96 1 1,5,6,10,14,16,17,25,31,33,37,40,45,46,51,53,58,67,70,72,78,80,85,87 "25";
26 47 0 2,10,12,15,17,19,33,43,47,49,54,63,74,78,86,90,93 "26";
27 69 0 0,2,3,5,9,11,13,15,17,23,26,28,30,31,33,37,38,39,42,45,46,49,52,53,57,58,59,64,65,68,70,71,73,76,79,81,82,84,87,89,90,92,94,95,97,98,99,101 "27";
28 31 0 2,4,5,7,15,16,20,22,24,25,26,32,36,40,42,43,46,52,57,59,63,66,70,74,76,77,82,85,87,89,91,97,101 "28";
29 67 1 0,5,7,10,11,13,15,16,19,20,24,25,30,31,34,37,38,44,45,49,52,53,55,57,58,60,61,63,65,66,68,69,71,74,75,77,78,79,80,86,87,89,90,91,92,94,96,98,99,100,101 "29";
30 52 1 1,3,8,9,10,12,16,18,20,22,23,25,28,29,31,32,34,39,41,42,47,48,49,54,56,61,62,64,66,70,71,75,78,80,82,83,86,89,92,95,98,100 "30";
31 20 0 0,5,9,23,43,61,64,66,72,75,77,85,93,95 "31";
32 12 0 22,30,39,43,86,90,96,100 "32";
33 19 1 11,13,16,29,37,40,55,57,65,68,74,79,85,86,87,93,96,98 "33";
34 92 1 11,14,58,68,72,78,81 "34";
35 42 0 4,7,16,20,25,29,31,38,44,55,68,70,78,87,98,100 "35";
36 77 0 8,19,27,31,39,42,43,48,50,56,59,69,71,87,91,97,99 "36";
37 35 1 9,14,20,24,25,30,33,35,37,42,48,54,55,59,65,68,71,74,83,85,88,93,95,98 "37";
38 83 0 0,5,8,9,11,12,15,17,19,23,24,30,33,34,35,37,39,41,42,45,49,51,53,55,58,59,64,65,67,71,72,73,77,80,84,92,95,96,97,100 "38";
39 92 0 27,51,57,64,71,73,75,97 "39";
40 51 1 12,28,40,48,75,91 "40";
41 71 0 5,16,20,25,43,47,52,53,58,61,76,96,98 "41";
42 99 0 0,5,6,7,9,10,12,14,15,18,19,21,23,25,27,31,32,34,35,37,42,44,46,47,49,53,56,58,61,62,63,66,68,69,71,72,79,80,85,87,88,91,93,97,98,100,101 "42";
43 12 1 0,13,22,32,47,68,72,81,89,93 "43";
44 98 0 0,4,8,10,11,13,16,19,21,23,24,27,28,31,43,46,47,55,61,66,68,71,75,77,79,83,87,89,99,101 "44";
45 24 0 1,2,7,9,13,14,16,18,19,20,24,26,28,29,33,34,38,40,41,43,45,47,49,52,54,56,58,63,64,65,69,70,77,80,81,83,84,87,90,92,95,97,99 "45";
46 34 0 14,25,26,28,33,40,42,44,46,47,57,61,65,66,69,72,74,76,80,82,89,90,95,97,99,101 "46";
47 35 1 2,3,5,6,7,8,15,18,21,23,25,27,28,29,31,33,37,39,41,43,47,49,50,55,60,61,67,69,70,72,74,75,78,84,89,91,93,94,97,98,100 "47";
48 34 0 31,33,44,50,68,74,81,85,87,96 "48";
49 62 0 3,9,19,28,33,40,47,51,52,55,58,59,66,69,71,72,76,83,93,96,100 "49";
50 63 1 4,6,13,15,18,22,24,25,28,33,35,40,41,43,44,46,48,50,53,57,58,60,62,66,69,71,73,74,76,78,83,84,85,86,88,90,93,98,101 "50";
51 99 1 1,4,8,10,12,14,15,19,21,22,24,26,27,33,36,38,41,42,45,48,49,50,52,53,56,57,59,63,64,65,67,70,72,73,75,76,78,80,81,83,85,86,88,91,95,96,98 "51";
52 34 0 7,11,18,30,32,48,59,63 "52";
53 77 1 5,9,10,12,14,15,21,23,25,28,30,33,36,38,39,42,43,47,49,54,58,60,61,63,67,68,71,73,74,75,76,78,80,82,84,85,86,89,93,95,96,98,99,101 "53";
54 67 0 0,13,17,18,24,39,44,46,48,53,67,72,76,80,84,91 "54";
55 31 0 4,28,77,85,92 "55";
56 77 0 0,3,6,23,29,47,51,56,59,64,84,87,96 "56";
57 74 1 3,5,8,10,16,22,27,29,36,39,42,47,67,74,76,79,83,85,89,95,98,101 "57";
58 68 1 0,9,16,18,22,25,27,29,33,40,41,43,45,48,51,52,56,62,63,66,68,71,76,78,79,82,90,93,98,101 "58";
59 89 1 1,3,14,17,19,39,41,49,51,58,62,63,79,92,95,99 "59";
60 50 0 0,3,4,6,7,8,11,12,14,22,24,26,27,29,33,35,36,39,40,42,46,49,51,53,55,58,59,64,65,66,68,71,74,76,77,79,81,88,93,96,97,99 "60";
61 66 0 8,11,13,15,17,19,24,32,33,37,39,50,52,53,55,61,62,64,67,69,71,73,76,80,84,86,88,90,94,98,99,100 "61";
62 93 0 2,7,20,33,35,62,100 "62";
63 14 0 5,9,11,13,24,26,27,32,46,53,66,68,73,77,88,94,100 "63";
64 102 1 0,1,4,5,8,10,11,13,14,15,21,24,26,28,31,35,37,39,41,43,46,52,53,55,57,58,60,62,64,66,67,70,74,75,78,80,81,83,85,86,89,90,93 "64";
65 82 0 0,1,3,4,5,6,11,12,14,17,19,22,23,24,27,29,31,32,33,37,38,39,42,43,45,48,49,53,55,57,58,60,63,64,65,68,70,73,74,76,80,81,86,87,90,91,92,93,96,98,101 "65";
66 61 0 8,10,15,25,54,69,72,75,94,98 "66";
67 40 1 1,4,5,8,11,15,17,19,20,22,25,26,31,36,40,44,53,65,69,74,76,79,86,90,101 "67";
68 48 0 2,19,20,27,29,38,47,49,59,66,77,79,96 "68";
69 43 1 1,2,4,6,9,12,14,16,19,22,23,25,27,29,30,31,32,35,36,38,42,45,46,48,51,52,53,58,59,60,64,65,68,73,75,77,83,84,86,89,90,92,94,96,97,98 "69";
70 43 0 4,6,9,11,12,15,20,23,24,25,32,34,38,39,48,51,54,57,60,64,66,71,72,77,78,80,88,93,99 "70";
71 37 0 0,2,6,10,11,13,14,15,17,24,26,29,31,39,42,47,52,55,59,62,64,69,74,75,81,86,90 "71";
72 68 1 8,15,19,51,54,56,68,73,82,90,93,100 "72";
73 91 1 0,1,2,10,11,13,14,17,21,25,27,29,30,33,34,36,41,42,45,57,61,63,67,68,76,77,78,83,89,92,93,94,97 "73";
74 78 1 0,6,8,10,16,33,41,63,67,71,72,79,92,96 "74";
75 71 0 4,38,91 "75";
76 33 0 1,3,4,6,16,24,25,26,27,32,38,40,41,44,52,54,56,60,62,64,67,69,71,72,74,78,80,84,91,93,98,99 "76";
77 9 1 1,6,12,15,18,20,23,26,33,36,38,40,44,46,58,64,68,74,90,95 "77";
78 91 1 2,39,57,64,80 "78";
79 52 0 0,2,4,5,8,9,11,12,15,16,18,19,21,23,25,27,29,30,33,34,35,39,42,44,47,50,53,54,56,58,60,62,65,67,76,77,82,83,85,89,90,91,94,100 "79";
80 100 1 0,3,7,12,17,22,23,32,37,41,43,48,50,62,72,77,91,92,96,101 "80";
81 71 1 0,2,3,10,15,28,37,41,51,59,65,71,93,97,101 "81";
82 10 0 0,2,6,7,16,17,18,22,25,27,29,31,33,34,37,38,40,42,44,45,48,50,52,54,55,59,60,61,66,67,68,69,72,74,77,79,81,82,83,85,87,88,91,93,96,98,99 "82";
83 66 1 0,5,7,10,12,22,28,33,40,43,47,49,63,67,74,82,84,85 "83";
84 96 0 2,19,48,56 "84";
85 98 1 2,4,6,7,12,13,15,18,21,25,28,36,38,41,43,48,49,51,53,55,61,62,65,67,69,72,73,75,79,84,85,87,91,94,100 "85";
86 15 0 0,2,4,12,13,15,16,20,21,22,25,28,30,32,34,36,40,41,43,45,47,48,53,54,55,57,58,60,62,63,65,71,73,75,78,82,86,88,90,94,96,98,100 "86";
87 40 0 8,13,17,19,29,43,50,54,65,69,71,75,78,87,91,98 "87";
88 74 1 0,1,3,5,7,10,11,13,15,17,18,21,22,24,26,29,30,32,34,38,41,42,45,47,49,53,56,58,60,63,65,67,68,70,71,78,81,83,84,86,87,89,91,94,96,99 "88";
89 86 0 0,2,6,11,15,22,24,28,41,48,51,54,55,66,68,79,88,91,93,97,101 "89";
90 100 1 1,2,5,6,8,13,15,20,24,26,29,30,32,33,35,37,38,39,41,42,44,52,56,58,59,62,63,65,66,67,74,77,78,82,84,85,87,90,93,96,98,100 "90";
91 27 1 17,28,38,40,43,58,61,68,69,84,91,96,99 "91";
92 15 1 5,8,20,35,40,57,61,62,78,81,86,91,94,99 "92";
93 18 1 7,13,16,26,28,33,37,38,40,46,48,60,67,70,73,85 "93";
94 82 0 10,14,19,23,24,28,33,47,54,57,60,69,76,97 "94";
95 24 0 14,18,35,39,41,45,85,94 "95";
96 45 0 0,1,4,7,10,12,16,18,21,25,26,28,30,31,33,39,41,47,49,51,53,55,57,58,59,60,62,63,65,67,69,70,71,73,75,76,78,79,80,82,84,85,88,89,91,92,94,96,97,99,101 "96";
97 57 1 0,1,4,7,9,17,21,22,24,28,30,32,40,43,45,49,52,55,58,59,63,64,71,72,74,76,79,84,88,91,98 "97";
98 68 0 0,1,4,5,6,7,9,11,12,13,15,17,18,19,20,22,25,26,32,33,35,37,41,42,46,47,49,51,52,54,56,59,60,62,64,65,67,70,75,79,83,84,87,88,90,92,94,96,98,100,101 "98";
99 6 1 0,6,13,19,22,25,31,33,41,44,49,56,59,60,63,69,70,72,74,79,80,97,99 "99";
100 67 0 0,1,2,4,6,9,14,20,23,24,26,31,35,41,45,47,49,50,53,58,64,66,69,72,73,75,76,80,82,85,89,91,99,101 "100";
101 64 0 0,1,3,4,8,11,13,14,15,16,20,22,24,27,30,32,33,35,36,38,40,41,43,47,48,52,54,55,58,59,61,63,68,70,73,77,79,81,84,86,88,90,92,95,97,99,100 "101";
