parity 168;
0 17 0 1,5,6,13,14,17,18,20,23,26,28,31,32,34,35,36,38,40,45,50,52,54,57,59,62,67,70,71,74,77,80,81,84,93,97,98,100,102,105,106,107,111,112,119,121,123,124,125,128,131,133,134,135,137,140,141,142,144,145,147,149,151,154,156,158,161,163,168 "0";
1 28 1 1,2,4,5,6,8,9,10,11,13,14,18,19,22,26,27,29,32,34,36,39,41,44,46,48,51,52,54,56,57,59,62,64,67,69,71,73,76,78,82,85,88,91,93,95,96,98,99,100,102,104,107,110,112,115,117,122,126,127,129,131,133,134,136,139,142,145,147,148,150,153,154,156,158,160,162,164,166 "1";
2 7 1 6,9,11,13,14,17,18,20,22,29,30,33,34,42,46,50,52,63,65,66,68,69,75,85,87,88,95,97,98,109,111,114,119,124,126,129,132,135,140,142,146,153,156,158,163,165 "2";
3 140 0 2,19,67,98,109,134,148,161 "3";
4 66 0 1,3,6,10,12,14,18,19,21,23,26,29,32,37,40,41,43,46,48,49,52,56,57,60,62,63,64,67,69,72,73,75,77,79,81,82,83,86,87,89,90,91,95,97,98,100,105,110,111,113,114,115,117,121,122,124,127,130,131,135,138,140,142,144,146,149,152,153,154,157,158,161,163,166 "4";
5 74 0 1,2,3,7,10,12,14,16,21,25,28,31,35,37,42,44,46,49,50,51,55,56,60,62,66,68,69,74,77,79,82,84,85,89,93,95,97,98,100,102,108,109,114,115,117,121,122,123,124,126,130,131,132,134,135,138,139,140,142,144,145,149,152,154,156,157,159,160,162,163,164,166,167 "5";
6 42 1 0,5,14,26,28,45,51,63,73,77,82,84,85,92,93,96,121,129,141,144,145,159,161 "6";
7 138 0 0,5,7,9,14,16,20,22,25,28,37,44,53,60,75,88,89,100,101,116,124,128,138,139,143,149,150,152,153,156,158,166 "7";
8 4 0 3,5,9,13,17,19,28,33,35,41,43,46,48,51,54,55,58,62,64,65,67,73,75,76,78,81,82,85,91,95,99,101,107,109,111,112,114,116,119,120,122,124,126,128,129,135,137,140,142,147,150,153,156,158,160,162,167 "8";
9 107 1 4,9,14,17,19,25,26,29,31,37,39,44,48,50,57,61,64,66,67,68,70,72,74,76,77,79,80,84,87,88,91,92,93,98,100,104,107,110,111,112,118,120,122,126,127,130,131,135,138,140,142,144,146,148,149,152,153,157,164,168 "9";
10 156 1 0,1,4,5,7,9,12,13,15,17,21,26,28,33,35,38,39,40,44,47,49,52,61,63,65,66,72,75,77,81,83,86,90,92,94,95,96,97,99,102,104,113,119,121,130,132,134,136,139,144,146,148,158,160,161 "10";
11 4 0 2,7,9,12,17,19,21,22,25,31,33,34,35,37,38,42,43,44,48,50,53,55,57,62,64,68,72,74,79,90,91,93,95,97,98,101,104,109,110,112,115,117,121,123,126,134,136,138,141,151,153,155,156,158,161,164 "11";
12 9 1 18,45,54,57,63,69,79,82,102,118,130,156 "12";
13 78 1 0,5,9,10,11,14,15,17,22,30,32,34,39,41,42,44,47,53,64,75,76,78,79,80,83,85,86,88,90,93,95,102,103,105,107,115,117,121,124,127,130,133,139,141,143,145,147,154,157,162,167 "13";
14 21 0 0,3,5,8,10,11,16,19,22,24,25,28,29,31,35,38,39,40,43,44,45,47,48,51,53,54,55,57,60,63,65,68,69,71,73,76,79,83,85,86,87,89,91,92,95,96,99,102,103,106,108,115,117,119,121,123,125,128,130,135,138,141,145,146,148,151,157,161,163,164,165 "14";
15 33 0 0,2,8,12,17,20,21,23,32,33,36,43,47,49,50,82,88,95,99,103,106,121,126,128,132,136,138,141,143,149,151,155,158,161,168 "15";
16 120 1 0,1,3,6,11,12,13,15,17,20,22,23,25,26,27,30,32,33,38,40,41,43,46,47,51,52,53,55,56,58,59,65,66,69,72,76,77,82,84,87,90,96,98,102,105,106,108,112,113,114,117,119,124,125,128,130,134,136,140,143,145,147,150,152,155,157,162,165,166 "16";
17 144 0 1,4,5,6,8,11,13,15,17,23,25,26,28,33,34,37,44,47,51,53,79,81,85,92,93,99,102,104,110,112,113,126,128,132,134,136,138,145,149,150,154,161,166 "17";
18 98 0 29,53,55,65,93,102,110,113,115,116,126,130,137,147,163,166 "18";
19 72 1 0,3,5,9,10,14,15,17,19,20,23,28,30,31,32,34,37,38,40,42,44,45,50,52,53,55,57,58,59,60,64,66,71,73,74,77,80,85,88,91,92,94,96,100,103,106,110,113,115,119,120,123,125,126,132,135,139,141,144,148,149,151,154,156,159,160,162,164,166 "19";
20 20 0 8,24,26,30,95,100,144,163 "20";
21 104 1 4,6,8,10,12,14,18,19,21,23,25,29,30,33,35,38,41,43,46,50,53,55,58,61,63,67,71,72,75,77,78,83,86,90,92,96,98,100,103,106,108,110,113,122,125,127,128,130,138,140,141,142,144,145,146,147,148,151,156,157,161,163,165,167 "21";
22 7 0 4,11,16,21,27,29,32,33,35,39,59,61,76,78,81,84,88,90,93,94,97,107,126,132,133,136,140,147,149,153,155,157,161,162 "22";
23 32 1 6,9,11,14,17,19,22,24,28,32,38,46,48,55,56,58,71,77,80,88,90,94,97,100,102,108,110,113,117,120,129,138,144,146,147,149,152,154,156,158,160,165 "23";
24 26 0 1,3,4,5,7,9,10,12,13,15,17,18,20,21,24,26,28,29,30,34,37,38,41,42,44,45,48,50,52,53,56,58,62,63,64,66,70,72,73,79,82,83,85,88,91,92,96,98,100,102,103,105,107,112,114,115,117,118,122,124,127,128,130,131,137,140,143,146,148,150,152,153,154,158,160,165,167 "24";
25 9 1 4,9,10,13,15,16,18,22,27,31,33,38,41,43,45,47,49,51,53,55,58,60,63,68,71,75,77,80,83,87,91,93,95,98,99,100,102,109,111,113,116,117,119,123,125,129,134,137,139,140,148,150,153,156,157,159,160,163,164,165,168 "25";
26 26 1 6,8,13,19,22,24,28,29,31,32,34,38,41,42,44,48,51,55,59,62,75,80,88,90,93,98,101,106,108,111,114,115,120,122,123,129,132,133,136,143,144,145,153,157,158,163,166 "26";
27 151 0 0,5,25,40,45,48,54,67,68,72,80,111,120,134,138,146,152,157 "27";
28 154 0 1,3,4,5,7,8,12,17,18,19,20,21,23,25,29,31,33,36,37,39,42,45,46,47,51,53,56,57,61,62,66,68,71,73,78,81,83,84,86,88,90,93,98,100,102,103,104,106,108,113,115,117,119,123,124,126,129,131,132,134,137,139,141,142,143,146,148,151,152,154,155,157,158,159,160,162,165,168 "28";
29 49 0 11,17,24,25,26,30,37,38,41,45,50,54,56,59,62,71,76,80,86,93,95,106,108,109,117,120,128,130,133,140,142,147,148,149,151,154,165,167 "29";
30 107 0 1,2,3,5,7,9,11,13,14,18,19,21,22,24,28,30,31,35,38,39,41,42,43,46,49,50,52,55,57,61,63,64,68,71,73,75,78,82,83,84,86,89,90,91,97,98,101,103,105,106,109,112,115,117,118,120,121,123,125,127,128,130,132,134,135,137,139,142,143,144,147,148,149,152,153,156,157,159,161,162,166,168 "30";
31 38 1 2,6,15,20,23,32,36,44,53,54,55,57,60,69,75,84,86,92,94,96,98,104,109,110,117,119,120,124,129,139,141,143,146,148,152,156,158,161,163,164,165,167 "31";
32 54 0 5,12,15,18,20,25,31,35,37,39,41,51,56,60,66,67,69,74,78,81,86,88,96,99,100,102,110,112,116,122,124,127,133,145,147,150,151,153,155,157 "32";
33 94 0 4,9,12,17,19,24,25,26,28,30,32,38,45,49,53,55,61,63,67,74,85,89,91,94,98,117,128,135,136,149,150,154,161,163,165,167 "33";
34 38 0 1,4,9,11,14,17,18,20,25,28,31,37,41,50,52,54,55,57,59,61,63,65,66,69,71,75,77,81,83,85,87,88,89,91,93,96,97,105,106,107,110,115,117,121,123,125,131,133,136,141,144,146,148,149,150,152,153,156,160,163,164,166 "34";
35 32 1 3,41,131 "35";
36 84 1 37,50,53,56,58,65,69,71,74,80,86,139,141,147,148,150,161,162 "36";
37 87 1 0,3,5,8,12,14,18,19,23,25,27,31,33,34,35,42,44,47,49,50,53,55,61,63,66,70,71,73,75,76,78,84,86,89,91,94,97,105,106,110,111,112,115,123,127,132,137,139,140,141,144,146,148,150,156,157,160,164,167,168 "37";
38 68 0 0,2,3,6,11,17,23,28,29,31,33,36,44,46,47,52,53,55,57,58,59,63,64,69,71,73,74,76,77,80,82,84,86,89,90,93,96,97,100,102,105,113,117,122,125,126,128,133,135,137,139,141,144,147,153,155,157,159,163,166,167 "38";
39 33 1 7,41,49,85,96,101,138,142,153 "39";
40 101 0 38,87,102,166 "40";
41 149 0 5,8,10,40,47,50,55,64,74,105,108,136,142,143,145,147,151,158,163 "41";
42 64 1 0,4,6,10,11,13,15,18,23,24,27,33,36,37,49,50,52,56,58,60,61,64,68,69,70,72,73,77,79,83,91,97,99,102,103,107,109,111,112,115,117,120,122,123,126,128,134,138,146,151,153,156,159,163,168 "42";
43 139 0 0,10,12,14,25,28,40,50,55,59,64,67,71,78,88,91,94,97,99,101,102,116,124,126,130,131,133,135,136,143,145,147,157,159,161,162,164,165,167,168 "43";
44 46 0 2,15,23,25,37,52,53,55,59,62,63,83,85,86,92,93,96,100,104,112,116,121,125,128,134,139,152,158,166 "44";
45 83 0 5,30,38,67,129 "45";
46 146 1 11,42,57,68,76,108,141,148,159 "46";
47 34 1 0,3,5,7,8,9,13,16,19,25,26,28,29,32,33,34,35,37,38,40,42,44,47,50,52,54,59,61,64,65,66,67,69,74,78,84,85,90,91,95,96,97,100,101,102,103,106,107,109,112,114,115,117,118,120,121,123,126,128,129,130,132,134,135,138,140,142,143,144,147,151,153,154,156,157,160,163,168 "47";
48 145 1 1,3,5,6,8,14,15,19,24,27,31,34,36,40,43,44,55,57,59,63,64,66,69,75,76,84,88,96,101,102,107,111,115,116,118,120,122,126,128,133,138,142,146,148,154,155,157,164 "48";
49 6 1 0,3,5,7,8,10,11,13,14,15,19,21,23,26,28,32,33,35,37,38,41,42,44,46,49,52,53,54,55,58,59,62,64,65,67,71,76,78,79,80,82,87,88,89,91,95,96,99,101,102,104,105,107,110,113,114,117,118,120,123,127,129,132,135,138,141,143,144,147,152,154,156,157,159,162,165,168 "49";
50 99 1 9,19,31,34,44,48,50,53,55,76,77,79,80,85,86,88,91,100,115,116,137,141,144,145,153,156,158,161 "50";
51 32 0 0,2,3,5,8,13,14,15,19,21,24,25,30,35,40,43,44,47,54,56,58,60,64,66,67,68,72,75,76,79,82,88,89,93,95,101,103,106,107,110,111,112,122,124,131,133,134,141,144,149,156,159,161,164,165,168 "51";
52 96 1 1,3,5,8,10,11,12,19,21,25,29,30,32,33,39,41,44,45,47,54,55,56,58,60,61,63,64,72,73,76,80,83,85,87,89,92,95,97,100,101,104,106,109,110,113,118,119,121,131,133,136,138,140,141,145,146,151,159,160,161,168 "52";
53 44 1 10,17,93,99,122 "53";
54 93 1 18,21,23,65,68,79,80,147,153,156,164 "54";
55 15 1 4,11,13,16,27,36,38,42,46,48,50,54,55,56,59,63,68,71,76,78,80,95,103,105,106,109,112,114,123,124,129,137,139,143,144,146,160,163,168 "55";
56 98 0 0,2,3,5,7,9,10,12,13,17,19,20,22,24,26,27,31,32,35,43,47,48,52,55,60,62,64,66,73,76,82,84,86,87,89,91,92,94,97,98,102,105,106,108,110,112,113,115,117,119,121,124,127,128,130,133,135,136,138,140,142,148,152,153,155,156,158,160,162,164,166,167,168 "56";
57 33 0 1,2,3,6,13,14,18,24,29,30,32,34,36,37,43,44,45,51,52,57,65,67,68,71,75,77,79,84,86,93,100,110,112,114,119,123,124,125,128,129,131,134,138,142,144,146,151,154,160,161 "57";
58 146 0 0,5,9,10,13,14,18,23,26,28,30,33,37,39,42,43,49,50,55,57,59,61,62,63,65,67,69,72,74,75,79,80,81,84,86,88,90,91,95,96,98,99,101,102,110,112,118,123,126,127,129,132,134,136,138,139,140,142,150,152,154,156,159,160,162,165 "58";
59 49 0 0,11,27,33,34,35,36,44,49,55,68,70,72,79,88,90,105,109,116,120,123,126,139,154,155,159,164,167 "59";
60 155 0 16,31,42,75,84,86,104,123,129,143,147,161,162,165,166 "60";
61 56 1 4,9,13,25,35,65,68,71,75,77,85,87,88,91,100,102,133,138,146,153,155,167 "61";
62 118 1 5,6,9,12,15,25,28,32,40,47,54,58,61,69,78,81,82,90,95,99,101,106,107,109,110,113,114,116,120,123,124,131,138,145,149,152,159,162,165 "62";
63 60 1 4,7,10,12,13,15,17,18,21,23,26,28,31,33,34,36,39,40,42,43,45,47,49,52,54,56,59,61,65,68,70,72,80,86,94,96,99,103,105,106,112,116,121,122,124,125,126,131,134,135,137,141,143,145,146,147,150,151,153,155,159,165,167 "63";
64 61 1 0,3,6,7,10,12,16,25,29,34,36,40,42,43,48,51,53,56,58,62,64,66,73,74,89,92,95,96,100,103,105,107,110,112,115,116,121,122,124,127,129,132,137,140,142,149,151,154,155,161,162,165,167 "64";
65 46 1 25,64 "65";
66 105 0 0,2,8,13,15,24,28,34,37,40,43,48,59,60,69,71,85,91,95,98,100,101,106,107,109,115,126,130,133,140,142,146,149,156,158,160,167,168 "66";
67 7 0 1,29,39,80,96,101,109,114,135,137,143,147,153,155,168 "67";
68 54 0 0,1,3,5,9,10,11,14,15,17,19,21,25,26,29,30,33,35,36,38,40,43,45,48,49,54,56,58,59,60,62,64,69,70,72,73,75,77,79,80,81,85,86,89,90,91,94,99,101,102,106,108,111,112,113,115,118,120,122,126,127,128,130,131,135,137,140,143,148,151,154,158,160,164,167 "68";
69 14 1 0,3,5,7,10,11,12,13,14,20,21,26,28,32,35,40,42,43,44,46,48,51,52,54,55,56,57,59,60,61,63,65,70,72,73,76,79,80,83,85,87,89,90,95,98,100,103,105,108,110,112,115,117,119,120,121,123,125,127,130,132,134,137,138,141,143,144,148,150,152,155,157,159,160,162,164,166,168 "69";
70 66 1 0,6,12,19,21,23,26,30,33,38,43,46,57,62,68,71,73,80,83,86,88,91,95,101,103,110,115,122,123,126,132,135,138,145,148,150,154,161,163,166 "70";
71 11 0 2,5,11,13,16,20,21,27,42,48,53,55,56,63,71,75,80,82,89,90,101,111,115,119,122,129,131,139,142,150,154,158,160,162 "71";
72 42 1 22,31,34,70,76,89,91,99,101,120,157,164,166 "72";
73 37 1 6,8,10,14,22,26,39,43,50,53,61,64,66,75,81,89,98,100,106,111,118,120,122,124,129,130,133,134,138,141,143,148,152,156,161,163 "73";
74 147 0 0,1,3,4,6,8,12,15,18,21,24,26,27,29,32,36,38,43,46,51,52,56,58,63,65,67,69,71,72,74,76,78,83,85,86,88,90,94,96,97,99,104,106,108,114,116,117,118,121,123,124,126,128,129,131,133,134,135,138,143,146,148,151,152,156,157,159,164,167,168 "74";
75 109 1 2,5,17,19,21,25,41,42,53,58,60,63,65,66,67,77,81,82,84,86,92,101,109,117,118,126,127,129,130,134,138,145,151,153,168 "75";
76 95 0 7,13,17,21,26,40,60,63,87,90,97,99,108,118,129,130,139,148,150,151,156,158,159,164,166 "76";
77 134 0 0,3,4,8,10,13,16,18,19,20,23,24,25,27,31,34,35,36,40,44,48,49,55,58,59,61,63,67,75,76,78,79,82,84,91,92,95,102,104,106,110,111,115,119,121,123,124,127,129,133,135,136,140,142,143,145,148,149,152,154,155,159,161,162,165,166,168 "77";
78 105 0 7,19,20,55,89,95,106,131,145,164 "78";
79 28 1 2,4,7,9,19,28,34,51,69,71,77,82,135,138,139,149 "79";
80 76 1 0,2,10,11,13,14,19,22,23,24,26,28,29,35,37,38,41,44,47,51,52,54,55,56,59,60,65,67,73,74,78,80,83,84,86,87,90,94,95,98,99,100,102,109,112,114,115,119,122,124,126,128,131,135,137,145,146,147,149,151,156,162,163,167 "80";
81 75 0 0,2,4,5,10,15,16,18,20,21,23,27,30,31,33,35,36,37,40,44,47,49,50,53,54,58,60,62,63,66,69,74,75,78,79,80,84,86,88,89,92,93,99,100,103,104,106,107,108,109,111,112,114,116,117,119,121,122,125,127,128,130,131,133,135,136,140,143,144,146,149,152,155,158,162,165,166,168 "81";
82 9 1 0,4,6,7,11,13,15,17,19,20,23,26,28,30,32,34,36,40,43,45,46,47,49,51,52,55,59,61,66,67,71,74,75,76,78,83,88,90,92,93,96,100,105,107,108,110,111,113,114,121,124,125,129,132,133,135,136,138,141,144,145,149,150,151,154,155,159,160,162,163,165,167 "82";
83 98 1 24,45,85,119,121,129,137 "83";
84 84 1 0,2,24,31,40,64,74,81,87,108,124 "84";
85 100 1 2,32,34,37,45,55,96,112,113,150 "85";
86 130 1 24,26,27,50,53,66,84,108,113,134,140,150,158,165 "86";
87 62 1 4,7,11,17,21,22,29,34,36,38,43,47,61,63,66,69,75,80,83,93,98,115,123,130,136,139,145,153,160 "87";
88 24 0 4,6,9,10,13,15,19,20,27,28,29,39,45,52,59,63,65,70,71,73,74,76,77,78,80,81,86,91,93,99,104,106,107,108,109,111,114,116,117,122,124,125,127,128,131,133,134,136,138,140,141,144,147,153,158,160,161,162,164,165,167 "88";
89 104 1 7,14,16,17,19,20,23,32,41,45,53,69,72,79,86,91,94,96,100,109,116,124,126,131,133,142,145,148,151,160,164 "89";
90 126 1 1,20,21,29,51,59,87,88,96,104,110,112,134,138,139,164 "90";
91 81 0 4,6,8,10,14,15,17,19,21,27,28,30,32,36,38,40,42,43,45,47,49,51,53,56,58,61,64,65,67,69,72,75,76,81,82,84,87,88,89,92,94,95,96,97,98,100,102,104,105,107,109,110,113,115,117,121,123,125,128,131,132,133,135,136,138,139,143,144,146,147,151,152,156,158,162,164,166,168 "91";
92 50 1 7,12,14,15,21,27,32,34,43,63,72,75,81,82,88,100,103,106,117,120,127,128,130,134,146,158,161,164,168 "92";
93 66 1 0,1,5,6,8,10,15,17,18,22,23,29,32,35,39,42,45,51,55,56,60,63,65,66,71,81,92,98,101,104,111,113,117,119,120,122,128,132,134,138,142,143,145,146,150,153,160,162,165,167 "93";
94 6 1 1,3,5,11,14,16,17,18,21,23,26,28,31,34,38,41,43,44,48,50,58,59,62,68,70,72,76,81,85,90,97,98,101,103,104,107,109,111,112,120,124,129,131,136,145,147,149,155,159,160,164,166 "94";
95 91 1 5,7,10,22,32,34,43,51,54,55,63,65,69,70,75,96,98,107,108,116,119,127,129,135,156,163 "95";
96 164 0 0,2,6,7,9,14,15,18,20,23,26,29,33,35,37,39,43,45,52,54,58,59,61,63,66,67,69,70,73,78,82,83,88,92,98,100,102,109,112,115,119,120,121,127,129,130,133,135,139,141,142,143,145,147,148,150,152,154,155,158,160,164,166,168 "96";
97 55 0 10,14,21,24,25,28,30,35,48,53,55,64,65,68,70,78,83,87,88,95,99,103,112,114,128,130,136,140,143,144,147,160,163,165,168 "97";
98 10 1 0,2,3,14,15,20,28,41,43,44,47,49,51,53,59,65,68,70,71,82,85,90,93,99,108,109,113,118,119,131,132,134,144,149,155,158,165,167 "98";
99 34 1 0,5,8,14,16,17,18,22,24,28,30,31,35,40,42,44,48,49,50,53,55,61,63,68,76,79,81,84,86,91,92,95,97,105,107,108,112,114,117,121,122,124,127,135,138,141,143,148,151,155,157,159,162,165 "99";
100 2 0 1,3,6,9,14,21,22,24,29,30,31,37,38,40,44,46,48,50,52,54,59,60,61,62,64,70,73,79,89,91,93,98,102,103,105,107,109,111,116,119,122,123,126,131,132,134,135,140,143,146,147,149,150,153,155,157,159,160,164,165 "100";
101 54 1 7,21,24,29,35,36,41,44,51,58,68,70,74,77,89,92,111,125,143,155,160,163 "101";
102 85 1 9,12,16,19,23,36,38,46,58,60,71,74,83,89,93,100,108,114,116,119,123,129,138,142,168 "102";
103 117 1 0,2,3,5,6,10,14,16,17,20,24,25,33,38,42,44,46,47,60,65,68,69,71,72,76,78,79,80,85,86,89,90,92,94,98,101,103,104,105,107,110,114,115,116,119,121,124,127,132,133,135,136,139,143,145,148,149,151,154,155,157,162,163,165 "103";
104 58 0 1,2,7,10,11,12,13,16,17,18,20,22,24,26,29,31,32,38,41,47,48,50,58,60,61,63,71,72,73,75,79,80,84,87,89,91,94,97,98,100,101,102,106,107,111,115,120,122,123,124,126,131,137,142,145,148,150,153,155,164,165,167,168 "104";
105 87 0 6,11,14,16,21,31,35,40,42,44,45,47,55,57,58,64,65,66,69,72,73,78,79,82,87,89,92,105,107,110,112,115,120,121,124,125,127,132,134,136,137,142,146,151,155,160,165 "105";
106 55 1 3,9,17,18,25,28,32,33,35,39,44,46,52,54,57,59,68,70,75,78,84,90,93,96,103,104,109,112,113,119,122,126,135,137,139,142,144,150,154,155,158,160,162 "106";
107 54 1 0,4,6,7,8,10,11,14,16,18,20,22,24,27,29,31,35,36,37,41,46,47,49,50,52,54,63,66,69,70,73,77,78,80,82,84,86,87,89,91,93,95,96,98,101,103,104,105,107,108,111,112,113,115,117,119,122,123,124,126,128,129,132,133,135,139,140,142,143,144,145,148,149,150,153,154,157,158,161,163,164,166,167 "107";
108 160 0 1,3,23,24,32,48,57,60,73,76,86,111,112,121,128,139,145,149,159 "108";
109 27 1 0,2,6,7,16,22,31,32,35,39,41,44,56,67,72,74,86,90,96,98,102,112,115,116,129,131,132,135,144,151,153,155,163 "109";
110 115 0 8,19,22,31,35,51,53,68,82,95,98,103,111,122,128,139,143 "110";
111 52 1 25,30,97,105,155,161,163 "111";
112 110 1 38,50,94,101 "112";
113 66 0 4,10,12,14,16,18,23,29,30,32,34,37,42,43,45,48,53,55,63,65,67,71,74,77,79,81,84,85,90,96,98,101,102,105,106,111,112,116,119,122,125,129,130,134,138,145,146,148,151,155,157,159,161,163,168 "113";
114 74 0 6,7,8,12,24,27,29,30,32,36,38,40,42,43,47,48,49,51,54,66,70,71,76,79,81,85,88,94,96,98,100,102,103,104,106,107,110,113,122,124,126,128,134,138,145,147,148,150,157,158,159,163,165,168 "114";
115 101 1 0,5,11,12,13,15,18,19,25,26,29,32,34,35,38,40,42,44,46,48,49,50,52,55,63,66,69,70,72,77,78,81,85,87,93,94,96,98,99,102,105,109,113,115,117,121,128,132,137,139,140,143,144,148,149,151,154,155,160,161,163,164,165,167 "115";
116 19 1 9,11,17,19,24,29,30,36,39,41,47,49,53,58,61,63,64,67,71,74,78,80,82,90,91,93,98,100,104,109,111,120,125,127,130,134,135,137,138,139,141,144,147,152,157,160,162,167 "116";
117 132 1 3,7,10,11,15,18,19,21,22,25,27,28,30,32,34,36,37,38,40,46,47,51,53,54,57,59,61,66,69,70,72,74,75,80,86,88,90,91,93,94,95,99,100,104,106,109,111,114,115,116,118,120,122,125,127,129,131,135,137,139,141,142,144,145,146,149,150,151,153,154,157,158,161,162,163,165,167 "117";
118 23 1 5,9,35,45,71,138,159,164 "118";
119 18 1 0,2,5,7,13,16,19,27,37,45,54,59,63,70,72,78,80,83,87,95,97,98,104,108,111,113,118,127,130,135,138,141,142,143,145,156,157,160,162,163 "119";
120 76 1 0,2,4,5,6,10,12,14,17,21,23,25,26,28,30,31,33,35,37,39,42,45,47,49,51,56,57,58,62,68,71,72,75,76,77,80,81,86,88,89,95,97,100,102,105,106,108,112,116,117,120,122,124,126,127,128,130,132,134,137,139,141,145,147,149,151,152,154,157,159,161,162,165,167 "120";
121 83 1 0,4,11,19,24,31,32,38,45,48,51,53,69,71,80,82,84,88,102,103,106,108,111,112,114,119,123,127,132,139,141,144,147,150,152,154,156,159,160,162,165,168 "121";
122 130 1 4,10,25,28,42,54,56,57,71,72,73,85,90,99,100,105,108,112,114,115,119,120,127,129,134,138,143,152,154,165,168 "122";
123 122 1 3,11,20,44,102,103,135 "123";
124 126 1 2,3,5,7,11,12,14,15,19,22,28,29,32,34,36,37,40,43,45,47,50,54,55,57,58,60,65,67,68,70,73,75,76,77,78,81,82,86,91,93,94,97,99,102,105,108,109,111,114,116,117,119,121,123,126,129,131,135,138,139,142,144,146,149,151,153,155,158,159,164,166,167 "124";
125 135 0 8,10,14,21,23,37,43,46,53,55,68,70,75,80,81,84,89,92,94,96,97,99,101,109,120,123,128,131,136,139,148,156,161 "125";
126 8 0 0,4,7,11,17,20,21,22,23,26,29,31,32,34,36,39,41,44,49,52,55,56,58,60,61,62,67,74,77,78,80,81,83,85,89,91,93,96,103,106,108,110,112,114,121,123,128,134,137,139,140,146,148,149,153,157,162,163 "126";
127 31 0 1,5,6,8,13,14,19,23,27,29,31,32,33,36,54,59,62,63,65,75,82,85,87,90,93,96,101,108,111,115,119,122,126,127,134,137,139,141,142,144,156,157,160 "127";
128 93 1 2,21,29,33,37,51,53,56,57,61,62,64,68,71,79,87,89,90,91,101,106,112,131,132,135,137,151,154,155,159 "128";
129 52 1 20,22,43,88,99,115 "129";
130 109 1 1,9,15,16,18,25,31,34,38,40,48,52,57,60,64,70,74,79,85,89,91,100,106,111,114,118,119,137,138,140,141,150,153,155,158,161,164 "130";
131 69 0 40,161,164,165 "131";
132 92 0 8,15,17,21,23,24,26,30,35,48,52,62,65,66,89,93,98,100,129,135,154 "132";
133 35 0 3,9,18,26,61,71,76,78,79,85,91,100,105,111,113,119,123,124,138,144,148,152,160,162,165 "133";
134 126 0 0,4,5,9,15,26,35,36,39,47,52,74,84,86,92,94,98,106,115,118,120,121,124,130,132,135,137,157,162,166,168 "134";
135 47 0 5,12,14,15,24,26,27,32,34,50,61,74,84,96,105,110,118,130,139,141,157,159 "135";
136 62 1 2,4,13,14,16,21,24,51,55,84,90,92,99,101,108,112,115,117,124,127,131,137,139,144,147 "136";
137 146 1 0,6,7,10,14,21,29,36,39,44,60,61,77,79,80,82,85,87,92,101,106,110,111,113,126,128,139,145,153,155,156,159,163,167 "137";
138 61 0 1,3,4,6,8,9,10,13,18,21,23,24,27,30,33,35,36,37,38,40,41,43,46,48,52,55,56,57,61,62,65,69,70,72,74,77,78,79,82,84,87,89,90,94,97,98,99,100,102,103,106,107,109,111,113,114,117,118,119,122,125,127,128,131,133,135,137,138,140,142,144,145,148,149,151,153,154,157,162,165,166,168 "138";
139 48 1 6,15,17,22,29,37,39,51,55,58,62,64,67,82,85,91,94,98,111,113,127,129,133,136,137,146,150,153,155,160,163,165 "139";
140 133 0 7,9,11,14,18,19,27,30,33,35,36,39,41,44,47,50,51,53,57,63,71,75,78,81,82,89,92,94,97,100,102,103,107,108,111,112,115,120,123,127,131,136,140,142,146,155,158,164 "140";
141 102 1 3,5,11,15,18,19,21,36,47,55,70,80,83,92,95,98,103,105,107,112,118,123,133,136,137,141,145,147,158,163,168 "141";
142 90 1 0,2,4,5,10,11,15,17,18,19,20,23,24,25,28,29,37,38,41,45,48,51,54,56,57,58,62,65,67,68,71,73,75,76,81,82,85,86,87,90,92,94,95,98,100,102,103,105,106,110,112,114,117,120,122,125,127,130,133,134,135,137,138,139,141,142,143,145,147,149,151,156,157,159,165,167,168 "142";
143 28 1 1,6,8,9,12,17,19,20,24,26,27,30,32,34,35,37,39,43,46,58,62,64,66,79,80,82,85,87,89,92,95,99,101,102,111,112,117,123,132,134,136,141,149,154,157,162,163,165,166 "143";
144 157 0 11,21,25,43,45,48,58,63,66,70,73,76,79,88,95,97,103,107,116,124,126,137,141,144,161,166 "144";
145 115 0 0,2,11,13,16,25,30,33,41,49,55,58,60,61,62,65,69,70,75,79,86,97,101,107,108,110,115,122,127,128,130,132,134,149,152,154,165,167 "145";
146 154 1 6,9,16,51,54,59,72,92,105,123,133,135,149,157,159 "146";
147 37 1 2,6,9,14,19,27,28,39,41,53,54,57,61,63,68,70,73,78,82,83,87,91,93,94,96,100,101,108,110,112,115,121,124,129,130,135,137,138,146,155,156,158,160,162,164,168 "147";
148 43 0 3,8,9,11,12,16,17,19,21,23,25,27,31,33,35,37,40,43,46,48,51,53,54,59,63,70,79,81,82,85,88,95,96,97,103,104,106,108,110,114,115,119,122,124,130,132,134,139,140,143,145,148,152,154,156,157,159,161,164,166,168 "148";
149 76 1 9,13,23,25,26,35,40,54,55,60,65,66,73,87,88,96,104,116,121,123,128,132,139,142,147,149,151,155,157,159,160 "149";
150 167 0 0,1,2,4,5,6,7,11,15,17,20,23,25,27,30,32,33,36,38,40,41,50,51,55,58,60,62,64,66,67,68,71,74,78,79,80,83,84,86,91,92,93,94,96,98,100,103,114,116,117,118,120,122,123,127,129,130,132,133,134,139,143,145,146,151,153,154,157,160,162,163,165,167,168 "150";
151 87 0 0,2,3,4,6,9,11,13,15,17,20,23,25,28,32,33,37,38,40,41,44,45,46,47,52,53,56,59,60,64,66,73,76,78,80,82,88,91,93,97,100,103,110,113,120,121,125,134,142,144,147,148,150,151,156,158,161,164 "151";
152 61 1 16,40,44,45,64,87,93,127,132,139 "152";
153 45 1 4,6,8,10,11,13,15,23,25,28,30,32,45,46,48,50,54,60,61,65,69,71,73,76,79,80,82,84,85,87,89,90,93,94,97,102,105,107,108,112,114,115,116,118,120,122,125,127,130,132,133,135,136,137,139,140,142,144,147,149,150,151,153,154,155,156,160,163,166,167 "153";
154 46 0 1,3,19,28,45,52,55,57,60,76,79,80,82,88,96,102,105,117,122,126,134,137,139,140,145,156,162,163,164 "154";
155 145 1 2,4,12,14,16,19,22,26,27,28,32,37,38,42,46,53,54,56,59,62,65,66,67,69,79,81,82,87,89,107,114,115,120,126,131,139,148,154,157,163,165 "155";
156 89 1 60,61,67 "156";
157 38 0 20,34,37,55,66,72,80,82,118,133,158,164,166,168 "157";
158 122 1 0,3,4,7,12,14,20,26,30,34,36,42,46,49,52,55,58,61,68,73,79,83,88,92,93,105,106,110,115,120,126,129,130,134,139,141,145,155,157,159,165 "158";
159 124 0 0,2,8,9,14,17,18,23,25,28,31,34,36,37,39,42,44,45,47,48,50,53,58,67,70,72,74,79,87,89,91,93,95,99,102,103,107,109,111,114,120,123,125,131,132,139,145,147,151,155,158,162,166 "159";
160 142 0 0,7,17,19,22,23,48,57,61,65,70,72,75,77,93,97,100,107,113,119,122,124,126,133,139,146,149,160,165 "160";
161 117 1 10,19,21,22,29,47,57,77,87,95,102,108,127,143,148 "161";
162 79 0 7,14,16,19,24,27,29,33,35,37,39,40,47,50,52,57,59,61,63,65,67,69,72,75,78,83,87,88,93,100,103,107,110,114,121,124,125,136,137,139,140,143,146,149,152,153,158,159,162,167,168 "162";
163 85 0 16,23,29,31,36,42,46,48,50,53,55,60,65,70,74,76,85,88,90,91,93,99,101,102,104,113,114,117,122,125,128,141,147,149,167 "163";
164 158 1 0,14,22,30,41,44,46,47,49,58,60,65,66,72,82,89,91,94,95,98,100,101,107,109,110,115,129,134,136,139,142,144,145,148,150,154,159,165 "164";
165 146 0 1,2,4,6,11,14,18,21,22,24,28,30,32,34,36,38,40,43,46,49,50,52,54,58,59,60,63,64,66,68,69,75,77,79,81,82,84,85,87,90,91,92,95,99,100,102,105,107,108,109,111,112,114,115,117,121,123,127,129,133,135,139,146,149,150,152,153,155,156,160,161,163,166,167 "165";
166 85 1 4,8,15,29,72,80,86,108,124,138,139,143 "166";
167 155 0 1,7,12,14,16,21,24,27,29,33,36,38,39,42,44,47,50,55,58,59,62,69,75,80,105,112,117,118,119,123,129,132,136,138,142,144,153,160,162 "167";
168 23 1 0,6,8,68,81,84,109,130,132,139,147,158,159,166 "168";
