parity 47;
0 27 1 0,1,2,4,9,15,19,24,30,32,33,34,37,40,44,45,46 "0";
1 1 1 13,21,23,25,27,32,34,35,44,47 "1";
2 38 1 33 "2";
3 17 0 1,4,6,7,8,13,14,16,17,20,21,23,25,27,31,32,35,37,39,40,41,43,46 "3";
4 20 0 15,20,24,28,30,36,43 "4";
5 6 1 1,5,7,8,10,14,17,20,23,24,26,28,30,31,32,34,36,38,40,41,43,45,46,47 "5";
6 31 0 28,31,39,40 "6";
7 40 1 7,13,33 "7";
8 20 1 3,5,7,10,16,17,21,22,29,32,39,41,47 "8";
9 35 1 28 "9";
10 9 1 0,7,9,16,19,22,23,26,28,29,38,39,40,44 "10";
11 18 1 0,2,4,5,12,14,22,23,25,29,31,34,36,39,40,42,44 "11";
12 48 0 29,40 "12";
13 47 1 0,8,11,12,14,15,22,26,30,32,37,39 "13";
14 37 1 1,3,4,9,12,14,15,16,20,21,23,24,26,27,31,34,37,38,39,41,47 "14";
15 37 0 1,3,5,10,12,15,17,18,19,22,24,27,28,31,33,34,36,39,41,43,46 "15";
16 35 1 35 "16";
17 18 1 2,17,19,32,34,43 "17";
18 14 0 1,4,7,12,13,15,17,19,22,23,26,29,31,33,34,35,37,38,41,42,45 "18";
19 17 0 1,3,6,8,10,15,19,25,27,29,31,39,41 "19";
20 20 0 0,2,4,10,11,14,15,19,20,22,23,27,30,32,34,35,37,40,42,45,46 "20";
21 11 1 4,9,14,15,18,26,29,32,40,42,44,47 "21";
22 35 0 1,8,9,10,12,15,16,18,20,22,26,28,38,41,42,44,46,47 "22";
23 33 0 1,2,5,6,8,9,12,13,17,20,23,25,26,31,32,36,43,44,46 "23";
24 34 1 1,2,5,9,11,14,17,19,25,31,33,34,35,36,37,39,41,44,46 "24";
25 3 0 1,5,6,7,9,11,12,13,16,18,19,24,25,30,40,42,44,46 "25";
26 33 1 0,3,4,9,12,17,19,24,26,27,30,31,36,37,38,40,42 "26";
27 13 0 2,11,15,18,19,25,42,45 "27";
28 30 1 1,6,24,32,36 "28";
29 0 0 4,5,6,7,10,12,13,15,31,32,36,39,44,47 "29";
30 33 0 0,4,7,8,16,20,29,30,31,33,35,38,40,41,45,47 "30";
31 4 1 4,6,15 "31";
32 27 0 5,18,25,28,31,36,40 "32";
33 47 1 6,10,13,42 "33";
34 22 0 1,2,4,6,8,12,14,15,18,20,21,23,25,26,27,29,30,32,33,36,39,42,44,47 "34";
35 22 1 0,5,6,7,8,10,17,20,23,26,27,32,34,36,41,46 "35";
36 47 0 1,2,8,12,15,17,22,24,32,33,34,35,37,40,42,44 "36";
37 26 1 1,2,5,9,12,13,14,15,19,20,22,27,30,31,33,36,39,43,44 "37";
38 41 0 0,4,8,30 "38";
39 42 0 10,13,20,39,45 "39";
40 7 0 1,7,20,24,44 "40";
41 35 1 0,2,8,11,12,22,24,27,31,32,34,37,42,46 "41";
42 42 0 0,2,4,7,9,11,15,17,19,20,21,23,24,26,28,30,33,37,39,41,43,45,47 "42";
43 0 1 0,6,7,9,13,17,22,24,25,26,30,32,35,36,38,40,42,45 "43";
44 24 0 5,21,32,36,39 "44";
45 22 0 24 "45";
46 37 1 3,5,12,13,15,20,22,25,28,30,31,34,37,40 "46";
47 10 1 0,2,3,6,8,13,17,18,20,21,23,24,26,28,30,32,35,37,39,41,44,47 "47";
