parity 22;
0 23 1 0,1,2,5,7,8,11,12,16,19,21,22 "0";
1 3 1 5,13 "1";
2 22 0 10 "2";
3 18 0 10,16,20 "3";
4 16 0 0,3,4,5,7,8,9,11,13,17,20,21 "4";
5 8 0 0,4,18 "5";
6 2 1 1,3,4,6,7,10,11,13,16,18,22 "6";
7 19 1 2,5,7,9,14,18 "7";
8 9 1 5,10,11,14,15,17 "8";
9 3 0 6,21 "9";
10 16 1 0,3,14,17,21 "10";
11 14 0 1,5,6,8,9,11,15,16,21 "11";
12 5 1 0,2,5,6,9,14,15,17,19,21 "12";
13 13 1 13,16 "13";
14 7 0 0,4,9,11,14,17,22 "14";
15 15 0 1,5,10,14,16,20 "15";
16 18 0 21 "16";
17 16 1 0,2,4,5,8,9,10,13,15,17,18,20 "17";
18 12 0 2,19 "18";
19 14 0 7,13 "19";
20 20 1 0,6,8,11,15,17,19,20 "20";
21 1 0 1 "21";
22 18 0 0,2,6,7,9,11,13,14,16,18,20,21 "22";
