parity 126;
0 43 0 8,11,15,16,18,20,25,28,30,31,34,37,39,41,43,44,46,49,52,54,55,58,60,63,64,67,69,70,72,74,76,77,79,85,86,90,94,95,96,102,103,105,109,111,112,115,116,120,122,123,126 "0";
1 28 0 0,11,20,28,34,37,48,50,51,54,68,70,72,75,79,80,86,88,95,97,101,102,103,105,108,113,118,125 "1";
2 53 0 0,1,6,8,10,12,13,18,20,26,29,31,33,36,38,44,46,48,56,59,60,62,64,68,70,71,73,75,76,77,82,88,90,92,93,95,96,97,101,102,104,106,109,116,118,123,124 "2";
3 27 1 11,43,48,49,52,80,83,112,113,126 "3";
4 118 0 1,4,7,8,11,14,16,18,19,21,22,24,25,31,32,35,36,38,40,41,42,45,47,49,51,52,56,58,60,61,63,67,69,73,74,76,78,80,81,83,85,90,94,99,100,105,108,110,111,112,117,119,120,121,123,124,126 "4";
5 122 1 2,5,6,8,9,14,17,21,23,25,26,30,31,35,39,42,45,47,50,51,54,57,60,64,73,77,80,81,83,84,87,88,92,94,98,103,108,109,111,112,113,115,118,120,122,125 "5";
6 109 0 67,101 "6";
7 95 1 17,21,27,56,94,96,102,109,113,118,126 "7";
8 17 1 3,8,25,73,76,83,90,100 "8";
9 18 0 0,1,47,59,86,103 "9";
10 76 1 1,3,6,7,14,17,20,24,27,29,33,34,35,38,40,42,43,44,49,52,54,56,61,64,68,69,71,72,78,88,90,92,94,95,98,100,103,107,110,115,118,120,121,123,125 "10";
11 71 1 1,2,3,5,8,10,23,25,28,30,33,35,37,41,43,50,53,55,60,62,63,65,67,75,79,83,85,86,88,89,93,95,98,100,101,105,106,108,114,117,120,123 "11";
12 125 0 26,30,44,58,75,77,89,94,95,110,115,120 "12";
13 6 1 0,2,3,5,6,8,12,14,16,20,24,30,33,37,40,44,47,49,55,57,60,65,66,71,72,75,79,80,86,88,91,93,97,99,101,106,108,112,114,117,119,121,122,124 "13";
14 74 0 21,30,47,54,58,63,74,98,110,115,118,122 "14";
15 120 0 3,8,20,23,25,27,49,92,96,101,103,113,118,121 "15";
16 79 0 0,1,3,5,6,7,9,10,12,16,18,21,22,27,29,33,38,41,43,48,49,51,54,55,57,60,64,65,67,68,71,73,78,81,82,83,84,87,91,96,98,102,104,106,109,111,112,114,116,118,121,123,126 "16";
17 83 1 0,2,3,6,9,10,11,13,15,16,17,20,21,22,23,24,28,32,35,37,39,41,42,44,48,51,53,54,57,60,64,65,68,73,77,82,84,85,87,89,91,93,95,97,100,101,104,107,110,113,116,117,120,122,124,126 "17";
18 85 1 5,10,12,19,26,28,36,47,48,51,53,61,65,67,75,77,92,100,114,117,118,123,124,125 "18";
19 64 1 8,13,14,18,21,26,45,47,52,54,58,59,67,68,69,76,80,86,89,91,93,97,99,100,109,112,121,122 "19";
20 108 1 1,6,9,11,13,16,21,28,34,35,45,48,54,59,60,62,64,65,67,72,80,84,85,89,90,92,95,97,100,102,108,109,110,112,114,117 "20";
21 98 1 0,1,3,5,8,9,11,12,15,17,18,20,21,23,26,27,29,32,36,37,40,45,46,47,48,50,51,53,55,58,60,61,62,66,67,68,72,74,80,84,86,88,91,93,94,98,99,101,102,103,106,107,109,111,113,115,117,120,121,122,123,125 "21";
22 3 0 0,2,3,8,10,11,13,17,19,23,24,26,27,29,30,31,34,36,38,39,40,43,47,48,49,52,56,57,59,62,64,65,67,68,71,73,77,80,81,83,84,85,89,90,92,93,95,99,103,104,105,107,109,110,113,119,121,124,126 "22";
23 79 0 1,4,8,9,10,13,18,21,23,25,26,31,33,34,36,42,43,47,48,51,52,55,58,61,63,69,71,73,74,76,79,81,83,86,89,92,93,95,97,99,100,101,102,104,106,108,110,111,112,114,115,119,120,122,124 "23";
24 116 0 2,3,5,8,9,11,12,18,19,21,25,26,37,38,41,45,46,47,51,52,55,67,71,73,74,76,81,82,84,86,88,90,93,101,102,104,105,106,110,112,117,119,120,123,126 "24";
25 10 0 0,3,10,15,19,25,26,32,35,42,44,55,61,62,64,67,72,77,81,84,92,96,101,102,107,108,113,115,122,126 "25";
26 34 0 1,12,54,73,78,86,87,92,97 "26";
27 85 0 0,9,10,15,16,22,27,31,36,44,46,47,50,52,57,63,64,66,68,71,74,76,81,85,88,90,93,95,99,101,102,105,107,109,112,116,119,122,125 "27";
28 70 0 8,10,15,19,21,28,37,39,44,47,50,52,55,58,62,70,71,74,75,79,80,92,96,105,108,110,112,115,116,122 "28";
29 7 0 0,3,4,9,10,11,14,16,24,29,31,34,38,42,47,48,49,51,53,62,63,66,67,72,75,77,78,81,83,85,88,91,92,93,98,100,104,105,110,112,121,126 "29";
30 1 0 4,7,10,13,16,20,25,30,38,39,43,56,60,64,66,67,71,73,75,80,84,85,90,95,97,99,108,110,112,118,123 "30";
31 67 0 3,5,8,13,14,18,33,37,39,42,45,52,55,56,64,66,68,75,79,80,82,84,85,87,91,94,100,103,106,114,115,118,120,125 "31";
32 74 0 2,5,8,11,20,21,24,25,27,32,42,44,47,49,52,61,62,67,74,81,83,85,87,89,90,93,94,98,100,104,116,121 "32";
33 19 1 1,2,4,10,29,30,42,49,54,59,65,67,77,81,82,93,96,116,120 "33";
34 79 1 1,5,6,9,10,13,15,18,23,26,32,36,40,41,45,47,50,54,59,60,62,65,73,75,78,83,84,87,89,94,98,102,104,109,110,111,116,120,122 "34";
35 77 1 2,3,9,14,18,37,39,49,53,55,58,64,68,70,73,75,80,86,88,91,93,98,101,103,104,111,114,117,118,120,122,123 "35";
36 2 0 1,2,4,7,8,10,11,13,14,16,17,21,23,24,26,27,29,32,34,37,40,41,42,44,46,47,49,53,58,60,63,67,69,71,72,73,76,78,80,86,87,88,90,92,96,99,100,102,105,107,108,109,111,113,114,119,121,122,123,124,125 "36";
37 21 1 31,34,70,84 "37";
38 45 0 4,22,45,53,61,81,83,94,100,114 "38";
39 105 0 1,5,6,8,13,18,19,20,22,23,24,31,32,33,38,40,43,51,55,60,63,65,67,70,77,81,83,85,88,99,100,102,104,119,121,125,126 "39";
40 6 0 0,2,3,8,10,12,13,15,17,18,19,20,21,24,25,27,29,37,38,41,42,44,45,48,50,55,57,58,61,62,64,65,66,69,73,75,76,79,80,81,83,85,86,88,90,91,92,94,96,99,100,103,105,108,110,111,113,115,120,122,126 "40";
41 25 1 3,11,13,17,19,24,34,35,40,42,59,62,78,84,88,89,93,94,99,104,106,110,120,125 "41";
42 38 1 7,19,21,27,38,70,76,79,94,95 "42";
43 98 0 42,43,79,106,116 "43";
44 17 1 12,13,16,23,37,39,42,44,45,54,72,85,88,97,111,113,125,126 "44";
45 36 1 2,4,6,9,10,13,14,16,19,21,22,24,29,31,32,34,37,38,39,41,44,49,51,53,56,58,63,64,70,72,75,76,77,78,81,84,85,88,92,96,102,105,107,110,111,116,118,124,126 "45";
46 80 1 92,108 "46";
47 9 0 4,5,7,14,21,22,31,44,49,60,65,66,71,77,79,81,84,89,96,98,103,105,114,115,119,120,121 "47";
48 51 1 0,2,4,8,9,13,17,18,19,21,22,24,27,35,38,41,46,51,52,53,58,59,62,66,72,74,75,76,78,85,87,93,94,103,105,108,110,111,114,117,122,123,125 "48";
49 41 0 10,20,22,24,30,33,36,37,40,42,44,45,47,49,55,58,63,66,70,81,82,87,93,98,100,103,106,117,119,120,122,123 "49";
50 80 1 4,6,28,37,39,42,44,47,49,57,64,66,71,84,87,89,91,100,106,108,109,117,124 "50";
51 17 0 3,7,9,13,15,20,22,25,29,32,36,43,45,46,47,50,53,54,58,60,61,63,68,69,70,72,73,76,77,81,83,85,87,88,90,92,98,101,102,110,111,112,116,118,119,121,123,124 "51";
52 8 0 0,5,10,15,17,18,20,22,25,35,40,44,46,53,61,63,66,68,70,74,76,85,88,106,110,112,116,125,126 "52";
53 43 1 0,4,7,9,10,13,16,18,19,23,25,26,28,32,34,36,39,41,42,43,45,47,49,52,54,55,57,58,60,61,64,66,70,72,73,75,80,81,84,86,90,92,94,97,98,100,101,105,106,107,108,113,114,116,117,119,120,122,124,126 "53";
54 71 1 1,4,7,8,24,34,43,46,57,73,78,80,108,114,119,122,123 "54";
55 92 0 2,8,10,11,12,17,18,20,25,28,29,31,36,37,42,47,49,51,53,55,56,62,63,64,66,68,72,73,74,75,77,78,79,81,82,84,85,88,90,97,98,100,104,105,107,109,110,112,113,115,116,119,121,123 "55";
56 79 1 0,2,3,5,8,14,16,17,20,22,23,24,28,30,31,35,44,47,49,50,51,55,60,64,68,72,75,76,79,82,85,87,88,90,93,94,95,97,99,101,104,109,111,114,115,116,118,120,122,126 "56";
57 81 0 0,2,4,7,11,12,16,20,25,30,31,34,35,37,42,48,49,58,63,65,66,68,73,75,77,78,81,84,85,87,89,91,92,99,100,103,105,106,109,111,117,118,119,123 "57";
58 98 1 0,3,5,7,13,18,24,25,26,28,30,34,36,39,43,50,51,54,55,57,59,66,69,71,76,78,79,81,85,88,89,92,94,95,96,98,103,106,109,110,111,114,115,116,119,122,126 "58";
59 29 0 3,10,13,14,18,21,26,27,31,32,35,36,39,41,44,46,48,50,52,54,55,56,58,60,62,63,65,67,70,72,73,77,80,83,85,87,88,89,94,95,99,101,102,106,107,109,110,113,115,118,119,121,123,126 "59";
60 77 0 5,26,48,49 "60";
61 34 1 0,2,6,7,8,10,12,15,17,18,20,23,24,26,30,32,34,36,38,40,43,44,46,49,50,51,55,58,61,63,68,73,75,76,78,81,82,83,85,92,94,99,102,104,105,107,108,112,113,116,117,119,121,122,125 "61";
62 82 1 0,3,8,13,14,17,22,26,34,39,41,42,45,46,48,50,54,56,57,69,70,73,75,81,84,86,87,88,93,96,97,101,104,109,112,118,122,124 "62";
63 61 0 0,11,27,35,44,55,57,76,91,95,103,115,116 "63";
64 0 0 1,6,9,12,14,25,28,29,34,36,39,42,44,45,47,50,51,54,57,60,65,68,69,72,77,78,79,84,89,90,92,94,97,101,105,108,111,113,118,124,126 "64";
65 61 1 0,2,8,11,14,15,18,25,26,30,33,35,38,41,44,50,54,56,57,60,61,64,65,69,70,72,73,75,79,81,82,85,86,91,93,94,95,99,112,115,118,120,123 "65";
66 56 0 8,9,15,28,35,42,59,61,65,74,75,82,86,90,91,107,122 "66";
67 5 1 2,3,13,16,21,24,26,28,31,32,36,41,42,44,48,50,54,57,61,63,68,70,73,74,79,83,84,85,92,93,95,101,102,104,106,108,110,116,117,121,123,124 "67";
68 59 1 9,13,24,41,42,78,119,125 "68";
69 23 1 1,4,8,15,37,40,42,46,47,49,52,54,56,65,71,74,82,85,99,113,125 "69";
70 91 1 9,25,26,32,47,49,51,57,65,67,74,82,99,118,121,123,124 "70";
71 63 0 2,13,45,72,79,103,106,114,116 "71";
72 20 1 4,7,12,15,17,20,22,29,32,34,38,39,41,42,46,53,57,63,64,66,70,71,76,81,83,85,86,88,98,100,106,109,117,118,123,125 "72";
73 0 0 38,86,87 "73";
74 18 1 2,17,25,26,29,42,64,66,74,83,94,101 "74";
75 52 0 0,1,7,13,14,17,22,28,31,35,39,42,44,56,62,66,69,73,75,76,79,81,83,87,89,91,94,95,97,99,101,103,108,112,113,116,118,120,122,123,124,125 "75";
76 77 1 6,10,48,64,75,92,95,117,121 "76";
77 107 1 0,3,10,13,23,28,29,32,38,39,46,47,49,51,55,61,62,65,70,71,75,78,79,81,85,86,99,100,105,110,114 "77";
78 99 1 1,4,9,11,14,16,22,25,29,33,34,35,37,39,42,44,46,50,52,60,64,71,73,76,78,81,83,84,89,91,97,100,105,107,108,116,117,118,121,124,125 "78";
79 47 0 0,6,10,18,21,22,24,26,30,32,37,39,41,44,46,47,52,58,59,67,73,76,81,84,87,90,98,104,106,108,110,113,115,118,122 "79";
80 77 0 18,65,87 "80";
81 109 1 2,16,20,23,27,31,35,40,56,61,73,78,81,87,90,97,100,102,121 "81";
82 49 0 1,9,27,29,31,35,41,42,44,46,47,49,51,63,64,67,71,83,85,96,98,101,106,110,113,117,119,126 "82";
83 16 0 0,3,7,11,14,16,17,19,20,24,27,30,31,33,35,36,39,41,44,47,49,50,51,52,55,58,62,63,68,69,74,75,76,78,80,82,84,87,89,90,91,94,96,97,99,100,101,103,104,105,107,109,113,118,120,122,123,124,126 "83";
84 122 1 2,13,18,23,45,48,68,70,74,76,89,96,101,104,116,118,125 "84";
85 81 0 2,3,6,9,10,15,17,20,23,27,29,33,37,47,51,53,54,58,61,66,71,73,83,84,87,89,92,94,95,99,103,104,109,111,113,115,117,120,122,123,126 "85";
86 25 1 0,4,21,23,27,31,36,47,56,64,75,84,85,100,103,105,110,111,123,125 "86";
87 104 0 5,14,50,63,75,85,91,97,98,118,121 "87";
88 25 1 0,2,3,4,7,10,12,14,21,25,27,28,29,31,33,35,38,40,42,44,48,54,56,57,58,60,64,65,69,78,80,81,83,87,89,90,93,95,96,99,101,106,110,111,115,116,118,122,126 "88";
89 126 0 0,2,7,9,17,19,22,24,27,35,39,41,42,44,46,47,52,53,57,59,65,67,72,75,78,87,91,95,98,100,104,108,115,120 "89";
90 10 1 1,2,6,7,8,11,13,14,16,18,21,24,25,27,28,29,31,32,34,35,37,39,40,44,45,46,48,52,54,56,58,59,61,69,71,77,81,83,87,89,91,93,95,98,99,102,105,109,112,114,120,121,123 "90";
91 24 1 1,3,5,11,12,19,21,25,26,30,32,36,38,39,47,50,52,53,59,61,63,67,69,71,80,84,89,95,98,101,104,105,109,112,114,118,119,122,124 "91";
92 71 1 9,15,24,38,44,54,63,72,84,96,117 "92";
93 86 0 0,2,4,5,15,16,17,19,21,24,27,28,29,31,33,34,35,39,42,44,49,52,53,58,60,62,64,65,68,70,73,75,77,79,81,82,83,86,88,89,90,92,96,97,99,101,102,105,106,107,110,112,113,114,117,120,125 "93";
94 47 0 0,5,8,14,19,22,31,39,40,43,46,48,54,64,67,73,89,93,95,100,103,104,111,116,117,119,121,124 "94";
95 48 1 0,2,3,4,8,13,17,21,27,32,35,37,38,39,40,42,50,51,53,54,55,57,58,59,62,65,68,70,74,75,77,78,80,81,83,85,88,93,95,96,103,105,107,109,110,112,115,117,121,126 "95";
96 25 1 3,7,11,19,28,31,36,40,42,44,49,51,53,57,62,66,69,71,73,75,77,82,87,91,94,96,98,102,114,120,122,124 "96";
97 40 1 0,3,7,9,10,13,15,18,22,28,33,34,36,40,42,53,61,64,67,68,72,73,75,76,79,80,82,83,102,108,113,118,120,123,126 "97";
98 51 1 6,11,12,14,15,18,21,38,43,49,51,53,59,63,71,87,95,105,107,109,110,115,122,124 "98";
99 89 0 1,3,5,7,8,9,12,14,15,19,26,27,29,32,36,37,42,43,45,47,48,49,54,55,58,62,67,68,70,72,74,76,79,82,85,93,95,97,103,105,107,109,113,115,116,117,119,120,123,124,126 "99";
100 116 1 5,6,7,18,26,27,34,42,64,74,78,81,84,87,92,99,112,117 "100";
101 2 1 3,5,12,14,17,18,19,23,28,34,41,45,47,52,54,63,67,74,76,99,102,104,105,112,117,121,123 "101";
102 52 0 3,7,18,75 "102";
103 10 0 6,9,14,16,19,25,29,40,42,44,50,52,53,55,59,63,74,76,79,83,89,91,92,96,97,99,103,105,108,112,115,117 "103";
104 10 1 4,7,11,12,21,22,31,32,36,42,44,46,51,52,55,63,69,72,75,77,81,83,84,89,90,92,99,101,102,105,107,108,109,110,112,114,116,118,124 "104";
105 122 0 1,6,8,11,22,32,37,41,51,59,61,62,64,66,68,71,75,87,112,119,123 "105";
106 64 0 0,2,9,11,21,23,33,36,40,42,49,51,63,64,67,70,88,108,109,110,114,117,119,121,123 "106";
107 65 1 41,43,56,77,79,81,106 "107";
108 5 0 4,7,13,19,22,28,38,39,41,47,51,54,69,76,77,93,98,100,102,104,109,114,115,124,126 "108";
109 26 1 6,17,19,31,37,42,45,47,63,66,71,96,100,105,115,120,124,125 "109";
110 106 1 0,1,3,5,8,14,15,19,26,28,33,36,37,40,52,53,60,62,64,66,69,76,82,84,89,97,99,101,105,108,112,117,126 "110";
111 110 0 1,2,4,5,7,8,10,11,14,18,19,21,22,25,27,29,32,35,39,43,45,48,50,52,54,56,57,59,61,62,66,68,69,71,73,74,76,78,82,84,85,88,95,98,102,103,105,109,112,115,117,118,120,123,126 "111";
112 36 0 2,5,7,9,12,15,17,19,21,22,24,25,27,29,32,35,36,37,40,42,45,46,50,54,59,60,62,63,66,70,71,72,73,76,78,79,80,82,83,85,87,91,94,96,98,100,101,102,104,106,108,109,113,114,118,120,123,126 "112";
113 53 0 0,2,5,8,9,16,21,25,26,32,39,47,50,51,52,55,61,73,76,81,84,86,96,98,106,111,113,114,116,117,118,121,125,126 "113";
114 29 1 0,2,5,7,11,15,17,22,25,29,30,32,33,35,39,41,45,47,54,56,58,59,63,64,66,72,74,77,82,84,85,89,90,92,95,97,104,105,110,111,113,114,117,118,119,124,126 "114";
115 108 0 1,5,6,8,9,10,12,21,24,27,29,30,31,32,34,36,38,41,44,46,49,50,52,53,55,56,58,59,63,65,67,68,72,75,78,80,81,83,84,87,89,92,94,96,99,100,105,107,109,112,115,117,119,124 "115";
116 118 1 2,28,31,53,56,71,101,105,106,118,120,122,124 "116";
117 94 1 0,2,4,5,7,10,12,15,16,17,18,20,22,23,29,34,35,37,39,40,42,43,44,47,48,51,52,54,55,57,58,60,61,63,65,68,69,71,75,76,78,81,82,85,87,88,89,90,92,93,94,98,102,106,110,113,115,117,119,121,124,126 "117";
118 127 1 0,3,5,6,8,9,10,15,17,18,21,22,25,27,30,32,34,39,43,46,48,49,51,53,56,60,61,66,68,71,74,80,83,86,88,90,91,94,97,101,102,103,105,108,110,111,113,117,118,119,121,123,124,126 "118";
119 96 0 5,10,12,14,19,22,28,29,34,44,46,48,52,54,56,73,77,82,91,92,96,104,106,108,114,116,123 "119";
120 10 1 2,6,7,8,13,14,19,24,26,28,31,32,35,43,44,47,51,53,55,57,58,59,61,63,66,73,75,76,83,84,86,87,89,91,93,96,103,105,109,111,114,115,117,121,123,125,126 "120";
121 109 0 3,7,9,10,14,17,24,26,28,32,44,48,51,52,57,59,60,62,65,67,70,74,75,77,81,82,83,85,87,89,92,96,97,100,103,105,106,110,113,116,118,119,121,125 "121";
122 82 1 2,3,5,6,7,10,11,16,18,20,22,23,25,27,30,32,35,38,40,42,43,45,48,51,52,54,57,59,63,64,66,69,70,73,74,76,81,83,84,86,89,91,92,93,96,98,100,103,105,108,109,111,112,115,119,120,122,126 "122";
123 68 1 9,82,104,114 "123";
124 103 0 1,3,7,10,14,15,16,19,20,22,23,24,26,29,31,33,34,36,38,39,40,41,43,44,46,48,52,54,55,56,58,63,64,67,68,70,71,73,75,76,78,81,82,85,87,88,91,92,94,99,100,102,103,104,109,113,115,116,119,121,122,125 "124";
125 123 1 0,1,2,4,6,7,11,15,16,20,22,23,24,29,34,36,42,44,45,47,57,58,60,61,63,64,66,69,74,79,80,84,88,89,93,95,96,99,100,103,104,109,111,118,121,123,125,126 "125";
126 116 0 1,61,62,72,76,98,100,105 "126";
