parity 36;
0 3 1 1,3,5,7,10,17,18,23,24,26,34,35 "0";
1 23 1 1,2,3,5,7,8,10,12,15,17,20,23,25,29,32,34,35 "1";
2 21 0 5,23,27 "2";
3 11 1 11 "3";
4 8 1 3,22 "4";
5 29 1 1,9 "5";
6 28 0 2,4,7,8,15,17,18,19,24,35 "6";
7 2 0 1,3,5,7,9,11,13,18,19,21,26,29,30,33,35,36 "7";
8 34 1 2,10,14,17,21,22,27,32 "8";
9 18 1 7,11,15,19,20,24,26,31 "9";
10 24 0 0,3,6,10,11,12,16,26,35 "10";
11 10 0 5,6,9,24,29,36 "11";
12 24 1 1,2,5,10,12,16,18,20,22,26,29,33 "12";
13 35 0 2,6,8,12,14,17,22,24,26,28,30,32,34,35 "13";
14 3 1 2,8,12,13,16,18,26,28,32 "14";
15 26 0 3,5,31 "15";
16 26 1 1,14,22,25,26,33 "16";
17 27 0 33 "17";
18 27 1 2,11 "18";
19 20 0 1,4,6,13,16,19,22,25,27,29,32,34 "19";
20 36 1 2,4,9,10,11,15,16,18,21,22,24,27,29,31,32,34,36 "20";
21 5 0 1,4,11,15,17,19,21,23,26,30 "21";
22 5 1 1,4,7,9,11,13,15,18,22,24,26,28,30,32,33,35,36 "22";
23 5 0 1,2,4,5,7,10,12,14,16,19,20,21,24,26,28,29,31,33,34 "23";
24 16 1 13,17,28,30,35 "24";
25 26 1 1,3,4,7,9,10,13,16,18,19,21,22,26,27,28,31,32,33 "25";
26 29 0 0,2,3,5,6,8,9,11,16,17,22,23,26,28,29,31,33,36 "26";
27 8 0 0,2,6,7,10,12,13,14,16,17,20,22,24,25,30,32,33,35 "27";
28 36 1 8,9,12,13,17,33 "28";
29 20 1 2,4,5,11,13,17,19,20,21,23,24,26,27,29 "29";
30 18 0 8,22 "30";
31 34 0 0,1,6,12,14,21,23,28,35 "31";
32 24 0 0,6,16,17,19,21,22,25,33,34 "32";
33 29 0 1,13,17,19,23,36 "33";
34 35 1 0,1,5,7,10,13,14,16,21,23,25,27,29,31,32 "34";
35 21 0 5 "35";
36 13 1 1,2,5,6,12,13,15,17,19,25,26,28,29,31,33 "36";
