parity 172;
0 54 0 0,1,2,6,8,10,13,14,16,17,20,21,23,26,29,31,33,36,39,40,41,45,46,47,48,51,52,54,57,58,60,63,64,67,69,70,71,73,75,76,77,80,81,82,84,86,88,91,92,93,95,97,98,99,102,104,107,108,110,115,117,121,123,125,127,129,132,133,138,139,141,142,144,146,148,151,152,154,156,157,160,161,162,167,169,171,172 "0";
1 0 0 13,14,15,26,29,30,46,59,86,90,95,103,108,111,119,124,125,126,137,139,146,150 "1";
2 18 1 0,2,3,5,13,15,17,18,21,23,27,28,32,33,34,37,38,41,42,48,50,51,56,60,62,66,69,74,76,78,80,83,85,86,87,91,94,95,97,98,100,102,103,106,108,109,112,114,115,117,119,125,126,128,130,133,139,141,142,146,147,149,153,157,158,163,165,167,170,172 "2";
3 140 0 4,42,51,104,111,153,159 "3";
4 151 1 1,4,5,7,10,11,12,13,15,18,20,24,25,28,30,31,35,36,38,42,44,45,46,47,51,52,55,57,60,65,69,70,71,72,74,75,77,86,90,91,93,95,97,98,99,100,105,107,109,112,113,115,117,118,119,121,123,125,126,128,134,135,136,138,141,143,144,148,157,159,161,162,164,165,167 "4";
5 10 0 2,5,10,11,12,16,20,21,24,29,30,37,38,40,44,47,48,53,55,57,65,66,68,71,73,74,76,80,85,86,89,92,94,98,99,102,103,104,108,110,115,117,120,129,131,133,137,138,143,146,150,159,160,164,166,169,171,172 "5";
6 114 0 7,19,21,26,42,58,99,109,119,131,140,170 "6";
7 110 0 0,4,5,7,10,12,13,15,16,18,20,21,23,26,30,32,33,35,36,43,44,45,47,48,50,51,53,54,56,58,60,63,66,67,68,70,73,78,80,82,83,84,87,88,91,95,96,98,99,100,101,102,105,106,111,113,117,120,122,123,126,130,131,133,134,135,137,139,141,142,145,147,149,151,152,155,159,163,166,167,170 "7";
8 78 0 0,2,6,8,9,11,13,15,16,17,19,21,22,24,27,29,32,36,39,40,42,43,44,48,50,51,54,57,63,64,66,67,68,73,74,75,77,80,82,84,86,89,90,93,95,100,101,104,106,108,109,111,112,115,116,118,120,123,125,127,128,129,132,134,136,138,139,141,145,147,149,150,153,155,157,161,163,165,167,172 "8";
9 66 0 3,6,8,11,16,17,19,20,24,26,28,33,36,37,40,41,44,46,49,51,57,59,64,67,69,71,74,79,89,97,98,104,108,112,113,118,119,121,125,126,129,132,138,146,149,150,153,156,157,167,170,171 "9";
10 171 1 4,8,11,12,18,33,52,72,94,109,120,123,126,131,150,154,156 "10";
11 123 1 0,2,8,9,14,15,17,19,21,22,27,29,32,34,36,37,43,45,51,55,59,62,63,68,70,71,74,80,82,88,95,97,102,103,105,106,110,113,115,117,118,123,124,127,129,134,135,137,142,144,146,149,152,155,157,158,160,162,169,171,172 "11";
12 30 1 1,2,4,6,7,10,12,13,20,22,24,26,30,32,34,36,38,41,43,47,59,61,62,70,80,85,89,91,98,99,106,108,110,112,113,117,120,121,124,126,130,134,135,138,139,141,143,146,150,152,156,157,160,165,167,172 "12";
13 125 1 0,2,4,5,8,10,16,17,18,21,23,25,27,28,29,31,33,38,42,43,45,47,49,51,52,54,56,60,64,65,66,67,69,70,72,74,75,77,78,80,87,91,94,95,96,98,100,101,103,105,106,107,109,111,112,113,116,117,119,120,122,123,126,127,130,131,134,135,138,139,141,142,143,144,145,150,152,155,158,159,162,163,165,167,168,171,172 "13";
14 19 0 0,2,22,30,40,42,51,63,81,87,90,91,96,119,157,167,172 "14";
15 111 1 35,84,89,99,105,113,117,120,134,171 "15";
16 59 1 0,1,3,9,10,12,14,18,20,22,24,32,33,38,39,44,45,47,48,49,52,54,56,57,60,61,66,70,73,75,77,81,83,84,85,87,91,93,96,97,100,102,105,107,110,112,114,116,118,119,120,123,124,130,131,132,135,137,139,142,143,145,146,147,149,156,157,160,162,164,167,169,170,172 "16";
17 153 0 2,10,11,15,34,65,84,97,100,113,117,137,147,157,168,171 "17";
18 60 0 1,21,28,41,43,50,51,75,79,84,94,109,113,131,132,142,150,165 "18";
19 103 0 5,8,14,19,23,24,26,30,31,34,35,38,40,41,42,49,51,52,55,57,60,64,69,70,75,77,79,81,83,85,89,93,95,98,100,102,104,105,106,110,113,116,117,119,121,125,126,128,129,134,137,142,148,150,155,158,159,162,165,170 "19";
20 37 1 16,95,149,162 "20";
21 63 1 23,30,37,42,115,124,127,134,142,143,149,153,164 "21";
22 35 1 1,4,5,10,14,17,19,20,30,36,38,40,42,45,47,49,55,58,61,63,65,72,74,78,80,83,95,102,105,107,109,110,111,113,115,120,125,126,128,133,138,140,143,145,147,149,155,160,161,163,169,172 "22";
23 156 0 3,4,6,11,12,14,15,18,20,22,23,24,26,27,28,31,32,35,37,38,40,42,47,49,51,53,55,56,58,59,61,63,65,73,75,76,78,81,82,84,85,87,89,90,92,95,97,99,101,102,105,106,107,108,110,113,115,117,118,121,123,125,130,134,137,138,139,142,143,145,147,150,155,157,158,160,162,165,167,169,171,172 "23";
24 88 0 3,6,7,9,14,17,21,23,32,35,39,41,42,45,48,50,53,54,55,58,60,64,66,69,70,73,74,78,82,83,86,88,89,92,94,97,99,101,102,104,106,110,112,113,121,125,126,128,129,133,134,136,138,140,142,143,146,148,152,154,160,162,166,168,169,170 "24";
25 61 1 25,66,79,141 "25";
26 63 0 0,1,3,4,7,10,15,17,18,19,20,22,24,27,28,31,35,37,39,41,44,46,47,48,50,54,56,57,59,60,64,68,70,71,73,74,76,79,80,82,83,84,85,87,89,92,93,94,101,104,105,108,110,111,115,117,119,122,123,124,126,128,132,134,135,136,139,142,145,149,151,154,155,158,161,164,165,167,170,172 "26";
27 96 0 3,4,6,7,10,13,15,18,27,28,33,35,37,41,43,49,53,57,65,70,71,76,77,86,88,91,93,95,100,102,104,109,110,112,114,121,124,125,130,131,134,138,139,141,144,146,147,150,152,156,158,159,162,164,166,170,172 "27";
28 87 1 0,4,7,9,13,16,20,24,25,27,32,33,36,38,39,42,43,47,48,55,64,67,68,69,73,78,80,83,84,90,92,95,96,98,106,112,113,116,125,127,128,130,135,139,142,144,145,146,148,150,152,154,157,159,161,163,165,168,171 "28";
29 94 1 1,4,5,7,14,15,21,26,27,31,34,36,37,38,40,48,50,54,57,63,67,69,71,74,76,78,81,85,86,87,96,98,103,111,112,115,116,118,124,130,132,133,134,137,143,145,147,150,151,153,154,157,159,164,166,167,171 "29";
30 32 0 9,12,15,22,28,29,36,41,47,49,55,57,64,71,74,92,97,103,120,124,130,143,146,149,156 "30";
31 94 0 14,19,22,36,64,160 "31";
32 20 1 1,46,73,79,93,104,106,115,120,121,122,137,145,149,153 "32";
33 60 0 0,2,3,5,6,9,11,14,15,16,18,20,22,25,27,28,34,36,39,44,49,51,56,57,60,66,68,70,72,74,81,82,85,87,90,91,93,94,99,101,102,104,112,116,118,121,124,126,127,130,131,136,138,140,141,145,147,150,155,158,159,164,167,168,170,171 "33";
34 76 0 1,6,18,19,20,21,24,30,35,39,48,51,57,62,81,84,87,91,93,95,98,99,106,107,115,119,120,122,126,127,128,135,137,152,162,166,167,172 "34";
35 101 1 1,2,4,5,6,8,11,14,19,21,25,26,28,30,31,33,34,36,38,40,42,44,50,52,54,57,58,62,64,65,66,68,69,72,73,75,77,79,81,82,83,84,86,88,91,94,96,97,98,100,102,104,105,107,109,110,112,114,117,121,122,124,126,127,128,130,134,137,138,141,143,145,148,150,151,153,157,158,161,167,169,172 "35";
36 69 0 2,3,7,9,13,16,18,20,21,22,23,26,28,31,34,36,37,43,46,47,50,52,59,60,63,64,66,68,70,76,79,80,83,85,88,91,94,96,99,100,102,103,106,108,113,118,120,124,125,128,129,132,135,139,141,150,152,154,156,158,163,165,168,170,171 "36";
37 26 1 1,3,5,12,14,20,23,27,31,35,37,41,43,45,49,55,57,58,63,64,67,70,74,92,93,98,106,110,117,125,126,132,135,137,142,150,163,168,171 "37";
38 164 0 1,6,7,9,11,14,17,18,20,26,28,29,33,34,39,41,44,46,48,50,52,54,56,62,64,66,67,70,73,75,77,78,80,82,85,90,92,94,97,100,104,106,107,114,116,119,121,122,124,126,128,131,133,134,135,137,139,141,146,147,153,156,159,161,163,164,166,172 "38";
39 146 0 31,79 "39";
40 93 0 0,3,5,8,10,12,15,18,19,21,23,24,26,28,30,31,33,37,40,43,44,47,48,50,53,54,59,61,63,67,68,70,71,73,74,75,76,77,78,80,81,83,86,89,91,93,96,97,98,100,103,105,107,111,113,114,115,116,118,120,121,122,124,125,129,131,133,134,135,137,140,142,143,146,147,149,150,152,154,159,162,163,165,166,168,171,172 "40";
41 165 0 2,23,35,38,107,119,122,141,154,163,171 "41";
42 71 0 1,4,7,11,14,17,20,30,33,39,40,42,48,55,64,72,73,78,82,87,89,93,94,100,103,107,113,116,124,134,136,139,142,143,144,145,147,148,152,157,164,166,167,169,170,172 "42";
43 156 1 0,1,4,10,13,14,15,17,19,21,25,27,31,35,36,37,38,40,41,45,48,49,54,55,57,60,64,65,70,71,77,80,82,83,87,88,94,95,97,98,100,101,102,104,106,108,109,112,115,117,119,121,123,125,127,130,133,142,144,145,146,150,151,154,159,161,166,167,172 "43";
44 126 0 0,1,2,5,8,9,12,14,16,19,20,22,23,24,29,31,35,38,40,41,45,48,49,50,52,54,56,57,62,65,67,68,69,71,72,74,77,79,82,83,84,87,88,89,91,93,94,96,99,101,102,104,107,109,114,116,118,119,121,124,125,128,129,131,133,134,136,138,139,141,143,145,146,147,151,152,155,157,159,161,162,163,165,167,168,170,172 "44";
45 41 1 0,4,32,46,131,139,151,167,171 "45";
46 155 0 8,13,22,24,31,35,42,46,49,54,56,67,72,84,88,94,98,108,121,136,141,144,149,151,152,154,158,161,166,167,170 "46";
47 145 1 0,5,8,11,17,21,24,25,29,38,40,49,51,53,55,56,63,64,66,69,74,78,81,84,89,94,97,99,104,106,109,113,115,117,122,123,125,127,130,131,132,134,136,140,146,147,148,151,155,159,160,164,166,169,170,172 "47";
48 163 0 1,4,6,10,20,23,31,32,33,39,43,45,47,53,62,64,69,76,79,82,86,96,98,100,102,103,106,112,115,118,121,123,127,132,133,134,138,147,155,158,165,168,172 "48";
49 129 1 6,8,9,20,22,24,27,31,38,42,57,80,82,84,106,113,115,127,135,150,157,172 "49";
50 49 1 4,10,11,12,17,21,22,26,27,30,32,33,34,36,39,41,42,44,46,50,54,57,60,66,76,78,82,83,86,87,89,91,92,99,102,104,108,110,114,116,120,123,124,128,130,131,133,135,138,140,142,144,146,150,151,155,157,159,160,162,164,166,167,170 "50";
51 122 1 0,3,5,7,10,12,15,19,24,31,32,34,39,42,45,48,50,53,59,66,68,71,76,78,81,84,86,88,89,93,95,97,100,102,103,105,106,107,108,110,113,114,117,122,124,126,127,132,134,136,138,143,145,146,148,149,152,155,159,164,165,167 "51";
52 99 1 0,3,5,7,11,14,16,18,23,24,26,29,30,34,36,39,41,43,44,46,48,53,55,58,63,64,69,73,74,77,81,82,84,87,88,92,95,98,100,101,106,108,109,111,113,116,118,120,121,123,124,128,131,134,138,141,142,144,146,147,151,153,157,162,166,167 "52";
53 101 1 0,4,6,7,8,9,12,14,16,17,19,22,25,26,28,33,35,36,37,39,43,44,48,49,52,54,57,61,62,67,76,84,86,89,92,93,94,96,99,101,104,106,107,110,113,115,118,119,121,123,125,128,132,134,138,140,143,145,149,151,154,155,157,160,161,163,167,171,172 "53";
54 58 0 1,4,5,15,17,21,24,26,29,31,32,34,36,41,42,45,51,53,54,63,67,75,80,87,89,91,95,98,104,106,113,118,120,123,132,135,139,141,145,152,155,166 "54";
55 89 1 3,7,17,25,27,42,45,50,52,54,68,76,78,82,87,97,102,106,119,120,125,128,129,131,133,138,139,142,146,156,158,162,166,167 "55";
56 159 1 4,5,12,17,35,37,41,47,50,53,60,67,71,73,74,78,83,109,114,117,121,124,127,141,146,152,156,157,160,165,167,171 "56";
57 54 1 0,3,6,17,19,23,37,40,46,51,60,69,73,76,78,82,92,95,98,101,104,110,111,120,123,126,129,139,145,153,157,159,164,167,169 "57";
58 116 0 0,3,6,11,14,15,17,19,20,24,26,29,30,31,33,35,36,39,40,43,47,50,53,54,57,62,63,66,68,69,71,73,75,76,78,79,81,85,87,88,92,93,94,95,97,99,100,102,104,106,111,114,116,117,121,122,125,128,129,131,133,135,136,138,139,140,144,147,149,150,154,156,159,161,163,165,166,167,169,172 "58";
59 25 1 14,24,107 "59";
60 23 0 0,1,2,10,15,16,18,19,21,25,28,30,33,36,47,53,60,61,65,67,70,71,72,78,85,88,92,95,98,100,101,104,106,110,112,116,119,122,123,131,136,137,141,146,153,154,155,158,161,166,168,170 "60";
61 57 0 15,28,41,58,71,77,94,111,154 "61";
62 30 1 0,2,8,10,11,14,16,18,33,36,39,45,46,48,49,56,59,61,65,69,71,73,76,81,88,96,98,100,107,111,123,127,129,134,140,147,149,163,169,170,172 "62";
63 136 0 4,14,32,37,39,44,46,51,55,64,85,89,101,102,130,150,161,162,164,167,171 "63";
64 150 1 15,19,31,44,65,78,87,89,92,94,98,119,121,139 "64";
65 114 1 0,2,3,4,6,8,9,14,17,18,22,23,24,25,29,30,33,34,36,38,39,43,48,51,53,55,57,58,59,62,64,65,67,69,71,73,74,76,77,80,82,83,84,86,89,90,91,95,97,99,106,108,109,111,112,114,115,117,120,122,123,126,128,129,131,133,138,140,142,143,145,146,148,152,154,155,156,158,159,161,162,163,165,167,170,171,172 "65";
66 15 1 0,1,3,6,8,11,12,13,15,16,18,19,20,23,27,29,30,33,35,37,39,40,42,44,48,49,51,53,55,57,58,60,63,64,67,69,71,72,73,74,76,77,80,81,83,85,88,89,95,100,102,103,106,110,111,113,118,119,121,122,123,127,130,131,132,134,136,140,141,143,144,148,152,153,154,156,158,159,160,162,164,167,168,170,171 "66";
67 64 1 2,3,5,6,7,9,10,11,12,14,15,16,18,19,21,22,24,26,30,32,34,37,39,40,42,43,46,51,54,57,58,61,62,64,65,67,70,72,73,74,76,77,78,82,84,86,92,94,96,98,100,103,106,107,109,110,112,114,115,116,119,121,123,126,128,131,134,135,137,140,142,145,146,148,151,153,155,156,158,159,160,162,163,166,170,172 "67";
68 109 1 0,1,3,5,6,9,10,11,12,14,15,16,18,21,24,26,28,31,33,35,38,41,43,44,46,49,52,56,58,59,60,61,68,70,72,74,75,77,78,81,82,85,88,89,91,93,94,97,98,100,101,102,104,107,109,111,112,115,116,118,122,125,127,128,131,132,134,136,137,139,141,142,143,145,146,147,149,152,153,154,156,159,161,162,163,168,169 "68";
69 144 1 2,4,7,12,14,17,21,23,25,36,39,44,45,46,49,51,54,56,61,63,69,73,74,78,83,87,92,94,102,103,105,111,114,117,119,122,126,131,134,136,138,139,141,142,144,145,147,154,159,162,168 "69";
70 107 1 17,19,21,24,27,30,36,41,50,56,60,63,64,84,85,92,95,100,104,105,107,113,114,117,120,124,128,133,137,146,147,149,154,158,164,165,169,172 "70";
71 115 0 0,8,18,23,24,37,39,45,67,78,133,145,147,150,152,163,172 "71";
72 139 0 0,1,2,5,7,10,11,14,15,18,20,21,27,29,32,33,38,40,41,43,44,45,47,54,56,58,59,61,62,68,70,72,73,74,75,78,79,81,82,85,87,88,94,97,105,107,110,116,118,119,122,127,130,134,137,138,140,142,145,146,149,155,158,165,168,170,172 "72";
73 14 1 33,58,103,119,160 "73";
74 36 1 6,8,10,12,23,28,31,42,44,52,54,58,59,61,67,71,79,83,84,95,100,101,105,118,120,132,134,140,141,145,148,150,153,155,158,160,161,163,165 "74";
75 129 1 4,6,8,10,11,17,19,23,25,27,32,33,38,39,41,42,48,51,57,60,63,66,68,70,71,75,80,83,85,90,93,95,100,103,104,105,108,124,126,128,130,133,135,136,139,140,143,146,147,151,153,155,156,164,167,169 "75";
76 85 1 0,14,29,59,79,106,134,140,145,147,170 "76";
77 69 0 1,3,5,8,11,15,21,24,26,27,28,40,41,48,49,51,52,54,56,60,64,66,68,69,70,76,79,80,84,90,93,96,98,101,105,107,109,116,119,122,123,124,127,128,132,135,139,142,144,146,148,150,153,155,162,165,168,169,172 "77";
78 49 0 2,3,7,13,24,36,39,42,55,82,86,140,160,164,169,170 "78";
79 4 0 0,1,3,4,5,9,15,17,18,19,25,26,27,30,32,34,36,38,40,43,47,48,50,52,54,56,59,62,63,64,65,67,74,76,77,80,83,86,89,90,93,94,95,96,98,99,100,102,104,105,107,113,117,118,121,124,126,128,129,131,133,135,137,138,140,141,142,144,145,147,149,152,153,155,156,160,163,164,166,168,169,172 "79";
80 139 1 1,3,5,9,14,16,19,20,22,24,26,30,33,34,40,42,43,46,47,50,54,56,57,64,65,69,70,72,74,77,81,83,85,86,87,89,91,93,95,97,101,109,112,117,119,121,127,129,130,131,133,136,140,143,144,147,153,154,156,160,161,164,166,169 "80";
81 48 0 5,11,13,14,19,21,29,31,34,35,37,38,40,47,50,55,57,60,61,62,66,67,72,81,83,87,90,94,95,96,98,99,101,105,107,111,120,121,123,124,126,128,130,134,136,142,146,163,164,170,171 "81";
82 20 0 8,14,16,22,25,30,31,43,48,51,52,55,56,58,61,65,67,70,78,91,94,95,98,100,102,108,110,112,120,123,125,128,130,134,139,141,143,148,151,158,159,164,171 "82";
83 74 0 1,4,6,9,13,15,18,22,31,37,59,64,69,80,83,86,88,93,97,99,116,118,125,128,129,133,142,143,149,160,163,166,169 "83";
84 2 1 0,4,9,11,13,15,18,20,24,26,32,35,36,44,46,61,66,73,80,82,84,85,86,89,92,108,109,113,120,122,124,129,130,132,139,142,144,152,154,157,159,164,168 "84";
85 49 0 0,11,13,15,17,20,28,32,37,43,58,60,61,72,76,78,86,90,97,99,110,113,115,119,124,129,130,131,139,146,148,150,154,159,162,163,167,171 "85";
86 119 1 9,19,21,24,30,47,53,56,101,103,108,113,114,140,146,152,159,166,171 "86";
87 20 1 0,2,3,8,9,11,14,16,20,21,30,31,33,36,38,40,47,48,49,51,54,56,60,63,66,69,72,74,78,82,83,87,90,92,95,101,104,110,113,115,117,125,128,131,137,139,143,147,148,149,150,152,155,159,169,172 "87";
88 140 0 1,5,26,44,57,75,79,82,91,95,106,107,112,124,143,145,146,168,170,172 "88";
89 173 1 7,9,16,19,23,35,39,43,52,54,57,58,59,61,63,67,68,72,74,75,79,80,82,86,94,96,98,100,106,109,110,112,114,117,123,130,135,138,141,143,146,152,154,156,161,162,164,168,169,172 "89";
90 52 1 0,3,6,10,12,18,29,32,34,35,38,45,46,48,53,55,57,60,63,64,83,85,115,116,119,120,122,125,127,133,134,137,143,144,146,151,158,164,166,168 "90";
91 95 0 7,9,14,19,22,23,29,42,46,51,52,54,63,69,73,74,77,78,81,84,89,93,97,100,104,109,117,120,125,131,133,137,142,147,149,157,172 "91";
92 117 0 0,31,35,53,68,70,71,74,80,89,91,118,129,132,139,141,153,155,166,168 "92";
93 53 0 3,28,36,39,46,54,56,57,59,63,65,70,73,75,84,86,87,89,93,101,108,113,114,121,125,128,131,145,147,156,166,170 "93";
94 127 1 2,4,11,19,21,26,33,40,45,50,57,64,67,77,80,83,86,89,92,95,97,100,104,106,108,110,112,116,120,123,128,141,143,148,154,160,161,167,169,172 "94";
95 134 1 4,27,39,49,65,88,92,116,121 "95";
96 10 1 8,11,19,25,29,34,37,39,42,44,48,53,55,57,59,62,63,73,75,85,86,88,89,91,93,100,104,110,115,116,118,122,123,127,128,130,133,134,141,146,149,154,159,160,162,169 "96";
97 74 0 0,2,5,9,11,12,14,16,19,21,23,27,32,33,36,37,38,39,41,42,44,46,48,54,55,57,59,61,63,67,72,86,91,95,99,102,105,106,109,110,112,114,116,118,121,126,128,129,132,134,135,140,141,143,144,148,152,153,155,157,158,159,160,163,167,168,170 "97";
98 70 0 3,9,11,19,22,25,27,28,34,39,42,47,50,54,57,60,74,76,99,109,112,118,126,128,136,147,153,157,164,169 "98";
99 173 0 9,11,13,14,36,38,47,49,51,53,58,61,64,73,76,81,82,99,106,121,130,135,136,138,139,143,157,158,171,172 "99";
100 35 0 6,10,12,14,20,24,27,29,32,35,36,41,43,46,48,52,53,58,61,66,67,69,72,76,78,85,98,101,104,108,111,118,122,126,130,131,139,143,149,152,154,162,168,170 "100";
101 89 0 5,10,11,34,36,37,74,77,78,89,100,104,124,155,161,163,165 "101";
102 72 0 0,6,8,11,12,15,19,22,23,24,26,30,33,37,38,46,49,50,55,57,61,65,68,75,78,81,83,85,86,87,93,95,99,104,106,108,111,115,117,118,120,123,129,132,135,137,138,140,151,152,155,157,162,169,170,171 "102";
103 154 0 0,21,24,25,33,35,37,40,42,45,46,48,49,51,58,61,63,65,69,72,76,77,89,91,92,95,96,97,102,103,106,108,110,115,116,120,123,124,128,137,140,142,145,149,150,152,155,164,165,167,169,171 "103";
104 129 1 0,4,7,8,9,11,14,19,22,24,26,29,30,32,34,35,47,63,64,67,70,73,77,80,82,85,89,90,91,97,101,102,106,114,119,123,128,129,133,138,140,148,149,153,159,161,163,167,171 "104";
105 145 0 24,29,30,34,38,44,45,47,58,61,76,89,96,105,110,122,126,131,132,133,134,138,152,155,156,162,166,172 "105";
106 85 1 5,10,15,22,23,28,31,51,54,56,66,72,76,77,83,90,92,95,99,111,122,128,129,135,147,153,157,161,171 "106";
107 19 0 5,20,24,32,38,45,47,50,52,59,60,63,67,68,73,76,91,94,99,100,105,107,112,120,121,125,127,128,130,136,141,143,145,149,160,162,164,169 "107";
108 81 1 1,2,4,5,7,8,9,11,12,14,15,17,21,22,23,25,30,31,32,33,35,36,38,43,45,47,48,50,51,53,55,56,58,59,61,63,65,67,69,71,73,74,78,82,83,85,88,89,91,92,94,96,97,98,100,102,104,106,107,108,109,110,111,114,116,119,122,124,125,127,131,132,136,139,140,143,144,147,150,154,160,161,163,167,168,170,172 "108";
109 92 1 2,6,7,9,13,15,20,21,23,24,25,27,30,31,33,35,49,50,54,55,58,64,66,70,71,72,75,77,82,85,86,89,90,91,92,96,98,102,107,109,111,114,117,119,121,123,125,129,131,133,134,136,137,143,145,147,150,154,155,158,166,168,169,170 "109";
110 145 1 0,2,4,5,6,7,9,11,13,14,15,17,18,20,22,24,27,28,29,32,34,38,39,40,42,45,49,51,55,58,59,61,64,67,68,70,71,75,78,80,81,82,83,84,87,89,91,92,94,95,97,98,100,104,105,107,108,110,113,116,117,119,125,128,132,133,135,137,138,140,144,146,147,149,154,155,156,158,160,162,163,166,171 "110";
111 64 0 11,14,15,22,31,33,35,41,48,50,51,55,63,65,67,69,72,77,80,84,86,89,92,103,107,112,116,118,119,122,124,125,135,137,138,141,144,145,162,165,171 "111";
112 58 0 0,11,31,35,36,43,50,65,67,69,72,74,75,79,85,93,96,105,107,112,114,124,132,134,136,140,144,147,149,151,152,157,160,169 "112";
113 105 1 15,17,19,32,38,46,47,56,59,71,109,117,131,151,152,156,171 "113";
114 42 1 1,3,5,8,10,15,17,20,22,23,25,27,29,32,34,37,38,40,44,46,51,52,56,57,59,60,62,68,69,71,73,75,76,78,80,81,83,85,86,88,90,93,94,96,97,99,103,107,110,113,114,115,116,118,121,122,125,126,127,130,133,136,137,139,140,142,143,144,145,150,152,153,155,156,159,160,162,164,167,168,172 "114";
115 64 1 5,7,8,13,14,17,19,21,26,37,38,47,49,51,56,60,62,65,66,68,70,73,75,78,82,83,85,87,88,89,91,92,94,95,97,99,102,104,109,111,115,116,118,123,124,125,127,128,130,131,133,135,136,147,148,152,153,155,157,159,163,168,170 "115";
116 91 1 0,4,7,9,10,11,13,15,19,25,27,28,29,30,33,34,36,38,39,42,44,46,47,49,50,53,56,64,66,68,70,71,73,75,77,78,79,82,100,105,108,113,115,116,118,127,128,133,134,137,139,142,146,148,153,154,155,159,164,167 "116";
117 140 1 18,96,106,128,131,140,165,172 "117";
118 162 0 1,4,9,12,22,33,37,38,44,46,48,50,55,57,63,65,67,71,72,77,79,83,85,93,95,104,108,116,120,127,129,130,134,138,140,143,147,151,154,157,160,166,170 "118";
119 125 0 4,7,12,13,23,36,39,47,58,63,73,83,88,92,99,102,107,112,119,129,132,146,153,159,162,172 "119";
120 146 0 0,3,5,6,8,11,12,14,17,18,20,21,22,26,27,29,34,36,38,39,41,45,46,52,57,58,61,67,73,76,78,88,90,92,95,98,101,103,104,106,109,110,112,114,118,119,121,124,127,129,131,132,136,137,141,142,143,145,147,151,153,154,156,160,162,163,166,167,169,170,171,172 "120";
121 73 1 2,6,7,10,13,17,21,22,23,25,27,28,31,33,35,37,39,42,45,46,48,50,52,54,57,61,64,66,70,71,72,73,75,77,79,81,82,83,84,86,88,90,91,94,96,97,99,101,103,107,109,111,112,113,115,118,119,121,122,123,126,129,131,133,134,136,137,139,140,142,143,144,148,150,151,153,154,155,157,158,160,161,162,164,165,167,172 "121";
122 63 1 0,1,4,5,7,11,15,16,21,25,30,33,35,37,39,42,44,46,47,50,53,54,56,58,60,62,63,66,68,69,71,72,73,74,77,79,81,87,90,92,105,107,111,113,114,117,118,121,123,129,131,132,137,139,141,143,146,149,150,161,162,163,170,172 "122";
123 145 1 0,9,12,13,20,23,25,30,41,46,48,50,51,58,61,62,64,80,90,94,96,108,111,112,118,125,153,156,165,169 "123";
124 135 0 0,2,7,11,12,14,16,22,24,25,31,37,38,42,49,52,54,56,58,60,61,64,67,68,71,74,77,83,85,89,90,92,95,99,101,105,107,109,111,114,117,118,120,123,125,129,133,135,141,143,148,151,153,157,161,163,167,169,171,172 "124";
125 16 0 0,5,8,13,16,17,21,23,26,33,34,36,41,48,54,56,60,64,66,77,82,85,86,94,95,99,102,105,106,110,116,118,120,121,127,129,130,134,137,139,142,144,147,148,152,157,158,160,161,167,169,171 "125";
126 136 1 3,4,6,8,11,13,15,16,17,19,22,24,27,28,29,31,33,35,36,40,44,46,48,49,50,51,59,61,67,68,72,75,76,78,79,80,82,84,86,89,91,94,96,97,99,100,102,107,108,109,111,115,119,121,122,123,125,126,127,131,137,139,142,143,144,146,147,148,150,151,157,160,162,164,166,167,169,172 "126";
127 66 1 6,9,47,52,62,66,78,81,117,142,164 "127";
128 66 1 17,21,25,27,29,39,47,48,51,69,83,104,127,131,135,143,146,151,168 "128";
129 15 0 1,5,8,9,11,16,19,23,24,26,33,36,37,41,43,46,48,49,50,54,56,57,66,69,71,78,80,83,84,85,96,97,99,103,104,108,113,115,117,123,129,133,136,137,142,143,145,146,154,158,160,162,164,166,167,170 "129";
130 119 1 2,5,13,22,41,42,52,61,64,71,72,81,84,89,94,96,102,116,117,122,127,145,146,149,155,160,162,164,167,168,171 "130";
131 105 1 1,3,5,7,12,14,16,19,20,23,25,27,31,34,37,40,42,47,49,53,55,60,65,67,68,70,71,73,75,78,89,92,102,111,116,117,121,122,125,126,128,134,136,138,148,150,151,152,154,156,162,164,166,169,170,171 "131";
132 75 1 55,135 "132";
133 0 0 1,5,6,9,12,14,19,20,24,25,29,31,36,40,44,46,48,49,50,52,54,58,59,64,65,66,68,71,72,74,75,78,79,80,83,85,87,91,92,94,96,97,101,102,104,106,110,112,113,115,116,123,124,126,127,128,130,132,136,140,144,146,149,157,161,163,164,166,167,169,170,172 "133";
134 29 0 6,10,13,19,27,32,35,45,46,53,71,75,85,96,101,103,109,117,118,120,126,140,147,149,153,154,156,162,167,171 "134";
135 44 1 19,109,117 "135";
136 66 0 22,35,49,61,70,87,161,166 "136";
137 156 1 6,10,26,47,57,69,72,86,93,135,141,159 "137";
138 5 0 4,12,16,19,24,25,26,31,33,35,36,37,40,41,42,44,45,47,49,53,55,57,58,60,62,63,65,66,69,70,72,76,77,79,83,87,88,90,91,95,96,98,101,105,106,108,109,115,118,119,121,123,126,128,129,131,136,143,144,149,156,158,160,162,164,165,167,168 "138";
139 144 0 5,12,14,15,17,20,22,23,26,28,38,40,44,46,59,63,69,71,76,79,81,88,99,103,109,113,133,135,138,140,143,147,153,159,164,168 "139";
140 156 0 9,16,61,76,123 "140";
141 76 1 10,13,17,24,27,33,38,41,43,47,66,76,79,85,96,98,102,119,122,124,131,143,150,151,155,157 "141";
142 37 1 0,1,6,7,9,12,14,15,17,18,24,28,29,31,35,36,38,40,41,43,46,48,51,52,54,56,59,60,62,65,67,71,74,76,79,83,86,88,89,91,92,94,97,98,99,101,106,107,110,111,113,114,117,121,122,125,127,128,130,133,135,136,137,138,139,143,145,147,149,151,153,158,160,161,163,166,167,168,171 "142";
143 61 1 99,143 "143";
144 34 0 2,8,10,13,16,18,19,24,26,30,32,33,35,42,43,45,46,50,52,54,57,59,69,76,85,91,92,95,97,98,100,104,105,109,111,113,120,123,125,136,138,140,146,150,155,157,160,162,166,168,171 "144";
145 99 1 30,31,60,153,155 "145";
146 81 1 0,4,7,9,12,14,15,25,27,31,35,38,39,40,41,48,50,52,53,54,58,61,65,69,70,71,73,74,78,79,82,84,87,88,89,91,92,93,96,98,101,104,105,107,108,110,114,116,117,121,123,124,128,130,131,133,135,140,144,146,147,149,152,153,154,155,159,161,163,166,167,169,171,172 "146";
147 54 1 0,5,7,9,10,13,14,21,23,24,25,28,31,33,34,35,36,40,41,43,45,47,48,52,53,55,57,59,61,64,66,69,72,74,75,77,78,83,86,87,91,94,97,99,100,104,106,108,110,113,115,116,118,120,122,123,124,129,131,133,134,136,138,140,142,144,146,148,150,154,156,157,162,164,166,167,168,169,171 "147";
148 30 1 12,15,19,34,58,69,78,90,105,124,132,150,156,167 "148";
149 149 0 3,7,10,15,16,19,20,24,27,30,32,40,42,49,64,69,82,92,95,98,100,106,111,112,117,127,129,148,153,156,165 "149";
150 36 0 14,37,41,54,55,59,65,71,74,76,79,93,98,100,104,106,119,121,130,144,153,154,156,160 "150";
151 99 0 2,5,9,13,15,16,22,23,27,30,34,46,49,52,57,65,70,72,75,79,80,82,85,86,90,92,97,102,104,112,116,125,132,141,145,146,148,157,160,172 "151";
152 57 0 1,4,7,12,16,17,22,24,25,29,34,38,40,43,44,47,49,53,62,64,67,72,81,87,88,90,98,102,104,114,122,125,129,136,146,150,157,166,171 "152";
153 141 1 0,3,5,9,13,15,17,19,25,27,33,36,38,42,44,46,52,55,63,65,67,77,82,85,90,96,98,101,102,106,107,109,110,115,117,118,128,136,139,141,145,147,149,153,154,155,160,162,165,167,172 "153";
154 64 0 1,4,7,12,16,18,20,25,28,30,31,38,39,41,45,49,53,54,55,56,58,63,65,70,73,77,79,80,83,86,88,92,94,96,98,100,105,106,109,113,114,118,120,122,124,127,128,129,130,133,134,138,140,141,144,145,147,148,149,152,157,159,163,165,167,169,171,172 "154";
155 109 0 25,28,35,49,58,65,91,95,102,107,114,120,129,132,139,145,151 "155";
156 85 1 1,2,6,9,11,19,21,25,29,33,36,41,42,44,45,49,50,52,54,56,57,58,60,61,63,64,65,73,76,78,80,82,83,89,93,94,97,99,101,103,105,109,110,111,112,114,116,119,120,127,130,132,133,137,138,140,141,145,148,151,154,156,158,159,163,165,167,170,172 "156";
157 23 0 4,7,22,23,26,29,32,41,43,65,67,70,72,76,77,79,82,84,87,91,94,95,96,102,104,105,109,111,112,115,121,122,128,132,137,142,143,145,152,154,158,161 "157";
158 107 0 0,1,2,4,7,9,10,13,16,20,25,26,29,35,40,42,45,47,49,50,54,56,57,62,69,71,72,73,77,79,80,81,84,86,88,89,90,91,93,96,100,101,103,106,111,113,115,117,118,120,125,126,127,129,132,137,139,146,149,151,153,155,158,159,161,165,166,170,172 "158";
159 98 0 0,3,4,5,11,13,21,25,30,33,35,36,40,44,45,49,53,59,63,66,68,72,73,76,78,79,81,82,84,85,87,90,93,94,95,98,99,103,107,110,113,119,120,122,125,127,130,132,134,136,138,142,143,144,146,147,150,152,153,155,156,158,159,161,163,166,168,170,172 "159";
160 121 0 89,127 "160";
161 122 1 0,6,7,11,19,30,34,36,39,41,43,44,51,60,67,73,79,93,100,103,107,111,117,127,128,130,132,133,141,146,162 "161";
162 161 1 4,8,32,41,50,75,79,98,107,114,119,152,159,165,170 "162";
163 4 0 6,32,44,50,52,56,63,68,75,86,92,95,98,101,108,113,132,133,144,159,164 "163";
164 10 0 0,3,4,6,8,10,12,13,15,16,19,20,24,27,28,30,31,33,34,36,39,43,44,45,47,50,52,54,56,60,64,66,67,69,73,74,76,78,80,85,86,88,90,93,96,97,101,102,103,105,108,109,113,114,117,119,120,122,125,130,132,134,136,137,138,140,143,145,148,150,151,154,155,157,158,160,161,163,164,167,168,172 "164";
165 63 0 6,7,11,19,23,25,29,32,34,35,36,38,46,47,50,51,55,59,60,63,71,75,78,80,97,101,104,114,117,133,139,143,148,150,156,163,166,168,169,172 "165";
166 95 0 1,4,17,23,25,30,45,47,55,65,79,83,95,97,105,112,120,127,129,146,153,156,159 "166";
167 98 1 3,6,7,8,9,10,12,13,15,18,19,23,25,26,28,29,31,34,35,36,39,40,41,45,48,51,52,54,55,60,62,67,69,75,76,79,84,86,90,96,98,99,100,102,105,108,111,113,115,116,118,120,123,127,129,131,133,135,139,142,144,145,147,150,151,156,158,159,165,167,168,170,171,172 "167";
168 155 1 3,51,70,77,96,106,111,117,123,131,143 "168";
169 143 1 0,1,3,4,5,7,10,11,14,16,20,23,24,25,27,28,31,33,34,36,41,44,48,49,50,54,55,57,59,62,63,64,66,67,69,71,72,74,77,78,82,83,88,89,92,94,99,100,102,105,106,107,110,111,113,116,117,120,121,122,124,125,126,128,132,134,136,137,143,145,146,148,150,151,156,158,160,163,165,167,168,169,172 "169";
170 54 0 2,9,10,12,16,21,26,30,31,39,43,47,49,53,65,67,75,77,81,82,88,90,91,94,97,100,108,110,111,117,136,141,145,167,170,172 "170";
171 87 0 0,10,13,17,21,22,25,28,30,32,34,36,39,42,45,47,50,52,54,57,60,63,65,68,71,74,76,78,80,83,85,90,95,101,102,105,107,108,111,112,120,121,124,125,127,130,133,137,140,141,142,146,149,153,161,162,164,166,167,169 "171";
172 53 1 0,3,4,9,11,13,17,20,25,27,29,33,35,36,40,43,44,50,51,57,60,62,66,68,71,76,78,80,83,84,87,90,92,94,95,98,102,104,106,107,109,113,114,116,118,120,123,124,126,129,131,135,137,139,140,144,147,148,150,152,154,156,157,158,160,161,164,168,170,172 "172";
