parity 54;
0 27 1 27,29,35 "0";
1 3 1 5,10,15,33,34,48 "1";
2 35 1 51 "2";
3 1 0 1,4,9,12,17,22,25,27,28,32,35,37,39,47,49,51 "3";
4 11 1 3,5,9,14,17,21,23,24,27,30,38,41,45,47,48,50,54 "4";
5 8 1 0,4,5,8,10,13,14,16,17,19,20,22,25,28,30,32,34,36,38,40,42,44,50,53,54 "5";
6 53 0 3,6,14,17,21,24,26,29,30,36,37,39,41,49 "6";
7 34 1 13,54 "7";
8 32 0 1,4,6,12,14,20,23,27,28,31,34,38,39,41,43,44,46,47,50,51,53 "8";
9 37 1 4,39,42,49 "9";
10 41 1 3,5,7,8,9,11,14,16,17,20,23,25,27,29,31,35,37,40,41,43,44,46,50,54 "10";
11 36 0 0,6,8,13,14,22,23,24,26,28,29,31,34,36,37,44,46,49,50,54 "11";
12 21 1 1,4,8,10,15,16,22,40,54 "12";
13 39 1 3,6,8,11,12,16,18,20,23,35,40,42,45,47 "13";
14 24 0 1,3,27 "14";
15 44 1 4,18,20,36,47,48 "15";
16 46 0 2,11,17,19,21,24,29,30,32,44,47 "16";
17 15 1 2,3,4,7,12,16,18,19,21,24,31,39,41,42,50,51 "17";
18 0 0 2,3,5,9,17,21,22,24,25,28,29,32,35,37,38,40,42,45,47,49,52 "18";
19 46 0 0,2,4,6,8,10,12,15,16,17,19,21,23,25,26,28,29,33,35,36,39,43,44,47,52,54 "19";
20 29 1 1,11,13,16,19,21,22,23,25,28,29,31,38,39,41,42,44,45,51,52,54 "20";
21 26 1 5,8,10,11,13,19,24,26,31,33,40,41,42,45,47,50,52,54 "21";
22 34 1 0,1,4,9,11,12,15,16,18,19,21,24,25,28,29,31,37,39,41,43,46,47,48,50,52 "22";
23 30 0 6,9,15,32,43,48,53 "23";
24 30 0 9,17,19,22,26,37,53 "24";
25 49 1 2,5,11,16,21,44,46 "25";
26 41 0 6,9,14,15,16,17,19,20,26,33,34,39,43,45,51 "26";
27 30 0 1,2,4,5,6,8,10,12,13,15,17,18,21,26,31,32,33,35,36,38,42,44,46,47,48,52 "27";
28 31 0 5,23,24,26,36,41,44,47,49,53,54 "28";
29 40 0 0,2,5,7,8,9,12,14,16,18,20,21,23,25,27,29,31,32,35,37,38,41,46,47,51,54 "29";
30 34 0 0,2,7,8,11,17,22,24,27,29,31,32,38,42,48,50,53,54 "30";
31 0 0 3,6,8,12,15,21,29,38,43,45,48,50 "31";
32 31 0 1,2,5,10,12,13,15,18,20,23,24,26,29,33,36,37,38,40,41,43,44,47,49,54 "32";
33 15 1 1,2,16,17,21,22,33,40,42,44,45,46,53 "33";
34 29 1 1,7,10,17,19,24,29,35,43,45,46,47,49,51 "34";
35 20 0 4,14,15,18,21,29,33,35,40,41,43,51 "35";
36 9 0 1,2,5,7,9,10,11,13,15,17,19,23,25,29,32,39,41,42,46,47,48,50,52,53 "36";
37 18 1 0,2,7,8,9,10,12,16,17,18,20,22,24,25,28,31,34,37,38,42,43,45,47,48,50,52 "37";
38 28 1 0,4,5,7,9,11,14,20,21,24,27,29,37,41,44,49,51,54 "38";
39 54 0 0,3,4,6,9,11,13,16,19,21,23,25,26,28,29,34,37,39,41,43,47,48,50,53 "39";
40 21 1 0,3,4,6,8,10,11,13,14,17,20,23,25,26,27,29,30,33,34,37,39,41,42,44,48,49,51,54 "40";
41 12 0 20,49 "41";
42 27 1 5,7,9,10,12,17,18,20,22,23,24,27,29,30,31,33,35,38,41,42,46,49,50,51,54 "42";
43 49 0 0,2,3,5,6,9,10,12,14,15,18,19,20,21,23,24,26,33,36,38,39,40,43,44,46,48,49,52 "43";
44 53 1 1,4,9,11,20,21,23,25,30,36,38,40,47,48,50,51 "44";
45 40 0 10,18,24,26,31,39,41,43,49,50,54 "45";
46 14 0 1,4,7,9,18,19,21,24,26,29,31,33,35,37,38,40,42,44,47,53 "46";
47 30 1 0,2,6,10,12,13,17,19,20,21,23,27,29,30,32,33,35,36,37,40,41,42,44,45,48,51,54 "47";
48 39 1 12,15,19,25,38 "48";
49 0 1 21,27 "49";
50 10 0 1,2,4,7,8,11,13,14,17,19,25,27,30,32,34,35,37,39,40,42,46,47,48,51,53 "50";
51 17 0 0,2,5,7,10,12,15,17,23,24,26,28,30,34,35,36,38,40,42,43,45,48,50,52,53 "51";
52 44 1 16,39 "52";
53 26 0 2,6,9,10,11,13,14,17,18,20,21,23,24,26,28,30,32,33,34,36,38,39,41,42,44,46,48,53 "53";
54 15 0 2,7,22,23,28,33,40,42,48,53 "54";
