parity 132;
0 17 0 10,14,44,72,76,78,103,106,113,115,126,132 "0";
1 55 1 11,14,22,36,44,51,54,59,68,74,82,116 "1";
2 92 1 3,4,9,12,13,15,16,22,23,30,32,34,45,54,57,68,69,74,75,78,79,81,83,85,86,87,93,97,100,101,103,109,111,114,116,118,122,123,129,130,131,132 "2";
3 23 1 2,3,5,6,8,10,12,13,18,19,21,22,23,28,29,33,34,37,38,39,41,44,46,48,50,55,57,59,60,61,63,64,67,69,70,72,79,81,83,86,88,91,96,98,100,101,104,105,108,110,114,117,118,121,123,124,126,129,131 "3";
4 72 1 0,1,4,6,7,11,14,17,20,25,32,38,40,43,45,50,53,57,62,65,70,74,77,82,87,93,94,98,108,113,114,117,126,128,130 "4";
5 125 1 3,4,6,7,10,11,13,17,18,19,21,22,25,26,28,30,31,33,34,36,40,42,44,47,50,51,53,55,56,58,60,63,66,67,71,72,74,77,80,83,85,89,92,96,100,102,103,106,108,113,115,118,119,120,122,123,124,126,128 "5";
6 128 1 0,1,3,4,8,9,11,15,19,20,22,23,24,30,32,34,36,41,43,44,46,48,52,53,55,56,64,65,67,68,69,76,77,82,85,95,97,99,100,102,104,106,109,110,116,119,123,127,128,130,132 "6";
7 60 0 2,4,5,7,9,10,14,15,16,18,25,27,28,32,36,40,41,42,45,47,48,51,54,58,61,62,64,69,71,76,77,83,85,86,91,93,95,97,98,102,103,104,111,121,123,125,130,132 "7";
8 92 1 0,2,6,8,10,11,12,20,27,29,31,32,34,35,36,37,41,43,46,51,54,55,64,66,67,69,71,74,76,77,80,81,82,87,90,93,96,98,101,103,105,107,113,119,120,126,130,132 "8";
9 114 0 1,3,4,6,8,10,12,13,15,18,20,22,24,26,30,32,34,37,40,41,43,47,49,52,54,57,58,60,61,63,65,67,70,71,72,75,77,78,80,81,84,85,87,90,91,92,95,98,99,100,103,105,110,112,113,117,119,120,123,125,128,129,130 "9";
10 26 0 2,4,7,9,10,13,17,19,20,22,23,29,35,39,47,49,52,54,55,58,61,68,70,72,75,76,83,86,89,93,95,97,98,106,109,114,117,128,130,131 "10";
11 14 1 8,14,20,25,36,43,49,51,52,54,72,74,76,82,99,102,110,116,119,130 "11";
12 16 1 1,4,5,11,13,16,20,29,31,50,51,58,60,65,69,70,76,78,82,87,89,101,104,105,109,113,120,129,131 "12";
13 8 0 3,4,8,11,12,14,15,19,20,22,24,26,28,32,34,36,38,40,41,44,45,48,50,51,52,53,55,56,60,64,66,68,69,71,73,77,78,79,83,84,86,87,91,94,96,98,101,102,106,108,110,111,113,114,116,118,121,123,132 "13";
14 102 0 0,1,4,6,11,13,14,17,18,26,28,29,31,33,34,35,38,39,40,42,45,47,50,52,53,56,57,60,64,66,68,70,73,75,77,80,81,84,86,89,90,91,92,93,96,98,101,102,105,108,112,113,115,116,119,120,123,125,126,127,128,131,132 "14";
15 133 1 0,3,8,14,24,31,34,51,63,66,73,82,91,98,123,127,131 "15";
16 41 0 0,2,4,7,8,10,13,14,16,18,19,22,25,26,28,29,32,33,35,37,39,42,46,48,51,52,55,58,59,61,63,64,66,69,71,72,80,84,85,88,90,91,94,96,101,105,108,112,113,117,118,119,124,131 "16";
17 21 1 1,2,4,6,8,12,16,19,22,24,26,28,29,31,32,34,36,38,44,45,47,48,51,52,53,54,56,58,60,62,65,67,68,72,73,75,76,78,79,85,87,90,91,94,99,102,103,105,107,108,113,116,117,119,123,125,126,130,131 "17";
18 118 1 2,34,36,104,115,124 "18";
19 59 1 0,4,12,14,15,17,21,26,28,29,37,39,41,42,50,52,55,66,68,72,76,78,84,85,88,89,93,97,101,106,107,108,110,111,118,121,122,123,125,127,131 "19";
20 6 0 0,2,8,12,16,20,21,27,30,31,33,34,36,40,44,45,48,49,54,55,67,70,71,76,85,88,91,93,97,99,104,106,108,112,114,116,117,119,121,123,126,129,131,132 "20";
21 39 1 23,27,43,63,71,81,85,92,97,107,111,118,124,129,132 "21";
22 71 1 8,10,12,14,28,35,36,41,45,47,55,57,59,64,71,86,89,91,93,97,100,105,109,112,115,119,121,125 "22";
23 131 1 2,4,7,10,12,15,20,21,22,24,30,32,38,42,44,49,50,55,56,63,65,71,76,81,85,86,89,93,94,96,98,101,103,111,113,116,118,119,122,123,125,129,130,131 "23";
24 38 0 0,3,5,8,11,15,16,18,19,24,29,30,31,33,34,36,37,38,39,44,45,47,48,52,55,60,61,62,63,65,68,70,74,75,79,80,82,83,85,87,89,90,92,94,97,99,103,104,108,110,111,112,114,116,118,119,121,124,126,128,130 "24";
25 27 0 0,2,4,5,9,12,15,17,23,25,33,39,41,49,55,56,58,61,67,71,72,75,78,83,85,89,90,93,94,97,99,108,112,115,119,125,126,127 "25";
26 64 0 1,6,8,9,13,15,16,18,19,25,26,28,30,32,34,36,38,41,42,44,47,50,56,58,60,65,69,71,73,75,79,81,84,85,91,95,98,101,103,105,108,109,114,115,117,118,120,123,124,127,128 "26";
27 107 1 2,11,21,29,37,41,46,48,56,58,59,69,72,77,79,81,84,104,105,106,115,121,126 "27";
28 6 0 3,4,5,7,9,10,12,14,15,19,22,23,25,26,28,29,31,32,33,35,38,40,42,43,46,47,51,52,54,57,61,63,65,69,71,74,76,79,81,83,87,89,94,96,97,98,102,105,107,108,109,110,115,116,119,124,125,127,130,131 "28";
29 29 1 1,7,9,11,18,20,23,24,26,28,30,32,34,36,43,46,49,50,54,56,58,61,68,72,75,76,78,80,82,93,97,107,109,111,113,121,124,128,130,131 "29";
30 22 0 0,2,3,4,7,10,14,17,19,20,27,29,30,32,33,35,38,41,44,45,50,54,56,58,62,64,67,69,70,74,75,77,78,79,80,83,85,86,88,89,90,91,93,94,96,97,100,102,105,106,108,114,116,118,119,120,125,126,128,130,132 "30";
31 100 0 0,14,15,22,29,33,38,41,42,45,49,50,52,64,65,67,73,78,82,83,86,88,98,100,105,112,116,119,121,123,130,132 "31";
32 129 0 12,45,51,54,58,62,69,85,90,97,105,118,129 "32";
33 33 0 0,2,10,13,15,18,21,22,23,25,33,34,38,41,43,46,48,49,52,57,59,61,63,66,71,72,74,77,78,80,81,83,84,87,97,101,110,112,114,120,122,124,126,129 "33";
34 118 1 4,6,7,9,13,32,36,41,42,51,60,68,70,73,76,82,90,91,96,98,108,116,117,123 "34";
35 101 1 6,10,15,16,23,28,36,40,44,46,49,54,56,58,63,65,67,69,71,75,76,78,81,85,91,92,94,110,113,115,119,120,122,124,126,128,130 "35";
36 88 0 0,2,5,6,14,17,19,22,24,26,31,32,33,34,38,45,46,50,52,56,58,59,66,67,73,75,79,81,82,83,94,98,100,102,103,105,107,112,116,118,121,122,124,127,132 "36";
37 18 0 2,3,8,20,27,35,36,45,54,59,60,64,67,71,74,84,88,94,103,104,119,121 "37";
38 24 0 3,6,7,11,13,16,19,22,24,25,27,30,32,33,37,38,41,45,47,48,52,54,55,58,59,61,64,69,71,73,76,79,81,83,85,87,88,90,92,95,96,97,99,102,106,109,110,113,116,117,119,121,124,126,128,130,132 "38";
39 14 0 4,8,9,16,22,27,37,45,47,51,62,80,91,98,100,110,116,119,122,124,126,131 "39";
40 122 0 0,1,6,9,12,15,17,18,22,23,25,29,30,33,36,38,39,41,42,43,45,47,50,52,54,55,56,59,62,63,67,69,73,74,76,78,80,81,82,84,85,87,90,92,93,95,96,98,100,101,103,104,109,111,112,117,118,119,120,124,125,128,132 "40";
41 12 1 0,8,9,15,19,23,27,29,31,35,38,41,42,45,47,49,54,58,61,87,99,101,108,116,121,122,128,129,131 "41";
42 38 1 4,5,24,27,35,39,41,47,51,59,66,73,76,80,83,106,108,109,110,114,126,127 "42";
43 125 1 105,130 "43";
44 12 0 5,15,17,18,25,29,34,40,50,55,58,66,70,97,109,121,124 "44";
45 50 0 1,19,27,30,45,58,61,68,76,98,105,113,117 "45";
46 91 0 1,2,3,5,7,11,12,13,18,22,24,27,30,32,34,37,40,48,50,51,54,58,62,64,66,73,78,79,81,83,84,89,92,94,98,101,106,111,113,116,117,120,121,123,124,128,129,131 "46";
47 115 0 8,13,21,38,48,55,60,62,66,84,88,97,109,112,119,122,129,131 "47";
48 67 1 0,1,3,6,8,10,11,13,14,15,16,18,20,21,22,24,26,28,29,32,33,37,38,39,41,43,45,49,51,53,56,57,59,61,67,71,73,76,78,79,80,82,83,85,87,90,91,92,94,96,98,102,103,108,109,111,117,118,121,122,124,126,127,131,132 "48";
49 7 0 0,3,5,10,14,16,20,22,26,39,42,49,55,60,66,68,72,74,75,77,81,82,84,87,97,98,104,107,109,110,114,118,120,121,122,125,131 "49";
50 39 0 0,1,10,13,16,17,21,23,26,28,31,32,45,46,49,52,53,59,60,63,67,70,71,75,76,79,82,89,95,96,100,101,111,112,114,117,118,119,122,123,125,126,130 "50";
51 19 0 3,5,6,9,12,14,18,24,26,31,32,35,37,38,41,42,44,45,47,51,52,53,55,58,60,62,63,66,68,69,72,74,76,77,79,81,83,86,88,91,95,98,100,102,103,104,107,110,111,112,115,123,125,126,127,128,130 "51";
52 83 0 0,4,6,7,9,11,12,15,17,19,21,24,27,29,31,33,35,37,40,41,43,47,49,50,52,53,55,56,57,58,60,62,63,67,69,71,73,75,77,79,80,85,87,89,91,92,96,97,99,100,101,102,106,108,110,113,114,115,117,119,123,124,128,129 "52";
53 13 1 2,3,9,14,19,24,25,28,30,33,34,35,38,40,41,43,48,49,54,55,67,70,71,74,76,77,79,83,85,87,89,93,95,97,100,101,103,104,111,113,115,119,120,124,127,129,131 "53";
54 83 1 1,34,62,86,87,94,95 "54";
55 23 1 0,2,3,5,6,8,10,14,16,18,20,22,29,31,34,39,40,42,44,47,49,51,53,57,60,62,65,66,69,81,88,89,91,92,97,99,101,102,105,107,112,114,115,117,120,124,125,128,129,132 "55";
56 93 1 3,18,26,47,97,123 "56";
57 44 1 1,3,5,6,9,10,11,15,16,18,22,24,30,32,33,34,39,42,43,47,51,55,56,60,61,64,65,67,73,74,76,79,80,84,87,89,90,91,94,96,99,101,104,105,107,109,110,113,114,116,118,121,123,125,126,128,131 "57";
58 22 1 0,2,3,13,19,22,28,31,44,47,50,52,59,64,66,72,73,78,81,84,86,88,90,91,93,95,96,102,103,106,110,112,113,114,118,119,121,124,125,127,128,131 "58";
59 19 1 8,10,20,43,45,64,90,99,104,117,130 "59";
60 111 0 2,3,8,13,16,23,24,38,49,52,55,62,67,74,78,84,86,94,105,132 "60";
61 33 0 3,6,7,12,17,23,24,26,30,41,42,45,52,54,56,59,61,68,75,85,93,96,97,111,114,117,126,127,130,132 "61";
62 106 0 0,14,30,33,39,43,49,53,60,63,67,71,74,78,80,82,84,103,110,112,115 "62";
63 60 1 6,12,21,33,36,37,44,46,53,59,66,67,86,91,95,97,100,108,111,113,114,117,125,128,131 "63";
64 47 0 3,4,10,22,38,42,43,45,47,57,60,63,65,77,78,80,87,101,102,105,109,118,126,127,128,131 "64";
65 83 1 3,4,7,9,10,12,13,15,18,20,21,23,24,27,28,31,34,35,39,43,45,48,49,50,51,54,57,59,62,64,65,67,68,71,72,74,75,76,79,81,87,89,92,94,96,97,99,100,103,106,107,108,110,111,113,114,116,118,120,122,124,126,127 "65";
66 60 1 4,8,11,26,34,40,53,71,81,82,99,106,119,124 "66";
67 102 1 2,15,18,19,26,28,32,34,35,37,40,48,56,58,62,69,71,83,84,85,88,90,91,98,101,103,110,112,115,117,126,128,130 "67";
68 111 0 0,2,6,9,10,13,16,21,24,25,31,34,36,37,47,50,59,66,67,68,74,77,78,85,87,89,96,97,101,102,105,109,111,119,123,128 "68";
69 6 1 0,2,6,10,13,15,20,21,23,24,26,36,37,39,41,43,50,52,55,57,60,62,64,65,67,70,71,72,74,76,79,82,85,91,93,96,98,99,104,109,110,120,122,123,129,131,132 "69";
70 122 0 22,24,31,53,62,82,92,110,117,125 "70";
71 73 0 1,4,6,12,13,24,28,31,38,41,42,45,47,52,58,64,77,82,104,106,113,118,124,127,131 "71";
72 99 0 2,31,53,64,73,124,126,130 "72";
73 58 0 0,12,21,29,39,49,67,69,71,72,74,100,105,109,117,127 "73";
74 79 1 3,4,6,8,9,11,14,16,17,19,24,26,29,32,33,36,39,43,48,50,52,54,56,59,60,66,69,71,72,73,75,77,80,85,86,87,89,94,100,101,103,106,107,109,111,115,117,120,123,124,127,131,132 "74";
75 95 1 4,7,10,13,16,21,27,32,33,36,38,44,46,47,62,65,85,88,118,120,128 "75";
76 126 0 3,4,6,7,11,15,18,20,21,23,25,26,28,30,34,36,38,40,42,47,49,53,56,58,60,62,65,68,72,74,75,77,79,80,81,85,86,88,91,93,96,97,101,108,109,110,116,117,119,123,127,130,131 "76";
77 119 0 2,4,5,9,14,15,20,22,24,27,29,31,34,35,39,50,54,55,57,59,61,62,65,73,74,75,76,79,80,83,85,86,89,92,95,97,102,107,110,115,119,122,125 "77";
78 51 0 59,63,99 "78";
79 109 1 3,5,6,10,14,18,22,25,39,41,43,44,47,51,53,59,66,70,82,86,104,105,110,113,124,129,130 "79";
80 43 0 3,4,15,25,27,37,42,49,66,77,79,83,85,90,93,97,99,101,109,111,114,117,126,131 "80";
81 80 1 3,5,8,9,11,13,15,26,28,30,32,36,38,40,47,50,53,55,57,62,64,74,78,84,87,94,98,101,103,105,111,114,119,121,124,126 "81";
82 26 0 46,110 "82";
83 2 1 2,19,23,31,34,46,49,55,67,72,76,81,85,87,89,90,92,95,101,106,108,113,117,120,128,129 "83";
84 69 1 6,10,17,25,55,65,73,78,103,105,111,130 "84";
85 50 1 11,46,85,89,117 "85";
86 82 0 1,12,35,56,63,90,98,113,126 "86";
87 89 1 3,8,16,28,37,46,48,59,62,74,77,79,82,85,93,104,106,116,129 "87";
88 97 0 6,7,14,15,26,29,39,50,52,53,57,60,66,68,74,75,83,84,86,91,92,95,96,100,102,104,110,113,124,128,130 "88";
89 131 0 2,18,21,25,28,35,37,39,40,43,50,54,56,57,59,61,67,68,70,72,75,77,78,82,84,86,90,96,98,100,101,105,110,112,118,120,121,131 "89";
90 53 0 1,6,7,10,12,15,18,19,22,23,25,38,42,43,45,47,54,58,59,62,64,73,76,77,83,90,93,111,113,115,118,121,126,128,131 "90";
91 34 0 10,17,23,37,39,40,47,60,64,65,68,69,72,74,81,91,97,104,109,112,117,119,121,123,125,129 "91";
92 37 1 11,30,33,36,39,47,53,59,62,63,69,72,76,83,86,94,104,109,112,116,122,123,125,131 "92";
93 32 0 2,8,10,16,18,20,23,26,31,38,40,45,46,50,58,59,65,69,70,74,76,78,79,83,90,95,99,105,108,112,128,131 "93";
94 36 0 0,2,4,7,9,14,17,23,27,31,32,36,44,46,50,54,56,60,65,66,69,86,89,92,94,97,102,106,107,116,117,121,122,128 "94";
95 68 0 9,11,16,19,28,34,41,55,60,78,85,114,116 "95";
96 79 1 4,6,12,13,15,16,24,25,27,29,30,39,43,45,46,47,52,55,56,57,60,61,63,64,66,69,70,71,72,75,76,79,81,82,83,84,85,88,90,91,94,96,98,100,101,104,105,108,111,112,114,116,119,121,123,126,127,129,130,132 "96";
97 11 0 5,6,7,8,10,13,14,18,20,24,26,28,32,35,37,42,44,48,50,53,56,60,61,64,65,68,73,75,78,80,82,88,90,93,96,97,99,107,116,118,121,122,126,127,128 "97";
98 99 0 3,6,10,17,21,25,30,32,38,43,54,58,61,64,67,70,71,73,77,80,86,90,96,104,106,108,111,116,117,121,126,129 "98";
99 47 1 23,77 "99";
100 127 0 1,4,20,30,31,36,38,41,48,59,63,69,71,82,86,91,94,96,98,102,104,105,106,110,116,118,121,123,127 "100";
101 30 1 2,4,5,13,16,19,21,26,27,29,32,34,36,38,41,44,45,48,55,57,63,64,65,69,71,74,77,79,80,82,84,89,93,99,101,103,104,109,111,115,118,120,123,125,128,132 "101";
102 69 0 0,1,4,6,8,10,12,14,16,18,19,21,22,24,29,30,31,32,34,35,40,42,43,48,49,50,53,55,57,58,61,62,64,67,68,70,74,75,76,78,80,81,82,84,85,88,92,96,97,98,101,103,106,110,113,115,116,118,120,122,123,124,127,129,130,132 "102";
103 16 1 0,3,5,9,10,14,16,20,21,22,24,25,26,28,30,31,32,33,40,43,45,49,51,53,58,66,68,71,76,79,80,82,84,85,87,89,94,96,98,100,101,103,105,111,113,119,121,122,129,132 "103";
104 13 1 0,1,3,4,7,10,11,13,16,19,23,24,25,27,29,32,33,36,39,41,43,45,46,52,57,58,59,63,64,68,70,73,74,76,79,90,93,96,98,100,103,105,106,108,109,115,116,120,122,123,125,126,129,131,132 "104";
105 21 0 8,22,24,28,41,44,47,50,52,56,58,76,84,98,103,120,121,124,129 "105";
106 113 1 0,3,5,10,12,15,18,25,28,30,32,33,34,39,49,52,55,58,60,61,67,70,73,77,78,80,86,90,101,105,110,111,115,116,118,122,124,127,129 "106";
107 38 0 0,3,4,6,9,12,13,15,17,18,22,24,26,28,30,32,37,39,41,42,44,45,48,51,52,54,55,57,60,62,64,67,70,74,75,76,78,80,82,84,86,87,90,92,95,97,99,100,103,104,106,110,112,117,121,122,125,128,129 "107";
108 108 1 5,9,10,16,19,25,55,63,67,69,78,80,83,93,96,102,108,115,119,120,125,130 "108";
109 119 0 0,1,2,5,7,9,10,12,13,16,17,19,22,23,27,29,32,34,38,39,40,41,44,47,48,49,51,52,58,59,60,62,65,66,70,72,74,76,80,81,82,84,86,87,89,91,94,97,98,100,103,104,106,108,111,112,113,115,118,119,122,125,126,132 "109";
110 22 1 3,4,6,7,17,23,38,40,50,51,66,67,75,78,80,81,84,86,88,99,106,107,115,119,122,123,125 "110";
111 112 0 1,3,5,9,14,15,16,17,19,22,31,32,37,42,46,54,59,70,75,76,77,78,80,84,91,94,96,99,101,104,111,128,129 "111";
112 102 1 0,9,11,12,17,19,22,26,32,33,37,42,45,46,51,54,57,61,71,74,76,78,80,83,84,85,89,90,94,95,96,98,101,105,106,112,113,115,117,119,120,122,124,127,131,132 "112";
113 86 1 2,6,7,9,13,26,39,48,57,64,90,93,99,103,109,117,119,120,127 "113";
114 30 0 0,3,5,6,9,10,11,13,14,20,24,25,26,29,31,33,37,39,41,43,47,50,52,54,56,58,60,62,63,65,66,75,76,80,82,85,88,90,92,94,96,97,100,105,107,108,110,112,114,121,123,125,127,128 "114";
115 99 0 2,9,15,17,21,23,46,49,52,57,62,67,69,75,82,100,105,108,120,126,129,130 "115";
116 19 1 4,12,14,17,22,25,30,39,54,55,69,75,77,95,106,108,111,112,116,118,120,123,130 "116";
117 117 1 0,3,4,9,14,16,19,25,27,28,36,37,40,42,44,48,50,52,54,56,58,59,60,63,65,70,71,74,77,82,84,88,89,93,96,98,100,102,104,107,113,115,116,120,122,127,129,130 "117";
118 52 1 18,26,27,38,58,60,65,67,93,98,101 "118";
119 67 1 1,11,16,18,26,28,33,35,38,43,49,52,54,57,61,74,79,84,85,94,110,113,117 "119";
120 9 0 1,5,6,13,14,21,24,32,34,36,38,39,43,44,45,47,51,62,64,66,68,72,77,78,84,87,94,96,97,103,104,107,109,111,113,121,124,125,127,131,132 "120";
121 72 0 0,2,3,5,7,9,10,14,15,19,20,22,23,24,27,29,32,33,35,36,42,44,48,50,52,53,55,57,58,60,61,62,64,65,69,71,74,75,76,79,81,82,83,86,88,90,92,93,95,96,100,101,102,105,106,108,112,114,116,118,119,123,125,126,127,128,131 "121";
122 120 0 10,16,17,28,30,32,40,42,44,46,50,56,60,67,69,71,79,89,90,91,94,98,119 "122";
123 74 1 8,12,14,28,45,53,71,77,82,85,95,111 "123";
124 123 1 1,3,7,8,12,14,15,16,22,24,29,31,32,33,35,38,40,41,44,46,47,48,50,52,58,61,62,64,68,72,75,77,79,81,84,87,89,91,93,95,97,103,104,106,109,110,112,113,114,116,120,121,125,126,129,130 "124";
125 75 1 2,5,7,8,13,15,17,19,20,24,29,31,32,33,35,37,39,40,42,43,45,46,48,51,52,54,56,57,58,61,62,64,65,67,68,69,70,72,74,75,76,78,80,83,86,88,92,93,95,97,101,103,107,108,111,112,114,116,119,120,123,128,129,130,132 "125";
126 126 0 10,23,29,48,71,92,95,102 "126";
127 118 1 1,2,6,10,19,22,26,28,29,31,33,35,38,42,43,45,47,48,49,51,54,55,56,59,62,68,71,75,76,79,84,85,86,94,97,98,100,104,105,107,110,111,112,115,117,121,123,124,125,129,131,132 "127";
128 120 0 1,3,6,7,10,12,14,16,19,23,36,42,45,48,50,53,56,63,73,80,81,88,89,90,92,93,100,101,105,107,115,117,120,123,129 "128";
129 102 1 1,3,9,13,16,18,20,29,32,33,36,38,42,44,46,49,50,54,57,64,66,70,72,74,76,79,81,88,90,94,96,101,107,108,112,113,118,120,121,124,128,130,131,132 "129";
130 119 0 2,4,15,28,29,32,33,38,49,52,55,57,62,70,75,79,98,103,107,111,115,121,124,125,127,129,130,132 "130";
131 5 1 18,69,83,85,87,110,128 "131";
132 83 1 3,4,5,7,12,17,19,23,26,29,35,38,39,43,45,46,47,49,51,53,57,59,61,63,67,68,77,78,80,81,82,89,93,96,103,106,109,110,111,112,116,118,119,121,123,124,126,128,130,132 "132";
