parity 186;
0 35 0 7,11,13,17,21,27,33,36,43,44,48,52,57,61,62,78,82,83,95,96,99,101,105,113,114,118,121,123,130,133,134,150,151,153,157,162,166,171,178 "0";
1 80 0 11,24,25,29,33,57,75,79,81,130,143,153,160,169,174 "1";
2 96 1 13,15,44,49,51,63,124,150,177,180,185 "2";
3 16 0 1,5,6,12,19,31,37,44,46,47,52,53,55,57,61,63,66,67,73,77,81,82,87,92,94,99,101,103,104,105,108,111,126,128,141,146,148,151,157,159,161,163,165,174,175,178,181,183 "3";
4 89 0 3,4,6,8,9,10,12,14,18,19,22,24,26,28,29,32,37,39,40,43,45,48,50,52,54,60,61,62,64,68,70,73,75,77,78,80,81,83,85,86,88,91,93,94,101,103,104,107,108,111,115,116,117,119,126,129,130,132,137,139,140,141,144,146,147,150,151,153,155,157,159,160,161,165,167,170,174,175,177,180,182,183,184,186 "4";
5 84 1 2,5,9,15,25,29,38,39,47,49,56,66,69,75,80,94,96,97,110,112,113,118,119,123,127,131,133,135,139,149,152,160,162,165,166,170,171,172,174,181,183 "5";
6 71 0 0,1,3,5,8,10,12,13,16,19,21,23,26,33,34,36,39,40,42,43,45,47,48,50,51,52,56,59,61,63,65,69,71,74,77,78,79,81,83,86,88,92,94,96,100,101,106,107,110,111,116,117,119,121,122,125,127,128,133,134,135,136,138,140,144,146,148,151,152,156,158,159,161,163,166,168,169,173,178,180,183,185,186 "6";
7 108 1 7,8,17,28,36,48,58,62,66,70,82,84,94,103,105,127,128,135,136,139,143,145,154,162,169,173 "7";
8 111 1 0,3,9,10,12,15,16,19,21,24,26,28,30,32,33,38,42,47,52,54,56,59,61,62,63,68,70,71,75,76,82,84,86,92,94,97,101,103,106,108,111,115,117,118,119,123,132,134,137,141,144,148,151,153,154,156,157,159,164,165,170,172,175,177,179,181,182,183,186 "8";
9 106 1 17,26,31,38,59,132,140,158 "9";
10 150 0 6,64,80,89,114,146,149,150,154,155,169,184 "10";
11 106 1 0,1,3,6,7,8,11,15,18,19,21,22,23,25,27,28,30,31,32,33,35,37,39,44,46,50,51,52,57,59,62,65,67,68,70,73,76,77,79,80,85,87,88,93,94,96,100,102,103,106,107,109,111,112,114,116,117,119,121,122,123,126,128,131,132,133,135,136,137,138,140,141,143,144,146,148,150,156,158,159,162,164,167,169,171,172,174,176,177,179,181,183,186 "11";
12 108 0 5,27,42,84,89,94,101,112,115,136,143,144,158,162,167,173,185 "12";
13 84 1 0,2,3,5,7,9,10,14,15,19,21,22,26,28,31,34,35,37,38,41,42,45,46,48,50,52,54,57,59,61,64,65,67,71,72,74,76,77,78,81,82,85,93,96,100,101,103,107,109,110,112,113,116,117,118,123,124,127,128,130,131,134,135,139,140,147,149,151,153,155,156,159,164,166,168,170,172,179,183,185 "13";
14 97 1 18,20,22,34,38,44,46,51,63,96,104,105,108,119,152,155,160,164,175,184 "14";
15 186 1 1,13,16,21,26,28,30,36,43,45,52,54,68,69,75,80,81,85,90,92,98,101,103,106,113,115,116,118,124,127,129,130,132,137,139,141,144,145,147,148,151,155,156,157,159,161,163,165,168,171,173,174,176,180,183,186 "15";
16 26 0 2,5,6,9,10,16,18,22,23,29,31,36,38,41,44,50,52,55,61,63,75,77,81,82,85,87,90,93,101,106,109,111,116,118,125,128,130,132,137,138,143,144,147,150,155,157,159,160,166,171,176,180,183,186 "16";
17 56 1 3,11,13,21,33,45,48,49,50,53,57,59,62,66,71,81,85,86,88,91,94,96,100,105,114,117,120,124,135,139,141,142,158,163,165,169,173,176,181,184 "17";
18 112 1 1,5,6,14,20,26,31,37,44,48,54,62,75,76,95,99,102,112,116,134,169,172,174,182 "18";
19 85 0 0,2,8,11,13,18,19,21,22,24,28,35,38,40,42,47,50,52,54,56,57,63,64,66,68,69,70,73,75,87,88,90,92,93,97,100,101,102,104,106,107,114,116,120,122,126,131,133,136,138,140,142,144,148,150,155,157,161,164,166,168,170,175,177,179,180,182,185 "19";
20 68 1 4,5,7,12,15,18,20,22,24,26,28,30,36,41,42,48,50,52,54,60,61,64,66,68,70,73,75,80,86,89,90,93,97,98,102,105,108,109,111,113,115,118,121,125,129,132,138,142,144,145,147,149,150,156,159,162,164,166,167,169,171,173,179,181,183,184,186 "20";
21 185 0 0,2,3,10,18,22,26,28,29,32,34,36,40,41,43,44,45,52,57,58,59,65,68,70,73,76,80,82,85,87,92,100,106,111,112,114,118,121,123,127,128,137,138,141,142,143,146,149,152,153,157,160,162,165,168,173,178 "21";
22 154 0 40,99,102,116,142,159,164 "22";
23 187 1 1,4,9,14,16,19,24,25,28,29,30,31,35,38,42,44,46,51,52,56,57,59,60,62,63,65,67,70,74,76,79,84,85,90,95,103,105,109,113,117,118,120,121,124,125,126,130,133,134,135,138,141,142,144,150,152,153,158,160,162,165,170,174,175,179,182,184,186 "23";
24 96 1 11,64,81,106,165 "24";
25 61 0 5,23,29,97,139,150,161,162,177 "25";
26 79 1 0,4,11,13,17,18,20,22,30,32,34,36,37,39,42,46,49,58,59,60,62,64,70,77,82,83,87,92,94,98,100,101,105,109,112,113,115,122,134,137,142,145,151,154,156,158,160,164,165,168,169,172,175,178,183,185 "26";
27 156 1 40,118 "27";
28 45 1 6,15,16,19,20,23,25,28,37,39,43,45,46,49,52,57,65,73,75,77,83,89,91,92,93,101,105,111,113,116,120,124,129,134,136,138,139,142,143,144,147,151,157,163,166,169,173,174,175,177,183 "28";
29 130 0 0,1,4,7,9,11,13,14,16,18,20,21,24,26,27,28,30,33,34,35,37,39,40,41,45,48,49,52,53,55,57,60,62,65,67,69,70,71,73,75,78,80,81,83,84,86,88,91,93,96,97,101,103,106,111,113,115,116,122,123,125,126,129,131,133,135,137,138,140,141,143,146,147,150,151,153,154,156,158,163,166,169,171,175,177,180,184 "29";
30 8 0 0,10,17,34,52,55,141 "30";
31 129 0 1,3,4,5,13,14,16,24,26,28,30,33,35,37,38,42,47,48,53,55,57,61,65,66,70,71,74,76,79,81,86,87,88,89,91,93,94,95,98,99,100,101,104,107,108,109,112,113,116,118,119,122,127,131,133,134,137,141,145,146,149,150,152,156,159,161,163,166,170,172,176,178,180,183,186 "31";
32 37 0 0,4,7,8,15,27,29,31,41,47,48,55,60,66,69,71,73,75,77,84,85,102,105,111,112,117,122,125,131,133,135,137,142,144,147,150,163,169,171,178 "32";
33 47 1 6,10,27,34,36,40,42,44,45,58,65,73,80,83,85,86,91,92,111,113,115,118,121,123,125,133,139,149,153,161,171 "33";
34 49 1 5,7,14,26,36,41,45,56,62,67,69,73,75,82,92,109,112,113,116,122,124,126,127,128,130,132,133,134,136,143,150,170,173,177,181,182 "34";
35 16 0 0,2,3,4,5,9,12,13,16,19,22,24,28,29,33,36,43,48,55,58,62,68,70,74,77,79,83,85,90,91,96,99,103,105,107,113,122,125,131,133,138,144,146,151,160,161,162,163,164,169,171,173,177,179,186 "35";
36 61 1 0,2,4,7,9,10,13,15,17,19,21,23,24,26,28,30,32,34,36,38,40,41,43,47,54,58,63,65,66,67,73,77,79,80,86,88,89,93,100,102,107,110,113,114,115,119,120,122,123,127,128,135,138,142,144,146,148,151,153,156,157,161,163,164,166,168,171,172,173,179,183 "36";
37 187 1 10,12,13,15,18,21,29,31,41,58,59,65,72,73,85,91,98,99,107,120,122,127,128,135,151,157,162,168,173,181,183 "37";
38 40 1 2,9,11,16,19,43,56,71,73,74,79,83,86,93,136,141,148,159 "38";
39 54 1 106,127,146 "39";
40 113 1 0,2,3,6,13,14,17,18,21,23,25,26,29,31,33,35,36,38,40,41,44,45,47,50,51,54,55,59,61,62,63,66,68,71,73,74,76,77,78,79,82,83,87,88,92,95,97,99,100,102,106,108,109,112,113,115,116,118,126,132,137,139,140,144,145,148,151,152,155,157,159,161,163,164,165,167,168,170,171,173,174,180,181,183,184,186 "40";
41 164 1 1,2,11,13,15,19,21,29,35,36,39,40,41,44,48,52,57,58,61,63,66,67,69,70,79,83,85,86,88,93,96,98,100,101,102,114,116,117,118,124,126,130,137,139,141,142,143,146,148,150,151,160,161,163,166,167,171,183 "41";
42 150 0 1,2,5,10,11,12,14,16,17,20,21,24,26,29,31,34,38,41,42,44,47,50,53,57,59,60,62,63,65,67,68,72,76,77,79,81,82,86,87,88,90,94,95,97,98,101,103,104,106,109,111,112,114,116,117,119,120,122,123,124,127,128,130,131,133,134,137,141,142,143,145,147,151,152,153,154,156,157,159,161,162,164,165,167,169,171,173,176,179,182,183,185 "42";
43 134 0 0,1,7,8,11,13,15,18,20,21,22,24,25,31,33,34,35,42,49,50,52,54,55,67,68,71,73,74,78,79,83,87,89,90,93,94,96,98,100,103,106,110,115,118,121,126,129,130,135,136,138,140,142,144,155,156,157,159,161,167,171,176,179,181,185,186 "43";
44 9 1 15,24,29,37,41,44,48,50,59,60,62,100,102,105,107,109,111,115,117,129,136,142,145,151,153,162,163,167,168,169,180,185 "44";
45 156 1 3,13,15,22,31,35,37,40,47,61,69,85,90,93,101,109,119,121,133,136,156,158,160,163,167,176 "45";
46 136 1 0,3,5,9,10,13,15,18,19,23,26,27,33,34,35,40,43,45,48,49,51,53,54,55,58,59,60,62,65,66,69,73,75,77,80,81,85,86,88,89,91,95,97,99,101,102,103,105,108,110,111,112,114,116,120,122,125,130,131,134,139,141,144,145,150,154,161,163,166,168,169,170,171,176,177,179,185,186 "46";
47 158 1 0,14,15,18,29,32,34,35,36,37,40,44,50,62,75,78,81,85,87,96,99,103,106,113,124,137,144,145,147,148,163,165,173,177,178,184,185 "47";
48 146 0 3,5,7,10,11,12,14,16,18,21,22,23,25,27,28,30,34,35,38,40,43,45,47,48,50,51,53,55,57,59,62,65,67,68,70,71,77,78,80,82,85,87,88,90,95,97,99,100,102,103,104,108,110,111,113,115,117,119,121,123,124,126,128,130,132,133,137,138,140,141,143,144,146,147,149,151,152,155,157,161,165,167,169,170,171,174,175,176,178,180,182,185,186 "48";
49 171 1 16,32,56,63,125,129,140 "49";
50 64 0 2,3,6,11,14,15,17,18,22,28,33,34,36,38,47,49,56,60,61,63,67,70,72,79,83,84,87,88,90,94,106,107,111,116,117,121,123,129,143,146,148,149,155,158,165,169,174,177,179,181,184,185 "50";
51 43 0 4,9,33,35,38,47,50,56,74,77,84,86,89,91,95,105,107,108,113,120,126,127,129,132,136,142,154,156,161,164,166,167,171,175,179,180,183 "51";
52 106 0 11,35,42,95,131,150,154,164,175 "52";
53 38 0 1,3,5,11,13,16,19,21,23,24,29,41,42,53,55,63,67,74,77,82,87,90,94,96,105,110,114,116,117,119,124,125,130,140,147,148,150,152,161,165,168,170,176 "53";
54 108 1 4,8,20,22,23,30,31,42,47,49,53,55,64,66,67,76,79,82,86,90,91,94,97,102,103,106,112,120,132,139,140,146,154,157,167,171,172,176,182,184 "54";
55 21 1 1,4,6,11,14,16,22,24,27,28,32,34,39,42,46,56,64,68,69,71,74,78,82,86,89,92,93,94,95,101,106,108,109,114,115,117,119,122,123,124,128,139,145,150,154,157,159,162,163,169,170,173,178,179,183,185 "55";
56 141 1 2,5,7,9,12,15,16,20,24,27,29,32,35,37,38,40,42,44,46,48,50,51,55,58,61,63,65,67,69,71,73,76,78,79,81,82,84,87,89,92,96,101,105,106,108,110,112,113,114,116,117,118,121,127,128,129,131,133,134,135,137,139,140,143,152,153,156,157,160,161,163,169,170,171,173,175,177,178,181,184,186 "56";
57 39 1 1,3,4,7,12,13,14,17,19,20,22,24,27,28,30,32,33,34,37,39,41,42,43,45,47,48,50,52,54,55,56,60,61,63,64,68,71,74,77,78,80,81,83,86,87,89,90,92,93,95,96,98,99,100,102,106,108,110,113,115,117,120,124,125,131,133,135,138,140,141,142,145,146,147,149,151,153,154,156,159,165,166,170,174,176,177,178,180,182,186 "57";
58 98 1 11,12,16,18,20,31,33,36,49,51,52,57,60,62,68,78,80,85,91,95,101,105,106,108,111,114,119,120,122,127,130,136,140,143,144,148,150,162,163,172,180,184 "58";
59 72 0 8,10,26,27,29,40,43,79,86,88,96,97,113,126,145,147,168,180 "59";
60 61 0 0,6,12,15,18,19,24,30,36,38,39,43,50,51,53,60,64,69,72,76,79,85,88,92,94,97,107,110,112,122,124,126,128,130,141,142,146,149,153,154,156,159,162,168,171,173,176,178,182 "60";
61 32 0 2,4,5,9,15,24,28,43,47,51,52,56,59,60,69,79,88,96,106,108,113,120,129,131,139,140,153,156,168,171,173,178,182 "61";
62 42 0 27,41,54,69,75,82,97,114,148,161,166,177,180 "62";
63 68 1 6,19,25,31,34,41,46,54,94,96,101,118,138,158 "63";
64 71 1 10,18,20,21,26,29,45,53,54,55,62,64,68,70,75,77,80,87,92,108,110,115,121,123,124,126,134,136,145,148,150,157,166,173,175,179,182,186 "64";
65 43 0 5,7,11,14,16,19,21,25,26,30,32,36,39,44,50,52,57,58,65,68,70,71,74,75,77,79,83,85,88,89,91,92,94,97,101,102,104,107,109,110,112,114,118,120,122,124,125,127,128,129,130,135,136,139,142,146,150,152,154,155,157,159,162,163,167,168,170,174,178,181,184,186 "65";
66 82 1 12,22,48,53,59,67,78,85,90,94,97,102,112,142,148,155,157,159,163,164,170,177,181 "66";
67 162 0 25,27,35,45,63,64,68,71,72,75,83,100,103,105,113,120,127,134,137,143,149,161,162,167,170,171 "67";
68 115 1 17,26,45,53,58,114,128,137,140,159,164,183 "68";
69 8 0 1,15,26,44,53,64,68,74,95,102,110,130,166 "69";
70 68 0 1,4,6,8,9,13,15,20,22,23,24,26,30,33,35,36,37,38,40,43,45,49,51,53,55,57,58,60,62,67,71,72,74,75,76,79,82,84,85,86,89,92,94,97,99,100,101,102,103,106,109,110,113,115,119,121,122,123,125,126,129,130,131,133,134,139,143,144,147,151,152,155,156,158,159,161,163,167,168,170,175,176,178,181,183,186 "70";
71 6 1 6,13,20,24,26,40,43,44,48,52,53,57,58,60,61,66,70,71,75,78,80,82,93,95,98,100,103,108,128,130,136,141,147,158,162,164,172,174,178,186 "71";
72 16 1 0,2,3,4,7,9,11,13,14,17,20,21,23,25,26,28,32,35,36,38,40,42,44,45,47,49,50,51,56,59,62,64,65,66,67,69,70,71,73,76,79,81,82,84,87,88,91,93,95,96,98,102,107,111,114,117,119,124,127,130,135,140,141,143,146,147,149,152,153,156,158,159,161,162,163,165,168,171,172,174,176,178,179,181,183,184,185 "72";
73 15 0 2,4,10,17,19,20,25,26,31,33,40,57,62,67,73,75,77,78,82,85,91,96,97,102,109,119,124,126,129,136,142,150,154,157,159,164,167,170,172,176,182,184 "73";
74 182 0 1,4,7,10,12,20,21,23,24,29,31,33,34,37,39,42,44,46,47,49,50,51,56,61,64,66,70,71,72,73,74,76,78,82,83,86,92,93,94,95,97,99,100,103,105,109,110,111,113,115,118,122,123,125,130,132,139,140,141,142,144,147,149,151,152,153,157,159,162,164,167,172,174,179,181,183,185 "74";
75 51 0 0,1,4,6,10,13,14,15,20,24,25,30,38,40,42,46,50,52,53,54,57,58,61,63,65,66,68,70,76,81,83,87,90,93,97,100,106,108,110,111,112,117,118,119,120,122,124,129,133,138,145,146,149,153,157,158,168,175,179,182,186 "75";
76 79 0 67,86 "76";
77 156 0 3,13,17,23,27,32,35,37,38,49,60,65,75,77,83,86,88,90,98,102,105,119,136,140,148,150,151,154,162,168,176,178 "77";
78 24 0 0,5,8,10,12,25,26,38,42,52,56,75,77,83,92,97,104,124,128,132,136,149,154,180 "78";
79 30 0 0,5,7,9,12,17,18,24,26,35,39,42,44,47,49,54,57,58,60,62,66,71,86,88,93,95,102,105,106,109,113,116,119,122,125,128,130,148,149,150,151,154,156,164,169,176,177,186 "79";
80 73 1 5,75,96,126,132 "80";
81 11 1 2,9,12,14,16,17,20,21,22,24,28,35,40,41,47,49,51,53,57,58,64,68,71,74,81,83,84,90,95,102,104,110,113,115,118,120,122,124,125,128,130,132,138,140,145,146,148,149,153,158,159,160,167,169,171,175,178,180,186 "81";
82 32 1 0,4,6,8,9,13,19,21,23,24,27,35,39,40,43,49,54,57,59,61,65,68,73,75,78,84,89,90,93,95,96,98,101,103,106,107,110,112,113,114,124,126,127,130,133,135,139,140,142,144,148,150,156,158,165,170,172,174,177,179,182,185 "82";
83 138 1 5,9,32,34,44,48,52,58,61,71,89,96,102,108,125,136,141,148,163,167,172,183,185 "83";
84 131 0 16,97,166 "84";
85 134 1 1,24,28,56,89,90,148,155,175,177,181 "85";
86 44 1 0,2,5,8,10,11,12,13,18,22,24,25,27,29,31,33,36,39,40,43,45,47,50,53,54,55,58,60,62,64,65,67,69,70,73,75,82,84,86,88,95,96,99,100,103,106,108,113,115,116,118,120,121,122,127,129,131,133,135,138,140,141,146,147,149,150,151,154,156,157,159,160,162,163,165,168,170,171,173,175,176,178,181,186 "86";
87 155 0 20,39,47,54,56,79,102,108,135,177,184 "87";
88 184 0 0,2,8,10,12,13,15,17,20,29,31,36,37,38,41,42,46,48,49,53,54,56,58,60,62,63,66,68,69,71,76,83,85,86,88,91,93,95,98,100,102,110,112,113,114,116,119,121,123,126,127,131,133,136,137,142,145,148,150,152,155,156,157,159,162,163,165,166,167,172,175,177,178,179,182,184,186 "88";
89 52 1 9,11,26,32,49,51,55,61,63,67,71,73,84,91,98,124,134,140,141,153,163,165,168,182 "89";
90 182 0 0,10,12,16,18,32,37,41,43,50,53,56,59,69,71,76,81,82,85,87,90,91,93,96,106,109,113,116,118,126,130,132,133,136,139,145,147,152,156,162,165,166,169,173,175,178,183,184,185 "90";
91 119 0 25,56,70,161 "91";
92 83 1 3,11,13,16,17,20,22,33,36,38,39,41,49,51,60,61,66,70,73,84,91,92,95,96,98,105,107,111,115,117,118,120,122,125,126,131,135,136,139,142,144,150,152,154,157,158,162,166,169,175,177,182,184,185 "92";
93 88 0 1,3,4,6,7,10,14,17,18,21,22,26,29,38,42,44,46,48,50,52,53,54,56,62,63,64,66,68,69,76,79,81,83,84,90,92,99,104,106,107,115,116,118,121,123,125,128,134,136,137,140,144,146,151,152,155,156,160,164,166,167,170,172,174,176,179,181,184,186 "93";
94 125 1 6,15,27,38,40,44,48,54,62,67,69,72,80,87,88,90,91,94,97,101,122,128,129,144,151,177,180,183 "94";
95 147 1 1,2,4,6,8,9,11,17,19,20,23,26,32,33,35,40,42,44,46,48,49,53,56,62,63,65,68,70,72,79,84,85,86,88,90,92,94,98,103,104,107,108,110,111,116,120,123,132,133,136,140,144,149,154,156,157,159,162,163,166,167,170,171,173,177,178,182,183,185 "95";
96 142 1 1,4,10,12,14,20,21,23,24,25,26,29,31,33,35,36,39,44,45,47,49,50,51,59,60,61,62,63,66,67,72,73,75,79,81,86,89,90,96,98,100,102,103,105,106,107,110,114,115,116,118,120,121,122,125,126,134,137,139,142,144,145,146,149,151,153,154,157,158,164,165,168,172,175,177,179,184,186 "96";
97 90 1 0,1,3,4,8,11,14,15,18,23,25,27,31,37,39,41,47,49,52,54,57,58,60,62,64,68,70,75,77,79,80,83,84,86,87,93,94,99,100,103,104,105,108,110,113,115,116,118,119,123,132,134,136,139,143,146,147,150,151,153,155,157,159,161,162,163,166,171,174,175,177,178,182,185 "97";
98 180 1 5,7,16,22,25,27,30,35,37,39,40,42,47,48,51,54,56,65,73,75,76,77,80,93,95,96,102,106,123,130,140,141,142,144,151,158,159,177,179,184 "98";
99 43 0 5,7,9,14,36,43,51,53,57,58,65,75,79,87,103,106,112,115,116,125,136,158,163,169,180 "99";
100 139 0 0,2,8,14,15,17,24,31,33,34,35,38,45,53,57,58,62,65,66,68,70,72,76,77,81,83,87,92,93,96,98,101,105,106,108,110,113,120,122,124,129,130,138,142,148,149,151,155,157,160,165,167,170,175,180,182 "100";
101 118 0 7,21,24,30,50,64,65,90,108,111,124,148,158 "101";
102 44 0 0,2,3,8,18,20,31,33,36,41,45,48,54,58,59,64,66,68,73,74,94,95,100,103,105,109,115,117,120,123,126,134,137,142,143,145,152,163,169,176,178,180,185,186 "102";
103 183 1 3,6,10,17,20,35,38,42,48,49,66,72,76,77,86,89,103,104,106,112,115,118,119,129,136,138,144,146,150,155,157,165,172,175,179,182 "103";
104 152 1 0,29,72,85,152,160,169,178 "104";
105 161 0 0,3,5,6,8,12,13,15,16,18,21,23,25,28,31,34,38,40,43,44,46,49,51,53,54,56,57,59,61,63,67,70,71,73,75,77,78,79,82,83,87,90,91,95,98,100,103,106,109,112,114,118,123,124,125,128,130,133,134,136,138,140,144,145,147,151,154,160,163,164,166,170,171,172,173,176,177,179,182,185,186 "105";
106 136 1 3,20,33,67,103,156 "106";
107 6 1 4,8,10,11,12,14,17,23,24,26,29,35,39,43,44,45,47,49,51,52,53,60,62,66,67,69,70,74,78,79,84,86,88,91,92,94,96,98,100,105,108,110,123,125,128,131,134,135,138,140,141,151,158,159,160,162,169,171,172,174,175,180,182,183,185 "107";
108 110 1 2,7,23,24,28,30,32,54,65,67,70,79,90,93,94,97,100,106,110,113,115,119,121,122,137,142,143,145,149,154,155,158,159,161,162,172,176,179,181,184 "108";
109 128 0 10,51,125,168 "109";
110 18 0 9,11,15,28,30,38,40,42,50,52,53,60,61,66,68,80,84,93,95,103,105,111,112,114,118,122,124,126,129,133,135,138,141,143,148,154,161,162,164,165,167,169,174,178,182,184 "110";
111 23 0 0,2,3,10,13,16,21,22,23,31,32,36,38,42,45,47,54,58,62,68,70,73,78,79,80,82,89,101,107,108,112,116,122,125,126,129,135,136,138,145,151,155,160,162,166,168,169,174,175,178,179,183 "111";
112 4 1 25,40,100,160,178 "112";
113 153 1 3,23,27,56,60,77,87,149,183,185 "113";
114 135 0 7,9,11,20,21,25,30,31,38,41,47,51,57,58,60,61,64,66,76,82,84,88,91,93,103,105,108,110,113,117,119,121,123,126,134,137,142,144,150,155,157,160,169,172,173,175,177,180,184,185 "114";
115 131 0 0,6,11,12,14,16,22,24,26,27,30,32,34,35,39,41,44,46,48,50,52,54,56,59,60,61,63,65,68,69,71,72,73,74,76,80,81,84,86,87,89,90,92,96,101,104,107,108,110,111,116,119,120,122,124,125,127,129,135,136,150,153,156,162,165,167,169,172,173,174,176,178,180,181,183,185 "115";
116 169 0 3,12,50,60,72,79,89,104,105,137,152,153,156,160,168 "116";
117 143 1 8,17,23,26,34,35,42,45,67,71,72,76,81,87,99,111,119,124,130,134,139,143,147,164,165,168,175,178,182 "117";
118 126 1 0,1,11,15,17,19,36,40,54,59,67,78,80,94,101,103,114,118,139,146,149,156,158,161,169,171,175 "118";
119 50 0 9,14,15,25,35,41,49,59,61,66,79,81,87,92,104,110,114,116,120,128,135,150,164,166,170,175 "119";
120 104 1 5,6,9,14,17,19,25,28,30,33,35,37,39,41,42,56,58,64,66,71,73,81,90,92,96,97,104,109,116,117,119,121,123,124,125,128,136,137,139,140,142,145,147,151,153,158,159,161,164,178,181,182,185 "120";
121 104 1 4,5,24,25,31,33,34,45,46,52,59,66,68,76,77,81,83,88,100,101,103,105,108,114,124,131,149,152,154,157,159,161,164,174,182 "121";
122 181 1 20,27,39,56,74,87,129,137,174 "122";
123 178 0 0,2,3,4,8,12,13,21,25,30,31,33,38,40,41,44,51,53,55,59,63,66,67,70,71,76,77,80,82,84,87,88,90,91,92,94,98,100,105,108,116,120,121,123,126,128,130,132,134,136,137,138,139,140,142,144,146,148,158,159,161,164,167,169,171,174,175,178,180,182 "123";
124 88 0 0,2,5,8,10,14,15,18,20,22,23,25,27,28,29,31,33,35,36,38,41,43,45,47,49,51,53,55,58,59,61,64,65,68,69,72,74,76,77,79,81,83,84,88,89,92,93,99,100,102,104,107,109,113,114,118,119,121,124,125,127,130,131,133,135,137,138,139,142,143,146,147,150,155,157,159,161,162,167,169,179,180,181,186 "124";
125 183 0 0,1,4,6,9,10,14,18,21,22,32,34,35,39,43,44,45,49,52,53,55,58,62,64,66,68,70,72,75,78,79,80,82,86,88,93,104,108,112,116,118,125,129,132,134,136,139,144,146,147,150,155,157,160,164,166,168,170,175,177,179,186 "125";
126 27 1 5,21,24,33,49,67,73,74,76,80,87,88,112,117,151,166 "126";
127 71 1 4,7,10,13,14,16,18,20,25,26,27,28,31,33,38,40,41,44,45,48,54,55,57,59,64,67,70,72,74,75,78,80,81,84,86,87,89,90,92,94,96,98,99,100,103,105,106,108,109,111,113,114,117,119,120,124,128,130,131,133,135,137,140,142,144,148,151,153,154,157,160,163,164,166,167,169,170,171,173,175,177,179,180,182,185,186 "127";
128 111 1 34,38,39,67,77,101,104,125,155,179 "128";
129 185 1 1,17,54,62,69,92,96,99,108,116,118,126,141,145,170,175 "129";
130 10 0 19,87,161,166 "130";
131 30 0 2,7,8,11,13,15,17,19,20,22,24,26,28,30,32,34,37,40,47,48,49,51,54,55,58,59,61,63,66,67,73,80,81,83,85,87,89,94,101,104,106,107,109,111,112,116,118,120,123,125,127,129,131,133,135,137,139,143,144,146,149,154,155,156,158,159,161,165,171,172,173,177,181,184,186 "131";
132 158 0 6,7,20,23,25,29,33,50,54,56,58,60,64,66,73,75,78,79,81,83,86,96,98,109,110,112,114,116,119,124,133,142,146,159,169 "132";
133 58 0 1,4,6,8,10,15,21,24,25,27,29,33,38,40,42,44,47,49,50,53,57,65,66,68,70,76,83,87,89,90,93,96,98,103,106,108,110,111,115,120,126,132,139,145,149,151,156,158,164,169,172,173,179,182 "133";
134 141 1 2,11,19,20,22,29,43,45,48,51,52,59,61,67,74,77,80,84,87,91,93,98,105,107,113,114,118,119,121,123,126,128,143,145,147,148,156,157,163,164,170,176,184,186 "134";
135 70 1 8,10,15,20,21,22,25,28,30,31,40,42,49,50,55,60,64,67,71,75,78,82,87,88,91,95,96,99,104,106,110,115,117,121,123,124,126,129,134,136,137,139,141,144,149,154,155,158,163,166,171,172,177,179,180,183,184 "135";
136 174 0 7,18,27,35,36,57,63,86,88,106,111,115,117,122,127,137,147,155,158,166 "136";
137 87 0 4,12,15,17,22,24,27,30,37,38,40,44,45,47,49,60,63,65,68,70,78,80,81,84,89,92,93,95,96,97,104,105,107,108,111,121,125,126,133,134,137,138,140,141,143,146,147,148,151,152,158,160,162,163,166,168,170,174,178,179,183,184 "137";
138 186 1 119,121,149,154,159,184,186 "138";
139 45 1 3,5,9,28,34,37,41,44,46,50,58,71,75,79,81,83,85,86,87,91,96,98,104,111,114,117,118,123,127,134,137,143,148,155,168,179,181,183 "139";
140 64 1 0,1,3,4,9,14,15,16,17,18,20,21,23,24,28,30,31,34,36,37,39,41,42,44,46,47,48,50,51,54,55,56,57,59,61,64,67,68,69,70,73,74,78,79,83,87,88,90,91,93,94,96,97,99,100,102,105,107,109,110,112,113,118,120,122,124,125,128,131,133,135,137,141,144,145,149,150,152,154,155,157,159,162,167,170,172,173,174,175,176,178,181,182 "140";
141 107 1 0,1,4,6,8,12,14,16,17,19,21,23,25,27,29,31,34,38,42,44,45,47,49,51,53,55,56,58,59,60,61,64,65,67,74,75,77,78,80,83,84,87,91,93,98,99,102,103,107,109,113,117,119,121,124,125,126,127,128,132,134,137,138,140,141,142,144,146,147,149,150,151,153,154,156,158,160,161,163,164,166,167,168,170,171,174,176,177,178,181,182,184,185,186 "141";
142 166 1 0,4,6,9,10,12,13,16,21,22,24,27,29,33,35,36,37,44,45,50,55,58,60,63,64,69,71,72,73,74,76,78,81,89,90,93,98,100,104,107,109,110,111,113,115,117,118,120,122,123,127,130,132,134,135,137,139,140,142,144,149,151,154,155,157,158,161,162,164,166,170,174,176,177,178,180,182,185 "142";
143 140 1 1,11,14,19,21,25,29,30,31,35,40,48,60,63,67,68,70,71,73,75,78,82,84,89,95,105,108,109,112,114,119,124,127,129,133,139,144,145,154,156,157,158,166,171,173,178,181,183,185 "143";
144 167 1 7,13,25,28,30,35,36,44,58,60,77,86,95,103,105,114,118,119,121,122,125,127,144,152,158,179,181,183,186 "144";
145 6 0 3,7,8,9,11,12,14,15,17,19,20,24,25,29,33,35,37,39,41,44,46,48,49,51,53,56,58,60,62,63,65,66,68,70,72,74,75,77,78,80,83,85,86,87,91,93,96,99,100,102,105,107,108,110,112,113,121,123,124,128,130,131,133,137,140,141,142,144,146,147,150,154,155,157,159,160,165,167,168,169,172,174,176,177,179,181,186 "145";
146 35 1 9,14,56,61,64,67,70,102,120,126,165,175,183,186 "146";
147 158 1 2,5,6,15,17,20,23,27,30,35,37,40,43,48,49,55,58,60,62,64,65,70,73,75,77,78,80,83,84,88,92,94,97,99,100,103,104,106,108,109,113,116,117,119,120,125,128,131,133,138,142,144,156,157,159,160,162,167,168,170,173,174,176,177,179,180,182,184,185 "147";
148 129 1 1,3,5,10,11,22,24,27,28,36,38,39,44,45,48,49,53,55,58,63,75,76,77,79,80,82,86,94,96,105,109,114,115,118,119,125,133,134,136,143,144,147,156,161,168,170,172,178,182,184 "148";
149 156 1 6,8,19,51,70,87,104,140,153,161,169,178,183 "149";
150 18 0 1,64,141,144,183 "150";
151 126 0 1,10,12,15,20,22,27,37,41,47,58,63,65,70,72,80,83,91,93,94,97,106,111,114,125,153,156,157,164,186 "151";
152 95 1 23,30,44,126 "152";
153 173 1 1,6,9,12,15,17,23,28,29,32,34,42,43,44,46,48,51,53,55,61,65,69,70,72,76,79,81,84,86,89,91,93,98,99,102,109,111,115,116,119,121,123,125,127,128,130,131,134,138,140,144,146,154,155,156,162,168,169,172,173,174,175,177,179,180,183 "153";
154 38 0 29,102,110 "154";
155 74 1 53,73,94,161 "155";
156 51 1 6,9,10,18,22,33,36,42,44,46,49,50,53,56,58,59,61,64,71,73,74,76,80,84,87,91,95,98,107,112,120,122,123,139,142,143,146,148,150,153,156,158,164,170,171,174,176,179,181 "156";
157 33 0 0,2,6,7,12,14,16,18,19,22,24,25,26,30,31,33,35,37,38,40,42,44,48,49,50,52,55,57,59,62,69,71,73,74,77,78,82,84,85,87,88,90,91,94,96,98,99,101,102,105,107,110,112,113,117,118,121,122,124,126,127,130,131,134,135,139,141,144,145,147,148,151,153,154,156,160,161,164,166,169,171,174,175,176,178,179,180,184 "157";
158 163 1 2,4,6,7,8,9,11,13,14,17,22,24,31,32,34,37,39,41,43,45,47,48,49,50,53,55,57,58,59,62,65,66,69,71,72,74,81,83,84,85,86,89,90,94,97,98,99,101,104,105,108,109,111,112,114,117,122,124,125,129,130,132,135,138,139,141,142,143,146,148,150,151,156,157,159,160,161,163,166,170,171,173,175,176,177,180,185,186 "158";
159 98 1 1,24,31,36,43,47,51,52,53,59,62,70,76,85,94,105,119,123,134,150,162,169,171,172,179 "159";
160 65 0 0,1,2,3,6,8,9,11,14,16,18,19,22,23,24,28,29,31,32,34,36,39,41,44,47,48,50,52,53,57,59,60,62,64,66,67,68,70,71,73,77,78,79,81,83,88,89,92,96,98,99,103,106,109,113,115,116,117,123,125,127,131,133,135,136,138,140,142,146,149,150,151,153,154,161,163,164,166,168,170,173,176,178,182,185 "160";
161 17 1 3,5,8,9,11,13,16,18,20,21,24,26,28,30,32,34,36,38,40,42,43,44,47,48,50,52,54,56,58,63,65,67,69,70,74,75,78,79,80,81,83,85,88,89,91,93,96,98,100,102,104,108,111,113,114,115,117,118,125,126,129,130,131,134,135,136,138,139,144,150,151,152,153,155,157,159,163,164,165,167,169,170,175,179,181,184,186 "161";
162 166 1 3,8,10,13,16,17,19,22,24,26,29,31,33,36,40,41,45,47,49,55,57,60,61,67,68,70,73,81,91,94,96,97,99,102,105,109,113,118,119,120,122,124,126,133,139,141,142,144,146,148,152,154,156,159,161,166,169,173,175,176,178,184 "162";
163 147 1 0,3,11,13,23,26,31,35,37,40,45,47,51,55,57,61,66,72,74,79,98,105,111,117,127,128,136,139,142,145,146,150,165,167,173,175,180,186 "163";
164 159 1 1,2,3,4,6,8,10,11,14,17,18,20,22,23,24,28,29,30,36,45,48,51,53,55,56,58,59,63,68,69,71,74,77,82,89,91,92,95,96,101,106,107,111,117,122,124,129,134,137,141,149,150,152,155,160,163,169,170,172,173,177,178,180,184,186 "164";
165 57 1 1,3,4,5,11,15,17,20,22,25,27,29,32,35,36,38,39,41,50,54,55,57,62,67,70,73,75,76,82,84,86,87,91,93,94,95,97,99,101,104,106,108,109,113,119,122,124,127,129,131,137,139,141,147,148,150,152,153,158,160,162,166,167,173,175,182,183,185 "165";
166 115 0 5,9,13,31,32,40,43,64,65,68,69,74,87,90,108,121,127,131,137,145,162,163 "166";
167 82 0 0,2,5,6,9,12,13,15,17,19,20,22,23,24,26,28,29,31,33,34,35,37,41,42,43,45,50,52,53,54,55,56,58,59,63,65,69,73,74,82,84,86,87,94,95,98,101,103,108,110,112,113,121,124,128,130,132,133,135,138,140,142,144,147,151,155,158,159,160,161,164,167,173,174,176,178,181,183,186 "167";
168 27 0 4,9,13,20,32,43,76,84,90,101,103,105,120,128,130,131,142,146,154,163,167 "168";
169 175 1 0,1,5,7,8,11,14,15,16,18,20,23,27,29,31,33,34,37,38,39,41,42,44,47,48,50,52,56,62,63,65,69,71,74,76,79,81,82,84,85,88,92,97,99,104,105,106,110,111,112,113,115,117,125,126,128,129,131,133,135,136,139,140,141,143,145,146,148,153,155,157,158,160,161,164,166,168,169,171,174,177,181,183,184,186 "169";
170 183 0 0,1,2,4,6,7,9,11,12,14,15,18,23,26,29,32,34,37,40,43,45,47,49,51,54,56,59,61,63,66,68,71,73,74,81,82,89,91,93,97,101,106,108,110,114,116,117,118,120,123,126,127,128,130,135,138,139,141,145,147,148,149,152,153,155,158,160,161,163,166,167,169,171,173,174,181,184 "170";
171 44 0 1,3,5,7,11,12,14,16,17,18,20,21,25,27,32,34,36,38,40,42,47,51,52,53,58,60,62,64,66,67,72,77,81,86,89,90,92,95,97,101,103,105,108,111,112,114,120,123,124,126,128,129,132,133,135,138,140,147,148,149,154,163,167,169,173,176,179,180,182,184 "171";
172 162 0 3,13,26,35,46,54,58,84,91,93,98,105,115,116,161,168 "172";
173 126 0 7,11,19,22,27,28,31,32,33,37,38,39,43,46,47,49,51,54,56,69,71,72,74,75,76,79,81,82,84,86,88,90,94,96,97,100,101,103,104,106,108,110,113,114,115,117,119,123,125,127,128,131,133,135,138,140,142,144,146,148,149,151,153,156,158,162,164,166,170,172,174,176,179,181,182,185,186 "173";
174 5 1 2,19,25,28,33,36,46,64,69,94,108,122,133,143,152,185 "174";
175 105 1 6,15,20,25,29,43,46,48,57,63,74,91,92,114,115,122,134,156,161,177,179,182 "175";
176 176 0 0,1,4,5,7,8,10,15,17,21,22,30,31,33,34,37,39,42,43,44,46,49,50,53,55,58,62,63,65,68,69,73,74,75,77,78,79,82,83,86,88,90,91,92,94,96,97,99,100,102,105,107,109,110,112,113,115,116,118,120,122,126,127,130,132,134,135,138,139,141,143,144,146,151,153,155,159,162,163,164,165,167,168,170,172,173,175,176,180,181,183,184,186 "176";
177 76 1 1,9,10,12,14,19,22,26,28,32,34,38,42,45,47,50,51,56,70,73,76,78,80,81,86,89,97,99,112,113,116,118,121,128,134,139,142,147,148,150,153,156,157,160,173,179,180,182,186 "177";
178 23 1 2,3,5,8,9,10,11,14,16,17,20,25,27,29,32,34,35,40,41,45,49,51,55,58,61,66,68,69,74,75,77,79,82,88,90,94,95,97,98,100,101,105,111,115,117,119,122,123,124,128,131,135,139,140,144,147,149,152,154,156,159,163,164,169,170,172,174,177,184,186 "178";
179 51 0 40,47,56,57,65,78,89,102,104,124,162,181 "179";
180 20 0 24,46,51,54,56,100,101,103,107,114,127,129,134,139,142,148,173,177 "180";
181 152 0 0,1,3,7,12,14,16,18,20,21,23,25,27,29,33,35,37,39,41,42,44,45,46,48,49,51,53,55,60,62,66,67,69,71,75,80,81,83,85,87,89,92,93,94,96,98,100,103,107,108,110,113,116,118,119,121,124,126,127,128,131,134,135,139,140,142,144,145,148,151,153,154,157,159,160,166,167,169,171,174,175,178,180,181,183,185,186 "181";
182 125 1 1,7,13,20,22,27,29,32,34,38,40,43,44,46,48,50,52,55,57,58,60,61,63,69,75,76,77,84,89,91,92,93,96,100,101,103,107,109,116,119,120,122,123,125,126,129,130,135,138,140,142,146,151,153,158,163,170,172,182,185 "182";
183 175 1 4,6,8,9,11,14,16,19,21,24,27,29,33,34,37,40,41,42,43,47,48,51,52,53,56,57,59,62,65,66,68,72,75,77,81,86,88,91,92,95,96,98,101,102,103,107,109,110,113,114,117,119,120,122,126,129,130,131,135,136,138,140,142,144,147,153,154,155,157,160,162,164,167,168,171,174,181,182,185,186 "183";
184 53 0 17,20,43,52,56,58,62,85,115,148,155,171 "184";
185 99 0 1,2,4,6,9,16,18,20,25,32,35,37,38,41,43,48,49,50,51,54,56,57,59,61,63,65,67,71,73,75,79,80,81,85,87,89,96,101,103,105,108,111,116,117,118,121,122,125,127,129,132,134,138,142,143,144,146,147,149,150,154,158,160,164,166,173,174,176,178,179,180,182,184,186 "185";
186 130 1 22,28,30,35,51,60,66,82,93,101,147,159,169,171,175,180,182 "186";
