parity 42;
0 34 1 5,8,17,19,22,25,26,29,31,35,40,42 "0";
1 32 1 17,21 "1";
2 4 0 22,30 "2";
3 3 1 3,4,7,10,12,13,16,17,19,22,25,28,29,36,37,39 "3";
4 29 1 0,9,13,29,30 "4";
5 25 1 0,3,4,16,17,19,20,26,28,32,34,35,38,41 "5";
6 1 0 5,10,15,17,19,26,30,37,41 "6";
7 27 1 0,2,6,7,8,10,12,14,19,20,23,24,28,31,33,37,39,40,42 "7";
8 20 1 0,3,5,7,9,11,12,14,15,16,19,20,21,23,25,27,30,32,33,35,38,42 "8";
9 37 0 1,2,4,5,9,14,16,17,18,23,25,27,28,31,32,34,38 "9";
10 34 1 6,12,14,19,23,27,34,37,40,42 "10";
11 33 0 0,3,7,10,11,15,19,21,23,24,33,34,38,39,41 "11";
12 2 1 18,20,25,29,34,40 "12";
13 14 0 7,18,22 "13";
14 27 0 11,14,22,30,32,42 "14";
15 29 0 0,2,3,5,6,8,9,11,12,13,17,20,22,26,32,33,40,41 "15";
16 2 1 5,14,18,24,26,42 "16";
17 39 1 16,27,42 "17";
18 3 1 0,2,5,8,11,13,15,21,22,24,26,29,39,42 "18";
19 9 0 3,4,5,11,12,17,30,41 "19";
20 27 1 0,2,3,7,8,11,15,17,19,23,26,28,30,34,35,39 "20";
21 21 0 0,2,4,5,6,10,13,15,16,19,21,22,24,25,28,30,31,32,33,35,38,39 "21";
22 21 0 3,7,13,15,26,35 "22";
23 42 0 2,3,7,9,11,12,14,17,19,21,26,28,29,31,32,33,35,36,39,41,42 "23";
24 27 0 0,4,10,12,20,21,23,25,27,28,36,37,40 "24";
25 21 1 1,2,6,8,10,12,14,16,18,20,22,23,25,27,29,31,32,33,35,39,41,42 "25";
26 37 1 3,6,9,10,16,18,19,21,23,28,31,33,35,38,40 "26";
27 22 0 6,11,12,27,36 "27";
28 20 0 2,5,8,10,15,25,31,33,34,38 "28";
29 5 1 2,3,6,12,13,21,22,25,27,29,31,34,36,37,39,41 "29";
30 20 0 0,3,9,12,16,23,25,27,31,33,41 "30";
31 40 0 0,13,15,18,19,25,27,33,37,40 "31";
32 37 1 1,2,4,6,8,10,11,13,18,21,22,25,27,28,31,33,37,38,42 "32";
33 6 0 6,15,25,34,37,40,42 "33";
34 35 1 13,19,34 "34";
35 30 1 1,3,5,6,12,15,19,26,29,31,36,38,42 "35";
36 28 0 1,4,5,11,19,23,26,37 "36";
37 42 1 2,5,7,14,19,22,28,29,35,40,42 "37";
38 26 0 1,14,16,18,33,40 "38";
39 39 1 0,3,7,8,10,14,16,17,20,22,26,30,33,34,39,41,42 "39";
40 39 1 6,8,13,14,16,20,23,24,30,31,34,35,37 "40";
41 32 0 0,2,7,10,12,18,23,24,26,28,34,36,38,40,42 "41";
42 17 0 3,5,7,13,15,16,21,25,27,33,37,39,42 "42";
