parity 97;
0 78 1 1,2,4,5,8,11,13,14,17,19,20,22,24,25,27,29,30,31,35,39,41,45,47,49,51,53,56,57,59,62,65,68,70,72,74,80,82,83,84,85,86,88,89,92,93,96,97 "0";
1 86 1 0,6,10,12,13,14,17,21,22,26,29,31,32,34,38,43,45,49,51,54,60,61,67,68,69,73,75,76,77,78,80,83,85,86,87,92,94,96 "1";
2 23 1 1,3,5,6,8,9,11,14,17,18,20,21,25,29,31,33,35,36,39,40,41,43,44,47,49,50,52,56,58,60,62,65,67,70,71,75,77,79,83,85,86,88,89,91,94 "2";
3 0 1 7,30,77,80 "3";
4 7 0 0,1,5,6,7,10,12,20,23,24,26,29,33,35,37,38,40,43,46,48,52,55,57,60,65,68,70,73,76,78,83,84,86,93 "4";
5 80 1 0,5,8,10,12,13,15,16,17,19,24,29,32,34,37,40,45,47,48,52,56,58,60,62,65,70,74,75,78,79,80,81,82,83,88,94,96,97 "5";
6 80 0 1,3,5,7,10,11,18,19,20,22,24,28,30,34,38,45,46,47,49,52,58,60,61,64,65,67,70,78,80,85,86,91,94,96 "6";
7 74 1 0,1,5,14,16,17,20,25,31,33,35,41,46,47,51,53,56,57,61,63,70,72,75,76,78,81,82,85,90,93 "7";
8 89 0 8,9,11,14,16,25,30,31,33,35,36,42,44,47,48,52,54,55,60,66,71,73,75,76,80,83,87,89,95,96 "8";
9 66 0 0,8,10,12,13,15,16,20,23,25,30,32,33,36,38,39,45,55,56,64,68,76,79,84,90 "9";
10 60 0 0,5,11,14,15,18,27,28,30,33,35,40,44,68,72,74,80,83,85,96 "10";
11 88 1 0,3,4,6,8,9,14,16,19,22,24,26,27,31,36,38,40,43,45,46,50,53,55,57,58,59,63,64,66,67,70,74,75,79,80,82,84,85,87,88,92,94,96 "11";
12 80 0 2,3,4,8,9,16,22,23,25,28,31,32,34,39,41,50,53,55,56,60,62,64,65,70,71,73,75,76,79,86,87,89,91,93,95,96,97 "12";
13 4 1 0,2,4,6,7,8,11,13,16,17,21,25,27,30,33,35,38,40,42,43,45,48,49,50,53,55,56,59,60,61,62,67,68,71,73,74,75,78,79,81,84,85,91,92,93,96 "13";
14 1 1 2,3,12,24,30,33,35,39,44,46,48,54,62,64,67,69,73,76,80,84,88,93,95,97 "14";
15 82 0 4,15,24,39,49,53,55,57,59,70,84,91,94,97 "15";
16 10 1 5,7,10,14,20,23,25,26,28,31,32,40,44,46,49,51,52,57,58,60,62,63,65,67,69,73,74,78,81,82,86,88,89,90,93 "16";
17 45 0 6,22,38,44,50,52,55,59,65,71,73,95 "17";
18 51 1 4,7,12,16,18,20,22,25,26,29,30,33,35,37,42,49,52,58,64,65,67,82,92,96 "18";
19 44 0 52,79 "19";
20 73 1 1,6,8,12,19,21,22,27,31,36,41,49,51,58,61,62,65,70,71,77,78,82,86,89,94,97 "20";
21 38 0 3,10,11,13,14,24,29,40,41,47,51,61,67,70,71,95 "21";
22 92 1 0,2,6,7,8,10,14,16,19,20,22,23,25,26,29,31,33,34,36,38,42,45,49,50,51,57,61,65,72,73,81,83,85,91 "22";
23 61 1 2,3,9,17,21,22,25,33,34,37,38,42,47,57,61,65,67,70,76,79,82,86,88,90,95 "23";
24 30 1 0,6,11,12,15,19,22,25,29,32,35,45,49,52,58,60,62,66,68,70,72,76,77,93,94,97 "24";
25 80 0 1,9,12,16,20,26,28,35,46,48,50,53,63,64,77,80,89,97 "25";
26 20 0 1,12,17,21,27,31,43,54,55,59,66,68,70,73,76,81,83 "26";
27 81 0 0,12,14,48,79,90 "27";
28 53 0 6,12,14,15,17,22,24,29,33,37,40,42,43,44,46,48,50,52,56,58,61,68,70,71,72,74,82,83,84,86,87,97 "28";
29 26 1 5,6,10,12,13,19,23,25,28,32,34,38,44,45,48,51,53,66,68,69,74,83,87,91,97 "29";
30 96 1 0,9,12,15,21,23,24,26,28,32,34,36,39,42,43,44,47,52,57,60,62,66,72,74,76,81,84,87,90,92,95 "30";
31 45 0 0,1,4,7,9,10,14,15,17,19,22,33,37,41,43,45,48,52,53,62,63,70,75,77,78,81,83,89,90,96 "31";
32 81 0 0,4,6,10,16,17,18,22,28,29,31,33,36,40,43,45,46,51,53,55,56,60,62,65,66,68,70,72,73,75,78,80,82,84,86,87,90,95,96,97 "32";
33 17 0 11,14,26,28,41,42,54,57,63,68,75,80,83,89,94,97 "33";
34 9 1 15,35,53,60,76 "34";
35 9 0 22,48,90 "35";
36 27 1 6,7,8,14,18,19,22,24,27,35,38,43,44,52,54,56,57,61,62,68,79,80,82,84,86,90,93 "36";
37 85 0 0,1,2,5,7,8,10,12,15,17,19,22,24,27,29,31,33,35,36,38,41,43,46,50,52,54,57,61,63,66,68,69,71,72,76,79,80,82,83,85,89,90,92,95,97 "37";
38 87 1 0,4,11,14,34,38,42,46,50,54,66,67,73,81,86,93 "38";
39 31 1 5,8,9,10,12,17,20,25,32,36,37,41,44,45,50,55,57,59,63,65,67,70,73,74,84,85,88,94,96 "39";
40 51 0 21,43,59,62,72,85 "40";
41 51 0 0,5,6,19,22,31,44,50,52,70,71,76,85 "41";
42 49 0 26,48,51,54,66,71,85,86,94 "42";
43 29 1 6,15,20,24,27,29,32,37,38,42,51,63,75,76,83,88,92,95,96 "43";
44 82 1 2,5,7,11,18,19,23,26,28,34,36,38,44,51,53,55,57,62,64,65,68,72,73,80,81,85,87,90,96,97 "44";
45 86 0 1,5,6,9,12,14,17,19,22,26,32,38,40,48,50,53,59,61,63,65,66,72,74,75,79,82,84,85,86,89,91,92,93,96,97 "45";
46 85 0 0,1,5,8,9,13,15,16,22,23,31,37,40,42,46,53,55,56,57,60,61,63,64,67,69,74,78,80,86,88,92,94 "46";
47 70 1 0,4,6,9,11,14,16,18,23,33,38,42,46,52,56,61,63,69,70,73,76,78,79,83,93,94,96 "47";
48 23 0 0,2,6,11,23,33,38,40,48,50,53,67,70,76,77,81,86,88,90,93,95 "48";
49 84 0 1,2,4,7,12,14,18,22,24,28,30,32,34,37,39,40,41,43,44,45,47,49,50,52,56,57,60,62,63,64,66,68,70,71,73,74,75,76,78,82,84,87,90,92,94 "49";
50 48 0 10,13,31,37,43,53,65,68,70,73,79,83 "50";
51 27 0 3,14,16,20,42,46,53,60,63,79,81,97 "51";
52 44 0 14,28,42,46,47,53,67,68,71,87,93 "52";
53 25 1 0,2,14,17,19,25,33,37,39,49,54,57,81,83,86,96 "53";
54 15 0 0,2,4,5,6,7,10,12,15,16,19,20,22,24,28,32,34,36,38,43,47,50,52,54,57,58,59,60,63,65,66,68,70,71,73,74,75,78,80,81,85,88,90,94,95,97 "54";
55 13 0 0,3,4,12,14,16,18,21,23,24,27,35,40,41,43,45,50,51,53,57,58,60,62,65,69,77,79,84,88,90,93,96 "55";
56 56 1 9,12,21,25,34,44,55,58,59,80,83 "56";
57 49 0 0,6,8,9,11,12,14,17,19,22,25,26,28,31,34,36,37,41,42,43,45,47,49,51,53,54,56,58,59,63,66,68,69,70,74,81,82,84,86,88,89,92,94,96 "57";
58 2 0 0,2,5,11,17,24,26,27,30,31,35,36,39,43,44,46,47,49,50,54,56,60,64,65,66,68,73,76,78,80,82,84,85,93,94,96 "58";
59 31 0 1,2,3,5,7,11,12,15,16,21,24,25,27,30,32,34,36,43,45,47,49,50,53,56,57,59,64,68,70,72,74,79,84,85,86,89,91,92,94,95 "59";
60 69 1 4,6,9,13,19,22,24,26,30,37,39,40,44,46,50,60,65,69,72,76,81,88,89,91,95,97 "60";
61 7 1 2,4,6,11,18,23,25,30,34,35,37,41,42,47,49,54,62,63,67,70,72,74,77,80,81,85,87,89,91,93,96 "61";
62 77 1 8,12,19,26,29,33,42,49,78,83,91 "62";
63 80 0 5,9,13,33,49,64,73,84,91 "63";
64 85 0 1,2,3,7,9,12,17,18,22,23,24,31,39,48,51,53,59,62,72,73,76,77,78,80,84,85,89,96,97 "64";
65 96 1 2,5,10,14,15,19,22,24,26,28,29,36,37,40,43,53,54,56,57,60,63,66,69,70,75,82,85,87,90,91,93,95,96 "65";
66 45 0 4,5,14,17,22,23,29,33,37,39,41,44,55,59,63,65,66,69,73,76,87,90,93,97 "66";
67 65 0 1,11,25,38,48,53,76,79,81,97 "67";
68 70 0 0,3,5,8,9,12,15,17,19,28,32,41,46,47,50,54,58,59,61,64,65,67,70,73,77,79,83,89,91 "68";
69 69 0 1,7,18,21,23,24,32,36,41,45,47,49,51,52,54,58,59,66,69,74,86,88,92,97 "69";
70 83 0 2,4,8,13,14,17,19,23,24,27,30,31,34,37,38,43,44,46,48,52,55,62,63,73,74,80,81,82,84,85,86,88,90,92,93,95,96 "70";
71 56 0 0,3,4,11,13,14,17,21,22,24,28,33,35,37,38,43,46,49,50,51,54,61,64,66,69,71,72,76,79,84,91,92,96 "71";
72 74 0 1,3,6,9,15,18,20,21,25,27,31,34,36,40,41,43,44,46,51,52,54,57,59,61,62,65,67,69,70,74,76,78,81,88,90,91,94,96 "72";
73 8 0 0,9,10,14,28,31,32,34,40,42,43,44,50,57,62,67,69,76,77,84,90,97 "73";
74 5 1 2,4,7,9,11,12,15,16,17,20,24,27,29,30,33,35,36,38,40,42,47,48,52,53,55,58,59,61,63,64,66,68,71,72,77,78,81,82,86,87,89,91,94 "74";
75 25 1 2,4,6,7,11,14,16,17,18,21,25,29,30,32,35,36,38,39,42,44,45,48,50,51,53,55,57,58,61,62,64,65,67,68,69,71,75,76,81,83,86,89,90,93,96,97 "75";
76 33 0 10,39,62,79 "76";
77 32 0 14,15,37,42,46,52,68,97 "77";
78 29 1 1,6,9,11,15,16,20,29,30,31,32,36,49,52,56,57,66,71,79,81,83,84,92,93,95 "78";
79 18 1 0,2,4,5,8,13,17,18,22,24,26,27,29,31,42,43,45,47,49,51,55,60,61,63,66,69,71,72,76,79,80,81,91,92,95 "79";
80 66 0 14,70 "80";
81 45 0 2,3,7,9,10,13,15,17,18,20,21,23,26,27,31,32,36,37,41,42,43,45,49,50,54,56,57,61,62,65,66,68,71,72,73,77,81,83,85,86,88,91,92,95,97 "81";
82 65 1 0,20,23,36,48,49,60,66,79,84,90,96 "82";
83 1 1 5,6,10,15,16,21,23,31,33,35,41,43,46,48,51,54,55,57,61,69,71,72,76,79,81,82,85,86,88,92,95 "83";
84 88 0 2,7,11,14,17,24,37,49,53,55,59,68,73,81,86,89 "84";
85 4 1 12,24,27,33,37,42,43,45,50,52,55,56,67,70,77,78,79,81,82,85,91,93,94 "85";
86 73 1 2,3,6,8,10,18,29,31,33,35,38,39,46,55,56,63,65,67,68,69,75,79,82,83,86,89,93,95 "86";
87 14 0 4,5,13,15,22,23,28,34,36,43,48,50,59,63,69,71,72,73,75,76,78,79,84,87,88,95,97 "87";
88 22 1 2,5,9,11,24,33,35,39,42,48,51,56,59,63,65,68,70,73,77,82,84,88,89,97 "88";
89 35 0 5,8,19,26,32,38,46,56,63,68,69,79,85,87,90,93,96 "89";
90 72 1 0,4,6,9,11,12,14,15,16,19,21,23,25,27,31,34,37,38,41,48,49,51,53,55,61,65,66,67,70,73,74,76,78,81,85,89,90,92,94,95,97 "90";
91 62 0 0,3,4,9,11,13,14,15,17,18,21,22,24,27,29,33,34,37,39,40,44,45,48,51,53,54,55,58,59,60,62,63,64,68,70,72,74,75,76,81,83,85,86,89,91,94,95,97 "91";
92 20 1 3,19,20,24,32,33,37,38,76,82 "92";
93 32 1 0,4,8,12,17,20,23,24,29,31,33,36,38,46,48,59,62,64,67,72,78,79,81,85,88 "93";
94 62 0 0,1,3,4,12,13,15,17,19,21,22,28,29,31,35,37,39,42,43,49,52,54,56,58,61,62,64,65,69,76,78,79,82,83,89,90,91,93,94,95 "94";
95 72 0 11,18,23,25,39,42,47,52,61,63,66,69,72,78,79,81,82,87,89,91 "95";
96 93 0 0,4,6,7,11,12,17,22,29,30,32,34,36,40,42,43,51,53,54,57,60,68,77,82,85,89,93,94,96 "96";
97 88 0 0,8,18,29,34,65,76,79,83,89 "97";
