parity 109;
0 20 1 14,21,27,28,32,35,41,50,63,70,86,88,103 "0";
1 85 1 0,2,3,6,11,14,15,23,25,26,28,30,32,35,38,44,47,49,51,53,54,57,63,65,68,70,74,75,77,80,81,83,84,87,91,93,95,96,98,99,106,107 "1";
2 70 1 0,4,6,9,10,15,17,20,21,24,25,27,29,31,33,37,40,44,45,47,49,51,53,54,58,61,65,67,69,71,75,76,79,82,83,85,86,88,90,92,93,95,97,99,102,105,109 "2";
3 104 1 0,1,4,28,31,32,34,35,37,42,46,47,50,53,61,64,65,73,75,77,80,85,87,88,89,92,94,95,97,98,101,103,109 "3";
4 38 1 0,3,6,8,11,13,21,22,24,25,29,33,35,39,42,43,49,51,53,54,56,59,61,62,66,68,72,74,78,83,84,86,89,92,97,99,100,102,103,105,108 "4";
5 102 0 0,3,5,6,8,10,12,16,17,22,25,27,31,32,36,40,42,50,51,52,54,56,60,61,63,65,69,70,73,74,81,86,89,92,93,94,95,98,100,101,103,104,108 "5";
6 25 0 1,7,23,29,34,70,96 "6";
7 100 1 14,18,20,27,30,40,49,51,62,101,104,109 "7";
8 12 1 0,1,4,8,11,17,19,24,26,28,30,37,39,41,45,47,50,55,60,62,66,69,74,76,78,81,83,87,90,91,94,96,103,105 "8";
9 96 1 4,6,8,9,10,12,15,18,21,23,25,28,31,34,37,39,40,42,43,45,49,52,53,60,63,65,70,72,80,81,84,88,90,95,97,104,106,108 "9";
10 85 0 0,2,4,6,8,9,11,12,16,20,22,25,26,27,29,30,31,35,40,41,42,44,45,48,52,54,56,59,61,63,64,66,67,70,72,75,77,81,86,87,89,90,91,96,100,102,104,106,108 "10";
11 42 0 2,23,25,27,29,36,39,41,44,45,52,58,65,67,74,76,85,90,93,94,98,100,103,106 "11";
12 43 1 3,6,16,41,45,49,53,55,59,64,84,99,107 "12";
13 28 1 5,8,16,24,34,43,78,82,90,97 "13";
14 95 1 2,7,8,10,12,14,15,20,22,24,26,29,30,37,40,42,45,48,51,52,54,55,57,60,62,68,69,73,75,78,81,85,88,90,91,96,97,99,102,107,108,109 "14";
15 34 1 11,14,35,43,46,55,70,72,82,94,98,103,106,109 "15";
16 37 1 2,3,5,6,7,10,12,16,18,19,20,22,24,25,28,30,33,34,36,38,39,41,45,46,48,50,52,54,55,59,61,64,66,68,69,71,72,74,76,78,80,81,84,85,87,94,96,97,100,101,103,104,105,107,109 "16";
17 57 0 4,6,10,12,17,19,20,24,29,30,34,38,46,50,54,61,64,66,67,69,77,80,81,90,93,97,99,101,104,107 "17";
18 28 1 1,2,4,6,7,11,12,16,18,21,25,32,33,37,39,40,43,45,49,51,54,56,57,60,64,66,67,68,73,77,79,83,86,89,90,92,93,96,99,106,108 "18";
19 50 1 0,1,4,5,7,11,12,13,15,16,20,23,26,27,33,36,39,40,42,45,51,53,55,56,58,60,64,66,67,69,71,76,77,84,86,94,95,100,103,109 "19";
20 72 1 1,8,10,14,15,21,23,24,31,35,41,44,46,48,49,50,57,59,60,62,63,64,65,67,74,80,86,87,90,103,105 "20";
21 85 0 4,6,8,12,19,29,40,53,56,62,64,67,69,70,85,95,101 "21";
22 32 1 0,2,4,6,7,9,11,13,16,18,19,20,24,25,29,31,32,33,37,42,43,45,49,52,58,59,62,64,68,69,71,73,76,78,80,82,84,86,88,92,93,94,95,99,101,102,104,105,107,108,109 "22";
23 22 1 5,9,12,15,19,21,22,26,27,28,32,35,45,48,52,55,59,60,64,68,76,78,79,88,93,96,101,103,106,109 "23";
24 71 1 2,9,10,12,17,19,20,23,25,27,29,33,35,38,41,42,44,47,54,55,57,60,61,64,66,68,72,74,75,78,80,83,84,88,89,92,96,98,99,101,102,104,106,108 "24";
25 29 0 0,2,3,5,7,8,9,12,15,17,19,20,22,24,25,26,29,30,31,33,35,36,38,40,44,45,46,48,49,53,54,56,61,62,63,66,67,69,73,76,80,81,84,85,86,88,90,93,94,100,104,105,106,108 "25";
26 20 0 8,14,16,20,23,25,33,41,44,45,49,52,58,61,68,76,83,85,90,107 "26";
27 94 0 0,10,14,19,23,35,40,43,44,63,84,87,89,90,100 "27";
28 82 1 0,2,6,8,9,15,17,20,26,28,30,32,33,35,40,43,45,48,54,56,57,60,65,68,75,77,78,81,85,87,88,91,97,100,102,106,108,109 "28";
29 105 1 18,54,80,85,109 "29";
30 64 1 0,1,3,5,6,8,9,11,12,15,20,23,25,29,30,32,34,36,37,39,40,41,43,44,46,48,50,52,58,59,61,65,68,71,72,76,79,80,82,83,85,87,90,91,92,94,96,97,99,100,101,102,106,108 "30";
31 54 1 3,5,10,12,15,16,20,24,27,29,31,49,50,55,60,71,73,76,77,80,84,86,100,105,109 "31";
32 109 1 3,8,15,25,27,49,56,73,83,86,104 "32";
33 73 0 2,63,81,83 "33";
34 39 1 16,26,32,54,78,79,87,95,97 "34";
35 14 1 0,2,6,14,18,20,22,26,32,41,43,45,50,52,56,71,75,77,82,91,92,99,108 "35";
36 41 0 2,6,16,34,41,43,47,50,57,58,63,70,71,72,81,82,87,90,96,109 "36";
37 102 1 0,2,5,7,8,11,14,21,29,30,32,35,38,40,43,45,51,59,61,63,67,72,73,74,79,85,89,93,95,98,103,107,109 "37";
38 44 1 10,13,15,17,24,25,33,38,41,52,59,76,79,89,95,98,108 "38";
39 31 0 0,3,8,11,12,17,22,25,27,31,35,36,47,50,53,55,58,60,62,67,75,78,79,84,85,87,92,93,94,97,101,103,107 "39";
40 90 0 14,99 "40";
41 48 0 11,13,26,35,54,59,66,68,70,75,81,94,97,101,107 "41";
42 83 0 0,2,6,8,10,13,21,22,30,31,32,34,36,42,45,46,49,52,67,71,78,89,91,92,95,96,100,105,108 "42";
43 107 0 5,17,21,24,38,87,99 "43";
44 79 1 4,5,7,8,9,14,17,18,19,21,24,26,28,29,30,34,37,40,42,44,45,47,49,50,52,54,57,58,61,65,68,70,76,79,81,83,84,87,89,90,96,98,100,105,108 "44";
45 82 1 0,2,3,7,8,11,13,16,19,21,23,27,29,34,36,39,41,44,45,49,50,53,54,58,59,62,68,71,73,74,75,80,81,86,88,89,93,98,99,106,107,109 "45";
46 28 0 3,5,8,10,11,15,17,19,21,24,26,29,30,32,34,37,40,44,46,47,49,53,55,56,58,61,63,65,68,69,72,74,76,77,83,87,89,94,96,97,99,100,101,103,105,108,109 "46";
47 95 0 0,2,6,8,11,14,17,20,34,36,38,40,42,44,47,48,49,51,52,60,61,64,65,67,74,76,78,80,84,86,100,101,105,107 "47";
48 47 1 11,17,25,40,48,54,56,61,67,77,79,89,103 "48";
49 16 0 3,5,7,9,13,14,15,16,18,19,20,26,27,29,32,40,41,45,46,52,53,55,59,63,66,68,70,73,74,77,82,83,85,89,92,94,95,98,99,102,106,108 "49";
50 97 0 10,12,14,15,20,21,26,35,37,53,57,60,65,78,80,82,102,105 "50";
51 109 1 2,6,45,47,50,53,56,60,65,86,100,108 "51";
52 85 1 0,1,4,6,12,13,16,18,19,21,23,24,26,30,32,36,38,40,45,46,50,52,53,54,55,58,61,62,64,65,67,69,70,72,74,76,78,79,81,82,84,87,89,91,93,94,95,98,102,103,105,106,108,109 "52";
53 83 0 0,1,2,4,5,8,10,13,14,16,19,21,23,24,27,28,31,34,38,40,42,46,47,51,53,55,57,58,60,62,66,68,71,75,76,77,81,82,85,86,87,88,90,93,95,99,100,104,106,108,109 "53";
54 59 1 4,11,13,16,25,39,40,45,53,60,66,70,72,79,90,91,94,99,101,103,109 "54";
55 14 1 11,52,58,100,106 "55";
56 61 1 31,66,81,100,108 "56";
57 22 0 0,10,18,27,31,38,51,55,69,71,74,76,86,97,102 "57";
58 95 0 0,2,3,6,7,9,10,12,13,19,20,21,24,28,30,36,38,42,45,48,50,53,55,57,59,61,64,66,69,72,74,78,81,83,85,88,91,93,94,96,99,102,103,106 "58";
59 73 1 11,17,22,23,30,43,58,64,67,72,74,76,83,91,95,97,104 "59";
60 70 0 14,23,25,26,68,76,80,91 "60";
61 18 0 1,3,5,7,8,10,12,16,17,19,20,22,23,25,28,31,33,35,36,38,39,41,42,45,46,48,50,54,55,57,59,61,62,67,68,73,74,76,79,81,82,84,87,89,90,91,94,95,97,98,99,101,103,106,108 "61";
62 46 1 3,5,6,8,10,14,16,17,19,20,22,23,24,26,29,30,35,40,42,45,46,50,52,57,59,61,64,66,67,68,71,78,79,80,82,87,89,92,96,100,102,103,107,109 "62";
63 40 0 9,12,15,23,37,39,47,54,56,64,68,80,86,101,106 "63";
64 83 0 2,4,9,18,22,26,32,38,41,44,48,49,52,56,58,64,67,72,75,78,83,86,88,90,94,96,97,98,102,107,109 "64";
65 83 1 0,3,4,6,7,8,10,12,16,18,20,23,24,26,29,31,32,34,38,40,46,47,49,52,53,54,57,60,65,68,70,72,73,79,81,82,85,86,87,88,92,94,98,103,104,106,107,108 "65";
66 32 1 1,3,4,15,25,29,35,39,43,63,68,70,73,78,88,90 "66";
67 35 1 0,1,7,9,11,13,14,17,18,20,22,26,28,30,31,36,38,39,43,48,50,51,53,58,62,66,68,70,73,78,80,85,89,91,97,105,107,109 "67";
68 16 1 16,45,61 "68";
69 21 1 7,9,13,17,26,32,41,44,46,47,54,56,75,98,100,103,109 "69";
70 2 0 2,5,9,12,15,17,26,29,31,32,36,37,46,48,50,51,53,54,57,59,60,63,68,69,71,75,79,81,88,91,94,99,101,106,109 "70";
71 0 0 1,5,7,22,23,30,32,40,43,50,53,55,68,81,82,84,93,97,105,109 "71";
72 110 0 0,12,16,38,53,59,80,90 "72";
73 63 1 25,33,50,58,63,67,94,107,109 "73";
74 38 0 14,22,24,28,33,37,39,40,55,56,57,61,63,69,71,74,83,90,100,103 "74";
75 22 0 0,1,5,7,9,10,14,16,18,19,23,24,26,28,29,30,33,34,36,38,40,42,45,47,49,54,60,64,66,67,69,70,73,77,79,80,81,83,85,89,91,93,100,103,106,109 "75";
76 65 0 2,10,13,28,31,35,36,46,53,54,55,71,74,76,78,79,82,86,96,103,104,107 "76";
77 54 1 5,12,14,15,17,19,23,24,28,31,33,35,40,43,46,57,65,69,74,76,77,85,86,89,93,94,99,101,103,104,107,108 "77";
78 70 0 0,1,2,4,6,8,12,15,17,19,20,23,24,25,26,27,30,32,39,41,46,47,49,51,53,54,56,58,62,71,73,77,79,80,81,84,85,86,89,90,91,92,95,97,101,102,103,106,108 "78";
79 13 1 4,6,8,9,13,15,19,20,28,34,35,37,38,42,44,45,47,48,49,50,52,53,59,60,63,64,67,75,78,79,82,85,86,87,89,91,94,95,99,101,103,104,107 "79";
80 83 1 9,16,26,33,64,75,80,93,104 "80";
81 47 0 0,2,3,5,6,8,10,12,14,15,16,21,25,28,29,32,34,40,44,45,47,48,51,52,53,55,56,58,59,61,62,64,66,67,69,72,74,76,78,84,86,88,90,92,94,96,99,101,102,103,104,106,107 "81";
82 58 1 2,3,5,7,9,12,15,18,19,22,23,24,26,28,29,31,34,36,38,39,41,43,44,45,47,49,50,52,55,57,58,61,64,66,67,69,73,75,77,81,84,87,88,90,92,96,97,99,102,104,105,108 "82";
83 51 0 2,21,77,89 "83";
84 12 0 0,2,4,5,6,9,10,12,18,19,23,25,31,32,38,40,41,43,46,51,53,55,58,62,64,66,67,70,73,80,81,82,85,87,88,89,90,92,97,98,100,103,104,106,108 "84";
85 22 1 4,8,19,25,31,33,38,44,46,49,52,55,58,60,62,66,76,81,83,86,87,90,93,95,100,106,109 "85";
86 6 1 0,3,8,13,15,18,20,29,35,37,38,40,45,48,51,53,54,56,57,59,61,64,67,69,74,77,78,80,84,88,90,94,95,96,99,101,104 "86";
87 59 1 0,3,5,6,10,12,13,15,16,17,19,21,26,29,31,35,38,39,41,43,44,46,51,53,54,57,60,62,63,66,67,68,70,73,75,77,78,80,82,85,86,87,91,93,94,97,98,102,104,105,108,109 "87";
88 92 0 0,2,4,5,6,9,14,16,19,20,23,27,28,29,33,37,39,40,43,46,47,53,56,58,61,64,66,76,84,85,90,99,104,108 "88";
89 31 1 1,6,8,11,14,21,24,26,28,34,41,45,48,58,60,65,72,76,83,87,88,91,96,97,100,104 "89";
90 92 1 0,2,5,11,12,14,16,18,22,23,25,27,28,30,32,34,35,37,39,45,46,47,49,51,57,59,61,62,64,68,70,71,75,78,80,86,95,96,97,101,102,104,106,107,109 "90";
91 98 1 9,11,17,24,28,31,48,63,65,66,77,84,93,97,105 "91";
92 4 0 57,98 "92";
93 60 0 1,3,7,12,14,21,26,37,47,55,59,61,68,72,79,86,89,101 "93";
94 34 0 0,2,4,9,10,14,19,22,23,24,26,28,34,37,39,44,45,49,50,51,54,55,57,59,60,62,67,70,74,75,78,79,81,82,85,87,90,92,96,97,100,101,103,105,107,109 "94";
95 21 1 2,6,8,10,13,14,16,17,22,25,29,31,38,39,41,42,44,45,52,53,56,60,63,68,69,70,76,77,79,84,85,90,92,93,98,100,102,104,106,108 "95";
96 39 1 0,1,4,8,10,18,22,25,27,29,34,36,37,38,40,42,43,44,46,47,49,54,55,57,60,63,65,66,69,71,73,74,77,78,80,83,89,91,93,96,99,101,102,105,106,109 "96";
97 73 0 52,55,59,98 "97";
98 4 0 4,13,18,24,33,34,43,54,70,89,93,101,109 "98";
99 2 0 3,8,10,15,16,21,25,26,27,30,33,35,37,39,40,45,46,49,53,56,58,59,63,69,75,77,79,80,84,87,91,93,100,103,108,109 "99";
100 97 0 2,6,7,17,21,23,31,32,36,38,42,46,47,50,55,60,61,74,76,77,79,81,83,85,86,90,95,96,99,101 "100";
101 47 0 21,51,53,87 "101";
102 23 1 3,26,35,58,75,85,89,100,101 "102";
103 40 1 2,9,12,16,18,22,24,26,27,29,35,36,37,44,48,54,55,57,59,60,64,68,72,73,77,87,91,100,103 "103";
104 87 0 4,19,40,47,62,69,76 "104";
105 41 1 0,3,7,9,12,17,20,24,25,29,32,34,36,37,38,40,41,44,45,47,49,51,55,57,60,61,63,64,66,68,69,70,72,73,76,78,80,82,83,87,91,92,95,98,100,103,104,106,108 "105";
106 106 0 5,13,16,20,27,28,30,34,37,39,40,43,49,52,55,61,62,64,67,72,74,76,77,79,81,84,93,94,98,108 "106";
107 30 0 8,48,72 "107";
108 105 0 1,4,9,11,12,14,16,17,25,27,31,36,40,45,49,50,57,58,61,63,66,68,69,76,79,80,92,95,98,102,106 "108";
109 105 0 2,4,10,13,17,18,27,29,32,34,38,40,44,47,49,50,55,57,60,63,70,75,77,79,82,88,92,96,99,103,107 "109";
