parity 125;
0 120 0 1,7,17,19,21,27,30,31,32,35,39,44,48,52,53,56,60,64,66,67,72,74,79,81,84,86,94,102,105,107,112,117,122,125 "0";
1 43 0 0,3,6,10,21,23,26,28,40,48,54,60,63,69,72,75,80,85,87,91,92,97,98,101,105,110,112,114,119,124 "1";
2 81 1 0,3,5,17,21,29,31,35,39,45,46,49,50,54,56,60,61,63,68,69,72,76,78,83,92,93,96,99,104,116,124,125 "2";
3 46 1 27,44,52,63,67,73,80,84,95,100,102 "3";
4 59 1 0,2,3,4,6,9,10,12,13,19,20,22,24,25,29,32,37,38,42,45,49,51,55,58,59,60,65,67,72,77,80,86,88,90,91,95,96,100,107,108,112,115,116,118,119,121,123 "4";
5 47 0 0,4,5,7,9,11,14,16,17,19,22,24,28,32,34,36,37,44,49,51,52,54,56,57,62,63,68,70,71,74,75,77,79,80,81,83,88,90,93,94,96,100,102,105,106,107,110,112,115,117,122,125 "5";
6 72 0 4,9,22,30,37,44,52,58,66,69,92,101,106,114,117,118 "6";
7 126 0 0,2,3,5,7,8,10,13,14,15,16,17,19,22,23,25,28,30,32,33,34,35,37,39,40,43,44,51,53,58,60,62,65,67,71,72,75,80,83,84,86,89,91,97,98,99,101,103,105,107,109,110,112,115,117,118,120,121,123,124,125 "7";
8 90 0 0,1,3,5,7,15,23,25,27,31,33,35,37,40,46,54,55,61,63,64,65,67,69,77,81,95,97,99,101,103,106,109,110,112,115,118,120 "8";
9 53 0 1,2,4,5,7,10,11,14,17,20,23,24,27,29,31,32,34,37,41,42,44,45,46,50,52,54,55,59,62,63,64,68,70,71,72,75,79,81,82,83,85,86,87,89,91,93,95,98,102,103,105,107,109,111,112,114,116,118,120,123,125 "9";
10 83 0 80,85 "10";
11 14 1 2,8,9,11,12,15,17,22,23,28,33,38,41,43,44,51,53,55,57,61,63,75,77,78,79,81,83,92,95,103,104,108,112,118,125 "11";
12 106 1 2,9,15,23,25,31,36,40,44,45,47,48,52,54,60,62,64,80,86,90,96,118,120,125 "12";
13 5 1 8,14,19,31,40,46,55,67,90,98,100,102,112,122,123 "13";
14 94 1 1,3,4,7,10,12,13,15,16,17,18,19,22,23,25,29,32,35,36,37,40,42,50,52,54,56,58,59,60,62,64,65,66,69,71,74,76,78,80,82,83,85,87,90,95,98,100,101,103,105,106,107,109,110,114,116,118,122,124,125 "14";
15 34 1 0,4,6,8,9,10,12,18,22,23,29,46,61,63,64,65,67,68,74,84,90,92,94,100,102,104,105,114,118,120,122 "15";
16 11 0 0,1,2,5,6,10,13,14,15,16,20,21,25,27,32,33,34,36,37,41,43,47,50,51,53,57,59,60,64,68,69,70,76,78,79,82,83,85,86,88,89,90,92,94,96,98,99,101,102,104,106,110,113,115,117,119,120,122,123,124 "16";
17 31 0 0,1,6,8,9,11,14,19,26,28,29,30,35,36,38,44,45,46,48,50,53,54,56,58,59,62,63,65,67,71,72,73,75,77,79,81,83,87,90,99,100,105,106,107,111,115,117,123,125 "17";
18 85 0 0,2,8,10,13,15,17,26,28,30,38,40,44,49,56,66,67,77,81,83,84,94,102,104,108,111,121,124 "18";
19 62 0 5,10,12,13,18,22,26,34,37,40,42,46,48,51,54,56,61,63,64,66,71,72,73,78,81,83,85,87,98,103,105,106,110,112,115,117,121,122,124 "19";
20 58 0 2,24,34,39,53,54,82,96,101,111,119 "20";
21 75 1 1,7,21,24,27,29,65,77,91 "21";
22 109 1 10,17,26,32,39,42,58,60,61,71,74,76,83,91,93,97,105,108,112 "22";
23 9 0 0,1,5,7,11,13,15,18,22,29,36,44,51,57,59,64,68,73,75,77,78,82,96,98,102,114,116,117,120,122,124 "23";
24 33 1 2,3,6,8,15,18,32,36,38,40,42,45,47,48,50,52,55,56,57,58,73,76,89,91,92,95,98,99,104,108,110,111,118,122,125 "24";
25 79 0 5,13,14,19,21,23,38,42,48,55,60,63,66,67,70,76,81,85,91,97,99,101,104,110,119,125 "25";
26 122 1 2,5,8,13,19,26,30,31,32,36,37,39,42,45,49,55,56,58,59,64,66,69,71,78,81,83,87,90,94,97,98,102,103,107,109,115,116,118,122 "26";
27 65 1 0,5,6,8,13,20,21,35,37,39,43,45,60,67,69,71,88,89,92,97,100,102,104,106,107,113,114,116,119,121,123 "27";
28 77 0 0,3,5,18,21,28,29,34,35,37,41,43,46,55,58,64,66,69,77,79,84,88,94,98,100,104,116,117,119 "28";
29 21 1 8,27,29,31,52,66,82,107,112,122 "29";
30 18 1 0,3,7,8,11,13,15,18,19,29,51,55,66,69,70,72,74,79,87,89,94,96,100,125 "30";
31 46 1 1,3,5,6,10,13,17,24,26,34,39,41,47,55,57,64,69,70,73,77,79,82,84,86,87,88,91,94,96,100,103,105,107,113,118,119,123 "31";
32 95 0 10,12,15,29,36,37,43,47,48,56,59,62,63,69,80,87,89,90,96,102,103,112,114 "32";
33 26 1 0,4,6,7,11,15,17,18,22,23,24,29,30,34,38,39,41,49,50,52,56,59,61,63,67,68,70,74,75,83,84,86,89,96,99,100,107,110,112,114,116,118,122,124,125 "33";
34 10 0 1,4,6,9,11,13,16,19,21,24,29,30,32,35,40,44,47,49,50,51,55,56,57,58,60,65,69,72,74,75,79,86,87,90,93,95,97,99,103,111,113,115,118,122,124 "34";
35 83 1 9,11,13,17,30,35,41,50,55,68,75,87,93,95,98,103,114,116 "35";
36 106 0 39,41,52,72,94 "36";
37 44 0 10,27,36,62,79,81,84,85,90,99,100,122 "37";
38 62 0 2,12,15,18,21,22,26,35,54,57,81,87,89,103,104,113,123 "38";
39 61 0 1,3,15,20,22,24,29,30,35,39,41,42,45,49,51,53,55,58,59,63,68,80,90,94,107,112,113,117,120 "39";
40 0 1 0,1,2,4,5,7,8,9,14,15,17,20,21,23,24,26,27,29,31,33,36,37,40,42,43,46,47,49,51,53,55,58,60,64,66,68,70,71,72,74,77,78,81,83,84,87,88,90,93,94,96,99,100,103,107,110,111,113,115,118,119,121,124 "40";
41 28 1 0,9,12,16,17,18,20,23,27,28,32,35,36,38,40,44,46,50,53,56,61,63,67,70,75,77,79,81,82,84,86,88,91,93,96,99,102,103,107,110,122,125 "41";
42 11 0 2,4,5,6,11,12,16,20,25,27,29,34,38,39,44,45,48,49,53,59,60,62,68,69,81,86,87,90,93,95,98,109,111,112,119 "42";
43 52 0 7,9,26,42,63,96,102,106 "43";
44 47 1 1,3,4,5,6,8,9,11,13,14,17,19,20,22,24,25,27,28,29,31,32,35,37,39,42,44,46,47,50,51,55,57,65,68,71,73,80,81,83,85,87,91,92,94,98,101,103,105,107,109,110,111,113,115,116,117,119,120,124 "44";
45 11 1 0,4,10,13,15,18,19,21,23,25,32,39,42,47,57,61,65,72,73,74,76,82,85,89,92,95,100,102,110,112,119 "45";
46 117 0 0,1,2,5,6,8,10,12,14,17,20,23,25,26,29,30,31,32,34,35,38,40,42,45,47,48,51,53,56,58,59,62,67,69,70,73,78,80,82,84,86,89,92,93,94,98,99,100,103,104,107,108,111,114,116,118,120,122,123,125 "46";
47 0 0 1,52,91 "47";
48 3 0 2,6,9,11,13,18,21,26,28,32,35,37,40,41,44,46,48,49,52,56,58,59,60,62,63,65,67,68,69,72,75,76,79,80,81,84,86,88,91,92,98,103,104,106,107,110,112,113,115,121,123,124 "48";
49 31 0 3,9,13,15,16,18,21,23,25,26,28,29,34,36,37,38,41,43,44,47,48,49,50,52,53,55,56,60,61,63,64,71,76,78,81,84,85,88,92,94,97,101,103,108,110,112,114,116,117,119,121,124,125 "49";
50 117 1 1,7,9,14,22,25,34,35,42,46,50,54,57,60,63,67,74,83,87,99,101,102,106,110,114,117,119,124 "50";
51 25 0 1,3,4,6,12,17,26,40,45,49,50,58,63,67,72,77,79,83,86,95,97,100,107,108,110,112,113,116,120,124,125 "51";
52 97 1 2,5,7,19,21,30,42,43,59,64,75,79,85,86,88,93,96,98,100,104,108,116,124,125 "52";
53 71 0 2,16,18,20,21,24,31,33,35,36,42,46,51,53,54,57,59,66,67,70,73,75,80,81,85,86,87,88,90,91,99,100,103,106,110,116,122,125 "53";
54 11 1 0,3,5,10,13,16,18,20,25,27,34,36,37,40,42,45,51,52,56,57,58,60,61,63,65,67,73,76,78,81,82,83,86,88,91,92,96,97,102,108,111,112,115,116,118,121,124 "54";
55 48 1 0,2,3,5,6,10,12,14,15,17,18,19,21,26,27,32,35,38,39,41,43,47,49,54,58,59,61,67,69,71,72,74,75,83,85,87,92,94,96,98,102,104,106,108,110,112,113,114,117,123,125 "55";
56 100 0 5,8,10,11,14,15,16,18,20,25,27,29,34,36,38,40,44,45,48,51,52,57,59,62,64,67,73,74,75,83,88,92,98,101,103,105,107,109,111,112,115,116,120,123,125 "56";
57 109 0 4,8,9,11,14,21,25,29,35,43,44,46,48,49,52,54,56,59,61,62,64,67,69,73,75,76,77,79,87,90,92,94,96,98,103,104,109,110,113,116,118,124,125 "57";
58 68 0 0,4,7,11,16,17,26,31,35,39,40,48,50,61,62,64,65,73,81,87,95,97,100,103,106,108,110,113,116,118,120,122,124 "58";
59 23 1 0,2,4,8,12,14,16,17,20,22,24,26,28,31,34,37,40,41,43,44,46,53,54,55,62,66,67,70,73,74,76,79,81,82,87,88,90,91,95,98,100,102,104,105,107,109,112,114,120,122,123,125 "59";
60 104 1 0,7,8,10,11,13,15,16,23,24,26,29,31,32,35,39,41,44,45,46,48,50,54,55,59,62,64,65,68,71,72,74,78,79,81,86,88,91,94,96,100,102,105,108,113,115,117,120,122,123,125 "60";
61 69 0 0,2,3,5,8,9,11,14,17,18,19,21,23,24,27,31,33,34,41,42,44,45,48,54,58,59,60,65,66,68,70,73,76,78,81,83,86,87,89,95,96,98,99,101,102,104,107,114,117,119,123,124,125 "61";
62 95 1 0,4,5,8,9,11,16,18,29,33,36,38,40,41,47,52,54,58,59,61,65,69,72,74,76,78,81,83,84,85,88,91,96,102,104,109,113,117,120,122 "62";
63 6 0 22,24,28,41,56,63,71,84,97 "63";
64 67 1 4,11,18,26,33,48,56,60,62,69,80,81,83,85,95,109,114 "64";
65 52 1 5,7,13,15,16,18,22,26,28,31,32,33,35,36,40,42,43,48,50,52,53,54,60,62,69,71,73,75,79,80,91,94,96,98,100,104,113,117,119,120,122,123,124,125 "65";
66 34 1 1,3,5,6,8,9,10,15,16,19,20,22,28,31,39,44,46,48,51,52,54,65,67,72,76,84,85,89,91,93,94,96,101,104,105,106,108,116,117,124 "66";
67 64 0 0,2,4,8,10,12,14,16,19,20,22,24,25,26,29,32,34,36,39,41,43,45,46,47,48,50,51,56,59,60,61,63,64,66,67,68,72,73,75,77,81,83,84,85,88,91,94,96,97,100,102,103,107,109,110,111,114,119,120,123,124,125 "67";
68 117 1 4,8,13,16,19,28,30,33,39,41,46,48,53,57,61,67,68,74,77,79,80,83,88,91,106,113,116,117,119 "68";
69 50 1 7,11,13,14,16,17,18,23,25,30,32,34,37,40,44,47,48,50,53,57,61,63,65,69,72,73,74,76,77,79,83,85,86,90,93,95,100,101,102,104,105,106,109,112,113,118,121,125 "69";
70 92 0 1,14,18,48,96,108 "70";
71 60 1 0,11,12,15,16,23,24,33,35,44,49,50,54,58,68,70,72,78,83,87,93,96,102,106,109,116,118,122,123 "71";
72 53 0 70,73,88,116,118 "72";
73 58 1 12,17,21,53,59,64,85,91,119 "73";
74 102 0 0,3,6,8,11,12,18,21,25,27,29,31,33,35,36,38,40,43,46,47,49,51,52,53,60,61,64,66,70,71,74,75,78,81,82,84,85,87,89,94,96,98,100,102,104,105,107,108,110,112,116,118,120,123 "74";
75 105 0 4,5,7,12,14,17,23,25,27,29,31,33,35,45,46,49,51,53,55,56,58,62,64,65,70,73,75,77,82,83,87,91,95,97,99,103,111,113,119,120,123,124,125 "75";
76 31 1 8,9,13,16,30,35,38,40,42,43,45,49,53,60,62,67,69,70,71,75,77,80,85,91,99,101,108,112,115 "76";
77 102 1 1,14,22,29,30,38,41,44,46,55,58,64,69,72,75,77,81,92,95,97,101,104,110,112,115,123 "77";
78 2 1 0,2,6,9,10,11,13,15,17,19,25,27,28,30,34,37,40,44,45,46,49,51,55,60,61,64,69,70,73,77,79,83,84,86,87,89,90,93,95,96,107,114,115,116,117,119,121,125 "78";
79 28 1 3,15,43,48,57,68,76,78,88,94,100 "79";
80 8 1 13,15,16,20,21,50,59,84,93,97,100,114 "80";
81 2 0 1,3,6,8,11,13,15,18,19,22,25,29,30,32,37,38,40,42,44,45,46,54,57,59,63,66,68,70,72,74,76,79,82,88,90,95,102,109,111,115,116,117,119,120,123 "81";
82 56 1 5,9,19,33,39,45,58,59,83,85,94,112,117 "82";
83 99 1 1,11,19,25,27,30,38,48,77,83,100,105,113,119 "83";
84 119 1 35,42,58,60 "84";
85 25 1 69,94,109 "85";
86 122 1 0,2,4,5,8,10,12,14,15,17,19,21,24,26,27,29,31,32,35,37,39,41,43,45,48,50,54,56,58,60,64,66,67,68,71,72,73,75,79,82,83,87,90,91,93,94,96,100,103,105,106,108,109,110,112,114,115,119,122,124,125 "86";
87 21 1 1,3,5,6,10,12,18,20,23,24,27,30,34,41,43,45,48,51,54,57,58,61,65,66,68,69,73,77,88,91,95,96,97,99,101,103,105,107,109,111,112,114,117,120,124,125 "87";
88 74 0 3,12,13,15,22,23,31,35,36,40,41,48,49,51,52,54,70,75,77,83,88,101,113,115,117,118,123 "88";
89 56 1 0,3,5,10,12,15,19,21,23,25,26,29,30,32,33,35,38,41,43,47,49,50,53,55,57,58,63,66,67,68,70,72,76,82,84,87,88,89,92,93,94,95,99,100,101,103,105,107,110,114,116,117,119,120,123 "89";
90 74 0 0,22,23,38,66,68,71,82,89,99,102,118 "90";
91 72 0 4,17,32,42,56,79,82,85,87,89,93,109,114 "91";
92 3 1 0,1,3,5,7,9,11,12,13,15,17,18,22,24,27,31,34,37,40,41,42,45,46,48,49,50,51,54,55,61,62,66,69,70,71,74,75,77,80,82,85,86,87,90,94,95,97,100,101,103,105,106,107,110,113,115,118,121,122,124 "92";
93 58 1 35,40,47,76,93,116 "93";
94 97 1 2,4,8,10,13,16,17,21,24,26,27,29,31,38,39,45,47,49,51,53,56,58,60,62,63,65,68,72,75,77,78,82,85,87,90,94,97,100,103,104,106,107,109,110,112,115,119,122,123,125 "94";
95 98 0 0,1,6,7,9,10,16,17,18,24,25,28,30,34,36,37,41,43,46,47,49,52,53,59,61,65,66,68,70,71,73,75,77,79,81,83,84,90,92,94,97,98,104,105,112,116,121,124 "95";
96 103 1 1,2,4,6,10,13,14,15,17,20,23,26,29,34,37,39,40,42,43,45,46,47,50,51,53,55,57,59,60,63,64,66,68,70,75,78,79,83,87,90,92,93,99,102,108,109,110,113,117,119,123,125 "96";
97 80 0 0,3,4,8,9,11,13,14,16,17,19,20,23,25,27,32,33,36,42,44,47,48,50,51,54,61,63,64,65,70,73,75,77,79,81,82,84,86,88,90,91,95,96,98,100,102,103,105,107,109,110,115,117,120,121,123,124 "97";
98 109 0 23,26,101,124 "98";
99 13 0 2,4,5,8,9,10,11,12,14,16,17,19,23,27,29,33,37,38,42,45,51,53,54,57,59,61,63,68,69,71,74,75,76,79,80,82,83,85,86,87,89,90,92,93,94,96,97,99,101,107,109,111,112,114,118,120,124 "99";
100 53 1 7,11,22,76,92,94,117,125 "100";
101 60 1 2,5,10,14,16,20,24,26,27,37,42,44,46,52,56,65,67,78,79,94,96,99,104,105,106,111,112,117,120,121 "101";
102 64 0 0,1,3,5,7,10,16,18,19,20,22,24,25,26,28,29,31,33,35,37,38,40,41,43,45,46,49,53,54,57,59,60,62,63,65,66,69,70,73,74,76,77,79,82,84,85,87,90,93,96,101,103,105,106,108,111,113,116,119,121,123,125 "102";
103 94 0 1,5,9,10,14,17,21,28,32,33,38,44,45,48,51,54,55,57,60,64,65,67,73,76,77,81,87,88,90,95,98,100,101,102,104,105,107,109,110,112,118,122,125 "103";
104 116 1 0,2,3,5,7,9,12,13,14,16,18,21,22,23,26,29,32,34,36,38,42,45,47,48,52,53,54,56,58,59,61,62,63,65,67,69,70,74,75,77,80,81,84,86,89,92,93,95,97,98,99,101,102,104,108,111,113,114,117,119,121 "104";
105 64 0 7,18,33,35,41,48,51,54,57,71,74,75,79,87,96,102,105,107,111 "105";
106 103 0 5,8,9,10,13,19,26,28,31,42,47,50,53,59,64,67,73,92,93,95,102,106,114,120,122 "106";
107 43 0 6,8,22,28,32,36,40,41,50,54,65,90,94,102,109,112 "107";
108 13 1 5,31,42,61,64,79,84,99 "108";
109 32 0 10,12,15,17,18,24,26,31,43,46,47,52,54,58,61,62,66,67,73,80,84,91,94,95,98,101,106,108,112,113 "109";
110 125 1 39,73 "110";
111 61 0 19,34,36,41,61,76,79,87,96,98,100,117,124 "111";
112 44 0 2,4,9,11,14,15,32,35,46,50,56,64,69,89,91,93,97,106,108,123,124 "112";
113 119 0 3,5,6,7,9,18,20,24,27,30,35,37,48,50,52,54,55,58,60,64,66,70,74,75,77,79,80,81,83,89,96,99,108,111,112,113,117,120,124 "113";
114 23 0 2,5,7,14,18,21,24,29,34,36,37,45,47,52,53,55,60,65,69,70,72,73,75,77,90,92,97,98,99,107,113,118,120,123 "114";
115 7 0 5,7,11,20,27,35,36,39,47,61,62,69,74,76,90,92,99,107,111,119,121 "115";
116 96 1 3,5,12,23,47,61,66,71,93,124 "116";
117 18 0 3,5,8,9,12,14,18,22,25,28,30,31,33,35,36,37,39,48,49,52,55,57,58,61,63,64,66,67,69,75,79,81,85,88,89,91,93,97,100,102,104,107,109,111,112,114,119,120,122,123,124 "117";
118 78 0 0,1,3,4,5,7,8,10,15,19,21,23,24,25,30,32,34,36,38,39,43,45,50,54,56,59,61,63,65,67,69,74,76,77,82,87,90,91,96,97,98,100,104,105,107,108,110,111,112,113,115,117,118,120,125 "118";
119 83 1 0,15,17,19,26,27,29,35,37,38,42,51,61,64,66,69,74,75,82,87,91,95,97,102,107,109,113,115,121,123 "119";
120 24 0 3,13,19,22,25,27,33,36,41,43,50,55,59,60,64,67,68,96,102,109,111,114,115,117,121,124,125 "120";
121 106 0 1,3,5,7,10,13,15,17,18,19,22,23,24,26,29,31,33,34,36,37,39,40,44,46,47,50,53,56,57,60,61,62,64,65,67,68,69,72,74,75,77,78,79,81,82,86,89,91,92,94,96,100,101,102,109,111,115,116,117,121,123,124,125 "121";
122 98 1 3,5,14,23,27,36,38,43,45,47,61,66,67,80,82,83,93,95,101,102,108,111,114,115,120 "122";
123 83 0 2,24,36,54,58,80,99,118 "123";
124 75 1 7,12,15,20,21,26,31,37,38,43,46,48,50,62,64,65,66,71,73,77,78,80,83,87,90,91,94,97,104,106,111,116,119,123 "124";
125 84 0 0,2,7,10,14,15,18,24,25,28,34,36,38,40,42,48,53,57,62,77,81,82,85,87,89,95,97,100,102,108,109,111,115,117,118,120,125 "125";
