parity 136;
0 89 1 3,11,14,21,24,34,38,50,67,68,77,80,89,100,103,112,114,122,127,133 "0";
1 70 1 1,3,4,8,10,11,14,19,21,22,25,26,28,34,37,41,47,49,54,56,58,59,62,64,68,69,72,78,80,82,83,87,89,92,95,100,101,102,103,104,105,108,110,114,115,119,120,122,129,134 "1";
2 52 1 0,2,5,8,11,17,21,23,26,28,32,38,42,43,48,53,56,57,61,63,66,67,70,73,78,80,84,87,89,93,96,100,111,114,119,121,123,126,129,132,136 "2";
3 59 0 2,7,17,19,23,28,31,33,35,43,47,50,53,58,76,81,85,88,100,103,109,111,118,121,132,136 "3";
4 117 0 7,11,15,21,24,35,38,43,49,60,68,71,81,90,92,98,102,103,105,119,120,122,125,132,134,136 "4";
5 9 1 102,127 "5";
6 108 1 0,2,3,5,7,9,15,16,20,21,24,26,28,30,37,38,48,52,53,54,55,57,59,64,65,66,70,72,73,75,77,79,81,86,87,89,90,91,97,98,105,106,108,110,111,115,117,118,120,121,124,126,128,130 "6";
7 125 1 2,24,32,54,70,73,75,83,91,112,113,132,136 "7";
8 25 1 0,2,3,4,8,9,11,14,15,18,19,20,22,27,28,30,31,35,38,42,46,47,48,51,54,56,58,60,63,65,66,68,71,72,74,75,77,78,83,85,88,90,91,92,95,97,98,100,104,105,106,109,111,113,114,116,118,120,121,123,125,126,127,129,131,132,133,136 "8";
9 128 1 0,2,7,13,20,25,27,28,30,35,36,38,40,48,49,52,54,55,57,58,59,61,64,71,74,75,77,79,82,85,86,95,98,99,102,103,108,109,114,116,118,119,127,133,135 "9";
10 125 0 67,136 "10";
11 122 0 1,9,19,21,25,34,51,67,78,83,117,120 "11";
12 115 1 0,4,6,10,13,15,18,22,23,24,27,29,33,37,40,41,42,44,45,47,48,50,51,53,57,59,61,63,66,67,73,75,77,79,82,83,86,88,90,94,99,100,102,106,108,110,113,114,118,120,121,122,124,128,129,130,131,135,136 "12";
13 30 1 7,24,26,46,53,57,75,76,78,96,108,117,130 "13";
14 119 1 1,4,8,13,17,18,26,29,38,41,45,48,52,61,64,67,68,70,79,85,88,89,90,94,96,100,102,106,109,116,120,122,135 "14";
15 122 0 9,10,13,23,29,31,36,43,47,48,53,56,57,58,67,70,73,77,86,90,92,96,99,101,103,105,108,109,111,112,123,126,127,130,131,132,134 "15";
16 131 0 31,35,40,43,46,63,83,91,95,97,106,109,112 "16";
17 65 0 2,5,6,9,10,12,13,14,16,18,26,28,29,32,33,34,35,36,38,39,44,47,49,51,54,56,58,59,61,63,64,67,69,71,72,73,74,76,78,80,81,84,86,87,89,92,95,96,100,103,105,106,107,112,114,115,116,120,123,126,127,132,134 "17";
18 112 0 13,80,90,98 "18";
19 33 1 10,23,24,29,43,64,109,118,130,133,135 "19";
20 103 0 9,12,16,25,41,43,45,58,82,100,116,135 "20";
21 84 1 75,82,84,98 "21";
22 83 0 13,18,22,34,37,48,49,57,59,62,70,73,76,78,87,90,94,110,117,134 "22";
23 64 0 12,20,40,57,64,73,84,107,112,116,127 "23";
24 92 1 0,2,5,11,12,17,21,23,24,28,29,30,34,37,40,41,47,50,51,59,62,64,65,72,74,75,76,78,81,83,84,86,88,90,92,94,103,104,107,109,112,114,116,118,121,123,126,128,131,132,134,136 "24";
25 115 1 8,11,16,18,22,45,57,80,89,98,107,122,124,126 "25";
26 4 1 3,5,6,10,12,14,16,17,25,29,30,31,34,36,40,44,46,47,49,50,54,55,62,69,70,72,75,78,79,85,89,93,95,98,100,107,113,114,122,123,125,126,129,134 "26";
27 60 1 22,23,34,40,48,53,62,71,75,76,79,89,90,102,104,106,108,114,119,126,131 "27";
28 108 1 18,56,68,83,121 "28";
29 90 1 8,29,39,56,59,60,74,77,79,90,93,100,104,114,121,125 "29";
30 95 0 8,10,27,33,34,35,37,42,51,58,59,67,72,81,96,98,117,125,135 "30";
31 109 1 2,4,6,8,10,12,13,15,16,18,19,20,22,24,26,29,32,36,38,43,44,45,47,49,51,56,57,58,61,64,66,72,73,75,77,78,80,83,85,89,92,96,97,100,106,111,114,120,121,122,128,130,132,133,134 "31";
32 74 0 0,1,4,8,9,17,20,23,24,27,30,32,35,39,40,45,51,53,58,59,63,65,68,71,74,77,81,85,88,89,91,92,99,101,106,110,112,119,121,125,127,128,134 "32";
33 11 0 36,52,97,128 "33";
34 42 0 20,34,40,44,49,69,75,89,132 "34";
35 91 0 1,6,12,44,54,57,62,70,73,75,79,84,86,108,113,115,122,131 "35";
36 41 0 6,9,14,26,35,37,49,52,58,59,64,67,71,79,82,84,88,90,93,95,98,100,111,117,121,129 "36";
37 104 0 10,17,27,35,36,62,93,98,115,124,127,129 "37";
38 79 0 5,7,10,11,14,16,19,22,25,26,31,32,35,38,46,49,54,58,65,66,78,79,88,97,105,112,116,121,130,131,132,134,136 "38";
39 10 1 6,13,24,28,33,41,48,51,53,54,62,68,72,80,84,95,100,115,125,128,132 "39";
40 126 1 0,5,9,15,18,19,20,24,27,28,30,33,34,38,40,41,45,47,50,52,61,63,64,66,68,69,71,72,76,79,80,81,84,86,89,93,94,101,104,105,108,109,113,114,116,120,121,123,124,126,132,135,136 "40";
41 66 0 2,7,9,14,18,19,24,33,34,36,39,43,48,51,59,61,65,68,70,72,73,75,80,83,85,87,94,97,102,104,110,119,121,126,131,134 "41";
42 60 0 0,2,4,5,9,10,12,16,17,20,24,25,26,30,31,32,36,39,40,41,43,46,50,53,54,57,62,64,65,68,72,73,75,77,82,84,85,87,88,89,91,93,95,96,97,99,105,107,109,110,111,113,114,118,120,122,123,126,128,131,134,135 "42";
43 4 0 0,2,5,7,11,14,19,21,23,25,26,27,29,32,34,35,39,41,45,48,50,52,53,54,56,62,63,66,70,71,73,75,77,78,84,90,91,93,94,97,99,101,103,106,109,110,112,115,117,121,123,125,127,128,134,136 "43";
44 119 1 2,5,7,9,13,16,21,25,28,29,32,39,41,46,48,50,56,60,65,66,68,70,74,78,84,86,89,90,96,98,101,102,106,109,113,116,117,118,120,121,127,136 "44";
45 102 0 5,9,10,13,17,19,26,31,33,35,52,54,57,58,60,63,64,69,72,75,79,81,84,85,89,90,103,108,109,112,113,118,120,121,122,129,131,134 "45";
46 57 0 9,16,36,41,50,72,82,91,108,120,127 "46";
47 126 0 0,2,3,8,13,16,23,25,34,40,42,44,50,52,55,58,62,68,69,71,84,86,88,90,93,94,100,102,106,108,110,111,113,119,120,122,123,125,136 "47";
48 24 0 5,21,22,50,61,80,111,120,130 "48";
49 116 1 0,2,10,14,17,18,23,24,27,29,35,37,41,43,45,47,49,56,67,70,75,81,82,94,97,99,104,114,116,117,119,122,123,126,127,130,132 "49";
50 10 1 25,53,55,69,71,74 "50";
51 46 0 1,5,9,12,23,24,39,56,59,61,77,86,96,102,105,113,119,121,125,126 "51";
52 14 0 3,8,12,20,22,30,34,38,45,46,47,56,61,79,93,103,111,114,116,128,136 "52";
53 78 0 16,57,91,96,109,119 "53";
54 120 1 1,3,7,9,11,12,15,16,19,25,28,35,38,40,41,42,47,53,55,57,58,60,61,63,65,66,68,72,74,76,78,79,83,84,90,92,98,104,107,109,110,111,113,116,120,122,124,126,127,130,135 "54";
55 58 0 0,1,4,6,7,9,10,13,16,19,24,26,29,33,34,36,38,39,41,44,46,47,48,50,54,55,56,58,61,62,66,67,72,73,75,78,80,81,83,84,86,87,89,91,93,94,99,102,105,106,108,112,113,114,117,119,121,126,129,130,133,135 "55";
56 23 0 6,8,21,23,25,32,39,48,58,67,84,90,93,100,102,107,112,117,118,122,129 "56";
57 123 0 1,2,4,6,9,14,16,18,19,22,27,29,31,33,35,36,38,39,41,44,46,47,48,50,52,55,57,60,62,65,67,70,72,73,75,77,81,85,88,91,93,95,97,99,102,104,106,108,110,112,114,115,117,118,120,121,123,125,127,130,131,133,135 "57";
58 43 1 1,4,5,6,8,11,13,16,18,20,22,25,27,31,33,36,38,41,43,44,47,50,52,53,55,57,58,60,61,65,67,70,71,73,74,79,82,84,87,88,90,101,102,103,105,108,110,112,114,116,120,121,123,124,125,132,134,135 "58";
59 20 0 3,4,7,8,10,13,16,19,22,23,28,29,37,38,39,41,46,47,51,54,60,62,64,66,70,72,73,76,78,84,91,96,99,104,106,108,110,114,116,119,124,126,127,130,133,135 "59";
60 27 0 10,11,30,33,37,50,54,60,64,67,84,98,102,105,110,112,118,122,124,132 "60";
61 63 1 21,31 "61";
62 36 1 1,4,9,10,12,17,19,20,23,25,26,27,29,32,35,37,38,39,42,43,47,49,52,54,56,57,59,62,64,69,72,73,76,79,80,82,85,87,90,92,94,95,97,99,101,103,107,110,111,112,113,116,118,120,121,123,126,128,129,130,132,135,136 "62";
63 32 1 2,4,9,12,19,21,23,27,30,37,40,42,44,48,50,53,54,58,63,65,66,68,71,75,76,88,91,92,98,99,101,103,106,107,110,111,115,116,119,126,128,133,135,136 "63";
64 78 0 3,10,20,32,33,36,37,41,44,56,57,69,73,93,95,126 "64";
65 84 1 3,10,13,15,20,21,22,24,26,28,32,35,37,39,40,42,43,44,45,51,52,57,60,63,64,65,68,69,70,72,75,76,77,78,81,85,86,87,88,90,91,97,98,99,102,103,105,107,109,111,115,117,121,122,123,126,128,130,132,135 "65";
66 92 1 0,7,11,24,27,30,33,34,37,40,49,63,65,67,68,73,74,77,81,91,95,97,109,115,120,122,125,126,132,134 "66";
67 46 1 2,9,13,39,42,44,56,62,105,111 "67";
68 50 1 18,63,73,114 "68";
69 83 1 0,4,6,8,11,14,20,21,24,26,27,29,30,34,36,42,46,48,50,52,63,67,69,74,78,79,83,85,88,93,97,99,103,105,107,111,115,117,119,124,132,133,134,136 "69";
70 12 1 24,90,94 "70";
71 52 1 1,7,12,17,21,23,30,33,35,38,49,59,62,63,68,70,71,73,76,77,84,87,92,96,99,101,108,109,117,120,121,125,127,135 "71";
72 121 1 3,4,8,12,22,28,32,35,36,38,41,42,51,53,55,58,62,65,74,77,100,101,106,111,114,124,128 "72";
73 70 0 0,1,7,25,31,33,39,47,69,86,93,102,110,113,116,118,127,128 "73";
74 82 0 1,3,5,9,10,18,21,27,30,31,34,40,44,49,56,61,66,69,70,75,82,85,89,94,102,104,108,111,115,118,123,127,129,132,133 "74";
75 65 0 1,3,7,11,12,15,20,23,25,27,29,31,33,35,38,40,42,45,49,50,52,56,59,61,64,66,67,69,70,72,74,76,78,79,81,84,86,87,89,91,92,95,96,97,99,101,103,104,106,108,113,116,117,118,119,121,123,124,126,132,135 "75";
76 95 1 0,3,5,9,11,14,18,19,21,23,26,27,29,30,32,34,35,36,41,43,45,46,50,54,58,61,66,71,73,75,76,78,83,85,87,89,90,92,97,98,100,101,102,104,105,106,109,111,114,116,118,120,123,125,127,128,130,132,134 "76";
77 2 1 3,59 "77";
78 39 1 1,4,6,11,13,15,18,19,21,23,25,27,29,31,34,37,39,42,51,53,57,58,59,61,62,64,66,70,72,75,76,78,80,83,84,86,88,93,96,100,103,106,112,114,116,117,120,125,129,130,134,136 "78";
79 124 1 13,18,64,76 "79";
80 67 0 2,10,13,15,20,24,25,26,30,36,38,44,47,50,51,52,56,58,60,63,66,68,76,77,79,80,83,85,87,88,91,92,94,96,97,104,107,109,110,112,120,125,126,127,130,133 "80";
81 15 0 1,4,6,9,14,17,19,22,25,27,30,32,37,41,43,44,47,50,51,52,54,59,61,64,66,68,70,75,77,79,83,86,90,91,94,99,103,105,106,109,110,111,113,114,116,118,121,123,124,127,128,132,135 "81";
82 70 1 3,8,10,12,26,34,54,67,71,74,79,90,91,94,135,136 "82";
83 128 1 0,2,3,8,9,10,12,14,16,18,19,21,22,24,25,27,29,30,33,35,36,37,40,43,44,46,50,51,52,54,55,57,58,66,68,70,71,75,77,81,86,89,90,92,95,96,99,100,102,106,107,109,111,114,116,119,120,122,124,125,128,130,133,136 "83";
84 49 1 4,9,10,11,12,14,17,25,29,36,37,40,44,46,47,48,51,52,53,56,59,61,62,67,74,75,78,80,81,89,90,93,97,98,102,104,105,109,113,114,115,122,126,127,129,133,134,136 "84";
85 88 1 26,51,60,62,67,70,74,76,109,124 "85";
86 121 1 0,2,6,14,19,21,22,23,25,26,28,30,31,35,45,48,50,51,54,55,57,60,63,64,68,70,75,76,79,82,85,88,90,94,96,97,98,100,105,107,108,110,113,116,122,126,128,130,131,133,135,136 "86";
87 86 1 3,13,17,19,31,33,35,41,43,46,48,53,56,57,62,66,68,71,85,88,92,97,125,126,128,129,131 "87";
88 46 0 0,4,6,7,13,16,17,19,20,27,28,34,35,37,41,46,47,49,50,51,54,56,57,63,64,66,68,70,71,74,75,76,79,84,86,90,91,95,98,100,101,105,111,112,114,116,118,120,122,125,127,132,134 "88";
89 50 1 0,2,8,10,12,13,15,16,18,23,26,27,34,35,42,45,48,49,50,52,54,55,58,59,64,65,68,81,82,85,88,91,94,97,99,100,102,106,107,112,113,117,120,121,124,127,130,133,135 "89";
90 26 1 0,11,20,22,29,34,37,38,47,57,63,65,67,70,72,80,82,91,95,96,97,111,113,124,126,128 "90";
91 102 1 45,64,76,112,122,123 "91";
92 40 1 1,8,11,13,14,16,19,20,24,27,33,36,41,47,59,63,65,70,71,79,80,87,97,100,114,123,125,127,132,136 "92";
93 24 0 4,5,20,31,44,63,79,89,92,94,105,111,116,128 "93";
94 115 1 0,5,7,10,12,16,17,19,21,22,23,24,26,28,33,35,37,42,44,47,48,53,54,56,59,62,64,70,72,74,77,79,81,82,84,85,87,90,92,94,95,97,100,101,103,107,110,111,113,115,117,121,127,128,129,131,133,136 "94";
95 109 0 17,24,26,69,75,83,118,127 "95";
96 86 1 33,87,112 "96";
97 127 0 5,8,10,19,31,35,40,45,48,49,61,62,73,77,82,92,94,97,105,106,110,116,120,122,126 "97";
98 59 1 4,6,9,11,14,15,23,25,26,29,31,33,35,39,42,48,54,56,58,64,67,71,72,74,76,77,80,84,85,86,89,91,97,101,104,106,108,111,118,120,126,132,136 "98";
99 135 1 0,1,3,5,7,9,11,12,15,18,19,21,25,26,28,30,32,33,35,39,41,44,47,49,51,52,53,55,57,59,61,63,64,65,67,69,70,71,74,80,81,85,86,89,91,93,94,96,99,103,105,107,108,113,114,117,121,126,129,130,132,133,136 "99";
100 108 1 6,8,22,23,26,29,33,34,40,46,51,61,66,71,75,76,80,82,85,89,96,98,99,102,114,115,117,120,123,126,133,135 "100";
101 66 1 25,37,56,57,64,88,99,110,112 "101";
102 104 0 0,3,5,6,9,11,15,17,30,32,33,35,41,42,48,49,53,57,58,60,62,68,71,73,76,79,81,85,90,98,101,105,106,109,111,116,121,123,126,127,129,135 "102";
103 15 0 4,5,6,9,11,16,20,22,24,26,32,39,41,47,49,52,61,64,67,69,70,72,76,79,80,82,83,85,88,91,95,100,105,108,114,116,121,122,126,128,129 "103";
104 65 0 8,30,44,54,89,120 "104";
105 100 0 2,5,7,20,37,43,47,53,61,71,86,88,90,97,112,117 "105";
106 108 1 0,2,4,6,8,11,12,14,18,19,21,22,24,25,26,27,28,32,34,43,46,51,55,58,59,61,62,64,66,68,69,70,71,74,76,78,82,83,86,92,96,100,104,106,109,111,114,117,118,120,122,124,127,129,130,131,132,134,136 "106";
107 107 1 8,21,78,102,107,113,120 "107";
108 120 0 0,1,3,6,7,9,11,13,21,27,28,36,40,47,48,50,51,53,54,56,60,64,66,68,69,71,73,75,80,81,86,88,92,95,96,98,100,101,103,106,109,111,113,117,120,121,124,126,128,131,134 "108";
109 130 1 2,6,8,11,14,15,16,20,28,33,41,47,49,51,53,55,58,63,64,65,69,72,77,87,94,95,101,105,108,112,114,116,118,121,126,129,131 "109";
110 12 1 0,2,4,7,9,10,12,15,16,20,21,22,23,25,27,28,31,33,34,35,40,41,43,45,47,48,50,52,56,59,62,65,67,68,70,75,76,78,79,81,85,86,90,92,96,102,103,104,106,109,110,112,116,118,119,121,126,127,129,132,136 "110";
111 95 1 5,17,21,36,46,48,57,84,90,120,127 "111";
112 21 1 6,20,41,50,52,56,62,65,73,76,77,92,103,118,128,131 "112";
113 90 0 2,3,12,13,17,22,23,24,34,40,42,45,51,52,62,65,67,83,87,95,96,99,102,105,106,107,120,126,127,132,135 "113";
114 49 1 0,2,3,6,7,9,11,13,15,16,20,21,25,27,31,32,36,38,39,41,43,46,48,51,54,56,62,66,67,70,72,73,75,78,80,82,83,84,88,89,90,92,94,96,100,102,104,105,108,112,115,117,118,120,121,123,126,129,130,134,135 "114";
115 90 1 4,8,10,16,24,29,31,39,41,45,46,51,53,58,62,70,72,77,79,83,88,90,96,106,133,135 "115";
116 73 0 1,3,7,8,11,14,17,20,23,25,30,32,34,39,41,44,45,46,50,52,53,55,58,59,62,65,67,68,71,72,84,86,89,93,94,96,98,101,108,112,116,118,126,131,136 "116";
117 59 0 7,20,23,26,46,54,61,78,82,95 "117";
118 136 1 3,9,11,14,18,20,21,23,26,32,37,40,42,43,45,46,48,50,53,55,57,58,60,63,69,73,75,77,81,83,86,90,95,97,99,100,101,106,108,113,115,118,119,120,124,128,130,132,134,135 "118";
119 116 0 6,13,22,25,27,43,52,53,55,59,65,81,83,91,93,96,108,116,132 "119";
120 108 0 55,69,82,84,90,97,132 "120";
121 49 1 31,35,40,44,50,58,66,70,71,75,79,80,84,92,96,116,121,130,132,136 "121";
122 114 1 1,3,15,16,19,21,29,32,35,39,43,48,54,59,68,92,105,109,117,124,125,129,131,133 "122";
123 85 1 3,4,10,11,13,16,19,21,27,30,35,36,39,41,44,46,47,51,56,58,59,61,65,76,83,87,89,91,95,97,99,104,105,106,108,110,112,122,123,126,133,136 "123";
124 120 0 1,4,7,12,15,18,20,21,23,26,28,29,30,33,36,37,40,44,49,51,54,55,59,70,77,80,81,88,89,92,93,98,101,104,106,107,110,112,115,119,121,126,130,131,135,136 "124";
125 50 1 0,3,6,7,10,14,28,40,41,44,46,48,51,52,60,70,73,74,79,80,81,85,88,89,93,95,98,101,105,112,115,118,120,124,127,134,136 "125";
126 115 1 0,7,12,18,22,28,37,39,47,51,52,58,72,74,76,77,91,92,100,108,115,123,126,131,136 "126";
127 132 0 1,14,19,20,31,34,38,56,59,60,62,64,70,71,76,78,91,101,117,130,136 "127";
128 71 0 1,3,17,20,22,23,31,32,34,36,44,55,57,60,61,63,73,77,80,83,85,91,97,106,108,111,118,122,129 "128";
129 41 0 2,8,10,19,61,67,78,88,108,121,124 "129";
130 128 1 10,26,29,43,54,59,71,79,88,90,94,97,102,109,111,126,136 "130";
131 30 0 10,29,36,44,55,60,64,67,75,85,92,103,117,127,133 "131";
132 46 1 2,4,7,10,15,16,19,23,25,29,34,35,37,39,41,44,51,52,58,59,60,63,67,69,71,72,74,75,81,86,87,88,92,94,97,99,100,102,112,118,120,123,129,130,132,136 "132";
133 86 1 3,12,20,24,25,31,33,34,49,55,69,71,74,81,83,85,86,107,119,121,129,131 "133";
134 111 1 4,7,19,20,23,36,39,47,48,53,66,71,73,76,79,88,107,113,116,121,129,135 "134";
135 63 1 5,9,11,58,60,75,91,123,125 "135";
136 137 1 1,3,10,17,21,22,24,25,29,32,33,37,41,43,45,48,49,51,53,54,55,57,59,64,67,69,70,73,77,78,80,84,85,87,89,90,91,93,97,98,99,104,105,107,110,114,116,120,124,125,127,128,131,132,134 "136";
