parity 156;
0 69 0 1,19,23,24,45,92,94,144 "0";
1 98 0 9,14,27,56,68,85,96,104,108,122,124,131,133,135,137,145,149,155 "1";
2 58 0 0,4,6,8,10,12,14,17,20,22,24,32,35,38,44,48,50,53,56,59,61,68,69,74,76,81,86,88,92,94,100,104,105,107,108,110,111,112,119,122,125,133,139,142,146,149,150,151,153,156 "2";
3 99 0 15,29,86,129,132,138 "3";
4 9 1 1,3,6,9,11,14,18,19,23,24,26,28,30,31,32,36,41,42,44,46,49,51,54,55,57,59,62,64,67,69,71,72,74,78,81,87,88,90,92,95,98,101,103,105,107,110,112,116,118,123,126,129,134,137,138,143,145,146,156 "4";
5 45 1 6,10,17,32,45,51,75,121,129 "5";
6 91 1 1,7,12,16,18,28,40,57,63,70,76,90,97,99,102,116,117,122,123,125,126,132,136,144,150,153 "6";
7 31 0 2,131,134 "7";
8 140 1 61,67,72,83 "8";
9 117 1 4,10,11,13,18,31,37,39,43,46,51,56,69,74,80,84,86,91,93,97,101,103,105,107,111,114,117,120,122,133,135,137,142,145,150,152,155 "9";
10 59 1 1,3,4,5,7,9,10,12,14,17,21,24,28,30,33,34,38,41,42,44,46,47,49,51,53,56,59,60,62,64,65,66,69,70,74,77,79,81,82,84,87,91,92,93,96,98,99,101,103,106,108,109,110,113,116,117,120,123,126,128,131,134,137,139,141,143,144,146,148,150,154,155,156 "10";
11 101 1 2,4,7,8,10,15,16,19,20,23,27,28,30,32,33,34,38,42,45,48,50,51,53,55,57,65,69,72,74,76,77,78,79,82,84,87,88,90,95,98,103,107,109,111,113,121,124,126,130,131,134,136,138,141,143,146,147,150,152,154,155,156 "11";
12 108 0 0,5,8,11,13,17,19,24,30,36,43,52,57,83,85,94,114,121,123,127,130,132,141,145,156 "12";
13 89 1 0,2,3,6,13,15,17,20,23,26,28,30,32,36,41,45,47,49,51,52,55,58,61,64,66,67,70,74,76,81,82,84,85,87,91,96,98,101,102,105,107,110,112,115,116,117,118,121,124,128,130,134,138,139,140,143,145,149,150,153,155 "13";
14 141 1 3,4,8,10,14,17,25,26,32,34,36,38,41,51,64,84,90,93,103,111,117,122,123,125,126,130,133,135,139,141,143,144,145,154 "14";
15 89 1 0,3,5,6,7,9,10,12,18,19,21,25,26,28,30,31,32,34,36,39,42,44,47,48,53,55,57,59,60,63,65,67,69,70,72,76,78,80,81,84,88,90,94,95,96,100,102,103,104,105,107,109,113,114,115,117,118,119,121,122,125,128,131,132,134,135,137,140,141,143,144,147,149,151,153,154,155,156 "15";
16 149 0 0,31,54,106,111 "16";
17 103 1 23,51,71,93,104,123,155 "17";
18 29 0 3,4,8,13,15,17,22,29,30,32,34,40,42,44,48,50,51,60,62,71,75,79,80,83,84,85,93,94,99,103,106,107,113,116,118,132,135,139,145,150,152,153 "18";
19 131 0 0,2,3,5,7,10,14,18,20,22,30,32,33,35,40,44,45,47,49,51,57,59,63,66,67,70,72,74,76,80,83,87,90,91,93,101,108,110,113,115,122,132,139,142,146,147,149,150,152,155,156 "19";
20 42 0 0,2,4,6,7,11,12,14,16,20,22,23,25,31,34,35,37,39,41,43,45,46,48,50,52,55,56,59,60,62,63,65,67,70,71,73,76,80,83,84,86,87,89,93,95,97,98,100,102,104,105,109,111,116,117,118,119,123,124,127,128,131,135,139,143,144,145,149,153,154,156 "20";
21 34 1 0,2,4,9,10,13,15,17,18,20,23,25,26,27,30,32,36,37,38,40,43,45,47,49,50,51,53,54,55,56,58,60,62,64,65,67,69,71,73,75,78,79,80,84,85,86,89,91,95,97,101,104,105,108,111,112,115,116,117,119,120,126,128,130,133,136,140,142,146,147,151,152,154,156 "21";
22 112 1 2,5,8,15,18,24,33,41,44,48,51,61,75,80,83,95,101,108,114,115,117,120,126,147,149,154 "22";
23 127 0 1,14,16,20,39,45,51,65,67,78,80,103,121,127,138,140,141 "23";
24 146 1 1,4,7,20,25,33,35,46,50,53,54,58,62,73,88,104,108,111,121,125,130,136,145,147,150,152,155 "24";
25 24 1 1,5,6,9,10,12,15,18,20,21,23,25,26,27,28,30,31,33,34,36,39,42,43,44,47,50,51,53,55,56,57,58,60,61,63,67,69,71,72,76,77,80,82,85,88,89,90,91,92,93,95,97,99,100,102,105,110,111,112,114,115,118,119,122,124,127,128,129,132,138,141,143,144,146,148,155 "25";
26 14 1 0,4,8,30,36,38,48,52,53,60,78,91,93,99,102 "26";
27 1 1 3,5,6,10,12,13,17,18,24,26,29,33,36,40,41,42,44,46,49,52,53,55,57,58,60,62,64,65,66,68,71,73,74,77,78,79,83,85,87,89,91,94,96,97,100,102,103,105,107,109,110,118,119,123,124,126,128,129,131,132,137,142,144,145,147,149,151,152,154,156 "27";
28 83 1 1,7,11,15,19,21,25,26,29,31,35,37,39,41,43,45,48,49,51,53,54,56,57,60,62,65,67,70,72,74,75,76,80,83,86,88,91,93,97,101,102,103,105,106,108,109,111,112,114,115,117,118,120,122,127,129,130,133,134,135,136,138,139,140,142,143,145,147,151,154,156 "28";
29 69 0 1,11,36,41,46,48,59,61,84,91,93,102,105,115,133 "29";
30 157 1 29,41,56,79,95,136 "30";
31 31 0 4,6,12,17,30,33,36,43,46,48,49,60,71,73,79,84,88,91,92,94,97,108,113,114,115,117,127,128,134,135,136,138,145,148,149,154 "31";
32 148 1 0,1,6,7,10,12,13,15,16,22,24,25,27,29,31,32,34,36,37,40,49,50,52,53,55,56,60,63,65,67,73,77,78,80,83,85,87,92,96,102,103,105,107,108,111,114,116,118,125,128,131,133,135,138,140,142,145,152,153,154,156 "32";
33 19 1 1,2,4,6,8,9,11,12,14,17,19,21,22,25,33,35,37,43,45,47,52,55,57,59,60,64,67,69,78,82,84,86,87,92,97,98,100,101,105,107,115,116,120,122,124,130,131,140,142,145,148,151,152,155,156 "33";
34 72 0 0,9,16,25,27,29,36,39,43,50,61,63,66,73,75,82,83,85,86,88,93,98,101,104,107,108,117,121,126,150,154,156 "34";
35 81 0 7,9,10,17,20,25,31,32,36,40,45,50,53,55,67,72,74,79,84,88,91,93,104,114,115,122,124,126,128,129,131,141,143,145,148,156 "35";
36 104 1 6,8,14,16,26,33,35,48,54,59,65,69,71,84,86,89,98,102,111,117,125,129,135,137,140,147 "36";
37 143 1 8,11,21,26,29,35,53,66,85,92,98,114,119,132,140,144,148,155 "37";
38 45 1 0,3,10,12,16,18,24,31,33,36,37,41,43,44,45,47,49,51,52,54,56,58,60,63,66,69,72,73,76,78,82,84,86,88,90,91,98,105,107,109,111,113,115,117,119,131,132,135,142,143,146,148,152,156 "38";
39 49 0 1,6,16,19,25,36,44,50,65,73,83,101,102,114,132,139 "39";
40 51 0 0,2,4,5,6,9,12,13,15,16,18,20,23,26,27,30,36,37,41,48,51,53,54,55,56,58,60,61,65,66,68,69,71,72,74,77,79,81,83,85,86,87,88,90,92,93,95,97,98,101,105,106,107,108,111,112,113,115,117,121,126,128,130,132,133,138,140,142,145,150,151,154,156 "40";
41 28 0 1,4,6,9,12,16,17,31,32,36,39,53,61,63,65,81,83,87,88,90,94,104,105,107,110,115,121,137,145,148,151,154 "41";
42 44 0 2,3,5,6,9,10,13,16,18,20,21,23,26,33,34,36,39,42,43,48,50,52,55,58,60,62,63,64,68,69,73,74,77,79,81,83,85,88,91,92,93,95,97,98,100,102,103,104,106,107,108,110,113,116,118,121,122,123,126,127,129,131,134,136,138,140,141,143,144,145,147,153,154,155 "42";
43 49 1 41,51,53,76,78,83,86,87,118,125,151 "43";
44 84 0 0,2,5,14,15,20,22,23,34,36,40,45,49,50,56,57,58,61,63,64,67,70,71,76,84,86,87,89,97,99,101,105,106,110,116,121,129,132,137,146,150,151,156 "44";
45 50 0 6,8,11,12,15,16,19,21,24,25,26,30,32,36,37,38,40,41,43,45,47,50,52,53,55,58,59,61,67,68,71,72,73,75,78,79,80,82,86,90,91,94,95,98,101,103,104,106,107,111,112,113,115,116,119,120,121,123,124,126,127,131,133,134,136,137,138,141,142,144,145,147,149,150,152,155 "45";
46 20 0 0,2,4,6,11,12,14,16,17,19,20,23,26,28,29,35,36,38,40,41,44,45,48,52,55,57,63,65,67,70,72,73,77,79,80,85,86,88,89,91,92,93,102,105,107,109,111,112,114,116,118,122,123,124,126,127,131,132,134,135,138,140,142,147,148,151,154,155 "46";
47 126 1 2,5,7,9,15,16,20,21,22,23,30,31,33,36,41,45,48,52,53,63,66,67,69,71,76,80,81,84,89,90,94,97,99,101,102,106,109,115,116,121,123,126,128,129,133,134,136,138,142,143,146,152,154,156 "47";
48 135 1 2,5,18,20,21,23,25,30,33,37,39,43,46,51,52,54,59,62,66,69,71,74,76,82,88,92,99,101,105,106,111,118,119,121,123,125,128,133,134,135,139,141,143,144,145,148,156 "48";
49 34 1 0,1,5,9,13,15,16,20,22,25,26,35,38,40,42,44,45,49,50,55,56,60,67,69,73,76,82,83,87,97,104,106,107,109,122,126,129,134,136,138,140,143,146,151 "49";
50 129 0 5,7,14,16,18,23,26,30,31,34,36,37,40,41,43,45,53,54,65,68,70,73,75,77,78,80,82,84,86,87,90,92,96,100,103,105,106,110,112,114,117,120,122,125,127,128,132,134,136,138,145,148,149,152,154 "50";
51 136 0 0,4,6,10,17,18,21,23,24,26,31,32,33,38,41,42,45,49,53,54,56,59,60,62,66,73,75,79,83,91,94,103,105,112,118,121,122,124,129,130,132,134,138,142,144,146,149,150,153,155 "51";
52 100 1 0,10,18,28,32,36,46,47,56,57,67,71,78,79,82,111,115,118,137,156 "52";
53 130 0 3,6,12,30,37,39,41,47,48,50,54,61,65,68,77,90,95,101,104,105,107,111,114,122,124,134,150,152,154 "53";
54 51 1 3,31,48,57,63,66,68,71,85,93,95,99,102,103,116,125,127,128,132,139,152,155 "54";
55 102 1 1,4,6,7,11,12,14,19,23,27,28,30,32,34,35,36,38,40,42,44,46,54,55,57,62,66,68,71,72,74,81,83,86,87,88,95,96,97,100,101,103,108,112,118,122,124,131,132,136,137,139,140,143,148,152,155 "55";
56 133 0 0,3,4,9,12,15,17,18,20,22,23,25,26,29,33,35,38,40,41,43,49,50,52,55,57,59,62,64,69,70,71,73,76,78,79,81,84,86,90,92,94,96,97,102,105,109,112,114,116,121,124,128,130,131,133,134,136,139,140,142,145,149,151,153 "56";
57 71 1 0,6,13,15,19,20,30,32,34,44,46,49,57,60,66,68,70,78,84,92,100,112,116,119,129,135,139,140,141,150,154,155 "57";
58 144 0 3,10,16,32,34,47,53,55,56,58,60,68,69,72,77,81,84,88,94,97,102,117,118,124,139,143,152,153,155,156 "58";
59 45 1 45,116 "59";
60 114 0 16,130 "60";
61 99 1 4,8,12,17,23,25,28,30,33,37,40,41,43,45,47,49,58,69,78,79,93,96,99,105,107,112,115,117,119,125,131,138,143,145,146 "61";
62 83 0 6,8,12,17,19,22,24,26,31,33,37,40,45,46,51,58,68,73,84,87,100,101,103,104,111,115,118,122,128,133,135,142,146 "62";
63 67 0 1,3,4,5,7,8,10,14,18,20,22,26,33,36,37,39,41,42,44,46,52,55,57,58,62,64,67,69,71,74,82,83,86,90,98,101,103,108,110,113,116,118,124,125,126,129,130,132,137,138,146,149,151,154,156 "63";
64 58 0 3,24,25,38,49,51,66,80,104,106,111,138,154 "64";
65 8 1 1,3,4,11,19,20,25,28,35,37,40,41,43,52,55,62,64,68,73,77,78,80,89,90,94,100,105,106,107,109,115,116,118,127,130,132,140,147,151,154,155 "65";
66 27 0 1,3,4,6,8,10,12,14,16,17,19,20,22,24,26,27,29,31,32,35,37,38,40,41,43,46,47,49,50,51,53,56,59,61,64,66,67,69,71,74,76,77,79,81,82,86,88,92,93,96,97,99,104,106,108,109,111,112,114,117,119,120,124,127,128,130,132,133,135,136,138,139,144,145,148,149,150,154 "66";
67 45 1 5,9,12,15,18,22,24,26,28,30,31,32,35,36,37,41,43,45,50,51,54,56,57,59,62,63,65,67,68,70,71,74,75,77,79,80,81,82,83,85,87,91,94,98,101,109,113,117,121,125,128,130,133,134,137,139,140,141,144,146,147,149,152,155 "67";
68 33 1 1,5,13,18,28,33,39,41,65,66,81,93,98,108,125,129,131,155 "68";
69 85 1 3,4,12,14,22,26,30,52,59,62,64,66,67,72,75,77,85,88,92,97,100,109,111,121,125,132,134,137,142,145,148,154,156 "69";
70 15 0 20,22,26,32,46,50,70,84,97,124 "70";
71 90 1 0,1,2,4,5,7,11,13,15,16,19,21,25,27,28,31,34,36,38,42,46,48,50,52,53,55,58,59,62,64,69,71,74,75,77,79,81,85,89,90,91,95,99,101,103,105,111,112,121,125,129,135,143,145,146,148,152,153,154,156 "71";
72 132 1 10,11,16,19,24,44,61,65,67,77,82,95,97,102,114,117,121,132,134,135,136,140,152 "72";
73 148 0 3,6,8,10,12,14,15,18,19,25,31,38,40,43,47,49,51,52,53,56,60,63,67,68,71,75,81,86,93,96,100,103,107,109,111,112,116,122,126,129,130,133,134,137,142,144,145,148,150,155 "73";
74 156 1 0,12,23,25,41,44,46,48,51,53,56,61,62,64,66,75,78,80,82,84,94,95,96,99,101,102,106,108,115,118,120,137,141,144,145,148 "74";
75 29 0 1,3,4,6,8,10,12,15,16,18,21,23,24,28,29,31,33,34,36,37,38,41,42,46,48,49,50,54,58,60,62,64,66,68,69,70,72,76,81,82,84,88,91,93,96,98,99,100,103,105,106,109,110,111,113,114,116,122,123,125,126,130,131,132,135,137,141,142,143,146,148,149,150,153,154,156 "75";
76 146 1 1,3,7,9,11,12,16,19,22,23,25,28,29,31,33,35,38,39,40,45,48,50,54,55,57,59,60,62,63,68,70,74,76,78,79,81,82,84,86,89,90,94,96,97,98,104,107,108,109,110,112,114,116,120,122,125,127,129,130,132,136,138,139,142,144,148,150,152,153,155,156 "76";
77 71 1 2,9,17,23,35,36,38,43,51,58,60,64,74,77,81,94,104,128,148,153,154 "77";
78 77 0 21,75,91,98,104,129,138,153 "78";
79 89 1 5,6,31,33,42,47,52,63,77,89,101,132,134,136,154,156 "79";
80 70 0 0,2,5,10,11,17,20,24,25,29,31,32,34,38,40,41,43,44,46,54,55,59,60,66,68,70,75,77,79,81,82,84,87,89,90,93,96,97,100,101,103,106,110,112,115,117,120,122,125,127,130,133,135,137,139,140,141,146,147,150 "80";
81 89 1 0,8,11,16,24,27,32,34,36,46,48,55,56,57,59,61,65,66,68,70,75,77,88,92,104,105,107,108,110,112,118,119,121,128,129,133,137,140,141,148,151,156 "81";
82 157 0 1,4,6,7,12,14,17,18,20,23,25,27,29,32,33,36,37,39,43,44,46,47,48,49,52,54,57,59,61,63,66,70,75,79,81,83,86,88,94,96,98,100,104,105,110,113,118,120,122,124,131,137,140,142,145,146,148,151,155 "82";
83 33 0 4,27,44,47,56,60,78,96 "83";
84 115 1 1,4,7,8,10,13,14,16,23,27,30,32,35,39,41,45,46,47,50,53,56,57,58,61,64,66,68,70,71,73,76,77,79,80,82,83,84,87,88,90,92,94,95,97,98,99,100,102,106,108,109,112,114,115,117,118,119,120,122,125,126,128,130,132,133,134,137,139,141,142,143,145,148,149,151,152,156 "84";
85 105 0 30,40,63,118,156 "85";
86 82 1 28,60,65,103,127,131,142 "86";
87 22 1 8,16,22,28,36,38,41,46,52,54,61,64,67,70,77,80,84,87,88,90,91,93,95,104,109,110,111,113,122,126,131,132,134,139,140,142,143,145,150,151,153 "87";
88 31 1 2,3,5,8,10,12,13,16,19,20,24,29,31,34,37,39,41,47,49,52,54,56,57,60,63,64,66,71,76,78,84,89,91,93,95,97,99,102,108,111,118,127,129,131,132,134,136,137,139,146,150,151,154 "88";
89 3 0 8,12,15,32,34,37,46,48,61,80,88,90,103,110,133,138,144,156 "89";
90 49 1 0,6,7,10,21,27,30,32,33,37,39,41,43,45,47,49,55,58,60,69,71,75,76,80,81,83,84,88,94,97,98,100,103,104,107,110,111,113,118,123,128,130,134,135,138,145,147,150,154 "90";
91 96 0 3,6,8,10,16,21,27,31,34,37,46,49,54,61,62,63,71,73,76,87,90,96,108,109,111,117,121,126,127,129,138,154 "91";
92 53 0 0,2,8,10,12,18,21,32,33,36,38,40,41,43,46,49,59,71,73,78,88,94,103,107,110,111,116,122,125,128,130,135,137,138,141,146,153,156 "92";
93 150 0 2,6,8,10,20,37,39,51,60,64,66,68,70,75,80,92,95,97,104,127,129,130,136,149,150 "93";
94 112 1 1,4,6,7,14,16,17,19,21,23,27,29,33,35,41,44,48,49,51,56,58,59,61,63,64,71,73,77,79,81,83,86,90,91,93,99,102,103,105,108,112,114,115,119,121,123,125,128,131,135,136,137,139,142,144,145,147,150,151,153,156 "94";
95 81 0 3,4,5,11,15,17,18,20,23,24,26,27,30,34,35,36,37,39,43,44,45,48,57,58,60,62,66,67,68,69,74,76,79,81,84,85,88,90,91,96,97,99,101,102,104,106,107,109,114,115,120,122,125,127,128,129,130,132,133,134,136,137,138,141,142,144,146,149,151,152,156 "95";
96 36 1 5,7,8,13,14,17,18,24,25,28,29,31,33,36,41,42,44,50,51,53,60,64,70,72,74,76,94,96,98,100,101,102,104,107,109,114,116,124,125,127,129,134,135,137,138,140,141,143,144,147,150,156 "96";
97 87 1 0,2,4,7,10,15,18,21,24,25,26,29,35,38,39,41,43,45,48,49,50,51,54,55,57,60,61,64,66,71,74,75,79,84,86,87,89,92,94,96,101,102,103,111,112,114,122,123,126,128,130,131,134,138,139,142,145,147,149,151,155 "97";
98 22 1 26,116,125 "98";
99 33 1 1,8,13,14,23,27,28,30,32,35,37,38,39,44,49,57,59,61,67,72,79,82,83,85,88,90,98,101,102,107,109,111,113,116,118,120,131,144,148,150,155,156 "99";
100 112 1 2,5,24,32,33,35,36,38,46,48,51,67,70,72,80,83,87,103,104,105,117,121,124,133,137,138,152,156 "100";
101 62 0 0,2,5,12,14,23,24,27,31,33,35,39,46,48,51,53,66,77,93,100,107,112,118,123,124,128,129,131,132,138,141,144,149,152 "101";
102 40 0 2,8,12,16,18,20,22,23,28,32,34,35,37,40,43,48,50,60,64,69,75,76,78,80,83,84,86,94,102,104,105,108,110,116,118,121,124,127,129,131,132,138,140,145 "102";
103 74 1 0,2,6,7,9,10,13,16,19,24,25,28,33,35,38,40,42,43,45,48,49,55,56,60,63,65,68,70,71,73,74,75,82,88,96,99,100,102,104,107,108,110,111,112,114,115,117,119,122,124,125,127,129,131,132,134,142,147,149,150,153,155,156 "103";
104 150 0 3,7,10,13,18,19,21,24,30,32,34,35,37,44,46,47,49,51,55,61,62,65,69,70,72,78,80,82,83,84,87,88,91,92,94,96,102,103,104,109,114,116,118,119,121,122,125,128,129,132,133,135,139,141,144,145,146,149,151,152,155 "104";
105 34 1 3,13,18,22,35,40,48,61,63,64,104,105,119,130,140,154,156 "105";
106 3 1 68,90,103,110,131,134,150 "106";
107 79 0 4,24,47,67,86,91,122,125 "107";
108 149 1 102,108 "108";
109 138 1 3,9,11,14,18,19,23,24,25,27,31,32,33,38,39,41,43,45,46,49,51,53,55,57,58,60,61,63,64,66,70,71,74,77,79,82,84,87,90,91,93,96,97,101,102,106,108,111,113,114,120,122,124,125,127,129,131,136,142,145,150,154,156 "109";
110 34 1 0,15,54,72,78,105,136 "110";
111 145 1 2,11,13,15,18,20,25,29,50,53,59,62,66,67,86,91,93,98,118,122,130,135,138,141,146 "111";
112 113 0 0,7,9,15,18,21,28,29,35,40,45,52,54,56,63,65,66,68,70,76,79,83,86,89,92,97,100,103,104,109,111,114,115,117,118,119,123,124,125,127,130,131,132,136,138,140,141,144,146,148,151,153,154 "112";
113 152 1 0,4,6,7,9,11,13,15,19,22,24,26,28,30,33,34,35,40,41,44,45,47,48,50,51,52,54,58,59,62,64,65,66,68,69,71,76,81,82,85,87,90,91,93,98,99,101,103,104,105,107,110,113,114,115,116,118,121,125,126,128,129,131,132,134,136,137,139,141,143,144,148,149,152,153 "113";
114 115 0 1,3,4,11,13,16,18,20,22,25,26,28,30,32,34,36,40,42,44,48,49,51,53,54,57,58,60,63,67,68,69,71,74,75,76,77,79,80,84,88,91,92,95,97,98,99,101,103,106,107,110,112,114,116,122,124,125,127,130,131,133,136,137,138,139,142,144,145,149,150,152,154,156 "114";
115 42 0 56,97,107,137 "115";
116 153 1 1,2,4,6,9,10,12,13,16,19,21,22,25,26,30,31,32,34,36,40,41,42,43,45,46,49,51,52,55,57,59,60,62,63,66,67,69,70,74,77,81,82,84,89,92,95,99,101,105,108,111,112,118,119,120,124,125,126,129,131,138,140,143,146,151 "116";
117 104 0 12,15,17,18,22,30,41,48,53,56,61,67,72,93,107,115,118,122,126,136,138,144,149 "117";
118 154 1 7,11,14,78 "118";
119 50 1 1,2,4,9,11,14,16,19,21,22,31,32,34,35,37,39,40,41,45,47,51,52,55,58,61,62,64,70,74,76,77,78,83,85,88,89,90,95,97,98,100,105,106,111,115,117,119,120,121,123,125,127,129,133,136,138,139,140,142,143,145,147,149,151,153 "119";
120 104 0 0,1,2,4,5,6,9,13,15,16,21,23,25,27,32,36,38,42,46,48,50,52,54,56,57,59,61,63,68,72,74,75,78,79,81,84,87,89,90,99,100,102,106,107,110,115,118,119,124,125,127,128,130,132,133,135,138,139,144,148,149,151,153,156 "120";
121 26 1 21,26,43,71,90,93,95,99,119 "121";
122 111 1 2,3,6,8,10,11,15,17,18,21,24,27,30,31,33,36,39,41,43,44,48,51,53,54,56,61,62,63,65,71,72,76,78,83,86,87,89,92,93,95,100,102,103,105,106,109,110,112,115,122,124,125,127,129,130,131,133,134,136,142,148,149,152,153 "122";
123 144 1 24,35,99,108,114,119,130,135,137,141,154,156 "123";
124 72 1 2,11,19,22,30,32,36,39,41,46,53,74,78,83,92,96,99,109,124,136,147,149,152 "124";
125 130 0 5,8,10,11,19,20,27,31,35,44,47,48,57,58,60,61,67,72,74,82,85,87,88,91,94,98,101,107,108,111,114,119,122,128,132,134,137,139,142,145,148,150,151,153 "125";
126 103 0 1,2,4,5,7,10,13,16,18,20,24,32,36,37,46,48,51,52,53,55,61,63,64,65,67,69,72,74,75,77,83,85,88,93,94,95,98,99,104,107,111,113,115,117,120,121,124,126,128,130,132,133,139,142,144,147,149,153 "126";
127 135 0 5,23,26,32,34,36,38,49,56,61,77,80,83,84,87,102,104,108,109,111,119,133,145,150,152,156 "127";
128 139 1 1,2,5,6,11,14,17,21,22,24,25,28,29,31,32,34,36,37,38,40,41,43,44,46,47,49,50,52,53,56,57,59,60,61,62,64,65,67,68,73,76,78,80,82,85,87,89,90,92,94,95,97,99,102,105,107,109,110,113,115,116,118,121,123,126,130,132,134,137,139,140,143,146,147,149,151,153,155 "128";
129 138 0 1,6,8,16,18,19,21,22,25,30,33,35,37,40,46,54,56,57,62,66,73,74,80,83,86,97,99,107,109,111,117,119,125,127,134,147,148,149,153 "129";
130 6 0 0,5,7,11,13,14,16,18,19,20,24,27,28,31,33,36,37,38,39,41,42,44,47,49,51,56,60,64,66,68,69,71,72,75,81,84,87,90,93,95,97,98,100,105,106,107,108,111,116,121,122,124,127,130,131,133,135,136,138,144,145,146,149,150,151,153,154,156 "130";
131 66 0 13,22,23,38,40,49,54,59,71,87,96,125,128,131,136,138,155 "131";
132 1 0 30,48,81 "132";
133 85 0 3,5,11,13,16,17,19,20,28,31,41,46,48,58,62,63,65,68,70,76,79,85,89,91,98,105,108,111,119,120,128,129,132,133,135,141,143,146,148,151,155 "133";
134 85 0 18,20,23,26,37,46,50,54,61,66,67,69,72,74,93,107,111,112,114,119,127,131,136,137,140,143,147,148 "134";
135 1 1 2,16,67,79,80,85,98,122,127,145,156 "135";
136 36 1 0,1,3,7,10,12,15,17,19,22,25,28,30,31,36,39,43,46,51,53,57,64,66,71,76,77,79,83,86,93,95,97,98,100,103,107,109,110,113,117,119,121,124,125,126,127,129,131,133,135,136,138,145,148,153,154 "136";
137 87 1 1,57,99 "137";
138 19 1 0,5,6,8,10,11,13,14,18,21,22,25,27,29,34,36,37,39,41,43,44,46,48,50,52,57,58,60,61,63,65,68,70,71,73,74,78,82,84,85,88,90,92,95,96,101,102,104,106,107,110,115,120,122,123,125,127,129,131,134,135,138,140,141,143,148,149,151,154,155,156 "138";
139 75 1 0,5,7,13,14,18,21,26,30,35,40,41,50,55,59,62,65,66,71,83,86,88,90,92,100,111,114,119,122,123,124,131,133,135,140,149,155 "139";
140 43 1 3,7,11,13,15,22,23,24,26,27,30,34,38,42,43,45,48,50,53,55,59,62,64,68,72,75,79,83,87,90,97,103,105,106,108,110,111,115,118,119,120,122,125,128,131,133,135,142,143,144,146,151,154,156 "140";
141 102 1 0,3,6,11,14,20,24,32,35,38,39,47,50,51,54,57,58,67,75,83,88,90,94,97,104,105,108,113,115,117,126,129,130,135,136,138,141,143,145,147,149,150,152,155,156 "141";
142 48 1 0,1,3,4,7,8,11,14,17,18,22,24,26,27,28,30,34,35,36,39,41,43,45,47,48,52,55,56,58,59,61,65,67,69,71,72,75,76,78,80,84,88,94,95,98,99,101,102,103,106,108,110,111,112,115,118,120,122,123,124,125,126,129,130,133,135,140,142,143,144,146,147,151,153,156 "142";
143 48 1 0,2,4,7,8,9,11,13,16,17,18,19,21,25,26,29,32,35,37,38,41,44,46,47,48,50,52,53,54,55,57,61,66,68,70,74,75,77,79,81,82,86,88,91,94,95,98,100,101,104,105,110,113,116,121,124,128,129,131,133,135,137,138,143,144,146,147,149,150,153 "143";
144 64 0 13,57,60,65,70,78,92,112,126,156 "144";
145 53 0 1,2,8,27,29,35,41,49,54,66,71,76,78,84,100,114,116,123,124,125,129,136,141,142,156 "145";
146 143 0 8,14,22,25,26,51,61,67,87,95,131,146,149,153 "146";
147 89 1 0,7,8,9,13,15,23,25,26,27,31,33,34,36,37,39,42,43,45,46,48,49,51,54,57,59,60,62,63,65,67,70,75,76,77,79,81,84,86,87,92,94,95,97,98,100,104,107,108,110,113,117,119,120,123,125,127,132,136,138,139,142,145,146,148,149,150,151,153,156 "147";
148 100 0 1,5,29,31,33,34,35,40,42,64,76,78,79,88,89,112,117,131,137,155 "148";
149 70 1 1,2,4,6,9,16,17,19,21,22,23,24,26,28,29,33,34,35,36,38,42,44,45,47,50,53,54,59,64,66,69,71,73,74,78,80,81,86,90,91,92,94,95,99,101,104,105,108,113,115,117,119,120,122,123,126,128,132,133,134,135,136,139,141,144,146,149,151,152,154,156 "149";
150 43 1 4,7,14,18,26,29,34,36,41,42,45,49,51,64,70,71,73,77,79,82,85,88,96,97,98,102,105,107,112,115,119,122,124,129,132,134,140,150,152,154 "150";
151 96 0 29,42,50,55,60,69,77,104,124,137,150 "151";
152 35 1 17,30,37,39,45,51,53,65,79,87,104,137,140,147 "152";
153 93 1 0,2,4,6,8,10,11,12,14,16,17,19,20,21,26,29,30,31,33,35,37,39,40,42,44,47,48,50,52,54,56,59,60,61,64,65,67,69,71,72,73,76,77,78,80,83,84,87,90,91,93,98,99,101,103,104,107,109,110,112,114,115,123,125,128,130,131,132,134,136,138,141,143,144,151,152,155,156 "153";
154 59 1 3,29,31,40,52,67,69,77,90,97,99,121,123,124,131,143,147,151,153 "154";
155 88 1 0,1,2,5,7,8,13,14,18,19,21,22,26,31,37,38,40,42,43,46,47,48,50,52,53,58,60,61,63,65,66,67,68,72,73,75,76,80,83,85,87,88,89,92,94,95,96,99,100,101,102,105,107,110,111,112,116,117,122,124,126,128,129,130,132,137,139,140,141,144,145,148,149,151,153,155,156 "155";
156 48 0 0,1,5,6,8,11,13,19,24,26,29,32,36,38,40,41,46,47,49,51,52,53,55,59,61,64,66,67,70,72,74,75,78,80,82,83,84,85,90,98,100,103,105,106,108,110,113,114,116,120,122,124,126,131,133,142,148,151,152,155,156 "156";
