parity 58;
0 35 1 1,6,8,17,20,34,36,37,50 "0";
1 7 1 0,5,7,9,10,12,14,15,17,18,20,22,23,24,27,29,30,34,36,38,40,41,42,44,46,47,50,58 "1";
2 14 0 4,7,9,14,18,20,26,36,45,49,52,54 "2";
3 23 1 1,3,5,8,9,12,14,17,18,22,23,24,26,27,28,32,35,37,40,42,44,46,47,48,49,52,54,55,57,58 "3";
4 10 0 0,2,4,7,8,10,12,14,16,17,19,21,22,24,25,29,31,33,34,36,39,41,42,44,47,48,52,54,56,57 "4";
5 28 0 2,4,8,9,11,14,18,20,22,25,31,32,34,36,38,39,49,50,52,53,56 "5";
6 37 1 2,5,11,13,15,16,18,20,21,25,26,27,31,33,34,39,43,48,56,57,58 "6";
7 7 1 4,8,13,17,18,21,25,28,29,34,37,43,45,47,49,58 "7";
8 51 0 0,1,2,4,5,8,12,14,18,20,24,26,28,30,31,32,33,36,37,38,40,44,46,50,52,56 "8";
9 11 1 0,2,13,14,16,22,23,24,26,27,28,30,32,36,40,42,45,46,48,49,51,53,55,57 "9";
10 21 1 4,6,8,10,12,14,15,19,20,22,24,26,28,31,32,35,36,38,41,42,45,47,48,49,51,53,55,58 "10";
11 11 0 1,3,4,6,9,11,14,16,18,19,21,23,25,30,34,38,41,45,54,55,56,58 "11";
12 1 0 1,3,4,11,16,20,30,33,35,39,42,48,51,54,58 "12";
13 24 1 38 "13";
14 48 1 0,3,6,11,18,20,28,34,37,39,50,51,54,58 "14";
15 17 0 0,2,4,9,10,13,23,24,26,27,28,30,32,33,34,36,38,43,44,48,49,53,55,57 "15";
16 36 1 0,2,4,5,6,8,9,11,12,14,16,18,20,22,25,27,29,31,33,34,37,40,43,45,46,53,55,57 "16";
17 23 1 12,14,27,32,50,51,53 "17";
18 58 0 45 "18";
19 38 0 0,4,8,13,15,20,27,39,42,45,50,52 "19";
20 16 0 35,42,47 "20";
21 23 0 1,3,4,8,10,11,14,18,20,22,25,32,33,39,42,52 "21";
22 24 1 0,2,5,6,10,13,16,18,19,24,29,31,39,44,48,49,53,55,58 "22";
23 42 0 1,6,9,10,14,15,19,24,26,27,31,34,38,39,41,42,43,45,49,51,52,54,55,57,58 "23";
24 32 1 1,6,10,21,22,24,31,38,43,45,47,48,52,55,56,57 "24";
25 53 0 46 "25";
26 27 1 1,2,3,6,8,16,17,19,20,23,26,27,29,32,36,38,40,43,44,48,49,51,53,56,58 "26";
27 43 1 37 "27";
28 51 1 0,1,3,5,9,10,15,18,22,23,29,31,32,34,36,39,40,43,47,50,58 "28";
29 24 1 5,12,17,27,29,32,34,36,37,47,50,56 "29";
30 32 1 7,10,12,22,37,40,48,53 "30";
31 41 0 4,6,9,10,16,18,23,24,27,29,31,34,37,47,53,54 "31";
32 58 1 0,1,2,9,11,13,16,18,23,24,26,27,30,33,37,40,42,45,49,52,54,55,58 "32";
33 11 1 2,4,7,8,9,11,12,13,15,17,18,21,26,27,28,32,34,37,41,43,44,47,53,55,56,57 "33";
34 22 0 1,3,5,9,11,13,14,16,18,20,21,24,27,30,33,37,39,48,49,53,57 "34";
35 18 1 0,1,3,6,8,10,11,13,14,16,17,18,22,24,25,27,28,30,32,35,38,40,41,48,50,51,55 "35";
36 13 0 2,3,12,15,17,21,28,29,31,33,36,39,41,43,45,46,55,58 "36";
37 4 0 0,3,5,6,12,16,17,18,20,23,28,30,32,33,39,40,42,44,48,50,53,57,58 "37";
38 19 0 2,6,9,11,16,19,29,35,37,39,46,48,49,55,57 "38";
39 39 1 3,5,6,14,19,21,26,33,36,43,45,52 "39";
40 9 0 0,1,5,17,18,24,25,28,38,45,56,58 "40";
41 48 0 4,48 "41";
42 8 0 0,3,24,41,45 "42";
43 17 1 1,14,22,26,48,54 "43";
44 3 1 41 "44";
45 30 1 12,17,19,22,39,42,56 "45";
46 7 1 0,1,5,6,10,12,13,15,16,18,19,21,23,24,26,28,30,32,35,36,39,40,42,44,49,51,54,56 "46";
47 55 1 0,1,2,8,10,11,12,21,22,25,27,28,30,33,34,38,40,42,44,50,52,54,56 "47";
48 50 1 1,2,5,10,13,14,16,19,20,22,23,26,29,30,32,33,34,35,37,38,40,42,43,44,47,48,49,52,55,58 "48";
49 28 0 3,4,6,8,10,13,14,15,16,18,19,24,26,28,29,31,32,34,36,37,38,41,43,45,48,50,52,56,57 "49";
50 32 1 0,2,5,7,9,11,13,15,18,19,23,26,27,29,31,33,34,35,39,41,43,45,46,48,51,53,55,57,58 "50";
51 7 0 1,3,4,7,9,10,12,16,19,20,22,24,27,29,33,34,36,37,39,40,43,45,46,48,49,50,52,54,56,58 "51";
52 11 1 10,11,13,20,28,29,37,39,55,56 "52";
53 34 0 2,3,5,9,10,15,18,21,23,26,27,30,32,34,38,41,43,48,49,51,54,56,58 "53";
54 43 1 0,3,9,12,17,21,25,26,30,34,46,49,51,52,56,57 "54";
55 55 1 19,32 "55";
56 6 1 3,6,11,12,14,19,23,26,33,40,41,44,46,53,57 "56";
57 55 0 1,3,9,10,16,17,20,24,26,29,31,33,38,41,42,46,48,49,50,53,54,55,58 "57";
58 51 1 3,6,7,9,10,15,17,21,25,27,33,35,42,44,48,53,55,56 "58";
