parity 23;
0 12 1 3,5,6,8,12,13,16,18,20,23 "0";
1 15 0 1,5,6,8,9,14,16,19,20,22,23 "1";
2 7 1 1,13,15,19,22 "2";
3 13 1 12,22 "3";
4 18 1 4,5,8,10,12,15,17,18,20,21 "4";
5 13 0 0,2,4,5,6,8,9,10,12,17,20,21 "5";
6 19 1 3,5,7,9,10,16,22 "6";
7 14 0 0,1,4,5,8,14,15,18,20,22,23 "7";
8 2 0 1,8,9,10,12,19,21 "8";
9 14 1 0,1,2,8,12,15,19,23 "9";
10 1 1 2,5,7,8,9,11,14,15,17,19,20 "10";
11 10 0 0,3,14,17,18,21,23 "11";
12 12 0 4,5,6,8,10,11,13,14,15,16,19,23 "12";
13 17 1 10 "13";
14 2 1 0,4,6,11,15,18,19,23 "14";
15 18 1 19 "15";
16 9 1 1,9 "16";
17 21 1 4,8,9,10,12,14,15,17,18,21,23 "17";
18 12 0 1,6,8,11,13,16,18,22 "18";
19 6 0 1,2,4,8,9,11,12,15,17,20 "19";
20 4 1 0,2,5,8,14,16,17,19,23 "20";
21 20 0 0,1,3,8,13,15,16,18,19,20,22,23 "21";
22 2 1 5,8,10,16,18,19 "22";
23 7 0 1,5,9,11,13,17,22,23 "23";
