parity 128;
0 116 0 2,4,7,9,15,17,18,21,23,27,32,37,46,47,49,53,54,59,61,63,65,68,70,73,74,79,82,83,86,87,89,93,94,96,99,103,106,110,114,117,121 "0";
1 81 0 0,1,3,5,6,7,11,12,14,16,17,19,20,22,24,25,29,30,33,36,37,40,41,43,44,46,52,53,56,61,62,65,67,69,70,71,73,75,78,79,80,81,84,85,89,90,92,96,97,98,100,102,104,105,108,109,110,116,119,122,127,128 "1";
2 68 1 9,13,19,21,33,35,37,40,42,51,65,67,71,74,80,86,94,98,105,116,120,124 "2";
3 33 0 0,1,2,3,4,7,11,14,17,22,27,30,31,34,36,38,42,43,48,49,51,52,53,57,61,62,64,65,67,69,71,73,75,76,80,81,82,84,88,91,94,95,98,99,108,110,112,113,114,115,116,119,123,125,128 "3";
4 111 0 2,11,12,18,24,34,45,46,79,101,114 "4";
5 14 1 9,12,25,28,32,38,47,58,79,82,83,101,103,109,112,118,127 "5";
6 20 0 23,32,51,52,59,62,65,71,76,78,80,84,104,106,110,119 "6";
7 90 0 10,12,18,20,31,32,35,39,43,46,48,51,58,66,67,74,94,97,101,103,104,110,114,116,124 "7";
8 35 0 0,3,7,10,12,17,18,22,23,24,26,31,32,35,37,39,43,52,55,56,66,67,71,72,74,76,78,84,85,86,88,91,95,96,98,99,102,106,109,114,115,118,120 "8";
9 108 0 24,54,70,100 "9";
10 28 1 12,17,24,30,53,54,64,91,125 "10";
11 52 1 4,16,76,122 "11";
12 26 0 9,10,15,24,26,27,32,39,46,66,72,81,85,90,97,106,110,119,122,126 "12";
13 107 0 1,2,3,5,6,7,10,11,14,15,17,18,20,22,24,25,27,29,32,34,35,40,42,43,45,46,48,52,55,56,58,60,62,63,66,68,72,73,76,77,80,81,89,90,91,93,96,97,99,100,101,104,109,111,112,113,115,117,120,122,124,125,126 "13";
14 82 0 0,3,5,7,9,10,13,15,16,19,22,23,25,26,31,35,41,44,47,52,54,59,62,64,67,69,73,74,75,78,82,89,90,96,98,99,101,103,105,108,109,113,114,118,120,125 "14";
15 25 1 3,6,10,14,20,22,23,25,33,37,38,42,43,44,47,48,50,52,54,57,60,63,67,68,71,74,75,77,79,81,86,89,91,95,99,106,110,113,115,116,118,123,124,128 "15";
16 48 0 5,8,18,24,31,33,42,51,52,58,63,65,71,72,74,78,81,84,86,87,90,92,94,96,120,122,127 "16";
17 59 0 8,18,24,27,29,32,36,38,51,53,54,56,62,63,68,70,75,80,88,89,93,97,100,106,109,115,117,122,127 "17";
18 81 0 0,3,5,6,10,25,27,33,38,39,41,46,51,54,58,61,62,65,69,71,73,78,79,82,86,88,90,91,94,95,100,102,104,107,114,118,121 "18";
19 1 1 0,3,7,9,14,20,26,30,31,32,38,40,43,48,50,53,57,60,63,66,74,75,77,85,86,93,97,100,108,110,121,124 "19";
20 119 0 4,5,7,10,12,14,17,24,25,27,35,38,47,58,60,64,69,85,89,96,97,99,100,103,108,112,116,119,121,127 "20";
21 3 0 1,3,6,7,12,16,17,18,21,25,27,30,31,34,35,37,39,41,42,43,46,48,49,52,54,57,60,67,68,71,72,73,75,78,83,85,87,88,92,93,96,97,99,100,103,105,106,107,109,111,112,114,116,119,121,122,124,125 "21";
22 83 0 0,2,4,7,10,11,13,15,18,20,21,22,27,29,30,31,33,35,38,42,45,47,48,49,51,57,59,62,63,65,67,68,70,72,74,76,77,82,83,86,87,89,91,92,94,96,98,99,102,104,105,108,109,112,114,118,122,124,125,126,127 "22";
23 86 0 2,3,4,7,20,25,29,43,58,59,64,73,75,81,83,95,97,100,101,102,104,107,109,114,119,123,126,128 "23";
24 73 1 1,3,4,7,8,10,12,13,15,18,19,26,27,30,31,33,35,37,39,40,42,43,45,46,48,51,55,57,59,61,64,66,70,72,73,75,76,78,80,84,85,86,88,89,91,94,95,97,99,101,103,105,106,108,109,111,112,113,115,120,122,124 "24";
25 38 0 0,2,3,5,7,10,11,15,16,18,19,22,23,26,29,30,32,33,35,37,40,42,43,45,47,49,50,53,54,57,59,61,63,66,67,72,73,76,77,80,83,85,87,88,91,93,95,96,98,101,102,105,108,109,112,113,116,118,120,121,122,124,125,127,128 "25";
26 122 1 1,3,5,6,7,9,11,16,19,21,22,25,26,28,32,33,35,41,46,49,53,55,58,65,67,70,72,73,74,79,81,82,84,86,89,91,94,95,98,99,101,105,109,111,117,120,123,128 "26";
27 61 1 2,5,7,8,13,14,16,17,19,21,29,31,32,33,36,38,41,42,46,48,49,52,53,54,57,59,62,64,65,72,75,76,77,80,81,83,84,89,92,94,97,101,103,106,109,112,114,121,124,125,127,128 "27";
28 47 1 2,11,14,42,48,50,57,79,95,98,100 "28";
29 104 0 3,7,21,23,25,26,29,41,47,50,52,58,61,62,66,67,73,93,104,112,115,119,125,127 "29";
30 8 1 3,25,37,42,60,67,124 "30";
31 82 1 1,4,19,28,34,39,41,44,53,63,64,72,74,76,80,82,96,107,112,114,122,128 "31";
32 15 0 0,5,13,14,20,21,26,56,61,63,69,73,83,85,89,93,96,101,105,108,115,119,122,124,127 "32";
33 44 0 2,6,8,10,13,23,32,43,45,57,60,62,64,68,74,75,81,84,86,87,89,91,96,98,102,110,113,116,123 "33";
34 11 1 0,2,8,10,13,20,24,29,39,40,48,55,59,63,66,77,82,97,98,104,108,111,122,124 "34";
35 58 1 2,49,53,76,85,88,93,104,118 "35";
36 69 1 1,3,5,6,7,9,13,15,17,19,20,21,23,26,28,30,31,34,35,36,38,39,43,44,46,47,48,51,52,54,56,58,60,63,66,68,70,72,75,76,79,81,83,85,87,90,92,93,95,96,97,98,100,102,103,104,108,109,111,113,117,121,122,125,126 "36";
37 44 1 1,3,4,7,9,11,13,16,17,20,22,23,25,26,27,29,31,33,34,36,38,40,43,46,48,49,52,54,56,59,61,62,64,65,67,68,73,77,79,81,84,87,89,92,93,95,98,99,101,103,105,106,107,111,113,117,119,120,122,124,125,128 "37";
38 50 1 3,5,15,31,52,55,58,64,74,76,79,81,87,89,97,112,116,118,127,128 "38";
39 112 1 2,6,9,11,26,29,40,41,50,56,66,67,68,75,78,79,80,96,106,111,118,121,124 "39";
40 125 1 8,28,39,41,45,49,51,60,62,74,84,94,111,126 "40";
41 5 1 20,111 "41";
42 48 0 2,7,11,17,30,31,35,39,42,48,54,58,60,62,66,69,71,76,77,79,82,85,89,91,94,95,97,103,112,123,126 "42";
43 90 0 0,1,3,5,8,10,12,13,14,16,18,20,22,24,25,26,31,32,33,35,36,37,39,41,45,49,50,51,53,54,55,57,59,60,63,64,65,67,71,72,74,77,78,79,81,82,85,86,90,92,96,99,102,103,107,111,113,114,116,117,120,121,124,128 "43";
44 63 0 2,5,7,8,16,19,21,26,27,31,32,35,37,38,39,40,42,45,49,52,56,59,61,65,69,72,73,74,76,85,87,88,93,100,102,104,105,107,109,111,112,118,124,127,128 "44";
45 77 1 0,2,4,5,7,10,12,14,19,23,25,28,29,31,32,33,34,35,37,39,40,45,46,47,49,52,54,57,60,63,65,66,67,70,74,78,80,82,84,85,87,89,91,93,98,101,102,103,104,106,108,112,114,116,117,118,120,123,125,126,128 "45";
46 34 0 0,11,15,16,17,21,22,27,30,32,33,36,38,43,68,70,72,74,78,81,87,90,93,95,98,113,117,122,124 "46";
47 55 1 0,2,4,6,8,9,11,12,14,16,19,21,22,23,27,28,29,33,35,37,39,40,42,44,46,48,49,50,54,55,57,58,61,62,64,66,68,73,85,87,92,94,96,98,101,103,105,106,109,110,111,113,115,121,122,123,126,127,128 "47";
48 10 1 2,7,15,20,33,37,44,50,52,57,58,63,66,68,88,101,104,108,111,113,125,127 "48";
49 98 0 0,6,55,68,78 "49";
50 74 0 0,1,2,5,6,12,13,17,19,21,22,27,28,29,31,33,34,37,39,41,43,44,46,49,50,52,53,54,57,58,61,65,66,68,70,71,74,76,78,80,83,84,86,88,92,98,99,104,105,109,112,113,114,115,117,118,123,125,127,128 "50";
51 32 1 1,3,8,10,15,17,18,24,26,28,32,34,35,36,39,40,41,43,44,47,48,57,59,62,64,67,70,71,77,80,82,89,90,94,101,102,103,107,109,110,113,115,117,119,121,122,128 "51";
52 90 0 3,7,9,16,18,22,25,26,27,31,34,35,36,40,45,47,54,59,60,62,67,69,73,78,80,81,87,89,96,100,108,110,112,116,123,128 "52";
53 114 0 24,44 "53";
54 49 1 1,6,9,11,14,17,18,20,22,23,26,27,28,30,32,35,36,38,40,41,42,48,51,58,59,62,63,64,68,72,74,75,77,79,81,83,84,86,89,90,95,96,97,99,101,104,106,107,108,112,115,118,120,121,123 "54";
55 45 0 0,2,6,8,9,10,12,18,19,21,23,24,26,27,29,30,32,33,41,42,44,47,49,52,54,56,58,60,63,66,67,70,71,73,74,76,77,79,81,83,85,86,87,91,92,93,95,96,99,105,106,110,112,113,116,120,122,124,125,126,127 "55";
56 44 0 2,4,7,9,12,14,15,19,20,21,25,27,29,31,34,35,38,39,40,42,44,45,51,53,56,58,61,63,65,68,69,71,73,75,80,86,90,91,94,95,97,98,103,105,108,113,116,118,119,122,126,127,128 "56";
57 102 1 1,3,13,54,56,85,92,99,102,104,106,109,120,122,128 "57";
58 93 1 58,68,69,81,85 "58";
59 12 1 0,1,3,5,7,11,12,14,19,21,24,27,29,33,34,37,43,45,46,47,50,57,58,61,66,71,80,81,85,86,91,94,108,111,124,127 "59";
60 103 1 13,15,21,22,37,38,44,46,75,80,85,87,92,121,126 "60";
61 4 1 3,4,8,12,14,18,19,20,23,26,29,31,32,34,38,39,41,44,46,48,49,52,55,59,62,66,68,69,71,73,74,80,81,83,87,91,93,95,96,98,101,103,104,106,108,110,111,113,115,117,118,120,121,124,125 "61";
62 111 0 0,1,3,7,9,10,12,16,18,19,21,23,25,26,29,31,33,35,40,49,51,52,54,57,58,59,61,63,65,66,71,72,73,75,79,83,90,93,94,96,99,100,101,103,106,108,110,112,113,114,115,118,120,124,127 "62";
63 116 1 1,3,8,10,13,15,16,17,20,24,25,27,34,37,41,46,47,52,53,57,59,61,63,64,68,71,72,74,75,79,82,84,85,87,89,90,93,97,99,101,104,109,110,114,115,117,118,121,123,127,128 "63";
64 32 1 0,1,12,21,25,29,36,39,45,51,52,64,66,67,71,72,84,86,91,93,95,106,107,109,112,113,116,117 "64";
65 62 0 0,8,9,13,15,16,18,20,22,27,29,33,34,42,43,44,46,50,53,55,56,59,62,66,68,72,75,78,81,82,84,89,93,97,99,101,102,105,106,109,111,115,118,120,125 "65";
66 95 1 0,1,2,6,9,11,12,15,17,23,29,33,37,40,44,46,49,52,54,57,59,61,62,63,64,67,69,71,73,76,78,81,82,86,92,97,98,101,107,108,110,115,117,120,123,124,126 "66";
67 63 1 1,8,15,40,59,71,73,87,92 "67";
68 24 0 16,18,19,21,23,25,33,51,58,69,74,87,90,98,104,105,110,116,119,121 "68";
69 47 0 6,67,74,76,85,89,93,118 "69";
70 82 1 2,5,7,11,15,21,25,27,28,30,31,32,35,36,45,49,52,55,58,63,64,67,71,73,75,76,80,81,87,95,99,103,104,107,110,113,116 "70";
71 42 0 6,7,10,13,18,23,27,30,31,34,37,39,41,49,50,52,57,60,63,65,74,78,81,83,85,89,93,94,96,98,109,111,117,121,125,126 "71";
72 58 0 4,6,8,16,23,32,34,35,37,40,42,48,59,61,62,65,87,91,93,102,106,108,114,128 "72";
73 109 1 1,6,8,15,21,28,34,38,44,46,48,49,51,53,55,58,63,65,66,71,72,75,78,83,92,95,101,103,105,107,114,118,121,123,125 "73";
74 52 1 1,5,9,11,13,15,16,18,20,21,23,25,30,31,33,39,42,43,46,47,49,50,52,54,58,61,62,64,65,66,67,69,71,74,77,78,80,81,83,84,86,90,94,98,101,103,104,107,108,111,113,114,117,123 "74";
75 64 1 30,32,33,43,54,59,61,95,97,106,121 "75";
76 2 1 1,12,16,17,20,25,33,35,43,45,48,50,54,57,59,62,65,69,71,73,84,90,91,98,100,104,109,111,118,120,122,123,125 "76";
77 86 0 6,11,16,21,29,33,34,37,43,46,48,50,55,60,62,70,84,89,93,97,103,112,114,116,119,122 "77";
78 36 1 1,5,7,8,13,14,16,19,24,25,26,28,32,34,36,45,48,51,52,56,61,63,67,71,72,89,91,94,97,99,101,103,105,106,116,123,127 "78";
79 114 0 0,1,4,10,12,19,23,26,44,45,47,49,54,64,72,74,76,84,87,97,99,102,106,109,112,113,115,119,121,122,124,128 "79";
80 74 1 0,15,17,19,22,23,28,32,34,37,41,46,50,52,61,62,66,75,77,89,98,102,115 "80";
81 16 0 0,1,4,6,7,11,13,16,17,20,21,24,27,29,31,33,35,39,41,43,46,47,49,50,52,53,55,57,61,66,69,71,74,76,77,80,82,87,89,90,92,93,96,97,98,100,102,103,105,106,107,109,110,112,114,115,116,118,119,121,123,125,126 "81";
82 113 1 0,3,4,6,12,16,18,20,23,27,31,33,34,39,43,48,49,52,54,55,58,61,66,69,70,72,73,77,78,80,81,83,85,87,89,90,93,97,100,102,109,110,114,117,118,121,128 "82";
83 67 0 0,7,10,17,21,26,30,33,38,44,48,54,56,62,63,64,68,70,77,82,87,94,96,98,106,110,114,119,122 "83";
84 61 1 0,1,15,17,26,32,37,40,44,55,60,76,88,92,103,106,116,120,126,127 "84";
85 129 1 0,2,3,5,12,14,15,16,17,19,21,23,24,29,34,35,53,56,57,61,65,68,75,79,84,85,87,89,92,100,103,105,108,114,120,123,128 "85";
86 127 1 2,4,6,7,10,14,15,17,18,19,20,22,24,28,29,31,33,35,36,38,39,42,51,52,55,57,60,61,62,66,68,70,73,74,77,78,81,86,87,88,89,91,93,96,97,99,101,102,105,108,109,112,116,118,121,124,126,128 "86";
87 110 0 16,21,26,28,33,37,54,60,63,65,67,69,78,88,90,93,97,98,110,115,119,121 "87";
88 65 0 22,26,29,32,37,47,48,52,61,64,68,71,83,85,86,97,101,107,109,122,125 "88";
89 82 1 0,3,6,16,23,24,30,35,36,39,40,50,64,68,74,77,84,87,92,93,101,118,120 "89";
90 36 0 5,7,14,16,21,23,26,27,35,39,41,44,47,48,49,50,54,56,62,63,65,68,71,73,75,76,79,84,85,88,92,97,110,112,115,117,118,122,124,125,127 "90";
91 2 0 0,2,13,17,19,20,31,34,43,48,56,61,66,71,83,89,93,99,103,116,123 "91";
92 96 1 1,3,5,6,7,9,10,13,14,17,19,20,22,24,27,28,30,31,32,34,35,36,37,40,42,44,47,48,49,54,56,57,60,61,62,64,65,67,68,70,72,75,77,81,83,85,86,88,91,95,96,97,98,103,111,113,115,117,119,123,125,127 "92";
93 15 1 6,10,11,13,19,29,32,35,38,42,45,46,48,51,52,58,60,63,65,67,83,88,90,93,98,111,116,117,121,125,127,128 "93";
94 35 1 2,4,8,10,13,24,26,29,38,40,49,58,65,78,84,86,94,102,111,126 "94";
95 80 0 6,9,15,34,46,49,63,85,95,118,126 "95";
96 86 1 1,5,8,10,14,15,16,24,27,29,31,33,34,36,39,40,44,47,49,56,63,66,70,72,74,76,81,82,85,88,90,92,93,94,100,104,105,106,111,116,118,122,125,128 "96";
97 64 1 1,7,12,20,22,23,29,33,43,57,62,66,71,75,78,79,91,96,107 "97";
98 85 0 7,9,17,20,30,32,39,52,61,69,75,85,99,107 "98";
99 96 0 2,3,5,6,7,11,13,15,17,19,21,22,24,27,30,32,34,35,37,39,41,42,44,47,50,52,54,55,57,58,59,63,65,68,70,72,74,76,80,82,89,90,94,96,98,101,103,104,108,110,111,112,114,118,119,121,122,124,125,127,128 "99";
100 113 0 1,3,4,6,7,9,10,11,13,14,16,18,20,21,22,25,27,28,30,32,34,35,39,41,42,46,50,53,55,57,59,63,64,65,66,69,71,74,76,78,80,81,83,84,86,88,91,92,96,97,100,102,103,104,106,108,110,112,117,118,121,122,124,125,128 "100";
101 5 0 0,2,3,7,12,14,17,22,25,27,41,43,48,50,59,64,67,75,85,94,96,109,111,113,126 "101";
102 105 1 1,5,12,18,21,24,26,27,30,31,34,36,43,47,48,52,56,57,60,65,69,77,78,83,86,89,90,92,93,95,101,104,107,109,110,114,115,118,122,127 "102";
103 120 0 32,44,128 "103";
104 38 0 0,5,6,8,10,14,15,19,21,24,25,28,30,32,33,35,36,38,42,43,44,52,54,56,57,58,63,65,68,71,72,73,75,81,83,84,86,88,90,93,95,96,99,100,106,108,109,111,112,118,120,128 "104";
105 10 1 2,5,6,9,11,12,15,16,22,25,27,28,32,33,39,40,41,42,44,46,52,53,55,58,59,60,63,66,68,70,72,75,76,77,81,82,83,93,95,96,97,99,103,104,110,112,113,115,116,117,118,120,124 "105";
106 59 1 0,1,3,7,9,10,14,23,38,39,45,48,53,63,69,73,76,95,98,100,110,116,119,126 "106";
107 7 1 1,19,20,24,25,29,32,37,39,41,47,52,56,74,76,81,84,91,93,102,116,122,126 "107";
108 100 1 0,2,4,5,8,10,11,12,14,20,22,23,24,27,29,32,34,35,38,40,41,45,47,48,51,53,54,57,58,60,61,63,65,67,68,69,70,73,78,79,84,85,87,89,94,98,99,101,102,103,106,109,111,113,114,116,117,119,121,123,125,127,128 "108";
109 25 0 1,4,11,20,24,31,41,46,55,84,87,88,95,98,102,106,109,114,115,126 "109";
110 105 0 0,6,9,11,12,14,17,19,20,23,24,26,28,29,31,34,35,36,38,40,41,42,45,47,49,50,52,54,55,57,58,61,62,67,68,72,74,75,76,80,82,84,86,88,89,94,95,97,98,99,101,103,104,108,109,111,112,116,118,122,123,124,127,128 "110";
111 55 1 0,2,5,6,9,11,12,14,16,18,19,21,22,24,25,26,28,31,33,34,36,38,40,41,45,46,48,49,51,52,55,57,60,61,62,66,70,73,82,83,85,89,91,97,99,101,102,104,106,109,111,113,114,115,117,119,122,123,125,127,128 "111";
112 109 0 0,3,6,8,11,12,15,16,19,20,22,25,30,32,35,37,39,41,46,50,53,55,56,72,79,80,82,85,89,94,95,98,99,102,104,105,107,111,113,118,119,123,124,127 "112";
113 21 0 2,4,10,14,16,20,24,27,32,35,37,42,50,53,57,63,83,86,92,98,100,124,128 "113";
114 100 0 3,13,15,18,20,24,27,40,59,64,72,75,79,87,93,95 "114";
115 118 1 2,4,5,7,9,11,13,14,15,18,20,24,25,29,31,32,34,38,39,42,45,47,48,50,53,55,63,65,67,69,73,74,76,81,82,84,85,87,93,94,96,97,98,102,104,106,107,113,114,118,121,124,125 "115";
116 118 1 3,5,6,15,17,19,23,24,28,33,34,35,37,39,40,49,52,53,54,57,58,60,64,65,67,78,84,87,88,91,97,105,110,112,115,120,121,123,126,128 "116";
117 55 1 2,3,5,6,8,9,14,16,18,20,22,23,26,29,31,32,34,35,39,42,43,46,48,49,53,56,58,59,64,68,69,72,75,76,77,79,81,82,85,87,88,90,92,99,100,108,119,121,122,126,127,128 "117";
118 124 0 5,20,33,43,44,49,51,55,77,80,89,91,103,105,122 "118";
119 2 1 0,3,7,8,9,11,12,14,16,21,23,29,34,35,37,38,41,43,44,47,48,50,52,53,60,62,63,65,66,68,71,73,75,78,81,84,88,89,90,94,96,98,100,102,105,107,111,116,117,118,121,122,126,128 "119";
120 82 0 5,13,28,61,84,116,121 "120";
121 73 0 41,49,69,87,96,126 "121";
122 98 0 7,8,10,12,13,18,21,26,29,32,35,46,51,56,57,59,61,73,75,79,80,81,83,85,86,90,94,96,97,100,102,104,106,110,112,119,122,124 "122";
123 103 0 3,6,9,17,18,22,25,28,31,36,39,46,48,58,61,63,65,70,72,75,76,80,85,86,89,90,93,95,97,100,102,105,108,109,113,115,117,121,124,126,128 "123";
124 16 1 8,11,18,22,30,37,38,52,59,60,64,66,68,69,72,77,87,88,91,97,99,102,105,106,109,112,116,118,119,126,128 "124";
125 0 0 1,9,17,55,79,86 "125";
126 84 0 1,3,4,7,8,10,12,17,20,24,29,32,34,35,39,41,46,53,56,59,63,72,79,86,91,95,103,105,108,110,111,113,114,116,120,125 "126";
127 111 0 0,1,4,7,8,11,16,18,21,23,24,25,27,28,30,36,38,40,42,45,46,50,54,56,57,59,61,65,69,71,73,75,78,83,84,89,96,97,98,103,105,110,112,115,116,119,121,122,126 "127";
128 67 0 2,5,6,7,10,11,12,14,16,17,18,20,22,27,28,30,32,35,36,40,41,43,44,47,48,49,53,60,61,66,67,68,72,76,77,79,80,82,83,84,93,96,99,101,103,105,106,108,109,112,113,114,116,117,119,120,122,124,126,128 "128";
