parity 32;
0 24 0 6,14,17,18,22,23,28 "0";
1 26 0 2,7,8,11,13,15,16,21,26,27,30,32 "1";
2 30 0 1,5,6,10,12,20,24,31 "2";
3 13 0 6,13 "3";
4 23 0 4,5,8,12,17,25 "4";
5 0 0 0,2,5,12,16,17,18,20,26,28,30,32 "5";
6 28 0 1,3,6,8,10,11,14,15,17,21,23,24,26,27,29,31,32 "6";
7 17 0 1,5,10,16,31 "7";
8 15 1 4 "8";
9 22 1 0,1,5,11,21,22,24,29 "9";
10 22 1 1,6,8,19,21,23,26,28 "10";
11 0 0 3,5,7,9,15,19,23,31 "11";
12 27 0 0,8,16,20,24,27,29 "12";
13 20 0 0,2,3,5,6,9,11,14,15,17,20,21,23,25,27,30 "13";
14 12 1 3,6,8,9,11,14,17,20,22,23,27,29,32 "14";
15 9 1 0,2,9,10,27,31 "15";
16 17 1 1,4,8,12,13,16,17,26,28 "16";
17 24 1 3,17,25 "17";
18 7 1 3,4,6,11,15,17,20,21,26,31 "18";
19 18 1 3,7,9,10,15,16,17,21,22,24,26,28,30 "19";
20 19 1 3,15,22,24,26 "20";
21 10 1 2,5,7,8,12,13,16,18,19,20,22,25,29,32 "21";
22 30 1 3,4,5,6,11,13,15,17,19,20,23,26,28,29,32 "22";
23 29 1 5,16,17,32 "23";
24 33 1 2,5,12,14,20,22,24,27,30,32 "24";
25 24 1 13,27 "25";
26 3 1 2,3,5,7,9,10,14,16,17,19,24,26,29,31,32 "26";
27 2 1 1,3,4,6,7,9,11,15,16,21,27 "27";
28 7 0 7,8,15,25 "28";
29 19 1 0,7,19,23,26 "29";
30 29 1 1,3,4,6,9,11,13,17,23,25,26,28,31 "30";
31 25 1 3,13,16,20,22,29 "31";
32 12 0 6,15,26 "32";
