parity 83;
0 33 0 1,3,10,13,15,18,20,21,26,28,29,32,39,42,46,51,59,62,72,78,81,82,83 "0";
1 37 1 22,35,40,54,63 "1";
2 45 0 3,5,8,9,12,16,20,27,29,38,39,41,45,51,53,64,65,68,83 "2";
3 55 1 0,4,5,7,11,14,15,17,20,28,29,31,32,34,39,42,45,49,50,54,55,58,60,63,65,67,68,73,74,77,79,82 "3";
4 53 1 2,4,6,10,14,17,19,23,25,30,34,36,37,39,42,43,46,47,54,56,59,65,67,70,73,74,77,81 "4";
5 15 1 9,15,18,19,26,28,29,41,48,50,69,71,74,77,81,83 "5";
6 19 0 3,5,7,9,12,19,21,25,27,30,33,38,39,43,46,47,48,50,53,54,57,58,60,62,64,65,67,69,70,73,74,75,76,81,82,83 "6";
7 16 1 1,4,15,16,20,23,26,29,30,31,36,37,38,41,43,45,46,49,51,54,57,58,60,61,64,68,69,81,83 "7";
8 51 1 0,4,24,33,36,38,44,47,52,62 "8";
9 74 1 2,3,6,8,16,19,22,24,26,27,29,30,31,32,35,37,40,42,43,45,46,48,50,51,52,54,55,58,61,62,63,66,68,71,72,78,80,83 "9";
10 66 0 0,2,5,7,9,16,22,27,30,32,37,40,41,43,46,56,61,63,65,68,70,72,75,76,82 "10";
11 16 0 34,54 "11";
12 55 1 17,51,79 "12";
13 34 0 4,6,48,50,55,58,61,80 "13";
14 14 0 7,30 "14";
15 20 0 0,2,3,6,14,15,18,21,22,24,26,29,35,36,41,44,49,51,52,57,59,61,63,67,68,70,73,74,76,80,83 "15";
16 19 0 18,28,46,67,69 "16";
17 74 1 0,7,10,14,18,28,33,35,41,51,56,65,67,70 "17";
18 41 0 1,6,8,13,14,16,18,23,25,33,35,43,44,48,54,58,60,61,63,68,70,72,80,82 "18";
19 41 1 5,7,13,18,24,40,43,55,64,77,78,82 "19";
20 4 0 1,4,5,8,10,13,15,17,18,20,22,25,26,31,35,36,39,41,43,48,50,55,57,62,66,68,70,73,76,77,79 "20";
21 62 0 2,3,8,10,15,17,20,23,24,26,28,29,31,34,36,37,38,40,43,44,45,47,48,49,51,53,55,56,58,59,60,64,66,68,69,71,73,74,77,78,81 "21";
22 26 0 0,1,2,5,6,10,12,17,20,22,24,27,28,30,31,32,35,40,42,48,50,51,54,56,65,69,71,73,74,76,79,81,82 "22";
23 51 1 0,3,6,7,10,11,14,16,18,19,23,25,27,29,30,31,32,35,38,40,41,46,50,53,57,59,62,65,66,70,71,72,74,76,77,78,79,81 "23";
24 33 0 24,46,52,55,68,77 "24";
25 35 0 2,4,7,12,17,25,26,34,35,38,43,44,46,48,50,53,58,60,62,65,68,70,73,76,78,81 "25";
26 18 0 1,2,4,5,7,11,15,16,18,22,27,32,34,37,38,39,42,45,48,49,52,59,62,63,64,67,70,73,74,79,81 "26";
27 71 1 1,6,11,14,17,18,22,24,31,32,35,36,37,41,45,47,50,52,53,56,60,62,64,66,69,74,78,83 "27";
28 1 0 0,3,13,15,16,26,37,42,43,45,48,56,62,64,69 "28";
29 3 0 1,4,6,7,12,14,16,18,20,27,28,30,31,36,37,39,40,42,45,46,48,50,52,55,56,57,63,66,67,72,75,77,79,83 "29";
30 79 0 0,1,4,7,8,14,15,16,18,19,21,24,27,30,32,34,35,39,41,45,47,48,53,61,62,64,67,68,71,72,77,79,80 "30";
31 50 0 0,6,8,10,13,19,23,25,28,31,32,34,37,41,44,46,49,51,55,58,62,63,65,67,68,70,71,72,78,79,81,83 "31";
32 50 0 0,7,18,28,29,49,55,59,61,68,79 "32";
33 28 0 9,18,33,47,69,75 "33";
34 0 1 0,10,20,25,28,31,37,39,42,48,51,56,58,61,65,66,67,83 "34";
35 65 1 4,8,10,16,18,20,28,30,36,41,44,47,52,54,57,63,65,66,69,75,79,83 "35";
36 13 0 0,2,4,6,10,18,19,24,29,34,41,43,48,50,52,53,56,59,61,62,64,67,70,71,73,76,79,81 "36";
37 18 1 0,2,3,8,9,14,17,21,24,25,28,30,36,37,39,41,42,46,48,49,51,55,58,59,61,63,66,68,73,75,80,83 "37";
38 40 0 1,2,3,5,6,12,15,19,21,24,27,29,30,32,35,36,37,39,41,44,48,51,54,55,57,58,60,62,64,65,67,68,70,71,74,78,80,81,83 "38";
39 54 1 0,1,2,8,10,11,14,16,17,24,26,28,30,34,35,36,37,39,41,43,44,46,47,50,51,53,56,57,58,60,62,63,65,66,69,72,74,78,79,82,83 "39";
40 30 1 1,2,3,6,9,11,12,15,22,24,29,35,39,44,50,52,55,60,61,63,65,66,68,70,75,78,79,80,83 "40";
41 49 1 3,6,11,18,21,29,31,32,35,37,39,44,45,46,47,49,52,57,60,61,62,64,66,71,74,77,78,82 "41";
42 75 0 6,25,43,61,63,67,72 "42";
43 3 1 25,70 "43";
44 65 1 2,5,9,14,21,25,28,29,31,34,37,39,40,45,47,51,54,59,61,66,70,74,76,79,83 "44";
45 62 1 1,3,6,9,10,12,13,15,16,20,22,24,27,28,29,31,33,37,38,42,45,46,47,50,53,54,55,56,59,61,63,65,70,73,79,81 "45";
46 62 0 6,11,24,25,28,32,38,42,47,48,61,62,66,70,71 "46";
47 5 1 5,12,15,16,29,31,41,44,48,56,63,72,75,77,80,81,82 "47";
48 21 1 3,34,38,63,68,76 "48";
49 77 1 1,2,6,12,13,16,17,21,22,26,28,30,33,34,35,37,40,44,46,48,52,53,56,59,61,62,64,68,69,71,73,76,78,80,81,83 "49";
50 35 0 1,3,15,20,29,31,38,44,46,50,52,54,60,66,73 "50";
51 0 0 3,5,25,57,59 "51";
52 15 0 7,16,23,49,61,65,80,83 "52";
53 56 1 8,11,16,17,24,33,41,49,55,57,71,74,77,79,81 "53";
54 3 1 7,27,39,44,82 "54";
55 0 0 3,4,6,7,10,11,12,14,16,17,18,20,23,27,28,29,32,34,36,37,41,45,46,49,51,53,56,58,60,62,67,72,73,75,76,78,79,82 "55";
56 67 1 21,34,49,58,67,76 "56";
57 32 0 16,23,29,37,62,81 "57";
58 61 1 1,2,5,7,11,15,17,20,21,24,26,28,29,32,33,35,36,39,41,43,46,48,50,52,53,56,57,59,60,61,64,65,66,67,69,70,71,73,74,76,77,80 "58";
59 63 1 0,2,7,8,11,12,22,24,25,30,38,45,50,52,59,63,70,76,82 "59";
60 77 0 1,5,6,9,15,16,18,20,21,23,28,34,40,42,45,51,55,63,70,73,83 "60";
61 11 1 3,12,14,17,28,30,34,41,48,54,68,72,75,77,79,82 "61";
62 13 1 1,3,5,8,12,17,19,30,37,53,56,58,62,68,71,77,80,82 "62";
63 9 0 0,6,8,9,11,13,14,16,17,19,22,24,26,31,35,37,41,43,46,48,49,50,52,54,55,57,63,65,66,70,72,73,75,77,80,82 "63";
64 58 0 1,3,4,8,10,12,13,16,18,21,23,24,26,28,30,31,35,37,40,41,43,45,46,48,50,51,57,59,60,63,65,68,69,71,74,75,77,81,83 "64";
65 15 1 39 "65";
66 59 0 1,3,5,7,8,11,12,14,17,22,24,26,27,29,32,34,36,38,40,45,51,53,56,58,59,61,65,66,71,72,74,75,76,80,82,83 "66";
67 23 0 17,20,22,25,31,34,35,39,41,43,45,52,54,56,60,62,65,67,68,79,82 "67";
68 10 1 2,12,14,20,23,24,29,34,36,37,45,48,49,50,53,56,57,58,64,65,66,68,70,73,78,80,83 "68";
69 33 1 0,2,4,10,12,13,14,17,20,22,23,25,27,30,32,34,37,39,41,43,44,45,50,51,53,57,62,63,64,67,69,71,72,75,76,80,83 "69";
70 23 0 8,13,25,35,45,52,61 "70";
71 63 0 8,15,44,61 "71";
72 64 0 2,4,6,10,12,16,18,20,24,26,28,29,30,31,33,34,35,36,40,41,43,44,48,50,57,59,61,62,68,70,72,76,81,82 "72";
73 58 0 6,19,32,39,43,45,52,55,57,64,80 "73";
74 77 1 4,7,8,11,13,15,17,23,25,28,34,36,38,39,44,45,47,50,52,54,58,60,63,64,67,70,72,73,78,80,82 "74";
75 12 0 16,41,47,51,56,70,79 "75";
76 77 0 0,1,2,4,6,7,10,16,21,22,28,35,36,38,40,42,44,45,47,48,51,53,55,60,63,64,66,70,72,74,76,77,78,81,83 "76";
77 62 0 0,1,13,22,35,47,50,52,55,61,67,76,78,81 "77";
78 60 1 3,4,8,9,10,12,14,16,17,24,25,29,30,32,33,35,36,41,45,47,52,56,58,60,63,64,66,68,69,74,76,79,81,83 "78";
79 7 0 2,12,19,22,35,45,48,60,62,68 "79";
80 41 0 0,4,9,17,19,21,33,34,39,43,52,55,59,66,79,80 "80";
81 61 1 0,1,4,7,12,15,18,19,20,23,26,30,33,34,36,37,39,40,42,44,49,52,54,61,65,70,72,75,76,79,81,83 "81";
82 70 1 3,4,17,24,27,28,34,39,40,45,47,53,56,58,60,62,64,72,73,77,79,81,82 "82";
83 81 1 0,2,7,11,13,15,19,21,26,27,31,34,38,40,42,43,45,47,48,51,53,57,58,68,72,76,78,81,82,83 "83";
