parity 173;
0 41 0 53,83 "0";
1 11 0 9,22,24,26,33,35,36,39,44,46,49,52,54,56,60,63,64,71,72,87,91,92,94,97,101,111,112,120,124,125,127,130,136,140,146,148,150,153,161,163,166,173 "1";
2 34 0 2,7,9,12,16,17,19,22,40,43,45,50,53,57,60,70,81,83,87,90,91,92,94,97,108,111,112,113,124,128,131,132,135,136,138,139,143,149,151,152,155,158,172,173 "2";
3 172 1 6,12,25,27,36,42,51,54,78,86,88,97,99,112,123,130,141,149,153,163,169 "3";
4 72 0 3,16,45,48,59,65,71,73,76,80,91,104,112,116,118,126,141,149,156,163,168,170 "4";
5 157 0 0,4,5,7,9,13,15,18,20,21,23,27,34,35,37,39,40,45,46,48,49,53,60,61,64,65,67,69,71,73,82,84,88,90,93,94,96,99,103,106,108,110,113,114,118,123,127,129,131,132,136,140,142,149,155,161,164,167,168,173 "5";
6 53 0 6,9,13,15,16,20,25,26,29,39,41,43,45,50,62,65,68,70,77,79,81,86,89,90,103,107,110,113,115,117,123,124,128,142,143,146,149,152,158,162,165 "6";
7 25 0 58,96 "7";
8 36 0 2,8,10,11,17,22,24,26,32,39,47,52,55,59,62,65,69,72,77,88,94,102,108,126,127,130,133,139,164,167,171 "8";
9 103 1 0,18,30,40,51,60,63,74,114,122,165 "9";
10 64 0 1,4,6,11,19,25,30,35,38,49,53,56,71,79,85,92,94,96,108,109,113,115,123,130,145,150,155,161,165,169,173 "10";
11 104 1 3,7,8,12,14,18,23,29,31,42,44,50,51,55,58,60,64,66,67,69,71,72,74,78,96,98,103,104,110,112,114,117,120,122,126,138,144,147,154,160,163,166,167 "11";
12 46 1 14,121,139 "12";
13 0 1 11,16,18,26,29,31,34,38,50,55,60,93,94,97,98,102,105,111,116,120,126,139,144,152,164 "13";
14 62 0 8,10,13,35,37,42,58,65,66,70,74,75,77,79,83,84,89,90,97,108,109,113,132,135,147,149,156,161,171 "14";
15 129 0 5,13,14,19,20,28,30,34,45,49,56,59,60,61,66,68,69,72,78,80,82,84,95,100,104,112,120,122,128,143,148,164 "15";
16 79 0 20,35,52,76,120,124,131,137,141,145 "16";
17 94 1 0,2,4,5,7,8,11,13,14,18,19,21,22,24,25,27,30,32,35,36,37,39,41,42,46,49,51,55,57,60,61,64,68,69,73,74,76,78,81,84,89,93,94,96,98,100,103,107,108,111,112,115,116,118,121,124,125,127,128,129,131,134,138,140,142,144,148,153,157,158,159,162,165,166,168,170 "17";
18 15 0 9,19,69,120,127,137,146,156,172 "18";
19 60 1 15,23,42,48,51,59,62,70,72,78,79,85,86,89,91,96,101,103,107,110,111,114,115,138,140,153,158,163,169 "19";
20 75 0 0,3,6,15,24,31,48,63,69,86,89,101,103,105,109,115,117,121,124,133,140,147,149,154,162,167,172 "20";
21 34 1 5,13,18,22,36,42,45,55,62,69,70,72,74,76,78,84,96,103,109,123,132,137,140,143,151,154,156,160,162,167,171,172,173 "21";
22 20 0 0,1,4,13,14,22,23,25,28,30,35,38,43,51,53,59,61,62,73,78,82,83,84,88,89,95,102,103,108,113,120,124,136,140,142,147,149,151,157,159,172 "22";
23 49 1 13,22,24,30,41,46,54,58,59,70,71,78,80,82,86,89,93,95,99,115,116,124,134,138,148,153,164,169,172 "23";
24 21 0 2,3,9,12,15,20,27,39,44,45,53,62,63,76,81,87,89,100,108,110,122,124,129,130,132,135,139,147,150,154,160,162,164,167,172 "24";
25 13 1 0,1,2,5,8,10,11,13,15,19,23,28,33,35,37,39,41,42,44,45,47,49,52,55,56,57,59,61,62,64,66,68,69,70,72,73,75,76,78,80,83,84,90,97,101,103,105,107,109,110,113,114,116,117,118,120,123,126,128,130,134,136,138,141,144,146,148,149,150,152,155,156,160,161,162,163,165,166,168,169,170,172 "25";
26 68 0 3,11,14,21,22,24,27,30,38,40,44,55,56,59,67,70,73,76,78,80,84,85,98,100,106,111,114,115,116,120,123,125,136,137,140,149,151,152,157 "26";
27 161 1 0,3,5,6,7,13,20,27,28,31,36,40,41,45,59,61,64,67,69,71,77,78,79,83,91,93,94,101,102,108,109,113,118,120,127,136,138,139,153,157,160,166 "27";
28 60 0 3,7,11,32,37,44,58,62,70,81,91,94,118,123,126,152 "28";
29 64 0 0,2,3,6,12,16,22,26,27,28,32,34,37,40,44,50,55,56,59,60,64,65,69,70,74,76,85,89,95,96,98,100,103,105,111,114,120,122,125,129,131,133,137,138,144,148,150,156,159,168,173 "29";
30 117 1 4,8,10,13,19,23,29,32,37,39,41,42,45,47,50,52,57,59,61,63,65,68,70,73,80,83,85,87,93,96,100,103,106,112,114,118,120,125,127,132,139,143,146,153,155,156,157,159,163,165 "30";
31 2 0 1,14,15,26,33,37,39,59,76,79,82,99,128,130,134,153,162,172 "31";
32 70 0 14,43,127 "32";
33 101 1 0,2,3,7,10,11,12,18,20,23,26,28,30,32,33,35,36,38,39,41,44,45,48,51,53,56,58,60,63,64,67,68,69,70,72,74,78,79,82,83,85,87,88,90,91,96,98,100,102,103,105,113,117,118,120,124,126,130,131,133,135,137,139,141,142,143,145,148,150,153,155,157,161,163,164,165,166,168,172,173 "33";
34 112 1 1,3,5,12,16,18,20,25,26,28,29,31,34,40,41,44,46,48,51,52,55,59,62,66,70,71,73,74,77,79,82,86,88,89,96,102,104,108,114,116,118,121,126,128,131,132,133,135,139,140,142,144,145,149,152,158,160,162,165,166,168,173 "34";
35 16 1 3,5,8,10,13,17,20,22,24,26,28,31,33,34,35,37,38,40,42,43,44,47,48,50,55,56,59,61,63,68,75,77,78,80,81,82,85,87,89,90,92,95,98,102,104,105,106,109,113,116,118,122,124,126,127,131,134,136,137,139,144,145,147,150,152,154,159,161,165,167,169,171 "35";
36 158 0 0,2,7,10,13,18,19,22,24,28,32,36,38,40,42,43,46,58,61,73,74,76,78,80,83,86,89,94,97,99,103,107,109,112,114,119,123,125,127,128,130,132,136,137,146,157,161,168,171,173 "36";
37 155 1 25,29,32,41,53,58,60,64,74,78,79,83,97,103,104,119,120,125,143,145,149,156,159 "37";
38 83 0 0,13,22,25,27,36,41,45,62,68,71,73,92,94,99,112,120,125,135,140,148,150,158,171 "38";
39 13 0 0,2,3,4,5,7,8,10,11,14,17,22,24,25,26,27,31,32,33,36,39,40,41,43,44,47,50,54,57,58,60,61,63,65,67,68,70,71,76,77,79,82,85,90,91,94,97,99,104,105,109,112,115,117,118,120,125,128,129,132,135,136,138,140,142,145,148,152,154,158,160,161,162,167,168,170 "39";
40 62 0 3,4,5,9,14,16,17,24,25,28,30,31,33,34,38,42,48,50,55,57,58,60,64,66,70,74,80,87,89,92,93,96,102,106,113,114,116,118,121,125,126,131,132,134,136,152,156,157,163,165 "40";
41 5 0 0,1,2,4,7,8,10,13,17,18,27,29,31,34,38,40,41,44,48,49,52,53,55,59,61,63,64,65,67,68,71,73,74,76,80,82,86,90,92,95,97,98,101,105,106,109,111,113,116,118,119,121,124,126,130,132,133,136,137,140,141,146,148,150,151,155,157,159,162,164,166,171,173 "41";
42 80 0 12,43,61,89,102,110,118,137,161 "42";
43 109 0 0,2,7,10,14,16,21,22,25,26,31,39,45,56,62,64,73,76,78,80,83,86,92,94,100,106,109,111,120,134,136,140,149,150,154,158,165,168,173 "43";
44 66 1 0,5,7,9,11,16,18,29,32,38,42,48,54,58,61,71,73,80,83,85,86,88,89,91,92,94,95,99,100,102,103,104,105,107,114,116,119,120,124,126,130,132,133,135,136,139,140,141,151,152,155,159,162,163,166,167,169,171 "44";
45 143 1 1,3,5,6,10,14,16,17,19,20,23,26,27,30,31,35,36,39,41,42,45,47,50,52,53,58,59,61,63,64,67,69,70,77,81,82,83,84,88,90,91,93,94,97,103,106,107,109,113,114,117,119,122,123,125,126,128,132,135,137,140,141,142,143,146,147,149,150,153,154,156,157,159,160,162,163,165,166,171,173 "45";
46 44 1 15,24,63,134 "46";
47 124 1 52,62,71,74,77,83,89,95,108,145,172 "47";
48 8 0 25,28,30,43,51,81,83,86,90,116,121,124,135,139,145,147,158,165 "48";
49 50 0 1,2,7,15,19,23,26,29,30,32,41,43,45,54,56,58,60,67,71,80,83,86,87,91,92,102,103,107,115,117,123,130,131,132,136,141,146,150,152,162,164,168,171 "49";
50 38 1 1,4,5,9,11,15,17,19,26,30,32,33,34,36,38,42,46,47,51,52,55,56,58,60,61,65,68,69,74,77,78,87,88,89,96,98,103,105,106,108,110,112,115,117,120,122,124,125,127,128,130,132,137,141,142,144,146,150,152,160,165,167,171,173 "50";
51 148 0 0,2,4,7,10,15,18,19,23,25,26,31,32,33,35,36,37,39,40,43,45,48,49,50,51,53,54,55,58,60,63,65,68,69,71,72,75,78,79,81,85,86,89,91,93,94,95,99,102,104,105,112,115,116,117,121,124,125,129,130,132,133,136,138,140,142,144,145,147,150,151,153,155,158,160,162,163,165,167,170,171,173 "51";
52 102 0 1,3,4,5,7,10,16,17,33,42,45,48,64,73,74,77,78,86,95,96,98,102,106,108,110,121,126,128,129,132,136,137,140,147,149,150,152,154,157,159,161,164,170,171 "52";
53 41 1 15,99,119,155 "53";
54 63 0 5,6,12,16,20,21,27,28,30,33,36,44,49,50,52,55,68,70,73,74,76,77,81,82,84,86,87,91,93,101,103,106,107,111,116,118,119,122,128,131,137,146,153,158,161,163,164 "54";
55 95 1 2,4,12,16,23,28,32,35,41,49,52,55,57,59,61,62,70,75,77,83,95,97,102,106,108,109,111,113,118,123,124,129,143,149,156,160,163,166 "55";
56 78 1 28,29,30,42,50,56,61,72,96,122,138,150,170 "56";
57 91 0 0,1,3,6,8,10,16,17,19,22,24,26,29,34,35,37,43,45,48,50,54,56,59,60,62,63,64,66,67,69,73,74,77,79,80,83,85,87,88,89,92,94,96,97,101,102,104,105,108,110,112,113,114,116,120,121,124,129,130,132,133,134,136,137,139,141,143,144,145,146,148,149,151,153,156,157,159,160,161,163,164,165,168,173 "57";
58 50 1 9,15,16,20,24,27,40,43,46,53,55,60,68,76,78,87,90,92,100,110,112,120,125,128,135,136,138,141,147,151,160,166,168,172 "58";
59 47 1 1,3,5,7,10,11,12,13,15,16,17,18,21,22,25,27,28,30,32,36,38,40,42,43,45,46,47,49,52,53,54,56,58,61,63,64,65,67,68,70,73,75,76,77,78,79,81,86,90,94,96,97,98,101,103,104,106,108,109,111,112,114,117,118,120,122,123,125,128,130,132,134,135,140,146,148,149,151,155,156,160,162,167,170 "59";
60 30 1 5,10,13,18,21,27,28,36,38,39,55,60,62,65,70,78,80,83,102,116,132,134,137,150,152,158,161,168,170 "60";
61 30 1 0,2,6,8,13,15,18,22,23,24,27,31,33,36,38,40,42,44,45,47,49,51,53,54,61,64,72,77,80,81,85,87,88,91,92,96,98,99,106,107,109,113,115,116,120,122,123,126,128,129,130,135,137,140,142,146,148,150,152,154,156,157,159,164,167,168,171,172 "61";
62 12 1 0,6,20,26,28,29,34,37,39,44,45,47,49,53,55,56,58,61,62,64,68,75,77,79,81,82,85,89,93,98,102,107,109,111,112,117,123,126,134,139,143,146,147,152,155,157,161,163,166,168,169 "62";
63 125 1 2,3,5,7,12,14,16,17,22,23,30,32,33,37,40,42,45,51,53,56,58,60,63,65,68,71,75,78,80,83,85,87,88,90,91,92,93,94,97,102,103,105,110,112,115,121,125,126,128,129,134,136,137,139,142,144,146,153,155,157,160,161,162,167,170,172 "63";
64 74 1 17,23,32,39,45,48,56,69,72,74,93,95,96,97,99,112,120,122,151,157,159,162,171 "64";
65 23 0 0,6,12,22,33,37,40,50,61,70,79,81,82,85,91,102,107,110,111,118,122,124,125,146,147,158,161,166,168 "65";
66 158 0 1,3,4,6,7,9,13,15,16,18,19,21,24,25,27,29,32,35,37,39,40,41,44,48,49,55,57,58,65,67,71,75,78,79,81,85,87,90,91,93,96,99,100,104,105,107,108,109,112,113,115,117,118,123,125,127,130,132,133,141,144,147,148,149,151,153,154,155,157,158,160,162,164,166,168,170,173 "66";
67 25 0 9,33,35,48,49,63,71,81,84,88,133,157,160,168 "67";
68 133 0 17,34,71,116,136,141,142,143,164,172 "68";
69 146 1 5,9,12,14,17,20,28,34,35,37,40,44,46,49,51,57,58,61,64,67,74,80,85,86,88,97,104,106,110,120,125,127,129,132,138,144,150,151,153,157,164,172 "69";
70 132 0 2,12,20,23,24,36,46,51,59,62,69,72,76,77,78,84,85,89,91,93,106,109,111,116,123,125,135,139,144,149,151,153,158,160,161,162 "70";
71 44 1 2,5,11,18,22,25,27,31,35,40,41,54,55,61,71,74,75,76,89,93,104,116,122,123,127,134,138,145,149,151,152,154,155,163,170 "71";
72 156 0 14,16,18,24,29,34,48,57,61,62,65,71,89,105,108,113,124,146,150,164,169,173 "72";
73 15 1 5,10,12,15,18,21,29,31,33,36,42,44,45,48,52,57,61,68,69,71,78,83,84,90,92,93,101,103,106,108,110,113,117,127,130,134,136,137,146,150,154,159,168,170,171,173 "73";
74 125 1 0,3,5,7,9,13,16,18,20,22,24,32,33,35,36,38,40,46,51,53,54,57,62,64,70,71,74,76,79,82,86,87,89,91,93,96,104,109,121,126,131,133,134,135,144,146,148,153,156,159,161,164,165,169,171 "74";
75 111 1 0,2,4,6,8,10,11,14,17,19,21,22,25,29,31,32,38,39,44,46,48,50,51,52,54,56,58,59,61,63,64,68,69,71,73,74,76,77,78,81,87,91,93,96,97,99,102,103,105,107,109,110,111,114,116,117,120,121,124,125,128,133,135,142,143,146,147,148,150,154,155,158,165,170,171,173 "75";
76 48 0 10,38,43,133,159,170 "76";
77 134 0 6,22,25,29,50,56,61,69,88,90,95,152,156,159,170 "77";
78 137 0 2,8,11,13,15,16,18,23,26,28,36,37,40,42,44,45,53,75,85,91,94,96,99,102,104,108,109,118,122,127,134,142,143,145,149,150,151,152,156,162,165,167,169,171 "78";
79 142 0 1,3,7,10,13,16,17,20,21,24,27,28,29,31,32,35,37,39,44,45,47,49,52,54,57,58,60,62,64,65,68,74,75,76,80,83,84,86,87,90,92,94,95,98,101,102,105,106,107,109,112,114,116,120,122,123,125,129,133,134,136,138,140,143,144,145,147,148,151,154,158,163,165,170,172,173 "79";
80 4 0 2,3,5,6,19,21,25,30,34,41,47,59,60,62,63,65,71,75,86,88,94,97,98,102,103,106,114,116,119,128,130,133,139,144,146,153,156,162,169,170 "80";
81 51 1 0,1,2,5,7,9,11,13,16,19,20,21,22,25,28,29,35,36,40,47,49,51,52,54,59,60,61,65,66,68,71,73,74,77,78,80,81,83,88,90,92,93,96,98,99,100,101,104,105,107,108,110,112,113,115,121,123,124,127,128,129,133,134,135,138,140,141,146,148,151,153,154,156,158,160,162,164,166,167,169,170,171 "81";
82 0 0 0,2,6,8,11,13,17,22,25,28,31,32,34,37,41,42,44,46,47,48,51,52,54,62,64,69,70,72,75,78,80,81,85,88,89,91,94,96,97,100,101,104,107,113,115,119,121,125,127,129,132,134,136,137,140,141,143,144,149,151,152,155,156,157,159,160,162,165,166,172,173 "82";
83 45 0 0,2,7,10,16,18,21,23,26,27,30,33,34,36,38,44,47,53,55,58,67,69,79,82,84,86,87,94,97,100,102,104,107,109,111,114,118,121,123,125,127,137,142,143,145,148,151,160,162,164,166 "83";
84 39 1 5,11,12,14,23,28,36,40,42,46,47,49,50,54,56,60,62,63,64,68,73,78,79,81,83,84,86,89,90,95,97,98,102,104,108,109,111,112,121,125,128,135,138,140,142,147,148,149,150,151,153,154,158,166,168,170,173 "84";
85 17 0 1,3,5,7,9,11,12,16,18,19,23,26,27,31,32,36,40,42,49,51,53,55,58,59,61,65,69,76,80,81,86,90,95,98,100,104,108,111,117,119,120,124,127,130,132,134,136,139,141,146,150,154,157,160,163,165,167,168,169,171,173 "85";
86 37 0 4,5,7,11,13,15,16,18,20,24,26,27,29,32,33,35,37,38,41,42,43,45,48,50,53,54,57,59,60,62,64,66,67,69,70,71,72,73,77,78,80,83,87,88,91,93,95,96,97,99,103,104,108,109,110,112,113,114,116,118,119,121,126,128,130,131,133,134,135,137,140,143,144,147,148,150,152,154,158,160,162,166,167,170,171,173 "86";
87 160 1 1,3,4,6,8,10,13,15,17,18,21,24,26,28,30,31,32,33,34,37,38,41,43,45,47,48,49,51,53,54,58,60,63,65,66,68,70,73,75,76,78,80,83,85,86,87,90,91,93,97,99,100,102,105,107,109,110,115,116,117,120,121,124,126,129,131,133,135,138,140,141,143,144,147,149,151,152,154,155,156,162,164,167,170,171 "87";
88 52 0 2,4,7,23,24,28,30,36,42,71,73,75,76,79,83,85,88,89,96,97,115,117,122,124,132,136,138,141,142,163,164 "88";
89 132 1 26,37,41,86,136,138,150,163,169 "89";
90 151 1 0,2,3,6,8,10,11,15,17,22,26,28,30,35,36,41,42,44,45,49,52,53,55,56,58,61,62,68,70,72,74,75,78,82,83,85,88,90,94,96,98,100,102,106,108,112,115,116,117,119,126,127,128,130,131,136,137,138,140,142,144,147,152,154,157,159,161,166,169,173 "90";
91 163 1 10,17,20,30,45,56,60,76,82,84,95,102,112,116,119,121,123,155,162 "91";
92 68 0 9,11,13,18,23,25,27,31,37,41,60,72,77,91,94,111,143,149,165,168 "92";
93 60 0 1,2,4,6,9,15,18,22,23,24,29,32,36,37,38,42,43,44,46,47,48,50,51,52,53,56,60,63,65,74,75,76,78,79,81,87,89,90,92,94,95,98,103,105,106,108,111,112,114,116,117,119,122,123,127,128,130,132,134,137,139,145,150,153,155,162,163,165,166,168,171,173 "93";
94 45 1 131,138,147 "94";
95 169 0 0,2,3,5,7,19,21,25,28,31,34,35,39,41,46,49,53,57,58,64,65,67,72,73,74,76,78,80,81,86,87,91,95,98,100,103,104,108,110,115,118,121,127,129,132,134,139,141,144,146,148,153,156,157,159,163,166,167,168,172 "95";
96 83 0 0,1,3,5,6,7,9,11,14,16,18,19,22,26,28,29,31,32,33,36,37,39,40,42,44,46,47,50,51,54,56,58,59,61,62,64,66,68,73,74,76,78,81,84,87,90,93,96,98,99,101,102,104,107,108,111,113,115,116,118,119,125,126,127,130,132,134,138,140,143,145,146,148,150,153,154,156,157,159,163,169,170,171,173 "96";
97 64 1 0,3,6,8,10,12,13,15,20,26,28,35,36,38,41,46,50,52,61,62,63,65,70,72,74,79,84,85,87,92,96,100,102,105,111,117,119,121,125,129,131,133,138,140,142,143,145,148,155,158,159,161,164,169,171 "97";
98 109 1 27,45,46,68,70,107 "98";
99 31 1 21,125,127 "99";
100 149 1 11,17,42,43,61,64,112,117,119,129,133,170 "100";
101 135 1 0,2,4,5,10,12,14,16,18,20,23,24,31,32,36,38,40,42,44,46,50,52,63,66,67,71,72,74,75,80,85,87,90,99,101,103,108,109,112,113,115,120,125,129,131,133,135,136,138,140,142,143,145,148,150,151,153,155,158,160,163,166,171,173 "101";
102 13 0 2,7,10,13,17,23,27,31,35,48,65,68,71,72,78,84,96,117,128,155,161,170 "102";
103 77 1 0,2,3,4,6,8,9,10,15,17,19,24,26,28,30,34,35,37,40,43,45,48,52,56,57,60,61,68,70,72,74,75,79,82,83,88,90,92,94,99,103,105,106,108,109,111,113,115,118,123,126,133,135,137,139,142,146,147,150,152,154,156,158,159,161,163,165,166,167,169,172,173 "103";
104 132 1 0,1,2,3,6,10,11,13,17,28,32,34,35,39,44,46,47,48,50,56,64,67,69,72,74,77,79,84,88,94,96,106,107,111,112,114,115,125,127,130,131,138,140,141,143,144,147,148,151,156,158,163,167,169,171 "104";
105 46 0 0,5,7,8,11,12,14,16,17,19,21,24,26,28,29,30,31,34,36,38,39,40,43,47,49,53,55,57,59,62,65,66,69,71,72,75,77,82,83,85,88,89,92,93,95,97,99,101,105,106,108,110,112,114,115,117,119,120,122,126,127,128,130,131,133,137,138,141,142,143,146,147,149,150,151,154,155,157,158,161,163,168,169,172,173 "105";
106 154 1 0,1,5,10,12,18,21,22,27,28,32,36,43,45,49,56,58,61,63,68,71,73,75,76,78,79,82,85,92,94,99,104,106,109,117,121,123,126,131,136,139,144,153,157,160,165,168,173 "106";
107 48 1 40,69,74,84,87,142,145,147,158 "107";
108 147 0 10,12,13,19,23,25,27,29,32,34,40,42,47,48,51,57,59,60,63,69,71,84,88,98,106,110,118,120,122,124,127,130,133,138,142,147,149,153,155,159,162,169,171 "108";
109 7 0 0,2,5,13,14,18,23,25,30,33,34,40,42,44,50,53,54,56,58,64,66,71,73,76,78,81,82,84,87,90,91,93,94,96,97,99,104,108,109,110,114,115,117,120,121,124,126,129,130,132,133,136,137,138,140,143,144,146,147,148,149,154,155,156,160,162,164,165,166,169,171 "109";
110 37 0 0,2,3,4,8,11,14,16,18,20,22,25,26,28,30,34,37,40,45,48,53,54,58,59,61,63,67,68,72,75,78,81,84,85,87,90,93,94,96,100,102,103,105,107,110,111,112,116,118,120,121,122,123,126,128,132,133,139,144,150,153,154,156,158,161,163,167,168,170,172 "110";
111 101 1 4,5,7,10,11,13,14,15,17,18,20,25,26,31,32,33,35,36,39,40,41,43,44,47,48,49,53,55,57,58,59,67,69,70,72,73,74,78,79,81,83,85,87,89,91,94,96,98,99,102,106,108,110,111,112,113,117,118,120,121,123,125,126,129,131,132,134,135,137,138,139,141,142,146,147,149,151,154,156,158,159,165,166,168,169,170 "111";
112 160 0 20,22,30,49,56,61,63,68,81,88,95,113,155,165 "112";
113 115 0 4,7,10,19,22,23,28,29,30,32,35,37,43,45,47,48,53,54,57,60,62,63,66,70,72,75,76,79,81,82,85,87,89,92,94,96,100,104,110,113,114,117,120,122,128,131,132,134,136,137,140,142,144,145,147,149,150,153,154,160,166,167,168,169,170,172 "113";
114 103 0 6,8,9,12,16,17,20,21,23,25,26,31,38,40,41,43,48,52,60,61,63,65,66,67,75,78,82,84,86,91,92,94,100,104,106,107,110,114,118,123,124,126,130,133,134,139,142,146,148,150,154,160,162,165,167,171,172 "114";
115 80 0 14,17,28,51,77,83,114,124,130,147,162,173 "115";
116 122 0 0,2,4,5,6,13,15,18,21,37,38,49,52,65,67,77,78,80,87,89,91,92,95,96,100,104,107,111,115,121,128,131,139,142,148,153,157,162,164,166,168,171,172 "116";
117 101 1 11,13,20,22,35,43,45,54,59,62,70,79,82,92,104,110,123,142,144,147 "117";
118 78 1 7,10,13,14,15,18,42,48,51,60,76,82,86,96,103,105,115,126,129,159,162,164,173 "118";
119 52 1 1,3,4,6,7,8,10,14,17,21,22,23,25,27,28,30,32,33,35,38,39,40,41,42,44,48,49,51,53,55,57,59,63,66,68,70,72,73,74,76,78,79,82,84,86,87,88,90,94,96,98,101,102,107,109,111,112,115,117,119,120,123,125,127,128,131,132,134,136,138,141,142,146,149,150,152,153,156,157,159,161,162,164,165,169,172 "119";
120 91 0 17,19,26,27,32,48,63,64,71,80,85,89,110,112,131,145,157,160,162,163 "120";
121 87 1 48,113,136 "121";
122 109 1 3,5,16,44,48,58,60,75,78,86,90,101,105,123,132,134,142,148 "122";
123 87 0 2,4,5,8,10,13,15,18,23,27,30,35,36,39,41,45,47,50,52,55,58,60,66,67,68,69,73,78,79,81,82,86,88,90,92,94,95,100,104,105,111,113,114,117,120,123,125,129,130,132,134,141,144,145,147,150,151,154,155,156,160,162,165,166,168,169,172 "123";
124 9 1 6,8,10,14,18,19,22,34,36,38,40,44,45,49,52,53,57,60,62,64,67,69,70,73,76,81,83,86,89,91,95,98,99,100,102,103,105,107,110,112,115,117,118,120,124,126,127,130,133,134,135,137,138,140,143,146,148,149,155,156,157,159,161,165,168,173 "124";
125 12 1 1,3,4,7,9,12,14,17,20,22,24,25,27,29,30,31,33,35,36,39,41,43,45,46,49,50,53,55,56,59,60,62,67,68,70,71,73,78,82,83,84,87,88,90,94,95,96,98,100,101,103,106,107,111,112,113,114,117,119,121,122,123,126,130,131,132,134,136,139,140,142,144,148,150,153,156,157,160,161,163,165,166,172,173 "125";
126 100 1 1,4,17,22,37,42,43,50,58,76,81,87,89,107,121,131,136,140,144,145,149,153,169 "126";
127 147 0 16,37,68,103,105 "127";
128 27 0 92,124,152 "128";
129 131 0 9,33,39,58,69,103,154 "129";
130 38 0 0,2,3,4,8,12,13,15,17,19,20,21,23,26,28,29,31,33,36,38,40,42,44,46,49,52,54,55,58,61,67,69,71,72,74,76,78,81,83,86,88,90,91,93,95,98,104,106,108,110,112,115,116,118,119,125,128,131,132,133,135,137,140,141,142,145,148,149,151,152,154,155,156,158,160,161,163,165,166,167,168,170,171,173 "130";
131 165 0 0,1,3,8,10,12,15,20,26,30,33,36,38,41,44,46,49,51,57,65,68,69,71,73,80,82,83,87,91,93,96,99,103,113,120,123,124,127,128,132,136,137,141,142,146,148,151,156,159,169,171 "131";
132 95 0 0,3,6,8,9,11,14,16,18,20,21,23,33,34,36,37,38,40,43,47,55,57,59,62,66,67,68,70,72,74,75,78,79,81,82,91,93,101,102,104,105,107,108,111,115,118,120,122,127,129,133,135,137,140,143,145,149,156,157,158,160,161,163,164,167,170,171 "132";
133 151 0 0,2,3,4,5,7,9,10,14,15,17,21,24,26,28,31,32,34,35,37,41,43,44,48,49,50,51,53,54,56,60,62,65,66,68,69,71,72,75,79,81,83,85,88,95,99,100,101,103,104,105,112,113,115,116,119,121,124,125,128,129,130,131,133,138,139,141,142,143,147,149,152,153,155,156,157,160,162,163,165,166,169,170,173 "133";
134 110 0 0,3,7,9,13,14,16,18,19,20,24,26,28,30,35,41,44,45,48,50,51,53,55,58,60,65,72,74,75,77,80,83,89,96,102,103,107,114,115,117,118,123,127,130,135,139,141,142,144,147,149,150,151,152,154,160,164,166,167,169,170,173 "134";
135 125 1 0,2,3,4,7,8,10,12,14,15,18,21,23,25,26,28,29,31,32,35,38,40,42,44,46,47,49,50,56,57,58,61,62,64,65,66,67,70,71,73,75,77,82,84,86,89,90,92,94,96,98,99,102,105,106,107,108,110,115,119,122,123,125,126,133,135,136,137,141,142,144,145,147,149,152,155,156,159,162,166,167,170,171,173 "135";
136 128 0 7,16,19,27,29,34,37,42,44,48,50,57,59,65,68,75,76,77,81,83,95,99,101,106,111,112,117,118,119,124,133,142,143,144,148,150,151,160,165,172,173 "136";
137 63 0 0,3,10,17,20,26,28,30,34,36,42,45,48,52,55,60,63,75,82,89,92,96,97,98,99,103,105,107,113,116,117,119,121,129,136,139,142,143,145,147,150,154,157,158,162,168,171,173 "137";
138 162 1 1,4,8,10,13,16,17,19,20,26,29,30,31,36,40,43,45,49,53,57,59,61,63,64,67,72,76,77,81,82,85,86,89,94,95,96,98,100,102,105,108,110,111,112,114,117,119,124,125,130,131,133,137,139,141,142,146,152,157,159,162,163,165,166,172 "138";
139 110 1 8,9,48,86,88,156 "139";
140 22 1 0,3,7,9,10,15,20,28,29,33,35,38,43,44,47,50,56,59,62,64,66,69,70,72,75,77,84,85,90,92,99,100,102,105,107,109,115,117,122,124,128,130,134,136,137,138,144,145,150,153,154,163,167,171,173 "140";
141 126 1 0,4,10,11,13,16,17,20,22,25,27,29,30,32,33,35,36,38,40,42,43,46,47,49,51,52,53,61,64,67,69,74,77,78,79,81,82,84,87,88,89,91,96,98,99,101,105,106,107,111,112,113,114,117,118,122,126,128,130,131,132,134,139,141,142,144,145,150,153,154,155,158,160,161,162,163,165,173 "141";
142 121 1 1,3,13,15,20,21,31,32,43,56,77,81,98,105,121,126,135,149,152,157,162,165,166,169,172 "142";
143 91 0 1,2,9,14,15,17,18,20,21,22,24,26,34,37,39,44,46,51,53,56,60,67,69,71,77,79,84,91,92,96,99,100,102,104,105,106,110,116,122,129,130,134,137,143,144,149,150,158,161,168,172 "143";
144 158 0 5,8,11,13,15,23,27,29,32,34,35,37,39,42,50,56,58,59,65,69,72,75,79,82,84,88,89,97,104,106,112,116,121,123,128,134,135,139,141,147,148,150,152,153,156,162,164,169,171 "144";
145 145 0 1,9,12,14,15,16,19,21,25,26,28,30,31,32,34,36,40,41,42,44,46,48,51,53,59,61,62,65,68,70,77,82,83,85,88,90,93,97,101,102,103,108,113,114,116,118,121,122,124,125,128,129,131,134,137,138,143,144,147,149,151,154,158,161,164,169,171,172,173 "145";
146 56 0 0,26,78,82,92,105,130,143,152 "146";
147 166 1 0,3,4,6,7,8,12,14,15,16,18,22,23,26,27,29,32,36,38,41,43,45,48,49,51,54,56,57,58,59,62,64,66,68,70,71,74,76,78,79,82,83,84,86,89,92,94,96,98,101,104,105,106,110,112,115,118,120,123,124,126,128,129,130,132,133,135,136,140,142,144,145,147,151,154,155,157,160,161,163,170,172 "147";
148 92 0 1,21,26,28,35,45,58,62,82,110,120,126,134,142,151,172 "148";
149 85 0 46,79,96,132,140 "149";
150 94 1 2,3,8,12,14,15,17,21,23,29,33,34,35,38,40,47,48,49,52,54,56,58,61,64,66,69,73,74,76,77,80,82,84,85,86,88,90,94,97,98,99,100,102,105,108,111,112,115,118,120,122,123,126,128,130,132,133,134,136,137,139,140,141,145,147,149,153,154,155,157,160,165,169,172 "150";
151 67 0 33,44,57,94,98,99,101,113,141,146,171 "151";
152 81 1 0,3,8,10,14,17,22,24,31,33,35,38,40,46,47,53,62,64,73,74,80,83,85,86,89,97,111,112,118,120,122,123,129,135,137,140,141,155,156,163,166,170,172 "152";
153 84 1 1,6,9,13,16,22,23,25,29,38,40,44,55,58,59,71,73,76,77,79,84,86,90,92,93,95,98,100,101,105,110,116,118,120,122,125,128,129,140,142,149,152,156,157,162,168,173 "153";
154 83 0 3,17,21,57,100,111,148 "154";
155 52 1 1,4,9,11,13,14,15,19,20,23,25,27,30,32,36,37,38,40,41,43,44,45,46,48,50,55,57,58,61,62,63,65,67,69,71,72,74,75,77,79,81,82,84,86,88,90,92,93,94,96,98,99,101,102,104,109,110,114,115,118,119,122,124,125,128,130,132,134,136,137,139,140,141,144,145,148,151,153,155,156,158,161,164,165,166,169,171 "155";
156 134 1 7,15,19,24,27,29,33,37,52,81,83,88,101,119,128,140,145,146,148,165,170 "156";
157 73 1 0,6,7,9,11,13,20,22,23,26,29,33,35,37,41,42,44,46,49,52,54,55,61,63,66,67,69,73,74,76,78,81,85,86,88,95,96,99,101,102,109,113,116,117,122,123,128,129,134,135,140,145,147,151,152,153,160,161,164,167,171,172 "157";
158 157 0 47,62,65,69,94,102,140,150,151,167 "158";
159 129 0 4,13,20,23,26,30,33,35,53,68,76,83,99,106,113,116,118,119,121,123,129,134,138,145,147,154,157,162,170 "159";
160 62 1 3,46,86,109,139,149,164,168 "160";
161 91 1 0,2,9,19,21,24,29,30,34,36,49,51,55,58,61,67,81,85,87,89,95,102,104,105,107,109,119,126,135,139,141,142,144,151,152,161,165,171 "161";
162 36 0 0,2,3,6,9,11,16,19,21,25,26,28,29,30,33,37,38,40,42,46,50,51,53,54,56,57,61,62,63,64,65,71,72,74,76,78,79,81,83,86,89,90,92,96,100,102,105,107,109,111,113,116,118,123,126,128,129,130,131,133,134,138,139,141,142,144,145,146,147,148,151,152,154,155,156,158,159,161,163,164,167,169,170,173 "162";
163 90 0 0,3,5,7,8,14,16,17,19,21,25,27,29,33,36,37,39,47,49,56,59,61,67,70,73,74,82,84,89,95,98,99,100,103,110,115,119,122,128,132,135,136,138,140,145,146,148,151,154,155,157,162,164,169,171,172 "163";
164 14 0 1,7,9,12,15,21,24,29,40,41,59,64,67,71,73,78,82,84,94,103,106,114,118,126,131,135,141,150,160,170 "164";
165 92 1 15,28,65,72,90,94,113,140,156 "165";
166 161 0 12,72,112,130,166 "166";
167 98 0 0,4,11,19,35,42,46,48,50,59,66,69,84,92,99,103,112,122,139,149 "167";
168 20 1 5,6,11,13,27,33,39,66,75,80,81,88,101,105,125,139,143,154,162,172,173 "168";
169 61 0 7,13,22,23,53,59,68,71,73,76,84,88,92,95,102,107,114,115,119,123,129,133,134,138,139,145,148,151,157,160,166,169 "169";
170 15 0 7,13,19,21,25,36,38,39,41,48,49,53,62,63,67,69,73,76,96,97,100,104,107,108,116,117,122,131,134,136,138,141,144,145,153,159,161,164,166 "170";
171 51 1 0,1,3,4,8,9,11,13,14,16,20,23,25,27,28,29,31,34,39,41,43,44,48,49,52,54,55,57,60,61,63,65,68,72,77,78,79,84,86,88,89,93,96,98,102,105,107,108,110,111,112,118,122,123,124,126,129,131,136,138,139,145,147,149,153,157,160,163,164,166,167,169,171,173 "171";
172 89 0 17,23,152,160,163 "172";
173 37 0 0,2,3,4,9,10,12,14,16,18,22,23,25,27,30,33,34,38,41,42,43,47,49,52,53,54,56,58,59,61,63,64,68,69,72,74,75,81,83,84,87,89,90,93,95,98,100,102,104,106,108,110,112,114,115,116,118,120,121,122,124,125,127,129,130,131,133,134,135,138,140,141,144,146,148,151,152,153,155,157,159,161,162,164,169,170,172 "173";
