parity 58;
0 7 1 1,3,5,6,12,13,21,24,29,33,40,45,51,52,58 "0";
1 25 0 0,3,7,8,10,12,14,15,18,20,21,23,24,26,27,31,32,33,35,37,39,41,43,48,50,53,54,55 "1";
2 32 0 2,4,6,9,11,14,17,22,25,26,29,30,32,33,35,37,41,44,49,55,56,57,58 "2";
3 49 1 2,7,9,12,14,40,44,52,55,58 "3";
4 4 0 2,4,7,13,14,23,25,28,33,44,47 "4";
5 47 1 1,2,5,6,8,9,15,17,20,23,24,26,29,32,34,36,38,40,43,45,47,48,50,51,52,54,56 "5";
6 4 1 2,3,5,7,8,9,16,23,31,34,36,40,42,57 "6";
7 23 1 1,9,28,37,43,47 "7";
8 40 1 1,2,5,9,12,13,15,16,22,28,31,33,34,35,38,39,40,42,43,47,49,50,54,56,57 "8";
9 41 0 2,8,12,16,20,23,28,30,33,35,39,46,50,54,55 "9";
10 55 1 19 "10";
11 7 1 0,2,4,14,18,21,27,29,33,34,35,38,39,41,43,54 "11";
12 28 1 1,7,28,34,40,41,47 "12";
13 22 1 0,3,4,9,10,11,12,14,16,19,20,24,26,28,29,34,35,36,38,43,47,50,52,53,54,56,58 "13";
14 58 0 3,5,6,8,9,11,13,15,16,18,21,22,24,25,28,34,35,36,39,42,43,44,45,47,49,53,55,56,58 "14";
15 1 1 0,1,2,6,7,10,12,14,16,18,20,23,26,27,29,30,33,34,36,38,39,41,42,46,50,51,52 "15";
16 32 0 2,4,17,27,36,53,58 "16";
17 43 1 5,8,9,15,25,39,44,57 "17";
18 47 0 7,9,11,13,17,21,24,26,29,31,34,36,38,39,46,49,53,57,58 "18";
19 28 0 0,1,2,4,6,8,9,11,12,15,17,19,23,24,27,28,29,32,35,38,41,42,43,44,47,51,55,57,58 "19";
20 20 0 1,5,9,12,17,24,27,34,37,40,43,50,54,56 "20";
21 35 1 2,4,5,7,8,10,11,16,19,28,33,37,39,42,45,49,51,54,55,56 "21";
22 7 1 26,51 "22";
23 39 0 0,4,5,8,10,11,14,16,17,19,21,23,26,27,31,33,37,38,42,44,46,48,50,52,56,58 "23";
24 12 0 1,2,4,5,10,12,15,20,22,24,25,26,28,33,34,37,38,40,42,45,46,49,51,53,55 "24";
25 54 1 0,1,7,8,11,14,17,19,21,22,24,27,29,31,36,38,40,42,44,51,52,54,56 "25";
26 45 0 1,7,12,22,32,35,38,39,46,55 "26";
27 10 0 1,5,6,11,13,18,20,25,26,38,40,43,46 "27";
28 0 1 2,10,11,48,52 "28";
29 43 0 1,2,11,13,16,17,21,27,28,30,32,35,36,38,40,41,43,48,50,52,54,55,58 "29";
30 34 1 4,5,7,10,13,15,18,29,37,40,44,46,48,56,58 "30";
31 52 0 3,6,18,26,27,35,39,41,47 "31";
32 12 0 34,39,49,50,55 "32";
33 58 0 1,7,9,10,12,14,17,23,26,29,31,38,39,41,42,46,48,50,55,57 "33";
34 15 0 3,5,9,19,21,24,29,34,35,38,43,45,48,49,52,55 "34";
35 26 0 1,2,5,10,13,14,15,17,21,25,29,34,38,41,42,44,47,54 "35";
36 13 1 0,1,3,9,11,12,13,17,18,19,22,23,26,28,31,40,41,42,44,45,46,48,49,50,51,52,54,56,57 "36";
37 1 1 1,3,6,12,14,22,23,25,27,29,39,45,51,54 "37";
38 32 0 5,6,11,12,13,17,18,20,21,23,27,29,30,31,33,35,38,41,42,52,58 "38";
39 49 0 15,41 "39";
40 46 0 5,7,8,11,13,15,16,18,20,21,24,26,29,30,32,34,36,39,40,42,44,45,50,55,57 "40";
41 39 1 4,12,24,27,31,37,51,53 "41";
42 50 0 15,17,22,27,28,36,40,49,52,53 "42";
43 13 0 10,22,24,25,26,29,37,48,56 "43";
44 16 1 1,3,18,24,38,56 "44";
45 11 0 2,8,12,15,19,25,29,31,32,39,52,57 "45";
46 59 1 4,10,14,15,17,24,26,29,33,52,56,58 "46";
47 5 0 4 "47";
48 11 1 0,2,3,5,9,12,13,15,17,18,20,23,24,28,30,32,34,35,39,41,42,43,44,49,51,55,58 "48";
49 8 1 0,6,10,14,15,17,23,25,27,31,32,36,41,45,47,52 "49";
50 2 0 2,3,4,6,7,11,13,14,15,18,19,20,21,25,26,28,30,33,35,37,38,40,42,43,49,50,53,56,57,58 "50";
51 57 0 2,4,6,9,11,13,14,16,18,19,21,23,24,26,28,30,31,33,34,36,38,41,44,45,47,50,51,52,53,56 "51";
52 38 1 3,5,8,14,16,19,25,27,31,32,39,45,55,56,57 "52";
53 48 1 1,3,6,9,12,14,15,21,27,32,34,39,41,43,47,49,50 "53";
54 29 0 1,2,3,5,7,10,12,16,19,20,24,25,28,29,30,33,34,37,40,42,43,45,47,48,50,52,54,56,58 "54";
55 54 1 0,3,7,8,11,13,16,18,20,23,25,30,33,34,36,41,43,44,46,47,49,51,52,54,56 "55";
56 22 0 0,2,3,5,7,9,11,15,24,25,27,31,32,34,37,38,44,45,49,51,52 "56";
57 21 1 0,5,6,7,9,10,16,17,22,23,24,26,27,29,30,32,34,37,38,39,41,43,44,50,52,55,58 "57";
58 30 1 0,2,4,6,10,14,16,17,20,27,31,35,36,39,42,44,46,48,52,57 "58";
