parity 106;
0 86 0 3,5,7,9,11,12,19,23,24,27,29,31,32,36,37,39,48,50,52,59,60,62,65,69,72,74,76,79,81,86,91,94,97,99,101,105 "0";
1 19 1 3,7,12,16,18,24,28,48,51,57,66,77,82,86,89,91,93 "1";
2 32 0 0,3,9,10,12,20,23,26,27,30,34,35,36,37,41,44,46,49,53,57,59,60,63,67,87,90,96,97,102,105 "2";
3 96 1 0,1,3,4,7,12,14,15,17,18,19,21,22,26,27,30,32,34,36,37,39,41,42,44,45,48,52,56,57,58,60,61,65,67,69,70,75,76,79,80,81,83,85,88,89,90,92,94,95,97,98,99,100,103 "3";
4 101 1 12,14,15,22,24,26,27,40,52,54,59,61,64,66,72,75,89,94,97,98,105 "4";
5 78 1 1,5,9,11,12,14,15,17,20,23,25,26,28,29,36,37,39,42,49,51,53,66,68,70,72,78,79,84,88,91,93,96,99,106 "5";
6 71 1 1,23,29,30,39,43,55,67,80,86,92,102 "6";
7 23 1 2,26,28,32,33,36,45,50,56,62,65,66,68,70,74,93,97,102,106 "7";
8 67 1 1,3,5,7,9,13,14,16,19,21,24,26,28,32,33,35,36,38,39,41,44,48,54,56,57,60,61,63,64,65,66,68,70,71,73,75,78,80,82,83,84,86,88,90,92,93,94,97,98,101,103,104,105,106 "8";
9 23 0 0,3,5,11,15,17,19,20,22,23,24,27,30,31,34,37,38,42,46,48,50,56,61,62,64,66,67,68,74,75,77,80,83,85,86,88,89,92,93,96,97,99,100,104,106 "9";
10 3 1 0,2,8,10,11,13,17,19,20,21,27,29,37,39,41,44,45,47,54,57,58,66,68,73,76,83,86,90,93,95,98,103,104 "10";
11 79 0 7,8,10,12,17,21,32,36,38,39,41,44,45,50,60,71,82,89,93,99,106 "11";
12 22 0 29,52,57,79,81,90,97,102 "12";
13 5 1 7,13,38,54,62,67,76 "13";
14 21 1 7,11,37,39,44,47,50,60,62,65,67,68,87,98,100 "14";
15 101 1 3,4,9,23,27,30,32,42,50,52,59,70,83,93,96,98,104,106 "15";
16 44 1 4,9,11,15,16,17,20,22,24,27,30,33,37,40,41,47,53,55,57,58,60,65,67,69,70,72,73,77,78,80,83,90,91,97,99,102,104 "16";
17 70 1 2,3,4,6,7,9,10,12,14,16,18,23,25,27,29,33,36,39,42,44,45,47,51,53,54,59,60,62,64,69,70,73,74,77,78,80,81,83,85,86,91,93,94,96,97,101,106 "17";
18 51 0 44,55,89,98,105 "18";
19 42 1 1,3,4,6,7,8,13,14,16,18,20,21,24,25,28,32,33,36,38,39,41,44,45,47,48,50,52,59,61,64,65,70,73,75,76,78,80,81,82,84,86,88,89,92,94,97,99,100,102,103,106 "19";
20 96 1 0,1,3,5,10,12,14,17,30,32,35,39,44,49,58,69,72,75,83,86,88,92,99,101,106 "20";
21 57 1 0,4,5,6,8,12,14,17,19,20,23,24,26,27,28,30,32,33,34,39,41,45,49,50,51,57,60,62,64,66,67,68,69,73,74,80,82,88,90,92,93,95,96,97,99,100,104,105 "21";
22 35 1 0,2,4,8,11,14,15,20,21,23,27,28,29,31,35,36,38,40,46,52,53,58,60,62,65,66,71,72,74,75,79,82,84,88,90,96,98,100 "22";
23 86 0 5,6,10,20,24,39,41,49,52,57,64,66,76,88,90,91,92,97,101,104 "23";
24 3 0 3,11,16,19,20,23,29,31,37,44,46,53,58,60,62,63,66,72,76,80,83,95,101,102 "24";
25 16 1 0,1,4,5,11,13,17,18,19,22,26,32,36,39,44,45,47,52,54,61,62,69,70,74,76,81,83,84,88,91,93,94,100,105 "25";
26 25 0 1,3,6,12,14,23,45,51,52,77,95,99,102 "26";
27 93 1 2,4,8,11,17,25,31,39,58,64,78,82,86 "27";
28 83 1 2,4,6,7,8,10,31,37,39,58,63,73,77,79,81,87,88,91,95,98 "28";
29 79 0 1,6,7,10,24,25,27,29,39,50,53,57,60,61,68,72,80,106 "29";
30 96 0 9,10,23,27,29,31,35,40,48,83,85,104 "30";
31 95 0 3,6,8,13,19,21,27,32,50,52,54,57,70,71,77 "31";
32 63 0 38,79 "32";
33 91 1 3,5,10,11,14,16,20,24,28,30,31,34,36,39,41,46,50,62,63,65,67,70,71,72,73,75,76,77,84,86,90,94,98,101,106 "33";
34 39 1 0,2,3,8,10,15,16,19,30,32,33,41,44,46,47,50,51,55,60,67,69,73,75,79,81,84,86,89,92,95,96,101,105 "34";
35 105 0 0,1,3,5,9,19,20,23,24,25,29,31,34,36,40,43,44,45,46,49,51,53,55,57,58,59,63,65,69,70,71,73,78,81,84,88,89,94,99,102,105 "35";
36 102 0 0,2,5,9,13,15,16,18,23,29,31,34,36,37,40,42,47,48,49,51,53,59,65,68,70,72,74,77,80,86,87,91,92,94,96,100,102,104 "36";
37 66 1 1,7,19,26,28,29,30,32,34,43,54,58,64,66,70,80,81,84 "37";
38 68 1 10,18,28,29,34,37,44,53,57,59,63,64,71,82,85,87,98,101,105 "38";
39 100 0 5,6,12,17,56,68,72,88,90,97,99 "39";
40 14 1 10,15,18,20,22,28,29,34,38,40,42,52,61,63,66,73,79,82,93,98,101,106 "40";
41 24 0 2,4,5,11,18,19,21,22,24,28,29,31,35,38,43,45,48,52,58,60,65,67,75,76,83,87,90,91,96,98,100,103,105 "41";
42 21 1 3,5,8,19,22,27,32,46,53,59,61,63,69,72,76,88,92,94,95,101 "42";
43 76 1 3,5,11,12,16,22,23,25,27,30,34,36,38,41,43,46,50,53,54,56,58,60,61,65,67,72,74,77,78,80,82,84,86,88,93,96,98,101,102,105,106 "43";
44 59 1 1,3,5,8,10,12,14,17,19,20,23,31,38,40,42,46,50,59,62,67,73,75,79,80,83,86,92,93,97,98,105 "44";
45 8 1 1,11,13,30,31,47,52,59,68,74,85,88,98,100,101,103 "45";
46 77 1 1,2,3,8,10,15,20,21,23,24,25,29,30,32,33,35,37,38,40,42,45,47,56,57,59,60,62,64,67,68,72,74,76,79,84,85,91,93,94,96,101,103,105 "46";
47 102 0 0,4,6,10,12,14,17,19,21,23,27,28,31,38,40,46,48,50,51,55,58,60,61,63,64,66,70,71,74,77,78,80,82,84,87,89,90,93,94,96,98,100,104 "47";
48 88 1 5,7,10,14,21,22,26,29,31,33,42,47,50,57,60,61,64,66,71,78,79,85,87,91,92,93,104 "48";
49 17 0 4,5,7,10,16,19,22,26,29,32,35,36,38,44,48,51,54,58,62,65,66,76,79,80,88,90,95,96,102 "49";
50 103 1 2,42,44,47,52,74 "50";
51 24 0 0,4,7,10,11,13,16,18,20,24,26,28,30,31,33,34,39,41,42,43,44,46,48,52,60,63,64,66,68,69,71,73,77,79,80,81,83,85,89,91,93,95,96,98,100,101,105,106 "51";
52 103 1 13,16,26,36,45,54,56,58,62,68,70,75,92,100,105 "52";
53 103 1 7,9,16,18,21,22,32,40,46,48,52,54,64,67,73,77,81,82,84,86,88,94,99,100,105 "53";
54 90 0 1,2,4,5,7,8,14,20,21,23,25,26,28,29,31,37,38,40,44,51,53,56,58,59,60,63,65,68,70,71,74,76,77,78,80,85,90,91,96,101,106 "54";
55 67 1 4,9,22,27,31,37,42,53,65,68,75,79,101,106 "55";
56 73 0 2,9,10,14,16,17,19,21,28,34,39,55,58,60,64,65,71,72,75,84,99,103,104 "56";
57 106 1 0,2,3,8,9,12,13,16,18,19,23,25,27,30,31,33,35,37,39,40,42,44,46,47,49,53,54,57,58,62,65,68,69,70,72,74,77,79,82,84,86,87,90,91,94,97,99,100,101,102,105 "57";
58 26 1 4,10,17,20,23,47,50,54,67,71,73,74,78,91,97,103 "58";
59 24 1 26,100,104 "59";
60 63 0 4,9,13,19,21,23,25,35,38,43,44,47,51,53,64,68,71,82,85,87,91,93,100,102 "60";
61 59 1 0,2,3,4,8,11,14,19,20,24,26,28,30,32,33,37,46,53,54,55,58,66,69,77,80,93,95,99,101,102 "61";
62 23 1 4,6,16,18,21,22,25,27,28,31,35,39,50,57,62,68,75,84,94,98,100,104 "62";
63 7 1 0,3,5,7,9,14,15,19,22,26,29,30,32,35,36,39,45,49,51,52,54,60,61,62,65,67,68,71,74,79,85,90,91,93,96,98,101,103,104,106 "63";
64 106 1 0,1,3,6,8,10,14,15,18,23,24,27,30,31,33,34,36,39,42,45,47,48,50,51,53,54,57,60,62,65,66,70,71,75,82,84,85,88,90,93,96,99,102,104,106 "64";
65 63 0 2,3,16,17,26,30,32,33,35,37,39,42,43,45,49,54,55,60,61,62,64,65,67,70,71,74,79,82,87,94,100,103 "65";
66 26 1 0,1,5,6,8,9,13,15,21,24,25,28,33,34,36,41,44,46,50,52,56,58,59,60,64,66,68,69,73,79,81,83,86,88,89,93,96,99,102,106 "66";
67 17 0 0,4,6,11,12,15,18,21,23,25,26,29,30,32,35,39,42,47,50,53,57,59,61,63,65,67,68,71,73,76,78,79,81,84,92,93,95,98,104,106 "67";
68 53 1 0,2,6,9,11,12,18,22,23,29,33,35,36,44,48,50,52,54,58,59,64,68,71,73,76,77,79,81,84,85,92,94,95,102,106 "68";
69 83 0 0,2,4,5,8,10,11,12,15,16,17,19,20,21,25,34,36,37,39,43,44,45,47,49,51,53,57,60,62,69,72,75,77,80,81,83,86,88,91,92,94,95,96,98,99,101,102,103,106 "69";
70 16 1 35,82,86 "70";
71 98 1 7,29,34,36,49,59,65,69,73,84,91,106 "71";
72 92 1 1,3,6,8,9,10,16,18,19,21,22,24,27,28,29,32,35,38,45,47,53,55,56,58,60,61,62,64,65,70,73,74,77,79,82,83,84,87,88,89,91,92,94,96,98,104,106 "72";
73 71 1 2,5,13,19,25,27,28,29,31,34,46,52,53,57,66,68,74,75,82,93,98,99 "73";
74 68 0 33,42,45,92,93,96 "74";
75 68 0 1,2,28,32,34,49,71,75,79,81,83,85,96,98,102 "75";
76 80 1 1,5,7,9,11,16,20,26,27,28,31,32,36,43,52,54,57,63,69,71,74,77,83,88,90,95,99,104 "76";
77 15 0 0,2,3,4,6,7,9,11,12,18,22,25,27,28,31,32,33,36,38,41,42,44,45,47,48,50,52,53,54,56,59,62,64,67,68,70,71,73,75,77,79,82,84,85,87,88,90,91,95,97,104,106 "77";
78 83 1 1,19,23,27,30,38,51,53,59,79,81,92,94,99 "78";
79 92 1 0,1,3,5,6,10,13,15,19,22,25,26,28,31,34,36,37,40,42,44,47,50,52,56,57,59,60,61,64,65,71,80,83,84,87,95,98,99,102,105 "79";
80 69 1 1,2,5,7,8,11,14,17,19,29,32,34,37,40,43,46,48,51,52,53,61,63,66,70,72,73,75,77,78,81,86,90,92,94,96,97,102,106 "80";
81 65 1 2,4,8,13,18,19,21,28,32,34,36,38,39,43,50,59,63,67,69,84,88,92,99,101,103,104 "81";
82 96 0 0,1,2,4,8,9,12,15,16,19,22,25,27,30,32,33,35,37,40,41,43,44,45,47,48,51,57,58,63,64,67,68,70,72,73,75,78,82,84,95,96,98,102,105 "82";
83 28 0 9,12,16,21,25,30,33,38,41,42,45,47,48,50,52,54,56,62,68,72,74,82,83,91,95,97,99,103,104,106 "83";
84 75 0 4,11,13,17,20,29,30,32,34,37,39,41,52,56,61,63,65,66,68,71,72,74,76,78,82,83,89,90,93,98 "84";
85 14 0 6,11,13,15,27,30,33,36,40,44,47,51,59,67,71,76,78,80,81,84,85,91,98,99,100,106 "85";
86 84 0 4,6,9,11,12,14,18,20,21,24,25,29,32,34,35,38,40,43,45,52,54,58,65,70,71,76,78,80,82,85,90,97,99,101,103,104,105 "86";
87 106 0 29,43 "87";
88 89 1 8,10,17,26,27,31,32,36,37,61,69,88,99 "88";
89 105 0 21,37,61,66,69,75,97,103 "89";
90 21 0 0,10,13,22,27,31,36,42,43,46,48,51,53,60,63,65,66,70,77,78,82,88,90,91,93,95,97,101,105 "90";
91 22 0 0,2,4,5,8,9,13,15,17,20,22,24,26,27,29,30,33,35,36,37,40,44,45,47,50,53,54,57,59,66,69,71,73,77,80,82,83,85,87,89,91,92,94,97,101,102,105 "91";
92 68 0 12,16,22,25,32,36,42,60,61,70,81,84,101 "92";
93 7 0 2,4,7,8,11,14,15,20,23,25,29,31,32,34,35,36,37,39,40,41,43,44,47,49,50,52,57,62,63,65,67,70,72,74,76,78,80,81,83,86,88,89,91,93,94,99,100,101,104,105 "93";
94 90 1 2,6,10,13,15,16,20,21,23,25,26,29,30,31,35,36,40,41,43,44,48,51,53,59,61,62,66,68,70,73,74,77,79,83,84,87,89,91,93,95,97,99,105,106 "94";
95 55 1 3,5,6,13,15,17,19,22,26,27,29,31,33,34,36,37,39,45,47,49,52,56,59,62,64,66,68,71,72,73,78,79,82,84,87,88,91,93,96,97,98,100,102,103,106 "95";
96 105 1 15,27,62,76,97 "96";
97 59 0 1,2,7,21,26,29,37,44,51,59,64,66,70,78,81,83,84,96,101,102,104 "97";
98 52 0 1,3,5,8,10,11,13,16,19,21,24,26,34,35,39,40,42,44,47,48,50,52,54,56,58,63,65,66,69,70,76,84,86,87,92,94,97,98,100,101,102,106 "98";
99 65 1 0,2,15,25,31,40,47,50,73,78,83,89,90,92,99,106 "99";
100 50 0 4,8,13,16,19,20,27,28,31,33,35,38,41,58,63,71,84,86,87,89,97 "100";
101 8 0 2,5,16,25,52,66,71,85,94 "101";
102 58 1 11,18,34,46,50,68,71,72,87,91,101 "102";
103 24 1 0,6,7,9,11,14,18,23,25,31,33,36,38,40,43,44,50,58,61,63,64,68,70,73,89,90,95,97,100 "103";
104 79 1 5,15,26,29,47,52,53,56,58,60,67,86,96,104 "104";
105 15 1 10,19,44,46,52,57,101 "105";
106 59 0 0,2,3,5,6,8,10,11,13,15,16,19,21,22,24,27,29,31,32,35,37,41,43,44,46,48,53,56,59,60,62,65,68,70,72,74,77,86,89,91,93,96,97,99,100,104,105,106 "106";
