parity 78;
0 52 1 3,4,9,13,15,17,19,22,26,28,30,38,43,48,49,56,65,69,74,76 "0";
1 59 1 3,5,6,7,9,10,14,16,17,18,20,21,22,24,28,29,31,34,35,37,40,41,44,45,47,49,50,52,54,55,58,60,62,63,65,70,71,73,76,78 "1";
2 71 0 0,4,6,8,10,11,16,19,20,22,23,27,29,30,34,39,50,55,56,59,62,64,68,69,71,77 "2";
3 69 0 2,3,6,8,10,13,15,19,20,23,26,27,29,30,34,35,38,39,43,45,47,50,52,56,57,59,61,64,66,67,70,72,73,74,76,78 "3";
4 67 1 0,2,3,5,6,13,14,16,17,20,23,24,27,29,31,33,38,41,43,45,46,47,53,56,58,60,61,62,66,71,75,78 "4";
5 16 0 1,2,4,7,8,11,13,22,24,26,27,29,32,33,40,43,45,46,55,57,67,70,71,74,75,77,78 "5";
6 19 1 1,4,6,7,9,10,12,13,15,16,17,19,20,23,27,29,31,33,35,37,38,40,43,46,53,55,57,60,61,65,67,68,70,72,73,74,75,77 "6";
7 38 0 13,18,33,35,38,47,48,54,59,61,65,76 "7";
8 23 1 1,3,4,7,13,17,22,23,24,26,27,29,30,32,35,37,40,44,45,48,50,52,57,59,64,65,67,70,71,74,75,77 "8";
9 78 0 0,2,4,6,9,19,20,26,31,37,39,41,43,45,47,49,51,54,58,64,65,67,68,72,75,77 "9";
10 33 1 0,2,5,6,8,10,11,13,15,16,18,20,21,24,25,27,29,30,32,34,36,38,40,43,47,48,50,51,53,54,57,61,63,64,68,73,76,77,78 "10";
11 3 0 2,6,11,14,18,21,28,35,37,39,42,48,56,63,69,71,76,77 "11";
12 40 0 0,2,4,5,7,9,13,14,16,19,22,24,27,30,32,35,37,39,41,42,46,50,57,62,65,67,70,72,78 "12";
13 31 1 1,3,5,7,8,9,10,11,14,16,17,19,21,22,24,26,27,30,35,36,39,43,47,49,51,54,57,59,62,63,73 "13";
14 54 0 0,18,33,37,49,53,56,59,68,76 "14";
15 14 0 23,29,47 "15";
16 40 1 0,2,4,7,8,9,14,15,17,19,21,24,25,27,28,32,34,37,38,40,41,44,45,51,53,55,57,59,60,62,64,65,66,68,69,71,73,75,77,78 "16";
17 53 1 0,2,5,6,8,9,10,12,15,16,19,24,26,28,33,35,38,40,41,43,45,49,54,56,59,60,62,63,65,68,71,73,75,77 "17";
18 71 1 48,69 "18";
19 42 1 3,9,11,12,29,32,49 "19";
20 36 0 0,2,4,5,7,12,16,17,21,23,24,27,29,30,32,34,37,38,40,43,45,47,50,52,54,55,62,63,66,67,69,71,72,74,76,78 "20";
21 72 0 7,9,11,13,17,21,25,27,29,37,43,45,47,49,55,57,61,62,73,78 "21";
22 28 0 11,59 "22";
23 63 0 2,4,7,11,15,16,18,20,22,23,25,27,29,30,32,33,34,36,38,41,42,45,46,47,49,51,54,57,59,61,64,66,67,68,70,73,78 "23";
24 73 0 5,9,13,14,16,18,23,25,28,31,34,37,39,43,44,47,52,54,57,60,61,63,65,68,69,71,73,75,77,78 "24";
25 25 0 4,6,16,18,25,29,32,37,39,41,53,54,63,67,72,73,76,78 "25";
26 76 1 44,48,64 "26";
27 24 1 40 "27";
28 26 1 0,2,3,6,8,14,18,20,21,22,24,26,27,29,30,32,33,34,39,40,42,45,46,48,51,53,55,61,63,64,66,68,70,72,74,75,77,78 "28";
29 71 1 18,27,78 "29";
30 21 1 1,7,19,26,27,38,48,52,65,72 "30";
31 43 0 1,4,7,12,13,16,17,19,21,24,25,27,29,30,31,34,35,36,39,42,45,48,52,53,55,57,58,59,60,62,66,67,69,70,72,73,76,78 "31";
32 22 1 0,1,3,5,7,9,10,16,22,23,27,30,33,36,42,44,46,48,51,56,60,62,68,70,73,75,78 "32";
33 60 0 4,21,38,44,47,52,54,55,57,64,71,74 "33";
34 28 1 0,11,24,28,31,35,40,61,63,66,74,77 "34";
35 77 0 0,1,2,3,6,7,10,12,14,15,19,20,23,25,27,28,30,32,33,35,36,37,39,42,43,44,47,49,51,54,57,59,60,63,65,69,71,73 "35";
36 16 0 2,13,27,37,60,63,65 "36";
37 47 1 1,9,15,19,26,37,45,58,62,72,73 "37";
38 74 1 0,1,3,7,9,13,15,18,19,21,22,26,31,33,39,40,42,43,45,46,47,52,54,58,60,62,64,67,68,71,73,76,77 "38";
39 73 0 3,5,7,12,13,14,17,18,19,21,22,23,24,26,29,31,33,35,37,42,43,44,47,48,51,52,53,55,56,59,61,64,65,68,69,70,73,74,76,77 "39";
40 58 0 2,4,8,9,12,14,15,18,20,27,29,30,31,33,35,37,40,42,45,46,51,55,58,61,66,71,74,76,77 "40";
41 45 1 5,8,9,10,12,13,16,17,21,22,24,28,30,37,39,43,44,48,50,51,53,55,56,58,62,64,65,66,68,70,71,72,73,74,76,78 "41";
42 58 0 21,28,33,59,67 "42";
43 20 1 0,2,4,5,8,9,10,12,13,18,20,26,27,30,31,34,36,38,40,42,43,45,46,48,53,54,57,59,61,63,65,67,68,69,72,76,77,78 "43";
44 50 0 3,5,18,21,38,40,48,50,59,61,66,77 "44";
45 73 1 5,15,17,21,41,42,55,63,65,67 "45";
46 12 0 1,3,4,5,12,16,17,20,22,25,27,28,31,33,34,36,38,43,44,46,48,49,50,53,54,56,58,59,60,63,64,66,76 "46";
47 64 0 5,18,21,29,52,55,58,69 "47";
48 51 1 26 "48";
49 39 0 0,2,4,9,11,14,16,18,19,22,23,25,27,36,37,41,43,44,46,47,50,53,56,57,59,60,62,64,67,69,72,74,75,77,78 "49";
50 9 1 0,1,9,12,15,22,29,39,41,49,57,62,66,68 "50";
51 27 0 0,4,7,10,18,19,30,32,34,39,45,46,49,52,60,62,64,65,67,70,76 "51";
52 21 0 0,1,3,5,6,8,11,12,14,15,17,20,23,25,27,30,32,37,38,39,41,44,45,48,49,53,55,57,58,60,61,63,65,66,73,74,78 "52";
53 60 0 5,6,11,15,22,23,25,26,33,34,37,38,42,45,49,54,56,58,59,61,64,67,68,73,77 "53";
54 56 0 4,19,38,74,75 "54";
55 23 0 6,11,13,15,20,25,29,31,33,35,37,39,53,59,60,62,65,73,77 "55";
56 17 0 0,4,7,14,16,18,20,21,24,25,27,29,30,32,34,38,40,41,42,45,49,51,55,57,60,62,63,65,67,70,72,76,78 "56";
57 24 1 0,1,2,5,7,9,12,13,15,16,27,29,30,35,36,38,39,41,44,46,49,52,54,62,66,68,69,74,76,77 "57";
58 68 1 0,3,5,6,9,15,17,18,21,25,34,40,42,43,49,58,60,62,65,70,75,76 "58";
59 47 1 2 "59";
60 21 0 0,4,6,10,13,14,15,21,22,25,27,28,30,32,35,40,43,45,46,50,54,56,58,60,61,63,67,68,70,71,73,74,78 "60";
61 15 1 0,2,3,6,9,11,13,16,17,18,23,25,29,33,35,36,39,41,44,48,54,56,58,62,63,65,71,72,74,78 "61";
62 30 1 2,3,10,21,22,26,29,31,32,35,36,41,49,55,59,60,65,66,75 "62";
63 27 0 0,5,16,20,35,49,54 "63";
64 77 1 0,3,4,6,7,8,10,14,18,22,24,26,27,29,34,37,39,41,42,43,45,47,48,53,54,55,57,58,59,62,63,71,72,74,78 "64";
65 12 0 2,3,6,7,9,12,13,15,17,19,20,26,27,35,36,39,45,47,49,50,52,54,56,57,58,59,64,67,68,69,72,74,76,77 "65";
66 42 0 0,1,3,7,8,16,18,19,21,22,24,25,31,34,43,45,48,52,53,54,57,59,61,66,70,72,76,77 "66";
67 67 0 0,13,17,21,42,51,55,58,64,70,77,78 "67";
68 26 0 0,3,7,8,9,12,14,16,17,18,21,23,25,28,30,31,33,35,39,41,42,46,48,49,51,53,56,59,61,62,64,66,67,70,72,75,76,78 "68";
69 30 1 5,7,8,16,22,25,27,30,31,37,41,48,50,51,54,55,58,59,62,74 "69";
70 47 1 3,5,10,15,22,31,36,46,50,54,56,65,66,69,71,72,73,74 "70";
71 28 0 1,3,7,8,10,19,23,32,54,56,65,67,73,74,78 "71";
72 5 1 0,2,3,7,8,11,15,17,19,22,26,29,34,42,44,46,48,51,52,55,59,64,69,76 "72";
73 25 1 4,8,39 "73";
74 46 1 0,8,13,17,19,22,25,27,31,32,35,38,39,41,46,51,52,61,63,67,70,77 "74";
75 31 1 0,1,11,13,54,57,74 "75";
76 46 1 0,2,4,6,9,10,12,14,17,22,23,27,28,30,31,32,34,35,36,38,40,43,44,47,48,50,51,53,57,60,61,64,66,67,69,71,72,74,75,78 "76";
77 5 1 8,12,16,23,24,25,27,40,42,48,52,53,68,70,71,74 "77";
78 60 0 4,24,29,39,64,68,76 "78";
