parity 158;
0 86 1 5,7,8,10,34,57,61,63,65,114,121,128 "0";
1 21 1 3,5,7,14,19,25,28,35,36,49,58,59,62,64,68,69,72,74,88,91,92,95,103,114,122,137,143,146,151,158 "1";
2 121 0 5,12,16,27,28,39,42,44,45,59,61,72,77,81,84,97,101,113,117,119,121,122,125,131,141,142,153 "2";
3 72 1 0,2,5,7,22,28,31,35,40,42,45,52,61,70,73,77,78,89,95,100,108,123,135,136,139,140,146,147,152 "3";
4 27 0 1,2,4,6,8,10,13,15,16,22,23,25,26,32,35,38,42,45,48,54,57,60,62,67,68,76,78,79,81,84,86,88,89,92,98,101,103,105,108,111,113,114,116,118,119,120,122,126,129,131,137,140,142,143,148,157 "4";
5 137 0 9,11,12,17,24,45,47,59,61,64,72,80,81,88,91,98,99,102,104,110,118,122,123,137,145,151,154 "5";
6 35 0 1,2,7,9,11,13,15,20,21,22,24,25,27,29,30,35,44,45,46,49,55,57,58,59,61,63,65,66,70,72,74,77,79,81,82,86,88,89,92,98,101,104,106,108,109,112,113,117,118,121,122,124,126,127,130,132,135,136,138,143,145,147,150,151,155 "6";
7 32 1 1,2,9,10,14,16,18,20,22,25,33,36,38,39,41,42,45,48,56,57,60,61,64,70,72,74,75,78,80,82,83,85,87,89,93,96,98,100,102,104,108,110,111,112,114,115,121,125,131,132,135,139,141,144,146,147,152,154,155,158 "7";
8 65 0 0,10,14,18,21,26,28,45,53,62,85,87,93,96,106,109,125,130,132,149,151,155,156 "8";
9 60 1 0,3,6,11,13,15,16,18,22,23,27,30,31,32,40,42,44,51,52,57,63,67,72,80,82,85,89,90,92,95,100,104,105,108,110,114,115,118,121,124,125,128,130,132,133,135,138,140,144,146,150,154 "9";
10 93 1 53,107,140 "10";
11 47 0 1,2,4,7,8,10,13,15,17,19,20,21,23,26,28,29,30,31,35,36,38,39,40,42,45,46,49,52,56,58,64,66,68,70,72,73,76,78,81,83,86,87,89,90,91,95,98,103,104,107,108,110,111,115,116,119,120,122,124,127,129,131,132,134,135,137,138,142,144,145,148,150,152,153,154,156 "11";
12 153 0 6,7,9,10,11,12,14,16,17,20,21,22,24,26,27,28,31,35,37,39,42,43,45,47,51,52,53,58,60,62,67,68,70,71,79,80,83,85,91,94,95,97,98,100,101,105,109,110,113,115,117,120,121,123,125,126,128,131,133,134,137,138,140,143,145,146,147,150,152,155,157,158 "12";
13 135 1 3,4,12,14,15,18,19,20,24,31,32,36,37,39,43,44,46,47,50,52,56,61,65,68,74,82,86,89,91,94,97,102,104,107,110,112,114,116,118,120,129,131,136,137,138,140,147,148,152,156 "13";
14 39 0 13,21,24,30,33,36,38,40,43,49,50,54,57,64,68,69,78,86,89,91,96,100,102,108,110,119,121,125,130,133,137,139,143,150,151,155,156 "14";
15 98 1 1,2,9,11,12,13,16,18,19,20,22,25,28,33,35,38,43,47,51,53,56,57,58,61,65,70,72,75,77,82,85,87,89,92,96,99,100,101,107,111,113,115,117,124,126,128,133,135,140,143,145,149,150,153,156,158 "15";
16 51 0 3,8,10,11,13,15,17,20,21,26,29,32,35,36,39,46,49,58,59,60,63,64,66,69,71,76,77,79,81,88,89,92,96,99,103,106,107,110,111,114,116,120,123,124,126,127,129,134,135,137,138,141,145,146,148,150,151,156,157 "16";
17 4 0 0,2,5,11,16,20,21,24,27,29,30,32,35,36,39,40,44,46,48,50,51,53,56,59,64,65,66,67,71,75,77,79,81,83,91,92,95,97,99,101,103,110,121,124,132,134,136,138,143,146,147,148,150,151,153,157,158 "17";
18 111 1 1,4,9,10,12,13,17,20,29,32,34,37,38,40,42,43,46,50,56,76,80,85,86,88,92,95,97,107,108,111,115,117,122,124,131,133,134,137,139,145,146,154 "18";
19 107 0 140,152 "19";
20 103 1 22,32,35,41,43,63,75,80,90,99,110,132,137,138,157,158 "20";
21 101 1 0,2,4,6,8,10,11,13,14,18,21,22,24,25,28,31,35,37,39,40,41,45,47,48,50,51,53,55,60,61,62,64,65,69,72,74,75,77,78,80,82,83,88,90,92,93,95,96,98,99,101,103,106,107,108,109,113,114,116,119,120,122,124,125,131,132,137,138,140,144,146,147,149,150,151,154 "21";
22 53 0 6,14,21,24,26,32,37,39,42,50,54,57,61,63,64,67,71,72,73,75,77,79,83,86,89,94,96,101,109,114,115,120,122,125,130,131,135,138,145,147,154,157,158 "22";
23 27 1 33,37,104,107,155 "23";
24 53 0 0,2,4,5,7,8,10,12,13,14,16,18,20,22,24,25,27,29,31,32,33,35,36,37,39,40,41,44,46,47,49,50,52,54,56,57,60,67,72,74,77,78,80,84,85,87,89,93,94,96,99,101,108,109,110,113,115,116,121,123,124,126,128,129,131,135,136,138,141,143,144,146,147,149,151,152,153,158 "24";
25 30 0 45,49,62,67,88,90,112,114,131,157 "25";
26 141 0 5,9,11,12,19,22,23,28,30,31,34,35,39,40,42,46,47,49,52,53,54,56,58,62,64,65,68,75,77,79,81,83,84,87,88,90,92,95,97,98,99,101,103,106,108,111,113,120,125,127,129,132,134,136,138,139,141,144,146,147,148,151,153,155,156,157 "26";
27 138 0 5,12,21,23,25,35,41,49,52,53,66,71,74,76,85,89,93,105,111,113,130,138,141,148,152,155 "27";
28 50 0 1,2,4,5,8,12,15,16,18,20,21,24,26,30,31,33,36,39,40,47,49,50,51,52,53,55,60,62,64,67,69,72,74,76,82,84,85,87,89,90,94,97,99,101,102,105,106,107,109,110,113,115,117,118,123,127,129,132,134,136,138,139,142,146,150,152,153,157,158 "28";
29 68 1 55,87 "29";
30 131 1 19,27,39,46,54,70,86,102,123,130,134,143,157 "30";
31 91 1 4,11,17,21,26,27,29,41,47,49,52,56,58,63,64,70,73,81,83,87,89,96,112,118,122,125,130,133,137,154,156,157 "31";
32 1 1 3,4,7,8,12,14,16,18,20,22,25,26,29,30,32,34,38,40,42,43,44,46,49,50,52,54,55,58,62,71,73,75,77,79,81,82,84,85,86,89,90,92,94,97,99,103,104,107,108,109,111,113,114,117,119,121,124,126,128,133,135,143,146,148,150,152,154,155,156,158 "32";
33 120 1 0,2,4,5,7,11,14,17,19,20,27,28,30,32,34,38,40,42,43,47,49,52,54,58,65,68,73,76,78,79,82,85,88,91,93,95,98,100,101,102,106,107,114,116,118,121,126,128,129,135,137,139,145,148,153,155,156 "33";
34 13 0 0,1,8,12,13,20,30,38,51,52,54,65,66,83,85,92,93,94,96,99,106,109,118,123,124,126,130,135,137,142,143,152,154,156 "34";
35 147 1 14,18,79,86,114,140 "35";
36 149 0 1,2,4,5,10,13,15,17,20,23,26,27,32,33,40,45,49,52,53,56,59,61,64,66,67,68,70,76,80,82,85,88,96,98,100,101,105,108,110,115,116,119,120,124,126,131,134,135,139,141,144,147,149,155,156 "36";
37 82 0 3,24,35,41,44,46,56,60,62,67,72,77,78,81,94,100,101,104,106,107,110,116,124,126,131,140,146,152,155 "37";
38 106 0 16,26,34,49,69,85,87,150 "38";
39 156 0 0,2,4,7,9,11,13,14,16,17,18,20,21,23,25,28,29,32,34,39,41,43,45,46,49,51,53,54,57,59,63,64,68,75,76,82,84,85,87,90,95,97,101,103,105,108,112,113,115,117,119,120,124,128,131,132,134,136,139,141,144,145,147,149,150,156 "39";
40 112 0 0,6,7,11,20,22,24,25,27,31,32,34,38,40,44,46,48,50,55,57,62,67,74,75,78,80,85,91,97,100,102,109,118,121,124,125,130,132,134,141,142,143,145,147,150,152,154,156 "40";
41 116 0 6,7,16,22,24,29,33,34,37,45,59,62,65,70,73,79,87,90,95,100,103,124,126,127,131,140,143,149,156 "41";
42 15 1 2,3,11,12,17,18,26,31,33,34,38,47,48,50,53,58,63,70,78,84,85,87,91,94,96,97,99,104,113,115,126,130,132,133,140,141,143,146,148,151,154,155 "42";
43 138 0 12,64 "43";
44 53 1 0,1,17,19,20,21,26,34,54,58,62,68,73,78,84,88,93,101,102,106,116,119,130,133,135,149,151,156 "44";
45 41 1 4,18,21,27,31,41,65,77,82,87,102,135,142,148,151 "45";
46 159 0 24,29,33,58,60,67,83,93,127,141,147 "46";
47 54 0 2,8,10,12,13,15,18,19,21,26,27,29,30,31,34,36,38,43,48,50,51,56,57,60,62,63,66,68,70,74,76,77,80,82,83,85,87,89,90,92,93,95,97,98,100,103,106,110,112,114,117,120,121,123,125,127,128,129,131,133,136,139,142,146,150,153,157 "47";
48 21 0 1,15,17,19,24,26,29,31,38,40,44,48,55,57,60,67,69,109,124,127,135,147,151,156 "48";
49 43 1 1,4,5,7,8,10,11,13,14,18,23,27,28,31,35,38,39,41,42,44,47,49,51,52,56,59,62,63,65,66,67,69,71,73,76,78,81,83,86,88,90,92,94,95,97,98,103,111,112,116,119,120,121,122,123,124,126,129,130,134,135,137,139,140,142,145,147,149,153,154 "49";
50 142 0 2,4,5,6,8,10,18,21,26,29,31,32,34,35,41,43,46,48,50,53,54,61,64,65,70,74,77,80,82,86,88,90,93,96,99,102,104,109,115,117,122,124,126,128,132,136,141,142,146,147,152,154,156 "50";
51 46 0 4,6,9,12,14,16,18,19,23,27,30,34,36,37,39,42,44,45,49,51,52,53,55,57,59,67,69,70,73,75,76,78,79,80,82,83,85,86,89,91,93,95,99,101,103,104,105,107,109,111,112,115,118,119,121,125,128,130,133,136,137,139,144,145,148,149,150,152,154,155,157,158 "51";
52 104 1 1,3,4,7,11,15,17,19,26,29,32,36,38,45,53,55,58,60,63,65,68,70,74,79,80,83,86,90,92,93,97,102,103,105,108,110,113,116,117,118,120,123,126,130,135,139,143,144,146,150,155,157 "52";
53 111 1 1,3,5,6,10,16,17,20,23,26,27,32,36,45,52,54,57,60,62,66,69,74,78,80,81,82,84,86,88,92,98,101,107,110,111,119,122,125,128,133,137,139,140,145,146,152,154,156,158 "53";
54 137 0 0,2,3,4,5,7,11,13,15,17,19,24,26,31,36,38,43,46,50,53,55,58,59,60,62,64,66,72,75,78,79,83,85,87,89,93,95,97,100,101,105,106,109,112,117,120,123,124,125,127,130,131,134,135,139,140,142,145,146,147,150,154,156,158 "54";
55 60 1 2,4,7,8,10,12,20,22,23,26,27,31,32,35,36,38,40,43,45,48,52,53,54,56,58,60,62,66,69,72,73,75,77,78,80,81,84,85,87,88,90,92,93,95,99,104,106,108,109,113,116,120,126,127,128,131,132,134,135,137,138,139,141,146,147,149,150,152,154,158 "55";
56 73 0 0,5,8,23,25,27,32,33,35,37,38,39,44,47,49,57,62,66,75,77,80,84,85,89,91,94,98,100,103,106,108,110,113,120,127,133,135,136,138,140,144,146,147,155,157 "56";
57 19 1 2,41,50,58,65,107 "57";
58 62 1 0,7,8,23,32,34,35,48,54,61,66,68,94,95,122,124,125,136,144,146 "58";
59 115 1 0,2,4,14,15,16,26,28,30,32,34,36,39,40,42,43,45,48,52,54,58,59,60,64,67,68,72,74,78,81,89,92,94,97,98,100,102,106,110,111,115,118,124,127,128,133,137,139,146,148,151,154,157 "59";
60 135 1 1,18,19,22,26,54,58,60,66,68,71,73,82,85,117,125,131,139,148 "60";
61 134 1 21,25,47,93,105,112,122,126,139,150 "61";
62 26 1 1,3,4,11,14,16,18,20,21,23,26,28,30,31,35,36,40,42,44,46,48,50,51,52,57,59,60,63,64,66,67,68,71,73,78,82,86,87,89,91,93,94,96,98,100,103,105,106,108,109,111,114,115,116,118,119,121,124,127,129,131,133,139,140,146,148,151,155,157 "62";
63 36 1 4,5,8,12,14,18,19,21,23,25,28,30,33,36,37,39,43,45,46,51,53,54,58,59,60,63,65,67,69,70,73,77,79,82,84,86,89,91,92,95,97,100,103,104,105,106,108,109,110,113,115,117,118,120,123,125,126,127,129,133,134,135,136,138,140,141,143,145,147,149,151,153,154,155,157 "63";
64 1 0 0,5,7,14,17,21,22,25,26,27,29,31,32,33,35,39,42,46,56,59,62,67,70,76,77,78,80,82,83,85,87,88,89,92,95,97,98,99,100,101,103,104,107,110,112,117,119,120,122,124,126,127,130,139,141,143,145,146,151,152,157 "64";
65 67 0 4,5,13,15,16,18,19,22,30,38,48,56,58,64,68,70,71,77,80,84,87,89,91,93,96,99,101,108,109,112,116,119,123,125,135,139,145,147,156 "65";
66 157 0 4,14,19,20,27,35,39,41,63,69,86,129,133,152 "66";
67 89 1 0,2,3,5,6,8,9,10,14,15,17,24,26,28,30,33,37,39,41,45,49,51,52,53,56,57,60,61,62,64,67,68,69,71,74,75,76,77,79,82,84,86,87,88,90,91,93,95,97,99,100,102,104,105,107,108,109,112,116,120,121,124,125,128,131,132,134,137,138,140,141,145,147,149,152,155,156 "67";
68 42 1 1,10,12,13,19,25,30,32,34,38,40,46,49,51,52,56,58,67,71,73,76,81,96,99,101,103,106,111,114,121,125,126,128,129,136,137,139,142,155 "68";
69 23 0 0,3,5,6,8,15,16,23,27,28,30,33,34,36,38,41,44,46,52,61,68,73,75,77,79,81,83,87,90,91,94,96,100,101,103,108,109,114,115,119,124,126,128,137,138,143,154,155 "69";
70 4 0 49,83,113,137,141,143 "70";
71 132 0 0,4,9,11,12,14,16,20,21,24,26,29,37,38,39,41,44,46,51,52,55,57,60,61,65,66,69,71,72,76,77,78,80,83,84,86,89,91,94,95,97,101,104,106,108,113,115,116,119,122,123,126,128,131,133,137,138,139,145,148,150,154,155,157 "71";
72 102 1 32,92,98,114 "72";
73 120 1 7,57,61,105,151 "73";
74 9 1 8,10,26,33,41,46,48,56,59,74,75,104,110,125,141,142,156,158 "74";
75 56 0 0,2,5,6,8,11,14,15,17,18,20,23,24,26,28,30,31,34,37,38,39,40,44,45,47,52,53,54,57,58,60,62,66,67,69,70,71,74,75,76,77,80,83,84,85,86,89,93,94,96,99,100,102,103,105,106,110,116,117,120,123,125,126,127,130,132,133,134,138,141,143,144,146,155,157,158 "75";
76 10 0 0,7,9,11,12,19,20,21,25,30,33,35,39,44,51,66,71,84,86,91,96,102,106,108,113,114,118,121,125,128,134,136,137,142,143,147,152 "76";
77 18 1 1,3,8,15,22,24,26,35,46,47,51,54,55,59,61,70,72,75,76,81,86,87,89,96,103,106,109,112,114,116,117,122,123,127,136,138,142,151,154 "77";
78 61 1 2,3,4,7,13,15,17,18,21,23,24,27,29,30,32,33,35,38,41,45,48,49,52,54,56,59,60,63,64,67,69,70,73,75,79,81,82,88,90,92,93,95,97,102,103,111,115,117,118,120,122,124,126,127,129,130,131,132,134,138,141,144,146,150,153,154,156 "78";
79 78 1 1,3,5,7,10,16,19,27,31,33,36,38,41,43,45,48,49,57,60,63,71,75,77,79,81,83,85,86,89,91,94,98,99,105,106,108,111,114,127,130,132,133,135,137,144,146,148,153,158 "79";
80 56 0 0,3,5,9,13,15,18,19,20,24,25,28,29,33,35,37,39,41,46,48,51,55,56,58,60,62,63,65,68,69,71,74,76,77,81,84,85,87,88,90,93,96,97,100,104,105,106,108,109,119,121,122,124,129,132,137,140,141,143,144,145,148,149,151,152,156,158 "80";
81 33 0 0,3,7,8,9,13,15,22,27,29,32,34,35,39,47,50,56,59,60,64,66,70,74,75,82,87,88,90,97,100,104,110,111,113,115,117,119,122,125,127,132,134,136,138,141,142,146,148,150,152,158 "81";
82 102 0 0,2,4,10,12,14,15,18,23,26,30,32,33,35,37,39,42,46,48,50,52,54,55,59,61,65,66,70,75,76,78,79,89,93,94,96,97,99,100,101,104,107,115,118,121,125,126,127,128,130,135,136,142,143,145,152,154 "82";
83 8 0 2,3,12,15,22,23,26,30,31,38,42,43,47,49,50,51,54,58,59,62,67,75,89,91,92,94,97,106,109,114,119,120,123,128,130,131,139,142,148,152,154,157 "83";
84 100 0 4,6,9,24,39,46,52,134,157 "84";
85 36 0 2,4,6,10,11,18,19,21,23,24,27,29,31,33,35,38,40,41,43,46,48,50,51,53,55,56,59,61,62,65,67,71,73,74,76,79,81,84,86,88,94,95,96,100,102,103,105,107,111,112,114,115,117,118,120,121,124,125,127,128,130,132,135,137,139,140,142,143,146,147,148,151,152,153,155,157 "85";
86 122 1 0,1,4,6,9,11,13,16,18,19,20,21,23,24,26,28,29,31,33,38,40,42,46,47,48,50,52,53,55,56,58,62,63,65,67,69,73,76,78,81,84,85,86,87,89,90,92,94,96,103,104,111,115,117,120,121,123,124,125,128,130,134,136,138,139,142,143,146,148,150,151,152,154,156,157 "86";
87 86 1 0,2,3,6,7,8,9,12,16,17,18,19,21,23,24,30,31,32,33,34,37,39,40,43,45,46,47,50,51,55,57,59,61,63,66,67,69,74,75,76,77,79,81,83,86,88,90,91,92,96,98,100,101,103,104,109,111,113,115,119,123,127,128,129,134,137,140,144,145,146,149,150,152,153,154,156,157 "87";
88 113 0 0,5,6,10,16,22,24,27,33,34,37,39,43,45,48,50,52,55,58,61,64,68,69,75,76,90,91,93,95,96,101,102,104,105,107,109,112,121,125,127,128,131,134,135,136,138,145,149,151,154,156 "88";
89 151 0 2,7,8,11,12,15,17,19,20,21,26,28,32,34,35,36,41,45,49,50,52,53,56,60,65,66,70,72,74,75,76,77,79,83,86,87,94,95,96,98,100,104,105,107,108,110,114,117,118,123,124,127,131,133,144,145,147,149,150,152,153,156,158 "89";
90 128 1 2,8,11,21,24,27,31,38,52,59,62,66,67,68,70,77,79,81,88,92,109,120,137,139,140,146,157 "90";
91 151 0 20,28,37,53,60,94,97,142 "91";
92 68 0 2,6,8,12,15,20,22,23,25,28,29,34,42,45,49,52,55,57,59,60,62,64,65,70,71,73,76,77,80,82,85,86,90,92,95,97,100,101,102,104,107,109,112,117,119,122,123,127,128,130,132,134,135,137,138,144,145,147,149,152 "92";
93 51 1 4,11,13,26,27,30,33,37,39,42,46,49,50,52,55,58,61,64,66,70,76,79,81,93,94,98,100,103,106,111,112,124,127,133,138,146,150,151,155,157 "93";
94 111 1 6,13,14,23,25,28,31,32,37,44,45,47,52,56,57,60,70,73,78,83,86,94,97,98,102,108,110,118,119,121,132,133,148,150 "94";
95 17 1 0,2,4,15,18,33,35,42,46,51,52,64,65,66,73,82,85,90,94,97,101,105,110,111,114,116,120,121,124,129,131,135,139,142,144,146,148,156,158 "95";
96 31 1 0,4,8,10,12,18,26,31,36,37,39,41,43,45,60,63,66,70,75,76,79,80,84,86,91,93,96,97,105,109,114,117,119,121,127,130,133,134,151,155,156 "96";
97 41 1 4,6,8,9,11,13,15,20,24,28,33,39,40,42,44,50,52,54,57,58,59,64,70,74,78,79,84,85,86,88,89,94,95,96,99,100,102,103,108,118,121,122,124,126,129,134,137,140,144,149,151,156,158 "97";
98 45 1 3,14,24,27,32,48,68,141,155 "98";
99 128 0 10,50,73,120,145 "99";
100 67 0 0,17,34,41,43,61,62,67,89,90,94,138,154,156 "100";
101 24 1 3,10,12,15,21,26,53,58,63,65,71,84,97,103,110,118,124,131,136,149,153 "101";
102 21 1 3,9,12,13,16,17,21,24,26,29,30,37,41,43,44,56,64,65,69,71,80,85,87,90,91,93,95,100,101,104,105,106,108,117,123,126,128,130,133,134,137,140,145,147,150,157,158 "102";
103 23 0 0,1,5,7,12,13,17,18,20,21,23,25,28,29,32,35,39,40,44,50,52,53,54,57,62,64,67,69,70,71,73,75,77,78,81,83,84,85,87,92,94,97,102,105,109,111,114,117,119,121,122,124,128,131,132,134,136,138,139,142,143,146,147,151,156,158 "103";
104 151 0 11,16,25,41,44,46,65,77,80,85,96,134,152,153,154 "104";
105 145 0 5,9,35,42,43,50,75,78,83,87,89,97,100,103,111,113,120,121,137,141,144,148,151 "105";
106 81 1 1,3,5,6,8,10,11,12,14,17,19,23,24,26,27,29,31,33,35,37,38,42,47,49,52,55,56,57,59,62,63,64,67,68,69,70,74,76,77,79,80,82,84,87,88,91,92,93,95,96,97,100,102,106,107,109,111,112,114,115,116,117,118,119,122,123,125,128,132,134,137,140,141,144,146,147,149,156,158 "106";
107 32 1 10,15,17,31,46,65,77,84,87,89,92,97,108,123,127,131,144,151,155 "107";
108 55 1 0,1,4,5,6,8,10,14,16,17,22,24,25,27,28,31,36,41,49,52,53,60,62,65,66,69,76,83,86,88,89,91,100,103,110,112,113,118,119,123,124,130,133,136,138,143,144,146,147,157 "108";
109 30 1 1,5,6,8,9,11,18,20,23,28,30,33,35,36,40,41,49,51,53,57,60,61,64,67,76,78,79,80,84,87,94,96,100,101,103,106,112,114,118,120,123,126,130,132,133,135,139,140,145,148,151,156 "109";
110 128 1 1,2,4,5,7,9,11,12,14,16,18,20,22,23,24,26,31,34,38,41,43,44,52,55,57,58,60,61,63,66,71,73,74,76,78,79,80,83,84,86,88,90,91,93,94,100,104,105,106,109,110,111,113,114,116,117,122,125,127,130,133,135,136,138,139,141,144,145,148,151,152,155,156,157 "110";
111 47 0 0,5,7,13,17,22,24,29,30,32,33,36,43,45,49,51,54,58,60,62,64,65,69,74,76,79,81,85,88,89,92,97,98,100,101,103,104,105,107,110,112,115,118,120,123,127,128,132,133,135,137,139,141,142,144,149,153,157,158 "111";
112 16 0 1,3,5,7,8,13,15,19,24,25,27,28,31,32,36,46,49,52,53,56,57,61,64,65,68,73,77,79,94,97,100,122,127,129,131,135,140,145,146,150,152,153 "112";
113 30 1 1,3,4,9,12,16,18,22,26,32,36,37,39,41,43,45,49,51,52,54,59,64,70,79,84,86,87,90,92,93,96,97,101,110,112,122,124,126,127,129,132,135,138,140,145,150,155 "113";
114 91 0 20,29,40,47,83,84,86,109,119,123,126,131,132,142,143 "114";
115 100 1 0,9,11,14,18,24,27,31,33,35,36,42,45,49,51,54,59,61,65,72,77,80,86,87,88,93,99,105,109,113,117,120,123,125,127,138,146,148,149,152,155,157 "115";
116 96 1 2,14,27,33,36,38,51,52,56,67,84,93,96,101,108,111,127,129,137,144,150 "116";
117 100 1 2,4,10,12,18,23,27,33,37,44,50,53,59,62,65,71,74,81,88,91,92,94,97,98,99,101,104,108,114,117,120,121,123,124,131,137,138,141,144,148,149,151,154,156,158 "117";
118 152 0 0,2,6,7,13,14,19,23,24,26,27,29,32,33,34,37,43,45,46,48,51,53,63,65,67,69,71,74,76,78,80,83,85,86,87,94,95,97,99,100,102,103,104,106,107,108,111,113,115,117,118,120,122,124,127,129,131,132,133,136,138,140,141,142,147,149,150,152,153,154,157 "118";
119 104 1 1,4,5,6,7,8,11,16,19,21,23,25,31,37,40,45,46,48,49,53,55,56,59,65,66,67,69,72,76,79,81,84,86,93,96,97,99,100,103,104,106,110,112,113,115,117,118,119,121,129,131,133,136,140,143,145,146,148,149,150,154,158 "119";
120 90 1 2,3,6,7,9,10,13,14,16,18,21,27,30,32,33,35,36,40,43,44,45,47,51,52,54,63,65,67,68,71,76,79,80,88,90,93,96,99,102,103,105,108,114,119,120,128,129,132,134,136,138,150,151,157 "120";
121 24 1 0,1,3,5,6,10,12,13,15,19,21,22,23,24,26,31,32,35,37,41,51,53,54,56,59,63,64,67,68,69,73,74,75,77,79,80,82,85,86,88,90,91,93,94,96,97,99,102,103,105,108,110,112,113,115,117,118,120,121,122,123,124,126,127,128,132,133,135,136,139,141,142,144,145,147,148,154,155,157 "121";
122 126 1 2,4,6,16,17,24,26,30,35,45,50,54,55,61,70,75,83,86,89,95,98,103,107,110,111,115,121,126,128,131,134,137,140,146,150,151 "122";
123 145 1 1,2,4,6,11,13,15,18,21,22,25,27,28,30,36,44,52,54,55,56,57,59,61,62,64,66,67,74,77,78,82,83,85,86,89,92,94,95,96,97,100,101,104,107,108,111,113,114,116,117,119,124,126,129,131,132,136,142,143,145,148,151,152,154,157,158 "123";
124 115 1 0,2,6,7,12,13,16,19,20,22,23,24,26,27,30,32,33,38,43,45,46,49,54,55,57,59,62,65,66,70,71,73,74,76,77,81,83,87,88,92,94,95,97,103,106,109,112,114,115,118,121,123,125,128,131,135,137,140,141,146,154,155,158 "124";
125 39 1 0,5,9,10,13,14,17,18,20,21,22,24,25,30,32,34,38,40,41,43,45,46,47,49,50,52,55,56,61,64,66,67,69,70,72,73,75,76,80,83,84,87,89,92,94,95,99,100,104,105,109,111,113,116,118,121,123,125,127,129,130,133,134,136,140,141,142,143,144,146,149,152,155,157 "125";
126 73 1 16,92,98,149,155 "126";
127 47 0 0,10,11,21,22,28,40,42,47,51,57,59,60,61,62,68,77,78,83,85,101,104,106,107,110,118,122,127,137,144,149,152,157 "127";
128 123 0 17,55,101,102,113,137 "128";
129 96 1 1,3,5,9,11,13,14,19,23,25,28,31,33,38,40,44,48,50,56,58,59,62,63,66,68,71,72,76,91,97,99,102,103,106,109,111,114,115,119,120,121,124,127,129,133,134,138,139,141,143,148,151,153,155,157 "129";
130 136 0 1,5,6,10,12,17,20,21,24,26,29,31,33,37,41,44,46,48,50,52,56,59,61,63,67,71,73,77,79,81,82,84,91,93,95,98,99,107,109,110,112,115,124,125,126,128,130,133,135,136,138,140,148,150,151,157 "130";
131 72 0 0,1,4,5,6,9,13,15,18,20,22,27,29,32,33,36,37,38,40,43,45,54,55,58,61,63,66,68,69,70,71,72,75,77,78,80,81,82,84,85,87,88,90,92,94,97,99,101,104,105,107,108,109,111,117,120,121,123,126,127,128,131,135,138,139,141,142,144,150,154,156,158 "131";
132 37 0 14,49,78,84,88,94,97,103,126,130,135,152 "132";
133 159 0 17,21,30,35,38,39,41,43,48,57,61,64,67,70,89,94,111,114,122,137,140,147,158 "133";
134 30 0 4,12,14,15,26,28,30,31,32,36,39,46,55,65,75,78,86,94,96,98,99,101,111,114,115,117,124,132,141,146,147,150,155 "134";
135 75 0 1,4,6,7,10,13,15,16,17,18,25,26,28,30,31,32,34,36,38,39,42,44,45,47,50,52,54,55,58,60,63,65,66,67,69,77,78,81,83,88,89,93,96,97,98,100,101,103,104,106,110,111,112,114,115,117,119,123,124,126,129,130,133,135,136,137,140,141,142,143,145,146,148,150,153,154,155,158 "135";
136 78 0 1,5,15,19,21,22,27,30,32,36,37,39,42,43,48,51,54,59,64,68,73,75,79,84,85,88,98,103,105,109,112,115,117,121,123,125,127,140,141,148,158 "136";
137 123 1 2,5,6,8,11,13,17,20,22,27,28,30,33,34,36,38,39,40,44,45,51,52,58,59,61,65,67,69,73,76,80,82,83,85,89,91,92,94,95,98,99,104,111,115,118,121,125,127,136,142,144,146,149,151,158 "137";
138 132 1 0,2,8,9,18,27,32,38,40,42,44,46,64,68,77,78,82,84,86,91,95,97,99,102,103,110,113,116,119,120,125,126,128,129,138,142,158 "138";
139 41 1 0,8,14,18,19,26,33,42,49,50,51,61,72,74,75,77,78,81,86,88,93,96,98,103,105,106,111,117,118,121,122,127,136,151,157 "139";
140 115 1 0,4,5,7,12,15,17,22,25,27,30,32,33,35,38,40,41,43,45,46,49,50,52,55,57,60,62,64,67,70,73,75,79,81,82,84,85,86,88,91,94,97,98,99,102,103,105,107,110,112,113,119,121,122,124,127,128,130,133,134,137,140,141,143,144,149,151,152,154,155,156,158 "140";
141 57 1 2,8,10,20,26,27,32,33,44,47,51,52,54,56,58,62,65,66,69,73,76,81,89,91,92,95,103,108,110,119,121,126,131,138,147,149,151,153,156,157 "141";
142 90 1 1,7,10,16,19,22,27,32,35,38,42,53,54,57,58,65,76,78,90,113,118,120,121,139,145,150,153 "142";
143 143 1 0,1,5,6,8,10,14,15,18,19,20,22,23,25,27,28,29,32,33,35,36,40,44,46,48,49,50,52,53,54,56,58,60,63,66,67,68,69,73,77,79,84,85,88,89,91,92,94,95,99,100,105,107,112,114,115,116,119,122,123,127,130,131,134,137,138,139,141,143,145,146,148,149,151,153,154,156,157 "143";
144 135 0 1,9,11,14,15,16,18,20,26,32,34,35,39,40,42,45,47,56,58,60,62,63,67,71,78,82,83,88,89,90,100,104,106,108,110,118,120,121,123,125,128,129,130,133,135,138,140,141,143,144,149,153,155,157,158 "144";
145 136 0 3,7,9,11,12,14,15,19,20,22,26,31,34,36,40,49,51,53,55,57,60,61,62,64,66,68,72,74,79,81,84,87,97,101,102,104,107,123,127,133,135,138,141,144,147,149,151,155 "145";
146 134 0 2,6,13,22,29,33,47,50,52,58,61,83,86,89,95,107,111,116,119,123,124,130,141,145 "146";
147 124 1 1,5,14,22,29,58,63,65,69,74,75,79,81,90,93,96,104,106,110,111,123,124,132,138 "147";
148 140 1 8,9,11,19,22,25,52,53,55,61,76,95,102,107,113,135 "148";
149 134 1 87,105,115,123,128,129,133,135 "149";
150 77 1 0,1,6,20,21,26,27,30,48,51,53,56,58,59,63,69,74,78,83,88,90,92,95,103,105,107,112,113,116,118,120,124,126,128,132,146,150,156 "150";
151 134 1 3,4,6,10,14,15,17,21,32,35,36,38,47,49,51,56,57,60,62,63,67,71,84,88,91,100,104,110,112,114,123,124,129,132,136,146,153,155,158 "151";
152 74 1 0,1,4,6,9,14,17,19,22,23,25,30,33,34,35,39,41,42,44,46,52,54,55,57,60,63,65,68,70,78,82,83,86,92,93,96,97,99,101,104,107,108,111,114,119,121,122,124,126,127,130,133,137,139,140,145,146,151,156,157,158 "152";
153 78 1 4,15,24,29,39,43,52,56,64,69,73,85,87,91,104,105,116,119,120,126,131,138,140,148,150,155 "153";
154 69 0 0,2,3,4,6,9,10,12,18,20,21,23,24,25,26,28,29,32,34,37,42,46,48,50,52,55,56,58,59,62,65,68,70,73,77,78,82,84,87,88,90,92,93,96,98,99,101,105,106,108,109,111,112,117,119,121,123,125,129,131,132,134,137,139,142,144,147,150,151,152,154,156,158 "154";
155 145 1 1,3,5,7,9,16,18,22,24,27,31,38,43,44,46,48,53,55,57,60,62,63,64,66,68,69,71,73,74,76,83,85,87,88,91,92,93,95,97,98,104,107,108,109,110,112,113,114,116,118,119,120,122,124,125,129,131,133,135,137,140,142,144,145,149,151,152,155,156 "155";
156 76 1 1,6,9,11,13,15,17,22,24,27,33,34,40,42,44,50,59,62,63,64,67,72,75,81,85,87,88,93,94,107,112,113,116,117,120,123,124,125,130,132,133,137,138,142,145,148,150,154,156,158 "156";
157 9 0 4,5,8,9,11,12,15,19,27,28,31,33,36,37,38,41,47,50,51,55,56,58,61,63,64,66,68,71,74,78,79,81,83,85,86,90,91,92,97,98,105,107,109,111,115,117,119,120,123,124,127,131,134,136,138,140,142,144,145,146,150,152,154 "157";
158 20 1 2,5,7,8,10,12,17,19,21,22,27,31,34,36,37,38,46,47,50,53,54,55,57,58,59,61,63,64,65,67,69,72,74,75,76,79,80,81,83,86,89,90,92,95,96,97,99,100,101,102,104,105,107,108,110,111,113,115,117,120,122,123,126,127,131,134,135,137,139,140,144,148,151,154,157,158 "158";
