parity 141;
0 82 0 13,92,97,103,105,136,138 "0";
1 127 0 3,7,11,16,22,27,31,60,79,82,93,100 "1";
2 44 1 1,15,25,26,29,36,39,41,51,57,59,60,66,71,77,81,83,93,95,101,106,108,110,119,126,128,131,133,136,140 "2";
3 14 1 7,31,38,49,51,54,56,59,62,65,68,75,79,85,87,88,94,100,102,111,114,116,122,136,137,138 "3";
4 50 1 4,11,26,32,39,43,63,66,74,88,115,117,122,126,130,131 "4";
5 133 0 5,8,14,21,25,41,59,74,77,80,83,87,90,93,94,103,114,122,124,125,127,129,137 "5";
6 70 0 4,8,17,29,41,48,63,70,80,81,97,99,104,108,113,132,140,141 "6";
7 41 1 5,8,11,14,15,19,21,23,24,31,35,39,45,49,53,59,72,74,77,79,84,90,93,96,108,116,124,129,131,135,137,139 "7";
8 2 0 4,7,17,24,32,41,44,49,51,60,63,64,73,76,85,87,97,110,116,117,119,123,125,129,136,141 "8";
9 88 0 9,11,13,24,29,30,36,41,43,48,53,56,58,59,71,73,75,81,89,93,104,107,110,114,116,119,121,122,125,127,131,138,140 "9";
10 0 0 2,9,11,13,21,23,27,30,33,36,39,52,54,56,59,63,64,69,70,76,79,81,82,83,85,87,90,93,103,105,106,107,111,117,119,128,130,139,141 "10";
11 109 1 0,4,8,20,22,28,30,55,72,82,85,91,102,103,110,114,129,138 "11";
12 68 1 7,120,124 "12";
13 132 1 5,6,8,16,19,20,24,29,35,40,50,52,53,59,64,65,68,71,74,75,77,80,89,93,96,97,100,103,113,117,121,125,126,132,134,136 "13";
14 74 0 0,1,4,5,7,8,14,15,17,20,22,23,25,26,28,30,33,35,40,43,44,46,47,49,53,57,60,64,71,72,74,76,78,79,81,84,86,87,89,91,92,93,95,101,102,104,105,107,109,110,112,113,114,116,119,121,124,125,128,129,130,134,137,138,141 "14";
15 39 0 39,85 "15";
16 76 0 0,2,4,5,7,12,16,17,20,23,24,25,28,29,33,36,38,39,42,54,56,60,65,67,68,70,74,80,83,84,87,91,93,96,101,103,104,108,109,111,115,117,120,130,134,139 "16";
17 6 0 1,2,3,5,7,8,12,15,16,19,22,23,25,26,27,30,32,37,38,41,44,46,48,50,54,56,58,60,61,63,64,69,71,73,75,80,81,82,85,86,89,91,97,103,105,107,110,112,115,117,118,119,122,125,127,129,132,134,135,137,139 "17";
18 14 0 0,1,4,6,7,9,11,14,17,21,23,25,26,28,31,32,33,35,36,40,42,44,50,53,54,55,56,59,60,63,69,71,73,76,79,80,81,83,85,88,90,96,97,99,100,102,104,105,108,109,111,115,117,118,124,127,129,130,132,136,138,141 "18";
19 87 0 0,1,5,9,11,12,15,17,18,19,22,24,26,32,33,36,39,40,41,43,44,47,48,50,58,59,62,64,69,70,72,73,75,79,82,83,86,87,90,92,94,96,97,99,101,103,119,122,124,126,129,133,135,141 "19";
20 78 0 7,9,20,26,29,30,35,36,44,55,57,58,59,63,64,70,76,83,85,88,91,102,109,125,129,130,133,134,136,138 "20";
21 61 0 54,55,60,61,80,97,99,131 "21";
22 77 0 2,3,5,7,9,10,12,14,16,17,19,20,22,24,25,28,33,38,39,40,43,45,48,51,53,56,58,59,61,63,64,67,68,70,71,75,81,83,84,86,88,90,92,95,98,100,102,106,108,110,111,113,114,117,118,119,122,124,125,127,128,129,130,134,138,139,140 "22";
23 27 1 0,2,5,8,11,13,14,17,19,22,23,25,27,30,31,33,35,38,39,41,43,44,50,51,53,55,56,65,67,68,69,72,73,75,76,77,79,82,83,84,85,87,89,91,92,94,96,98,100,101,104,107,109,111,112,114,116,118,120,122,123,126,128,130,140 "23";
24 136 0 4,6,8,13,18,24,26,28,29,30,31,33,35,37,41,42,46,48,51,56,57,59,61,62,68,69,71,72,75,80,82,84,88,91,93,97,102,105,107,112,113,114,116,119,120,127,129,133,134,137,140,141 "24";
25 110 1 5,10,13,19,38,64,73,89,95,97,119,121 "25";
26 110 0 2,3,5,8,11,14,15,17,19,21,22,24,27,29,31,32,36,39,41,42,46,48,49,50,54,56,58,59,61,62,64,70,74,76,77,81,86,88,90,93,95,98,100,102,103,104,105,109,111,112,113,116,120,123,126,127,131,135,137,139,141 "26";
27 106 1 0,3,7,8,11,12,15,16,18,22,24,25,27,28,30,32,33,35,37,40,41,42,44,46,47,49,51,52,53,56,57,59,61,62,64,67,69,71,73,74,76,78,79,80,81,83,84,86,88,92,94,100,103,105,106,108,109,110,113,115,116,118,119,121,123,128,130,133,134,136,138 "27";
28 78 0 6,8,12,13,14,15,18,22,24,27,32,36,39,42,52,54,56,61,64,67,73,75,78,80,83,85,86,95,99,112,117,120,125,129,131,132,134,138 "28";
29 120 0 9,17,65,87,99 "29";
30 111 1 26,55,60,117 "30";
31 60 1 1,3,10,15,24,26,27,28,30,37,41,42,43,45,48,49,53,56,60,62,63,64,66,70,72,74,76,77,86,88,89,90,92,96,99,100,104,106,109,111,117,119,123,125,130,131,133,135,138,141 "31";
32 0 0 17,33,40,43,57,68,73,83,98,106,118,132,138 "32";
33 67 1 8,12,15,24,29,37,41,59,65,85,96,97,107,132,139 "33";
34 112 1 1,4,6,8,10,12,14,16,19,23,28,36,42,44,45,51,53,55,72,74,85,86,90,92,94,100,104,105,108,111,119,122,127,129,130,134,137,139 "34";
35 14 1 1,3,4,6,7,8,11,12,15,18,20,24,30,31,33,34,37,40,42,43,44,48,49,51,54,55,57,59,60,61,63,64,69,74,75,76,78,81,84,85,87,88,91,92,94,98,99,101,105,107,108,110,112,115,118,119,121,125,126,127,129,130,132,134,135,137,139 "35";
36 128 0 19,26,40,61,65,84,86,104,139 "36";
37 59 0 10,18,25,36,42,45,49,68,84,102,115,118,124,131,137,139,141 "37";
38 73 1 2,8,10,17,22,26,45,57,68,81,86,108,109,113,134,135 "38";
39 112 1 1,3,6,9,12,13,16,20,21,23,24,27,31,33,35,37,42,43,45,47,49,51,52,54,55,56,58,61,65,67,69,70,72,76,79,82,85,86,90,93,95,96,97,99,100,110,114,118,120,123,126,129,130,131,132,135,137,139,140 "39";
40 130 1 0,2,5,9,11,13,15,19,22,23,33,35,37,38,42,44,47,48,49,55,57,63,67,74,75,80,82,84,88,93,94,98,102,103,105,108,114,118,120,124,131,133,134,141 "40";
41 91 0 5,48,56,73,77,81,83,96,119,122,139 "41";
42 28 0 0,9,12,13,15,19,21,32,34,36,40,41,45,48,51,54,58,61,69,71,75,77,81,86,90,91,95,100,101,103,106,108,110,113,116,117,118,123,125,127,135,140,141 "42";
43 61 0 3,5,9,12,13,14,20,24,25,33,34,36,42,43,44,45,47,51,54,56,58,62,70,72,74,77,81,82,84,96,98,102,103,106,112,116,117,119,122,123,131,134,136,138 "43";
44 76 1 0,2,7,9,11,13,16,24,25,27,30,32,36,37,38,40,44,46,47,48,50,52,54,56,57,59,61,62,63,65,66,70,73,74,77,78,82,84,86,88,92,95,96,97,98,102,105,108,112,113,116,118,121,122,125,127,129,134,136,139,141 "44";
45 85 1 37,39,78,103,104,118,134 "45";
46 35 0 2,8,10,13,14,16,19,21,23,29,31,34,37,40,41,45,48,49,51,55,57,59,64,68,71,73,76,78,81,82,85,87,92,94,96,98,100,104,108,113,115,119,121,127,129,131,132,135,138 "46";
47 63 0 0,2,8,11,14,15,19,27,33,34,36,37,39,43,46,47,53,54,66,67,69,71,73,74,77,81,82,83,87,88,90,92,96,104,113,117,118,120,124,126,129,133,141 "47";
48 43 0 2,4,6,8,12,14,15,16,17,20,22,24,27,28,30,32,37,39,40,44,46,48,51,55,56,58,62,64,66,67,68,69,71,73,74,75,76,78,81,83,85,90,91,93,94,97,99,101,102,104,107,109,114,115,117,120,123,124,126,127,129,132,135,137,138,140,141 "48";
49 120 0 1,4,23,34,41,45,55,63,82,84,98,110,124,127,131,135,137 "49";
50 127 1 9,10,12,14,18,27,33,36,42,45,47,54,64,69,93,94,102,110,115,123,126,128,129,132,140 "50";
51 90 0 0,2,4,7,15,20,32,34,43,51,59,68,69,72,77,104,107,109,117,118,122,132,133,138 "51";
52 72 1 1,3,6,13,25,33,40,50,54,58,64,65,69,72,78,81,85,104,105,109,111,118,126,127,131 "52";
53 128 1 0,4,5,6,8,11,12,14,17,21,23,24,28,32,35,42,46,49,52,59,63,67,73,74,77,82,86,89,93,95,99,102,104,105,106,108,110,112,115,118,122,124,138,139,141 "53";
54 41 1 0,5,11,28,31,38,50,51,54,56,60,63,64,66,72,78,80,86,88,91,104,106,111,112,117,119,130 "54";
55 58 0 0,2,5,6,7,9,10,13,16,17,22,24,26,28,31,35,38,40,44,46,47,49,51,54,59,62,64,67,68,69,73,75,79,80,82,83,85,87,89,92,95,97,101,105,113,116,118,120,124,126,128,130,132,134,137,138,140 "55";
56 6 0 0,4,6,14,17,21,26,29,39,47,57,62,65,70,81,85,91,94,98,105,111,116,125,131,140 "56";
57 126 0 1,3,8,10,12,13,17,21,24,30,32,35,38,40,43,49,51,55,65,69,71,74,76,80,82,84,86,89,91,92,95,96,97,101,103,108,113,118,120,122,123,124,126,127,132,134,136,138,141 "57";
58 142 0 1,4,8,12,24,26,27,29,31,32,33,39,46,57,65,66,68,74,75,83,84,86,90,92,94,99,100,106,108,110,113,117,121,123,125,126,129,130,132 "58";
59 53 0 1,3,11,14,16,20,22,24,25,26,29,30,33,36,37,39,40,42,44,45,47,49,50,52,53,56,58,59,65,66,69,74,77,78,80,81,84,89,90,92,94,96,99,102,107,115,116,122,126,135,138,139,141 "59";
60 48 1 4,8,9,20,21,26,27,29,32,34,36,40,53,60,64,74,83,87,90,95,101,104,112,114,116,124,130,135,139,140 "60";
61 113 1 4,7,15,16,22,35,38,46,52,56,58,60,65,71,73,78,87,90,92,94,98,101,102,103,105,108,111,115,117,121,124,131,135,139 "61";
62 95 1 1,3,6,8,11,13,20,23,24,31,33,39,41,44,46,48,51,53,56,62,64,66,67,69,70,72,79,85,92,98,105,110,111,113,115,118,123,129,134,136,138,140 "62";
63 87 1 2,6,10,15,26,27,33,35,37,42,47,50,53,55,57,66,74,75,80,84,86,89,98,101,110,112,113,116,126,127,130,131,133,136,138 "63";
64 111 0 13,21,40,75,92,100,133 "64";
65 1 0 13,18,27,66,70,96,97,98,116 "65";
66 129 0 36,61,62,66,84,107,109,139 "66";
67 109 1 23,37,62,64,68,69,77,80,92,108,110,116,118,119,125,130 "67";
68 12 0 3,5,7,8,11,14,18,24,29,32,33,39,42,44,46,48,50,52,56,58,61,64,65,69,70,72,80,82,85,96,104,110,117,121,124,126,132,134 "68";
69 1 0 1,7,10,16,17,19,20,22,34,35,37,39,41,46,48,52,53,57,59,60,67,69,71,74,75,77,80,84,86,89,90,92,96,99,101,102,104,106,108,109,110,113,120,122,125,127,130,134,136,138 "69";
70 56 1 1,22,31,44,85,107,117,123,130 "70";
71 39 0 17,19,34,44,48,74,80,93,107,110,116,118,122,134 "71";
72 136 0 1,3,4,10,11,13,16,24,29,30,32,34,38,44,49,52,55,58,59,60,66,67,69,70,73,77,79,83,87,89,94,99,100,106,107,110,112,123,125,130,132,135,138 "72";
73 75 0 1,6,12,14,23,27,29,32,36,46,48,51,57,62,69,86,87,91,102,106,110,113,114,116,121,122,127,133,135,139,140 "73";
74 128 0 5,21,22,26,32,34,43,57,74,79,84,91,96,103,122,129,132,134,138 "74";
75 56 0 5,12,14,18,19,27,30,34,40,45,58,64,66,68,78,79,86,90,95,98,102,104,115,118,120,122,124,127,129,130,133,137 "75";
76 113 0 0,4,7,8,9,10,12,14,16,17,18,20,23,24,25,28,29,31,32,36,38,39,43,44,46,48,50,51,56,57,61,63,64,65,67,69,72,74,76,82,84,85,89,90,92,94,95,97,99,102,103,104,106,112,113,115,116,118,120,124,126,127,129,130,132,133,136,137,138,140,141 "76";
77 115 0 4,15,17,21,24,32,33,38,43,47,50,55,56,61,67,69,73,76,79,80,83,85,88,92,111,123,128,132,136,141 "77";
78 84 1 0,3,4,6,8,9,14,19,21,25,27,30,32,34,35,37,38,40,41,43,45,47,49,50,52,54,55,58,59,62,64,65,67,69,71,75,76,78,80,84,85,88,89,90,92,95,97,98,100,102,103,104,106,108,110,112,113,115,116,117,118,122,128,131,138,139,141 "78";
79 24 0 2,3,6,7,8,12,14,15,19,21,22,24,27,29,32,34,36,37,39,40,42,43,45,47,49,51,54,56,61,65,67,68,70,75,78,80,81,83,84,86,87,94,95,98,99,101,102,104,105,107,113,115,116,118,121,122,124,125,127,129,130,133,136,139,141 "79";
80 21 0 0,5,6,10,11,17,18,22,31,32,35,36,38,39,41,43,44,48,53,54,55,57,59,65,67,70,71,72,74,76,77,79,81,83,88,89,93,100,101,108,109,110,112,113,117,120,121,122,124,125,127,128,130,133,140 "80";
81 76 1 0,2,4,5,9,11,16,17,19,24,26,29,31,35,37,38,39,41,43,49,51,52,55,57,59,60,61,63,64,66,67,68,70,73,74,76,78,81,83,84,87,88,90,92,95,97,100,102,104,106,109,111,115,118,124,126,130,131,133,134,135,136,138,139,141 "81";
82 33 1 0,3,5,7,10,12,14,17,19,23,26,28,30,33,35,37,40,41,44,46,48,49,50,53,55,56,59,61,64,66,68,70,71,73,76,77,79,83,85,88,89,92,93,95,96,98,100,102,106,109,111,115,116,120,121,125,128,129,130,132,135,137,139,141 "82";
83 74 0 0,1,2,5,9,10,13,15,16,18,21,22,25,28,32,34,39,40,42,44,48,53,54,63,65,67,71,74,75,77,78,80,81,82,86,88,89,91,93,97,103,104,108,110,112,117,119,123,127,131,132,134,136,138,139 "83";
84 114 1 0,2,3,5,6,8,9,11,12,14,16,17,19,21,25,26,29,33,37,39,41,43,46,47,48,51,53,57,59,60,62,63,66,69,70,73,77,81,83,84,86,87,90,91,92,97,99,100,104,105,106,108,110,111,114,117,119,121,124,127,132,136,137,139,141 "84";
85 39 0 21,29,36,47,62,99,122,124 "85";
86 56 1 0,2,5,7,8,10,14,16,17,19,25,28,29,30,31,33,34,35,39,41,44,47,50,51,53,55,61,62,63,69,70,72,76,77,78,80,83,85,87,91,92,94,96,100,104,106,111,116,117,119,122,124,126,127,129,136,137,139 "86";
87 9 1 3,6,14,20,26,28,37,44,46,49,74,76,81,108,119,120,123,132,138 "87";
88 111 0 2,4,5,6,16,24,30,34,37,40,43,46,50,52,57,59,65,68,77,83,87,91,97,101,103,105,110,122,128,130,131,135,139 "88";
89 4 0 3,9,15,17,26,29,31,32,48,52,55,61,63,66,76,81,83,84,85,95,104,111,116,117,120,122,123,124,126,128,130,137,140,141 "89";
90 128 1 3,5,8,9,10,13,15,24,26,27,30,31,33,35,39,48,50,53,55,56,60,64,65,66,67,69,71,79,81,84,86,87,91,94,97,98,100,102,107,109,113,119,120,122,124,126,128,129,131,133,139 "90";
91 61 0 2,3,4,6,11,12,16,25,31,35,38,40,45,55,56,60,63,69,73,74,76,79,81,84,91,93,96,97,103,107,115,121,123,132,134,137 "91";
92 2 0 10,12,15,22,24,26,28,30,41,47,48,55,58,60,63,65,69,76,79,81,83,85,89,95,110,115,117,118,123,125,128,135,140 "92";
93 111 0 43,46,63,70,127 "93";
94 116 0 0,1,4,6,7,8,11,14,15,17,18,20,22,26,27,29,30,35,36,41,42,45,47,48,49,51,53,54,57,62,63,66,69,73,74,76,77,79,82,83,86,88,90,92,93,94,95,98,99,102,103,104,106,108,110,112,113,114,117,118,125,126,128,129,130,132,134,137,139,141 "94";
95 67 1 15,46,123,131 "95";
96 125 1 0,6,8,10,11,13,14,15,17,18,19,21,22,24,26,28,29,30,34,35,36,39,40,42,44,46,47,49,51,53,57,58,64,66,72,75,77,78,82,84,86,88,89,92,96,97,98,101,102,107,109,111,114,116,118,119,121,124,126,127,128,130,131,132,135,137,138,140,141 "96";
97 31 0 1,5,8,11,14,18,20,24,25,28,30,36,37,42,43,44,52,58,63,66,71,72,78,81,84,86,88,90,92,96,99,100,103,106,109,111,118,120,122,123,125,126,128,134,136,139,141 "97";
98 20 0 1,4,7,9,14,17,19,21,23,24,25,33,34,36,38,41,43,45,46,53,58,60,61,64,68,71,73,75,80,85,90,91,92,95,98,100,101,102,104,107,109,115,117,120,122,124,130,133,137,140 "98";
99 36 0 3,4,7,8,9,10,13,14,15,17,18,20,22,23,25,28,30,33,37,38,40,41,48,51,55,58,59,61,64,65,66,67,70,74,75,76,81,82,88,91,96,98,99,103,105,107,109,112,114,117,119,121,123,125,127,129,132,133,135,137,139,141 "99";
100 126 1 2,5,7,8,15,16,20,21,29,34,37,39,45,52,55,56,57,59,65,66,70,74,77,83,85,89,92,100,104,106,108,112,113,116,126,127,129,132,136,137 "100";
101 106 0 1,10,12,13,18,19,21,25,28,30,38,42,51,56,57,59,61,63,65,69,71,75,78,84,88,96,98,99,101,104,105,108,110,112,114,115,128,131,133,137,138,140 "101";
102 77 1 4,6,11,12,16,18,19,21,22,24,25,27,32,34,35,39,42,45,49,51,53,54,56,58,62,64,66,69,73,79,81,83,86,89,95,97,100,101,103,106,107,110,116,117,120,121,125,127,132,135,139 "102";
103 65 1 12,15,23,38,48,59,63,70,77,85,92,107,117 "103";
104 140 1 1,8,9,10,12,13,14,16,18,19,20,21,26,28,30,32,35,40,41,43,44,45,48,50,53,56,58,61,62,64,65,66,67,70,73,75,77,78,79,81,82,84,86,88,89,90,94,97,98,99,101,102,104,105,106,110,112,115,116,117,118,119,123,127,129,130,131,133,137,141 "104";
105 35 0 14,17,26,28,30,35,36,40,44,54,56,62,69,77,81,91,107,128,138 "105";
106 88 0 2,4,6,10,12,14,16,21,24,29,32,33,35,37,38,39,47,50,52,53,56,57,59,62,63,66,70,74,76,80,82,85,87,91,95,97,98,101,104,105,106,109,110,113,115,116,119,122,123,124,128,131,136,137,139,141 "106";
107 33 1 0,2,4,11,13,17,19,21,32,34,37,41,45,48,51,53,55,58,61,62,63,66,67,68,73,75,76,78,80,82,83,88,89,95,96,98,99,102,107,110,113,116,119,126,128,133,135,138,140 "107";
108 1 0 4,7,11,13,16,20,25,29,30,34,37,48,51,53,65,73,79,82,85,88,90,94,96,99,100,104,106,108,110,112,118,122,126,128,132,134,139,140 "108";
109 108 1 25,29,40,51,60,62,64,69,80,84,106,112,129,131,133 "109";
110 124 1 4,5,7,9,15,16,21,23,35,48,50,52,54,57,63,70,78,86,88,97,100,107,114,118,119,124,126,128,135,140 "110";
111 136 1 2,3,6,8,10,13,23,34,36,37,40,41,44,46,47,60,64,69,71,76,80,84,88,91,95,98,101,103,105,110,111,112,114,115,118,120,123,128,135,137,138 "111";
112 80 1 6,35,116 "112";
113 38 1 1,2,9,11,14,15,17,19,21,24,31,35,37,41,45,48,50,51,54,55,57,59,62,66,71,73,75,77,78,81,82,85,86,88,91,92,93,95,96,99,102,106,110,111,115,119,121,125,126,129,131,135,137,138 "113";
114 15 1 1,4,5,8,10,11,14,15,16,20,27,28,29,35,38,39,46,47,48,58,59,62,72,73,76,81,82,83,87,88,91,92,95,96,97,104,105,106,108,113,115,118,120,124,126,129,131,135,136,140 "114";
115 24 1 0,7,9,12,15,16,20,25,27,31,34,37,42,44,46,52,53,56,57,63,64,66,68,70,73,76,78,79,80,82,84,88,90,93,94,99,102,106,108,110,112,114,117,118,120,121,123,129,130,133,137,138,141 "115";
116 34 1 1,6,12,14,18,21,22,27,32,34,39,43,45,51,52,58,60,69,72,75,78,79,84,93,100,104,108,111,114,122,124,132,137,139 "116";
117 25 1 4,17,25,26,49,69,84,99,113,115,116,134,137 "117";
118 128 1 5,11,27,33,34,41,45,48,56,63,80,82,85,87,90,97,101,105,108,110,112,116,124,130,134,136,139 "118";
119 70 0 1,18,22,54,71,93,101,105,106,128,129,139 "119";
120 51 0 0,1,3,4,6,7,10,11,14,17,18,21,23,25,28,30,32,33,35,38,39,41,42,43,46,48,49,55,56,58,63,65,67,71,72,74,76,79,82,83,87,88,90,93,97,99,101,103,105,109,112,113,117,119,121,122,124,127,131,133,134,138,139,140,141 "120";
121 27 0 5,16,21,32,34,35,41,43,46,53,61,62,78,97,107,115,131,132,137,140 "121";
122 141 1 1,3,4,6,12,13,18,19,20,26,28,29,31,32,34,36,38,41,42,43,48,51,53,54,57,58,61,64,65,67,72,74,77,78,81,83,85,89,92,93,95,96,98,100,102,104,106,107,109,112,114,116,124,127,129,131,133,136,138,141 "122";
123 85 0 1,2,4,8,10,13,17,19,20,23,25,27,29,30,31,33,34,36,37,39,50,63,65,67,69,72,73,75,77,79,84,91,92,94,95,98,99,100,102,104,106,107,108,111,112,115,116,119,120,121,124,125,127,131,133,134,138 "123";
124 81 0 3,4,8,10,14,17,19,25,26,27,30,33,36,37,38,40,52,55,58,61,64,67,71,73,77,78,80,82,86,89,90,91,92,94,97,100,104,108,109,116,120,121,123,124,127,128,130,135,137,139,140 "124";
125 138 0 3,7,20,26,28,29,32,36,39,45,51,60,62,64,66,67,70,74,79,80,82,86,92,93,95,100,107,111,113,114,119,132,135,140 "125";
126 78 1 3,7,41,42,103,133 "126";
127 132 1 3,5,10,15,17,25,30,35,36,42,45,46,48,55,57,58,66,69,72,73,76,82,84,91,93,98,104,108,110,113,117,119,121,125,129,131,133,136,140 "127";
128 131 1 0,2,7,11,16,18,23,26,31,35,37,42,47,52,58,70,77,79,84,86,103,104,113,114,124,129,139 "128";
129 23 1 1,3,4,5,6,10,11,14,15,16,18,20,21,22,25,28,29,31,33,37,38,40,43,44,46,48,50,52,53,54,56,58,60,63,65,67,71,77,78,79,81,82,84,86,91,95,97,98,100,102,103,105,106,108,111,113,115,119,120,122,124,126,127,129,130,133,135,137,138,140,141 "129";
130 67 1 0,2,4,12,13,14,16,17,19,20,21,23,26,33,35,38,40,42,43,45,47,48,51,53,56,57,59,61,62,66,68,70,72,73,74,77,81,83,84,86,87,90,91,93,94,97,99,100,102,104,106,110,112,113,116,119,122,125,127,128,130,131,133,136,138 "130";
131 111 1 4,10,11,12,14,17,20,21,23,25,27,29,30,33,36,42,46,48,50,52,53,54,55,57,61,62,65,66,69,72,74,75,76,78,80,85,88,90,97,101,102,103,105,112,114,115,121,122,125,127,128,130,134,136,140 "131";
132 15 0 1,4,5,7,9,11,13,14,17,18,20,22,24,25,29,30,32,35,38,40,43,45,46,47,49,51,52,54,56,60,62,64,66,71,73,76,78,80,82,83,86,88,90,96,99,102,105,108,109,111,113,117,119,120,123,127,128,129,132,135,138,140,141 "132";
133 22 0 6,9,11,12,13,15,21,23,31,35,36,40,42,47,52,56,64,66,67,70,72,76,81,94,97,100,101,107,109,114,116,123,125,133,134,137,141 "133";
134 85 0 0,10,11,17,19,21,27,35,38,43,47,49,50,57,59,61,62,65,73,74,81,83,87,90,92,96,106,112,113,123,129,131,134,136 "134";
135 42 0 0,3,7,9,13,15,19,21,24,31,32,36,37,43,44,52,53,56,57,62,66,68,76,77,80,82,84,91,94,99,103,112,115,116,119,122,125,128,133,136,141 "135";
136 115 1 3,8,11,14,15,16,19,21,23,27,28,31,34,38,39,44,48,50,56,59,61,63,65,66,68,71,74,76,77,80,85,90,92,94,95,97,99,101,102,106,107,113,115,121,122,125,128,134,139 "136";
137 55 0 6,8,15,18,28,31,35,40,46,55,63,67,70,72,74,76,80,86,89,91,97,99,102,109,115,116,117,119,127,131,134 "137";
138 89 1 1,7,21,22,23,25,27,34,54,61,71,75,77,80,90,97,105,108,112,128,130,132,138,140 "138";
139 126 1 1,3,4,6,11,13,16,18,19,22,27,30,33,35,36,37,39,40,48,49,51,52,54,58,60,61,67,69,74,76,77,80,83,86,88,89,91,94,95,97,99,100,103,107,111,112,114,115,118,122,123,127,129,131,135,138,141 "139";
140 93 1 13,36 "140";
141 55 1 2,7,8,11,13,15,16,20,24,27,32,33,36,41,43,45,46,48,52,54,55,57,61,65,68,73,74,75,80,81,84,86,89,91,95,104,106,109,111,115,116,117,120,126,127,128,131,133,136,138 "141";
