parity 110;
0 53 1 2,6,7,10,14,16,18,22,29,31,33,40,41,44,45,46,48,51,52,55,57,59,61,62,64,68,71,73,77,79,80,83,85,91,93,94,99,102,104,110 "0";
1 73 1 2,7,14,20,23,25,27,32,34,36,37,41,47,51,54,55,57,62,65,72,73,77,81,86,89,91,93,96,98,101,102,103,107,110 "1";
2 53 0 0,1,4,5,7,10,11,13,14,16,17,18,20,24,26,31,32,34,37,38,40,43,44,45,47,48,50,54,56,60,61,63,65,66,68,71,73,75,76,78,80,84,86,89,90,91,93,94,95,97,99,106,107,108,110 "2";
3 69 1 2,3,4,8,13,15,18,26,30,31,35,39,41,42,45,49,54,56,61,63,67,68,70,71,76,82,84,86,88,90,91,94,98,100,101,102,106,109,110 "3";
4 13 1 6,9,11,17,22,24,27,33,37,41,42,44,49,57,66,67,70,74,77,79,83,86,87,92,93,96,98,100,106 "4";
5 27 1 9,16,17,25,29,35,37,40,45,47,49,53,54,62,76,81,87,89,94,97,100 "5";
6 70 1 75,76 "6";
7 42 0 3,6,10,13,17,21,26,36,42,49,51,57,59,61,63,64,66,69,85,87,92,93,98,103,108 "7";
8 62 1 1,3,13,16,20,22,24,31,68,73,80,84,97 "8";
9 91 1 0,2,3,5,7,9,12,13,16,17,19,21,25,27,30,33,36,38,42,43,45,46,48,49,50,53,55,56,59,63,65,67,70,71,72,74,78,82,85,87,96,100,103,105,107,108,109 "9";
10 39 0 1,3,5,6,10,12,13,17,23,24,32,34,36,42,43,45,49,53,55,56,58,63,65,67,68,75,80,82,86,93,95,97,102,103,105,108 "10";
11 85 1 5,25,30,35,36,70,77,103,106 "11";
12 21 1 0,3,21,27,33,46,54,61,67,93 "12";
13 69 0 2,3,4,5,8,9,10,11,15,17,20,21,23,24,26,27,28,30,31,39,42,43,44,45,47,49,51,52,53,57,61,63,64,67,74,75,77,78,80,83,86,89,90,93,96,98,99,100,102,103,105,107,108,109,110 "13";
14 77 1 8,11,20,22,23,25,32,33,41,43,51,59,62,63,64,71,74,78,79,81,82,87,93,95,99,100,106,109 "14";
15 77 1 0,17,27,35,48,61,85,91,94 "15";
16 95 0 15,18,29,31,38,40,42,44,49,71,75,77,82,96,105 "16";
17 28 1 0,1,3,5,7,8,11,12,14,16,18,19,22,26,27,29,37,39,40,41,44,47,48,50,55,62,65,67,68,69,71,72,80,85,87,91,92,94,97,99,104,108,110 "17";
18 100 1 0,2,4,5,7,8,11,12,17,22,24,25,29,30,31,32,34,36,38,40,44,48,51,53,55,60,63,65,66,67,69,71,72,74,77,79,80,81,83,84,86,89,90,93,95,97,102,103,106,107,109 "18";
19 96 1 9,10,25,33,39,40,46,58,61,83,85,100,106 "19";
20 49 1 0,4,5,7,8,9,10,12,17,20,22,24,28,29,31,36,39,44,45,46,48,49,51,54,57,60,63,66,67,69,70,72,74,77,78,80,82,85,88,91,93,98,100,101,104,105,106,110 "20";
21 98 0 2,9,18,27,28,30,36,53,66,69,82,101,104,108,110 "21";
22 57 1 0,2,3,6,8,9,11,14,17,19,23,26,28,29,30,33,35,36,41,43,45,46,48,51,54,55,56,58,61,62,65,68,69,71,73,74,76,78,83,84,85,87,90,91,93,94,97,100,101,105,109,110 "22";
23 29 1 72,110 "23";
24 41 0 14,15,17,20,26,27,34,37,40,46,49,52,62,64,74,82,83,88,95,104,106,107 "24";
25 16 0 0,2,4,19,29,30,32,36,39,60,74,83,85,103,107 "25";
26 107 0 7,38,46,54,74,97 "26";
27 111 1 1,6,9,12,15,19,20,27,29,30,34,36,38,42,44,47,50,52,55,57,59,62,63,66,68,72,80,82,84,87,88,89,91,98,103,107,110 "27";
28 81 1 3,5,11,22,34,41,42,44,51,52,60,71,74,85,87,91 "28";
29 20 0 1,3,6,8,11,13,14,16,18,19,20,24,26,29,31,42,46,49,51,53,58,59,61,63,67,69,71,72,74,76,78,82,84,86,87,92,97,99,101,102,103,105,108 "29";
30 109 1 0,3,4,6,8,17,18,19,25,27,30,31,35,37,41,43,45,46,48,52,58,60,61,66,70,71,74,75,78,79,80,84,86,88,89,93,100,102,108,110 "30";
31 64 1 3,4,6,7,8,10,11,12,14,20,21,25,27,28,33,35,36,38,39,41,42,46,47,50,51,54,60,61,63,66,69,73,77,81,82,85,87,89,90,92,93,95,96,97,100,101,109 "31";
32 80 0 4,7,8,15,17,19,30,35,46,70,76,79,83,92,97,105 "32";
33 7 0 36,43,98 "33";
34 38 0 0,3,5,7,11,12,21,23,28,30,31,33,35,37,49,58,68,71,74,77,78,80,92,100,103,108 "34";
35 10 0 1,3,4,8,10,11,12,14,19,20,22,27,29,30,32,33,35,37,38,40,41,43,45,49,51,52,53,55,58,59,61,62,64,67,69,71,73,74,76,77,78,82,84,86,87,89,90,93,95,97,100,103,104,107,108,110 "35";
36 35 1 0,1,5,9,17,29,30,32,40,45,49,53,56,61,65,67,71,73,77,79,86,89,92,94,104,105,109 "36";
37 69 1 4,8,11,14,16,19,22,24,26,29,37,44,49,50,51,53,57,64,69,70,74,75,78,81,85,87,97,99,104,107,109 "37";
38 51 1 21,29,61 "38";
39 2 1 1,7,9,12,13,14,16,18,20,21,27,29,31,36,38,39,42,47,49,54,55,56,58,59,64,67,68,70,72,73,74,76,78,79,84,86,87,88,89,91,93,94,96,98,100,101,102,104,106,107,108,110 "39";
40 56 1 0,2,3,5,7,11,14,17,18,21,22,33,37,41,43,44,45,47,48,51,53,55,59,63,64,68,70,73,76,77,80,81,83,85,88,90,91,94,95,98,100,102,104,105,109 "40";
41 109 0 7,14,21,23,25,61,75,92,108 "41";
42 39 0 3,4,9,15,17,18,20,24,25,28,30,32,35,37,38,41,42,45,51,56,59,61,62,64,67,68,70,71,73,77,82,84,85,91,92,95,100,101,103,104,109 "42";
43 38 0 3,5,6,9,12,20,21,23,24,28,29,30,33,39,40,43,45,46,53,55,57,59,62,65,66,69,71,73,74,76,78,79,83,84,86,88,89,91,95,97,99,100,102,104,106,107,110 "43";
44 108 1 1,3,4,9,11,12,17,22,25,26,29,32,33,36,51,56,59,64,67,70,75,78,79,80,82,83,85,87,92,96,98,107,109 "44";
45 88 0 3,6,11,13,15,16,19,23,28,30,31,33,44,45,47,48,50,58,60,64,66,68,69,70,73,75,77,87,90,93,94,97,98,100,101,104,108 "45";
46 71 0 5,10,11,23,24,29,42,52,59,62,69,78,84,86,90,92,98,106,107 "46";
47 88 0 0,6,9,17,29,36,42,46,53,64,74,79,82,86,90,93,97,103,105,110 "47";
48 30 0 0,6,11,17,18,27,35,37,41,43,44,62,65,68,71,73,85,93,95,103,105,110 "48";
49 17 1 0,2,3,5,7,9,10,11,14,15,17,19,21,23,24,27,32,33,34,35,37,39,41,43,45,47,50,51,53,55,56,59,61,63,64,70,72,73,75,76,78,80,84,86,87,88,90,94,95,100,104,108,110 "49";
50 16 0 13,17,22,25,27,34,47,48,52,56,61,62,69,74,79,80,84,86,89,94,96,97,106,109 "50";
51 69 1 0,8,10,14,16,22,25,26,28,33,38,40,42,44,47,49,58,59,65,66,73,74,77,79,84,90,92,94,96,98,102,103,106,108,110 "51";
52 100 1 1,11,13,14,16,21,26,28,34,37,41,44,48,52,58,61,68,74,75,76,77,78,82,93,101,103,106,108 "52";
53 14 0 1,2,5,8,9,11,13,17,18,20,23,27,29,30,32,34,36,37,39,41,51,53,54,56,57,62,64,65,67,68,71,72,74,76,78,81,82,85,87,90,92,95,97,98,99,101,102,105,107,108 "53";
54 65 0 2,6,19,21,25,43,67,74,84,85,91,98 "54";
55 98 0 4,5,7,10,11,14,15,18,19,23,25,34,36,42,44,47,48,51,52,55,58,60,61,64,67,69,70,71,73,74,77,79,80,83,86,90,92,95,96,97,99,101,102,104,106,108,109,110 "55";
56 1 1 2,4,5,8,9,10,11,13,15,18,20,23,25,28,30,36,38,41,42,44,55,57,60,63,64,66,68,71,73,76,77,79,80,81,84,89,93,94,95,97,99,101,104,108 "56";
57 22 1 0,11,40,44,52,58,62,67,78,80,81,87 "57";
58 26 0 5,15,17,21,24,30,38,45,49,50,53,60,65,74,88,90,97,99,100,105 "58";
59 10 1 1,5,7,12,14,16,17,20,22,23,25,26,27,28,31,35,36,38,43,46,48,49,51,52,54,57,67,70,75,81,85,90,92,94,95,97,100,101,106,107 "59";
60 68 0 0,2,4,18,31,37,50,54,61,72,81,85,98,100,110 "60";
61 75 1 0,1,4,6,10,13,15,17,19,20,21,22,24,26,29,33,34,36,39,42,46,48,50,53,55,59,61,63,66,70,71,72,77,78,79,82,83,85,88,90,91,93,94,95,96,100,101,102,105,107,110 "61";
62 86 1 0,14,33,36,38,40,42,50,55,57,74,76,82,89,94,99,105,110 "62";
63 9 1 0,2,6,7,9,11,14,16,19,21,22,26,28,30,32,33,34,37,41,43,44,48,49,51,52,55,57,59,60,64,66,68,69,72,75,78,79,80,84,87,89,90,92,93,95,97,103,107,109,110 "63";
64 83 1 28,39,50,62,83,89,92 "64";
65 51 1 21,26,30,39,53,75,102,104,106 "65";
66 27 0 1,4,8,10,14,17,21,26,34,40,41,43,45,51,52,54,62,72,73,85,87,88,99,102,104,107 "66";
67 3 0 1,4,5,6,8,12,14,16,17,19,22,24,27,31,37,38,39,40,45,52,55,56,63,66,68,72,73,75,76,79,80,87,88,89,91,93,96,98,99,102,103,107,108,110 "67";
68 72 1 2,6,8,11,12,15,17,24,25,26,32,34,39,42,47,52,68,71,74,84,85,86,88,93,95,97,99,101,110 "68";
69 21 0 1,7,9,10,13,18,24,29,31,33,42,49,54,67,70,78,80,94,100,108 "69";
70 33 1 3,10,21,24,40,48,56,63,66,72,83,106,107 "70";
71 12 0 5,11,25,56,63,76,99 "71";
72 72 1 4,6,7,12,14,20,29,31,39,42,49,54,62,66,70,72,80,85,86,89,90,92,100,102,104,105,107 "72";
73 70 1 0,2,3,4,6,7,8,10,11,18,21,23,24,26,29,33,36,37,41,46,47,48,49,51,53,54,56,57,60,61,63,65,67,68,70,73,75,77,78,81,82,84,89,91,92,97,99,101,102,106 "73";
74 79 1 1,5,8,11,13,18,30,32,39,54,56,61,66,72,75,76,85,93,101,107 "74";
75 26 1 4,6,14,22,27,32,43,45,68,70,77,85,88,90,92,95 "75";
76 28 1 4,5,7,8,10,12,13,15,16,18,20,21,23,24,26,29,31,32,36,37,46,49,50,52,56,58,59,61,62,70,71,74,76,78,81,82,85,86,88,90,92,93,96,99,102,104,105,108,110 "76";
77 111 1 5,7,9,18,22,23,26,30,31,39,43,48,52,55,57,58,61,64,67,69,72,77,82,83,85,89,92,97,100,101,102,105 "77";
78 13 0 0,1,3,4,5,8,12,13,38,39,46,48,55,57,62,64,66,68,71,73,82,95,101,103,104,106,109 "78";
79 56 0 17,23,33,36,46,60,68,69,70,76,92,97 "79";
80 65 1 6,11,14,24,28,31,34,35,37,39,40,42,47,52,55,56,57,59,62,64,67,69,70,72,73,75,78,82,86,88,91,94,98,101,102,106,107 "80";
81 11 1 3,31,36,51,63,66,68,86,104 "81";
82 69 0 4,13,17,20,25,29,32,33,39,42,46,48,50,52,62,69,70,74,80,88,91,97,105,109 "82";
83 66 0 0,2,5,14,17,19,22,24,28,30,34,37,39,42,47,48,62,71,73,78,81,86,89,91,95,100,103,105,107,109 "83";
84 87 0 12,29,40,68,71,78,103,109 "84";
85 80 0 1,4,8,11,15,18,20,21,22,24,25,28,33,36,37,39,41,45,48,50,53,54,55,57,59,61,65,66,73,75,76,78,80,81,85,86,88,89,91,92,94,98,100,104,105,107,108,110 "85";
86 31 1 34,40,43,47,62,80,83,90 "86";
87 52 1 8,9,11,12,17,19,22,26,30,32,39,46,53,55,58,60,62,81,84,86,95,98,109 "87";
88 66 0 33,37,41,49,66,83,91,105 "88";
89 99 0 0,17,50,52,53 "89";
90 82 1 2,5,7,9,11,15,16,20,25,28,29,33,35,36,38,42,46,48,49,55,59,60,69,71,72,75,77,79,80,81,82,85,88,90,94,96,99,101,104,107,110 "90";
91 94 1 2,8,10,11,13,15,18,20,21,23,24,26,27,35,38,43,44,49,50,52,58,60,63,65,67,73,75,80,83,88,92,94,97,98,100,103,107,110 "91";
92 96 1 34,61,65,71,77,88,110 "92";
93 7 0 1,3,12,22,47,49,66,68,71,79,81,92,102,107 "93";
94 28 1 0,3,5,7,11,17,18,23,25,32,35,38,40,43,46,47,48,49,52,53,57,58,60,62,65,67,69,71,73,74,76,78,80,81,83,84,89,93,98,100,105,108,109,110 "94";
95 97 1 0,3,4,6,8,9,11,12,14,15,17,19,20,21,23,24,27,28,29,32,33,36,38,46,47,48,50,51,62,64,65,68,69,70,72,74,76,78,80,81,82,83,86,87,90,91,93,94,95,98,99,102,104,105,106 "95";
96 18 0 3,77,80 "96";
97 72 0 0,6,8,11,12,22,26,36,43,45,47,54,56,57,60,64,66,68,69,72,74,76,80,85,91,92,106,109 "97";
98 45 1 0,5,7,12,19,21,23,26,28,32,33,36,38,39,42,44,46,47,48,50,51,53,55,56,58,61,63,65,66,67,69,71,72,73,79,80,81,82,85,87,88,91,93,94,96,97,98,100,102,103,105,108,110 "98";
99 73 0 0,4,9,11,14,18,21,26,28,31,32,33,35,39,40,44,46,47,48,52,56,57,60,62,63,64,65,67,69,71,74,76,79,80,81,83,84,87,88,91,95,97,98,103,105,106,107,109,110 "99";
100 87 0 1,3,7,9,11,12,14,20,22,24,25,32,35,38,40,45,47,48,50,59,64,67,73,77,81,83,92,97,100,106,109 "100";
101 106 1 0,3,6,7,9,10,12,14,17,19,21,24,30,36,37,39,41,48,50,51,54,55,56,60,61,64,65,66,68,72,78,81,82,85,89,91,92,95,97,99,101,103,105,106,108 "101";
102 69 1 0,3,14,15,19,20,25,27,29,31,33,34,35,41,42,44,54,58,59,60,64,67,69,70,79,92,95,97,103,107,109,110 "102";
103 44 1 0,3,5,8,9,11,13,14,17,18,21,22,24,26,28,29,30,33,37,38,39,42,45,46,47,48,51,53,55,57,60,61,64,66,69,71,72,74,75,77,78,79,83,85,87,90,92,93,97,99,101,102,103,105,107,110 "103";
104 99 0 1,12,48,54,57,61,76,80 "104";
105 95 1 4,6,9,11,14,17,19,20,21,26,30,32,34,36,37,40,45,48,50,56,60,63,65,69,70,73,76,79,80,83,84,86,88,90,100,105 "105";
106 47 1 11,29,37,42,45,47,52,72,76,79,88,95 "106";
107 93 0 0,2,11,14,20,22,29,33,39,43,52,58,62,72,81,87,103,108,109 "107";
108 22 1 2,5,10,13,23,26,32,36,38,39,41,50,53,59,61,65,72,74,75,88,98,102,107,110 "108";
109 69 1 2,4,8,10,11,13,17,19,22,23,24,26,28,30,36,41,42,44,47,51,52,59,61,63,66,68,70,72,74,76,78,80,82,84,94,95,96,98,100,102,105,106,110 "109";
110 49 1 3,16,35,39,48,61,67,71,79,80,102 "110";
