parity 173;
0 50 0 1,6,11,24,29,34,40,51,52,84,92,96,109,111,114,118,120,128,149,162,173 "0";
1 2 0 4,6,10,11,14,18,19,21,27,30,31,33,37,39,43,47,51,56,58,60,63,88,90,94,97,99,102,104,107,112,115,117,120,121,123,124,126,129,132,134,135,136,139,148,150,151,154,163,164,168,171,172 "1";
2 136 1 0,1,4,6,7,11,13,18,21,24,27,29,31,34,39,40,43,45,50,55,56,58,60,62,64,65,66,70,73,74,78,80,83,84,85,87,92,93,94,98,102,103,105,109,111,116,119,120,126,129,131,133,136,137,140,142,143,146,147,148,150,151,157,159,161,162,164,168,169,172 "2";
3 103 0 0,2,4,7,8,10,12,13,15,17,20,24,25,26,28,29,31,32,33,35,37,39,41,42,44,45,47,51,53,56,59,60,62,63,67,68,72,73,75,76,79,81,84,87,89,92,94,96,97,99,102,103,108,110,112,114,120,123,125,127,128,129,132,133,135,137,138,139,140,143,144,146,147,150,152,156,158,159,164,165,166,167,169,171,173 "3";
4 13 0 1,9,11,12,13,15,18,21,25,27,28,31,33,34,40,44,45,47,49,52,53,54,55,57,59,63,64,67,72,74,76,77,78,82,83,87,88,89,91,94,99,105,109,112,114,115,116,118,120,123,124,126,127,135,138,139,142,151,152,154,158,159,162,165,167,170,173 "4";
5 136 1 7,8,20,22,26,29,35,37,63,80,81,97,100,102,109,112,119,121,128,138,149,151,154,158,167,173 "5";
6 152 0 0,3,6,7,11,14,17,18,25,28,32,34,35,37,40,47,50,54,58,59,62,64,66,71,73,77,78,83,88,90,91,93,95,99,102,106,113,117,119,121,122,125,128,131,132,136,138,139,142,143,145,148,150,156,159,163,165,169 "6";
7 44 1 4,6,8,18,20,22,28,30,40,44,54,55,59,61,67,68,80,86,97,106,113,114,116,117,120,125,131,134,136,138,140,143,152,156,160,163,172 "7";
8 115 0 1,2,4,7,10,11,13,15,17,22,24,27,29,30,33,36,41,44,46,52,53,56,58,63,65,67,69,70,72,73,74,78,82,86,87,91,93,94,96,98,99,100,104,105,108,110,113,114,118,121,123,126,130,133,134,135,138,140,144,145,150,151,154,157,158,160,161,163,164,168,169,170,171,173 "8";
9 98 1 11,16,18,25,30,51,56,60,65,68,84,91,110,112,116,123,127,129,134,139,141,144,145,146,148,153,166 "9";
10 11 1 3,9,28,31,56,62,69,78,84,98,112,113,115,124,125,135,140,144,145,157,168 "10";
11 56 0 1,3,11,15,18,22,29,31,34,35,37,40,42,44,47,48,49,50,51,53,54,56,59,62,69,70,73,76,78,79,81,83,87,88,89,92,93,100,102,105,108,109,117,118,119,121,123,124,128,130,133,143,146,148,151,154,156,158,160,162,163,167,168,169,173 "11";
12 107 0 1,5,9,11,13,23,24,27,28,30,32,34,35,38,39,44,45,47,49,52,55,59,60,64,68,70,73,78,86,87,95,96,104,110,113,117,122,127,133,135,140,143,146,147,150,152,158,161,168 "12";
13 69 0 4,8,10,12,15,16,17,20,22,29,32,39,41,42,44,45,46,48,50,53,61,62,67,71,73,75,76,79,80,84,87,88,92,94,96,97,99,102,103,110,111,112,114,115,119,121,123,124,128,130,132,133,137,138,139,142,144,145,147,148,150,151,152,153,155,156,158,164,167,170,171,173 "13";
14 80 1 26,29,36,43,50,51,61,66,70,109,126,131,139,145,150,160,164,171 "14";
15 121 1 3,9,14,19,32,51,53,60,79,81,82,91,100,106,107,112,135,136,138,144,163,168 "15";
16 38 1 3,11,14,19,21,25,28,34,35,37,40,41,43,46,51,53,59,61,65,71,72,78,83,84,92,94,108,122,127,129,131,132,134,139,140,142,150,160,165,166,168 "16";
17 132 1 0,7,14,19,22,23,28,29,34,35,39,42,44,46,49,50,51,53,55,59,63,65,66,67,73,74,83,90,92,94,95,97,102,105,108,110,111,113,114,117,120,122,123,126,129,136,145,148,149,151,154,158,159,162,163,164,165,167,172,173 "17";
18 124 0 0,5,6,7,9,11,15,16,20,22,24,25,27,30,31,32,34,35,36,40,41,42,44,46,47,54,56,57,58,60,63,64,66,67,68,70,73,76,79,80,82,84,87,89,92,93,95,97,99,102,103,106,109,110,113,114,117,119,120,123,125,126,127,130,131,132,133,135,136,139,141,145,147,149,150,152,154,157,158,160,162,168,173 "18";
19 48 1 1,2,4,6,8,10,13,16,18,20,23,25,28,35,36,37,39,42,48,50,51,52,55,59,62,65,67,70,74,77,79,81,83,84,85,93,95,96,97,103,104,106,108,111,113,115,117,121,125,128,129,132,134,137,139,141,143,145,146,147,150,152,155,157,159,161,167 "19";
20 108 1 16,22,28,30,32,34,36,40,45,46,48,52,61,62,64,65,67,70,72,73,75,85,90,94,101,103,104,107,111,123,125,127,132,137,142,143,145,147,150,153,162,167,169,171,173 "20";
21 37 0 1,5,7,13,17,30,40,46,61,63,71,78,80,87,90,101,103,109,114,118,124,154,164,169,172 "21";
22 141 0 7,9,11,13,14,17,22,28,31,37,43,46,61,72,74,77,81,85,105,109,116,122,137,141,145,147,153,155,162,168,172 "22";
23 110 1 0,1,7,9,10,12,14,15,17,20,21,24,27,28,29,32,34,35,37,41,46,48,49,52,54,56,59,60,63,64,65,67,68,69,72,76,78,79,81,82,84,85,87,89,90,92,95,96,100,103,104,107,109,111,112,113,114,116,117,118,122,124,129,131,132,134,136,137,140,142,143,145,146,154,156,158,159,160,162,164,165,167,168,170,173 "23";
24 118 0 3,6,13,18,20,24,27,30,38,51,52,53,58,60,66,70,77,82,89,95,96,100,102,104,105,112,126,140,152,158,165,173 "24";
25 73 0 0,3,4,6,8,10,17,20,21,23,24,30,35,37,40,42,44,46,49,54,55,59,63,66,68,73,76,80,83,85,87,88,90,98,100,104,107,110,111,112,114,116,121,123,127,129,135,140,142,148,149,151,158,159,162,165,167,169,172 "25";
26 121 0 4,6,7,10,13,16,19,21,22,23,24,25,27,29,30,32,34,37,40,42,44,46,47,49,51,52,56,59,61,63,64,65,66,68,70,71,73,75,77,79,81,82,83,85,88,90,91,93,96,99,101,104,106,108,110,112,114,116,118,120,123,125,126,128,129,130,133,134,137,139,140,142,144,145,149,152,153,158,160,161,164,167,169,173 "26";
27 128 1 1,3,5,7,9,12,13,15,17,18,20,22,24,27,29,31,32,33,35,38,41,44,46,49,51,52,54,56,57,59,64,71,73,75,78,80,82,87,88,90,92,99,100,101,102,104,106,107,110,111,113,115,119,120,124,125,126,127,131,132,134,136,139,141,143,145,147,149,150,151,153,155,156,158,160,164,166,168,169,170,173 "27";
28 131 1 3,6,7,12,15,17,22,32,35,41,44,61,75,80,83,85,89,95,108,110,112,116,119,124,129,130,135,143,146,147,148,150 "28";
29 11 0 8,11,12,17,19,21,23,30,42,43,45,53,54,55,62,69,73,76,77,86,88,90,93,95,98,105,108,115,116,117,120,121,126,130,135,140,144,146,150,152,156,169 "29";
30 11 0 1,4,6,9,10,12,14,16,18,20,22,24,28,29,32,34,36,38,39,40,43,44,47,51,52,55,57,58,59,61,63,69,71,72,73,75,77,78,80,82,84,88,89,91,92,96,98,103,104,105,107,108,110,111,113,114,116,117,118,122,124,125,127,128,131,134,138,139,142,144,145,146,148,152,153,155,157,160,161,164,165,168,170,171,173 "30";
31 5 1 3,4,5,7,13,21,23,25,29,37,41,42,45,47,53,56,59,64,66,71,76,80,82,83,86,87,90,93,94,97,98,101,108,111,113,117,121,123,128,131,139,140,148,154,155,158,160,162,168,173 "31";
32 173 0 0,5,7,9,10,11,14,15,17,23,26,27,28,30,33,34,38,40,42,43,45,51,53,62,64,68,70,71,81,82,84,87,88,89,90,92,93,98,103,105,107,108,110,111,113,116,125,127,128,131,135,136,137,140,141,147,148,151,153,159,162,163,164,166 "32";
33 139 1 2,3,6,8,12,15,18,32,36,55,61,64,65,71,105,107,126,132,141,142,149,150,155,165,170,173 "33";
34 25 0 6,8,15,23,28,46,77,85,117,122,125,132,138,163 "34";
35 102 1 21,97,157 "35";
36 24 0 4,11,14,17,19,22,24,27,35,36,38,40,44,47,49,61,64,66,68,75,78,100,104,108,128,133,141,148,149,152,154,158,168,170 "36";
37 45 1 5,6,10,12,14,16,25,35,37,39,45,49,57,60,61,64,66,68,71,77,80,82,83,85,86,92,93,100,107,109,113,115,116,118,120,121,123,125,127,130,133,135,138,141,150,157,158,165,168,171 "37";
38 156 1 0,2,3,5,7,8,10,14,15,18,21,23,25,27,28,29,30,33,38,40,42,45,48,49,52,56,57,59,62,63,64,65,70,72,73,76,77,82,87,88,92,94,95,101,102,104,106,109,112,113,114,118,122,123,126,129,133,137,140,142,146,147,150,155,156,158,160,161,163,164,166,167,170 "38";
39 101 1 5,6,7,9,11,14,17,26,27,31,34,36,38,44,52,59,68,70,73,78,79,82,84,85,87,90,95,99,104,108,111,114,119,128,129,131,133,134,146,154,157,160,161,164,168 "39";
40 130 1 29,31,53,60,64,91,102,115,132,134,136,141,155,159,166,169 "40";
41 134 0 31,42,46,52,66,95,130,132,134,151,156 "41";
42 31 0 0,3,6,8,11,13,14,16,19,20,22,26,28,30,32,37,38,41,42,49,50,52,53,57,59,62,64,65,69,73,76,79,80,81,83,84,88,96,102,106,112,115,117,121,124,132,134,135,138,140,141,143,146,149,155,157,160,163,165,169,171 "42";
43 167 0 0,8,12,19,24,32,35,37,39,45,50,52,59,62,66,68,70,73,75,76,82,93,105,126,142,145,147,154,158,165,167,168 "43";
44 154 1 17,33,66,73,82,118,131,132,136 "44";
45 98 0 1,3,4,8,10,13,16,18,20,27,31,36,41,42,44,45,48,51,52,56,59,61,64,65,68,70,73,76,77,79,81,84,85,86,88,90,92,94,96,98,99,105,107,108,114,116,121,125,126,129,131,133,134,137,138,139,141,143,144,147,149,152,154,155,157,158,160,164,165,167,168,171,172 "45";
46 115 0 0,2,3,8,12,14,19,23,25,26,28,29,32,34,36,37,38,40,43,46,49,50,57,58,59,60,61,62,64,66,68,69,70,73,75,76,78,80,81,85,88,90,91,93,96,98,99,101,105,106,110,114,119,121,123,125,126,127,129,130,132,134,139,140,143,144,146,150,151,153,157,158,160,162,164,165,168,171 "46";
47 122 0 12,27,94,102,107,123,141,145,163 "47";
48 162 0 2,4,5,7,9,10,13,15,21,22,24,26,27,29,30,32,34,36,38,39,40,43,44,47,50,52,54,61,62,65,66,68,69,71,72,77,81,84,86,88,92,95,99,102,104,105,107,109,110,113,116,118,119,124,125,126,128,130,133,134,136,137,138,140,142,143,149,155,157,158,160,163,167,170,173 "48";
49 141 0 27,52,54,114,137,140,157,159,160,168,170 "49";
50 45 1 18,29,60,65,67,130 "50";
51 9 1 0,2,14,15,17,21,22,25,29,31,35,39,41,44,47,49,54,60,64,69,71,72,74,76,77,80,81,84,85,87,89,90,92,95,97,98,100,103,105,107,111,113,116,117,118,123,124,125,130,134,136,142,143,146,148,153,158,160,162,164,166,167,170,171,173 "51";
52 166 1 6,26,32,35,59,66,71,75,78,83,86,88,93,96,99,101,110,112,123,125,127,133,135,140,148,153,155,156,160,163,165,170 "52";
53 137 0 17,35,47,56,74,152 "53";
54 88 0 0,6,12,14,16,20,22,24,27,28,30,31,32,35,39,41,42,44,46,47,49,50,55,57,60,64,65,69,70,72,75,76,78,80,83,84,86,88,94,95,99,100,103,106,108,110,112,113,120,125,126,127,131,133,134,135,138,139,140,141,143,144,145,147,149,151,152,157,161,164,168,169,172,173 "54";
55 160 0 7,16,17,20,21,23,25,28,33,35,40,41,58,60,62,72,77,84,95,96,98,101,104,106,115,119,120,124,128,138,146,149,155,158,160,162,163,164,171,173 "55";
56 95 0 2,3,5,6,7,9,10,13,15,16,18,19,20,22,25,26,31,32,36,38,43,44,45,46,49,50,52,53,56,57,62,65,70,71,73,75,79,81,82,89,90,91,93,94,98,99,100,102,103,105,107,108,110,111,114,116,119,122,123,125,130,131,135,139,140,142,143,147,150,153,154,156,159,161,163,164,166,167,168,169,170,172,173 "56";
57 8 0 0,6,7,12,13,14,16,20,21,25,26,27,29,31,34,36,38,40,41,45,47,49,53,56,60,65,67,72,74,78,84,86,92,94,96,97,99,101,108,109,110,112,113,114,117,118,120,126,129,132,134,137,142,143,147,151,152,154,158,165,168,170 "57";
58 174 1 0,3,4,9,14,15,20,24,27,29,33,34,37,39,45,48,50,52,57,58,60,65,66,69,71,72,74,76,83,85,88,89,94,95,100,102,105,106,107,111,120,121,123,125,135,137,140,142,144,146,151,152,154,157,158,163,165,168,169,171 "58";
59 127 0 2,8,12,16,19,27,28,34,35,49,55,66,74,78,81,83,85,93,97,112,116,121,125,134,136,142,149,155,158,159,164,167 "59";
60 62 1 6,8,12,16,22,23,30,34,39,40,41,44,48,52,54,57,63,69,73,75,76,78,82,84,95,100,102,104,108,110,111,117,118,120,122,124,125,126,128,130,131,133,134,136,139,141,144,149,151,157,161,162,164,166,168,173 "60";
61 121 1 10,37,45,59,68,74,83,87,92,97,112,129,141,152,173 "61";
62 2 0 0,9,13,20,27,30,38,41,43,44,46,50,51,54,56,57,59,64,66,67,72,74,78,79,80,87,93,95,102,103,104,108,109,120,122,125,127,129,135,143,147,158,163,167,169 "62";
63 24 0 0,3,5,7,8,10,12,15,18,19,21,23,24,28,29,30,32,35,36,39,41,44,45,47,49,51,54,56,58,59,64,66,73,76,77,83,84,85,86,89,90,92,94,98,100,102,103,106,109,113,115,118,120,121,124,126,127,132,134,135,137,142,144,148,150,151,154,159,162,164,167,170,172 "63";
64 99 1 2,7,9,13,18,29,34,37,39,46,48,59,61,68,74,80,86,92,94,98,106,107,109,121,127,134,158,161 "64";
65 47 0 2,20,24,44,49,51,65,71,73,79,88,89,93,96,105,116,132,138,139,145,151,158,159,169 "65";
66 9 0 31,54,56,58,82,87,112,118,120,122,126,132,154,158,162,164 "66";
67 125 1 0,3,7,8,9,10,12,14,15,17,18,19,21,26,27,29,31,32,34,36,38,42,44,47,48,49,50,51,53,61,62,63,66,68,70,71,74,75,76,79,80,83,84,86,91,96,97,100,102,103,105,107,108,109,112,113,115,117,118,120,123,124,126,128,129,132,135,139,141,143,148,150,152,153,156,157,159,160,162,164,166,168,171 "67";
68 129 0 153,173 "68";
69 42 1 2,10,18,24,31,32,37,51,52,56,60,66,73,83,85,91,93,95,102,104,107,117,119,126,136,141,151,162,170,171 "69";
70 150 1 3,7,11,23,32,36,38,41,43,49,50,55,56,67,72,74,77,78,81,83,84,87,88,91,92,111,114,116,118,122,133,136,141,151,156,158,160,163,167,169 "70";
71 76 0 2,3,8,11,17,21,28,38,39,41,43,45,61,63,64,73,79,80,85,89,93,98,104,114,116,121,123,132,135,136,138,141,147,151,153,160,162,164,165,171,173 "71";
72 47 1 9,11,14,27,31,40,45,47,53,87,94,99,113,122,131,144,146,158,164 "72";
73 7 0 7,8,12,15,20,30,32,34,41,43,53,60,66,68,69,72,75,78,90,93,105,106,110,117,120,122,128,129,133,134,135,137,140,142,143,147,150,153,156,162 "73";
74 131 1 1,7,12,23,24,27,32,33,35,38,48,52,53,59,64,70,77,87,97,98,106,108,116,118,125,129,133,135,140,143,144,146,147,151,157,169,172 "74";
75 53 0 0,1,4,6,8,9,11,15,16,18,19,20,21,23,25,26,29,30,34,36,37,41,42,44,45,49,51,52,54,56,59,62,63,65,69,73,75,76,77,82,84,89,90,92,93,96,98,100,101,104,105,109,111,113,114,116,118,121,122,123,126,129,131,132,135,136,138,140,141,143,145,146,147,149,152,153,158,159,160,161,163,164,169,170,173 "75";
76 43 0 1,6,11,12,14,16,22,32,33,38,44,47,49,50,52,55,60,64,65,68,70,71,73,75,78,84,85,88,95,100,103,104,109,120,121,123,125,128,132,134,135,137,138,143,144,148,154,156,158,162,164,165,166,168 "76";
77 153 1 15,55,58,59,65,79,101,127,132,151,165 "77";
78 83 0 2,5,8,10,13,15,17,18,21,24,34,36,50,54,57,67,76,77,88,93,103,106,108,115,121,126,128,137,138,143,156,162,166 "78";
79 51 1 47,62,74,91,112,124,139,146,147,163,172 "79";
80 25 0 1,3,5,6,8,11,13,16,19,22,23,24,26,28,29,32,39,43,46,48,49,56,59,60,63,66,68,70,77,79,81,83,86,87,89,90,91,93,97,99,101,103,106,107,109,111,112,115,117,120,121,123,124,126,128,130,134,135,136,142,143,144,145,151,153,154,156,157,159,160,162,165,168,171 "80";
81 16 1 1,5,14,26,36,44,55,61,82,86,99,101,105,110,112,117,133,137,147 "81";
82 12 0 0,7,9,11,13,17,20,22,25,29,38,40,42,45,46,48,50,52,56,66,69,70,74,77,79,84,88,89,90,92,95,97,99,101,104,109,110,117,118,120,122,125,128,132,136,140,141,143,146,147,152,155,157,158,162,165,169,172,173 "82";
83 66 1 9,13,16,19,22,26,32,36,37,39,42,48,49,52,55,59,60,64,68,77,79,83,90,91,100,101,106,107,109,118,120,123,125,128,133,139,145,146,151,152,157,158,165,166,169,173 "83";
84 45 0 1,3,6,13,14,21,27,29,36,43,47,50,55,60,73,74,76,80,84,86,90,95,108,113,114,117,119,121,123,129,131,136,137,144,149,153,157,161,163 "84";
85 18 0 3,6,15,17,24,30,40,42,46,72,82,86,104,127,133,155,172 "85";
86 36 1 0,6,9,14,17,18,19,26,35,40,42,45,49,53,56,58,61,62,68,70,73,76,79,82,88,89,94,97,106,115,120,121,122,125,127,129,136,141,145,149,155,164,166,167,169 "86";
87 55 1 14,43,59,60,65,92,99,102,111,139,152,156,162,171 "87";
88 41 1 2,6,10,12,13,17,18,26,28,30,31,34,35,37,38,39,42,43,45,47,49,51,52,54,56,58,63,65,70,71,72,76,78,80,81,82,83,86,88,90,91,93,94,96,98,101,103,105,108,109,111,113,115,117,119,121,122,124,126,128,130,132,133,137,138,140,147,149,151,152,155,157,160,162,164,166,167,168,169,172,173 "88";
89 91 1 5,7,8,11,13,15,18,23,27,29,31,33,34,35,37,38,41,42,49,55,62,81,85,87,92,95,97,101,102,103,108,114,116,119,121,124,128,129,130,134,135,138,140,144,150,159,161,165,168,170 "89";
90 45 0 2,28,31,39,44,57,60,64,67,70,72,76,80,83,84,94,103,105,118,139,148,150,166 "90";
91 155 0 0,12,18,24,30,39,48,80,111,113,125,143,151,158,166,173 "91";
92 14 0 9,16,42,45,49,53,57,60,62,67,71,82,98,101,106,111,112,115,123,130,136,139,142,149,150,153,157,160,173 "92";
93 10 1 13,16,25,31,36,41,46,48,57,60,62,69,77,81,83,86,88,106,111,116,141,145,152,153,156,160,167 "93";
94 123 0 6,24,29,30,43,73,82,117,143,147,152 "94";
95 34 0 1,3,5,6,10,11,20,27,37,39,41,42,44,47,53,61,67,71,80,82,85,89,91,101,108,112,117,118,122,124,125,129,136,137,142,144,147,149,150,156,159,161,165,172 "95";
96 102 1 0,4,8,11,13,16,21,27,29,35,43,54,59,60,62,64,69,70,71,73,76,79,82,84,86,89,97,99,102,107,109,112,117,124,137,139,141,144,147,151,152,153,156,158,161,164,169,171,173 "96";
97 54 1 1,9,10,11,12,13,18,19,21,22,23,25,27,28,32,36,41,48,53,56,57,59,60,62,63,65,67,70,71,73,74,76,78,81,87,90,93,95,96,99,101,104,106,110,113,115,124,130,131,134,136,139,140,142,145,146,148,152,153,155,157,158,164,168,169,170,171,173 "97";
98 12 1 1,2,5,9,11,13,15,20,22,28,30,31,34,35,37,38,41,47,50,51,55,56,59,64,66,70,71,81,82,87,88,92,95,97,100,103,105,109,115,119,121,122,126,132,133,135,136,144,147,149,151,152,153,155,159,160,162,167 "98";
99 96 1 0,1,9,12,21,22,29,30,32,37,39,40,51,53,56,57,59,61,63,64,66,77,79,86,87,89,91,96,105,108,111,113,115,126,130,136,138,144,147,152,158,161,162,170 "99";
100 34 1 1,4,5,7,8,10,11,13,14,16,17,19,20,22,24,25,28,30,31,35,36,37,39,40,49,51,52,55,56,62,69,74,78,81,89,92,94,96,105,107,110,113,114,116,118,122,124,125,130,131,133,134,135,137,139,143,151,156,157,165,168,169,172 "100";
101 23 1 11,15,24,33,35,56,79,82,85,96,102,111,145,147 "101";
102 62 0 5,72,105,139,146 "102";
103 51 1 0,2,3,4,13,14,16,20,22,23,25,31,34,35,38,39,41,44,48,52,54,56,58,59,67,68,71,73,76,77,81,83,89,90,95,98,100,104,105,110,118,122,124,127,128,130,132,138,141,147,149,152,162,165,168,171 "103";
104 160 1 8,15,19,40,64,79,97,108,114,129,138,157,168 "104";
105 117 0 0,7,8,20,23,25,31,32,42,51,54,57,59,60,62,63,64,74,76,81,83,85,96,98,99,101,103,106,107,109,110,118,124,127,129,133,135,138,144,147,149,151,154,157,162,168,169,172,173 "105";
106 110 0 2,7,35,40,46,50,57,62,64,66,79,86,88,91,94,99,100,111,112,117,125,134,137,143,150,151,156,160,162,167,171 "106";
107 80 0 10,15,19,25,27,40,41,44,49,55,57,58,62,64,66,69,71,76,78,81,83,96,97,99,101,104,105,109,118,121,124,131,136,149,151,157,159,164 "107";
108 22 1 0,6,10,17,22,28,30,33,38,41,42,43,49,51,52,58,64,66,67,72,81,88,89,93,95,96,97,98,105,112,118,125,127,129,134,138,141,147,148,153,154,162,168,169,172 "108";
109 13 0 0,1,2,4,6,7,8,10,12,14,15,16,18,19,22,25,27,31,32,33,37,41,43,45,47,48,50,51,57,58,63,64,67,68,70,71,73,74,75,76,78,80,81,83,86,89,90,95,97,98,100,104,107,109,110,114,116,117,122,124,126,128,130,131,134,138,140,141,142,144,146,148,149,151,155,156,158,161,163,164,167,170,172,173 "109";
110 49 1 0,1,14,16,20,31,33,39,63,72,73,75,78,80,90,92,94,105,110,112,114,116,135,142,147,149,153,155,162,164,165,168,171 "110";
111 168 1 7,12,13,16,17,18,21,27,35,37,43,48,50,52,60,64,71,73,77,79,84,86,89,90,95,98,99,101,103,114,117,123,125,128,129,133,135,139,141,142,143,149,152,158,160,161,163,167,172 "111";
112 173 0 29,32,36,50,53,60,64,65,73,77,92,94,98,106,109,113,118,148,159,171,172 "112";
113 127 0 1,2,6,8,10,11,12,14,15,19,21,24,26,28,29,32,36,41,45,47,52,53,56,58,59,61,66,68,69,70,73,75,78,79,80,82,85,87,91,92,95,96,98,100,103,105,107,109,111,114,116,120,125,129,130,131,133,135,141,144,146,148,150,155,156,157,160,162,163,166,167 "113";
114 174 0 38,52,59,97,153,167 "114";
115 102 1 1,3,7,8,9,10,12,16,22,23,26,28,29,31,32,33,36,38,41,43,45,46,47,52,58,59,60,62,66,67,69,71,72,75,76,79,80,81,86,87,88,90,92,94,95,97,100,101,103,104,107,111,114,115,117,119,120,122,123,125,126,128,130,133,134,136,138,140,143,146,149,150,153,155,161,163,166,168,169,170,171,173 "115";
116 49 1 12,45,54,64,69,73,74,77,82,84,90,94,98,101,105,108,115,126,134,143,149,161,163,173 "116";
117 64 1 1,16,24,32,43,47,67,77,80,84,87,102,103,106,108,110,126,130,138,160 "117";
118 67 0 3,11,20,32,35,49,55,63,86,98,134,163 "118";
119 93 0 2,3,4,8,11,13,15,17,21,23,25,27,28,30,31,33,36,39,40,42,45,47,48,59,61,62,68,73,75,77,78,79,80,82,84,86,89,91,92,94,96,98,99,102,105,106,113,114,116,119,120,126,133,134,137,139,140,142,144,146,148,154,156,158,162,164,165,167,169,170,172,173 "119";
120 139 1 11,18,30,37,40,53,57,84,122,125,133,139,147,151 "120";
121 129 0 2,7,11,16,18,31,34,40,45,51,54,60,64,66,70,73,79,82,87,95,102,108,115,118,124,125,129,135,138,139,145,147,152,153,161,165,171,173 "121";
122 151 1 2,4,6,7,9,11,12,14,21,23,25,28,31,33,34,37,39,40,41,43,47,51,53,62,67,70,71,73,75,80,82,85,87,95,97,99,101,102,103,104,106,110,112,115,120,124,129,132,135,137,140,141,143,145,147,150,155,156,158,165,167,168,170 "122";
123 8 1 1,3,5,8,9,14,15,18,23,26,27,29,33,34,38,41,42,47,49,52,55,59,60,62,63,65,67,70,73,74,76,78,81,83,85,91,93,95,100,102,103,110,113,114,116,121,124,127,128,132,140,141,145,148,150,152,154,158,163,171,172,173 "123";
124 51 0 5,6,8,12,15,18,20,22,25,28,32,37,39,43,47,49,51,53,56,59,60,63,66,71,72,75,76,79,84,86,87,88,91,96,101,103,104,106,107,110,117,119,121,126,127,128,130,134,136,139,148,152,155,156,158,160,161,164,165,171,173 "124";
125 123 1 0,4,6,9,10,13,15,17,20,24,25,28,30,31,34,36,38,40,44,46,47,49,52,54,56,57,59,61,62,63,65,66,69,71,73,74,76,79,81,83,84,87,90,94,97,99,100,102,106,110,112,114,116,118,119,121,123,126,128,130,131,132,134,136,138,141,146,148,150,152,156,158,163,167,173 "125";
126 89 1 1,3,5,7,9,10,11,13,14,18,20,23,24,27,28,30,31,34,35,38,40,41,42,44,45,47,49,50,53,56,57,59,60,62,63,66,71,72,74,76,77,78,81,82,83,85,86,87,89,92,93,95,98,100,107,108,110,111,112,113,115,117,118,120,124,125,127,129,130,132,133,138,139,142,145,146,149,151,154,157,159,160,164,165,167,169,173 "126";
127 118 1 3,10,13,15,22,25,26,29,31,33,36,38,39,42,46,50,51,52,55,57,60,61,63,64,66,68,69,72,76,83,86,88,92,93,96,101,110,111,115,121,122,124,127,128,129,134,135,140,143,145,147,154,158 "127";
128 174 0 32,43,44,58,103,105,119,124,132,136,138,151,159,162,166,167,170,173 "128";
129 26 1 5,10,12,16,18,25,28,29,33,44,46,49,55,57,59,67,70,75,78,82,87,106,107,112,122,127,133,134,145,160,164,166,171 "129";
130 9 0 3,6,8,12,13,14,16,21,27,35,40,64,70,73,80,82,88,99,101,103,105,107,119,123,126,147,153,155,158,162,165,170 "130";
131 76 0 36,39,50,64,74,83,86,124,132,137 "131";
132 44 1 0,2,7,14,20,21,24,27,29,36,41,44,46,49,51,54,56,67,70,72,74,80,84,87,91,93,95,97,103,108,110,113,115,118,122,124,127,128,130,132,133,139,146,148,150,158,160,162,163,173 "132";
133 0 0 0,2,4,9,10,12,13,14,16,18,23,25,29,32,33,37,38,40,42,43,44,46,48,51,53,57,58,60,61,63,64,68,70,72,73,75,76,78,79,81,82,85,87,91,93,95,98,100,102,105,108,111,113,115,123,124,126,128,130,131,132,134,138,139,141,142,144,146,147,151,152,153,157,158,159,161,162,164,165,169,171,173 "133";
134 41 0 0,4,5,11,17,21,25,27,31,33,37,43,44,47,49,50,59,61,63,69,70,72,73,78,84,87,91,94,95,97,98,100,108,114,118,123,125,128,130,136,138,142,151,155,160,164,165 "134";
135 134 0 0,1,3,4,6,8,10,13,15,17,18,20,21,25,26,28,31,33,34,38,43,45,47,49,51,52,55,57,59,61,64,66,68,70,71,72,76,78,80,82,84,85,87,90,92,93,95,96,98,100,101,105,107,110,111,113,115,116,118,120,124,125,126,129,132,134,136,137,139,140,143,144,148,150,154,155,157,159,162,166,169,171 "135";
136 166 0 26,29,64,79,88,99,103,109,111,124,128,133,135,148,151,162,168 "136";
137 138 0 5,6,8,9,18,20,25,27,37,42,52,54,57,58,64,67,76,83,90,92,99,107,113,114,125,127,133,136,138,140,144,154,157,161,168 "137";
138 92 1 11,20,26,31,33,41,45,46,49,50,54,58,59,67,72,74,82,83,92,102,104,109,114,116,117,121,127,129,131,132,145,154,155,160,164,170 "138";
139 130 1 3,24,26,28,30,37,46,51,58,61,64,79,80,84,91,96,114,115,120,122,130,140,141,144,147,153,156,171,172 "139";
140 96 1 5,13,15,17,20,22,23,28,29,32,38,39,43,47,49,51,52,54,55,59,60,68,70,71,72,76,77,81,83,84,86,88,89,99,100,107,110,115,117,118,122,125,127,128,131,132,142,147,150,152,153,168,170,171,172 "140";
141 155 1 1,5,12,17,23,24,26,32,33,35,37,41,44,56,57,59,62,63,65,68,72,76,77,80,84,86,88,91,94,96,97,99,103,105,106,108,110,112,113,117,127,129,133,137,139,143,150,154,155,156,159,161,163,164,165,167,169,172 "141";
142 119 0 2,3,6,20,23,32,35,40,44,50,52,59,76,84,93,96,104,106,112,115,116,139,146,150,152,155,158,170 "142";
143 159 0 1,2,7,9,15,18,19,21,23,26,28,37,38,45,46,50,51,53,54,57,59,63,65,66,72,78,81,84,92,95,97,100,106,109,112,116,117,118,120,123,130,131,133,134,136,140,144,145,147,150,152,156,157,162,163,164,166,167,172 "143";
144 22 1 2,9,13,17,19,21,23,25,27,28,30,33,37,47,49,50,55,58,62,63,67,69,73,76,89,97,107,109,111,122,123,126,131,135,139,142,143,148,156,158,159,160,162,167,169 "144";
145 31 1 4,6,7,9,11,13,14,16,18,19,23,26,29,30,32,34,36,38,40,43,44,45,49,51,53,54,55,58,61,65,68,71,75,76,78,82,87,88,91,94,96,98,100,106,109,110,111,113,115,119,120,122,124,129,131,132,135,136,138,140,141,143,150,152,154,156,159,162,165,166,168,170,172 "145";
146 47 1 3,7,13,15,16,18,20,24,27,30,32,33,36,39,41,43,51,54,60,61,62,64,68,69,72,74,76,79,80,82,84,85,87,88,89,91,95,99,101,102,105,108,109,111,114,115,117,120,122,124,127,128,133,135,136,139,141,143,145,147,149,153,157,159,162,164,166,168,170,172,173 "146";
147 10 1 1,2,3,5,6,8,10,11,13,14,15,17,20,22,24,25,27,29,31,33,34,36,38,40,43,45,47,49,59,60,65,67,69,71,73,75,76,79,80,84,87,88,91,93,94,97,98,99,100,102,103,105,107,109,113,116,118,119,121,122,124,126,131,133,135,137,138,139,143,145,148,151,153,156,157,162,164,165,166,168,169,171,173 "147";
148 88 1 0,7,8,10,12,19,23,27,29,35,36,38,41,49,52,54,64,66,68,77,79,87,89,94,95,100,102,104,107,108,115,119,127,131,135,140,142,143,146,155,156,160,163,164,168,170 "148";
149 129 1 1,3,4,7,9,11,15,17,19,22,24,26,29,33,37,39,41,44,48,51,57,59,60,62,65,66,68,70,74,75,78,80,85,86,89,91,92,93,95,98,101,102,104,106,116,120,121,123,128,131,132,134,135,139,142,145,148,150,152,154,157,164,167,169,171 "149";
150 92 0 4,11,16,17,30,31,34,37,39,40,44,46,49,63,70,81,85,88,93,95,97,106,109,110,113,116,119,120,128,135,141,149,156,158,160,169,173 "150";
151 145 1 4,8,15,19,20,23,27,30,46,52,55,63,65,81,109,111,119,131,136,142,146,151,153,157 "151";
152 33 0 8,13,20,32,35,41,43,48,56,66,69,72,80,84,97,113,116,118,129,134,148 "152";
153 78 1 1,2,5,7,10,16,19,23,27,34,36,38,41,48,51,53,54,56,57,59,61,63,71,73,75,77,78,79,83,87,88,90,94,96,98,101,105,107,108,110,112,113,115,118,120,121,124,126,128,130,133,135,143,146,149,154,155,157,161,166,170,172,173 "153";
154 139 0 13,18,21,28,34,62,67,80,83,85,95,97,112,150,155,158,161,164 "154";
155 60 0 2,9,22,37,40,57,58,67,69,75,80,81,83,96,106,109,115,123,125,131,139,142,148 "155";
156 143 1 23,45,48,88,91,97,107,150 "156";
157 163 0 2,68,87,102,118,129 "157";
158 87 1 5,7,8,10,18,26,32,35,37,45,47,51,53,57,59,61,64,70,72,77,84,86,88,89,91,94,97,99,110,112,115,121,123,127,130,133,135,137,140,142,143,152,158,167 "158";
159 56 0 1,7,10,15,17,19,24,30,32,43,52,55,62,64,67,70,71,72,75,76,82,95,97,103,107,111,117,127,138,141,144,147,150,151,157,159,161,166,169,172 "159";
160 146 1 0,4,7,11,13,14,17,19,22,26,29,31,35,40,43,46,47,50,54,56,58,59,62,66,67,69,73,74,78,79,86,88,89,90,94,96,97,102,103,107,108,110,114,117,119,123,125,126,128,131,133,134,137,138,140,141,144,146,147,150,152,154,156,161,162,163,165,167,172,173 "160";
161 20 1 0,2,16,23,24,27,29,35,38,40,43,44,45,48,49,53,54,58,59,60,62,63,66,72,74,77,79,81,86,88,101,103,108,109,120,123,125,127,128,129,132,134,138,139,143,146,147,148,150,153,156,158,167,170,172 "161";
162 141 0 0,8,10,13,27,29,30,34,42,46,47,62,64,65,67,72,73,74,77,78,80,84,90,91,94,96,99,102,104,106,109,111,112,114,115,116,120,122,124,126,128,130,134,137,142,144,145,148,150,154,164,169,171 "162";
163 22 0 0,2,3,13,19,20,30,31,34,39,43,48,51,58,60,64,69,71,72,75,83,84,94,97,102,106,113,116,123,134,138,139,141,142,144,148,160,162,163,168,171,173 "163";
164 55 0 1,2,13,15,17,24,26,28,31,33,35,36,38,40,43,45,47,49,51,52,55,56,59,63,65,66,69,71,75,78,80,90,93,97,101,106,113,115,123,125,127,136,139,140,143,145,148,150,154,156,159,168,173 "164";
165 78 1 0,7,11,18,23,27,30,35,41,42,44,45,48,50,51,53,55,57,62,71,75,78,80,86,90,91,97,100,103,106,111,118,120,124,131,136,139,146,150,153,155,157,159,161,164,168,171 "165";
166 122 0 0,3,5,6,7,12,13,14,16,18,19,22,24,25,27,28,31,32,35,36,39,41,44,45,47,49,51,56,57,59,62,64,66,68,69,74,75,76,79,81,82,85,88,92,94,96,99,100,101,104,105,107,110,111,114,118,119,123,125,129,131,132,134,136,140,141,142,143,148,149,151,153,156,159,160,162,167,170,171,173 "166";
167 122 1 3,6,9,19,25,27,30,34,36,39,44,45,48,51,55,65,70,72,75,77,80,82,86,88,96,98,100,103,110,112,115,120,122,125,128,131,132,138,140,144,146,149,151,158,162,169,172 "167";
168 154 0 0,5,9,11,14,16,18,20,30,36,44,50,53,56,63,70,76,84,88,93,97,102,104,106,109,112,115,117,120,124,129,131,136,144,151,153,160,161,163,166,170,172 "168";
169 139 0 1,4,6,13,16,23,26,28,36,38,44,45,52,57,61,72,74,85,88,90,92,95,99,109,119,122,125,128,130,131,135,138,142,147,148,151,154,166,169,172 "169";
170 1 0 2,12,14,20,32,33,35,36,38,59,60,63,66,70,93,99,107,109,114,116,131,143,149,152,155,171 "170";
171 133 1 9,10,18,21,22,24,26,27,31,33,35,37,39,40,42,43,46,48,56,59,62,67,69,70,71,75,78,79,83,86,88,90,92,94,96,100,107,110,112,114,119,128,130,135,142,143,148,151,157,160,162,169,172 "171";
172 58 0 2,4,6,8,13,14,21,23,24,26,28,35,44,46,50,52,56,60,63,66,68,75,79,81,83,84,86,87,91,97,99,101,105,106,109,112,113,117,124,128,129,132,135,137,138,140,149,151,153,160,161,163,164,167,171,173 "172";
173 112 0 20,21,27,38,42,59,63,66,83,96,116,120,134,163,169 "173";
