parity 116;
0 23 0 0,1,3,5,10,16,17,20,23,26,31,32,36,37,41,42,46,48,49,51,53,57,58,60,62,64,65,69,70,72,74,78,79,81,84,86,89,95,97,99,100,101,104,109,111,114 "0";
1 92 0 6,12,53,85,90,103,114,115 "1";
2 83 0 2,7,8,24,26,28,31,44,62,65,67,68,72,75,76,78,80,89,97,102,106,112 "2";
3 80 0 1,2,3,5,6,7,11,13,15,17,18,19,21,22,25,26,30,35,37,39,46,49,50,51,52,54,56,61,63,67,70,74,75,76,78,81,86,89,91,92,96,98,100,103,107,113,115 "3";
4 55 1 1,3,5,7,8,9,11,12,14,16,18,20,22,25,30,33,38,42,44,54,57,64,65,68,69,72,79,82,85,91,93,95,96,99,102,106,107,111,116 "4";
5 28 1 2,5,9,11,21,36,41,47,55,57,71,75,76,83,86,88,90,92,102,105,109,111 "5";
6 16 1 0,13,20,25,32,37,39,43,45,53,55,59,61,63,65,66,76,79,84,86,89,90,97,104,108,110,112,115 "6";
7 74 1 0,11,15,19,23,25,28,29,31,33,37,40,43,48,50,57,60,62,63,65,67,71,73,77,78,87,89,92,99,101,103,112,116 "7";
8 97 1 1,27,37,45,47,51,56,65,74,78,82,83,85,90,92,103,107,110 "8";
9 22 1 0,1,10,13,18,23,24,25,28,31,38,41,45,49,52,54,62,64,65,68,72,77,78,80,87,88,91,95,96,99,101,104,106,113,116 "9";
10 80 0 3,4,5,7,8,11,13,17,19,21,24,25,28,29,32,33,36,37,38,40,42,44,46,49,51,52,54,59,61,65,67,68,70,71,72,75,76,77,82,84,86,88,90,92,93,96,99,101,102,105,106,109,111,114 "10";
11 84 0 0,3,5,6,8,19,30,37,43,51,52,54,57,67,73,75,78,85,89,90,92,99,102,105,107,109,111,113,116 "11";
12 37 0 0,1,2,4,6,7,10,12,15,16,18,21,23,25,27,28,31,32,34,36,37,39,40,44,46,48,50,52,53,54,55,57,58,63,64,67,69,74,76,80,84,88,91,94,97,100,104,107,109,110,114,116 "12";
13 106 0 0,12,17,32,36,38,52,55,59,63,66,67,70,75,76,77,78,80,81,92,94,98,100,111 "13";
14 66 1 3,7,13,15,18,19,26,28,29,32,33,35,37,40,43,45,47,48,49,50,53,55,56,62,65,67,69,76,79,82,86,90,93,94,99,102,103,106,111 "14";
15 66 0 12,18,34,44,81,86,103 "15";
16 64 0 9,13,20,24,27,52,54,67,85,86,90 "16";
17 71 0 1,5,6,8,12,24,33,42,59,62,75,102,110 "17";
18 116 1 19,38,41,42,44,57,66,68,79,81,86,92,102,112,114 "18";
19 79 0 0,1,3,10,11,13,16,21,25,29,31,34,38,44,48,54,65,68,69,71,79,81,83,84,89,92,96,98,100,101,112,114 "19";
20 16 1 0,3,14,19,26,30,32,37,38,60,63,72,76,79,82,90,94,95,100,102,106,113,114 "20";
21 95 0 47,55,90,107 "21";
22 114 1 1,5,7,9,11,12,18,21,28,29,35,36,38,42,49,51,53,59,62,69,78,79,81,84,91,96,100,101,105,107,109,111,114 "22";
23 102 1 6,8,13,22,29,31,59,64,74,80,96,103,105,109,113 "23";
24 9 1 1,3,7,13,14,18,21,22,26,27,32,36,39,44,49,52,57,60,62,67,69,73,74,76,80,87,89,92,94,95,97,100,103,108,114 "24";
25 106 1 0,1,2,4,7,9,10,12,14,17,19,20,22,23,25,26,27,29,30,32,33,36,39,40,42,45,48,52,55,61,62,63,65,68,71,72,73,76,78,82,87,90,92,94,96,97,101,103,105,106,109,110,115 "25";
26 17 1 0,2,5,8,10,11,16,19,22,24,29,31,32,37,39,41,47,50,54,56,57,58,60,64,68,69,73,75,77,85,91,96,97,98,100,102,104,105,111,113,115 "26";
27 19 1 1,7,13,14,27,35,38,41,56,58,67,74,88,94,99,115 "27";
28 112 1 2,3,8,10,11,21,24,25,28,29,35,40,43,45,55,56,60,67,69,71,75,77,78,81,83,85,88,92,98,99,107,109,110 "28";
29 17 0 5,9,12,14,19,20,23,26,27,33,36,46,49,57,60,63,64,72,74,77,93,99,102,110,112,114,115,116 "29";
30 93 1 1,4,10,14,16,23,32,34,45,53,54,57,70,84,112,114 "30";
31 111 1 3,6,8,9,10,11,13,15,18,20,24,30,32,33,37,40,41,45,47,49,52,56,59,61,63,67,68,69,73,76,77,81,82,83,84,87,88,91,92,94,97,99,100,103,104,105,109,111,112,115 "31";
32 41 1 3,6,8,10,12,14,17,18,20,22,25,26,28,29,31,32,33,35,36,38,39,48,50,51,54,57,58,62,63,66,67,68,70,75,81,82,85,86,87,90,92,94,96,99,102,107,109,111,112,115,116 "32";
33 34 1 0,10,14,19,27,28,30,31,32,35,39,46,48,51,53,57,59,64,67,70,72,75,76,77,78,80,84,85,88,89,92,94,96,97,99,103,108,110,112,116 "33";
34 73 1 2,6,10,28,42,47,49,53,55,63,64,69,73,89,91,101,115 "34";
35 95 1 0,2,4,6,7,10,12,14,16,18,19,20,22,25,27,28,32,34,37,39,40,42,43,44,48,52,54,59,60,63,66,68,70,75,78,79,80,84,88,92,101,103,112,113,116 "35";
36 108 1 4,6,9,10,11,14,18,21,22,24,25,27,28,29,32,34,35,37,40,42,45,46,48,50,52,54,56,59,61,64,66,68,71,73,76,77,79,83,85,88,91,95,97,98,101,102,105,106,108,111,112,115,116 "36";
37 61 0 3,13,16,23,30,34,47,53,56,71,74,81,86,92,96,97,102 "37";
38 103 0 2,6,21,28,30,34,50,57,62,77,89,94,98,107 "38";
39 107 0 0,2,6,7,12,13,16,18,19,22,23,27,29,30,32,33,36,41,47,52,53,55,57,59,60,67,69,71,73,77,78,83,87,89,92,99,101,104,115 "39";
40 93 0 7,12,19,25,31,37,60,116 "40";
41 40 0 10,13,16,19,24,25,26,28,30,32,40,43,48,52,55,59,62,63,65,67,71,75,79,82,85,87,93,94,98,105,116 "41";
42 86 1 1,4,10,22,27,30,35,43,45,50,53,64,84,89,91,97,98,104,108 "42";
43 109 1 0,1,3,5,6,16,18,21,27,35,38,40,44,46,49,51,56,59,62,64,65,67,68,71,73,74,77,79,81,82,83,88,89,91,92,98,100,102,106,107,110,115,116 "43";
44 96 0 0,4,6,9,13,17,18,22,25,34,36,38,40,42,48,52,53,55,58,59,65,66,76,77,82,84,85,86,89,91,95,98,101,103,105,108,112,115 "44";
45 81 1 0,3,5,6,11,13,25,26,31,35,46,49,50,53,56,58,59,61,62,66,69,70,71,75,77,83,86,92,94,97,98,108,111,116 "45";
46 58 1 7,9,11,13,17,18,21,30,33,36,38,39,42,44,49,51,55,57,59,60,61,65,69,75,77,78,81,82,85,89,91,94,95,100,101,102,104,107,109,111,115 "46";
47 43 1 1,4,5,9,10,12,18,21,23,28,31,37,39,41,42,44,46,48,56,59,63,64,65,68,69,71,74,75,77,79,80,84,87,90,91,98,100,105,109,112,113,115,116 "47";
48 99 1 14,20,21,25,27,38,44,54,79,88,101,106,107,112 "48";
49 61 0 1,3,9,11,13,16,22,25,26,29,32,33,35,36,40,45,48,55,57,58,60,61,62,64,67,69,71,73,78,81,85,88,90,99,101,102,106,107,114,116 "49";
50 3 1 3,4,6,8,13,15,18,19,22,24,25,32,33,35,41,42,45,51,52,54,55,58,60,62,64,66,67,69,70,77,79,82,83,85,87,89,93,98,103,105,109,113 "50";
51 27 0 6,7,8,10,23,26,30,33,34,38,39,42,44,45,56,58,60,62,65,70,81,84,86,89,92,99,101,104,107,110,111,113 "51";
52 86 1 1,22,24,29,34,68,75,80,83,94,98,100,105,108 "52";
53 43 0 9,13,21,27,32,33,34,45,47,54,60,62,65,71,72,76,82,84,94,109,114 "53";
54 55 1 1,4,15,23,44,47,56,63,70,75,87,93,95,100,101,103,110,114 "54";
55 69 0 1,3,6,8,11,13,18,22,23,26,33,47,56,58,67,70,73,76,78,86,90,91,92,95,100,103,106,108,110,112,114 "55";
56 89 1 0,2,6,7,10,12,13,15,16,18,21,22,24,27,30,33,37,39,41,43,46,47,48,50,52,54,56,60,62,63,68,71,74,76,78,80,81,83,85,87,89,90,94,95,98,101,108,110,112,115,116 "56";
57 71 1 0,16,18,23,29,31,36,38,50,53,58,59,67,68,70,72,73,81,82,88,104,108,110,113,114 "57";
58 2 0 0,1,3,4,6,8,11,13,14,17,18,20,21,22,23,26,27,29,30,31,33,34,37,39,41,43,46,48,50,51,55,56,58,60,63,65,67,68,70,74,75,78,80,84,88,89,94,95,96,98,102,103,104,105,108,110,111,113,116 "58";
59 17 0 3,7,10,16,22,25,26,31,39,47,62,63,65,73,76,77,79,86,89,93,98,106,113,115,116 "59";
60 6 1 4,12,13,15,17,21,25,30,31,33,34,38,40,42,48,50,52,54,60,63,65,68,75,76,81,86,90,91,98,101,106,108,112,114 "60";
61 8 0 1,3,4,6,7,13,14,15,19,21,25,27,28,30,33,37,38,41,42,44,45,46,48,49,51,52,56,58,59,61,64,65,66,68,69,71,72,75,77,78,83,86,90,93,96,97,99,101,103,104,107,109,111,112,114 "61";
62 26 0 0,2,4,7,10,12,14,21,23,26,27,29,32,35,38,39,41,44,48,51,53,57,63,64,67,68,69,70,71,74,76,80,82,84,86,87,89,90,93,94,96,98,101,103,106,109,110,113,115 "62";
63 102 0 2,4,6,11,13,16,20,22,23,25,27,32,35,37,39,40,42,43,45,48,49,51,52,55,57,60,64,66,71,79,83,86,88,90,95,100,101,103,106,114,115 "63";
64 4 1 1,5,9,12,14,16,17,19,21,24,26,29,31,32,33,36,39,40,41,44,46,48,49,52,53,57,59,60,62,63,64,66,69,70,72,73,75,77,78,80,81,84,85,86,88,90,94,96,98,100,104,108,109,110,115 "64";
65 113 0 0,2,4,13,19,21,26,36,37,39,41,43,45,46,51,59,61,64,65,69,70,73,74,77,80,82,84,85,86,90,92,95,101,105,107,110,112,116 "65";
66 64 0 0,2,6,7,8,10,12,16,18,20,25,28,30,35,36,38,39,41,44,47,48,50,52,57,61,64,66,69,70,73,74,76,78,80,81,83,84,85,89,91,93,94,96,98,102,105,107,108,109,110,113,114,116 "66";
67 55 1 3,10,15,17,19,27,29,31,32,33,38,39,43,47,56,57,58,60,66,72,73,74,78,79,81,83,88,89,90,96,98,101,103,106,116 "67";
68 99 1 4,6,13,31,56,72,82,86,88,90,107 "68";
69 93 1 1,2,7,9,10,12,13,14,17,18,20,21,22,30,32,34,35,37,41,43,45,47,50,51,52,55,58,60,61,64,67,72,73,74,75,77,79,80,82,83,85,88,89,92,94,95,96,98,100,101,103,104,106,109,111,113,116 "69";
70 53 0 2,26,43,45,47,53,61,63,84,87,91,93,102,105,111 "70";
71 34 0 23,26,28,32,34,41,47,52,54,56,65,70,73,74,77,79,81,83,86,87,89,93,106,113,114 "71";
72 0 1 1,2,3,7,9,10,14,15,17,19,20,22,23,26,28,29,31,32,34,35,36,38,39,43,44,45,47,50,51,57,58,60,61,64,65,66,69,71,72,74,75,78,80,87,89,97,100,102,103,105,108,110,112,114 "72";
73 44 0 0,1,2,5,7,10,15,18,19,22,24,25,27,29,34,35,37,40,42,44,46,48,51,54,55,57,59,62,63,64,70,72,76,77,80,84,86,88,90,93,96,98,100,102,104,105,107,109,113,114 "73";
74 68 1 20,28,58,65,71,94 "74";
75 99 0 3,6,19,28,40,43,46,47,49,50,53,56,62,72,74,78,86,103,107,109 "75";
76 99 1 2,8,10,14,26,29,32,38,44,71,73,80,84,86,93,100,102,103,106,108,111 "76";
77 25 1 0,2,5,7,9,12,13,17,20,21,23,24,25,30,31,33,35,38,40,41,44,47,50,52,56,57,60,64,67,68,71,73,74,75,77,78,85,86,89,90,92,96,101,103,104,107,109,112,115,116 "77";
78 96 0 0,2,3,6,7,8,10,13,18,20,22,26,30,31,34,36,39,43,45,48,49,51,54,56,58,61,63,64,67,69,72,79,81,83,85,91,92,93,102,103,105,107,110,112,115 "78";
79 44 0 0,2,5,7,9,10,15,16,17,19,20,22,24,25,26,28,31,35,37,39,41,43,45,48,51,55,60,61,63,67,70,74,77,81,84,87,89,91,97,105,106,108,109,112,114,116 "79";
80 21 1 2,3,6,8,11,21,26,28,29,32,37,42,43,44,47,56,63,69,71,74,78,80,81,82,86,88,90,92,94,99,101,103,106,108,113,114,115 "80";
81 117 1 2,6,8,9,11,12,13,17,22,24,30,34,35,36,38,40,44,45,46,47,51,52,57,64,67,71,74,76,79,80,88,91,93,98,100,103,105,107,112,114,116 "81";
82 65 1 3,11,33,37,53,69,82,91 "82";
83 38 0 9,46,87,95 "83";
84 27 0 0,2,4,6,8,10,11,12,14,16,17,20,21,22,24,25,29,32,34,36,37,39,40,44,46,47,49,50,52,53,56,58,61,62,64,65,66,68,70,77,78,80,86,87,88,90,91,92,94,95,97,103,105,107,110,114,116 "84";
85 78 0 0,3,5,7,12,13,15,16,18,21,22,23,25,28,30,32,33,35,37,39,40,41,43,44,46,48,54,56,63,68,73,74,78,80,81,82,83,86,87,89,93,95,96,98,99,106,107,109,111,114,116 "85";
86 115 0 6,7,9,14,18,32,38,42,47,50,52,58,74,76,80,82,91,93,96,98,105,107 "86";
87 9 0 1,5,6,12,22,24,27,36,39,41,45,47,53,60,62,65,67,68,70,73,77,80,82,85,93,96,97,99,101,102,111,114,115 "87";
88 34 1 0,4,8,19,24,27,49,60,65,69,83,111 "88";
89 40 1 1,31,38,48,58,66,111 "89";
90 3 0 2,9,13,16,18,21,28,34,36,40,44,46,49,50,51,54,56,60,67,69,71,74,78,79,81,86,97,100,102,104,107,110,113,115 "90";
91 35 1 3,10,15,22,28,32,34,42,48,49,55,56,59,60,64,82,86,87,90,99,110,113,115,116 "91";
92 117 1 1,32,56 "92";
93 85 1 0,2,4,7,11,13,19,20,22,25,27,29,31,33,36,38,39,41,42,43,44,46,48,51,53,54,56,57,62,69,71,72,75,76,79,80,82,83,86,87,90,91,92,94,96,98,99,101,102,103,105,107,109,110,111,114,116 "93";
94 92 1 2,16,38,43,45,58,64,74,77,79,83,115,116 "94";
95 110 0 1,6,9,12,14,18,19,22,24,25,29,32,43,45,47,51,55,63,73,78,83,87,95,97,99,101,103,104,108,111,114 "95";
96 48 1 0,2,7,9,14,16,18,24,27,30,31,33,34,35,37,40,42,44,50,51,54,58,60,63,65,69,70,72,73,75,76,80,82,83,87,89,93,95,101,102,104,106,109,114 "96";
97 69 0 6,7,32,38,44,65,69,76,84,100,105 "97";
98 35 1 8,19,37,50,72,79,96,101,106,116 "98";
99 103 0 0,4,5,8,17,21,25,26,29,30,34,37,39,44,46,49,50,51,55,58,61,66,68,69,72,74,76,78,79,80,82,83,88,90,93,98,102,103,105,106,111,112,113,116 "99";
100 82 0 1,2,13,14,16,21,26,29,31,37,39,41,51,55,57,58,59,63,65,68,73,79,82,84,87,91,92,94,96,98,101,104,106,112,113,116 "100";
101 45 1 0,11,25,34,47,54,64,68,76,78,82,101,107,116 "101";
102 25 0 0,2,4,6,8,10,11,17,18,22,24,26,27,29,33,38,39,40,41,43,46,47,48,52,56,58,59,62,66,71,73,74,76,80,84,86,88,95,97,99,100,102,104,106,109,113,115 "102";
103 107 0 1,3,7,9,10,12,16,20,22,24,28,30,35,46,48,51,52,56,57,60,62,64,67,70,74,79,82,83,84,86,94,96,97,98,102,103,105,107,109,113,115 "103";
104 24 0 0,2,4,7,14,21,23,25,32,36,42,50,68,80,95,108,111,113,116 "104";
105 109 1 0,2,5,7,8,9,11,12,18,21,25,26,28,30,32,33,39,42,44,47,49,51,52,56,57,61,68,75,77,78,80,81,83,84,87,89,91,93,97,98,99,101,104,107,111,112,113 "105";
106 15 0 0,1,3,7,8,10,11,13,15,17,19,20,21,22,25,27,29,30,37,40,41,43,46,47,49,51,53,57,58,62,64,68,70,71,72,74,76,77,79,81,82,84,86,92,95,98,105,107,109,115 "106";
107 100 1 0,2,3,4,10,13,15,18,22,23,26,27,29,32,33,35,37,38,39,43,44,46,47,50,53,55,57,59,61,63,64,65,67,68,70,72,74,80,83,84,86,88,89,90,92,95,96,98,101,103,105,107,109,112,114,115,116 "107";
108 49 1 15,46,60,66,111 "108";
109 43 1 0,6,7,8,13,16,17,21,22,26,27,29,35,41,43,47,48,51,53,55,57,63,65,68,73,75,76,77,78,80,84,87,93,94,96,97,101,102,105,108,109,113,116 "109";
110 55 0 0,6,8,14,15,21,24,35,38,43,46,54,55,59,69,71,80,81,88,90,99,102,108,110,114,115 "110";
111 115 1 0,2,7,16,20,31,34,36,44,56,57,59,63,65,66,67,69,72,73,75,79,82,88,94,97,98,101,106,108,109 "111";
112 36 1 0,1,3,6,8,9,18,20,23,26,29,31,37,39,42,44,46,51,56,60,62,64,68,74,76,78,79,80,84,85,91,93,95,96,100,102,103,105,106,109,110,115 "112";
113 3 1 0,2,10,22,24,28,30,33,46,49,51,56,57,59,62,65,67,70,71,73,76,86,87,91,93,94,97,102,104,110,115,116 "113";
114 116 0 11,15,38,40,42,44,49,54,57,64,74,76,82,86,98,101 "114";
115 87 1 1,2,9,12,14,15,19,23,24,26,30,34,36,37,46,48,68,74,76,78,80,82,85,90,93,96,98,100,102,104,107,113,114,115 "115";
116 112 0 2,4,6,8,10,14,17,19,20,21,23,24,27,28,30,31,34,36,38,39,42,44,46,52,55,56,57,61,62,63,68,70,71,73,74,79,81,83,85,87,88,91,94,101,102,105,108,111,113 "116";
