parity 95;
0 15 0 0,4,7,9,10,11,13,15,18,23,26,27,29,31,33,34,36,37,41,43,45,46,48,50,53,56,60,63,64,67,70,72,74,75,76,79,82,83,84,86,87,89,93 "0";
1 48 0 0,1,4,5,9,11,12,14,16,18,19,22,25,27,30,35,40,42,43,45,51,52,54,56,63,69,71,73,78,79,86,87,90,92,95 "1";
2 6 0 0,1,2,4,7,9,11,14,16,18,19,20,24,26,28,30,32,33,34,37,38,40,41,43,44,46,47,50,51,53,54,56,58,59,62,65,67,68,71,72,73,74,80,81,82,84,87,95 "2";
3 50 1 0,2,4,7,8,10,11,12,13,15,18,23,24,30,31,34,35,37,38,39,41,43,46,50,53,54,56,58,59,65,68,70,72,73,74,77,78,80,81,84,86,88,89,94 "3";
4 70 1 5,7,10,12,14,15,18,22,27,36,39,42,46,47,56,58,60,61,63,64,65,67,73,76,77,79,80,84,87,90,91,95 "4";
5 92 0 0,1,4,8,16,28,35,37,44,46,50,52,56,57,59,60,61,63,65,71,74,76,78,79,83,88,93,94 "5";
6 89 1 1,2,6,8,9,10,12,15,18,19,20,22,23,25,26,28,30,31,32,33,35,38,41,44,47,49,51,52,56,57,58,61,63,64,66,69,73,74,76,78,82,84,87,88,90,92 "6";
7 85 0 5,9,20,22,24,28,32,34,36,41,43,59,60,63,65,84,86,90 "7";
8 89 1 1,5,11,12,17,23,28,31,34,36,38,39,40,41,43,48,54,56,58,60,62,65,67,70,72,74,75,77,78,81,83,87,90,93,95 "8";
9 82 1 0,1,5,6,7,9,11,12,14,16,18,21,22,24,28,29,31,34,36,38,39,41,46,47,53,55,58,60,64,67,73,75,77,79,81,83,84,86,88,91 "9";
10 94 1 1,4,5,7,10,12,14,16,19,20,21,25,26,29,30,32,34,38,43,44,46,47,52,56,57,59,60,63,64,67,70,71,72,73,74,76,77,80,82,84,87,89,95 "10";
11 92 0 2,7,8,11,12,13,14,16,18,19,21,22,23,27,31,37,38,41,44,45,48,52,56,58,61,63,66,68,69,70,71,73,77,81,84,86,89,90,92,94 "11";
12 25 1 2,13,27,37,44,45,48,52,64,65,69,71,74,79,83,87,92,94 "12";
13 89 0 0,2,5,9,11,16,19,21,23,25,26,28,30,31,34,35,38,40,42,43,45,46,48,49,50,52,54,56,58,61,62,65,67,68,69,71,72,74,77,78,80,81,84,87,89,92,94 "13";
14 56 1 2,6,11,12,16,32,34,38,42,44,47,48,50,52,61,64,68,74,78,84,88,89,92,93,95 "14";
15 10 1 0,2,5,6,11,16,17,20,23,26,28,30,36,40,41,43,44,48,50,51,57,59,66,68,75,78,80,81,84,94,95 "15";
16 69 0 2,6,8,12,24,27,30,37,42,48,51,54,56,58,60,62,63,66,67,69,71,74,76,78,81,82,86,87,94 "16";
17 24 0 13,21,24,27,49,50,53,56,93 "17";
18 4 1 1,4,7,8,11,17,18,20,21,24,27,29,30,32,34,35,36,38,42,45,48,50,51,53,55,59,60,62,64,65,67,70,72,74,76,79,82,86,90,92,94,95 "18";
19 18 1 33,36,49,76,94 "19";
20 6 1 0,1,3,4,8,10,12,13,14,17,22,23,25,30,31,32,35,36,39,40,41,48,51,56,57,61,63,66,67,70,72,73,76,78,81,85,90,91,93,95 "20";
21 69 1 6,9,15,23,33,35,39,46,48,58,61,69,82,85,94 "21";
22 77 1 0,3,5,7,9,13,16,17,19,21,23,24,26,28,31,32,34,35,37,39,41,43,45,47,49,50,52,53,55,57,58,60,62,66,67,69,71,73,76,78,81,82,84,85,88,92,94,95 "22";
23 44 1 0,2,4,6,8,10,11,13,15,16,18,22,24,25,26,28,29,31,33,35,37,39,41,42,48,49,51,53,54,56,61,62,64,66,67,68,70,73,76,79,81,82,84,86,87,89,91,95 "23";
24 1 0 0,4,6,11,12,18,21,23,27,33,34,37,46,48,51,53,56,60,63,66,68,71 "24";
25 83 0 1,4,7,22,27,29,32,51,55,69,71,73,75,77,84,91 "25";
26 48 0 7,8,9,11,12,17,20,22,24,25,27,29,30,31,33,35,37,42,43,46,48,52,56,57,59,61,62,64,65,66,68,70,72,75,76,79,81,83,84,85,87,88,90,92,94 "26";
27 14 1 15,41,44,49,52 "27";
28 36 0 1,9,12,26,31,34,40,45,48,51,55,59,67,81,89,92,93,95 "28";
29 57 0 0,5,6,9,13,17,19,22,24,27,38,41,47,49,50,52,53,55,56,57,60,61,63,66,69,77,80,89,91 "29";
30 22 0 1,11,73,83,85 "30";
31 20 0 0,4,6,11,16,21,24,30,32,33,36,41,42,44,46,48,49,51,53,55,56,57,59,67,72,77,85 "31";
32 15 1 4,6,10,13,15,17,19,24,26,27,28,32,34,37,40,41,50,51,54,55,58,60,65,68,70,72,74,75,76,78,80,83,86,93 "32";
33 89 0 11,12,13,16,18,19,24,31,33,35,38,39,41,44,45,46,51,53,54,56,57,59,63,64,71,73,75,79,81,83,85,86,88,91,92,95 "33";
34 58 1 1,5,7,11,15,23,27,32,36,50,53,54,55,61,69,70,74,79,89,90,92,94 "34";
35 64 1 2,17,18,25,27,34,35,45,48,56,67,69,71,74,79,80,87,93 "35";
36 79 1 2,3,5,7,9,10,12,14,16,17,19,20,22,23,25,26,31,34,36,38,39,41,45,47,48,50,52,53,55,61,64,65,66,68,70,72,73,75,77,79,83,84,87,89,90,92,94,95 "36";
37 8 1 2,6,15,20,21,26,30,31,33,36,40,44,45,47,56,58,67,68,70,72,74,77 "37";
38 84 1 2,7,12,13,16,19,21,25,33,35,36,40,45,46,50,51,52,53,59,62,64,66,68,69,74,78,81,83,86,90,95 "38";
39 41 1 15,26,33,37,41,47,59,68,80,82,95 "39";
40 11 0 1,4,10,12,18,20,21,23,25,28,30,32,34,36,41,48,50,52,54,57,59,61,64,67,72,75,79,80,82,85 "40";
41 35 1 0,2,4,6,8,10,13,14,16,18,19,22,25,26,27,29,33,37,40,43,44,47,49,51,53,57,61,66,69,70,72,73,76,77,81,83,89,94,95 "41";
42 28 1 3,12,13,15,20,25,26,29,32,33,34,37,40,41,43,47,48,50,53,58,60,61,63,65,67,69,76,78,80,82,83,85,87,90,91,92 "42";
43 78 1 13,56,59,64,74,76,82 "43";
44 87 1 34,51,54,74,81,84 "44";
45 30 1 1,6,10,13,16,17,25,27,33,44,46,52,61,63,69,70,74,78,85,86,91,94 "45";
46 65 0 2,3,6,7,9,13,21,25,38,44,57,59,62,67,71,72,78,80,81,84,91,94 "46";
47 41 1 57 "47";
48 25 0 13,19,39,42,45,55,71,74,80,93 "48";
49 79 0 12,19,42,45,47,48,64,74,93 "49";
50 68 1 0,1,3,4,7,24,25,32,40,42,45,48,58,61,67,75,76,77,81,84,86,91,93,94 "50";
51 69 0 2,4,8,15,25,30,58,61,72 "51";
52 37 0 1,8,21,26,40,43,49,55,76,95 "52";
53 31 0 0,2,3,5,6,9,10,12,15,18,19,21,27,29,34,36,38,41,42,44,46,49,51,53,54,56,57,59,63,65,66,67,69,70,71,73,74,76,78,80,83,85,87,88,89,90 "53";
54 54 0 2,24,31,37,46,48,50,55,61,75,77,79,80,85,86,95 "54";
55 9 1 1,9,12,16,18,22,27,33,37,47,59,63,67,78 "55";
56 72 0 2,4,5,7,9,10,12,17,19,20,22,23,25,26,27,31,32,33,34,35,38,40,42,44,45,46,47,49,51,56,57,60,61,62,64,66,68,69,71,72,74,75,82,85,87,90,93,94 "56";
57 77 0 0,1,5,6,9,13,16,18,25,28,32,34,39,44,47,50,54,57,59,61,65,69,71,74,77,81,84,85,90 "57";
58 62 0 7,14,24,28,30,43,47,49,60,68,75,79,83,92 "58";
59 28 1 16,52,74 "59";
60 24 0 0,3,5,6,17,19,22,26,28,39,41,44,49,52,54,55,58,76,85,89,91,93,95 "60";
61 34 0 4,11,14,19,24,25,31,37,40,43,49,50,59,61,65,66,68,70,80,84,86,90,94 "61";
62 72 0 0,2,5,8,9,12,17,20,24,28,31,32,33,35,36,37,38,41,42,45,48,49,51,53,55,60,62,65,68,69,71,80,81,84,86,93 "62";
63 83 1 6,8,13,15,17,19,24,25,30,33,34,38,42,44,52,54,56,57,62,70,72,74,75,78,80,83,85,88,90,91,92,95 "63";
64 18 0 2,23,32,55,58,77,83,85 "64";
65 12 1 5,13,18,22,28,30,33,34,41,43,50,54,56,63,65,71,75,83,86,88 "65";
66 7 1 0,2,4,6,8,10,13,16,21,22,25,27,28,29,31,36,38,40,42,43,45,46,47,49,54,56,61,62,67,69,73,76,77,79,81,85,86,88,90,91,94 "66";
67 24 0 5,10,19,21,31,34,40,42,44,52,71,76,83,85,91 "67";
68 84 1 44,85 "68";
69 10 1 0,8,11,12,17,20,23,26,31,33,36,38,39,44,49,51,60,63,66,70,71,80,84,85,86,88,93 "69";
70 63 1 22,26,29,46,60,72,74 "70";
71 21 0 3,4,8,9,18,21,23,26,27,31,34,35,36,37,39,40,42,45,49,50,52,54,57,58,62,63,68,71,73,77,81,82,83,86,87,88,90,94 "71";
72 35 1 0,1,2,5,7,11,14,16,21,22,24,27,29,34,36,47,49,51,60,67,75,80,84,85,91,92,95 "72";
73 26 0 2,7,8,10,12,14,16,19,20,23,25,27,29,34,37,39,41,43,46,47,49,55,58,61,62,66,70,72,73,75,76,78,79,81,82,84,87,89,90,92,93 "73";
74 50 0 0,9,11,15,16,18,20,23,24,25,30,34,36,37,39,43,45,47,48,49,51,53,55,57,62,64,66,69,73,76,78,79,81,82,86,87,90,92,94,95 "74";
75 69 0 14,77,91 "75";
76 10 1 1,3,6,7,9,12,14,18,22,24,25,28,31,34,36,41,43,47,53,59,62,68,70,87,93,94 "76";
77 53 0 4,10,18,23,45,53,61,71,74,87 "77";
78 6 0 1,6,10,13,20,26,28,31,34,36,37,39,41,47,50,52,56,57,59,62,69,72,77,87,94 "78";
79 5 0 0,6,8,13,15,21,25,26,32,35,41,44,45,47,49,57,60,64,70,79,85,86,88,90,91,95 "79";
80 0 1 17,19,28,48,87,90 "80";
81 19 1 3,5,15,17,18,21,24,28,31,32,36,37,39,44,48,51,54,61,70,82,88,90 "81";
82 40 0 0,10,11,12,15,16,25,29,30,34,36,38,39,45,48,51,52,53,55,56,58,61,63,64,66,69,72,74,76,78,79,80,84,86,87,89,90,92,94 "82";
83 57 1 5,20,42,69,72,84 "83";
84 16 1 0,3,17,18,23,28,29,32,34,38,41,47,50,55,65,69,71,72,74,79,81,84,89,95 "84";
85 35 0 3,4,15,17,23,25,38,43,51,54,70,83,85,91,92,94 "85";
86 92 0 0,4,9,15,16,21,24,27,28,29,32,33,36,39,41,43,47,50,53,56,58,61,62,64,65,67,68,71,73,75,76,79,82,83,86,87,91,92,95 "86";
87 65 1 0,3,10,16,20,22,25,27,30,45,57,70,84,86 "87";
88 22 0 4,7,12,21,30,50,66,67,94 "88";
89 0 0 5,6,8,9,12,14,18,21,25,26,28,30,32,34,40,43,45,46,50,51,53,55,59,60,62,66,68,69,71,75,78,79,82,86,89,90,92,95 "89";
90 85 0 0,1,4,7,9,10,12,13,15,16,19,20,22,23,24,26,28,31,33,34,35,40,42,43,44,49,51,52,54,56,58,60,61,62,65,70,71,74,78,80,83,85,86,88,92,94 "90";
91 82 0 0,15,26,28,32,35,42,55,56,65,73,90,93 "91";
92 42 1 0,3,4,6,8,10,12,17,19,22,24,25,27,29,32,34,37,39,42,44,45,46,48,51,53,55,57,58,61,62,66,67,69,71,73,75,78,79,82,84,85,87,88,89,91,93,94,95 "92";
93 41 0 2,3,5,8,13,14,15,17,18,20,24,25,28,29,31,33,35,36,39,46,49,51,54,58,60,63,65,67,72,74,75,77,78,80,82,83,84,86,90,91,93,95 "93";
94 55 1 0,4,14,18,21,28,30,33,37,47,52,64,65,70,73,82,83,90,94 "94";
95 70 0 0,10,13,15,39,42,44,50,54,56,64,66,69,73,75,83 "95";
