parity 152;
0 23 0 44,123 "0";
1 132 0 6,15,18,29,33,39,42,44,61,64,66,68,76,78,83,85,95,105,107,109,116,117,119,121,124,144,145,151 "1";
2 132 1 2,3,5,10,12,14,18,20,22,24,29,31,32,36,44,46,48,50,56,58,60,62,66,67,71,73,76,80,83,84,87,89,92,93,97,99,104,106,108,115,120,122,124,129,134,138,140,146,149,150,152 "2";
3 34 1 2,4,5,8,10,12,15,17,19,20,23,25,27,33,35,37,39,43,45,47,50,51,52,54,57,59,60,61,63,64,66,68,71,74,80,82,85,88,89,91,92,96,99,103,105,106,111,112,114,117,119,121,128,131,137,139,140,142,145,147,148 "3";
4 139 1 5,23,28,31,46,49,50,57,96,98,118,125,130,144 "4";
5 127 1 1,6,8,21,24,35,36,38,46,51,54,61,64,65,66,71,73,77,84,88,93,95,97,98,99,109,111,117,120,123,132,136,137,142,147,150 "5";
6 98 0 6,18,24,25,29,30,32,36,38,40,42,47,48,49,51,56,58,60,63,64,66,68,71,101,104,108,114,117,121,123,135,137,150,151 "6";
7 64 1 9,11,12,13,18,24,25,32,35,36,39,46,49,50,55,63,65,67,69,70,76,80,84,88,89,91,92,95,97,106,109,115,118,122,125,126,127,133,138,141,143,146,149,150 "7";
8 136 0 1,2,7,13,22,26,28,33,38,39,40,43,48,52,54,58,61,62,64,68,76,77,87,94,95,97,99,102,105,106,107,108,113,116,118,119,122,124,125,128,130,134,137,138,142,145,149,150 "8";
9 52 0 2,7,12,14,19,23,25,27,28,30,32,34,36,39,41,45,47,51,52,58,61,67,70,75,77,78,82,84,86,88,91,92,93,94,95,98,100,101,103,105,106,111,112,118,120,123,124,126,127,130,131,134,137,138,142,146,152 "9";
10 80 0 2,4,5,7,10,13,14,18,21,23,27,29,33,38,40,42,44,46,47,53,55,57,60,63,64,65,76,78,80,82,83,85,91,92,97,100,102,104,108,113,121,122,132,134,137,141,142,145,146,151,152 "10";
11 81 0 7,11,19,21,24,26,28,36,38,40,41,46,48,50,56,58,59,61,63,64,66,69,70,73,74,80,84,88,89,93,95,97,104,105,106,109,116,119,120,122,124,125,130,131,135,138,140,142,144,146,148,150,152 "11";
12 23 1 0,34 "12";
13 140 1 11,18,24,36,37,41,47,54,56,62,67,73,75,81,83,87,89,98,102,103,106,108,112,116,121,123,127,130,132,135,144,146,149,150 "13";
14 60 0 0,3,6,7,9,12,13,15,16,19,20,21,22,27,28,30,32,33,37,39,41,42,44,46,47,50,53,55,59,60,61,67,70,72,75,76,81,82,84,85,87,91,93,96,97,99,101,103,105,108,109,115,117,119,120,122,123,125,130,134,136,137,138,140,145,146,147,150 "14";
15 77 1 0,4,6,8,9,10,14,15,18,20,23,24,27,38,39,46,47,49,50,52,54,55,57,59,61,64,67,69,73,75,77,81,83,85,88,89,91,95,98,104,108,114,116,119,120,122,124,125,128,130,132,135,138,140,142,145,147,150,152 "15";
16 103 0 4,11,29,32,36,38,46,49,59,61,70,81,83,85,86,88,92,94,100,104,119,124,135,138,143,145 "16";
17 115 1 5,8,9,11,12,20,22,28,31,33,35,37,40,44,48,50,51,53,56,58,60,64,67,69,70,75,79,82,83,89,91,94,98,102,106,110,113,115,117,123,125,126,128,129,132,134,147,148,151 "17";
18 150 0 3,4,6,8,9,11,12,14,15,17,19,22,24,25,26,28,30,35,37,38,40,42,45,46,55,56,59,62,69,73,74,76,80,82,86,90,91,95,97,98,102,103,105,106,109,111,113,114,115,117,120,121,123,125,127,128,133,137,138,139,142,144,146,147,148,150,152 "18";
19 26 0 0,3,10,11,16,20,23,26,27,33,36,45,48,49,58,60,63,66,67,77,79,81,82,83,89,92,99,104,109,112,115,117,121,124,125,134,135,141,142,145,148,150,152 "19";
20 57 1 2,9,17,19,25,29,36,41,50,53,57,65,88,92,120,128,137,143,148,150 "20";
21 67 1 36,130 "21";
22 153 0 1,6,8,16,36,40,43,54,56,57,60,68,69,79,80,81,83,87,92,95,103,106,111,120,126,129,133,136,142,143,146 "22";
23 4 0 3,6,7,8,12,16,18,22,24,25,27,30,32,37,39,42,47,49,54,57,60,61,67,68,69,76,77,78,81,86,88,90,95,98,99,102,104,111,113,115,117,121,122,125,131,137,139,140,141,145,146,147,150 "23";
24 39 0 1,2,9,10,12,13,14,16,19,20,23,25,28,30,32,33,35,37,41,43,44,46,47,48,50,54,55,56,58,59,60,62,63,64,67,68,71,72,74,75,76,78,82,86,90,91,93,95,96,97,99,102,103,104,106,109,110,113,115,116,118,119,120,122,124,125,133,134,136,139,141,142,149 "24";
25 146 0 0,2,7,8,10,14,15,16,17,20,25,27,28,30,31,33,34,41,42,45,46,52,53,55,57,58,60,63,64,68,70,71,72,73,75,76,77,78,81,83,86,88,90,96,101,102,103,105,108,109,111,112,114,116,117,118,120,122,123,130,131,133,134,136,138,140,142,145,146,150,152 "25";
26 81 0 11,17,23,27,34,36,42,46,55,59,63,71,76,81,103,116,126,133,136,149,150 "26";
27 112 1 0,2,4,6,8,9,12,13,18,19,20,21,23,26,27,29,30,33,35,37,39,41,42,43,46,47,52,54,58,60,61,65,67,68,70,72,75,76,78,82,83,85,87,91,93,94,96,99,101,105,107,110,111,115,117,118,119,123,125,129,130,132,136,137,138,139,141,142,146 "27";
28 62 0 60,99,139 "28";
29 124 1 0,2,3,4,9,10,11,13,15,16,18,20,21,22,23,25,27,30,31,35,37,39,40,42,43,45,47,49,51,53,54,55,57,58,60,63,64,65,68,69,72,74,76,78,80,82,84,87,88,89,91,92,94,97,99,102,104,107,110,111,113,115,116,119,120,124,128,129,132,136,140,141,143,144,146,148,151 "29";
30 98 1 12,17,20,28,41,57,127,143,145,150 "30";
31 73 1 3,6,7,8,12,13,15,17,19,20,24,26,27,28,30,39,40,44,45,47,48,49,52,56,57,59,60,61,64,65,71,73,76,78,80,83,86,87,89,91,92,94,97,98,100,102,108,109,111,112,114,115,117,120,121,124,126,130,131,133,134,138,139,143,147 "31";
32 100 0 1,2,5,7,9,13,14,19,23,25,27,32,33,34,37,40,42,45,46,47,51,52,57,59,60,61,63,65,67,69,70,73,76,78,80,82,83,85,87,91,93,98,99,103,105,108,109,112,116,118,119,124,129,130,133,136,137,144,145,146,148,149,151,152 "32";
33 67 0 17,22,24,27,33,34,38,43,54,69,73,85,90,97,104,113,123,125,128,141 "33";
34 138 0 5,14,20,28,31,35,45,57,62,78,90,99,105,117,128,137 "34";
35 140 1 5,13,26,36,38,40,42,45,47,49,60,64,67,70,73,77,80,88,93,97,103,108,112,114,115,117,121,122,123,131,147,148,152 "35";
36 134 0 0,1,4,7,33,35,45,47,49,52,55,63,65,66,70,77,83,97,99,101,111,131,136,140,150,152 "36";
37 105 1 21,52,112,118,133,145 "37";
38 134 0 3,6,9,12,13,16,18,21,23,32,34,36,40,43,45,48,51,52,54,58,59,61,66,67,68,70,74,75,76,80,81,85,88,90,93,96,99,101,103,108,110,111,114,116,121,123,125,130,132,133,134,136,141,142,144,145,149 "38";
39 56 0 2,15,26,28,34,37,46,52,55,56,64,65,67,74,75,81,95,98,109,110,123,127,130,142 "39";
40 141 1 7,15,44,73,74,107 "40";
41 5 0 5,20,28,37,52,73,105,107,111,128,131,135,151 "41";
42 65 0 7,9,13,25,37,43,47,51,57,59,68,73,80,82,84,92,95,110,114,116,118,129,134,138,142,149,152 "42";
43 111 0 0,51,55,66,69,103,110,111,129,135,138,144,150 "43";
44 76 0 3,5,6,7,26,29,36,38,50,53,57,61,67,71,74,79,83,85,87,90,93,99,103,108,115,120,124,130,132,134,140,145,147,152 "44";
45 46 1 1,2,4,5,10,13,18,21,25,28,30,34,35,43,45,51,54,58,61,63,64,70,73,76,82,90,92,94,107,110,113,114,116,121,122,126,134,138,144,152 "45";
46 130 0 0,3,21,27,34,37,43,44,47,52,54,58,59,63,74,79,81,83,88,91,96,97,101,106,108,110,112,125,131,132,137,138,146,152 "46";
47 79 1 4,6,9,11,13,15,36,38,40,43,44,48,55,59,61,65,69,71,74,76,80,81,83,92,94,97,104,134,139,142,144,147,150 "47";
48 79 1 58,90,97,147 "48";
49 120 1 13,47,69,109 "49";
50 44 1 0,3,8,9,11,13,14,17,18,20,25,26,27,30,31,36,37,39,40,41,44,46,48,50,51,52,55,56,59,61,63,65,67,68,71,74,76,78,82,83,85,88,89,91,92,94,95,97,98,102,103,106,108,111,114,116,117,119,120,123,125,128,129,130,133,136,137,140,142,144,145,149 "50";
51 7 0 0,2,8,11,15,17,19,25,28,30,31,37,39,41,42,44,45,47,50,54,59,62,63,66,67,69,72,74,75,78,79,89,91,92,95,97,98,100,103,104,105,108,109,119,120,124,129,131,134,135,136,138,139,141,144,145,146,148,149,151 "51";
52 14 1 0,2,3,5,6,8,9,13,15,16,17,20,21,27,31,32,34,35,38,41,43,46,49,51,52,54,55,59,61,62,65,66,69,71,75,82,84,88,92,94,96,100,102,104,106,107,109,113,114,117,121,122,123,131,133,135,150,152 "52";
53 37 0 4,6,12,15,21,28,29,32,34,35,37,38,44,45,46,54,61,71,73,75,76,81,83,84,87,92,97,110,113,119,122,125,127,129,133,138,139,141,142,144 "53";
54 102 1 1,129,146 "54";
55 7 1 48,59,89 "55";
56 135 1 0,3,10,20,35,37,41,49,53,55,58,61,64,70,78,85,87,90,94,101,115,123,124,126,134,136,150,152 "56";
57 13 1 2,8,10,13,16,18,20,28,29,35,36,39,45,47,52,54,55,62,66,67,70,73,78,79,81,88,91,94,97,99,108,109,110,116,117,119,122,124,128,133,137,139,143,149,151 "57";
58 132 0 0,3,7,10,11,15,17,20,23,25,27,30,34,36,38,39,42,47,49,52,58,59,60,62,63,64,66,73,75,76,77,81,83,84,86,87,89,90,93,96,97,105,106,109,111,115,121,123,126,130,132,135,137,140,142,144,146,151,152 "58";
59 137 0 1,3,6,7,9,11,15,16,18,19,23,26,31,35,36,37,39,42,43,44,46,51,56,59,64,65,69,71,77,80,86,89,92,93,98,103,108,110,118,123,124,127,129,130,132,136,137,139,140,142,143,144,148,149 "59";
60 2 0 8,19,34,35,40,41,57,64,68,79,85,91,93,95,101,105,107,123,126,130,132,135 "60";
61 37 0 1,9,20,25,27,31,38,41,42,50,53,55,58,68,71,75,82,92,94,96,98,115,116,117,120,122,124,126,128,130,138,139,141,144,145,149,150 "61";
62 0 0 3,4,6,8,10,12,13,15,16,19,20,22,23,26,31,32,36,38,40,42,45,47,48,50,53,58,59,62,63,66,68,69,71,72,73,76,79,80,84,88,89,91,94,96,98,100,102,105,108,109,112,114,115,117,120,121,122,124,126,127,129,132,134,136,137,140,143,145,148 "62";
63 128 0 4,5,11,14,20,23,25,27,37,40,47,48,52,58,67,69,70,74,76,81,85,89,93,96,99,106,113,117,120,129,136,137,143,145 "63";
64 139 1 2,3,6,13,19,20,22,28,31,34,35,39,42,51,53,58,59,64,67,70,73,75,80,82,86,90,92,97,102,106,113,114,116,124,126,134,138,140,144,145,148,150,151 "64";
65 83 1 6,9,13,16,19,20,26,30,41,49,51,53,61,63,66,71,72,77,83,87,90,98,102,104,109,110,117,121,125,126,128,137,139,144,148 "65";
66 82 1 6,8,11,13,18,21,24,25,27,31,33,34,36,39,44,46,50,51,54,56,57,60,61,64,65,67,69,73,74,75,78,81,83,84,85,87,95,96,98,101,102,115,119,122,126,128,131,140,144,149,151 "66";
67 34 1 0,2,5,7,9,11,15,20,22,29,32,34,38,39,41,44,46,48,52,53,58,61,73,89,91,93,95,97,98,102,104,107,115,118,120,122,123,127,135,139,141,142,145,146,150 "67";
68 86 1 9,11,17,32,36,40,52,55,60,76,78,83,86,91,121,148,150 "68";
69 14 0 0,1,4,5,6,8,10,11,14,15,17,18,19,21,23,24,26,28,30,31,35,39,40,41,43,44,48,51,55,57,58,60,61,65,66,70,72,77,79,80,82,83,84,86,87,89,91,93,97,99,100,101,103,104,106,108,112,113,117,118,119,120,122,123,124,126,128,129,130,132,136,139,141,144,145,151 "69";
70 113 0 11,13,20,25,34,36,43,44,55,70,77,84,87,92,106,118,122,123,127,129,130,144,147,150 "70";
71 113 0 2,41,89,96,140 "71";
72 40 0 7,10,62,99,108,117,119,133 "72";
73 137 0 0,1,3,7,9,13,15,16,20,25,34,37,39,42,45,48,57,60,64,67,77,83,85,92,96,97,100,101,108,116,117,119,120,126,127,129,131,136,137,141,144,147,149,150 "73";
74 10 0 3,7,8,10,11,13,15,16,18,22,24,27,28,30,32,34,38,42,46,49,53,54,70,75,80,81,83,84,86,92,94,98,99,101,103,106,110,111,114,118,119,122,123,124,126,127,132,133,138,143,145,148,150 "74";
75 68 1 5,9,11,18,31,33,35,36,52,53,63,71,75,77,102,107,115,123,144,149,151 "75";
76 108 0 4,5,7,8,11,12,15,17,18,20,22,25,27,28,30,32,33,34,35,42,43,45,46,53,55,59,62,65,67,70,71,75,77,81,86,87,93,94,95,99,101,102,107,108,109,112,113,118,121,123,138,144,148,151 "76";
77 36 0 0,3,8,12,16,21,26,30,36,39,43,48,51,52,79,84,97,107,126,132,141,145,151 "77";
78 84 1 2,7,10,11,22,24,31,35,36,41,45,50,52,54,58,63,70,74,75,78,82,84,86,88,92,95,98,103,105,113,116,122,123,127,129,132,134,137,141,143,144,148,151 "78";
79 33 1 0,3,7,14,16,18,20,32,34,35,37,41,42,43,46,47,50,51,53,54,57,60,63,65,66,80,83,90,94,102,108,109,112,118,130,132,135,137,138,139,151 "79";
80 32 0 1,8,11,13,15,17,18,22,23,25,26,27,29,30,35,37,39,43,44,46,47,49,50,55,56,58,59,61,63,64,67,68,70,72,73,75,79,82,83,85,86,88,89,92,93,95,97,99,101,103,104,107,109,110,112,114,116,118,119,121,123,125,126,129,131,133,134,136,137,139,141,143,146,149 "80";
81 5 1 0,7,8,22,28,32,40,42,53,75,91,112,120,125,141,148,150 "81";
82 52 1 0,3,11,17,21,54,63,67,77,85,91,94,106,110,138,145 "82";
83 105 0 0,1,3,4,5,8,10,12,16,17,19,20,22,24,26,28,30,31,36,38,40,42,43,45,46,50,53,54,56,57,61,62,64,66,68,70,72,74,75,76,77,81,82,85,88,90,91,93,94,96,98,99,101,102,104,106,108,112,115,121,123,125,127,128,130,131,136,139,140,142,144,145,147,149,151 "83";
84 110 0 25,42,78,89,109,135,142,144 "84";
85 26 1 1,3,4,7,9,10,11,12,14,17,20,21,23,25,28,29,32,33,35,37,39,42,43,45,47,51,52,53,56,57,62,67,68,70,72,74,80,81,83,84,85,89,90,91,96,97,100,101,108,110,111,113,114,115,118,120,124,126,129,130,131,133,135,137,138,139,141,142,144,149,150 "85";
86 87 1 1,4,8,11,13,14,16,17,20,23,27,31,33,38,41,45,48,50,54,58,59,63,65,66,69,74,79,80,82,83,84,87,91,93,94,95,97,100,105,106,110,111,113,115,123,128,129,132,134,135,137,138,141,144,148,150,152 "86";
87 133 1 0,2,3,5,7,10,11,15,22,25,28,30,31,33,35,36,40,41,43,49,51,60,62,64,66,67,72,74,76,81,86,87,88,91,95,99,101,102,104,105,109,110,121,124,125,126,128,133,134,141,142,144,145,148,150,152 "87";
88 84 0 0,1,2,3,5,6,7,10,11,13,14,17,18,23,26,27,28,29,31,32,34,36,37,38,42,47,49,50,54,56,59,63,69,70,71,73,74,76,79,80,81,83,85,87,88,89,90,92,96,98,100,105,106,108,111,112,113,116,120,122,125,128,130,132,134,136,137,139,140,142,143,145,146,148,150,152 "88";
89 57 1 3,11,19,29,32,34,39,41,44,52,53,54,56,59,77,79,81,84,87,91,94,98,100,101,106,109,117,135,142,147,149 "89";
90 53 1 1,2,4,5,8,10,14,15,16,18,19,21,22,24,25,26,29,30,32,33,35,37,39,40,43,44,47,48,52,57,60,63,64,65,67,69,70,71,73,74,76,78,79,80,83,86,87,89,91,92,94,95,104,105,111,112,115,119,120,122,124,125,128,130,131,132,134,136,137,139,140,144,145,148,149,151 "90";
91 79 0 55,61,67,73,76,78,86,111,116,131,145 "91";
92 67 1 44,47,51,104,149 "92";
93 1 1 93,95,141 "93";
94 60 1 1,4,10,20,23,27,31,33,37,41,44,46,49,50,53,64,69,75,76,79,86,88,93,95,98,101,123,127,132,135,140,142,145,147,150,152 "94";
95 59 1 6,10,27,43,47,55,62,68,72,78,88,93,102,105,120,133,137,139,142,145 "95";
96 75 0 0,1,4,5,8,9,11,13,14,16,19,21,22,25,27,30,31,32,35,37,38,40,41,43,46,49,50,54,56,61,64,67,70,73,75,76,78,79,82,85,87,90,92,97,99,101,103,104,108,109,111,113,115,118,119,121,123,124,125,127,128,129,131,133,134,136,137,138,140,142,150,151,152 "96";
97 86 1 6,15,28,96,106 "97";
98 23 0 5,7,8,10,11,13,16,18,21,24,25,29,31,32,34,37,41,43,44,45,47,49,53,54,56,59,61,63,64,66,71,72,74,75,79,81,83,86,87,89,92,94,97,99,102,103,104,105,107,113,117,118,120,123,125,126,128,129,130,131,134,135,137,146,147,149,150,152 "98";
99 43 1 1,5,8,11,16,21,27,32,33,35,39,54,56,67,80,86,94,103,116,128,130,146,147 "99";
100 4 1 6,13,18,24,25,60,61,63,76,80,82,83,90,96,101,110,119,127,150 "100";
101 69 0 3,6,8,10,11,19,21,22,23,24,32,40,42,46,50,52,55,58,63,69,77,79,81,83,90,91,92,98,107,111,113,114,117,121,123,129,132,135,146,147,150,152 "101";
102 116 1 1,3,8,14,22,23,26,31,35,36,40,42,43,54,55,57,60,61,63,64,67,70,74,75,79,82,84,87,89,91,93,94,97,100,102,106,108,111,115,116,124,125,127,128,132,137,141,143,146,149,151 "102";
103 106 1 2,4,5,7,8,10,11,15,16,19,20,22,28,30,31,34,36,39,41,44,46,48,49,51,52,54,55,58,59,61,63,64,67,69,73,75,77,79,81,84,85,87,89,90,92,93,96,99,104,105,106,108,110,111,113,114,115,116,118,120,124,127,128,132,133,135,138,139,140,141,142,144,145,146,149,150,151 "103";
104 121 1 11,56,67,69,86,119,123,142,143,146,148,150 "104";
105 17 0 0,2,4,5,7,11,13,16,17,19,21,22,23,25,27,28,31,32,33,36,38,41,42,44,45,47,51,54,56,57,59,60,62,64,65,68,69,71,74,78,79,80,81,84,85,86,88,91,92,94,95,97,100,102,107,108,109,111,113,117,120,121,125,126,128,129,132,133,135,136,139,140,141,146,147,150,152 "105";
106 48 1 1,5,6,9,12,15,18,19,21,22,24,25,29,31,32,36,39,40,43,46,47,48,50,54,55,60,62,63,65,66,67,70,71,73,75,78,79,81,83,84,86,88,89,91,92,94,100,103,105,106,108,112,113,115,116,119,121,123,124,126,129,132,133,135,137,138,140,144,147,148,152 "106";
107 97 1 0,1,2,4,6,9,11,13,17,18,19,22,23,25,26,29,31,34,38,41,43,45,46,50,51,56,58,61,65,68,69,73,75,76,80,81,82,85,87,88,90,92,93,95,98,101,103,104,107,110,112,114,118,123,125,126,127,130,132,133,142,144,146,149,150 "107";
108 152 0 0,2,3,4,6,8,11,12,13,16,17,19,21,22,23,25,28,30,32,34,35,39,40,45,46,47,50,52,53,55,57,62,63,65,67,69,70,71,73,75,78,80,82,84,86,89,90,93,94,98,100,101,103,104,107,109,111,112,114,117,118,120,122,123,126,129,131,133,135,136,138,140,142,144,147,150,152 "108";
109 54 0 2,14,16,19,25,31,35,40,45,53,58,69,74,83,88,94,96,114,120,130,133,135,147,149 "109";
110 81 1 2,4,6,11,14,19,21,23,30,31,42,43,45,49,53,59,61,67,69,72,77,83,85,87,90,93,96,102,106,109,112,113,118,121,128,132,136,138,141,143,146 "110";
111 91 1 2,4,5,7,8,11,13,15,17,18,21,23,24,28,30,31,32,35,36,37,38,39,41,45,50,51,52,53,55,61,63,65,66,67,70,72,73,74,76,78,80,81,86,90,91,92,97,99,101,103,105,106,110,111,112,114,120,123,124,126,127,130,132,137,140,142,145,147,149,151 "111";
112 120 0 2,3,4,10,17,31,35,38,39,42,44,45,47,55,57,58,71,73,74,76,79,81,83,91,93,95,98,100,105,109,111,114,120,124,128,131,133,139,142,145,148,152 "112";
113 40 1 1,4,5,11,15,17,18,22,25,31,42,49,51,53,56,59,63,66,73,75,80,83,85,87,94,98,99,104,105,108,109,111,114,117,118,121,123,125,128,132,135,137,139,142,144,148,150,152 "113";
114 37 0 4,7,9,10,18,21,23,29,31,36,42,48,50,54,59,60,63,65,67,68,71,75,78,81,82,90,92,95,96,98,99,102,106,108,111,121,122,123,131,133,137,139,142,148,149,152 "114";
115 142 0 0,2,3,7,10,13,15,17,19,21,22,23,25,27,28,32,33,37,39,40,45,47,48,50,52,54,56,57,59,60,61,63,69,70,72,75,76,78,83,86,88,92,94,95,98,101,102,105,107,109,111,115,116,119,120,125,127,131,134,139,141,147,149,150,152 "115";
116 116 1 4,6,10,16,18,20,25,28,36,38,42,54,61,67,71,97,100,102,105,109,124,130,140,149,152 "116";
117 36 0 0,8,14,16,19,28,30,31,36,38,42,45,50,53,54,58,77,78,88,91,92,95,98,112,113,117,119,125,129,132,142,145,150,152 "117";
118 83 0 2,4,7,10,11,13,17,18,23,24,28,29,31,34,36,38,53,57,59,62,63,71,72,73,78,82,83,87,90,92,93,97,101,104,105,107,110,113,115,119,123,125,126,131,135,137,148,149,151,152 "118";
119 49 1 0,1,2,5,6,7,9,10,12,14,16,18,22,24,26,32,36,40,41,43,44,46,47,50,51,54,57,59,61,64,66,68,70,74,75,77,80,83,85,86,87,88,91,93,95,97,99,103,105,108,109,110,113,116,118,121,122,123,125,127,129,130,132,134,139,142,144,145,146,147,149,151 "119";
120 106 1 2,12,13,15,17,24,26,29,32,39,44,48,53,59,65,66,68,71,73,81,84,94,100,102,112,114,119,127,130,131,141,146,147,148,150 "120";
121 48 0 1,3,6,7,9,12,17,18,20,25,26,32,35,37,40,44,50,52,55,58,63,66,68,71,74,78,79,80,81,84,86,87,89,90,91,94,98,102,109,111,114,116,119,120,124,125,131,133,137,139,141,144,146,147,150 "121";
122 139 0 0,2,4,6,8,9,11,12,16,18,20,22,24,30,32,33,37,41,44,45,46,47,49,50,54,56,59,61,62,65,66,68,71,72,73,75,76,78,84,85,87,90,92,93,94,100,102,104,107,110,114,116,118,119,121,122,128,129,131,132,136,138,141,143,144,146,148,150,152 "122";
123 150 1 2,5,7,8,17,18,23,24,45,61,63,70,73,76,91,98,100,102,108,115,120,123,124,130,139,140,147,149 "123";
124 10 0 0,2,15,22,23,29,32,40,45,50,54,59,60,65,72,81,110,116,122,123,125,131,132 "124";
125 43 1 32,44,83 "125";
126 2 0 0,4,5,7,8,9,11,14,15,16,22,23,25,26,28,32,33,37,47,49,50,52,54,55,57,60,61,63,64,67,68,70,72,76,80,81,84,86,89,92,95,97,99,100,103,105,106,108,113,114,115,117,122,123,129,130,131,132,133,136,139,140,143,145,146,148,150,151 "126";
127 99 0 1,6,10,12,13,15,16,21,23,25,30,33,34,36,37,41,43,45,47,49,51,52,56,58,61,63,64,67,68,70,71,72,73,76,78,79,89,94,99,105,108,110,113,116,117,118,121,123,125,126,128,129,131,133,138,140,141,144,146,147,150,152 "127";
128 66 0 1,3,5,6,7,10,14,17,19,20,21,23,25,26,27,31,33,35,36,41,43,45,48,50,52,58,60,61,63,65,67,68,71,75,77,82,86,87,95,102,106,108,109,111,116,118,126,128,129,132,134,137,141,144,147,148,151 "128";
129 127 0 32,41,50,81,92,95,96,119,140,142,146 "129";
130 15 1 0,2,3,4,8,10,11,13,16,19,21,23,25,26,27,31,32,35,36,38,40,42,43,47,49,52,53,55,60,62,63,64,65,66,69,73,75,76,78,81,83,84,86,87,90,94,96,100,102,103,105,107,109,110,113,118,123,125,127,129,131,132,134,138,140,142,144,145,148,149,151,152 "130";
131 25 0 6,7,9,13,17,18,20,21,22,25,27,29,30,32,33,34,36,39,40,50,53,54,56,64,67,70,73,74,77,78,79,82,86,88,96,101,103,106,107,109,110,111,113,120,123,125,126,127,131,132,135,136,138,139,140,144,149,150,152 "131";
132 54 1 4,7,9,14,17,20,25,34,45,47,49,52,56,61,66,71,76,77,78,82,84,86,88,95,98,103,106,111,115,121,125,128,132,142,145,149,150 "132";
133 55 1 2,5,8,11,14,16,20,21,22,25,26,30,32,33,36,37,43,45,47,49,51,52,54,61,62,68,69,71,76,78,82,83,88,90,91,93,95,96,98,99,103,106,107,110,113,118,123,125,126,128,133,135,144,152 "133";
134 75 0 1,4,12,19,21,24,32,36,41,45,52,56,59,66,87,90,98,101,104,107,123,130,136,138,143,149 "134";
135 119 0 0,2,3,5,8,12,13,15,18,23,24,32,34,41,43,47,48,50,51,52,54,56,57,62,63,64,65,71,73,75,78,82,83,85,86,88,89,91,94,96,97,98,99,101,105,107,110,111,113,116,118,120,122,123,128,131,133,134,135,137,141,142,145,150,152 "135";
136 150 0 3,7,28,29,33,36,37,44,46,49,51,53,56,59,63,66,70,80,85,87,88,92,97,99,101,105,107,109,119,120,123,128,131,138,141,144,147,151 "136";
137 143 1 0,4,6,9,11,20,21,23,25,30,31,36,38,40,43,52,55,58,59,61,68,69,71,73,74,87,88,89,90,97,100,102,104,106,109,112,113,114,123,126,133,141,143,144,146,150 "137";
138 141 0 5,12,18,22,35,57,71,73,83,85,105,129,130,133,136,144,148 "138";
139 12 0 0,2,5,6,8,11,16,19,21,24,29,30,32,36,39,40,42,44,46,47,48,50,52,54,55,57,59,61,62,65,66,67,69,71,72,74,77,78,79,80,83,85,92,94,97,100,107,109,112,113,115,116,118,119,121,124,126,128,130,132,133,135,136,138,139,140,143,145,147,149,151 "139";
140 98 1 3,6,8,14,27,29,44,118,124,127,135,138 "140";
141 1 0 0,2,3,4,7,9,10,11,13,18,19,21,23,24,26,27,29,31,32,33,36,40,46,47,49,51,54,56,58,60,63,65,67,70,75,77,79,82,83,85,86,88,91,93,97,99,101,102,105,107,108,109,112,116,118,121,123,125,127,131,132,134,135,137,139,143,145,147,150 "141";
142 106 0 11,14,17,24,36,39,44,48,56,57,59,72,74,76,81,85,86,104,115,125,130,133,149 "142";
143 82 0 5,6,9,18,19,22,26,37,39,41,44,45,47,51,58,61,65,71,72,75,79,89,92,100,102,112,122,126,139,140,141,146,148,150 "143";
144 27 0 7,10,11,20,21,22,32,39,47,51,59,71,87,94,95,98,101,104,111,113,119,127,136,141,146 "144";
145 92 1 5,17,19,20,22,32,39,81,84,88,91,96,104,111,117,119,122,127,129,131,138,151 "145";
146 37 0 0,1,3,5,12,17,21,23,24,26,30,34,39,42,44,51,53,54,59,65,68,69,73,77,81,82,83,88,89,91,92,96,97,99,101,102,104,107,109,112,115,117,118,124,125,130,131,134,136,137,140,141,144,146,149,152 "146";
147 140 0 24,37,40,43,56,68,71,77,81,87,98,100,104,105,115,117,145,152 "147";
148 143 0 0,3,11,13,14,16,22,24,27,31,42,44,63,66,70,77,83,92,94,98,100,106,107,109,116,119,123,132,146,151 "148";
149 64 0 4,5,12,16,21,25,35,40,46,50,54,65,73,78,79,83,89,104,107,113,127,142,150,151 "149";
150 138 1 5,7,11,15,16,18,25,26,28,31,32,36,39,41,42,43,44,45,47,50,53,54,56,58,59,61,63,65,68,70,74,75,76,79,82,87,90,94,97,99,101,103,104,106,108,110,111,114,117,118,120,121,122,124,126,128,131,135,136,143,145,147,152 "150";
151 67 1 0,2,4,7,11,15,17,22,27,30,32,36,39,40,42,43,51,52,53,54,55,56,58,60,63,64,66,67,68,70,74,77,80,83,90,109,112,116,121,126,131,137,139,142,143,146,148,150,151 "151";
152 87 1 0,5,7,8,12,13,14,16,19,20,23,25,27,29,30,32,33,35,37,42,44,46,48,50,51,54,56,58,59,60,61,62,63,65,66,67,70,71,73,74,77,80,83,85,87,90,92,93,95,99,101,103,104,105,112,113,114,118,119,120,122,123,126,128,130,131,133,135,139,141,143,144,145,151,152 "152";
