parity 80;
0 7 1 0,3,10,12,14,22,35,38,45,47,53,57,59,63,64,68,72,78 "0";
1 2 0 3,11,17,22,46,53,58,65,69,73,75,77,80 "1";
2 68 0 14,34,36,43,50,53,65,78 "2";
3 8 1 1,4,6,8,9,11,13,15,17,19,20,21,24,28,30,31,33,34,38,40,42,44,46,50,51,52,54,57,59,60,62,64,65,71,72,76,80 "3";
4 24 1 1,5,7,46,50,55,59 "4";
5 0 1 1,2,3,5,8,9,11,12,14,15,20,22,23,24,25,29,32,34,35,37,39,42,45,47,52,53,54,59,61,63,66,70,72,74,76,80 "5";
6 15 0 0,2,5,10,14,16,17,21,22,24,25,31,33,34,35,37,39,40,42,43,48,50,51,58,64,68,70,71,73,76,77,80 "6";
7 69 0 0,1,3,4,7,9,11,16,18,20,21,24,27,29,30,32,34,36,38,41,45,47,48,49,57,58,62,66,67,70,72,75,76,77,78,79 "7";
8 47 0 3,5,12,18,23,48,65,74 "8";
9 6 1 4,10,14,16,20,22,32,38,46,48,51,55,73,80 "9";
10 36 1 5,8,15,18,19,22,27,32,42,48,50,54,56,64,70,72,76,78,80 "10";
11 23 1 0,1,3,4,8,9,11,14,16,19,21,25,27,30,32,35,36,37,42,44,46,47,49,50,53,57,59,61,62,65,67,71,74,76,77,78,79,80 "11";
12 11 0 0,5,9,10,12,15,17,19,22,24,26,28,32,35,40,43,45,46,49,51,52,56,57,62,67,68,70,75,76,79,80 "12";
13 80 0 0,5,11,14,16,17,18,20,21,28,29,30,33,36,38,39,40,42,43,44,46,49,52,54,55,57,59,60,62,64,65,68,69,75,76,78,79 "13";
14 4 0 2,4,5,10,13,16,19,26,27,37,39,41,46,47,50,53,55,58,60,62,63,65,66,72,74,76,78 "14";
15 45 1 1,7,8,10,15,17,18,26,29,31,32,34,38,40,43,44,46,47,49,52,56,59,61,62,63,69,71,72,74,76,79,80 "15";
16 61 1 0,2,4,5,7,8,9,10,17,31,33,35,37,38,40,43,48,53,54,59,70,74,76 "16";
17 61 0 3,17,23,33,48,51,54,65 "17";
18 36 1 3,24,32,37,53,67,73 "18";
19 8 1 1,2,4,7,9,13,14,16,18,21,22,24,27,32,33,37,51,57,59,61,68,70,73,76,80 "19";
20 9 0 1,4,6,7,10,13,15,17,19,23,25,27,28,30,33,36,37,38,41,43,46,47,49,51,53,54,58,63,64,72,73,74,75,77,79 "20";
21 79 0 5,6,10,13,15,18,20,25,26,29,32,33,38,40,41,47,53,55,57,59,62,67,68,77,80 "21";
22 11 1 2,4,5,8,11,13,17,23,25,31,32,34,35,36,37,40,42,46,49,50,53,56,58,59,61,62,64,71,73,76,78,79 "22";
23 70 0 16,36,52,71,79 "23";
24 32 1 2,17,25,46,50,69,70 "24";
25 40 1 37,62,72,74 "25";
26 20 0 7,15,19,25,26,28,31,37,41,44,46,51,53,54,58,60,66,68,73,75,78 "26";
27 6 1 0,6,22,34,49,53,65,76 "27";
28 43 1 2,7,8,12,16,18,19,21,22,26,32,38,40,42,44,46,47,50,52,53,56,57,61,63,65,70,71,75,77 "28";
29 12 0 8,16,24,26,35,50,73 "29";
30 34 0 1,3,4,6,8,10,13,14,17,18,20,21,22,23,25,26,31,32,36,37,39,40,44,45,51,54,56,57,58,65,67,70,71,73,74,75,77,78,80 "30";
31 9 0 4,6,16,45,50,68 "31";
32 75 0 5,13,25,41,58 "32";
33 13 1 0,1,4,5,6,9,10,11,14,18,19,20,21,24,28,29,31,35,37,38,39,41,42,44,45,46,50,55,57,59,60,62,63,64,67,69,70,73,76,77,79 "33";
34 5 0 0,2,8,23,24,35,37,39,43,48,49,50,68,79 "34";
35 49 1 2,6,11,22,36,49,54,56,70,75,77 "35";
36 19 0 0,1,4,6,8,14,15,16,18,20,26,27,29,32,33,35,36,39,40,43,45,46,49,53,57,59,60,64,65,66,70,71,74,75,78,79,80 "36";
37 43 0 3,6,7,9,13,15,18,20,23,26,33,34,37,39,43,46,50,52,54,60,62,65,67,79 "37";
38 42 0 0,2,6,8,9,15,18,22,24,28,30,35,36,39,40,41,43,45,46,47,49,51,52,53,55,56,59,60,63,64,66,68,70,72,75 "38";
39 29 0 2,3,5,8,9,10,14,17,18,20,25,27,32,35,36,40,45,47,49,50,54,55,59,60,64,65,67,70,75,76,77,80 "39";
40 70 1 3,5,8,9,15,20,22,25,29,35,41,44,57,61,67,77 "40";
41 52 1 11,24,31,35,37,54,62,76 "41";
42 55 1 0,1,3,8,9,11,15,17,19,21,23,25,26,28,29,32,33,35,37,38,41,46,49,53,58,60,62,63,66,69,71,72,73,78,80 "42";
43 32 0 3,4,8,12,14,15,20,22,23,35,36,38,41,43,45,46,57,61,62,65,68 "43";
44 1 1 0,4,5,8,11,14,15,16,23,29,31,38,45,47,53,60,67,78,80 "44";
45 43 0 0,1,5,8,9,12,14,17,20,27,29,30,31,34,35,37,41,42,44,46,49,50,55,57,60,63,64,66,67,69,71,72,77,78,79 "45";
46 61 1 0,4,6,9,12,16,18,20,25,33,35,38,42,43,48,50,51,56,58,62,66,68,69,73,75,76,77,80 "46";
47 63 1 0,2,3,4,6,10,11,17,20,27,35,37,40,41,44,45,47,53,54,56,57,61,63,67,71,74,76 "47";
48 35 1 3,5,6,8,13,21,22,23,26,28,29,31,36,38,41,43,44,50,54,55,58,59,65,66,68,70,71,73,77,78,80 "48";
49 16 1 1,2,3,4,6,8,10,11,13,15,17,19,21,23,25,26,31,32,34,36,38,39,40,43,46,47,48,50,52,54,56,57,58,63,64,67,70,75,78,79,80 "49";
50 40 1 0,1,2,10,11,16,19,28,30,33,38,44,51,58,60,61,64,66,67,69,72,77 "50";
51 32 0 0,3,6,7,19,21,24,30,34,38,42,43,47,49,52,54,56,62,70,76,77 "51";
52 29 0 0,3,5,10,13,14,16,18,20,22,28,30,32,33,35,40,41,42,44,46,51,55,56,58,59,63,64,66,69,71,77 "52";
53 61 0 0,1,4,13,17,19,20,22,26,27,30,32,39,48,50,56,62,64,68,69,70,72,75 "53";
54 57 0 0,8,71,75,80 "54";
55 53 0 1,6,8,11,12,13,15,19,20,26,28,29,31,35,37,41,42,44,45,47,50,51,53,56,61,63,64,68,72,77,78,79,80 "55";
56 80 0 1,8,10,12,17,20,21,27,28,30,33,35,41,42,43,48,49,50,53,54,58,63,64,71,74,76,78 "56";
57 6 1 0,3,7,9,11,12,14,16,17,18,22,23,24,25,28,29,31,34,38,39,42,43,47,49,51,52,55,56,58,59,61,62,64,68,70,71,73,75,76,80 "57";
58 4 0 1,3,5,8,10,13,15,19,23,25,27,28,30,32,34,35,38,39,41,45,47,49,51,52,53,58,60,61,63,66,69,70,75,78,80 "58";
59 36 1 0,1,2,4,9,11,15,16,20,21,23,24,29,31,32,34,39,41,44,52,56,58,61,63,65,69,71,73,74,79 "59";
60 65 1 1,5,10,17,18,20,22,25,27,31,32,33,34,36,47,48,52,54,59,60,62,67,71,77 "60";
61 40 0 5,6,8,12,15,17,18,20,22,24,25,26,28,33,34,40,44,46,47,55,56,59,62,65,66,69,72,74,75,78 "61";
62 60 0 17,26,29,33,35,40,55,72,74 "62";
63 39 1 1,2,3,6,8,10,12,16,17,19,21,22,23,26,27,28,30,36,38,40,44,50,56,59,60,61,65,67,71,76,79 "63";
64 67 1 2,8,9,15,18,20,22,28,29,37,39,40,43,51,55,56,59,61,63,64,72,73,75,80 "64";
65 1 1 0,2,4,13,15,18,21,23,25,29,31,35,44,46,49,51,54,57,64,66,68,72 "65";
66 76 1 0,7,13,14,20,22,25,26,27,30,31,35,41,48,54,57,60,61,64,66,69,71,72,74,80 "66";
67 7 1 0,5,8,10,15,24,26,27,31,33,45,57,63,69,72 "67";
68 56 0 3,9,12,17,24,40,47,74 "68";
69 38 0 0,1,3,5,8,10,12,15,16,17,19,21,22,23,25,26,30,36,38,40,41,44,47,49,50,55,57,58,60,62,63,65,67,70,72,77,80 "69";
70 28 1 4,5,9,11,13,20,26,27,28,31,33,35,38,43,45,54,55,60,61,62,65,67,70,72,73,75,78,79 "70";
71 39 1 0,4,7,8,9,14,17,18,20,26,36,39,40,47,50,54,60,64,68,72,74,78 "71";
72 69 0 9,13,19,21,25,44,48,58,63,66,68,73,75 "72";
73 41 1 1,41,67 "73";
74 44 1 2,3,9,10,13,15,17,18,22,24,25,27,29,30,36,37,41,45,47,51,52,54,58,60,61,63,68,72,76,78,80 "74";
75 65 1 1,3,5,7,9,13,15,17,20,22,24,26,34,39,43,50,53,55,61,62,63,65,67,71,74,75,77,79,80 "75";
76 43 1 56 "76";
77 80 1 1,24,27,43,52,62,76 "77";
78 8 0 2,5,6,10,12,13,14,16,19,21,22,26,27,31,32,36,40,43,45,48,51,55,57,59,62,66,69,71,73,75,77,80 "78";
79 2 0 2,6,8,9,10,15,17,18,21,24,25,29,32,35,36,40,43,45,47,49,50,55,56,60,63,66,69,72,74,78,79,80 "79";
80 51 0 2,5,9,13,15,17,18,22,25,30,36,39,45,47,48,50,52,59,65,66,69,70,75,77,79 "80";
