parity 99;
0 59 1 5,36,39,72 "0";
1 88 0 1,2,3,5,7,11,15,17,19,20,21,24,26,31,33,35,37,39,44,45,47,48,50,52,57,60,63,65,66,68,70,71,74,75,80,81,84,85,87,89,90,93,95,96 "1";
2 47 0 1,4,5,8,11,15,16,17,23,25,26,33,35,37,43,44,49,51,52,56,59,60,62,64,65,67,71,73,75,76,81,83,85,86,89,93,98 "2";
3 28 0 4,7,9,13,16,41,43,63,66,68,75,96 "3";
4 71 0 0,5,6,10,19,23,24,27,29,34,35,40,41,44,45,46,49,52,54,55,56,60,62,63,66,67,72,86,97,98,99 "4";
5 80 0 25,90,95 "5";
6 68 1 4,6,16,17,19,24,28,33,45,48,54,73,78 "6";
7 74 0 3,10,14,18,20,22,23,26,28,29,31,32,35,42,44,47,57,60,61,65,69,71,74,79,84,87,93,94,96,97 "7";
8 93 1 4,10,14,19,26,27,35,37,40,48,62,68,69,74,78,83 "8";
9 56 1 0,1,3,6,10,13,17,22,25,26,28,30,31,40,45,48,50,52,63,65,67,75,80,85,93,95,97,99 "9";
10 3 1 5,8,10,14,15,19,26,30,36,37,39,40,50,54,58,65,67,71,75,78,79,84,87,95,99 "10";
11 27 1 8,11,24,28,37,40,42,55,62,67,77,82,84,88,92,98 "11";
12 24 1 1,3,4,8,11,14,16,21,33,34,43,46,52,60,64,66,68,72,84,85,87,91,98 "12";
13 92 1 4,7,9,11,17,19,20,24,25,26,28,29,32,40,43,45,47,48,49,54,56,61,62,64,66,68,69,70,71,75,79,80,82,87,88,90,94,96,97 "13";
14 93 0 0,4,9,11,14,15,18,21,24,25,28,31,32,33,37,41,42,44,50,54,55,57,60,62,67,68,78,90,92,93,95,99 "14";
15 14 1 21,40,42,48,50,63,71,75,87,92,98 "15";
16 10 0 2,4,5,7,8,9,12,14,16,19,22,23,25,26,28,30,34,36,37,46,48,49,55,58,59,61,67,70,75,77,80,82,83,86,89,95,96,99 "16";
17 49 1 16,26,32,38,44,47,52,56,60,68,74,79,88,89,93,96 "17";
18 76 0 39,45,63,73 "18";
19 6 0 4,6,11,14,17,19,20,21,23,26,27,31,32,34,40,44,49,51,55,58,61,64,67,68,69,71,73,76,79,80,81,83,86,87,89,91,94,96,97,99 "19";
20 86 0 3,10,13,16,19,22,26,28,46,51,57,75,84,87,90,96 "20";
21 38 0 0,5,7,13,15,16,24,26,27,32,38,41,45,47,51,55,57,67,79,82,83,86,97 "21";
22 20 0 1,3,5,9,12,13,17,21,24,27,35,39,49,57,58,61,62,66,68,72,75,77,78,82,84,86,90,92,95 "22";
23 96 0 1,4,6,12,14,15,17,19,21,22,24,27,29,31,33,34,36,37,38,40,42,44,48,49,51,52,55,56,59,60,61,63,65,66,68,70,73,75,77,79,81,82,86,89,92,94,96,98 "23";
24 75 0 0,2,3,5,7,9,11,14,19,20,22,24,27,28,30,32,33,36,37,38,39,41,43,45,48,52,54,56,59,61,64,66,69,70,72,73,79,82,83,84,87,88,90,91,93,94,97,98 "24";
25 70 1 0,2,5,6,11,13,15,18,20,22,23,29,31,32,34,37,39,41,42,44,45,47,49,50,54,55,59,63,64,66,68,70,71,73,84,85,86,87,89,95,97,98 "25";
26 35 1 5,7,14,16,24,41,45,72,77 "26";
27 13 1 0,2,7,10,12,14,15,16,18,19,21,22,24,25,27,29,30,35,36,38,40,41,43,48,51,53,55,56,60,61,62,65,67,69,71,74,75,78,85,87,88,90,91,94,95,98 "27";
28 40 1 0,4,6,10,22,25,26,29,30,31,32,34,37,39,40,41,43,46,48,49,53,56,60,61,63,65,66,70,72,74,77,82,85,87,90,95,96 "28";
29 70 1 20,36,43,46,49,52,56,64,69,82,84 "29";
30 92 0 3,36,41,57,82,87,99 "30";
31 71 0 0,1,5,6,9,10,15,17,18,23,24,25,27,30,36,37,40,41,45,46,52,53,59,61,63,66,68,70,72,76,77,81,82,84,85,86,87,89,91,94,97,99 "31";
32 61 1 0,2,3,7,10,14,15,17,18,20,22,23,25,28,29,32,35,37,40,42,45,48,51,53,54,56,57,59,60,61,62,67,69,71,76,79,83,85,88,91,93,94,95,97,98 "32";
33 75 0 0,1,7,8,14,16,20,22,23,24,26,27,30,32,34,35,42,43,45,47,51,55,66,71,76,81,82,86,88,90,91,94,97,99 "33";
34 99 0 0,1,2,3,5,7,9,10,13,14,16,18,19,20,22,25,26,30,31,38,41,44,45,47,49,51,53,56,57,59,60,65,67,69,70,72,74,75,76,80,81,83,86,87,92,93,97,98,99 "34";
35 13 0 0,13,29,40,45,52,59,63,70,73,79,82 "35";
36 97 0 0,21,24,27,30,35,36,37,41,51,53,56,61,62,64,65,69,74,99 "36";
37 79 1 0,1,3,6,7,8,10,12,13,20,22,24,25,27,29,31,32,34,37,47,48,50,51,55,59,61,62,63,65,70,71,73,77,81,83,88,90,94,96,98 "37";
38 17 1 0,1,5,6,17,21,23,35,44,45,47,50,52,66,69,77,81,82,87,90,95,97 "38";
39 50 1 3,4,6,18,32,39,52,57,68,70,76 "39";
40 41 0 4,7,11,12,14,21,29,30,31,35,37,39,51,53,55,59,61,64,66,69,74,76,79,85,88,92,94,96 "40";
41 73 1 0,10,12,15,25,29,31,32,34,39,42,44,46,56,60,62,65,68,72,76,78,80,83,86,87 "41";
42 86 0 10,22,27,43,59,63,84 "42";
43 76 1 2,4,11,17,18,22,24,28,29,35,39,42,43,45,47,48,50,51,54,55,56,59,61,65,66,69,70,75,79,83,85,88,90,91 "43";
44 73 0 4,82 "44";
45 36 0 2,10,11,12,17,19,22,27,31,54,58,63,71,80,97 "45";
46 27 1 1,6,8,9,12,13,17,19,22,24,30,32,35,39,41,46,48,50,55,59,61,62,66,69,70,71,75,76,77,78,82,84,86,94,95 "46";
47 32 0 0,1,2,3,4,5,9,11,12,13,15,17,18,21,22,24,26,30,32,34,37,39,40,41,43,45,46,51,52,55,57,59,60,63,64,67,69,73,74,78,80,81,84,85,87,89,91,94,97,99 "47";
48 48 1 2,4,8,12,14,15,17,21,23,27,29,30,32,34,35,37,39,41,42,45,47,48,50,53,55,57,59,60,62,63,69,74,77,82,85,89,91,92,94 "48";
49 86 0 0,1,3,5,7,10,13,15,16,18,20,24,30,31,34,35,37,41,42,44,47,48,50,52,54,56,59,60,62,66,79,80,83,85,89,90,91,93,95,99 "49";
50 62 0 2,5,7,10,13,14,16,20,21,26,37,40,42,44,50,54,59,61,71,82,84,89,94,96,99 "50";
51 59 0 0,1,2,10,11,12,14,16,18,19,20,24,26,28,29,31,32,35,41,43,45,47,51,52,53,54,57,59,62,63,66,68,69,71,74,77,79,81,83,86,87,88,89,90,92,94,95,96,98,99 "51";
52 38 1 1,2,3,5,7,9,13,16,20,25,28,31,32,37,41,45,47,49,52,55,56,58,59,62,65,67,71,73,74,76,80,82,84,86,87,90,91,96,98,99 "52";
53 61 1 6,23,40,43,46,49,56,61,80,91,94,98 "53";
54 77 0 4,14,20,22,27,51,58,71,75,82,87,98 "54";
55 34 0 2,3,6,9,12,14,17,18,21,23,24,31,34,37,47,52,56,58,62,63,65,67,77,83,84,86,88,89,90,95,99 "55";
56 88 1 0,2,3,4,10,13,14,16,17,19,21,24,26,28,32,33,35,38,39,42,43,45,46,49,50,53,54,56,57,59,61,63,65,66,68,70,71,73,75,78,80,82,84,85,87,88,93,94,96,99 "56";
57 90 0 0,1,5,9,13,15,26,29,35,38,39,42,45,49,51,53,54,60,65,66,68,72,74,76,78,80,83,86,91,96,97 "57";
58 81 0 3,17,19,21,26,35,37,48,53,60,61,64,70,80,88 "58";
59 92 0 2,6,8,11,14,15,18,25,34,35,38,41,42,45,46,49,51,53,54,61,63,66,67,75,80,82,84,87,90,96,99 "59";
60 71 0 3,94 "60";
61 66 1 1,4,6,8,11,13,14,18,20,21,24,26,27,30,32,35,39,40,44,45,46,48,51,54,55,57,60,63,64,66,68,71,75,76,77,80,82,84,85,89,92,93,97,99 "61";
62 78 1 0,8,11,15,16,23,24,26,34,43,45,47,57,64,72,79,88,89,92,98 "62";
63 67 0 3,5,6,8,15,17,18,21,23,24,28,29,30,32,33,35,37,38,40,45,47,48,50,52,56,57,62,65,66,67,69,71,75,79,82,84,86,88,90,94,96,98 "63";
64 55 1 2,3,6,8,9,11,13,15,17,18,20,21,23,24,26,31,35,41,46,47,49,50,52,54,55,57,58,63,65,67,69,71,75,77,78,79,82,83,85,88,89,92,95,96 "64";
65 61 1 0,1,2,6,12,13,14,17,19,21,23,25,27,29,32,34,37,45,47,51,55,56,58,59,60,62,64,65,71,72,73,75,84,85,88,89,91,93,96,97,99 "65";
66 8 1 0,2,6,10,11,13,15,19,21,22,24,27,29,33,35,36,44,47,49,51,53,56,57,59,60,69,71,73,74,76,80,81,82,85,89,90,95,97 "66";
67 88 1 19,45,57,60,84,97,99 "67";
68 4 1 1,13,17,19,22,31,36,39,49,51,53,59,62,63,71,73,75,88,89,91,95,97 "68";
69 2 1 0,2,3,5,7,8,11,12,13,15,17,18,20,25,26,29,31,32,34,37,38,41,43,45,50,53,56,58,59,62,65,66,67,69,73,77,78,80,81,84,86,88,90,92,93,95,97,98,99 "69";
70 2 1 30,33,35,38,45,52,75,77,84,99 "70";
71 98 1 6,21,34,52,72,86,92 "71";
72 40 1 0,2,4,9,10,15,24,29,40,43,47,51,52,54,57,60,66,69,71,75,83,92,97 "72";
73 86 0 38,45,46,74,79,95 "73";
74 60 0 10,11,13,17,20,23,29,33,36,39,40,44,47,51,55,57,61,63,66,68,73,82,87,94,99 "74";
75 60 1 1,5,11,14,16,18,21,24,30,31,36,39,40,45,50,59,61,68,70,71,74,81,90 "75";
76 62 0 41 "76";
77 36 1 12,24,63,71,76,83,85,89 "77";
78 75 1 8,12,18,20,53,86 "78";
79 7 1 1,11,22,31,34,43,45,47,61,75,79,84,91,95 "79";
80 26 1 1,8,11,12,14,17,19,23,25,26,31,36,38,41,44,49,51,52,54,55,57,62,67,70,72,73,76,78,82,85,88,89,94,95,97,99 "80";
81 74 0 2,33,48,66,73,74,91 "81";
82 2 0 9,53,59,90,97 "82";
83 25 1 0,1,7,8,10,12,14,16,17,20,21,29,31,32,34,35,40,41,45,49,51,55,57,60,69,70,71,73,76,79,80,81,88,89,92,93,94,97 "83";
84 67 1 3,5,7,14,16,18,20,25,28,29,31,33,39,40,49,50,55,57,64,73,81,86,93 "84";
85 14 1 3,5,9,10,13,14,15,20,24,26,27,30,32,33,39,42,50,52,54,57,61,64,65,68,69,70,74,77,79,82,84,87,88,89,94,96,98 "85";
86 15 1 5,6,13,14,17,19,21,24,26,32,38,40,43,46,48,50,52,58,60,62,66,73,76,85,92,95,98 "86";
87 74 1 7 "87";
88 70 0 0,1,7,8,10,12,16,22,26,28,35,41,44,53,55,57,59,62,73,81,86,91 "88";
89 98 0 54,87 "89";
90 37 0 4,14,30,34,36,37,38,40,42,47,49,54,55,60,71,73,82,85,92,94,98 "90";
91 60 1 4,7,8,11,13,15,17,22,24,26,28,31,34,43,48,51,53,56,58,60,62,71,78,80,83,90,94 "91";
92 7 0 0,18,28,46,48,63,74,86,88,93 "92";
93 33 0 2,5,7,11,12,16,18,22,26,27,31,33,38,40,42,45,46,49,53,57,58,59,62,63,67,70,72,75,81,83,84,86,88,91,95 "93";
94 89 0 3,8,18,29,34,60,72,75 "94";
95 53 1 1,3,7,10,14,17,20,21,28,31,33,37,41,43,46,49,54,56,62,65,68,69,71,72,78,80,82,85,91,94,96,97 "95";
96 1 1 19,23,27,33,51,57,65,70,75,80 "96";
97 78 0 2,5,8,10,13,15,23,33,34,43,48,84,96 "97";
98 48 0 0,1,5,8,11,14,18,19,22,26,29,40,43,45,48,49,54,55,58,60,67,70,76,82,84,86,89,95 "98";
99 5 0 11,25,31,71,80 "99";
