parity 54;
0 40 1 3,8,12,13,21,22,26,29,31,34,38,41,45,50,54 "0";
1 3 0 0,1,3,4,6,7,12,16,18,21,22,23,25,26,32,34,38,40,42,43,44,46,47,51,52,54 "1";
2 55 0 0,2,4,8,13,16,20,24,26,33,35,36,38,44,46,47,54 "2";
3 40 0 7,13,19,22,23,35,43,50,54 "3";
4 22 0 5,6,11,13,15,19,21,22,27,32,35,41,45,47,49,50,54 "4";
5 35 0 0,2,3,6,8,10,15,21,22,23,24,26,28,29,31,33,34,36,38,40,41,43,47,48,50,52,53 "5";
6 20 0 0,3,5,10,14,17,22,32,35,38,45,48 "6";
7 40 0 3,7,26,29,33,44,47,49,52 "7";
8 21 1 0,3,6,8,9,11,13,14,15,17,22,27,28,30,32,34,35,36,37,39,41,44,45,47,49,53,54 "8";
9 13 1 1,2,11,16,19,23,24,30,32,33,35,37,39,40,44,45,48,49 "9";
10 54 1 1,6,17,18,23,25,32,42,43,52,54 "10";
11 43 1 3,5,6,8,10,12,14,16,20,27,32,38,43,48,50,54 "11";
12 11 1 0,2,4,6,13,22,25,29,33,35,36,42,45,49 "12";
13 39 1 0,6,10,12,15,17,19,20,24,25,28,31,32,39,42,43,45,48,49,51,53 "13";
14 47 1 29 "14";
15 23 1 0,35 "15";
16 2 0 5,9,10,12,13,21,24,34,36,39,40,42,47,50,52,54 "16";
17 16 1 0,2,7,9,12,13,14,16,18,19,23,25,27,28,32,34,35,39,40,43,44,48,49,51,52 "17";
18 45 1 0,2,4,6,8,11,13,14,17,23,25,26,28,32,35,39,41,51,53 "18";
19 29 1 0,3,5,8,12,15,25,36,37,46,52 "19";
20 30 1 0,1,3,4,5,7,8,11,13,16,18,19,22,25,28,30,32,33,36,38,40,43,47,51,53 "20";
21 54 0 4,32,38,39,52 "21";
22 36 1 1,6,9,15,21,32,34,38,46,54 "22";
23 32 1 4,7,9,12,15,19,22,24,26,29,30,31,33,34,38,40,41,43,44,47,49,52,53 "23";
24 7 0 3,13,21,22,24,27,28,32,34,36,41 "24";
25 48 1 1,8,9,13,14,17,20,21,22,23,25,28,30,31,33,34,38,40,42,43,44,46,50,51,54 "25";
26 45 1 3,9,24,31,33,45,50 "26";
27 46 0 2,5,6,12,15,23,28,35,41,51 "27";
28 6 1 17 "28";
29 29 0 5,8,19,23,31,48 "29";
30 48 0 0,2,11,14,27,28,36,42,45,49,51,52 "30";
31 43 1 2,6,7,10,12,13,17,19,21,23,24,26,27,29,31,32,33,36,42,43,44,46,47,49,50,52,54 "31";
32 40 0 29,30,43 "32";
33 32 0 2,6,16,28,37,39,41,45,49 "33";
34 2 1 25,34,45 "34";
35 55 0 4,9,11,17,21,24,26,28,30,32,34,35,38,40,41,45,48,54 "35";
36 17 1 3,15,19,24,29,32,35,40,42,45,50,52,54 "36";
37 22 1 2,4,8,12,13,17,21,22,29,40,43,46,49,53 "37";
38 16 0 1,5,6,8,14,39,41,51 "38";
39 38 0 0,1,3,5,7,13,16,18,20,21,22,26,27,29,35,44,45,46,48,50,52,53 "39";
40 0 0 3,4,7,9,14,15,17,19,21,23,36,38,44,46,48,52,54 "40";
41 13 1 1,5,6,7,9,10,11,13,14,15,21,26,31,33,34,36,37,40,43,44,46,47,49,51,52,54 "41";
42 12 1 6,7,10,13,18,25,37,54 "42";
43 54 1 1,3,4,7,12,14,19,21,23,25,28,32,35,37,38,40,42,46,48,50,51,53,54 "43";
44 10 1 0,3,6,14,17,18,21,23,28,31,34,35,37,44,46,47 "44";
45 21 1 22,32,38 "45";
46 53 0 49,51,54 "46";
47 8 1 1,7,14,22,24,28,35,38,42,43,44,47,53 "47";
48 50 1 1,2,7,16,26,29,31,35,39,42,46,47,50,52,54 "48";
49 0 0 29 "49";
50 31 0 14 "50";
51 50 0 23,30,42 "51";
52 44 0 3,11,21,24,28,34,37,49 "52";
53 27 0 2,9,14,35,38,45,51 "53";
54 51 1 2,11,13,16,19,24,40,43,48,51,53,54 "54";
