parity 160;
0 146 0 0,2,6,15,18,22,43,44,47,49,51,54,55,65,75,82,86,88,90,94,98,108,112,115,119,125,127,132,147,154,155 "0";
1 138 0 2,5,23,32,33,37,38,64,66,76,81,91,94,95,117,119,154,155,158 "1";
2 69 0 90,97 "2";
3 15 1 5,86,96,98,110,125,130,143 "3";
4 45 0 1,5,7,17,21,27,30,37,44,46,49,50,54,59,61,62,65,67,69,74,85,93,97,109,117,124,130,134,135,140,146,155 "4";
5 110 1 0,10,18,36,51,57,61,73,106,109,114,123,131,132,137,139,142,156,158 "5";
6 94 1 4,11,14,18,20,21,25,28,34,45,47,51,53,55,58,65,66,67,72,80,85,92,99,103,107,111,116,118,120,123,132,144,147,151,154 "6";
7 97 1 0,4,6,8,13,19,21,25,30,33,35,36,37,42,45,46,48,55,57,59,61,63,65,67,79,80,88,91,102,105,110,113,116,119,120,128,129,134,136,139,145,146,150,156 "7";
8 72 0 43,51,56,87,88,101,110,152,158 "8";
9 60 1 3,4,6,8,10,12,14,16,17,20,21,24,25,28,29,30,32,36,37,38,42,45,48,50,53,55,57,65,66,69,71,73,75,78,79,82,83,88,89,95,96,98,100,101,103,107,108,109,112,114,116,117,119,121,124,125,126,131,132,133,135,137,139,141,147,149,150,152,153,154,156,158,159,160 "9";
10 95 0 0,1,2,4,6,11,12,14,15,16,18,20,22,24,26,27,30,32,35,37,38,41,42,44,48,50,53,56,58,60,62,65,67,68,70,72,75,82,83,85,89,90,92,97,99,105,108,111,113,116,120,124,125,127,129,131,133,144,146,148,150,156,159 "10";
11 35 1 1,2,6,8,9,11,14,16,22,24,27,29,31,34,35,41,46,48,49,51,55,56,57,60,62,68,70,73,75,79,86,87,91,93,94,96,97,100,101,102,104,105,108,111,114,116,117,119,121,123,126,127,131,141,142,144,145,147,150,152,153 "11";
12 16 0 2,3,14,36,99,108,114,116,117,124,144,153 "12";
13 12 1 4,11,16,21,26,28,30,31,34,36,56,59,60,66,71,78,80,81,85,87,95,101,102,103,105,106,109,111,115,116,117,120,124,130,135,137,138,142,145,150,156,159 "13";
14 12 1 0,6,10,13,24,34,43,46,47,55,57,59,62,63,84,86,88,89,91,103,119,122,125,130,136,142,158 "14";
15 12 1 8,20,33,36,40,41,54,57,74,77,81,83,101,137,147,156 "15";
16 27 0 4,5,7,10,12,14,15,17,18,21,22,25,28,30,32,33,35,37,40,42,44,45,48,52,53,58,61,63,66,69,72,74,75,77,80,82,85,86,89,91,95,96,99,101,104,106,109,117,119,124,125,128,129,131,134,139,143,145,146,149,150,157,159 "16";
17 85 0 0,2,3,6,8,11,14,16,17,18,22,24,29,31,34,36,39,42,43,44,46,47,48,55,58,67,70,75,78,79,81,82,86,88,91,93,95,97,101,103,106,107,110,115,117,125,126,128,130,135,137,140,142,145,146,147,148,151,153,157,160 "17";
18 153 0 0,3,4,8,9,12,14,16,17,23,28,30,31,40,43,50,51,55,56,58,60,65,70,82,84,90,93,96,97,98,105,111,112,115,116,122,136,143,149,151,157,160 "18";
19 86 1 0,2,4,9,10,11,13,15,16,17,18,23,25,28,31,32,34,35,37,39,40,42,43,45,47,48,49,51,52,54,57,59,60,61,65,68,69,75,77,78,79,81,83,85,87,88,90,91,93,94,96,98,100,101,103,104,105,107,108,113,115,119,122,124,127,131,132,136,138,140,143,146,150,153,154,156,159,160 "19";
20 85 0 2,3,7,8,10,14,16,20,21,24,26,27,29,30,35,36,38,40,44,49,50,52,53,55,56,60,62,63,66,67,68,70,72,73,75,78,83,84,86,88,90,92,97,99,102,105,107,108,112,114,115,116,118,121,125,126,129,134,138,141,143,146,148,150,152,154,155,157,159,160 "20";
21 30 0 1,4,6,8,11,13,14,15,17,21,22,23,24,26,31,32,34,35,36,37,39,42,47,49,51,52,53,54,56,57,59,60,62,63,66,68,69,73,74,76,77,78,83,84,88,90,92,99,100,101,103,104,108,109,110,112,114,116,117,118,120,122,124,127,128,131,132,133,137,140,142,144,145,146,148,149,151,152,154,157,160 "21";
22 71 1 7,26,67,75,107,129,133,136,143,150 "22";
23 67 1 1,6,8,10,11,13,15,16,18,21,22,24,26,27,29,30,32,33,35,38,40,45,47,50,52,55,56,59,60,62,68,69,71,73,77,81,82,84,86,88,90,92,94,96,99,101,102,106,107,109,114,117,120,121,124,126,130,131,138,139,140,142,144,147,149,152,154,157,158 "23";
24 13 1 11,14,33,64 "24";
25 3 0 4,8,9,20,22,26,29,31,36,45,49,59,70,75,83,86,88,91,96,102,108,125,127,128,130,134,135,139,142,148,149,153 "25";
26 44 1 3,10,20,28,34,54,63,67,76,87,100,108,115,118,122,123,132,158 "26";
27 122 1 11,15,20,33,34,36,40,64,68,73,86,93,99,100,106,113,114,134,141,144,149,159 "27";
28 29 0 0,3,5,6,8,9,11,14,22,23,26,27,36,37,40,42,44,45,47,50,56,58,59,66,69,72,74,75,80,83,85,86,92,95,97,98,102,105,108,111,113,116,117,120,122,123,124,126,128,131,138,141,145,148,150,152,154,155,158 "28";
29 157 1 3,6,7,9,11,12,14,15,25,27,29,31,32,36,39,40,51,56,59,62,65,68,71,78,79,80,84,85,87,90,91,93,94,96,99,100,102,104,105,107,110,112,115,116,119,121,122,124,126,129,131,133,135,149,155,159 "29";
30 12 1 0,2,5,7,11,13,15,18,19,24,25,26,28,30,31,36,38,40,41,43,44,45,47,50,52,53,58,59,66,67,70,73,75,78,83,84,87,89,92,94,96,98,100,102,104,106,110,112,113,116,117,118,120,121,124,125,129,131,134,136,138,141,143,144,148,150,155,158 "30";
31 106 0 1,9,30,31,35,40,48,58,61,65,70,71,74,77,79,86,88,90,93,94,96,107,119,124,125,132,139,144,159,160 "31";
32 88 1 3,31,63,75,86,97,103,110,138,151,159 "32";
33 124 0 0,1,3,5,7,8,11,13,14,16,18,21,24,27,31,32,33,36,38,40,41,43,48,53,56,57,63,64,67,68,69,72,73,78,80,81,87,88,89,90,94,95,96,98,100,102,103,104,106,108,109,110,112,115,116,121,122,125,128,130,133,137,142,146,147,150,152,156,157,158 "33";
34 91 0 14,17,22,32,41,54,59,65,67,97,102,106,118,129,134,138,153,154,156,159 "34";
35 9 0 6,9,11,14,16,18,19,21,22,24,26,29,32,35,36,39,42,45,50,51,53,56,57,59,60,66,72,74,79,80,82,85,86,89,92,96,97,99,105,109,115,117,124,128,130,131,134,137,141,142,144,145,147,149,154,156,160 "35";
36 94 1 1,3,6,8,9,11,13,15,17,19,21,22,23,29,32,35,36,37,39,40,41,42,45,48,51,53,55,56,57,62,67,69,77,79,80,82,83,85,86,88,90,91,94,97,99,102,106,108,111,113,114,116,120,121,123,127,128,131,133,135,138,139,140,143,144,145,146,154,155,159 "36";
37 131 0 3,6,11,14,19,22,23,26,32,34,39,41,43,46,49,52,54,56,58,60,62,65,67,69,76,78,83,84,86,93,95,97,110,118,120,123,125,128,130,133,134,139,143,155,157,159,160 "37";
38 103 1 7,9,15,18,31,38,47,49,57,65,67,68,72,78,80,81,83,87,89,96,101,112,115,116,119,120,123,126,132,136,141,143,148,150,160 "38";
39 31 0 4,7,11,12,18,23,24,26,29,33,42,45,47,50,63,67,72,76,78,82,88,90,91,94,100,102,103,109,111,117,118,127,137,139,145,146,147,151,158 "39";
40 31 0 5,9,18,25,27,29,35,49,54,61,64,69,70,72,74,77,82,87,89,91,104,113,118,120,124,128,136,141,143,144 "40";
41 48 0 7,18,25,30,72,76,86,92,108,124,125,128,143,155 "41";
42 113 0 0,2,3,5,9,13,15,17,22,24,25,28,29,33,36,37,40,46,48,51,55,56,60,62,64,68,70,74,76,77,78,80,83,85,86,87,88,89,93,94,95,99,108,120,122,124,126,127,132,133,134,138,139,143,146,148,151,152,154,155,157,158,159,160 "42";
43 17 0 2,8,10,13,14,16,19,22,25,29,32,34,37,38,39,46,50,52,54,57,63,70,76,77,79,86,88,91,96,100,102,105,107,108,113,117,122,124,129,131,138,142,143,144,147,148,149,152,156 "43";
44 95 0 0,2,5,7,8,11,15,18,19,25,30,31,32,36,40,48,51,54,58,60,61,63,66,69,73,76,79,80,82,84,85,94,96,98,100,101,104,105,107,109,111,112,114,116,123,124,126,135,137,139,142,146,150,155,159,160 "44";
45 87 0 2,4,6,9,15,17,18,20,22,30,33,35,39,46,52,54,56,58,61,62,69,71,72,81,87,89,90,92,93,95,97,98,99,102,108,110,111,119,124,128,130,137,138,141,143,145,146,147,149,150,152,158,160 "45";
46 81 0 2,4,5,7,10,11,13,17,18,19,21,22,24,25,31,34,39,41,42,43,45,48,49,53,55,60,62,64,65,66,68,69,71,72,74,77,79,80,81,83,86,87,91,92,94,96,99,100,105,108,112,113,115,117,118,120,122,123,125,127,129,132,133,135,137,139,142,143,146,151,153,154,158,159,160 "46";
47 21 0 4,18,25,29,34,38,44,51,53,64,73,77,81,84,85,94,106,111,117,119,123,128,134,138,147,156 "47";
48 10 1 0,2,4,13,17,24,25,33,34,39,41,42,47,51,52,54,68,70,81,89,93,99,102,108,110,112,113,130,139,143,152,155,157 "48";
49 147 0 29,41,43,48,92,103,120,127,134 "49";
50 6 0 0,4,6,7,10,12,13,15,20,32,35,37,40,45,48,49,56,61,63,73,77,81,99,103,105,109,110,118,124,134,137,142,144,148,150,153,156,160 "50";
51 153 0 0,2,3,5,10,11,16,19,20,21,22,24,26,28,30,31,33,35,37,39,42,44,46,48,49,50,52,54,56,59,60,61,63,66,68,70,74,76,77,78,81,84,85,87,91,92,94,95,100,102,105,107,110,112,113,114,117,120,122,124,128,130,135,138,142,145,146,150,152,153,155,160 "51";
52 88 1 0,9,15,23,24,27,30,32,33,35,37,40,41,49,51,57,59,63,70,74,82,89,96,98,103,105,107,111,114,119,121,126,131,133,135,141,142,146,154,159 "52";
53 79 0 11,13,15,17,20,21,27,28,29,32,42,44,47,55,57,58,60,63,67,69,73,76,77,81,85,86,88,92,96,98,99,104,108,114,116,118,120,123,127,129,131,138,139,141,142,144,146,148,152,155,157,158,160 "53";
54 59 1 0,5,6,7,9,11,13,15,16,20,22,23,25,27,28,29,30,34,37,39,41,42,46,49,50,53,56,59,60,63,64,66,69,70,73,74,75,77,78,87,88,90,91,92,95,98,99,102,104,106,108,110,113,114,115,117,118,121,122,124,129,130,132,133,135,137,138,141,142,144,145,146,147,150,156,158,159 "54";
55 159 0 3,7,10,14,15,28,32,39,41,47,50,52,55,58,63,66,68,71,73,84,89,92,95,100,105,106,114,117,122,135,137,143,147,156,158 "55";
56 74 0 1,8,9,15,17,19,20,27,31,34,36,37,43,48,50,54,58,59,62,63,68,69,74,77,81,82,84,90,92,94,97,99,101,103,107,110,118,120,122,123,125,132,133,135,136,138,140,146,147,149,155,157 "56";
57 13 1 3,5,6,8,9,13,15,19,20,22,24,25,27,29,30,32,33,35,36,38,40,41,43,44,45,47,48,49,50,52,54,56,57,58,60,61,63,64,66,69,72,73,75,76,79,82,84,85,88,90,92,94,95,96,99,101,104,108,109,110,112,118,122,124,126,129,134,136,138,139,141,142,143,145,146,150,151,155,157,158 "57";
58 94 0 4,13,19,26,42,72,87,92,106,114,133,135,138,139,143,151,159 "58";
59 49 0 1,2,3,4,5,8,9,11,16,19,21,22,24,26,29,31,34,37,38,41,42,44,47,48,52,58,59,60,61,63,66,67,73,75,77,79,80,83,84,86,87,90,92,94,95,96,98,100,101,104,105,106,109,111,113,116,117,119,122,128,131,133,134,136,143,145,146,147,148,150,151,152,159,160 "59";
60 58 0 0,8,28,38,111,129,151,153 "60";
61 12 1 3,9,14,29,66,77,88,115,133,147 "61";
62 91 1 1,8,9,11,13,18,20,23,25,27,29,30,32,35,37,39,41,43,45,46,48,50,53,54,55,57,63,64,66,67,73,75,76,78,79,81,82,85,86,87,90,91,92,97,98,101,103,105,108,109,111,114,115,119,121,123,125,129,131,132,134,136,139,141,143,149,151,154,156,157,159,160 "62";
63 36 1 2,10,13,17,31,48,56,59,65,67,68,94,104,119,127,132,133,145,152,156,160 "63";
64 85 0 2,5,9,11,18,19,23,26,29,37,40,44,48,50,52,54,59,60,62,64,68,71,74,75,79,81,84,86,87,90,92,95,100,101,104,105,107,112,114,118,120,125,128,131,135,139,145,147,149,152,154,158 "64";
65 48 1 2,17,19,21,27,35,39,44,52,77,84,90,92,97,102,106,108,117,128,131,132,139,141,143,144,148,149 "65";
66 158 1 40,51,70,82,113,140,158 "66";
67 130 1 0,3,5,7,11,17,19,22,28,31,32,33,38,41,43,44,46,53,55,56,58,60,64,72,73,75,78,81,84,86,87,91,92,95,96,99,103,112,116,118,120,127,132,134,139,141,148,151,154,157,158 "67";
68 143 1 1,3,6,7,13,18,20,25,41,49,56,61,62,63,65,70,71,78,80,82,84,92,95,97,100,101,111,114,116,118,128,135,144,148,150,151,160 "68";
69 87 1 0,1,2,7,8,9,11,15,17,18,20,21,24,26,27,28,31,32,33,35,36,40,42,43,44,45,49,50,53,54,56,57,58,60,62,66,68,71,72,73,76,77,80,82,86,88,90,92,94,96,97,99,100,103,104,105,107,108,111,114,117,118,120,122,124,127,128,129,132,133,138,141,142,144,145,146,150,153,160 "69";
70 104 1 3,6,8,14,18,29,33,36,40,45,47,48,50,53,56,57,62,63,66,69,76,78,80,82,85,90,91,96,102,103,105,116,119,121,123,124,134,135,139,140,143,147,149,156,158 "70";
71 12 1 0,1,5,6,11,12,14,17,19,20,21,22,25,28,30,32,33,34,37,43,47,51,54,55,56,60,64,65,71,78,79,83,87,88,89,91,94,95,97,99,105,106,109,111,119,121,127,130,131,136,139,145,146,149,152,154,155,158,159 "71";
72 143 1 6,12,18,52,57,62,89,99,101,109,121,125,129 "72";
73 36 0 0,1,3,6,8,11,15,16,17,23,25,29,30,38,42,45,51,53,56,61,64,67,71,73,74,77,79,86,87,91,93,95,98,113,116,122,125,130,131,136,139,145,147,148,154,155,158,159 "73";
74 119 1 3,6,7,9,10,12,14,16,17,19,20,22,25,27,28,30,32,35,37,39,40,41,44,46,49,52,53,57,59,60,61,62,65,67,70,71,72,73,76,77,79,80,81,83,85,86,87,96,100,101,105,107,109,110,112,114,118,120,122,123,126,128,134,135,137,139,142,144,146,148,150,151,153,154,155,159,160 "74";
75 68 1 3,7,12,21,25,26,35,39,40,42,43,47,49,52,55,60,68,71,81,83,85,87,89,111,112,113,118,123,125,129,138,140,142,144,147,148,150 "75";
76 54 0 13,19,27,29,31,34,52,55,58,63,66,82,95,103,126,134,146,156 "76";
77 39 1 3,7,11,16,20,22,28,32,34,36,37,41,45,48,49,51,52,61,62,64,68,74,78,87,93,100,101,102,106,109,110,112,114,117,118,120,122,123,126,128,130,131,135,136,137,139,141,143,148,150,153,156,159,160 "77";
78 12 0 7,10,12,19,21,22,24,29,31,32,38,39,40,43,44,47,55,58,61,63,65,66,70,73,74,76,77,79,80,84,85,93,94,97,102,107,115,116,120,127,132,134,149,156,158 "78";
79 117 1 14,41,55,100,131,134,138,149,151 "79";
80 101 1 2,6,9,11,12,15,17,26,28,32,40,44,45,47,50,51,53,54,61,64,66,67,69,70,73,79,81,84,86,88,90,91,93,98,104,105,110,111,113,117,121,123,125,126,130,132,135,137,139,142,151,152,154,155,156,159,160 "80";
81 102 1 1,2,4,6,8,10,12,14,15,21,23,24,26,28,29,31,33,34,36,38,39,45,51,52,53,57,59,61,62,64,65,67,69,71,74,77,80,83,86,90,91,98,101,102,105,109,112,115,117,118,120,121,123,124,126,130,132,134,137,139,140,141,144,146,147,151,155,159,160 "81";
82 63 0 1,4,7,9,10,17,21,24,26,33,35,38,40,44,46,51,60,70,80,85,89,103,107,110,113,119,125,131,139,140,144 "82";
83 157 1 0,1,11,17,23,27,29,41,44,47,52,60,66,74,77,83,86,91,93,95,97,101,103,108,110,112,117,118,120,123,128,131,138,140,145,148,149,153,157 "83";
84 99 0 1,2,12,15,20,25,28,36,38,49,53,55,57,60,65,67,68,70,71,80,83,85,92,93,94,96,100,103,117,122,127,128,130,141,143,146,147,151,153,155 "84";
85 9 1 0,5,9,13,15,17,19,21,23,29,32,37,39,41,46,48,49,52,66,71,73,76,77,78,80,82,86,97,101,102,104,105,106,108,111,112,113,115,117,118,121,122,125,127,129,131,134,136,142,145,146,151,153,156,157,160 "85";
86 62 0 17,19,21,30,39,50,61,66,68,87,102,111,118,121,124,149 "86";
87 50 1 1,2,3,5,7,10,11,14,17,18,19,22,24,25,26,28,29,31,32,34,35,37,38,40,41,44,48,50,51,54,55,57,58,60,62,64,66,67,68,71,73,75,77,78,81,83,84,87,89,90,92,93,96,102,103,104,107,108,111,112,117,119,120,122,123,128,131,135,137,138,140,141,146,149,151,152,155,156,158 "87";
88 22 1 0,5,6,11,14,19,21,23,26,29,32,44,45,47,50,52,54,57,60,61,62,66,70,73,74,77,79,84,91,101,103,112,118,124,126,132,135,136,138,141,144,149,154 "88";
89 103 1 13,15,19,22,24,25,29,35,50,54,58,64,68,74,78,81,88,96,103,105,112,114,116,125,129,131,145,146,155 "89";
90 18 1 0,4,10,12,16,17,19,24,26,27,29,34,35,38,41,48,50,52,55,56,57,62,63,64,69,70,73,77,83,85,88,104,105,116,117,119,120,123,128,133,134,135,137,148,150 "90";
91 26 0 0,4,10,18,19,22,26,31,32,34,40,43,45,49,50,51,53,55,56,58,67,70,71,79,81,83,85,96,98,100,110,119,127,129,131,133,143,146,148,151,155,157,158 "91";
92 147 0 3,6,12,17,21,28,34,38,44,45,49,55,58,62,64,79,92,94,96,97,103,107,118,123,133,141,142,145,152 "92";
93 30 0 1,6,24,45,58,80,95,113,135,142,155,158 "93";
94 22 0 4,7,11,14,15,18,20,22,25,27,29,31,32,34,38,40,41,44,46,48,53,55,57,60,64,66,68,70,72,74,76,77,78,80,81,83,85,87,88,89,91,99,100,103,106,107,109,112,113,116,117,120,122,124,125,126,127,129,131,133,135,136,139,141,143,145,147,148,153,156,159,160 "94";
95 36 1 0,1,3,7,8,10,11,15,16,18,20,21,28,30,31,35,39,41,42,44,46,47,49,52,54,56,58,60,63,69,73,75,77,82,84,85,87,89,91,92,95,97,99,101,103,104,108,112,114,116,119,120,123,124,125,128,129,130,133,135,137,141,143,145,148,150,152,154,155,158,160 "95";
96 92 0 1,3,7,9,12,14,16,17,20,22,23,26,27,31,36,39,41,43,45,48,54,57,58,63,68,71,74,76,80,81,94,96,97,99,100,102,104,105,106,110,113,116,117,124,126,129,135,136,138,140,143,144,148,149,150,153,159,160 "96";
97 56 0 0,1,6,9,10,12,18,20,27,29,31,32,35,41,44,45,48,49,50,57,58,62,64,68,72,80,81,85,90,91,93,95,96,98,100,101,108,114,123,126,130,135,137,139,141,143,146,149,151,156,158 "97";
98 80 0 2,5,26,28,46,68,80,82,83,121,160 "98";
99 59 0 2,4,6,8,13,19,31,33,38,41,44,45,47,52,54,56,64,67,71,73,74,77,82,87,92,94,96,104,107,111,116,118,120,121,122,125,129,133,134,140,143,146,152,158 "99";
100 159 0 7,18,22,24,25,32,35,49,52,54,56,63,71,77,83,85,92,111,112,114,120,122,127,128,132,142,146,148,150,152,154,157,159 "100";
101 40 0 8,10,14,16,19,21,29,35,39,47,48,53,62,66,84,88,100,102,106,113,117,118,119,121,123,126,133,140,145,147,154,155,156,158 "101";
102 39 1 15,20,22,23,25,27,28,38,55,59,61,62,66,76,108,114,117,124,130,146,151,153 "102";
103 44 0 2,9,14,33,39,46,48,52,61,64,67,86,97,114,144,150 "103";
104 156 1 17,38,49,56,76,81,95,108,110,116,120,121,124,128,131,132 "104";
105 155 0 2,3,6,7,12,13,17,19,21,24,28,32,33,35,37,39,46,49,55,56,59,61,65,67,68,70,74,75,79,81,83,87,90,94,97,102,105,107,108,110,111,112,115,119,121,131,133,134,136,139,141,143,146,148,155,156,158,159,160 "105";
106 31 0 1,2,4,6,9,13,14,19,20,21,23,24,27,29,31,35,38,41,42,45,47,49,51,52,53,56,57,61,62,63,65,67,70,73,75,78,81,82,85,86,90,95,97,99,101,103,104,107,109,110,111,115,117,118,119,121,122,126,129,133,134,136,139,140,142,143,146,148,149,152,157 "106";
107 43 0 21,23,36,39,55,74,96,105,111,113,117,140,153,157 "107";
108 137 0 10,14,31,58,67,93,98,102,112,115,120,127,128,140,142,144 "108";
109 74 0 4,25,33,43,44,74,101,118,123,136,144 "109";
110 52 1 1,3,4,6,8,10,17,18,21,23,32,33,38,39,41,44,47,48,53,55,57,59,60,66,69,72,76,80,83,84,86,88,91,93,94,96,102,105,108,113,114,118,119,121,126,131,134,136,138,139,141,143,146,149,151,152,154,157,160 "110";
111 41 1 0,4,6,9,13,15,19,22,24,26,29,31,36,37,40,48,52,54,57,58,62,67,71,76,78,79,83,84,85,87,90,92,95,98,102,105,113,114,118,119,124,127,129,131,133,134,135,137,140,142,144,155,156,158 "111";
112 22 1 3,4,7,13,15,21,24,27,28,35,37,39,53,55,62,69,72,75,79,87,89,92,102,103,107,120,122,125,127,131,133,135,137,144,151,153,159 "112";
113 55 1 74,76,87 "113";
114 8 1 3,11,13,18,19,20,22,27,28,34,39,41,42,48,50,51,54,56,59,63,65,67,70,72,84,85,87,91,93,95,97,101,102,107,109,111,112,114,118,120,122,124,127,132,133,137,140,143,144,146,151,152,157,158 "114";
115 30 1 6,10,13,15,18,24,27,28,38,40,47,53,59,63,64,72,83,88,94,97,99,102,103,107,132,134,145,149,155,158 "115";
116 79 1 0,1,2,3,6,7,9,11,14,16,17,18,19,22,24,27,28,30,31,32,36,38,41,42,45,46,52,57,58,62,65,67,69,70,71,73,75,76,78,79,80,82,83,85,87,91,93,95,104,107,109,113,114,118,120,122,125,129,130,132,135,136,141,142,144,145,148,149,152,156 "116";
117 60 1 0,5,6,9,13,14,17,19,21,24,28,30,31,37,39,41,43,46,48,53,54,56,58,62,63,67,68,71,77,80,83,86,88,89,90,93,95,98,100,102,106,107,111,112,120,124,126,128,129,131,133,135,137,139,141,144,146,149,150,153,154,156,159 "117";
118 50 1 1,3,4,6,7,9,11,16,18,20,23,28,30,32,34,37,38,40,43,45,47,48,50,55,59,61,62,64,66,68,71,73,76,78,79,80,82,85,87,93,94,102,105,106,108,109,111,113,114,116,118,119,122,123,125,126,128,131,133,136,138,141,142,144,146,147,150,152,155,157,159 "118";
119 116 1 2,7,22,25,39,48,73,89,104,112,120,123,142,144,151,153,159 "119";
120 45 1 1,8,15,16,40,47,48,57,68,70,72,76,83,105,107,111,115,117,133,138,146,154,155 "120";
121 129 0 6,7,11,13,16,18,24,27,31,35,38,39,43,44,47,48,51,56,59,66,69,72,77,78,80,82,88,92,95,97,98,104,110,111,113,114,116,119,130,131,136,137,143,147,149,151,152,156,160 "121";
122 127 1 1,13,15,24,26,35,37,49,56,69,74,77,81,91,92,93,95,98,107,121,122,132,134,145,155 "122";
123 161 1 4,7,11,13,17,27,33,37,40,45,48,50,53,56,62,64,68,75,82,85,89,99,103,129,136,138,141,145,149,150,152,156 "123";
124 59 0 1,4,5,8,9,11,13,14,16,18,20,23,25,27,29,32,33,34,35,36,38,43,47,50,52,53,54,57,58,60,61,62,63,65,69,71,72,73,75,77,79,83,86,87,88,90,91,93,95,97,104,107,108,110,113,114,116,120,123,125,127,130,134,137,142,143,145,147,148,150,152,153,158,160 "124";
125 123 1 1,2,3,4,6,7,9,10,14,16,19,21,22,23,24,27,29,32,34,36,37,41,43,46,48,50,53,56,58,59,64,67,70,76,79,80,83,85,87,94,98,100,104,108,110,112,115,117,119,125,127,129,130,134,135,137,141,143,145,148,150,156,157,158 "125";
126 96 0 16,21,26,41,43,46,47,52,57,59,61,64,66,67,83,88,90,96,105,109,111,113,126,128,131,134,137,138,148,149,151,154,155 "126";
127 41 1 2,6,11,15,17,19,21,23,27,28,29,32,35,39,47,48,52,56,58,59,63,67,74,76,79,82,84,88,89,91,93,94,96,99,102,104,107,108,110,113,121,124,126,130,137,139,140,143,144,150,152,155,156,158,160 "127";
128 130 1 3,4,8,10,12,14,17,18,20,22,24,26,27,31,32,34,35,36,40,43,50,51,52,57,59,61,63,64,68,71,72,80,82,84,90,91,92,96,97,100,102,110,113,118,121,123,124,126,127,129,133,135,137,138,139,141,142,146,150,152,153,154,159,160 "128";
129 81 1 0,9,10,17,19,22,24,28,35,41,42,48,58,74,78,81,82,84,87,89,91,97,104,106,110,127,129,131,139,141,144,148,149,151,155,156,159,160 "129";
130 137 1 0,2,5,7,9,12,14,17,20,21,23,26,28,30,31,33,35,36,39,43,45,48,49,51,52,60,62,63,65,66,69,73,74,76,78,80,81,82,83,85,88,91,95,97,99,101,102,104,106,111,112,114,121,124,126,130,132,133,135,137,140,141,145,146,147,149,151,154,158,159 "130";
131 46 0 16,18,23,44,49,56,71,80,84,108,135 "131";
132 62 1 0,1,8,10,13,14,23,24,27,29,30,35,36,39,40,45,47,49,51,53,54,57,58,61,67,68,72,73,78,79,80,82,83,85,86,88,90,94,98,100,101,104,106,107,111,112,113,118,120,123,125,128,130,133,136,139,142,145,146,150,151,153,154,157,158,160 "132";
133 72 1 3,6,7,9,10,14,17,23,26,31,38,41,46,48,54,55,58,60,62,64,65,68,75,77,79,84,86,89,94,103,108,109,112,114,118,121,124,126,129,131,134,137,138,141,146,151,158 "133";
134 27 0 0,1,8,10,14,17,19,25,29,30,35,39,46,47,51,54,61,63,65,66,72,74,76,78,82,85,88,89,91,93,99,100,102,103,105,106,108,110,112,114,118,124,126,131,135,140,142,143,150 "134";
135 136 0 1,4,5,7,15,18,20,22,29,31,32,34,36,39,41,42,45,46,47,49,50,52,56,58,59,61,63,66,76,80,81,82,83,87,88,90,93,94,100,102,103,105,106,109,113,114,116,123,125,126,128,136,138,139,145,147,148,149,152,154,155,157,160 "135";
136 5 1 3,19,25,37,55,57,68,73,80,88,96,100,104,111,117,120,124,129,137,149,151,152,158 "136";
137 0 1 0,1,4,5,7,8,11,13,14,17,19,20,22,24,26,28,30,32,35,36,38,40,41,44,47,48,53,55,57,59,60,61,63,64,66,68,69,72,74,75,77,78,80,81,82,85,86,89,90,93,97,99,104,105,108,111,114,116,117,118,120,122,124,130,131,134,138,140,142,143,145,147,150,152,154,156,157 "137";
138 102 1 32,37,40,67,72,89,91,113,117,127,146 "138";
139 76 0 8,11,29,40,62,90,93,100,119,120,125,131,151,160 "139";
140 3 0 0,2,5,10,13,15,17,22,24,43,46,51,67,69,76,81,84,88,91,108,110,118,120,130,132,137,149,153 "140";
141 49 1 0,7,9,13,14,16,18,19,20,22,26,28,33,35,42,44,49,51,56,59,62,63,67,70,72,74,82,88,89,90,92,98,99,101,103,106,107,109,110,111,113,114,118,120,121,126,128,129,130,136,138,142,144,149,152,154,158 "141";
142 142 0 0,1,3,6,8,9,13,17,19,20,22,26,28,30,31,33,35,36,38,40,42,45,46,48,49,52,53,55,57,60,62,65,67,70,71,74,76,77,79,82,83,85,87,88,89,92,93,95,99,102,105,109,110,111,113,114,121,123,124,126,127,129,133,136,140,142,144,145,147,148,150,152,154,156,157,158,160 "142";
143 102 1 0,3,6,8,11,13,15,18,23,26,27,29,33,34,36,41,42,45,48,58,59,61,64,65,68,70,71,74,76,77,78,81,85,89,90,92,94,95,98,100,101,105,106,108,111,113,115,117,118,119,122,124,127,128,130,133,136,138,140,143,146,149,150,152,153,156,159,160 "143";
144 130 0 1,5,7,9,12,13,15,17,19,21,24,27,31,33,40,46,49,50,53,56,57,60,62,64,67,69,70,72,73,75,77,78,80,81,84,88,92,95,97,98,99,104,108,118,120,124,127,132,134,135,139,141,144,148,150,151,154,156,157,159,160 "144";
145 137 0 21,34,47,62,84,110,119,146 "145";
146 32 1 1,6,9,10,12,13,15,16,18,20,23,26,28,29,32,33,37,39,41,43,47,51,52,54,55,57,59,64,68,69,72,74,81,84,86,87,88,91,102,103,108,111,113,114,117,119,121,122,123,125,127,129,130,131,133,136,138,143,145,152,153,157,159,160 "146";
147 26 1 4,6,9,12,14,17,21,25,29,32,36,37,41,47,50,53,55,57,60,62,65,69,71,73,75,80,94,97,100,106,111,114,119,122,125,128,129,132,140,144,147,148,151,157,159,160 "147";
148 123 1 0,2,4,6,7,8,13,15,16,22,27,30,34,36,37,40,45,48,50,51,53,56,60,63,65,70,72,78,80,81,84,85,88,90,95,97,98,102,105,107,116,118,119,121,123,125,126,128,129,135,138,139,141,143,154,156,159 "148";
149 105 1 2,13,48,56,69,72,82,91,110,118,125,143 "149";
150 33 0 0,3,5,6,8,11,12,14,15,19,21,23,24,26,28,30,32,33,34,35,36,40,41,42,45,47,48,51,52,53,54,58,59,60,62,63,64,67,68,72,74,76,78,81,83,84,88,91,92,93,95,96,98,102,104,105,106,110,112,114,115,119,120,122,123,125,126,128,129,132,134,139,141,143,145,148,152,153,155,157,159 "150";
151 40 1 1,8,10,12,17,20,21,23,24,31,33,35,38,40,42,50,51,57,60,61,62,74,76,79,84,86,88,91,110,115,116,118,122,123,132,136,153,159 "151";
152 137 0 0,1,5,8,12,14,18,19,21,23,25,28,36,43,45,47,49,52,58,61,62,67,69,72,79,85,86,90,93,94,96,97,98,102,104,107,110,114,117,120,123,125,126,131,136,139,142,146,147,151,155,159 "152";
153 64 0 9,14,23,56,71,74,76,91,107,120,135,150,160 "153";
154 77 1 61,92,96,148 "154";
155 145 0 0,2,4,5,8,9,10,15,18,20,21,25,27,28,30,34,38,39,41,45,46,47,50,52,56,59,60,62,64,66,67,69,70,72,74,76,80,81,83,85,88,91,95,99,101,105,107,108,112,114,117,123,127,129,131,137,139,141,142,144,146,147,151,154,156,158 "155";
156 86 1 0,7,10,13,18,20,23,30,31,37,38,40,42,45,47,49,59,63,71,72,73,77,80,81,83,90,94,102,104,106,119,127,136,137,142,146,148,152,158 "156";
157 9 1 1,2,18,21,29,33,37,53,56,81,90,98,100,125,153 "157";
158 90 0 0,3,8,10,11,14,15,18,20,25,26,27,28,29,33,38,40,45,47,49,50,55,57,59,61,64,68,70,71,73,75,76,78,79,81,84,86,87,88,90,92,95,96,98,100,102,104,106,107,111,114,116,120,121,123,125,127,128,131,133,135,136,138,141,142,145,146,148,149,150,152,153,155,157,159 "158";
159 151 0 3,19,25,34,35,40,53,78,83,95,101,102,107,128,130,133,140,144,154 "159";
160 54 1 0,4,6,12,15,22,25,27,33,34,36,37,44,46,47,51,54,55,58,60,67,82,83,88,89,97,102,106,108,110,111,114,116,118,120,129,131,132,135,140,145,147,149,152,159,160 "160";
