parity 126;
0 33 0 4,13,57,107 "0";
1 106 1 3,26,49,52,62,65,76,102 "1";
2 25 0 0,2,3,7,11,12,15,18,22,25,27,28,30,31,32,36,39,41,42,44,46,47,49,51,52,54,56,58,59,63,66,67,70,71,72,74,75,78,81,83,84,86,87,88,91,94,95,98,101,103,104,106,112,114,115,117,118,119,120,122,124,126 "2";
3 49 1 4,9,10,13,14,15,17,21,28,30,40,48,49,54,58,59,62,71,80,85,89,91,94,104,106,107,114,116,118,122,125,126 "3";
4 30 1 1,14,26,28,29,34,36,38,41,47,56,65,73,75,84,96,100,107,123 "4";
5 115 1 13,19,22,25,28,49,80,85,95,102,119,121,122 "5";
6 108 0 0,1,2,8,14,16,24,27,29,31,32,36,38,41,46,47,51,53,59,61,62,63,65,72,76,79,89,98,104,105,107,109,112,116,121 "6";
7 85 1 3,4,6,11,13,20,22,27,30,34,38,41,50,52,54,56,62,64,66,76,79,80,92,93,96,99,104,108,110,114,115,118,122,125 "7";
8 36 1 1,5,11,12,21,27,32,34,37,49,53,57,60,68,71,75,78,80,83,88,90,96,98,105,107,110,112,115,118,119,120,122,126 "8";
9 61 0 2,3,4,6,8,10,12,14,18,20,23,24,25,28,29,31,33,34,35,37,40,41,44,45,47,49,51,54,56,58,60,64,66,68,69,71,72,74,76,78,80,81,83,86,87,91,95,97,99,101,103,106,107,109,112,113,114,122,123,125,126 "9";
10 85 1 2,5,10,11,21,22,25,26,30,31,32,37,39,40,41,43,47,55,56,58,63,65,70,72,73,75,77,79,80,82,86,87,91,94,97,98,101,105,109,110,113,118,119,121,122,125 "10";
11 48 1 0,3,5,12,24,36,56,58,64,70,73,77,83,89,91,98,101,113,124 "11";
12 125 1 0,2,5,7,8,10,13,17,18,21,22,24,25,27,28,30,32,36,39,40,43,44,47,51,52,53,55,58,59,63,64,65,67,70,72,76,78,81,82,85,86,87,88,89,92,96,98,100,102,103,104,107,109,114,117,118,119,121,122,126 "12";
13 31 1 0,1,7,9,11,12,15,16,22,26,28,29,32,34,36,37,39,40,42,45,46,47,51,53,54,56,57,59,62,63,67,70,75,76,78,79,81,82,84,86,89,92,96,101,102,105,107,108,111,112,115,117,123,124 "13";
14 66 1 2,5,7,10,24,29,36,39,41,42,43,52,53,56,59,61,63,65,69,75,77,80,85,96,105,107,110,114,118 "14";
15 108 1 2,4,8,12,14,22,23,25,34,42,43,45,48,51,53,56,58,60,63,67,70,76,78,79,80,82,88,117,121 "15";
16 12 1 7,8,20,22,28,39,40,46,49,51,54,55,61,63,65,67,72,74,76,78,86,91,98,106,122,125,126 "16";
17 32 1 3,6,20,22,27,30,34,39,45,49,61,78,84,97,104,109,120,124 "17";
18 24 1 8,11,15,17,28,31,35,37,42,45,48,61,65,69,72,75,78,83,93,102,108,111,113 "18";
19 63 0 8,12,17,18,30,43,74,83,86,93,108,110,113,116 "19";
20 80 1 2,4,6,8,10,16,18,20,24,26,28,31,32,33,46,52,58,59,61,63,65,68,74,76,81,85,91,93,94,97,98,100,101,107,112,114,116,119,121,123,125,126 "20";
21 11 0 0,2,4,5,7,10,13,14,17,20,21,25,28,31,34,36,38,43,44,49,50,54,59,64,65,70,73,74,77,79,80,81,86,87,94,96,98,100,102,107,109,110,111,114,115,118,121,123,124 "21";
22 115 1 1,7,11,13,16,24,46,49,54,55,57,58,66,71,73,79,88,91,96,100,113,117,119,121,125 "22";
23 26 0 1,4,6,11,13,16,18,22,25,26,28,30,35,42,43,45,48,49,53,55,58,60,62,63,68,73,75,79,82,83,88,90,91,92,94,96,98,105,107,115,117,119,121,123,124,125 "23";
24 18 1 1,5,15,17,19,20,21,27,30,32,35,37,39,40,45,50,52,54,59,62,65,68,70,73,76,81,85,89,92,96,97,101,106,109,111,114,123,126 "24";
25 32 1 9,21,70,72,96 "25";
26 83 0 1,3,7,8,10,12,14,15,20,22,26,33,38,44,47,57,60,64,66,81,102,103,105,106,108,111,116,120,121,123 "26";
27 53 1 28,35,79,95,98 "27";
28 59 0 3,16,29,31,44,54,60,63,72,79,83,86,100 "28";
29 32 1 0,2,5,7,8,9,10,11,13,15,17,18,20,22,23,25,26,30,31,36,37,40,41,42,44,45,48,50,52,54,56,57,59,60,63,65,67,69,71,73,76,79,81,83,84,85,87,88,89,92,96,98,100,102,106,108,113,116,118,121,123 "29";
30 104 1 20,25,31,39,96,124 "30";
31 66 1 0,3,7,9,14,22,26,28,30,32,37,39,41,43,45,47,48,50,52,55,58,60,61,63,64,74,75,78,83,90,93,96,97,103,106,108,112,115,119,122,125 "31";
32 85 1 36,59,76,106,114,124 "32";
33 66 1 0,2,11,17,30,32,34,36,38,41,44,49,52,54,57,59,64,66,75,80,91,92,97,98,100,106,111,117,124 "33";
34 112 0 25,58,98,111,114,117,124 "34";
35 101 1 0,2,3,4,7,12,14,17,18,20,21,25,26,28,29,30,36,37,40,41,44,45,46,48,49,50,51,53,55,56,58,61,63,64,68,70,71,73,74,77,78,80,81,85,88,91,92,95,97,98,100,101,103,105,107,108,109,111,113,115,124,126 "35";
36 96 1 0,3,5,7,10,13,15,18,19,21,24,27,28,29,32,34,40,42,49,53,55,57,59,60,62,64,69,71,74,76,79,81,83,85,89,91,94,95,98,100,101,103,104,106,109,110,112,114,115,117,119,123,126 "36";
37 61 1 2,4,13,16,25,30,34,36,37,51,56,59,63,64,70,85,87,91,93,95,109,111,116,121,124 "37";
38 112 0 1,24,33,38,58,64,68,71,77,78,82,85,92,100,104,115,124,126 "38";
39 39 0 5,7,8,10,14,15,19,20,27,31,34,36,40,41,42,44,46,47,50,51,55,56,60,61,65,67,70,73,74,76,80,86,89,90,91,93,95,97,98,102,104,109,111,112,115,120,121,123,125 "39";
40 106 0 19,21,28,30,31,38,40,67,72,77,80,81,92,103,104,115,126 "40";
41 35 0 1,7,11,21,40,47,50,51,53,63,64,65,69,74,75,82,87,106,121,126 "41";
42 126 1 3,23,25,29,32,41,47,52,55,57,59,63,66,70,74,75,78,79,81,84,86,88,92,96,109,110,116 "42";
43 3 1 0,2,6,7,9,14,15,16,19,21,22,25,27,30,33,36,39,42,44,45,47,48,50,51,53,56,59,61,62,64,67,68,70,73,74,76,77,79,80,85,89,91,97,98,103,104,105,108,110,112,115,123,124 "43";
44 81 0 10,30,41,42,66,70,71,81,89,92,101,109,112,119,124 "44";
45 34 0 0,2,3,7,9,11,14,16,18,21,22,25,26,28,30,33,35,37,40,46,48,49,50,52,53,54,56,59,61,66,67,68,70,73,75,77,78,85,87,88,90,91,92,94,96,100,102,108,110,115,117,119,126 "45";
46 104 0 0,3,6,8,10,12,16,19,21,23,24,25,27,28,29,31,33,37,40,42,43,45,48,52,53,54,56,60,61,63,64,66,68,70,72,74,76,78,82,88,89,90,92,93,95,96,98,99,102,103,104,107,111,113,117,119,120,123,125,126 "46";
47 27 1 0,2,4,6,7,10,15,16,18,19,20,21,24,27,28,30,35,37,39,41,43,45,46,47,49,52,54,55,57,60,61,62,63,67,72,74,77,79,80,82,87,89,94,95,97,98,100,102,103,105,106,108,109,110,114,115,117,120,121,122,124 "47";
48 107 1 3,4,6,7,10,13,14,18,20,22,26,35,47,55,57,59,61,64,66,68,72,79,81,84,87,89,92,95,96,100,103,105,108,110,115,119,120 "48";
49 120 1 4,8,16,21,25,26,30,37,40,46,55,56,59,68,72,79,83,84,86,97,102,110,120,123 "49";
50 8 0 4,16,29,68,70,72,77,94,96,100,114 "50";
51 104 1 0,1,2,3,5,7,10,11,12,14,15,16,19,20,21,24,28,32,35,37,39,40,42,44,46,48,52,54,56,58,60,62,64,65,68,72,73,75,78,80,81,86,87,90,92,96,98,100,101,103,104,108,110,112,115,116,121,122,123,124 "51";
52 1 0 1,5,6,8,10,11,14,15,19,22,24,27,29,32,33,35,36,40,43,46,48,49,51,52,55,58,60,61,62,64,66,69,71,73,76,77,78,80,81,83,85,86,89,94,95,97,99,101,103,104,105,109,110,111,113,114,116,118,121,122,124,125 "52";
53 12 1 0,2,3,5,6,9,14,15,19,20,21,23,25,27,28,29,32,35,38,39,41,45,46,48,50,54,55,60,61,63,64,66,68,69,71,74,78,83,86,88,89,91,93,94,99,101,102,104,106,108,110,112,113,115,117,119,122,124 "53";
54 103 1 12,17,26,31,37,39,42,45,52,56,58,82,89,95,103,112 "54";
55 13 0 1,4,7,12,13,16,19,21,23,26,28,30,33,34,36,38,43,46,47,49,52,57,59,60,62,64,65,66,69,70,72,75,77,82,83,85,87,89,90,92,93,97,98,101,104,105,107,110,111,114,116,118,119,120,121,122,125,126 "55";
56 8 1 0,2,8,11,13,15,19,25,28,29,30,32,33,36,39,43,45,47,48,50,52,55,60,63,64,65,67,68,71,73,78,82,89,91,93,95,96,98,100,104,106,108,113,114,118,119,120,124 "56";
57 35 1 1,7,15,17,22,26,27,33,35,37,39,45,51,57,58,60,61,64,66,68,75,78,80,86,97,102,112,120 "57";
58 39 1 1,3,5,7,9,13,15,18,20,24,25,27,32,34,35,37,39,41,42,44,46,48,54,57,59,69,72,74,76,79,81,85,87,90,92,96,97,99,101,103,109,111,114,123,124,126 "58";
59 13 0 7,13,15,17,22,28,36,37,38,41,47,52,68,70,73,74,80,83,87,89,90,92,96,103,110,118,125 "59";
60 21 1 0,3,6,7,10,12,15,19,22,26,38,44,50,52,54,55,58,61,65,67,70,71,73,80,83,84,88,94,98,101,102,106,120 "60";
61 47 1 0,4,8,12,15,18,21,22,23,27,29,33,35,38,42,50,56,68,70,72,76,77,80,85,92,97,100,102,104,111,113,114,116,123 "61";
62 109 0 0,2,10,14,17,22,24,25,27,29,30,34,38,42,46,47,52,57,58,59,60,63,66,68,69,79,81,84,85,90,92,93,94,98,103,105,108,110,111,115,121,124 "62";
63 1 1 11,16,36,44,51,55,68,71,73,83,87,101,103,119,125 "63";
64 127 1 0,2,3,6,8,10,13,15,18,21,24,25,28,29,31,32,34,35,37,38,42,45,47,49,52,56,57,58,62,65,67,69,71,73,74,75,77,79,80,83,85,86,88,92,93,94,95,97,98,100,102,105,106,109,111,112,113,115,118,120,121,125 "64";
65 53 1 2,8,9,17,18,22,23,27,32,40,41,42,44,47,50,51,55,57,61,62,69,70,72,75,78,83,89,92,94,96,99,100,102,105,107,108,111,113,115,116,118,120,121,124,126 "65";
66 106 0 3,6,14,17,24,26,34,39,41,46,53,54,59,60,69,80,82,84,85,86,90,101,104,108,112,116,124 "66";
67 112 1 0,2,4,6,10,14,15,19,21,25,30,32,41,49,52,54,57,59,63,68,78,86,87,92,105,112,116,121,123,125,126 "67";
68 90 1 3,11,15,18,23,25,29,30,32,37,40,42,43,45,47,48,52,53,56,59,64,66,68,76,77,78,81,82,84,86,92,93,97,99,101,104,106,110,112,115,122,124 "68";
69 89 0 2,4,5,9,11,13,15,16,18,19,22,24,25,26,29,30,33,36,38,40,43,46,49,51,53,54,56,57,59,60,62,64,65,67,68,70,71,79,80,82,87,89,90,92,93,94,98,100,101,104,105,106,107,108,110,112,114,116,120,122,123 "69";
70 116 0 40,90,126 "70";
71 35 0 0,2,9,12,14,35,49,58,68,72,75,76,86,99,104,106,113 "71";
72 54 0 4,6,14,19,20,23,30,35,37,42,43,44,47,53,55,57,58,60,69,72,75,79,82,84,88,94,99,112,116,122,123,124,125 "72";
73 94 0 5,10,16,27,35,36,38,40,41,49,50,55,58,66,68,76,81,85,89,94,97,112,113,124 "73";
74 27 0 5,7,14,17,26,34,38,41,45,63,78,84,86,94,107,111,123,126 "74";
75 75 1 1,4,6,8,13,17,18,19,23,24,26,28,33,34,37,38,41,43,45,47,49,51,54,56,57,58,61,64,67,68,71,76,80,82,87,90,95,100,105,107,113,115,120,122,123,125 "75";
76 36 1 1,3,4,9,11,13,14,19,21,25,27,28,29,31,32,37,41,43,44,45,47,49,50,53,55,56,58,59,62,66,67,71,73,74,76,77,83,85,86,88,89,92,94,95,97,98,100,102,104,107,108,112,114,115,117,119,122,125 "76";
77 44 0 1,3,5,8,11,18,19,21,23,25,27,29,31,33,34,36,37,42,51,53,56,57,58,60,62,63,65,67,69,70,74,77,82,83,89,94,95,99,102,103,105,121,124 "77";
78 71 1 7,15,22,27,37,45,53,75,81,82,83,88,89,91,96,99,108,114,116 "78";
79 61 0 1,3,4,7,10,11,13,16,19,22,23,27,28,32,33,36,39,40,42,43,45,47,48,50,52,53,57,59,60,62,63,64,65,67,71,73,74,76,78,80,82,84,86,92,94,95,98,99,103,104,106,110,111,113,117,119,121,125 "79";
80 82 1 0,11,13,19,33,38,61,62,64,87,96,100,102,108,112,117,122,126 "80";
81 57 1 1,7,13,22,26,28,39,43,49,51,53,62,66,71,98,108,116,121 "81";
82 92 0 0,15,18,21,23,26,31,36,37,46,50,51,54,66,68,71,75,77,90,96,114,124 "82";
83 35 1 0,1,3,4,5,6,7,9,11,13,15,16,17,18,20,21,23,25,26,28,29,31,32,36,39,42,43,45,46,48,50,53,54,56,57,59,61,62,68,73,80,81,82,84,86,89,90,93,94,96,98,101,102,105,111,114,116,118,119,124,126 "83";
84 117 1 1,4,11,22,28,29,31,33,46,47,49,62,69,73,76,79,84,92,107,113,115,122,125 "84";
85 103 1 7,25,30,33,79,81,84,92 "85";
86 41 0 42,83,85,112 "86";
87 43 0 6,11,19,28,38,39,46,75,84,94,98,101,107,108,111,121 "87";
88 39 1 0,6,11,16,17,19,25,28,32,35,36,40,43,46,48,51,54,66,68,70,71,73,74,80,85,93,98,100,102,104,107,110,114,116,124 "88";
89 65 0 1,2,6,8,12,13,16,19,22,24,26,30,31,40,43,44,46,48,49,50,51,52,64,65,70,72,75,79,81,82,85,90,93,94,96,99,100,103,105,109,113,115,119,122,124 "89";
90 98 1 1,2,7,9,10,11,13,15,17,19,21,23,25,29,33,36,38,41,42,45,47,48,49,57,59,61,62,66,67,69,70,76,78,79,82,83,86,90,94,97,98,100,102,106,111,112,114,115,117,119,121,124,126 "90";
91 88 1 0,2,3,6,12,15,20,25,26,27,33,36,39,41,42,47,53,59,61,63,65,67,71,80,88,90,92,94,100,105,108,116,117,119,121,123 "91";
92 118 0 13,26,39,45,65,69,74,84,105,106,119,122 "92";
93 97 1 0,1,2,4,6,8,10,11,12,15,19,21,23,25,29,31,35,36,38,39,41,47,49,51,53,56,57,59,61,63,64,69,76,78,85,87,88,92,93,95,97,98,99,102,103,106,109,110,112,114,116,118,119,121,122,125 "93";
94 101 0 13,19,25,69,74,80,94,96,101,123 "94";
95 46 0 2,9,17,19,26,39,42,51,52,61,63,72,74,75,83,84,94,123,126 "95";
96 80 0 5,6,9,19,23,24,29,32,35,40,44,50,51,55,57,65,69,73,75,80,82,87,90,94,98,102,105,110,114,116,118,121,123 "96";
97 58 1 0,1,3,6,8,11,12,14,15,16,20,22,23,30,44,45,50,56,58,60,61,65,67,73,76,77,82,85,89,91,94,97,100,102,105,107,109,116,117,122,123,126 "97";
98 33 1 4,5,9,21,24,29,34,36,38,40,44,48,50,54,57,64,66,71,73,76,78,80,82,84,85,91,92,98,103,107,109,117,118,123 "98";
99 127 1 0,2,7,9,10,12,14,17,21,23,27,30,35,36,38,41,43,45,46,51,54,56,61,66,71,74,75,77,82,83,86,88,89,90,92,94,96,99,101,105,110,114,116 "99";
100 107 1 1,4,6,8,9,13,15,18,20,21,23,25,26,30,33,37,40,42,43,44,45,46,48,49,51,54,59,61,64,66,76,77,81,82,83,86,88,91,92,95,96,97,99,101,106,108,110,112,119,121,124,125 "100";
101 81 1 0,1,2,7,9,11,14,21,24,31,41,43,46,49,50,52,54,56,57,61,64,68,69,76,77,80,82,83,86,89,93,96,99,100,102,104,108,109,112,114,116,121 "101";
102 54 0 11,15,36,43,90,97,104 "102";
103 94 0 7,13,23,26,29,32,41,46,55,59,63,65,74,77,79,80,82,84,87,93,95,101,103,105,109,111,116,118,124 "103";
104 94 0 1,5,8,12,13,15,17,23,26,28,29,30,32,35,37,40,43,45,46,49,54,60,64,68,72,77,80,81,83,85,87,91,92,99,100,102,105,107,108,110,111,113,115,116,119,121,125 "104";
105 28 1 0,19,23,32,36,48,55,67,79,84,91,98,119,124 "105";
106 70 0 20,24,35,74,122 "106";
107 64 0 1,8,23,25,28,31,34,41,44,51,54,55,58,65,70,71,77,81,84,87,89,91,99,103,121,122 "107";
108 86 0 7,20,43,45,49,69,71,74,107,115,119,124 "108";
109 38 1 2,8,11,12,18,20,37,40,41,47,49,51,54,60,65,71,77,81,82,84,88,90,98,101,108,110,118,123,126 "109";
110 26 0 1,5,9,29,32,37,40,42,52,54,65,70,75,95,98,100,102,116,123 "110";
111 89 0 3,7,12,17,18,27,30,31,35,39,40,45,50,56,70,76,90,91,94,96,99,106,113,116,119,122,124 "111";
112 56 0 1,2,6,7,9,10,15,19,23,25,28,31,33,35,36,37,40,42,44,47,49,50,51,53,55,57,59,63,64,66,67,69,70,73,74,76,79,81,83,84,87,93,95,96,102,103,106,110,112,113,114,116,118,119,120,122,124,125 "112";
113 57 0 1,3,4,7,11,18,24,30,35,36,44,46,51,57,62,73,78,83,85,89,98,103,107,114,124 "113";
114 54 1 1,4,6,8,10,11,14,15,17,20,21,25,28,30,33,34,37,43,44,47,49,51,52,54,56,58,64,65,66,69,76,80,82,87,89,93,97,103,107,109,111,117,119,121 "114";
115 15 0 1,6,7,14,22,23,25,27,28,30,40,42,44,45,49,50,52,55,58,60,62,69,73,76,78,79,81,84,86,91,93,95,97,103,109,111,117,122,123,124 "115";
116 31 1 0,30,31,40,45,48,55,72,78,88,93,97,101,114,119,125 "116";
117 7 1 0,10,14,19,22,25,30,35,36,40,43,46,48,50,57,58,63,67,70,76,79,85,88,91,93,97,99,101,110,114,117,119,120,122,124,125 "117";
118 49 1 0,1,3,6,9,11,12,14,15,16,18,19,25,26,30,32,34,35,36,39,41,44,46,47,51,53,55,56,58,60,61,64,67,71,74,75,80,81,83,85,86,87,89,91,94,96,99,101,102,104,106,107,109,110,111,116,117,118,120,121,122,123,124,125 "118";
119 10 0 1,4,30,36,51,53,58,121 "119";
120 118 0 0,17,28,30,32,37,49,58,64,66,79,83,88,92,97,104,111,120,124 "120";
121 89 1 12,14,22,30,37,46,55,63,67,70,74,78,88,89,100 "121";
122 82 0 0,1,3,6,8,12,13,17,19,20,21,24,29,36,39,41,42,47,50,52,55,57,60,62,64,65,67,69,72,76,78,79,80,84,87,89,90,91,92,94,96,97,100,102,104,107,108,110,112,114,115,122,125 "122";
123 23 1 0,2,7,10,14,17,19,21,22,24,25,27,31,33,36,38,40,43,44,46,51,53,56,57,59,60,62,63,64,65,67,69,71,73,78,79,81,82,85,86,89,91,92,94,96,98,99,101,103,105,110,111,113,114,116,118,120,121,122,124,126 "123";
124 28 1 3,5,8,11,14,15,17,18,20,25,28,31,34,36,40,42,44,45,48,49,55,57,58,61,64,66,68,71,73,74,76,79,82,86,87,91,94,98,99,100,102,103,104,106,109,111,114,115,117,119,120,122,124 "124";
125 96 0 6,13,15,17,21,38,40,42,43,46,56,62,65,70,77,83,85,87,90,94,96,98,104,105,107,110,111,112,114,116,118,120,121,125,126 "125";
126 23 1 2,4,10,13,18,26,29,30,35,42,44,49,57,58,60,65,73,78,80,81,82,84,93,94,99,103,114,117,119,121,125 "126";
