parity 31;
0 30 1 2,3,5,8,20 "0";
1 20 0 3,16,22,31 "1";
2 11 0 0,3,7,11,15,17,20,23,25,29,30 "2";
3 10 0 0,2,3,5,7,18,23,28,29,31 "3";
4 7 0 23,26 "4";
5 7 1 0,1,3,6,8,12,13,15,18,19,21,23,25,28,29,31 "5";
6 20 1 0,2,3,5,8,16,17,20,21,26,30 "6";
7 24 0 3,6,10,12,21,22,24,25 "7";
8 25 0 1,10,16,23,29 "8";
9 32 0 19,22,30 "9";
10 24 0 1,2,5,11,19,24,27 "10";
11 5 1 3,5,6,8,9,10,13,20,21,24,27,28,30 "11";
12 8 0 24,26 "12";
13 2 0 5,9,16 "13";
14 6 1 3,7,11,13,15,17,20,24,26,28,29,31 "14";
15 15 1 4,14,16,19,22,25 "15";
16 0 1 6,10,12,16,18,24,31 "16";
17 14 1 0,4,6,10,12,13,14,15,19,22,23,24,26,27,30,31 "17";
18 15 0 0,1,2,3,5,9,14,16,17,22,26,27 "18";
19 7 0 0,1,4,5,8,11,13,15,16,19,20,25,27,30 "19";
20 16 1 16,19,24,31 "20";
21 6 0 16 "21";
22 31 0 1,4,6,7,9,10,12,14,16,18,21,23,24,26,27,29 "22";
23 12 1 2,3,5,10,13,14,16,19,22,28,30 "23";
24 13 0 1,3,4,6,7,9,11,15,17,20,22,24,25,26,29,31 "24";
25 29 0 1,2,5,7,9,11,15,16,18,21,26,28,29 "25";
26 24 1 0,2,9,15,18,20,21,23,24,26,29,31 "26";
27 19 0 0,1,3,4,5,6,8,10,12,14,15,17,22,26,31 "27";
28 28 0 0,2,4,5,11,13,14,18,21,25,28,30 "28";
29 13 0 0,5,9,12,16,18,24,25 "29";
30 29 1 24 "30";
31 10 1 1,3,6,8,10,13,16,19,20,27,31 "31";
