parity 125;
0 14 1 0,1,3,6,7,9,11,13,14,16,20,21,24,29,31,35,36,39,40,42,43,45,46,48,49,53,55,56,58,65,66,68,70,72,73,74,76,80,82,83,84,86,87,88,89,91,92,93,95,97,99,101,102,104,106,108,109,111,114,115,120,123,125 "0";
1 5 1 1,2,6,9,12,14,17,21,22,23,24,27,29,30,31,34,35,37,38,41,43,44,46,49,54,55,56,57,60,61,63,64,66,68,70,71,74,79,80,82,87,89,90,93,94,95,96,100,102,104,105,106,107,109,111,112,115,117,119,122,124 "1";
2 126 0 15,26,38,44,73,75,77,81,82,85,89,96,99,122,123 "2";
3 53 1 8,20,43,46,48,49,51,55,61,65,76,84,92,94,101,104,111,115,121 "3";
4 89 1 1,3,4,6,9,11,12,20,22,24,26,28,30,33,37,40,41,42,43,45,47,49,51,52,54,56,58,60,61,68,70,72,73,77,80,82,83,84,86,89,91,93,95,98,100,102,103,105,107,109,110,112,115,117,118,121,122,123,124,125 "4";
5 51 0 2,5,11,14,20,23,27,29,32,48,50,55,61,64,74,83,86,92,94,101,106,113,118,120 "5";
6 49 1 0,5,11,13,15,18,20,22,25,28,33,34,37,42,43,46,47,49,51,55,59,60,63,66,68,71,73,76,83,87,92,95,100,104,106,107,110,113,118,121,123 "6";
7 57 0 0,1,3,4,5,7,8,12,13,14,17,18,23,24,25,27,30,31,32,39,41,43,45,46,48,49,51,54,56,58,60,62,63,66,70,71,72,73,75,76,77,81,84,85,88,89,90,92,94,98,102,103,105,107,108,109,112,114,115,117,119,123,125 "7";
8 18 0 1,4,5,9,11,12,15,16,17,19,23,24,25,26,29,31,34,37,39,43,45,47,51,54,55,56,58,60,61,63,64,66,67,69,71,72,74,76,79,80,81,84,85,87,89,91,94,97,102,103,105,106,111,112,114,116,119,121,124,125 "8";
9 16 1 5,38,48,50,56,59,78,84,87,95,103,109,110,118,124 "9";
10 0 1 3,4,5,8,22,31,37,40,45,48,50,65,67,69,73,78,80,84,85,91,95,98,100,104,107,110,116,120,121 "10";
11 64 1 0,2,5,6,9,11,13,16,17,18,25,27,30,31,34,36,37,39,41,43,44,46,48,50,52,54,59,64,66,73,75,76,77,81,82,84,89,93,94,97,99,100,104,107,108,110,116,117,119,120,123,125 "11";
12 91 0 2,8,10,11,12,17,20,21,23,27,28,29,31,35,39,47,48,50,54,58,62,68,73,79,82,84,88,91,94,101,103,107,111,115,116,119,124,125 "12";
13 99 1 0,12,13,15,22,27,29,30,32,37,44,46,49,50,52,54,59,63,72,74,79,80,83,85,89,95,97,105,108,113,119,121,125 "13";
14 97 1 13,23,55,58,61,74,84,85,93,121,122 "14";
15 56 0 0,2,5,8,10,11,12,14,16,20,28,32,38,46,47,50,53,55,61,64,66,67,72,76,78,81,90,93,94,97,99,102,111,113,122,124 "15";
16 46 1 9,13,16,25,33,36,38,42,43,46,54,67,68,73,76,79,82,85,95,97,100,116,122 "16";
17 69 0 0,3,7,12,13,15,16,22,25,31,35,37,40,48,51,53,61,67,74,78,85,87,91,94,95,99,100,103,107,111,117,119 "17";
18 101 0 0,4,6,7,10,11,14,16,18,19,25,29,35,39,40,41,45,47,50,53,55,57,59,61,63,65,67,69,70,72,73,81,82,92,94,98,101,102,103,105,106,112,115,116,120,122,123 "18";
19 66 1 1,7,13,32,33,43,45,52,75,79,83,102,109 "19";
20 88 1 1,7,17,22,30,43,52,61,62,78,82,88,89,92,111,115,120 "20";
21 109 0 71,72,114 "21";
22 124 1 3,4,6,14,23,25,32,35,42,44,45,46,49,62,64,66,68,71,76,79,83,87,90,91,97,103,105,109,112,115,117,123 "22";
23 17 1 2,4,8,10,14,16,24,26,28,30,33,36,47,51,58,72,76,78,90,101,104,106,109,111,119,123,125 "23";
24 70 0 0,2,3,5,7,9,11,13,14,17,20,24,27,32,35,36,37,40,42,43,46,48,51,53,57,61,62,64,66,69,71,75,76,78,81,82,86,89,90,93,98,100,102,107,112,114,115,117,118,125 "24";
25 66 1 0,3,4,10,12,20,27,30,31,33,37,41,44,49,56,57,65,68,72,73,74,85,88,89,90,97,98,104,105,108,112,116,120,125 "25";
26 83 0 0,2,5,7,9,10,14,16,18,19,22,24,25,28,30,35,38,40,42,47,48,49,50,52,54,55,57,61,64,67,68,70,73,77,79,81,84,87,89,94,98,100,102,104,105,110,112,113,115,116,118,119,121,124,125 "26";
27 42 0 9,12,18,27,28,32,34,37,41,45,49,54,83,85,87,97,103,104,107,109,119,124 "27";
28 44 0 0,2,4,10,13,16,18,29,32,45,49,52,56,59,64,66,79,91,117,122 "28";
29 4 0 3,4,6,10,13,15,16,18,29,32,37,42,49,55,60,61,64,70,74,78,79,82,88,89,93,95,99,100,102,104,105,108,112,113,115,120,123 "29";
30 47 1 0,2,5,8,10,12,13,16,19,20,22,25,28,34,35,36,39,41,42,46,50,54,55,56,57,59,61,62,64,67,70,71,72,75,80,83,84,87,95,97,99,102,105,107,109,114,115,117,118,121,123,124,125 "30";
31 31 1 0,2,4,5,8,10,11,13,21,24,26,28,34,36,40,44,46,50,51,52,53,60,61,62,64,68,69,73,74,76,78,80,81,83,84,86,87,89,93,96,101,105,107,110,111,114,115,118,121,124,125 "31";
32 56 0 4,13,30,48,55,101,125 "32";
33 20 0 0,2,3,5,12,16,19,26,39,52,56,61,65,77,81,101,120 "33";
34 46 1 4,13,20,27,35,37,38,40,49,64,67,70,76,79,85,97,109,110,116 "34";
35 50 0 4,11,12,16,18,22,23,31,37,45,47,51,52,57,66,71,73,77,82,87,89,91,94,96,104,109,113,115,118,121 "35";
36 37 1 0,2,4,6,11,14,15,16,19,22,25,27,29,30,34,35,36,37,38,40,44,45,46,47,49,52,57,59,60,63,65,66,69,72,74,77,79,80,81,83,84,85,88,90,93,97,99,100,102,104,105,107,108,109,110,111,113,115,116,117,120,124 "36";
37 123 1 2,6,9,13,15,19,29,36,39,49,50,60,62,64,70,72,78,83,92,95,100,112,119,121 "37";
38 96 0 0,2,3,6,8,9,14,15,17,19,20,21,25,27,30,34,35,40,43,44,49,51,52,56,60,61,63,66,68,69,70,72,74,79,85,86,87,94,96,98,101,103,104,106,108,112,114,115,117,121,123,124,125 "38";
39 102 0 1,8,10,11,15,17,26,30,33,50,54,56,69,75,84,90,92,94,96,100,106,111,115,119 "39";
40 86 1 8,10,13,16,18,19,23,28,33,35,37,39,43,44,52,53,55,56,62,67,70,72,74,77,78,87,91,95,97,103,107,109,113,115,118,120 "40";
41 92 1 6,8,13,18,24,34,38,41,53,65,78,86,87,91,100,112,117,122 "41";
42 48 0 2,8,9,11,15,18,21,23,28,34,35,39,42,45,47,51,57,62,64,65,66,67,72,75,83,85,87,91,97,99,102,104,106,108,110,113,115,122 "42";
43 38 1 1,7,19,22,25,32,35,37,38,48,49,51,56,59,66,71,91,100,103,106,109,118,121 "43";
44 106 1 1,7,30,32,46,50,67,72,81,99,107,113,123 "44";
45 84 1 2,4,6,9,13,18,20,23,24,26,27,31,37,38,41,45,47,49,52,54,59,62,66,68,70,73,74,76,77,78,87,88,93,97,100,101,105,106,108,109,111,113,117 "45";
46 6 1 2,5,6,8,11,12,14,17,19,21,23,26,29,30,32,33,36,39,42,44,47,48,50,52,53,56,58,59,62,63,64,66,67,68,70,73,75,77,79,80,82,84,85,89,92,94,96,97,99,100,101,103,104,105,107,110,114,116,118,119,120,122,123 "46";
47 82 1 1,2,3,4,6,7,10,12,16,17,21,23,24,28,32,34,37,40,42,45,46,50,51,52,54,56,59,61,62,65,67,72,73,75,77,83,84,85,86,89,91,96,97,100,108,111,112,115,117,120,123,125 "47";
48 88 0 3,6,8,10,14,18,19,21,24,26,28,31,33,34,38,40,42,45,46,48,52,54,55,56,59,61,65,66,68,71,75,78,80,83,84,85,87,89,90,92,93,94,95,97,99,100,101,104,105,108,111,115,120,123,124 "48";
49 58 1 35,64,68,76,86,100,106 "49";
50 94 0 0,2,4,7,10,12,14,16,21,24,25,27,30,31,33,35,38,41,45,47,49,54,56,59,60,64,65,70,74,76,78,80,90,91,93,94,95,100,101,103,105,107,110,111,115,120 "50";
51 113 0 5,69,73 "51";
52 78 1 2,3,4,6,9,11,13,14,15,19,20,22,25,26,29,30,33,35,37,39,40,42,44,46,48,50,56,58,59,62,64,65,66,69,70,71,73,75,77,79,80,82,84,87,89,90,92,95,96,99,102,107,109,111,114,116,117,120,122,125 "52";
53 1 1 7,13,15,20,21,22,25,30,32,35,37,39,44,46,47,49,51,53,55,56,57,60,65,67,74,83,87,89,93,95,98,100,102,104,105,118,122,124 "53";
54 0 1 0,2,3,4,8,10,14,15,17,21,22,24,29,30,31,32,35,38,41,47,49,50,52,53,56,57,59,60,61,63,66,68,70,72,73,74,75,77,79,82,87,89,91,94,98,99,101,104,105,107,109,114,117,118,119,120,122,123,125 "54";
55 51 1 0,3,6,8,10,18,22,24,27,30,32,33,34,36,37,39,42,43,45,47,48,50,54,55,59,61,67,69,71,72,74,76,77,79,80,82,84,85,87,90,91,93,94,96,100,104,105,108,110,111,113,115,117,120,123 "55";
56 64 0 5,7,22,28,32,36,43,49,51,54,61,63,71,74,78,83,84,91,94,103,105,109,110,117,119,121,124 "56";
57 2 1 2,10,12,13,22,26,30,31,34,40,44,50,54,62,66,72,82,86,100,103,110,113,118,125 "57";
58 125 1 20,25,102,105,124 "58";
59 72 1 0,3,5,7,10,12,14,15,17,18,20,23,25,28,30,31,33,35,37,38,41,43,44,45,46,48,50,54,56,58,61,64,65,68,69,71,73,74,78,81,82,84,85,87,88,91,93,95,96,101,103,104,106,108,110,112,113,116,123 "59";
60 103 0 0,2,8,12,18,28,31,34,35,37,39,55,60,63,71,94,97,98,101,106,108,118,122,124 "60";
61 89 0 0,4,6,8,10,12,14,16,18,19,21,24,28,30,32,34,35,38,41,42,45,47,54,55,56,58,61,65,72,74,82,84,85,87,89,90,92,95,101,102,103,107,109,112,113,117,123 "61";
62 71 0 5,7,17,21,26,30,31,34,36,44,46,47,48,50,51,52,55,60,65,68,69,70,72,75,76,82,83,86,91,94,96,105,106,107,109,110,112,113,118,119,120 "62";
63 56 1 4,18,19,95,116 "63";
64 10 1 63,69 "64";
65 68 0 0,2,6,32,36,44,51,59,60,73,74,84,93,112,122,124,125 "65";
66 105 1 1,4,5,6,8,11,12,18,23,25,29,32,37,39,42,43,45,48,50,58,61,64,65,68,70,72,78,80,82,89,90,91,94,95,97,98,101,103,105,111,114,119,120,122,124 "66";
67 13 1 1,4,11,28,35,37,38,41,49,50,57,59,62,65,66,72,79,86,87,92,95,109,112,118 "67";
68 47 0 10,14,22,30,34,37,40,42,51,54,56,63,65,67,71,77,84,87,91,97,102,104,106,109,112,115,123,124 "68";
69 16 1 3,9,11,13,16,18,20,23,25,26,32,37,39,41,42,43,45,48,52,56,58,59,62,65,67,69,70,71,74,75,77,79,81,83,85,87,95,97,105,109,110,114,119,120,124 "69";
70 1 1 4,9,10,13,21,34,38,43,49,51,52,54,63,73,84,85,94,95,98,100,102,107,108,113,116,120,121 "70";
71 29 0 0,5,11,16,24,28,31,36,41,50,51,62,66,68,69,72,73,74,78,87,92,94,106,115,117,122 "71";
72 33 1 4,6,7,8,12,17,26,29,35,36,38,43,44,53,67,68,72,75,86,88,98,106,109,111,121,124 "72";
73 91 0 3,4,6,10,16,18,22,28,29,33,34,40,42,51,53,56,59,64,70,97,104,106,108,111,112,114,116,119 "73";
74 44 0 1,5,6,8,11,13,19,25,26,28,32,36,39,40,42,43,46,50,53,56,59,61,63,64,65,68,71,73,78,81,83,85,87,89,91,93,99,100,102,108,111,112,113,115,117,122,123,124 "74";
75 87 1 0,1,3,4,6,8,9,11,13,14,15,16,19,21,23,25,28,29,30,33,35,37,40,43,46,47,53,54,55,57,63,64,66,68,73,75,77,80,84,88,90,91,93,94,98,99,100,102,103,108,109,112,113,115,117,120,122,123,125 "75";
76 85 0 13,16,26,28,31,35,43,61,76,86,92,98,118,121,124 "76";
77 115 0 7,8,12,14,24,31,34,40,43,46,50,55,62,69,72,76,82,92,96,98,104,106,111 "77";
78 66 1 28,50,54,96,103 "78";
79 15 0 3,6,7,9,11,15,19,26,29,31,33,37,39,41,44,46,48,49,51,53,55,56,63,67,69,77,79,82,84,86,88,91,94,101,105,106,108,109,112,113,116,118,119,120,125 "79";
80 103 0 1,7,10,13,15,16,17,20,21,23,24,26,29,31,32,34,36,38,41,45,47,48,50,52,55,58,62,64,67,68,73,80,84,85,86,88,91,92,96,98,99,101,103,105,106,109,111,114,117,120,122,124 "80";
81 94 0 0,2,6,8,10,11,13,15,19,20,21,23,25,26,31,36,38,40,43,48,49,51,54,57,63,64,69,73,75,82,83,85,88,92,95,100,102,104,106,107,109,111,112,113,114,120,121,124,125 "81";
82 98 0 0,7,8,9,12,15,16,18,20,22,26,28,30,32,36,38,41,42,44,45,48,49,50,53,54,59,61,64,66,68,70,73,75,78,79,83,85,86,88,90,92,96,103,105,106,108,111,113,117,120,123,125 "82";
83 60 1 2,4,9,11,20,23,26,29,32,37,40,45,47,50,51,59,64,65,71,73,75,80,83,84,86,91,93,94,98,104,108,112,117,118,121 "83";
84 67 0 33,34,40,52,57,64,88,97 "84";
85 44 1 0,3,5,6,8,10,12,13,15,17,20,22,23,25,26,28,32,33,36,40,41,43,45,46,48,50,52,54,55,59,62,67,68,72,74,75,77,81,82,83,87,90,91,93,94,100,101,103,105,107,111,113,115,116,118,120,123,125 "85";
86 38 1 1,12,13,15,19,25,30,35,36,39,44,51,52,56,65,72,78,80,83,84,90,100,103,106,108,115,116,118,119,123,125 "86";
87 62 0 2,6,18,45,61,84,94,112,118,121,122 "87";
88 100 1 1,2,8,12,14,19,21,24,27,30,34,37,39,42,45,48,56,58,62,67,70,76,78,79,83,85,88,90,93,97,98,105,110,113,121 "88";
89 100 1 0,5,6,8,9,11,12,14,15,22,23,25,27,28,31,32,36,38,40,43,44,48,49,51,54,56,58,63,68,69,72,73,75,78,79,80,84,85,87,88,92,93,95,97,101,102,105,107,108,111,112,114,117,119,122,124,125 "89";
90 43 1 1,10,14,19,21,25,27,30,32,35,40,42,44,49,50,54,59,76,82,83,89,91,94,95,97,100,101,103,105,109,111,114,118,123,124 "90";
91 18 0 10,13,33,36,38,41,51,55,75,79,82,86,89,93,95,96,100,101,105,113,114 "91";
92 21 1 2,5,7,11,13,19,21,23,27,30,31,33,36,39,40,42,45,46,48,51,54,56,57,61,66,68,70,72,73,75,78,79,80,83,86,88,91,93,96,98,100,102,105,109,111,112,122,123,125 "92";
93 98 1 0,2,3,5,7,10,12,14,23,28,29,32,34,38,42,44,50,53,56,59,64,68,69,73,74,76,77,79,81,82,83,85,89,90,96,97,98,102,104,105,107,108,111,113,114,117,120,121,124 "93";
94 37 1 1,3,5,7,8,11,12,15,19,20,23,25,29,32,36,37,43,45,46,48,50,51,54,56,58,63,65,66,69,70,74,75,79,83,84,87,90,92,93,96,98,100,103,105,107,110,111,112,114,117,121,123,124 "94";
95 66 1 0,1,3,5,7,15,16,17,19,20,22,23,24,29,31,33,36,37,39,40,42,43,48,50,52,55,57,58,60,66,69,71,73,74,78,80,82,84,86,88,90,91,95,96,97,99,100,101,103,105,106,110,115,117,118,119,120,121,124,125 "95";
96 52 1 5,23,25,29,49,52,75,84,92,99,104,109,121 "96";
97 0 1 0,5,7,9,13,16,19,21,22,27,31,33,36,37,40,43,47,48,50,53,54,56,58,60,63,66,67,74,78,84,85,86,88,90,91,93,99,104,107,112,118,120,123,125 "97";
98 85 0 0,5,7,14,23,28,33,36,40,42,46,75,77,81,88,96,115,118,119 "98";
99 99 0 0,2,3,4,7,10,13,15,19,21,24,29,37,45,46,50,54,57,64,72,74,75,76,79,81,83,99,101,105,118,120 "99";
100 61 1 3,8,20,24,28,33,42,49,51,56,71,74,76,78,79,82,86,92,95,98,103 "100";
101 118 1 9,20,35,40,60,61,63,71,82,91,107 "101";
102 91 0 6,25,26,29,43,47,53,56,63,77,106,108,111,113,121 "102";
103 56 0 0,4,6,11,17,20,23,31,34,36,43,55,61,63,67,70,76,77,78,80,87,93,95,102,107,110,113,115,118,119,124 "103";
104 3 0 0,1,6,13,18,21,22,23,33,41,45,47,53,55,60,61,63,66,76,84,92,96,97,102,111,118,122 "104";
105 19 1 2,11,12,16,20,21,25,29,32,33,36,39,40,41,44,48,51,53,54,57,59,63,65,66,68,70,71,72,74,76,79,84,87,93,97,99,105,106,107,108,110,111,114,116,122,123 "105";
106 4 0 7,19,21,32,40,42,47,50,56,61,63,66,67,68,74,79,81,89,94,100,105,119 "106";
107 109 1 1,18,26,27,41,52,86,118 "107";
108 126 0 9,14,15,22,31,32,37,44,46,51,53,54,58,69,70,72,74,80,84,88,97,103,105,113,115,118,119,121 "108";
109 7 1 48,71 "109";
110 125 0 3,7,8,11,15,21,22,24,25,30,31,33,37,40,41,44,45,47,48,51,52,53,54,57,58,59,61,63,64,67,71,73,75,77,82,84,86,88,89,90,92,93,96,99,101,102,104,108,109,111,116,118,119,120,123 "110";
111 63 0 12,23,40,48,69,84,96,100,107 "111";
112 110 0 0,4,6,9,10,12,13,16,17,19,21,23,24,26,28,30,32,33,35,36,37,39,42,46,50,56,60,62,65,70,75,77,79,82,86,88,90,94,97,98,102,103,104,106,109,111,112,113,116,118,120,121,125 "112";
113 29 0 2,6,8,12,23,24,33,40,42,49,56,58,67,72,77,80,81,84,86,87,94,96,101,104,109,110,113,118,120,123,125 "113";
114 50 0 0,1,3,4,7,9,10,13,17,19,23,25,26,28,31,32,35,37,38,40,41,47,49,51,53,55,58,60,62,66,68,70,73,74,76,78,81,82,83,88,92,98,100,101,105,107,108,110,112,113,114,118,120,121,122,124 "114";
115 119 1 1,6,9,11,12,14,16,17,20,26,31,35,38,42,44,47,51,53,55,57,60,62,63,65,67,68,70,71,74,76,78,79,80,81,83,85,86,90,93,96,99,101,102,105,106,108,111,116,117,119,121,125 "115";
116 119 1 30,62,87,98,104 "116";
117 79 0 0,2,3,5,9,10,14,16,17,19,21,24,26,29,34,35,37,40,43,44,47,48,58,61,62,65,68,72,74,76,78,79,80,82,84,85,88,90,93,95,98,99,101,103,104,107,109,110,112,115,119,122,124,125 "117";
118 92 1 0,3,6,7,13,14,16,18,19,21,22,24,26,28,29,32,36,41,42,47,49,52,54,55,62,65,67,69,70,72,74,76,79,83,84,85,87,88,90,96,98,99,100,102,103,107,108,109,112,114,115,117,118,122,125 "118";
119 38 0 6,8,9,11,13,16,18,21,23,24,27,28,29,31,34,36,37,38,39,40,42,43,45,46,50,51,53,54,56,57,59,62,68,70,71,72,75,77,80,81,86,88,90,92,93,94,96,97,98,101,103,104,106,107,109,112,113,114,116,117,119,123,125 "119";
120 1 1 22,30,102,116 "120";
121 17 1 0,3,8,12,15,17,18,20,22,24,29,31,33,35,36,37,40,41,46,48,50,52,54,58,62,64,66,71,74,79,81,84,89,91,92,95,97,109,110,112,115 "121";
122 121 1 19,21,27,28,44,52,74,86,95,106,111 "122";
123 18 1 0,4,8,12,17,18,22,27,28,30,35,37,38,41,43,46,49,52,55,59,62,64,70,78,80,81,82,84,86,88,90,92,95,96,97,99,100,102,104,108,111,116,119,120,121 "123";
124 32 1 28,42,46,50,54,64,70,72,87,90,95,96,99,112 "124";
125 23 1 31,41,43,68,71,86,87,111 "125";
