parity 179;
0 16 1 4,7,11,30,65,67,90,96,98,102,124,135,141,151,158,168,177 "0";
1 114 0 1,6,25,43,56,58,71,78,82,84,87,100,114,116,123,126,129,134,156,162,169,173 "1";
2 163 1 0,5,6,10,12,17,18,19,24,27,35,37,39,40,42,48,50,53,55,59,60,64,66,67,69,75,84,90,92,94,96,99,100,102,104,109,111,113,116,121,122,125,127,136,139,142,144,145,147,150,152,153,158,159,161,163,168,169,172,173,174,179 "2";
3 68 1 0,3,8,13,15,21,27,30,32,46,48,51,57,61,70,75,76,77,84,86,94,101,105,108,111,115,117,129,136,137,143,153,155,167,170,172,176 "3";
4 0 1 1,3,4,10,11,13,15,16,17,19,21,23,25,26,28,30,31,34,39,41,43,45,48,50,53,54,57,65,68,70,74,80,83,84,85,87,90,92,96,98,100,102,105,110,113,114,116,121,123,125,126,128,129,131,137,140,143,144,146,151,152,154,156,157,158,162,166,167,172,175,177 "4";
5 42 0 0,11,33,37,38,43,47,51,58,73,86,98,99,107,120,126,135,139,146,154,161,178 "5";
6 86 1 0,2,8,10,21,26,28,37,50,61,64,69,70,74,75,79,82,88,101,102,110,112,118,123,127,129,131,142,156,159,170,178 "6";
7 121 0 1,4,5,8,9,13,16,18,25,29,30,33,39,44,45,50,57,63,64,68,73,76,78,82,83,90,100,102,104,109,110,111,115,123,125,127,136,139,141,143,154,155,158,162,169,171,175,177,178 "7";
8 14 1 1,4,5,8,9,12,15,17,19,21,24,25,28,30,32,37,39,42,44,48,50,52,54,55,58,60,61,62,63,66,68,69,73,75,78,79,81,85,86,88,90,92,93,95,98,99,101,103,104,106,109,111,115,117,118,121,123,124,126,128,132,137,138,140,142,146,147,149,150,151,153,154,159,160,161,164,166,168,172,174,178 "8";
9 175 0 0,8,13,15,37,46,52,53,57,62,64,65,70,88,99,101,127,133,148,150,153,158,162,168,169,172,177 "9";
10 10 0 0,4,6,11,14,18,27,29,31,34,39,41,55,56,64,70,72,75,77,80,82,84,85,90,92,98,103,105,116,120,123,125,126,129,139,149,154,166,175,177 "10";
11 31 1 0,2,10,17,27,37,39,59,71,72,79,82,86,96,104,109,111,128,130,133,143,146,148,149,171,172,174,176 "11";
12 119 0 12,25,26,34,67,70,74,80,81,85,89,99,102,106,113,118,120,126,129,131,137,139,157,163,171,176,179 "12";
13 89 1 7,9,18,20,21,25,28,32,34,37,39,42,44,48,52,53,55,57,62,70,75,77,79,83,87,93,97,106,108,111,112,115,118,119,121,123,124,128,134,140,142,155,157,161,163,167,168,172,173,177,179 "13";
14 141 1 2,5,7,9,12,15,17,18,22,27,31,38,45,49,51,56,64,68,72,77,79,80,82,86,90,100,111,113,115,116,123,132,140,144,151,156,158,167,170,172,175 "14";
15 168 1 0,2,13,20,24,30,38,45,53,56,58,66,70,71,79,81,83,88,95,98,100,113,116,118,123,125,130,135,138,142,149,153,158,160,162,170,174 "15";
16 131 0 0,132,173 "16";
17 80 1 0,2,3,5,6,11,13,14,16,17,18,20,23,25,27,28,29,32,33,37,40,42,43,47,50,54,55,59,60,62,65,68,71,73,75,76,78,81,85,87,88,89,91,92,95,96,98,99,104,105,107,108,112,114,115,117,118,120,122,125,126,133,136,137,139,140,143,146,151,152,153,155,158,159,161,162,168,169,171,172,174,175,178 "17";
18 104 1 21,94 "18";
19 86 0 5,7,9,18,30,38,40,48,51,74,75,90,92,97,110,119,122,127,132,135,143,150,152,155,158,169,171,178 "19";
20 9 0 1,2,4,6,9,12,13,17,25,33,34,36,46,49,57,60,62,64,67,70,71,72,75,78,84,86,90,91,93,95,96,98,101,102,104,106,107,108,109,114,117,118,121,126,130,134,135,141,142,143,148,151,153,154,167,168,170,171,177,179 "20";
21 179 1 11,18,21,22,29,40,46,48,51,55,61,69,72,74,84,87,90,92,101,112,117,118,132,139,144,155,158,161,164,171,174,176 "21";
22 56 0 2,4,7,9,12,14,20,26,30,32,34,35,43,47,54,62,69,76,78,80,91,97,101,102,106,107,110,113,114,125,129,131,136,138,140,144,147,151,159,162,165,170,172 "22";
23 86 1 29,142 "23";
24 81 1 0,3,4,9,12,14,17,21,22,23,25,29,32,42,43,47,51,56,59,61,62,65,68,69,71,74,78,81,82,86,88,89,92,93,97,105,107,110,113,116,117,119,122,124,125,128,136,140,147,149,151,153,154,158,163,164,169,171,174,177,179 "24";
25 131 1 1,2,3,5,10,12,18,20,23,24,26,29,35,40,45,47,52,55,61,64,68,74,78,81,93,95,111,113,121,133,134,144,159,164,168 "25";
26 121 0 1,11,14,27,39,42,62,75,79,81,89,112,113,118,142,144,150,158,161,164 "26";
27 75 0 2,6,15,22,23,25,27,35,37,43,46,48,50,52,70,73,78,81,85,89,92,104,106,109,111,115,123,126,133,141,142,148,153,155,165,167,174,177 "27";
28 140 0 4,11,19,22,27,30,33,42,54,58,60,67,69,71,74,79,84,86,87,88,92,94,98,102,105,115,116,122,126,129,131,134,135,139,143,145,148,151,154,158,159,161,163,165,176 "28";
29 127 1 0,3,7,8,12,15,17,24,26,27,30,31,32,35,36,37,41,42,46,47,51,52,54,56,57,59,62,63,65,66,68,72,75,78,79,82,83,89,90,92,93,95,96,97,100,103,105,107,113,115,122,123,125,127,129,131,133,134,135,137,139,145,148,152,154,155,157,158,160,162,165,167,168,171,173,174,175,176,178,179 "29";
30 143 1 3,4,6,8,10,13,15,17,18,21,22,23,27,29,30,32,34,35,36,38,39,42,43,45,46,51,52,53,58,59,61,62,64,67,70,72,74,77,80,82,84,87,88,89,90,91,93,95,97,100,105,107,109,112,113,115,117,118,120,122,123,124,126,128,131,132,133,137,139,141,142,145,146,148,150,151,153,156,159,160,161,164,167,168,171,172,174,176,177,179 "30";
31 100 1 1,3,7,10,12,15,17,18,22,23,25,26,28,30,34,41,43,46,50,53,54,56,57,61,64,66,68,69,71,72,75,76,77,78,79,83,85,87,88,90,95,97,98,100,102,103,104,106,107,111,114,116,117,119,121,123,126,127,130,136,138,140,141,144,146,148,149,153,155,158,162,163,165,167,168,171,175 "31";
32 52 0 1,3,4,8,10,17,20,23,27,29,35,37,43,44,49,51,53,58,61,62,63,64,70,74,76,77,79,85,92,94,100,106,108,109,113,120,121,125,127,132,134,138,139,141,149,154,158,162,174,179 "32";
33 16 1 10,18,32,35,42,44,47,57,58,63,76,77,79,85,94,113,128,139,150,164,169 "33";
34 163 1 1,3,5,6,8,11,12,14,17,18,20,21,23,37,39,40,43,47,50,53,58,65,66,68,69,72,73,79,82,84,86,88,93,100,104,110,112,113,127,129,136,141,145,149,154,158,160,162,165,167,174,179 "34";
35 142 1 53,54,66,85,112,115,150,178 "35";
36 108 1 0,1,4,6,11,12,13,15,17,18,19,21,22,28,31,34,41,43,44,46,48,53,60,62,66,69,71,77,79,80,82,85,90,91,94,96,98,101,103,106,107,114,116,119,121,123,126,127,129,132,134,136,137,140,141,144,148,149,153,154,158,159,162,164,168,171,173,175,176,178 "36";
37 150 0 0,3,6,10,12,13,32,34,37,39,44,45,49,51,53,56,58,63,65,67,69,72,73,75,76,78,79,80,82,84,85,86,92,96,97,100,101,103,107,111,114,115,118,120,130,133,135,138,141,143,146,147,157,163,165,168,170 "37";
38 14 1 1,5,7,9,16,18,23,28,29,32,34,35,38,40,41,45,54,59,61,79,81,83,86,89,94,103,104,109,115,121,135,137,139,140,143,147,151,156,158,161,163,165,166,171,176 "38";
39 106 1 1,3,5,9,14,15,17,20,21,22,25,26,29,34,36,38,40,43,44,45,46,48,51,52,53,55,56,59,60,63,66,68,69,71,73,75,77,78,80,82,83,84,89,91,92,94,95,96,99,101,105,108,109,111,113,115,120,123,127,128,129,131,133,135,136,139,140,141,143,144,145,148,150,153,154,155,157,160,161,165,167,168,172,173,175,177,178 "39";
40 22 1 0,2,4,8,16,18,21,26,29,31,55,57,61,64,65,68,72,74,75,77,81,82,84,86,90,94,97,99,105,106,111,112,114,118,121,123,125,129,133,134,136,139,144,150,153,155,162,166,168,176,178 "40";
41 130 1 12,24,25,30,45,51,56,84,108,119,124,136,138,140,144,153,170 "41";
42 40 0 0,4,8,10,11,12,14,16,19,21,22,23,24,26,29,31,35,40,44,48,51,53,55,56,58,60,62,64,66,67,68,71,74,78,80,85,88,89,92,94,97,101,102,103,105,108,116,117,122,123,124,127,133,136,138,140,141,143,146,147,148,152,153,155,156,161,163,164,168,170,172,175,176,178 "42";
43 65 1 1,5,7,9,12,13,15,20,23,25,26,28,29,31,33,36,40,44,45,49,50,52,54,55,59,62,64,66,67,69,71,75,77,78,80,82,83,85,87,90,93,95,97,101,107,108,110,113,115,117,119,121,124,126,128,129,133,134,137,142,144,145,147,151,154,157,159,163,166,167,168,170,173,178 "43";
44 68 1 0,2,3,5,9,10,12,16,19,21,22,23,25,28,30,31,34,35,36,40,41,44,45,47,49,52,54,55,57,59,60,61,62,66,67,68,69,71,79,82,84,85,90,91,96,97,98,100,101,103,104,106,108,111,113,114,116,119,120,122,123,126,129,130,131,133,134,136,137,139,141,145,147,151,152,154,158,159,162,164,165,167,170,172,173,176,177,179 "44";
45 120 1 2,8,13,15,26,27,29,32,33,35,37,40,45,53,54,56,60,66,69,73,75,77,82,84,88,91,97,98,100,101,104,107,114,115,120,122,125,141,144,149,154,156,162,168,170,171,179 "45";
46 44 1 13,15,35,47,53,102,129,144,150,164,165,170,171 "46";
47 101 1 0,1,5,8,13,16,17,20,22,24,26,28,30,31,32,34,37,39,40,43,45,47,50,51,53,54,57,58,59,61,63,65,67,71,72,74,76,78,79,82,83,84,87,89,92,95,98,101,102,104,106,109,110,114,118,119,121,122,126,127,128,130,133,139,142,144,146,148,149,152,153,155,157,158,161,163,166,167,170,172,175,177,178 "47";
48 110 1 21,24,56,59,71,78,92,94,116,125,128,142,160,170 "48";
49 1 1 27,40,59,149,176 "49";
50 35 0 8,10,13,17,18,19,21,24,28,30,31,34,40,41,49,55,64,71,80,85,99,101,104,111,116,118,120,123,125,131,132,135,138,140,142,143,156,158,161,162,164,167 "50";
51 143 1 9,10,12,13,16,33,41,43,45,52,63,79,86,91,97,100,104,111,112,114,115,116,124,136,137,141,147,153,154,160,163,171,174,175,176,178 "51";
52 97 0 0,3,4,12,19,20,21,23,25,29,34,38,40,46,56,59,65,68,73,75,77,86,87,89,91,93,96,99,100,111,125,127,128,130,133,139,144,145,151,154,160,163,168,169,171,172,176 "52";
53 15 1 10,11,17,18,21,22,24,34,38,42,47,51,53,55,57,58,60,63,65,67,68,71,72,77,80,81,82,86,92,95,98,106,108,114,119,123,124,127,128,131,137,140,142,144,145,148,151,153,158,160,163,164,165,169,171,173,174,179 "53";
54 47 0 23,26,57,115,152,163 "54";
55 124 1 3,26,31,33,44,49,56,57,63,69,86,96,122,130,134,146,156,167,178 "55";
56 43 1 2,7,13,15,17,26,29,31,34,38,39,43,62,66,69,71,74,75,82,89,110,114,120,130,137,139,142,147,150,155,161,167,170,174 "56";
57 90 0 0,6,8,11,16,17,19,21,23,26,28,29,34,35,41,42,49,52,53,59,61,63,75,77,82,88,91,96,97,100,103,115,117,127,131,133,135,140,144,145,152,163,165,166,171,173,177,179 "57";
58 5 0 0,1,3,4,8,9,11,13,15,16,17,19,20,21,22,24,28,30,32,33,34,40,42,45,47,49,52,53,54,56,57,59,60,61,67,69,72,75,77,78,81,83,85,87,93,94,96,97,98,99,101,102,105,106,107,110,112,114,116,118,122,124,125,126,129,134,138,140,141,142,144,146,150,151,152,155,157,158,161,163,164,166,167,168,170,172,175,178,179 "58";
59 64 1 9,14,17,23,26,29,31,39,46,49,53,54,67,69,71,87,93,94,99,102,104,110,113,117,123,124,128,144,150,170,173,175,178 "59";
60 119 1 15,36,42,49,66,69,70,118,120,137,140,143 "60";
61 81 0 3,35,44,46,50,51,57,60,67,70,78,80,84,87,90,94,99,101,109,120,126,130,149,152,155,166,169,170,173 "61";
62 4 0 54,89,106,160 "62";
63 27 0 2,9,10,14,19,21,24,25,27,29,34,35,37,39,43,45,46,48,49,52,55,57,58,59,62,64,66,69,71,73,75,77,81,83,91,95,99,103,105,109,112,116,117,119,121,123,125,127,128,129,133,137,141,143,145,146,147,149,151,152,154,155,158,166,168,170,175,177 "63";
64 72 1 0,2,5,6,9,11,12,15,17,18,22,24,27,28,30,32,41,43,46,47,50,53,55,58,60,61,64,66,70,71,73,77,78,79,82,83,85,87,91,93,94,97,101,103,104,106,109,110,112,117,118,119,121,123,125,126,135,136,139,140,145,151,153,156,159,160,161,163,164,169,175,177,179 "64";
65 105 1 1,8,14,17,19,28,32,33,46,55,58,59,63,71,73,79,82,83,88,100,103,105,107,109,110,116,118,122,125,127,133,135,154,161,165,166,179 "65";
66 166 0 0,3,4,6,7,9,10,11,13,14,17,19,20,21,23,24,26,28,30,32,34,36,38,40,42,43,45,47,48,50,53,55,57,61,64,65,67,69,73,76,80,85,86,87,89,90,93,94,97,99,101,103,105,109,112,115,118,120,122,124,126,128,131,133,135,143,145,148,150,151,153,156,158,160,162,165,170,172,173,175 "66";
67 18 1 4,12,15,19,28,31,32,38,45,55,62,68,72,75,78,80,83,87,90,95,102,116,123,127,128,136,144,146,148,153,162,170,172,177 "67";
68 35 1 34,40,58,69,76,88 "68";
69 15 0 5,10,12,13,26,42,44,49,55,62,70,78,80,83,85,95,103,105,106,108,109,111,121,129,131,138,142,158,161,164,169 "69";
70 34 1 7,10,14,18,21,23,24,30,34,37,43,47,49,53,55,56,60,61,73,75,80,82,89,91,94,99,104,107,108,110,113,116,117,120,122,124,126,130,136,138,140,142,147,150,156,159,169,173,174,178,179 "70";
71 106 0 1,3,5,17,20,32,52,66,79,82,90,100,103,111,121,124,129,131,138,143,161,165,170,172 "71";
72 70 0 10,23,25,33,40,42,54,65,70,72,81,82,87,108,111,113,126,143,147,148,150,153,157,161,166 "72";
73 104 1 1,4,8,13,14,18,20,26,28,31,39,41,42,45,47,51,55,57,59,60,63,64,66,68,70,72,73,75,78,83,88,89,91,93,98,100,101,102,104,107,109,114,116,120,122,123,125,126,131,132,135,137,139,142,147,148,149,152,156,159,160,166,168,172,174,177 "73";
74 7 1 0,1,3,4,6,9,10,12,13,14,19,20,23,24,25,28,31,32,38,39,42,48,50,54,56,59,62,63,68,71,73,75,77,82,87,91,94,97,101,102,104,105,107,109,110,112,114,115,116,122,123,126,129,134,137,141,147,149,152,154,155,157,158,161,164,168,170,173,176,179 "74";
75 172 0 2,4,5,6,10,13,14,16,20,24,28,31,37,38,40,43,50,56,58,59,61,62,64,66,67,73,74,76,77,78,83,89,90,92,94,95,98,99,102,103,106,108,110,111,112,115,117,118,119,122,123,125,128,129,131,133,136,138,140,144,146,147,149,152,154,160,162,164,167,171,178 "75";
76 67 1 0,2,9,10,12,14,15,16,21,23,24,29,30,34,36,40,42,45,50,58,62,66,68,69,71,72,75,77,80,81,85,87,90,91,95,96,98,99,102,103,104,106,107,110,111,113,114,117,119,121,126,129,132,133,136,137,138,144,146,147,153,155,157,158,162,165,166,168,170,172,175,176 "76";
77 79 0 2,13,16,23,33,37,38,52,55,60,64,80,84,88,91,95,96,111,112,117,128,130,138,141,149,151,152,157,164,171,175,179 "77";
78 137 0 0,4,8,10,13,15,18,19,20,23,24,31,32,33,35,37,39,43,46,51,52,58,59,62,63,67,69,71,73,75,76,78,80,82,83,85,86,88,90,92,93,95,97,99,103,105,107,109,111,114,115,118,119,125,126,128,131,132,135,137,138,142,144,145,147,148,150,151,155,156,158,159,161,163,164,166,167,168,170,171,175,179 "78";
79 152 1 0,2,4,5,7,8,10,12,13,16,17,18,21,23,26,27,30,33,39,42,43,45,47,49,51,55,58,60,62,63,66,69,71,73,74,76,77,81,83,87,88,89,90,92,95,101,103,107,108,110,113,115,117,119,123,126,128,129,131,133,134,136,139,141,142,144,145,148,150,155,157,159,160,162,168,170,172,174,176,177,178 "79";
80 124 1 0,3,6,7,9,10,11,13,18,21,24,26,29,31,33,35,38,40,44,46,49,57,60,62,64,71,73,79,82,83,84,89,95,96,100,103,104,106,107,108,110,117,128,133,138,139,141,143,144,145,152,154,157,166,168,170,171,173,175,178 "80";
81 23 0 3,7,9,26,46,48,79,92,123,127,153,160,166 "81";
82 160 0 45,47,48,78,81,87,89,91,94,101,103,104,111,116,131,139,145,150,156,158 "82";
83 19 1 16,18,22,32,46,58,72,75,102,115,120,130,132,138,141,156,162,176 "83";
84 49 0 0,3,4,8,15,18,45,60,64,80,86,106,117,128,141,147,151,157,163,176,177 "84";
85 101 1 4,5,57,74,80,85,97,113,120,141,179 "85";
86 75 0 4,6,9,10,21,31,37,57,58,59,63,68,70,77,83,85,112,116,122,125,130,138,142,158,166,173 "86";
87 156 1 1,3,8,22,25,27,30,32,38,43,46,47,49,50,52,56,60,62,63,68,71,74,76,78,82,90,92,96,97,99,100,102,103,105,112,113,115,118,121,122,124,133,135,137,141,142,150,153,156,160,164,165,168,169,173,174 "87";
88 103 1 1,2,4,5,6,10,11,13,18,20,21,25,27,30,32,34,36,37,42,44,46,48,49,51,55,58,61,62,64,66,68,69,72,74,79,84,85,88,92,95,96,97,101,106,111,112,113,116,118,120,121,125,130,132,134,135,137,138,140,142,144,146,149,151,153,154,156,157,158,159,162,164,165,166,169,170,171,172,173,174,179 "88";
89 54 1 0,2,3,4,6,9,11,13,14,16,17,19,20,22,24,25,27,31,33,35,36,37,41,43,45,46,48,49,54,56,59,60,64,66,67,71,73,74,76,78,81,83,84,85,88,90,92,95,99,100,102,103,104,107,108,112,113,115,117,118,120,121,123,125,129,130,131,136,137,139,140,144,146,150,152,157,158,161,164,166,167,170,173,175,177,179 "89";
90 12 0 22,131 "90";
91 38 0 2,7,8,10,11,13,21,27,35,37,44,49,57,62,64,67,70,72,74,76,80,86,90,93,95,101,104,116,125,127,128,134,137,142,146,154,156,165,173,174,177 "91";
92 79 0 2,4,9,22,29,39,41,49,56,63,70,73,87,100,108,121,126,131,134,136,137,147,153,161,167,170,171 "92";
93 131 1 2,4,6,11,21,27,29,31,34,37,42,43,45,48,54,56,58,62,63,64,67,68,71,73,75,76,85,88,91,100,101,106,108,111,113,115,123,127,128,136,140,145,146,150,153,154,156,159,162,166,170,172,174,175,177 "93";
94 161 1 0,2,3,8,11,14,16,17,19,20,22,23,26,33,34,35,39,40,41,43,45,47,50,51,53,55,56,57,59,61,64,66,68,69,71,74,75,76,79,80,83,86,87,89,92,95,99,100,102,104,106,109,112,115,116,118,119,124,127,131,132,134,138,143,144,145,147,148,152,153,155,160,162,164,165,167,169,174,175,177,179 "94";
95 148 0 2,7,8,19,21,25,29,30,35,38,43,52,85,88,91,96,98,104,114,115,122,126,127,141,142,144,162,164,179 "95";
96 113 1 2,4,7,9,12,17,18,20,22,24,28,30,33,37,41,44,46,48,50,52,53,55,63,70,72,76,78,79,83,85,90,92,97,100,103,104,109,111,114,119,120,122,128,133,135,139,142,144,149,151,156,158,159,161,163,165,171,173,177,178 "96";
97 172 1 21,22,36,43,67,109,118,130,146,155,165,177 "97";
98 99 1 0,1,4,8,9,10,14,21,24,27,31,34,35,36,38,40,43,47,49,52,54,55,59,60,64,65,68,69,71,72,73,74,75,76,78,83,85,89,91,92,94,96,98,100,102,103,106,111,112,114,116,123,128,130,132,136,140,141,144,146,148,150,151,153,155,158,160,163,165,167,172,176,179 "98";
99 95 1 3,4,5,9,10,14,16,19,21,24,27,33,37,40,44,47,52,58,60,62,68,74,76,78,80,86,91,97,102,103,105,107,110,112,113,114,118,120,121,122,123,125,127,130,131,137,139,144,146,149,152,154,158,161,162,169,173,176 "99";
100 105 1 3,4,8,16,23,39,42,49,58,65,69,75,78,86,93,98,100,105,107,108,121,133,139,144,150,156,157,168,170,178 "100";
101 72 1 11,14,18,22,36,41,43,51,56,57,63,65,67,72,86,100,104,108,112,114,125,128,130,139,142,144,146,151,157,162,165,166,171,175 "101";
102 176 0 0,4,6,7,9,12,14,15,17,19,21,28,32,34,36,37,40,41,42,50,52,54,57,58,60,62,64,65,68,72,73,77,81,83,84,85,89,91,93,100,101,103,104,105,109,112,113,115,116,118,119,121,122,123,130,132,133,134,138,139,143,147,148,150,152,153,155,157,158,161,162,164,167,169,171,174,176,178,179 "102";
103 67 0 0,5,6,8,11,14,17,19,20,21,23,29,30,32,33,35,37,39,41,43,44,46,48,51,52,54,55,56,58,61,62,63,65,67,68,69,70,71,73,76,78,80,82,83,85,87,88,89,91,96,97,100,101,103,109,110,114,116,120,123,125,127,129,131,133,134,138,140,143,144,147,149,150,152,154,155,157,158,161,167,171,173,176,177,179 "103";
104 180 0 1,6,7,9,12,14,15,17,19,20,23,24,28,31,32,35,36,38,39,43,45,47,49,51,54,57,59,60,61,62,69,71,72,75,76,79,80,84,90,91,94,95,96,98,101,102,104,106,107,109,111,112,113,114,116,117,118,121,122,123,127,129,130,135,136,138,139,140,142,143,145,147,150,151,152,155,160,162,163,165,167,171,172,174,176,177,179 "104";
105 47 1 0,2,4,12,28,30,33,38,46,55,60,63,71,72,76,81,83,85,87,93,96,99,104,107,110,117,119,121,127,130,132,137,138,156,159,166,167,170,175,178 "105";
106 153 1 0,3,4,6,9,10,14,18,21,22,26,28,30,37,39,41,42,44,46,47,49,50,51,55,56,57,60,61,62,63,71,73,74,76,80,84,85,86,90,95,98,104,108,110,112,114,116,119,121,123,126,129,132,134,136,141,144,147,149,150,153,154,156,160,163,167,170,174,177,179 "106";
107 99 1 4,10,15,18,20,21,30,33,35,40,43,44,46,48,52,57,64,71,77,84,89,92,99,101,102,109,115,116,123,125,128,131,133,138,140,143,144,145,148,152,153,161,166,169,172,174,176,178 "107";
108 122 0 15,23,24,28,29,42,48,53,73,82,84,93,115,117,125,127,129,140,142,152,155,158,161,173,176,179 "108";
109 113 1 2,9,10,18,27,31,33,36,44,46,54,66,70,72,79,93,96,98,107,120,121,125,134,137,141,145,147,154,157,159,161,165,168,172,174 "109";
110 174 0 0,5,9,10,12,15,21,24,30,34,35,38,41,42,43,44,46,48,51,56,58,60,65,67,70,72,75,76,78,82,84,88,97,108,111,112,115,116,122,124,125,130,131,133,134,135,139,141,143,144,145,147,152,153,160,166,175 "110";
111 112 1 0,3,7,9,13,20,22,27,29,30,33,36,38,42,43,54,61,63,67,70,73,76,79,83,85,86,89,90,93,97,105,108,109,113,114,117,118,122,126,128,130,132,133,134,137,138,154,168,170,178 "111";
112 172 1 6,7,13,18,19,27,30,34,36,38,42,43,44,46,48,49,56,57,59,61,62,65,66,67,70,71,75,83,84,88,96,98,104,106,107,110,112,115,117,119,125,131,132,134,136,138,140,141,143,146,147,151,153,154,156,160,162,164,167,171,172,177 "112";
113 119 1 11,58,70,83,93,100,129,142 "113";
114 154 1 8,12,15,22,23,27,36,37,45,48,59,65,68,69,76,78,82,90,94,96,106,116,122,130,131,140,143,151,158,160,162,165,167,169,175 "114";
115 69 1 5,8,18,35,49,63,80,84,90,110,115,121,124,129,155,158,172 "115";
116 26 1 1,6,17,20,30,86,100,102,110,149,153,155,157,160 "116";
117 125 1 5,6,8,10,12,14,18,19,21,23,25,28,30,33,34,36,39,41,44,48,49,53,56,58,61,62,64,68,71,78,81,82,83,84,87,90,94,95,97,101,103,106,109,111,116,118,119,121,124,125,129,131,135,137,139,140,144,154,158,162,164,167,171,173,175,176,179 "117";
118 18 1 4,7,8,19,21,25,29,31,39,47,53,55,58,65,71,76,79,80,82,83,86,92,94,99,100,102,106,110,118,132,136,139,149,154,165,168,170,175,179 "118";
119 57 0 1,2,3,11,14,17,19,26,29,31,34,35,37,41,43,46,48,49,59,60,61,63,70,73,74,76,78,80,82,84,87,89,91,92,93,96,99,103,104,107,109,111,113,114,117,119,120,122,123,129,136,140,146,147,153,158,162,165,167,168,173,175 "119";
120 18 0 1,8,10,19,28,30,34,55,60,68,75,85,86,92,98,110,111,112,115,117,121,138,147,152,154,157,158,161,162,165,170,173,177 "120";
121 166 1 0,1,2,7,8,10,11,13,15,16,21,23,26,27,30,32,34,41,48,50,55,58,64,67,70,72,73,74,80,82,83,85,88,91,93,97,98,101,102,104,105,110,116,120,122,134,137,152,153,157,158,159,165,169,171,172,178 "121";
122 3 1 0,2,7,16,19,25,27,31,33,36,44,48,50,53,55,56,61,63,66,67,71,74,77,80,84,86,92,94,96,102,104,107,110,115,120,122,127,130,136,139,141,148,149,151,152,155,157,160,163,170,171,172,174,178 "122";
123 62 0 4,7,14,15,19,24,27,30,31,35,43,45,50,53,54,56,58,59,64,67,74,78,79,81,84,86,87,89,91,93,102,104,107,109,110,115,124,126,131,133,134,135,139,140,143,148,154,158,160,166,169,174,179 "123";
124 118 0 0,2,4,5,7,10,11,16,17,19,23,25,26,29,31,37,43,45,46,49,54,57,60,61,65,70,74,76,79,85,88,89,93,98,101,104,111,117,119,122,123,129,130,132,133,135,144,146,153,154,156,157,162,165,169,173,174,176,179 "124";
125 76 0 2,3,4,5,8,11,15,18,20,21,23,24,26,29,32,33,35,38,39,41,46,48,50,53,54,56,58,62,67,70,71,73,74,77,78,80,82,84,85,88,89,92,93,96,101,104,105,110,114,116,117,118,119,125,127,128,130,131,134,136,139,143,147,149,151,155,159,164,165,169,170,172,177 "125";
126 111 1 2,8,12,14,18,21,27,28,30,33,37,40,42,44,46,47,49,51,54,55,58,59,63,64,66,68,69,71,73,74,75,79,85,86,92,98,100,103,112,113,114,116,118,120,123,125,127,128,130,134,136,140,144,147,148,151,153,156,158,159,161,164,166,171,175,176,177,179 "126";
127 114 1 6,11,13,16,20,22,25,26,28,29,38,39,43,45,48,51,54,58,61,64,67,79,81,84,86,90,93,94,96,97,98,100,104,106,108,110,112,114,118,119,121,124,126,128,136,137,145,150,151,154,155,157,159,161,164,173,178 "127";
128 168 1 0,1,7,10,12,16,19,21,27,29,34,36,37,38,40,43,47,49,51,53,56,58,61,64,65,67,69,71,73,75,77,79,80,82,83,87,88,89,91,96,99,102,103,111,113,115,116,118,119,120,126,127,131,133,136,138,140,141,143,144,148,150,151,153,155,157,159,161,165,167,169,170,172,174,176,179 "128";
129 125 0 1,12,17,18,26,28,29,32,34,35,38,39,54,55,67,72,75,77,81,83,87,97,101,114,118,120,122,123,129,133,136,138,141,142,147,148,150,163,166,168,170,172,175,177,178 "129";
130 55 1 3,5,7,8,12,13,15,16,19,23,24,26,28,31,35,37,38,44,46,47,49,58,60,62,66,70,71,73,74,75,76,79,83,84,87,91,92,94,96,97,99,100,103,109,112,113,114,116,117,119,122,126,127,130,131,133,134,139,142,144,147,148,149,151,154,158,162,165,170,177,179 "130";
131 60 0 0,1,3,5,7,9,10,13,16,18,21,26,27,30,33,35,37,39,40,42,43,44,47,49,51,53,55,57,59,60,63,64,66,69,71,73,75,77,79,80,82,83,85,87,89,90,92,94,95,98,99,101,103,104,106,109,111,113,116,118,119,120,123,129,132,133,134,135,137,139,140,141,143,145,147,149,150,153,159,161,167,168,170,171,173,174,176,177,179 "131";
132 13 0 0,3,7,9,11,13,14,17,18,22,25,27,28,29,30,31,35,36,40,41,43,46,48,50,51,52,54,55,57,58,61,62,64,66,67,69,71,74,75,79,82,84,86,88,89,91,93,98,100,102,103,105,107,109,112,114,117,126,129,132,133,135,137,143,144,147,149,150,153,158,159,161,162,163,167,169,172,174,175,179 "132";
133 161 0 1,3,5,6,8,13,16,19,22,23,26,27,33,39,44,45,46,48,49,51,53,54,57,58,60,65,66,70,73,74,76,78,82,85,88,90,93,95,96,99,100,102,104,105,106,107,109,111,112,114,116,117,120,122,126,127,129,131,132,136,137,138,140,145,146,150,151,152,157,158,159,162,163,164,166,167,170,172,174,175,177 "133";
134 119 1 3,12,13,17,19,21,25,30,35,37,44,47,52,56,67,74,78,81,85,90,94,96,103,112,129,131,136,138,144,147,149,153,158,160,165,169,170,177 "134";
135 141 1 1,2,9,12,17,19,30,36,42,45,54,55,59,77,80,84,92,101,106,107,111,119,121,127,130,132,136,138,141,157,161,172,175 "135";
136 90 0 31,37,39,50,61,66,68,70,77,91,93,97,102,105,111,116,118,121,125,135,143,168,174,176 "136";
137 34 0 1,5,7,11,13,16,19,26,30,31,33,35,36,42,44,46,48,50,52,57,59,63,66,71,73,77,79,81,82,84,88,89,90,93,97,98,99,103,104,110,112,113,117,118,119,122,125,128,129,137,140,141,145,147,149,153,157,159,161,162,163,165,166,170,171,176,178 "137";
138 55 0 2,5,9,11,17,22,27,31,36,45,51,62,64,72,77,80,83,87,92,95,97,99,115,119,125,126,136,141,142,145,148,160,167,169,172 "138";
139 94 0 10,26,28,63,84,94,99,103,117,121,128,135,144,150,154,161,168,177 "139";
140 141 1 4,7,14,15,21,37,38,42,44,45,48,49,51,53,55,57,59,66,68,73,77,88,95,104,107,112,118,120,126,127,130,131,133,135,144,149,151,158,161,163,168,169,173 "140";
141 152 1 1,9,17,21,41,46,50,57,59,75,77,100,104,109,110,118,129,134,137,140,142,143,144,147,149,158,162,170,178 "141";
142 140 1 5,9,18,23,27,32,34,43,49,53,54,58,60,63,73,78,79,81,85,88,89,97,104,107,119,124,126,129,135,144,146,152,153,156,158,160,161,163,168,175,177,178 "142";
143 57 0 0,2,4,6,10,12,16,19,21,23,24,25,27,28,30,32,37,38,40,42,45,47,48,50,52,53,56,58,60,61,64,65,68,72,76,79,81,82,84,86,87,89,91,92,94,95,96,98,99,102,103,105,109,110,113,116,118,120,121,123,126,128,130,132,133,134,136,137,140,142,144,146,148,149,150,152,154,156,159,160,162,164,166,168,169,174,175,176,178,179 "143";
144 36 1 0,3,8,12,15,16,21,24,25,26,29,31,34,36,41,43,46,49,50,52,54,55,57,59,61,63,67,71,74,77,79,81,82,87,89,91,93,95,97,99,101,102,105,107,109,114,116,127,128,130,132,134,138,141,143,144,146,148,150,151,154,155,159,164,166,167,171,173,175,177,179 "144";
145 96 0 0,5,8,25,27,48,62,85,88,91,94,95,104,117,119,129,161,164,171,173 "145";
146 57 1 19,27,40,108,137,156,164,177 "146";
147 112 1 2,4,8,10,11,13,15,17,19,24,27,31,34,35,37,45,46,47,49,50,52,54,57,61,66,69,73,76,81,82,85,92,102,104,108,109,110,112,115,121,124,128,132,133,134,142,146,148,157,158,160,162,166,169,174,179 "147";
148 78 1 0,1,4,6,8,15,16,18,25,28,40,43,46,58,61,62,64,66,69,77,86,104,108,110,111,120,130,132,136,143,145,149,155,158,162,166,170,172 "148";
149 41 0 0,3,5,23,26,32,35,38,46,48,49,52,56,59,62,64,66,71,76,78,84,89,91,93,99,101,104,110,113,115,117,123,125,131,134,138,144,149,151,153,155,161,162,165,168,171,173,175 "149";
150 123 0 1,2,4,6,7,10,11,15,17,18,19,24,25,30,34,38,39,43,44,48,51,53,54,56,62,69,73,75,77,82,83,85,91,93,94,96,97,99,100,102,103,110,111,113,116,120,121,123,124,125,128,131,133,134,137,138,143,144,147,149,152,153,154,156,161,164,166,168,169,172,176,179 "150";
151 106 0 5,11,13,23,26,28,29,32,36,46,49,56,60,63,64,66,67,70,72,75,79,80,87,91,95,99,105,108,110,115,117,120,121,124,125,127,129,131,134,139,140,145,146,148,156,163,164,166,168,171,174 "151";
152 149 0 4,7,9,11,15,16,17,21,23,24,29,34,36,38,42,47,48,52,54,56,61,66,68,71,72,74,83,84,85,88,91,101,106,108,109,111,115,117,119,122,124,127,132,138,145,147,151,160,162,167,169,171,175,176 "152";
153 153 1 6,7,9,12,13,17,24,26,27,30,31,36,38,40,41,48,51,53,54,60,64,71,72,76,79,80,83,86,89,93,95,98,99,104,107,114,118,120,122,123,126,130,135,136,138,143,146,148,149,151,153,157,159,161,163,167,170,172,175,177 "153";
154 92 1 2,4,6,8,11,13,17,22,24,27,28,33,35,38,39,42,50,51,53,56,58,63,73,75,78,79,81,83,87,92,96,99,102,105,107,108,109,115,116,118,121,124,129,134,137,140,144,148,153,155,156,161,165,167,173,175 "154";
155 142 0 4,8,16,19,32,41,55,72,87,101,102,108,110,112,113,119,126,127,129,138,153,168 "155";
156 121 1 2,5,6,9,13,14,15,16,19,20,24,26,28,31,34,35,42,46,48,52,53,55,58,60,67,72,73,75,77,78,80,81,83,87,88,91,93,102,103,109,110,112,115,117,119,120,122,123,124,128,132,133,136,139,146,147,148,149,151,152,155,156,158,160,166,168,174,176,177 "156";
157 99 0 2,5,7,8,9,11,14,17,20,23,29,30,32,34,35,39,41,45,48,50,52,53,55,58,62,63,65,69,72,73,78,81,83,84,85,86,87,89,93,97,98,101,103,105,107,111,112,113,116,118,120,122,123,126,128,129,130,131,135,138,139,141,142,144,147,148,150,152,154,156,160,161,162,167,170,174,177,179 "157";
158 77 0 2,4,5,7,8,10,13,15,16,18,19,22,23,24,27,28,29,31,32,35,37,38,39,41,42,45,49,50,53,55,58,60,62,63,67,69,71,73,74,77,80,82,83,84,87,89,90,92,93,96,97,99,100,103,106,107,109,110,112,113,117,118,121,123,127,130,131,133,134,136,137,140,146,147,148,153,155,159,160,161,164,166,168,169,171,174,175,178,179 "158";
159 71 1 18,22,26,39,42,43,57,71,77,119,125,127,132,133,138,145,149,160,176 "159";
160 94 1 5,12,20,24,29,50,60,63,66,68,70,74,78,82,85,87,89,91,100,115,119,121,127,129,142,143,146,149,155,156,158,160,162,163,164,170 "160";
161 7 0 3,7,10,12,15,17,19,22,32,36,38,40,43,45,47,53,60,71,75,76,79,86,101,104,106,107,111,117,119,126,134,143,144,146,154,162,163,167,170 "161";
162 75 1 10,12,15,17,20,24,26,28,33,41,47,53,59,60,68,69,72,78,84,94,96,101,107,110,112,115,123,133,140,148,161,163,164,176 "162";
163 63 0 3,6,12,14,15,22,25,28,30,32,33,34,35,37,39,41,44,47,48,50,52,53,56,61,62,64,70,71,73,76,77,78,80,84,85,87,88,92,94,95,97,99,101,102,103,106,109,110,113,115,119,121,122,128,134,137,138,139,141,142,145,146,148,150,153,159,163,164,167,168,170,171,173,175,179 "163";
164 19 1 0,3,7,9,10,11,14,15,17,20,21,23,24,26,27,29,31,32,40,43,45,47,48,50,52,58,60,66,68,69,71,79,80,83,84,95,98,99,104,105,112,117,121,123,124,126,129,134,135,137,141,144,145,146,149,155,157,158,162,166,171,173,175 "164";
165 86 1 1,3,5,15,18,20,22,23,27,31,47,51,52,55,58,62,65,66,68,71,72,76,82,84,91,95,97,98,112,113,114,116,119,122,128,131,134,142,144,147,151,156,157,161,162,163,164,167,169,172,174 "165";
166 171 0 50,133,136,165 "166";
167 24 0 5,6,9,15,17,22,26,32,36,39,41,45,55,63,73,76,78,81,88,104,108,112,119,141,143,147,150,158,162,170,172,177 "167";
168 13 0 9,13,23,28,38,44,56,58,62,88,90,94,101,111,125,130,133,150,153,163,176 "168";
169 52 1 3,15,22,29,34,77,112,138 "169";
170 165 1 0,42,54,66,80,84,162,165,179 "170";
171 132 0 6,9,12,13,15,20,25,32,37,41,49,51,61,72,78,79,82,83,84,87,93,95,97,100,112,116,118,120,122,124,129,135,138,140,149,154,158,164,168,171,173,174,176 "171";
172 109 0 0,17,18,24,25,38,44,46,52,54,56,58,62,65,76,79,81,83,87,92,94,110,113,114,118,122,124,129,131,132,136,140,152,159,161,165,171,174,178 "172";
173 130 0 1,3,5,9,21,23,32,34,35,38,42,43,45,46,58,61,62,65,69,71,78,80,81,84,86,89,93,94,96,97,103,107,109,124,125,127,130,134,137,144,146,148,149,153,157,159,167,168,173,174,176,177 "173";
174 30 0 4,8,12,14,15,17,19,21,22,27,33,36,38,41,42,48,50,56,60,61,64,68,70,74,80,81,87,88,92,99,102,105,107,111,113,116,118,120,124,125,128,131,132,136,137,140,142,147,148,150,153,155,158,164,165,166,170,171,173,175,177 "174";
175 44 1 0,3,6,8,9,12,13,16,18,19,22,25,27,28,31,33,34,36,37,39,43,44,45,46,52,53,54,55,57,58,64,66,69,73,76,78,80,81,83,84,87,90,91,94,96,98,100,101,103,105,106,107,111,112,114,115,117,125,126,127,130,131,134,135,137,138,140,143,145,146,148,149,151,152,154,155,157,161,163,166,169,171,175,178,179 "175";
176 116 1 0,2,4,6,10,12,14,16,17,22,23,25,28,29,30,33,35,37,38,42,43,45,46,47,49,50,51,54,56,60,61,64,69,70,72,73,75,78,80,82,85,87,90,92,93,95,96,97,99,101,103,104,106,108,110,114,116,117,119,120,121,125,127,130,131,132,135,140,141,146,148,150,152,153,155,156,158,161,163,165,169,171,172,173,175,177 "176";
177 32 1 0,3,5,8,10,12,13,15,16,20,22,23,25,27,29,37,38,42,45,48,49,53,55,58,60,61,63,66,68,70,75,79,80,81,83,84,89,90,91,95,98,105,106,109,111,112,115,116,120,124,126,130,132,136,137,140,144,146,147,150,153,155,156,158,160,162,164,168,171,176,178 "177";
178 82 1 1,78,120,136,152 "178";
179 77 1 8,22,42,48,49,57,62,71,93,95,100,110,116,138,148,151,164,167,178 "179";
