parity 69;
0 46 0 5,7,15,21,25,27,29,32,35,47,53,55,63,68 "0";
1 2 0 11,18,45,52,53,55,65 "1";
2 1 1 2,5,6,11,12,14,15,18,19,23,26,27,32,34,36,38,41,44,46,47,51,52,54,56,57,58,64,66,68,69 "2";
3 29 1 6,12,15,16,17,20,23,25,35,37,40,42,45,48,52,54,55,57,59,61,63,64,68 "3";
4 66 1 5,8,16,20,23,25,27,35,40,41,43,48,51,52,61,63 "4";
5 1 1 0,2,4,5,7,8,11,13,15,17,23,24,26,27,28,30,35,38,39,42,44,45,50,51,53,59,61,62,64,66,68 "5";
6 22 0 2,9,10,15,17,19,23,25,27,29,30,32,34,38,40,41,49,53,56,58,61,65,69 "6";
7 48 1 2,6,9,10,12,16,18,22,23,24,25,26,32,48,52,55,56,59,62,64,68 "7";
8 5 0 0,2,4,9,12,19,26,28,44,57,59,64 "8";
9 15 1 1,2,4,5,6,7,10,13,14,20,22,26,30,33,36,40,45,48,49,51,53,54,55,57,58,60,61,64,66,69 "9";
10 52 0 2,4,5,8,10,13,15,18,19,20,25,26,30,32,33,38,40,41,44,45,47,48,62,68 "10";
11 25 0 5,8,11,18,20,24,27,29,31,34,42,45,46,49,59,61,64 "11";
12 40 0 2,4,16,24,29,34,41,45,54,57 "12";
13 46 0 0,1,3,5,7,9,13,15,16,18,20,22,26,28,30,32,33,35,37,38,39,43,44,46,47,49,53,56,57,58,60,61,63,66 "13";
14 35 1 1,8,11,21,31,32,42,48,49,52,60,62,66 "14";
15 28 1 0,2,4,6,13,18,20,21,25,31,32,42,43,48,49,53,59,63,68 "15";
16 69 1 4,9,10,13,18,20,21,28,33,38,40,41,44,52,54,56,61 "16";
17 19 1 0,3,6,9,13,16,18,23,24,25,27,28,29,31,32,36,38,40,42,44,50,52,54,57,58,61,62,66,67,69 "17";
18 2 0 0,1,4,5,7,10,11,14,15,17,18,20,21,22,24,26,28,29,34,38,41,44,47,49,50,54,55,57,59,60,62,64,66,67 "18";
19 26 1 6,61 "19";
20 26 0 14,21,25,43,51 "20";
21 11 1 1,2,5,12,13,17,19,23,25,29,32,33,39,41,43,45,47,48,51,53,55,59,60,62,64,65,68 "21";
22 61 1 0,5,28,31,36 "22";
23 62 0 5,6,25,37,39,42,56 "23";
24 52 1 2,4,5,9,10,16,25,28,30,37,38,41,42,45,51,55,60,67 "24";
25 16 1 0,1,5,7,9,12,14,16,17,19,21,24,25,27,30,32,34,35,38,39,40,42,44,46,49,50,53,55,60,61,63,65,69 "25";
26 12 0 1,5,11,12,14,21,24,25,32,33,35,42,45,50,52,55,58,61,64,67,69 "26";
27 65 1 6,11,12,14,33,37,45,52 "27";
28 55 0 0,4,5,16,18,22,23,26,38,45,46,50,55,56,62,64,66,67,68 "28";
29 57 1 7,8,13,19,20,23,25,28,31,33,34,43,44,53,57,69 "29";
30 28 1 3,5,9,11,13,18,26,29,31,46,48,52,54,67,69 "30";
31 25 0 5,10,41,42,44,55,62,67 "31";
32 66 0 1,9,14,26,62 "32";
33 70 1 14 "33";
34 41 0 2,4,23,25,27,41,42,45,49,52,60,61,63 "34";
35 15 0 2,6,9,11,15,17,19,21,24,26,27,28,30,33,35,39,45,46,48,50,54,55,56,58,59,61,62,63,67,69 "35";
36 45 0 2,5,11,13,15,17,22,26,32,34,39,40,42,53,57,60,62,64 "36";
37 12 0 5,7,8,20,22,24,28,38,39,44,57 "37";
38 13 1 0,11,23,25,32,62,65,66 "38";
39 41 1 5,22 "39";
40 46 1 3,5,8,9,11,13,14,16,18,25,27,28,31,36,38,39,41,43,46,50,53,55,57,59,62,67 "40";
41 6 1 4,12,19,26,28,30,37,54,62,69 "41";
42 12 1 17,31,41,42,53 "42";
43 55 1 0,1,3,9,10,15,18,22,24,26,31,40,43,46,49,52,56,57,61,69 "43";
44 23 1 1,4,6,8,9,18,23,28,31,33,34,36,39,40,41,43,47,50,55,56,65,68 "44";
45 68 0 0,2,4,5,7,11,13,15,18,21,23,31,35,39,41,42,44,49,57,58,60,68 "45";
46 58 1 8,10,13,20,22,23,27,30,33,48,49,56,61,66 "46";
47 36 0 3,9,11,15,17,22,33,40,42,48,50,53,62,63 "47";
48 53 1 0,3,4,5,8,13,16,21,23,27,28,32,33,38,40,47,54,61,64,67,69 "48";
49 60 0 0,3,4,8,10,14,15,19,22,25,28,31,33,35,37,38,39,41,43,44,45,48,49,50,53,54,56,59,61,63,65,69 "49";
50 52 1 1,4,6,10,12,23,36,50,64 "50";
51 7 0 2,4,6,7,11,13,16,18,22,24,25,26,28,29,31,32,35,36,40,41,42,43,45,48,49,51,53,57,60,64,66,69 "51";
52 0 1 1,2,4,6,11,13,14,17,18,20,22,24,26,28,30,32,34,36,39,43,45,46,47,49,50,51,55,56,57,59,61,62,63,66,69 "52";
53 42 0 22,26,61 "53";
54 5 1 0,3,7,9,11,12,16,18,19,21,24,26,27,30,31,32,34,35,38,41,44,45,47,50,52,54,57,59,60,63,64,65,68,69 "54";
55 33 1 0,2,4,7,17,23,26,31,33,38,40,42,44,46,48,50,52,53,58,60,63,67,68 "55";
56 68 1 0,2,7,16,18,23,28,31,33,36,39,40,44,45,49,52,58,62,67 "56";
57 67 0 1,3,4,6,8,11,14,17,18,20,22,24,26,27,29,30,31,32,36,41,46,49,50,55,57,60,62,68 "57";
58 43 0 4,9,10,13,16,22,23,32,33,35,37,45,47,52,56,61 "58";
59 2 0 8,14,18,22,27,40,43,46,53 "59";
60 34 0 2,9,14,15,16,24,26,30,32,34,35,37,40,41,42,43,45,47,48,49,50,54,56,58,60,62,64,65,67,68 "60";
61 51 1 1,7,10,14,15,16,18,21,23,26,28,29,31,34,36,38,41,42,43,45,49,54,55,57,58,60,61,65,66,69 "61";
62 5 0 25,29 "62";
63 28 0 22,27,38 "63";
64 50 0 8,9,10,14,15,16,18,19,23,24,29,31,35,36,38,44,49,51,61,66,68 "64";
65 59 1 7,14,23,24,30,34,59,61 "65";
66 48 0 1,3,6,19,27,28,30,32,34,36,39,42,54,58,61,64,66,67,69 "66";
67 28 0 1,4,5,6,10,12,17,19,20,25,30,38,44,50,59,62,64,66,67,68 "67";
68 41 0 2,3,5,6,19,34,48,51,55,58,60,64 "68";
69 43 0 0,1,6,25,34,38,44,48,63,65,69 "69";
