parity 98;
0 78 0 2,3,5,7,11,14,15,20,21,26,31,34,36,38,39,42,43,46,47,51,54,55,57,58,61,64,66,69,71,73,74,77,79,85,87,89,91,93,95 "0";
1 10 1 0,7,12,13,18,23,26,29,30,32,34,39,41,48,59,60,62,63,68,73,74,77,88 "1";
2 92 1 1,5,7,8,19,20,34,39,43,49,53,58,60,68,75,76,78,80,90,93,96,98 "2";
3 94 0 6,8,13,17,22,29,31,43,46,51,53,57,59,77,81,88,90,93 "3";
4 10 0 0,1,3,5,6,8,9,10,13,15,16,18,20,24,27,29,31,34,38,40,42,44,46,47,49,51,52,53,54,55,58,59,62,63,68,70,71,75,76,78,79,81,82,86,87,89,92,94,96,98 "4";
5 18 1 2,3,5,8,10,13,17,19,21,23,25,29,33,36,45,46,48,49,54,56,58,59,61,63,68,69,70,71,74,76,78,84,86,94,96,98 "5";
6 69 1 3,6,8,14,16,19,21,23,28,32,33,36,38,39,40,43,44,46,51,53,59,60,64,65,67,69,75,77,81,84,86,89,91,93,96 "6";
7 53 1 1,3,4,6,8,13,14,21,26,29,32,37,40,45,46,50,52,58,64,66,67,71,74,75,77,80,82,83,85,86,88,89,95,96,98 "7";
8 98 0 3,8,23,29,75,88 "8";
9 44 1 1,6,11,15,16,21,22,23,27,30,35,37,39,41,43,51,54,57,59,60,64,65,67,72,74,77,81,83,87,92,93,95,98 "9";
10 61 0 4,6,23,24,29,32,34,35,39,41,44,45,52,56,58,61,68,72,74,80,92 "10";
11 96 0 17,27,34,47,49,55,57,64,72,73,84,89,96 "11";
12 96 0 1,9,11,12,20,22,23,25,27,29,31,33,34,36,37,45,46,48,54,56,64,65,69,70,74,79,83,89,93 "12";
13 73 1 19 "13";
14 42 0 1,2,6,8,9,12,13,14,16,19,22,24,27,29,30,33,37,44,51,52,54,57,59,65,66,70,76,82,88,91,93,94,95,97 "14";
15 89 1 1,4,5,9,12,14,18,20,21,25,26,29,33,34,40,41,45,47,48,50,51,53,54,55,57,61,64,70,71,73,74,75,77,81,83,84,87,90,92,93,95,96,98 "15";
16 59 1 26,31 "16";
17 40 1 2,6,9,16,20,22,25,29,30,32,34,36,38,45,46,51,53,57,64,68,69,72,73,75,78,79,84,86,89,92,93,96 "17";
18 56 1 1,3,5,7,9,10,13,15,17,18,20,24,27,30,33,35,37,38,40,41,44,46,48,50,52,54,56,58,59,60,63,65,69,70,72,73,76,77,78,81,83,84,88,89,92,93,95,97,98 "18";
19 96 0 0,1,3,6,9,12,15,17,18,19,21,24,26,27,29,30,32,34,36,40,42,43,45,49,51,52,53,59,60,62,63,65,67,68,70,71,77,79,80,82,83,85,87,90,91,93,94,97,98 "19";
20 86 0 13,21,32,41,53,58,66,78 "20";
21 43 0 1,3,4,6,9,11,12,13,15,16,18,22,23,25,26,28,30,31,32,34,36,38,40,42,44,46,49,51,53,58,59,60,65,68,70,72,76,78,81,82,85,87,88,89,91,95,97,98 "21";
22 18 0 2,7,9,10,13,16,18,19,23,25,27,29,30,32,35,37,38,39,41,44,47,49,51,52,53,55,57,59,63,64,67,68,71,73,75,77,78,82,83,86,88,89,92,95,97 "22";
23 9 1 1,2,4,12,16,17,19,22,24,27,30,33,39,40,43,44,46,48,51,53,57,59,67,74,76,83,84,87,89,92,94,95 "23";
24 63 1 0,2,5,7,16,19,23,28,31,33,39,46,49,54,60,61,63,67,70,74,76,78,80,85,87,94,96,97 "24";
25 36 1 2,3,4,6,7,9,10,11,14,15,18,20,21,23,24,27,29,31,33,39,41,43,46,48,54,57,58,61,62,66,68,75,77,78,80,84,85,89,91,94,96 "25";
26 32 1 13,30,55,59,63,74,97 "26";
27 78 0 6,8,9,14,17,27,42,47,56,58,61,67,69,81,84,85,87,91,92,97 "27";
28 57 1 1,3,7,9,10,12,13,14,16,17,18,19,21,24,26,27,29,31,33,35,37,38,41,47,49,51,55,57,60,63,65,66,67,69,73,74,75,76,77,78,80,82,87,88,90,94,97 "28";
29 18 0 4,7,9,14,21,22,25,28,33,34,35,42,46,47,49,52,55,56,58,61,63,70,73,74,76,82,84,85,90,97 "29";
30 1 0 0,8,17,19,41,46,52,55,57,71,74,77,81,88,89 "30";
31 59 1 0,1,2,4,5,8,11,12,15,18,19,20,23,25,27,31,34,37,40,42,44,46,49,51,54,56,57,59,61,62,66,68,69,71,73,76,77,79,82,83,84,86,90,93,94,95 "31";
32 35 0 0,2,6,8,9,10,14,19,20,22,26,28,30,32,38,39,41,43,46,51,58,59,64,67,70,74,81,83,86,89,90,91,93,95,98 "32";
33 34 0 0,18,24,38,70,73,78,90 "33";
34 45 1 3,7,14,17,18,22,23,25,27,31,36,39,40,48,50,54,58,60,62,63,65,69,70,73,74,86,90 "34";
35 28 0 1,5,6,9,11,14,16,17,18,20,22,24,27,31,33,36,38,42,44,47,49,51,54,57,59,61,63,65,66,68,69,73,74,76,80,81,83,87,89,91,92,95,96,98 "35";
36 29 1 5,32,94 "36";
37 52 0 15,34,48,57,61,66,78,80,82,84,86 "37";
38 85 0 35,46,54,62,75 "38";
39 53 1 0,4,6,11,12,16,18,21,26,33,36,39,42,44,48,49,51,56,64,66,68,69,72,74,75,76,79,81,85,88,90,91,94 "39";
40 51 1 5,16,35,92 "40";
41 85 0 0,2,3,5,6,7,10,12,15,18,20,21,24,25,26,28,29,30,31,35,37,39,40,42,43,44,45,47,50,52,54,57,60,61,64,67,73,74,75,78,83,88,90,91,94,95,97 "41";
42 47 1 1,4,6,12,14,17,20,28,31,34,38,51,55,57,59,69,75,77,80,90,91 "42";
43 23 1 2,3,18,19,21,23,36,49,54,57,65,67,73,74,76,80,90,94,95,97 "43";
44 92 1 0,10,11,13,15,19,20,26,28,29,31,33,35,36,39,41,43,44,49,51,53,55,58,61,65,66,72,73,77,78,79,81,85,91,93,96,97 "44";
45 5 1 0,2,6,8,16,23,27,33,35,39,42,46,49,51,54,56,60,63,64,69,73,80,85,90,92,98 "45";
46 57 1 0,3,5,6,8,9,11,12,15,19,21,22,24,32,33,35,36,40,41,44,46,50,52,56,58,62,65,67,69,73,74,75,77,78,80,86,87,91,92,93,94 "46";
47 12 0 5,90 "47";
48 51 0 3,5,11,13,21,22,30,37,41,42,45,46,49,59,61,63,65,68,71,76,80,92,93,96,98 "48";
49 81 0 0,2,5,8,9,11,14,15,17,21,24,27,28,29,32,33,34,36,41,44,45,46,50,51,53,54,55,58,60,62,64,66,68,69,70,72,73,75,77,78,82,85,87,91,93,94,95,98 "49";
50 44 0 4,11,28,38,42,46,50,53,55,62,64,65,66,72,74,77,92 "50";
51 81 0 1,3,5,19,21,24,26,27,28,31,33,34,36,39,41,42,45,46,50,56,57,58,62,63,64,66,68,69,75,77,80,81,83,85,87,90,94,97,98 "51";
52 37 1 0,1,3,6,8,11,14,17,18,19,22,23,24,25,27,31,32,33,34,43,44,45,46,49,54,55,57,61,62,67,71,73,75,77,80,82,85,86,92,94,96,98 "52";
53 14 0 0,1,4,7,9,12,14,15,17,18,20,21,24,25,26,29,31,33,36,38,39,41,42,46,48,49,51,52,55,57,59,65,70,75,78,80,81,85,86,89,93,98 "53";
54 33 0 1,3,5,6,7,10,11,16,18,22,23,25,26,28,30,32,34,38,41,42,44,46,50,53,54,56,57,61,64,68,70,72,73,77,79,80,86,87,88,93,94,95 "54";
55 44 1 2,21,36,57,89,96 "55";
56 15 1 0,1,5,8,10,11,16,19,20,22,23,28,33,37,38,40,48,54,56,58,59,60,63,64,66,67,68,75,80,82,84,85,87,89,90,92,94,97,98 "56";
57 36 1 0,3,6,8,10,11,15,17,19,21,22,23,25,27,28,30,32,34,35,36,37,39,41,42,43,45,47,50,52,53,60,63,65,67,69,71,72,74,75,77,78,80,81,84,87,89,93,94,96,98 "57";
58 69 1 1,4,7,8,10,15,16,19,20,22,25,26,29,32,34,36,38,39,41,44,46,48,49,52,54,57,58,60,61,65,67,69,71,72,75,77,79,81,84,85,88,89,91,92,97 "58";
59 3 0 0,50 "59";
60 97 0 0,2,7,15,17,20,21,24,26,28,31,34,36,37,38,40,42,43,48,51,52,54,57,62,65,66,67,69,70,71,72,74,78,81,82,84,85,86,89,93,94,96,97,98 "60";
61 86 0 0,2,5,6,7,9,10,12,13,19,22,26,33,36,37,38,40,43,44,45,47,50,52,53,54,57,59,60,62,65,67,69,72,73,81,89,90,94,98 "61";
62 30 0 2,37,65,67,81 "62";
63 25 1 2,5,6,7,10,12,15,23,28,31,32,34,36,38,40,41,47,49,50,55,59,63,65,76,78,86,89,92,95 "63";
64 99 1 4,56,96 "64";
65 9 0 6,12,13,17,18,21,22,24,29,30,32,35,38,40,42,45,47,49,53,54,57,59,61,64,71,72,74,75,76,84,89,92,98 "65";
66 5 0 8,11,17,26,28,35,58,59,68,72,76,87 "66";
67 51 0 2,4,17,24,38,40,47,65,73,76,80,86,95,98 "67";
68 25 0 74 "68";
69 20 1 2,4,7,9,13,15,16,17,19,20,23,24,29,30,32,33,35,37,39,41,43,45,53,54,56,57,60,61,63,64,65,69,73,78,87,89,91,96,98 "69";
70 83 0 9,10,14,19,20,24,32,35,43,50,59,69,71,72,74,75,80,83,88,90,94 "70";
71 98 1 1,4,6,9,10,11,12,15,19,20,22,23,25,26,27,29,30,31,33,34,36,38,39,41,42,46,47,50,54,57,58,59,61,63,66,68,71,74,76,77,79,80,81,86,88,91,92,95 "71";
72 20 0 42 "72";
73 86 0 2,4,5,8,10,12,14,15,16,18,20,22,23,24,26,28,29,30,32,35,36,39,41,43,44,46,49,51,54,56,60,62,65,68,69,70,73,74,75,77,83,85,88,89,91,92,93,94,96,98 "73";
74 43 1 3,8,14,16,28,31,37,46,62,68,69,76,77,89,92,97 "74";
75 63 1 18,37,50,66,87 "75";
76 86 1 0,9,11,12,17,19,25,39,50,59,60,62,64,71,80,89,98 "76";
77 28 1 0,3,5,7,8,9,12,16,17,19,20,21,24,30,32,34,35,36,39,41,43,45,49,50,60,61,62,65,67,68,70,72,73,75,77,78,80,82,84,86,88,91,92,94,95,97,98 "77";
78 88 1 2,6,22,38,65,74,77,82,84,95 "78";
79 3 0 11,17,24,26,27,30,37,41,44,50,58,67,68,80,89,94,98 "79";
80 16 1 2,14,19,36,38,41,46,47,55,60,70,75,78,83,85,97 "80";
81 90 0 1,4,8,10,12,13,16,17,19,21,22,24,35,36,40,46,48,50,51,55,58,59,62,68,69,71,74,80,83,87,88,95 "81";
82 89 0 0,6,10,22,28,34,36,39,46,48,59,60,67,68,73,76,79,81,94,96 "82";
83 62 1 2,4,15,23,27,29,33,36,38,44,45,51,52,53,54,56,58,60,67,70,74,77,78,81,83,84,85,92,94,97 "83";
84 52 1 0,1,4,12,13,20,22,23,25,29,31,32,38,41,42,44,45,46,48,50,54,55,59,63,67,71,73,75,79,83,85,88,90,92,95,96,98 "84";
85 27 0 1,2,3,5,20,21,24,27,30,32,35,37,39,40,42,45,47,49,50,51,56,59,60,68,69,73,77,81,85,87,88,91,93 "85";
86 14 0 3,4,9,10,11,15,16,18,20,27,34,35,38,40,43,45,52,53,56,59,60,79,87,92,96 "86";
87 59 0 0,2,5,7,12,14,17,18,23,25,27,28,29,32,33,37,38,40,42,44,46,48,50,51,52,55,56,57,59,61,63,64,66,71,74,77,79,81,83,84,86,88,89,96 "87";
88 44 1 0,3,9,12,31,35,38,54,58,62,65,79,82,86,88,92,94,97 "88";
89 47 1 3,6,8,10,12,13,15,18,19,22,25,26,30,32,33,37,39,41,43,45,47,48,51,53,56,58,59,60,62,67,69,70,71,74,76,78,83,85,87,89,90,93,94,97,98 "89";
90 87 1 8,21,22,27,36,43,46,55,70 "90";
91 29 1 5,10,38,63,70,78,92,96 "91";
92 52 0 0,2,5,7,10,13,17,21,23,24,25,27,29,32,35,37,39,40,42,44,47,48,50,51,53,54,56,58,60,62,63,66,67,68,70,72,73,75,77,78,82,83,85,88,89,93,94,95,96,98 "92";
93 73 0 1,4,8,9,12,14,17,36,41,82,91,97 "93";
94 85 0 1,5,11,18,20,26,37,40,48,54,68,78,80,83,85,87,89,92 "94";
95 59 1 3,14,18,30,33,38,46,54,55,64,73,86 "95";
96 72 0 1,12,14,17,19,23,28,31,33,37,39,43,46,48,51,52,56,58,61,63,67,69,72,75,78,82,84,89,95 "96";
97 80 0 2,8,10,14,15,17,18,23,26,27,28,30,31,32,35,39,40,42,45,47,63,65,66,68,69,75,76,80,81,83,84,89,90,92,94,98 "97";
98 84 0 0,1,4,7,9,21,31,33,38,39,40,41,44,49,50,52,55,57,67,70,78,87 "98";
