parity 48;
0 40 1 13,18,20,24,26,32,34,36,45,48 "0";
1 49 1 0,1,3,4,7,14,15,18,20,22,25,27,28,31,32,34,35,37,38,41,43,44 "1";
2 25 0 0,7,8,10,14,16,21,24,28,30,31,42,44,45 "2";
3 28 1 2,3,6,8,10,14,19,25,30,33,38,42,44,45,46,48 "3";
4 20 0 0,2,3,5,7,10,11,14,15,16,20,23,24,27,28,30,31,33,35,36,37,39,40,42,48 "4";
5 24 1 2,10,11,13,21,38,48 "5";
6 13 0 0,2,3,5,6,11,14,15,17,20,23,26,30,31,33,37,39,40,43,48 "6";
7 18 0 0,3,7,15,21,31,39,41 "7";
8 3 1 4,6,7,10,12,14,15,18,21,22,27,28,29,30,39,42,45,47,48 "8";
9 2 0 0,3,4,16,18,19,22,42,46 "9";
10 37 1 0,2,4,6,8,13,14,17,19,20,22,23,24,30,31,33,35,36,38,41,43,45,47 "10";
11 1 1 1,4,21,23,25,26,30,45 "11";
12 0 1 1,11,17,18,20,21,23,28,31,33,34,36,40,47 "12";
13 18 0 0,9,12,15,19,35,36 "13";
14 4 0 3,10,11,15,30,46 "14";
15 22 0 0,2,6,8,10,14,19,21,26,32,34,36,38,45,47,48 "15";
16 22 1 4,7,8,9,11,19,22,28,30,33,36,45 "16";
17 48 1 2,8,13,30,39,41 "17";
18 11 0 0,2,3,5,6,7,9,13,14,18,20,22,24,26,27,29,32,33,37,41,46,47 "18";
19 43 0 4,7,9,11,13,14,15,16,18,19,22,23,31,33,40,43,48 "19";
20 16 0 4,5,9,10,13,18,20,22,24,28,38,41,46 "20";
21 46 1 0,2,10,13,16,19,20,23,28,36,38,39,44,46,48 "21";
22 29 0 0,1,3,4,7,9,12,14,16,17,23,25,26,30,31,32,34,36,37,39,41,44,45,46,48 "22";
23 13 0 2,4,6,9,10,13,15,17,18,21,22,25,27,29,34,36,37,38,39,41,43,44,45,46,48 "23";
24 20 1 0,1,4,5,6,10,11,13,15,17,18,22,24,25,27,30,32,34,37,41,46,47 "24";
25 16 0 6,10,14,21,22,23,28,32,41 "25";
26 32 1 4,7,13,18,19,23,26,29,35,36,41,45,46,47 "26";
27 0 1 1,3,6,9,11,15,17,19,20,21,23,28,31,34,36,39,40,42,44,46,47 "27";
28 36 0 1,9,10,11,16,20,33,35,39,41,43 "28";
29 39 0 0,1,3,11,12,17,18,21,25,30,32,34,36,38,43,48 "29";
30 10 0 6,10,27,31 "30";
31 18 0 1,4,9,16,20,21,25,27,31,39,40,44,45,46 "31";
32 48 1 38,40,45 "32";
33 15 0 2,3,8,9,11,12,14,19,20,22,24,25,27,28,29,30,31,35,37,39,40,42,43,46 "33";
34 12 1 1,4,5,6,8,10,11,13,14,18,19,21,22,24,25,27,31,33,36,38,41,43,45,48 "34";
35 7 1 9,13,17,19,32,33,41 "35";
36 23 1 6,11,14 "36";
37 36 1 3,4,8,14,17,19,23,25,29,31,35,37,41,42,45,48 "37";
38 10 0 1,8,11,14,15,17,22,30,35,36,37,40,41,42,44,46,48 "38";
39 37 1 9,18,19,21,24,36,39,41,43 "39";
40 13 1 1,6,7,14,15,17,22,25,27,32,34,43,44 "40";
41 37 1 4,6,8,10,13,18,23,28,34,36,42,47 "41";
42 40 0 0,2,7,12,17,37,40 "42";
43 7 1 3,4,11,13,16,19,27,29,30,31,34,36,38,40,45,46 "43";
44 47 1 0,3,5,43,47 "44";
45 5 1 2,5,7,10,11,12,15,16,18,20,21,25,27,29,30,33,34,35,37,38,40,45,46,47,48 "45";
46 38 0 0,9,11,13,19,23,34,43,47,48 "46";
47 11 1 0,5,6,8,10,11,14,16,19,20,24,25,29,33,36,40,43,46 "47";
48 4 1 18,23,28,40,46 "48";
