parity 144;
0 39 1 3,6,8,10,18,19,23,25,27,28,29,34,36,37,39,41,45,47,51,53,56,70,75,85,89,90,92,95,99,101,104,106,107,111,116,120,122,125,132,138,143 "0";
1 80 0 3,13,23,24,39,49,52,58,65,69,75,79,83,98,123,124,134,139,142 "1";
2 53 0 0,1,3,5,7,11,12,15,16,17,19,25,29,32,36,38,40,45,47,51,53,55,60,61,62,64,66,68,72,76,78,80,82,84,85,86,88,90,91,94,95,98,99,102,105,108,111,112,114,115,123,126,128,129,132,134,135 "2";
3 4 0 2,6,8,10,11,13,17,18,20,22,23,24,27,29,31,32,36,38,41,43,44,46,49,52,54,57,59,61,63,68,70,71,76,78,79,81,83,85,91,95,96,99,100,102,106,108,109,111,113,115,118,119,120,122,123,124,127,128,129,132,135,137,142,143,144 "3";
4 131 0 5,10,14,29,41,46,47,54,60,67,70,78,80,91,99,109,112,115,116,117,133,135,137 "4";
5 84 1 5,7,10,11,16,18,23,25,26,29,37,46,50,61,68,71,77,84,89,96,113,120,122,124,125,130,139 "5";
6 110 1 0,4,5,6,10,11,15,19,20,21,23,24,25,27,31,32,33,36,39,40,42,44,47,49,50,51,55,56,57,62,65,66,67,68,72,73,79,80,81,82,86,90,92,94,97,98,99,101,104,106,107,108,111,113,114,115,117,118,124,126,127,129,132,134,138,139,141,142,143,144 "6";
7 47 1 0,2,5,8,9,14,17,18,20,23,24,25,26,33,35,45,46,50,55,58,61,69,70,75,78,81,82,88,90,91,96,98,99,101,103,105,106,108,110,113,115,118,119,121,132,135,137,142,144 "7";
8 92 0 1,3,18,33,35,39,41,45,53,55,64,67,83,90,93,96,99,104,108,109,119,122,125,128,143 "8";
9 74 0 2,4,7,8,11,13,15,21,22,24,27,28,31,37,45,48,50,52,54,57,60,62,70,71,78,79,82,88,92,94,95,97,111,113,114,118,119,121,123,127,131,132,133,135,136,138,139 "9";
10 139 1 2,5,7,9,14,15,18,23,33,34,36,39,40,43,44,46,50,56,58,61,66,69,73,75,80,83,85,89,90,95,99,100,110,114,116,123,124,128,131,133,135,140,143 "10";
11 62 0 2,3,4,15,16,21,23,33,34,37,40,43,48,53,55,58,62,66,67,69,75,79,85,87,88,93,94,95,100,104,113,116,117,130,135,139,140,142 "11";
12 55 1 11,48,54,56,73,76,91,107,115,135,142 "12";
13 11 1 2,12,21,35,58,62,64,65,67,70,77,79,85,93,95,97,102,105,110,115,121,123,125,127,140 "13";
14 114 1 0,5,8,9,11,13,16,19,24,25,28,29,31,32,34,39,41,45,47,49,51,52,55,59,62,65,67,71,73,74,80,82,83,86,89,90,93,98,101,103,105,108,110,118,119,123,124,127,128,139,140,144 "14";
15 76 1 0,1,2,4,7,8,10,12,14,16,20,22,25,27,29,30,35,36,37,39,40,43,46,48,50,52,53,55,56,57,59,61,62,64,66,70,71,73,75,79,81,84,89,93,94,96,97,100,103,105,109,111,112,114,117,119,120,122,123,126,129,130,132,133,135,136,139,141,142 "15";
16 136 1 3,15,41,60,74,79,99,123,134,142 "16";
17 51 0 0,4,13,17,21,23,24,26,28,29,31,36,38,42,45,46,47,57,59,61,66,69,72,74,76,78,79,81,87,91,95,96,99,104,105,107,108,113,115,120,122,123,127,128,134,135,139,140,143,144 "17";
18 42 1 3,9,85,107,115,133,137,140 "18";
19 10 1 0,7,10,15,17,21,50,56,63,68,76,77,79,80,90,96,98,104,109,113,114,115,118,120,126,134,136,140 "19";
20 126 0 1,7,12,14,16,18,20,22,23,25,28,35,37,39,45,49,51,53,58,64,71,73,75,79,84,86,90,93,98,101,103,107,108,109,113,115,116,118,119,121,124,128,134,136,138,141,143,144 "20";
21 43 1 0,27,65,74,80,135 "21";
22 123 0 11,30,45,50,54,78,120,123,127,131 "22";
23 40 1 8,49,59,64,70,80,90,107,109,134 "23";
24 32 0 3,5,6,7,8,10,13,15,17,21,22,23,25,27,28,29,32,33,34,36,37,38,41,45,46,55,57,59,61,64,67,68,70,72,74,75,77,80,83,84,85,86,89,91,92,93,97,99,101,103,104,105,107,109,110,112,113,117,120,122,124,126,128,129,131,132,133,137,143 "24";
25 87 0 2,5,18,26,33,37,49,52,62,64,70,73,75,78,80,82,84,97,101,102,105,112,116,121,123,124,125,134,140 "25";
26 56 1 0,2,5,7,10,14,16,17,19,21,22,24,27,34,36,40,42,43,45,47,51,53,54,56,58,59,61,62,65,67,69,70,71,74,75,76,77,78,83,84,87,89,91,93,97,101,104,107,110,112,114,116,118,119,122,124,129,131,133,136,143,144 "26";
27 142 0 2,6,10,13,20,22,26,29,31,33,35,36,38,39,41,43,48,52,54,56,60,63,66,68,70,72,75,78,79,84,86,87,91,95,100,102,112,117,123,125,127,130,132,136,141,142,144 "27";
28 139 0 8,11,13,15,21,24,25,28,32,44,50,51,55,59,66,77,78,80,83,103,112,113,123,129,130,139,142,144 "28";
29 105 0 24,57,60,70,88,90,102,110,115 "29";
30 73 1 0,2,7,17,18,22,25,27,33,36,41,49,56,58,60,64,66,78,80,82,84,96,99,100,101,106,110,114,118,122,125,130,135,137,144 "30";
31 27 0 19,21,26,39,44,47,48,79,97,105,107,109,115,122,125,126,127,130,139 "31";
32 12 0 39,40,42,59,64,94,113,121,133,139,141,143 "32";
33 11 0 1,14,18,20,26,35,43,57,59,60,66,70,75,82,102,109,117,143 "33";
34 29 1 16,19,26,30,32,37,40,41,46,50,57,58,61,63,67,73,74,83,87,89,90,94,101,103,106,108,113,115,125,129,130,133 "34";
35 34 0 0,2,3,6,7,11,13,15,18,22,24,27,31,33,37,41,44,45,46,51,52,54,55,57,61,63,69,70,79,81,82,85,87,90,93,96,101,105,108,113,117,122,127,130,138,141 "35";
36 22 1 44,47,60,75,90,91,106,113,115,120,136 "36";
37 38 1 0,1,3,5,8,10,12,13,15,16,19,23,27,28,34,36,37,42,48,49,50,59,61,64,69,71,72,78,80,82,87,89,91,92,95,100,102,104,106,112,114,120,127,129,133,134,138,140,141,142 "37";
38 30 0 1,3,5,11,15,19,22,23,27,28,32,33,35,37,39,52,55,58,60,61,63,65,68,70,72,73,79,80,82,84,86,88,89,91,94,95,97,99,100,102,103,105,109,113,119,121,123,129,132,135,140,144 "38";
39 102 0 34,85 "39";
40 64 0 0,2,4,6,8,10,12,29,31,36,48,50,51,53,54,57,69,74,81,86,92,95,98,103,107,110,111,115,118,119,127,129,136,140,142,144 "40";
41 55 1 0,1,4,5,9,10,11,13,15,18,19,20,22,26,28,29,33,39,40,42,43,44,46,50,51,55,56,57,59,62,63,67,70,73,75,78,79,80,82,84,87,88,94,95,98,99,102,103,104,111,114,115,119,123,125,126,127,130,135,140,142,144 "41";
42 132 1 1,2,3,6,10,12,13,15,16,18,19,21,23,24,25,29,31,34,35,36,38,40,41,44,45,47,49,50,52,53,55,56,62,64,65,67,69,72,73,75,77,79,80,82,84,86,89,91,94,96,97,100,101,103,105,106,108,110,114,116,117,118,123,125,128,130,132,135,137,138,140,141,144 "42";
43 43 1 0,2,9,13,19,20,23,24,29,39,42,43,49,50,52,56,58,60,62,67,68,70,73,91,95,103,104,108,109,113,120,124,127,132,133,136,137,139,142 "43";
44 102 0 3,7,10,11,18,20,22,24,34,35,41,44,52,54,56,58,60,62,63,70,72,76,81,85,87,89,91,95,101,103,111,113,118,120,125,126,129,130,132,136,140,143 "44";
45 16 1 1,4,8,20,21,22,27,29,30,31,39,41,43,46,52,53,55,59,66,76,80,83,88,90,91,97,100,103,104,105,106,118,124,125,128,132,133,141,144 "45";
46 134 1 3,10,12,22,27,29,36,39,49,52,54,56,58,61,62,69,73,76,82,87,89,103,118,121,126,128,130,138,140,143 "46";
47 99 1 0,1,3,5,9,10,15,16,19,22,25,27,29,36,41,42,43,45,47,50,52,54,56,58,60,61,66,67,68,70,71,73,77,79,85,86,87,95,99,107,108,109,117,118,123,125,126,127,129,131,134,135,137,141,143 "47";
48 48 1 1,2,3,5,6,12,15,19,20,24,25,27,29,31,32,36,40,44,45,47,48,49,51,53,54,58,60,62,63,64,66,68,69,72,73,81,83,84,86,87,88,92,95,97,98,100,101,103,106,108,113,114,118,125,127,129,131,132,134,136,139,141,143 "48";
49 54 0 0,7,8,11,13,15,21,23,27,31,43,45,50,56,59,63,65,69,71,72,74,76,80,84,88,91,94,98,103,112,116,117,120,124,128,133,135,137,139 "49";
50 65 0 0,2,3,7,10,11,13,15,17,19,21,23,24,26,27,31,34,35,37,38,41,44,46,48,49,51,52,54,56,59,61,62,65,69,72,73,74,77,78,80,81,86,88,90,93,94,97,99,100,101,104,105,107,113,116,119,120,125,127,128,129,132,135,138 "50";
51 34 1 34,69,92,102,132 "51";
52 6 1 1,3,4,6,8,10,12,13,18,19,21,22,23,26,30,32,35,36,38,42,44,46,48,49,53,54,57,58,61,66,68,71,72,74,76,77,80,83,84,89,90,91,93,94,98,101,103,105,108,110,111,114,116,117,118,119,121,125,126,127,130,131,133,137,139,140 "52";
53 61 1 2,7,28,43,65,71,86,99,100,106,115 "53";
54 88 1 8,25,30,37,44,49,61,63,66,69,86,89,92,93,96,110,118,131,136 "54";
55 121 1 0,4,7,13,17,19,22,30,31,33,49,58,60,61,65,67,73,78,86,88,89,92,94,96,98,105,106,109,110,118,121,125,129,133,137,142,144 "55";
56 34 0 0,11,28,71,78,97,108,134,139 "56";
57 25 0 14,20,23,25,28,31,45,49,53,60,62,66,67,74,76,79,84,88,90,97,107,113,115,126,128,132 "57";
58 140 1 6,9,13,15,20,24,26,29,49,51,54,63,93,95,101,109,120,135,140,142 "58";
59 138 1 1,3,10,16,27,29,35,39,41,43,44,51,53,55,56,60,63,66,68,70,71,79,87,88,93,96,98,102,104,107,109,119,121,124,126,128,132,137 "59";
60 66 1 0,2,4,18,20,26,31,39,42,47,68,70,73,75,81,83,86,88,90,100,109,112,126,127,132,135,137,139 "60";
61 30 0 4,47,50,55,57,59,79,80,91,92,99,104,108,112,119,124,127,136 "61";
62 114 1 5,7,9,14,18,20,24,28,31,35,36,42,43,46,47,49,54,57,59,61,62,63,67,69,71,75,77,80,82,83,84,86,87,90,93,94,103,107,110,111,126,131,134,136,138,141 "62";
63 111 1 0,2,4,8,9,16,23,24,26,28,30,31,32,34,37,38,40,41,44,46,49,54,57,58,60,62,64,68,71,74,80,83,85,91,95,99,101,104,106,107,113,115,123,126,128,129,131,133,134,138 "63";
64 118 1 3,20,28,31,41,54,80,82,115,122 "64";
65 143 1 1,4,7,11,14,19,21,25,28,31,34,36,41,44,45,50,52,55,57,61,66,67,70,72,74,76,79,81,85,89,91,93,94,98,99,101,102,104,106,108,110,116,118,120,127,132,138,139 "65";
66 110 1 0,2,3,4,7,8,10,13,17,19,20,26,30,32,37,41,43,45,46,55,57,61,66,67,70,72,74,80,82,90,94,96,99,102,107,110,113,114,115,119,121,123,124,126,132,133,134,136,138,143 "66";
67 5 1 0,4,5,7,13,14,17,21,22,24,26,31,32,33,34,45,47,50,52,54,56,57,62,63,66,71,80,84,90,92,96,99,103,104,108,109,113,114,116,117,118,121,122,123,132,138,141 "67";
68 88 0 5,8,14,16,22,24,27,32,43,46,53,63,65,68,71,81,84,108,121,134,135,142,144 "68";
69 19 0 1,3,4,7,8,10,12,15,17,18,20,23,24,27,33,34,36,38,39,41,42,49,51,55,56,58,63,67,68,73,77,86,88,90,92,95,102,105,107,112,114,116,118,120,121,124,131,135,139,140,144 "69";
70 126 1 7,11,15,25,29,35,41,59,70,73,88,99,104,110,118,127,140,143 "70";
71 94 0 4,6,23,34,41,45,56,76,97,102,104,111,113,119,140,143 "71";
72 134 1 9,38,61,101,109 "72";
73 96 0 0,4,5,11,12,13,16,19,21,22,28,33,37,39,45,49,51,53,54,55,58,59,60,64,65,66,69,70,73,75,79,81,82,83,88,90,92,95,98,103,104,106,110,113,114,115,119,120,122,125,129,130,132,137,140,143 "73";
74 107 1 5,7,8,10,12,16,18,20,22,25,27,31,33,34,40,42,46,48,50,55,58,60,61,63,64,66,68,74,75,77,80,84,87,88,90,91,93,95,96,102,105,111,121,122,132,134,137 "74";
75 106 0 4,6,16,31,32,56,96,102,107,126,128 "75";
76 102 0 3,5,13,26,28,33,42,43,51,52,61,64,67,77,81,92,96,100,104,112,117,133,135,144 "76";
77 116 1 0,2,3,5,7,8,10,11,15,20,21,24,26,33,34,36,39,41,44,48,52,53,59,63,67,77,78,79,81,83,85,87,89,90,93,94,96,98,100,102,109,111,112,116,120,123,125,128,133,134,137,139,141,143 "77";
78 66 1 2,13,15,19,22,26,33,39,45,57,68,71,79,82,83,86,89,94,96,102,107,110,119,132,134,136,137,144 "78";
79 62 1 1,2,5,17,21,24,26,28,33,36,38,39,42,43,45,48,53,55,65,67,72,74,77,78,81,83,85,86,88,90,101,105,109,113,117,118,121,125,128,130,132,133,138,140,142,144 "79";
80 52 0 4,13,21,56,68,71,74,82,100,110,141 "80";
81 4 1 0,8,10,11,13,14,16,24,26,27,29,30,31,34,35,37,45,49,51,54,56,59,60,62,72,73,74,76,77,81,82,84,88,92,93,100,102,104,106,108,112,113,118,120,125,131,134,136,138,139,141,142,143 "81";
82 98 1 1,7,8,9,17,19,20,21,24,27,30,33,35,37,39,43,46,47,49,52,54,56,60,61,64,66,68,70,71,74,75,78,80,81,86,87,89,90,92,95,97,100,103,106,108,110,113,114,116,118,119,121,122,129,130,133,134,136,137,141,143 "82";
83 14 1 4,11,13,14,17,21,23,25,28,35,37,40,41,43,47,48,52,53,59,61,63,68,71,72,78,80,81,85,86,90,92,95,96,101,103,105,108,109,117,118,119,122,123,127,131,135,137,140,143 "83";
84 145 1 1,3,5,11,14,17,21,23,26,28,30,32,33,34,37,39,42,43,45,46,49,51,53,56,58,65,67,69,70,71,73,77,79,80,91,97,102,106,107,108,111,113,115,120,121,124,126,131,133,135,136,140,141 "84";
85 136 0 10,14,15,26,34,41,51,60,63,86,89,117,127,139 "85";
86 15 0 0,1,3,5,9,15,17,19,21,25,27,29,31,33,34,36,40,43,50,51,53,56,61,62,65,69,70,75,77,81,89,92,93,96,101,102,105,112,113,120,122,125,128,129,130,134,136,137,140 "86";
87 107 1 3,31,34,43,71,79,99,108,121,131 "87";
88 95 0 5,9,15,23,28,32,37,41,44,47,52,68,76,83,92,93,96,99,102,106,109,111,113,115,117,121,123,128,131,137,142,144 "88";
89 55 0 0,3,4,7,8,11,13,15,16,17,19,20,22,24,26,29,35,37,40,41,42,45,47,49,52,56,57,63,64,66,68,70,72,77,80,81,83,84,91,92,93,96,97,99,101,103,104,106,108,109,113,115,117,118,122,126,127,130,132,134,136,138,142 "89";
90 2 1 3,7,8,15,19,22,28,36,41,48,50,66,67,69,85,88,94,105,106,113,127,135,140,143 "90";
91 12 0 1,11,15,21,26,30,36,41,46,48,52,53,74,81,85,91,96,100,108,115,122,125,128,139 "91";
92 108 0 6,12,26,31,42,45,48,50,53,60,68,70,84,89,91,98,106,113,114,115,118,124,128,132,133,137 "92";
93 115 1 0,2,3,5,9,12,19,22,23,25,28,31,37,38,39,44,45,48,51,52,54,55,57,59,60,67,70,75,76,84,86,89,91,92,93,101,105,107,108,110,114,118,120,122,123,124,126,128,129,131,133,137,138,140 "93";
94 89 0 4,18,31,33,57,73,97,113,117 "94";
95 144 0 1,2,5,6,7,9,11,13,16,19,21,23,24,25,28,30,32,34,37,40,41,43,45,48,50,51,54,57,58,60,63,65,67,68,69,70,72,73,74,78,79,81,82,84,85,86,90,94,95,96,98,99,100,102,104,106,108,110,112,114,117,118,120,121,123,125,130,134,137,138,142,144 "95";
96 130 1 21,28,29,31,36,48,73,75,84,100,109,113,116,126,129,131,132,135,137,142,144 "96";
97 36 1 0,3,6,7,11,14,19,20,23,27,31,33,35,40,41,44,45,47,49,53,55,57,59,62,64,65,68,71,72,73,75,78,80,82,84,86,91,92,94,111,113,116,120,122,123,125,130,133,134,137,138,144 "97";
98 7 0 5,61,73,84,94,117,121 "98";
99 129 0 0,3,7,9,11,13,20,24,27,29,32,36,39,41,46,47,49,50,52,56,61,62,65,67,69,71,72,73,76,78,80,83,84,89,95,97,100,102,104,107,112,113,115,116,119,120,124,128,130,131,133,138,139,142 "99";
100 98 0 0,3,5,6,8,10,12,14,18,19,23,27,29,30,32,34,38,40,44,47,54,56,57,58,62,64,69,70,75,79,82,85,91,94,99,100,102,103,110,113,118,120,122,128,131,133,134,136,140,143 "100";
101 55 1 0,2,3,4,12,13,17,19,20,23,26,31,40,53,59,64,67,71,74,77,84,90,92,95,97,99,108,113,117,119,131,136,138,139,141,144 "101";
102 7 0 2,6,9,22,28,30,34,38,41,45,46,49,52,55,70,71,73,75,76,79,80,85,86,88,90,92,94,101,105,106,107,125,133,135,137,139,140 "102";
103 104 0 16,24,40,46,62,88,99,103 "103";
104 118 1 7,8,11,15,18,20,24,27,28,30,35,37,39,45,47,50,53,55,56,60,62,63,67,72,73,74,77,78,80,84,86,88,90,94,96,97,104,107,111,112,116,118,120,122,125,129,130,133,136,139,140,141,143 "104";
105 132 0 6,13,17,23,31,52,59,60,64,66,67,69,79,83,87,97,98,102,103,111,120,126,132,134,135,140 "105";
106 110 1 0,2,3,5,7,9,16,19,21,23,26,32,37,39,42,43,46,47,49,53,56,57,58,60,62,63,65,68,69,70,72,75,77,79,81,82,85,87,88,90,91,93,98,99,101,102,104,106,108,109,111,113,114,117,119,121,124,125,127,128,130,132,135,136,139,140,143,144 "106";
107 134 1 8,47,54,62,69,139 "107";
108 40 0 2,12,17,18,21,24,25,26,28,30,33,34,35,38,40,42,49,51,52,57,58,60,61,63,66,70,72,73,75,78,79,82,85,88,90,92,93,95,96,98,103,104,105,108,110,115,116,119,122,124,127,129,132,136,138,144 "108";
109 116 0 0,2,8,10,15,22,24,27,33,43,45,46,51,58,64,73,84,90,93,95,98,109,111,113,116,121,136,137 "109";
110 128 1 2,6,8,11,13,16,17,19,22,24,26,29,33,34,35,38,42,44,47,48,51,53,54,57,58,60,64,67,70,71,74,75,76,79,80,81,83,85,87,88,91,92,94,96,98,102,104,105,109,111,113,116,117,118,121,123,127,128,130,131,132,133,137,140,141,144 "110";
111 104 0 0,2,4,6,10,12,13,15,19,20,23,24,26,28,30,32,33,35,39,40,41,43,45,47,49,51,53,54,57,58,59,61,62,64,66,69,70,71,72,75,78,81,83,87,88,91,93,94,96,104,105,107,108,110,115,116,118,120,124,125,127,132,133,137,138,140,142 "111";
112 103 1 6,11,13,17,21,22,29,35,39,40,41,46,47,50,55,57,60,64,68,72,81,83,85,89,93,96,99,104,110,118,123,124,134,139,144 "112";
113 19 0 0,2,3,5,8,10,12,15,21,23,25,26,28,29,31,34,37,39,40,41,43,46,49,53,55,56,58,59,60,61,64,66,68,69,73,76,78,79,81,84,85,88,89,92,93,96,98,102,104,107,110,115,116,117,119,121,125,128,130,133,134,137,139,141,142,144 "113";
114 112 0 8,10,13,14,17,27,29,30,33,34,37,40,41,42,48,52,54,59,61,64,67,75,78,81,85,88,92,95,99,103,108,109,112,116,122,123,128,130,136,138,139,144 "114";
115 103 1 0,1,3,4,9,11,17,18,21,22,25,27,36,42,47,49,53,55,57,63,71,73,78,79,83,88,89,93,95,97,102,103,107,108,113,115,119,122,126,127,129,133,134,138,144 "115";
116 135 0 0,3,5,7,11,13,15,16,18,20,22,24,31,33,36,44,47,63,65,70,78,79,81,83,84,91,95,96,99,100,101,103,106,108,111,113,115,116,117,127,131,132,136,141 "116";
117 91 1 0,1,6,7,10,11,17,18,20,25,28,32,34,36,37,39,41,42,44,47,49,50,51,52,54,56,59,61,63,64,66,67,71,73,75,79,81,83,87,91,92,94,99,101,102,103,105,108,109,113,115,117,120,122,125,129,130,132,133,135,138,140,141,144 "117";
118 48 1 17,27,30,32,33,49,56,74,84,89,92,94,103,108,132,134,136,138 "118";
119 81 0 0,3,5,6,8,11,13,15,18,21,23,26,27,29,30,33,35,40,44,51,53,55,57,60,63,78,82,84,85,87,90,92,94,96,100,103,112,114,116,119,120,122,129,137,140,142 "119";
120 63 0 0,1,3,5,6,9,11,13,14,16,18,21,22,24,26,27,29,30,31,34,36,37,41,42,44,45,46,51,52,53,55,56,57,63,65,67,69,70,71,77,80,81,82,83,85,87,93,94,95,98,101,103,104,106,107,111,114,116,119,120,124,125,128,129,131,132,133,137,138,140,142,144 "120";
121 119 0 2,3,4,7,10,11,15,17,19,21,22,25,28,30,33,35,37,42,44,49,51,52,55,56,61,63,69,73,76,84,87,89,90,92,93,95,102,105,107,109,110,114,116,117,118,123,124,127,128,131,134,137,138,142,144 "121";
122 138 0 1,5,7,8,10,11,14,15,18,20,21,23,27,29,30,31,35,39,41,42,44,46,47,49,50,53,55,56,62,63,66,68,72,73,75,77,81,83,84,86,88,90,96,100,101,104,108,109,110,113,115,118,122,124,126,131,133,135,136,142 "122";
123 3 1 17,19,24,32,37,55,58,81,84,92,101,105,114,115,139 "123";
124 133 1 0,2,5,12,14,16,20,22,24,27,28,30,32,41,46,47,56,59,61,63,67,70,71,73,77,83,84,86,88,93,95,100,106,107,111,114,121,128,130,133,138,141,143 "124";
125 115 1 22,35,50,53,62,72,83,91,101,110,142 "125";
126 54 0 2,15,24,27,29,40,53,62,64,70,73,88,92,94,96,98,99,101,106,109,117,121,126,128,133,135,143 "126";
127 138 1 0,1,3,6,9,12,15,19,21,25,27,30,32,34,37,39,49,53,55,58,59,63,66,75,77,80,89,91,92,94,95,97,100,104,105,107,108,109,112,114,117,119,125,127,129,131,135,139,141,143,144 "127";
128 76 0 0,7,11,12,15,19,23,27,30,33,34,37,47,48,51,52,54,59,60,63,66,68,70,71,72,77,80,83,85,87,91,93,94,95,100,107,109,111,115,117,118,120,122,123,125,129,134,139,140,142,144 "128";
129 16 0 1,5,6,7,9,11,12,14,16,18,23,25,27,28,30,32,33,34,38,40,41,43,46,49,51,53,57,60,62,63,67,71,72,76,77,79,87,91,92,94,98,100,101,103,105,106,109,110,112,114,115,117,120,122,123,125,127,131,134,139,141,142 "129";
130 19 0 7,12,14,22,25,42,49,53,89,90,95,115,144 "130";
131 65 0 3,6,7,17,21,30,32,33,35,37,40,46,54,58,60,62,64,66,77,85,89,91,94,101,103,106,109,116,124,130,133,136,141,144 "131";
132 106 1 1,3,5,8,12,14,16,17,21,24,26,30,31,33,35,39,41,42,44,47,50,51,52,54,56,58,60,62,63,67,68,73,75,76,78,80,83,86,89,93,97,100,102,103,106,108,110,115,118,121,124,125,127,128,130,131,135,142,144 "132";
133 140 1 39,51,82,85,101,107,112 "133";
134 56 0 0,4,6,7,8,11,13,18,20,25,27,28,30,33,36,42,44,49,51,54,56,57,58,59,62,65,68,71,73,74,76,79,82,83,85,87,88,91,92,93,97,99,101,103,105,107,111,113,114,116,118,119,122,123,128,129,130,136,138,139,144 "134";
135 133 0 0,1,3,5,8,12,14,16,18,19,21,23,27,30,31,35,38,40,45,49,51,55,56,58,59,64,69,72,73,74,76,79,80,84,86,89,92,94,96,98,99,100,102,103,113,114,115,118,123,125,127,131,136,138,143 "135";
136 102 1 9,12,16,21,35,46,52,55,58,63,74,75,86,89,95,98,99,107,117,119,126,138 "136";
137 39 0 0,3,5,8,9,11,12,16,18,20,21,22,30,31,36,38,40,43,44,46,50,52,53,55,56,57,58,60,63,64,66,68,70,73,75,76,79,81,83,89,92,95,97,98,101,104,106,107,108,110,111,113,114,116,117,121,125,128,131,133,136,139,140,144 "137";
138 131 1 7,44,59,73,133,136 "138";
139 132 1 0,4,7,8,11,12,13,16,19,20,21,23,24,26,30,32,34,38,40,41,43,45,46,48,49,50,55,58,60,63,65,67,73,75,77,80,81,83,89,91,92,96,98,100,103,105,109,110,112,113,115,118,119,121,122,124,128,130,132,134,135,138,139,141,144 "139";
140 81 1 0,7,8,16,17,19,21,24,27,30,35,37,42,46,50,51,55,58,64,66,71,73,78,80,83,87,89,93,95,99,102,108,110,111,113,114,115,117,120,123,124,126,128,130,131,136,137,138,139,142,143 "140";
141 79 0 1,4,5,7,8,10,13,15,17,19,20,23,24,27,29,32,35,36,37,39,41,42,45,46,48,49,54,58,59,60,63,65,67,70,72,73,76,79,82,85,88,90,94,96,99,101,104,106,107,108,110,112,115,117,118,121,123,124,126,128,129,130,133,134,135,136,138,140,141,142,144 "141";
142 29 0 1,2,5,6,9,10,12,13,14,16,17,18,21,24,25,29,32,33,36,38,39,41,43,45,47,49,51,52,54,57,59,60,62,64,66,68,69,73,74,78,80,81,83,84,86,89,90,92,94,96,98,102,106,109,111,112,116,117,119,121,125,127,128,129,131,133,134,135,137,139,143,144 "142";
143 143 1 0,1,10,12,14,17,19,23,27,28,30,32,38,39,48,50,54,57,59,61,63,67,68,71,73,75,77,82,86,88,91,93,95,97,101,103,104,112,117,119,121,123,126,127,129,130,136,138,140,142 "143";
144 105 0 6,8,10,13,17,20,26,35,36,38,39,40,42,44,46,49,54,59,61,62,65,67,69,72,74,76,77,82,83,85,88,91,92,96,98,102,104,106,114,115,116,118,120,126,128,134,136,137,139,141,143 "144";
