parity 114;
0 75 0 4,14,16,23,24,44,47,52,53,60,63,80,89,108 "0";
1 27 1 0,7,13,19,27,36,46,54,56,59,67,68,73,75,87,90,92,109,113,114 "1";
2 47 0 0,6,7,8,10,17,18,21,23,26,27,30,32,35,40,44,45,48,50,51,53,57,59,62,66,68,69,71,73,77,80,81,83,87,90,91,92,95,99,104,105,108,110,112 "2";
3 80 1 3,9,14,16,18,23,24,26,27,29,32,34,39,41,58,63,68,69,74,75,78,80,83,85,89,94,100,108,112 "3";
4 112 0 8,19,28,29,31,65,76,79,80,86,95,107 "4";
5 88 1 4,8,13,17,20,26,27,29,31,37,41,42,43,47,48,50,52,59,65,67,70,74,76,80,82,83,84,86,87,90,92,93,97,98,99,106,108 "5";
6 43 1 0,1,4,5,6,7,9,13,15,18,22,24,27,28,30,33,35,39,41,43,47,49,57,60,63,65,67,69,72,79,82,87,92,95,97,98,101,102,104,108,113 "6";
7 31 1 0,15,67,76,95 "7";
8 69 0 5,13,22,24,28,30,34,40,41,45,46,53,55,60,62,64,66,73,90,92,94,96,98,101,104,106,110,113 "8";
9 20 0 2,4,10,15,19,24,32,33,38,42,47,55,58,63,64,68,73,76,79,82,86,90,94,98,99,102,104,112,114 "9";
10 97 0 2,58,64,66,68,76,77,97,101 "10";
11 38 0 20,21,31,33,34,36,39,41,46,54,58,60,67,73,76,83,84,86,87,90,91,98,101,102,109 "11";
12 113 1 0,1,2,6,11,12,16,21,23,25,26,29,32,44,46,47,49,53,55,61,63,70,72,73,74,76,78,81,85,87,90,93,94,97,101,103,106,109,111,113 "12";
13 62 0 19,29,34,44,61,67,82,92,103 "13";
14 29 0 2,4,6,11,12,14,15,17,21,22,24,26,28,31,33,34,36,38,39,41,45,48,52,54,56,59,62,63,64,66,68,69,71,75,77,80,82,83,84,86,89,90,91,92,93,97,98,100,102,104,105,107,108,111,112 "14";
15 46 0 0,2,5,11,14,15,20,25,31,37,40,43,48,50,51,52,53,56,57,61,63,69,72,79,80,82,84,88,89,92,97,101,102,106,109,111 "15";
16 39 1 2,6,14,17,19,24,26,35,36,38,41,47,49,52,60,61,64,81,84,88,90,99,100,108 "16";
17 98 1 22,72,83,91 "17";
18 47 1 2,10,13,16,18,23,28,39,41,44,47,51,54,57,63,72,84,86,87,90,99,104,114 "18";
19 13 1 12,25,43,45,47,56,85,114 "19";
20 28 0 9,13,15,20,31,32,39,44,50,52,59,62,64,68,69,72,74,77,87,96,102,105 "20";
21 50 0 1,6,9,12,14,26,31,35,41,43,47,49,54,68,69,74,76,79,81,87,90,96,98,101,107 "21";
22 91 1 1,3,5,7,8,9,11,12,17,19,22,25,27,28,32,37,38,40,41,42,43,46,47,50,51,54,55,59,61,65,67,70,72,73,79,84,86,91,95,99,103,105,106,108 "22";
23 40 1 7,11,22,29,50,62,68,78,91,93,95,97,99,103,111,112 "23";
24 82 1 1,3,11,14,24,26,27,30,38,43,45,46,51,54,55,57,62,67,71,74,80,89,90,96,98,106,112 "24";
25 1 0 49,95 "25";
26 100 0 0,4,7,9,11,12,13,15,18,21,24,25,26,28,29,32,34,37,40,42,49,51,52,54,56,60,62,66,68,69,72,74,77,80,84,86,89,91,92,93,96,97,101,104,105,110,114 "26";
27 75 0 1,3,5,12,15,16,17,26,27,30,34,39,40,43,46,50,52,55,56,59,63,67,68,70,71,72,74,75,78,80,83,85,87,88,89,90,91,93,94,95,98,99,103,107,111,113 "27";
28 69 1 2,4,6,9,10,13,14,15,19,21,23,26,28,30,31,32,34,36,39,40,42,43,49,51,53,54,55,57,59,61,63,64,65,68,71,74,75,77,79,81,84,86,90,93,95,96,98,99,101,103,105,106,109,111,112,114 "28";
29 100 0 2,6,7,8,11,13,22,25,31,32,34,35,39,41,47,48,50,52,54,56,59,61,62,64,67,72,74,75,79,83,84,86,87,90,92,93,98,100,103,106,107,109,112,114 "29";
30 76 1 0,4,5,7,8,11,13,14,17,18,22,23,25,28,30,32,34,36,38,39,42,44,45,46,49,52,55,57,60,62,64,65,67,68,72,73,78,79,81,84,87,88,90,93,94,95,98,100,105,107,110,114 "30";
31 27 0 60,69,112 "31";
32 66 1 7,9,15,18,20,32,46,53,56,58,60,65,68,72,75,77,82,86,93,96,99,105,108,109,112,113 "32";
33 101 0 1,5,8,10,11,14,21,24,26,30,35,42,46,50,52,53,57,59,61,64,65,66,68,69,72,77,78,80,83,85,88,91,93,94,99,103,107,110,112 "33";
34 107 0 0,3,5,6,10,14,15,16,17,19,22,24,25,27,29,31,35,36,38,40,41,46,50,52,54,57,58,61,62,63,66,67,70,71,73,76,79,82,84,86,88,90,92,94,95,100,102,103,111,113 "34";
35 64 1 4,7,11,13,15,16,19,24,26,31,35,38,53,54,56,58,66,72,82,91,92,95,100,104,105,111,113 "35";
36 97 1 8,14,33,36,37,38,40,60,62,67,71,73,77,79,82,85,95,98 "36";
37 114 0 1,2,4,5,8,10,11,13,14,16,18,19,20,22,24,26,27,29,30,31,32,35,37,39,44,47,51,52,56,58,62,63,67,69,70,72,73,74,78,79,80,81,85,87,88,90,92,94,98,99,102,104,105,106,108,109,111,113 "37";
38 99 0 0,1,5,6,8,10,13,16,19,20,28,30,31,34,41,42,44,51,53,56,63,68,71,76,80,90,91,95,97,100,102,105,106 "38";
39 2 0 13,15,29,35,42,43,52,54,63,83,94,105 "39";
40 75 0 0,2,4,5,7,8,11,13,15,17,19,23,27,29,30,34,36,38,48,50,52,55,57,59,65,66,67,69,70,72,75,78,79,82,83,84,87,89,90,93,95,97,102,104,107,109,112,113 "40";
41 19 0 5,10,14,26,27,29,32,34,37,41,43,49,57,60,62,63,64,66,69,72,73,75,76,81,83,85,87,94,96,98,107,108,110 "41";
42 63 0 0,7,10,13,16,20,22,24,27,29,31,34,37,39,44,48,49,51,59,63,68,69,74,76,78,80,83,86,89,93,95,97,100,109,110,113 "42";
43 53 1 1,3,8,11,13,14,22,25,27,29,34,35,40,43,47,49,52,55,56,69,74,76,79,81,83,85,95,96,97,100,103,105,106,112 "43";
44 11 0 0,1,8,9,14,23,25,31,33,35,38,41,43,44,48,51,64,68,69,71,75,80,84,87,88,93,95,97,99,107,110,111,112 "44";
45 102 0 2,4,6,7,11,13,15,19,20,25,27,28,29,30,33,37,40,41,45,49,51,52,56,58,63,65,68,70,74,76,77,81,83,86,90,91,95,97,99,100,105,109,113 "45";
46 74 0 7,25,33,36,37,40,46,51,54,60,67,68,71,77,91,95,100,112 "46";
47 11 0 74,99 "47";
48 69 1 0,2,3,4,6,8,10,12,14,16,17,20,21,23,26,28,29,36,39,48,51,52,54,58,61,63,65,67,73,74,77,79,83,84,86,91,93,95,99,101,105,107,110,112,114 "48";
49 28 1 30,77,92 "49";
50 110 1 0,5,7,8,12,15,19,28,30,32,34,43,45,51,52,53,60,64,66,68,72,73,78,80,83,90,93,96,98,100,106,108,109,111,114 "50";
51 59 1 1,4,7,9,12,16,21,26,32,36,41,52,54,61,62,68,79,83,85,90,92,96,114 "51";
52 78 0 6,8,10,11,15,17,24,27,31,36,37,39,41,46,47,48,50,51,56,58,63,69,72,74,76,81,85,91,93,98,101,102,103,108,109,112,113 "52";
53 114 1 0,4,6,8,11,14,15,24,27,39,41,49,50,51,55,58,67,69,71,73,82,84,87,89,96,98,99,103,110 "53";
54 72 1 0,1,5,14,23,25,29,32,37,43,44,47,49,58,59,61,64,65,67,70,76,77,78,90,91,102,112 "54";
55 78 1 9,12,13,16,23,25,26,29,33,35,36,40,43,45,47,51,53,55,63,65,67,73,75,79,83,85,89,91,93,99,103,105,106 "55";
56 10 0 12,44,60,66,68,79,85,91,93,95,98,100,109,114 "56";
57 64 0 28,30,37,38,56,62,67,78,96,107 "57";
58 30 0 0,2,4,6,7,9,10,11,12,13,16,19,21,22,25,30,35,37,44,45,47,51,52,54,56,58,59,60,64,66,68,70,73,75,77,79,80,82,84,86,88,89,91,92,96,100,101,103,106,110,112,113 "58";
59 50 1 31,39,42,71,76,80 "59";
60 36 0 17,20,44,48,51,63,76,83,84,92,94,99,105,106 "60";
61 80 1 35,51,76,81,103 "61";
62 110 0 0,2,4,8,11,12,13,16,22,23,24,28,29,31,34,36,41,44,46,49,53,54,57,58,59,66,68,70,72,73,75,76,79,81,84,91,92,94,95,96,98,99,105,109,113,114 "62";
63 3 0 13,38,62,65,84,96 "63";
64 103 1 1,2,4,5,7,11,13,14,16,17,18,20,23,28,32,34,38,39,42,44,48,50,53,55,57,59,62,65,67,69,73,75,78,81,83,84,85,88,94,99,102,107,111,114 "64";
65 100 1 27,46,48,55,58,71 "65";
66 109 0 10,30,93 "66";
67 76 0 1,2,5,7,9,14,17,22,24,27,29,32,35,36,39,41,43,45,46,52,54,56,57,67,77,80,85,90,95,97,98,100,104,106 "67";
68 69 0 0,1,5,8,10,15,18,20,31,36,44,46,49,55,61,63,69,73,74,77,79,82,84,86,90,93,104,114 "68";
69 34 0 0,3,5,8,10,16,20,23,26,29,30,32,33,40,41,44,48,52,61,75,76,78,80,88,89,91,94,100,101,105,109 "69";
70 51 0 42,46 "70";
71 23 0 10,12,19,27,38,41,43,46,54,58,67,69,79,85,89,95,103,104,107 "71";
72 23 1 3,32,34,40,43,46,48,52,55,89 "72";
73 77 1 2,5,6,8,10,17,20,32,33,37,42,43,48,54,57,59,67,82,83,86,87,89,93,94,97,99,105,111,113 "73";
74 110 1 2,6,13,16,24,25,35,38,39,46,47,55,58,59,62,63,64,66,67,70,71,73,79,83,86,88,95,97,100,101,107,108,111,113 "74";
75 98 1 41,46,83,114 "75";
76 99 0 5,11,14,17,18,19,21,23,27,33,36,37,39,42,44,52,54,60,62,64,68,78,83,85,86,88,95,105,108 "76";
77 97 1 0,3,6,8,10,12,14,16,20,21,23,24,28,33,35,36,37,39,40,41,44,47,51,52,60,68,70,72,74,75,85,86,88,90,91,93,94,96,98,103,106,107,108,111 "77";
78 16 1 0,3,5,11,12,13,15,16,18,19,21,24,25,26,28,29,31,33,35,37,40,42,45,46,47,49,51,53,54,55,57,60,62,64,67,68,69,71,73,74,75,77,85,86,88,89,91,94,95,96,98,101,102,105,106,107,109,113 "78";
79 23 0 1,5,8,14,24,28,32,39,44,46,61,63,68,71,79,82,83,88,90,98,104,106,107,109,113,114 "79";
80 62 0 24,26,69,71,82,113 "80";
81 109 1 9,44,66,105,114 "81";
82 112 0 2,3,14,19,32,33,37,40,42,44,46,47,49,51,53,55,57,62,64,66,67,70,73,79,81,84,89,95,98,102,103,107,109 "82";
83 11 1 6,8,9,13,14,18,25,33,39,45,49,54,65,71,72,75,79,83,85,86,95,99,103,106,107,110 "83";
84 12 0 4,7,17,19,25,26,33,40,46,52,54,60,65,71,72,74,79,82,84,89,97,113 "84";
85 46 0 1,5,9,11,14,16,18,22,25,26,28,29,30,31,36,37,39,43,45,52,56,57,59,61,65,68,70,72,75,76,77,79,81,87,90,93,94,96,97,98,102,103,105,109,110,112,114 "85";
86 98 0 1,5,6,8,10,11,12,16,17,19,22,24,26,27,28,29,33,36,38,40,41,43,50,52,53,55,56,61,64,65,68,72,73,75,76,80,85,88,89,93,94,96,98,99,103,104,108,109,112 "86";
87 85 1 10,13,19,30,33,38,47,51,70,78,84,90,93,100,103,105,106,108,112,114 "87";
88 44 0 3,8,11,12,14,19,21,31,38,43,47,52,64,66,69,70,71,73,77,85,96,97,98,103,104,107,109,112,114 "88";
89 68 1 0,7,9,11,13,15,17,18,23,25,27,28,29,31,33,37,39,43,44,46,51,53,55,60,62,63,64,72,76,77,79,81,83,84,85,86,89,90,92,93,95,97,98,101,104,107,114 "89";
90 23 0 0,3,8,9,10,11,12,13,15,17,20,22,23,26,31,33,36,37,39,40,44,45,46,47,49,50,53,55,58,60,61,62,64,73,74,80,82,83,84,85,87,89,90,91,95,98,103,104,106,107,108,109,112,113 "90";
91 32 1 0,1,4,5,10,11,13,15,16,17,20,21,22,24,28,30,31,33,34,36,40,42,44,45,47,48,50,52,54,58,59,60,62,65,68,72,75,78,79,82,83,84,86,88,90,92,93,97,98,100,101,104,106,107,110,113 "91";
92 6 1 0,1,3,5,7,9,11,13,16,18,20,21,22,25,28,29,31,32,34,35,37,39,41,42,44,46,48,51,56,58,61,63,64,67,69,71,72,74,76,80,88,90,92,93,95,97,98,100,101,103,107,108,109,112,114 "92";
93 19 0 1,2,3,4,5,10,11,12,14,15,19,21,22,24,25,27,29,34,38,40,41,42,46,47,51,55,56,59,60,67,69,71,73,74,77,78,80,82,85,88,89,92,95,98,100,101,103,104,105,107,110,111,113 "93";
94 15 0 1,3,6,7,10,12,13,16,17,20,21,22,24,27,30,33,34,36,37,38,42,44,46,47,49,50,52,55,56,58,61,62,64,66,67,70,72,75,76,78,80,81,83,87,92,97,99,100,102,104,108,109,110,112,114 "94";
95 60 1 3,7,14,21,26,29,33,35,40,43,45,47,48,49,53,54,58,63,66,71,76,79,83,86,92,94,96,110 "95";
96 21 0 1,2,3,6,7,8,17,21,25,29,31,32,36,38,41,43,50,52,58,60,61,65,67,68,69,72,73,75,77,79,82,83,84,87,90,93,94,95,97,100,102,105,106,108,109 "96";
97 88 1 0,3,5,6,8,11,12,13,16,19,23,25,26,28,31,34,35,38,43,45,48,50,55,56,58,60,61,65,68,71,72,77,82,84,86,87,89,90,92,94,95,98,103,105,109,110 "97";
98 26 1 3,4,5,8,10,12,13,16,19,22,24,25,26,28,31,32,33,35,36,40,41,42,44,46,47,48,49,53,55,57,59,61,62,63,64,69,71,74,77,79,80,83,87,88,92,93,95,96,97,99,102,103,104,105,108,109,110,113 "98";
99 38 1 6,11,12,21,30,38,43,46,60,64,73,79,80,84,91,101,111,114 "99";
100 64 0 0,2,3,4,7,8,10,13,15,17,18,19,21,23,25,27,29,33,36,37,38,40,43,45,47,49,50,51,55,57,60,66,67,68,70,71,73,75,77,78,82,84,85,86,89,91,92,93,95,96,98,103,104,107,113 "100";
101 24 0 3,8,10,12,14,20,22,25,27,32,34,35,38,39,41,43,44,47,51,58,61,64,67,69,78,82,86,89,91,97,106 "101";
102 28 0 0,3,7,15,16,21,25,27,30,32,33,36,37,38,40,45,49,55,58,60,62,66,69,70,72,73,74,75,77,85,92,93,96,102,103,106,110,111,113,114 "102";
103 23 1 0,3,10,11,13,14,16,21,22,25,27,31,34,35,36,39,43,45,48,51,53,56,57,59,65,67,69,70,71,74,76,77,79,81,84,88,90,91,93,94,96,98,105,111,113 "103";
104 5 0 5,22,25,30,31,34,45,49,50,53,55,63,64,65,68,73,77,80,89,90,100,114 "104";
105 45 1 16,20,34,53,60,65,68,75,82,87,89,103,106,111,114 "105";
106 72 1 17,34,79,95,112 "106";
107 38 1 1,2,4,6,13,15,17,31,36,37,42,46,49,56,59,62,64,73,79,86,89,93,95,100,102,108,110 "107";
108 79 1 1,2,4,7,10,12,16,17,18,20,22,23,24,28,29,31,33,35,38,39,40,43,44,46,52,53,55,57,58,64,65,67,68,70,71,72,74,76,77,79,81,83,84,86,88,90,93,95,97,98,101,102,105,107,110,111,113 "108";
109 17 0 5,10,16,19,27,30,31,37,46,50,53,56,60,63,65,66,69,77,86,89,91,93,95,99,100,107,112,114 "109";
110 62 1 0,2,4,25,39,40,47,56,66,68,70,73,76,79,86,91,92,102,108,113 "110";
111 98 0 0,2,11,14,17,19,21,22,25,27,34,36,43,50,55,61,66,68,73,78,83,85,86,91,93,94,97,99,100,104,108,109,113,114 "111";
112 114 1 1,8,10,12,13,15,17,19,21,22,24,28,31,32,33,37,38,39,42,46,47,48,53,56,57,60,65,67,69,71,73,77,82,84,86,88,93,95,98,99,102,105,114 "112";
113 29 0 0,2,3,6,8,14,16,18,20,21,24,27,32,33,35,38,40,42,44,46,49,50,53,56,57,59,61,62,64,65,67,71,72,74,75,77,83,84,85,89,91,93,97,100,104,105,108,109,111,114 "113";
114 111 0 4,5,13,14,17,19,21,23,25,27,29,30,32,34,39,42,45,47,50,51,54,55,57,59,62,64,65,68,69,74,75,77,80,86,88,89,91,96,98,100,103,110,113 "114";
