parity 131;
0 83 1 0,1,2,5,7,10,17,19,20,22,23,25,28,29,32,34,35,38,41,42,43,44,46,48,50,51,53,54,57,62,64,67,70,71,75,77,79,81,82,84,88,90,91,93,94,97,99,101,103,106,107,109,111,119,122,124,127,131 "0";
1 119 1 1,8,10,12,14,17,19,28,29,34,36,38,39,40,44,51,58,62,66,67,80,83,87,92,96,101,105,112,120,131 "1";
2 114 1 3,4,25,28,33,37,39,40,43,46,51,53,64,71,81,83,90,93,94,95,98,99,102,103,107,109,110,115,118,119,122,124 "2";
3 118 0 1,5,8,14,17,20,25,28,29,34,36,37,39,41,43,45,48,50,51,55,58,59,61,64,68,69,70,72,77,79,82,86,90,92,94,95,100,103,105,106,109,111,113,116,119,122,124,126,128,129,131 "3";
4 17 1 5,7,8,12,15,18,20,22,27,29,37,41,45,46,48,59,62,70,71,74,77,80,87,88,92,95,97,99,101,104,106,110,111,112,113,115,116,118,124,125,126,130,131 "4";
5 35 1 1,3,7,14,15,18,20,22,24,27,33,36,40,48,50,51,57,63,64,66,71,72,87,89,98,100,107,113,117,119,125,127,129 "5";
6 121 1 0,3,5,9,10,13,15,17,18,20,22,24,26,30,31,34,35,40,41,44,48,50,53,55,57,62,64,66,67,68,69,71,72,76,77,78,80,81,83,87,89,91,92,95,96,97,99,103,107,109,110,112,114,117,121,129,130 "6";
7 54 1 11,16,21,24,29,44,46,49,50,54,56,58,63,69,77,79,81,84,92,100,106,109,122,128,130 "7";
8 25 0 1,3,11,18,22,28,38,40,49,50,54,57,63,66,67,86,96,97,105,111,112,116,122,124,131 "8";
9 37 1 3,4,6,7,10,11,14,15,16,19,21,25,30,33,34,37,39,40,42,44,45,47,50,51,53,54,56,57,60,63,64,66,69,70,72,73,75,79,81,83,85,86,88,89,91,92,93,94,97,99,101,102,103,107,109,110,112,113,115,118,119,121,125,127,130,131 "9";
10 38 1 0,1,3,4,7,9,10,14,18,20,22,24,25,27,30,32,35,36,39,44,46,47,50,51,55,59,63,64,67,69,73,75,77,79,81,82,83,86,88,89,92,94,97,99,100,102,103,106,108,109,111,113,115,116,119,122,125,130,131 "10";
11 74 1 0,4,6,7,11,14,21,34,36,40,44,46,47,48,50,51,56,60,62,79,83,85,98,106,110,111,119,128,130 "11";
12 60 1 0,2,3,5,8,9,13,25,26,28,30,31,32,33,34,37,39,41,44,54,55,62,64,65,68,72,73,78,79,81,83,89,90,91,94,96,98,99,100,102,105,107,111,114,118,120,124,125,126 "12";
13 45 0 0,3,9,10,12,13,15,16,19,24,27,31,37,38,46,48,50,53,55,57,58,69,73,76,86,90,93,98,100,108,113,114,118,119,121,129,130,131 "13";
14 104 0 23,45,53,54,64,77,79,82,105,112,125 "14";
15 17 1 1,2,3,8,11,14,15,17,20,22,23,24,29,30,33,35,36,37,39,41,45,46,49,50,51,53,54,57,59,61,62,65,67,73,76,79,81,85,87,89,91,93,98,101,102,104,105,110,112,114,116,117,119,121,122,124,126,129,131 "15";
16 11 1 14,16,22,28,33,36,46,56,102,129 "16";
17 14 1 7,33,77,82 "17";
18 130 1 5,6,7,8,9,13,14,19,22,25,27,29,31,33,35,38,39,44,46,49,51,55,61,67,68,70,78,82,88,89,92,94,95,102,104,106,111,112,113,115,124,127,129 "18";
19 103 0 7,9,11,15,20,21,22,24,26,27,33,35,37,39,49,52,55,57,59,60,63,65,67,69,72,78,80,81,83,88,89,93,95,97,98,100,103,107,109,111,112,116,118,120,125,127,129,131 "19";
20 47 0 1,3,8,11,14,16,19,21,25,26,28,30,31,32,33,35,37,41,42,43,44,47,50,53,54,61,63,64,68,70,71,73,76,78,81,82,87,92,97,105,107,110,115,117,118,122,123,128 "20";
21 31 0 9,15,19,23,27,30,35,37,43,45,59,61,70,72,81,85,91,97,100,114,124,128,129 "21";
22 15 1 1,2,5,10,14,16,19,20,23,26,28,32,36,37,40,43,55,57,62,65,67,68,70,72,74,75,78,81,83,87,91,97,98,100,102,103,108,113,115,116,120,122,131 "22";
23 24 1 0,7,10,28,39,62,66,67,72,83,90,95,96,105,107,109,112,113,122 "23";
24 72 1 27,29,53,65,77,105,108 "24";
25 9 1 95,115 "25";
26 117 0 0,2,11,18,26,30,36,51,54,58,62,67,69,83,88,91,94,108,110,112,121 "26";
27 103 0 2,7,11,13,22,25,39,41,43,49,58,65,67,76,78,80,95,101,108,116,125,128,130 "27";
28 44 1 4,6,8,9,13,16,18,20,26,28,32,38,50,58,73,75,79,81,83,92,93,98,100,108,111,118,125,126,129 "28";
29 40 0 1,6,8,12,13,19,23,24,38,39,43,45,52,56,61,63,65,68,71,74,77,80,84,85,88,90,93,95,97,100,102,103,106,108,111,112,114,115,117,120,126,128 "29";
30 29 0 0,1,3,4,11,15,17,20,26,27,28,30,32,34,38,40,41,43,45,48,50,53,56,64,67,70,74,78,82,84,85,87,92,93,95,97,100,105,114,116,117,119,120,124,125,126,128,131 "30";
31 26 1 1,4,5,8,9,12,13,14,18,21,24,25,27,33,35,38,42,47,51,52,55,60,63,65,71,72,76,78,79,80,81,83,85,87,88,91,100,103,105,109,111,115,117,121,125,128,130 "31";
32 47 1 0,1,5,8,13,15,19,20,24,27,28,30,34,35,38,39,42,45,47,48,52,58,60,62,63,65,66,68,69,73,74,78,84,89,90,91,92,94,98,100,124,127,129,131 "32";
33 41 1 13,78,83 "33";
34 67 1 3,4,5,7,9,10,11,15,21,23,24,28,31,33,34,37,44,46,50,56,57,58,60,62,64,66,68,70,72,74,82,88,90,92,93,94,97,100,102,106,108,110,111,113,115,116,120,122,124,126,127,128,129,131 "34";
35 129 0 0,3,6,17,18,20,21,25,27,29,33,42,46,48,50,52,54,55,59,62,63,65,66,68,71,73,76,82,88,90,96,97,98,101,104,106,108,112,114,118,120,129 "35";
36 102 0 2,6,10,13,17,23,24,28,29,34,36,42,43,50,52,54,58,61,63,67,70,77,81,84,86,89,96,98,103,108,115,117,119,121 "36";
37 11 0 3,9,15,27,30,34,38,40,45,47,61,64,67,76,78,83,84,88,93,94,105,111,115,118 "37";
38 92 1 0,3,16,22,44,50,56,58,64,97,103,114,119,122,127,129 "38";
39 85 1 6,20,32,35,41,48,56,68,70,76,79,85,88,92,95,105,106,112,115,123,130 "39";
40 88 0 8,11,13,22,26,29,30,36,42,46,48,49,56,68,90,96,101,112,119,121,125,129,131 "40";
41 61 0 0,5,10,14,18,20,22,24,30,42,50,56,57,62,65,73,76,79,82,86,88,89,95,98,117,119,123,126 "41";
42 4 1 11,14,20,21,28,39,46,72,75,95,101,116,119,123,131 "42";
43 19 1 2,3,4,11,17,18,19,21,22,24,25,27,29,30,32,37,39,41,43,45,48,49,50,52,55,60,62,63,68,69,71,74,77,80,82,84,87,91,93,94,96,97,98,103,105,109,110,112,113,117,119,120,122,123,125,128,131 "43";
44 41 0 0,2,4,18,20,22,26,29,32,41,43,47,52,54,56,60,67,69,71,88,91,97,98,104,113,116,124,127 "44";
45 57 0 0,2,6,8,9,11,16,18,19,21,24,28,29,31,33,35,38,41,42,45,46,48,54,56,58,61,63,64,67,68,71,74,80,82,85,86,88,90,92,97,100,102,105,106,107,109,113,114,115,117,119,124,128,130,131 "45";
46 127 1 0,3,5,11,12,15,17,20,22,24,26,30,31,36,38,45,48,52,53,56,58,67,71,73,74,78,81,84,87,88,90,92,93,95,97,102,105,107,111,112,114,116,117,118,119,123,126 "46";
47 61 0 0,2,5,6,8,9,10,12,13,15,17,21,24,27,28,33,34,37,39,41,47,49,51,53,57,58,60,62,66,68,70,71,72,74,77,78,79,81,82,83,89,90,94,97,100,104,105,108,110,113,116,118,119,121,122,123 "47";
48 92 0 0,7,14,16,20,34,55,56,62,69,73,80,86,93,95,97,102,107,111,125,130 "48";
49 129 0 0,6,8,14,21,33,54,64,68,70,72,74,78,83,88,100,101,103,104,106,109,116,118,121,127,130 "49";
50 3 0 1,3,8,22,25,29,40,46,48,72,84,94,99,101,104,107,117,122 "50";
51 78 1 15,84 "51";
52 71 1 1,2,4,13,14,17,19,31,39,40,42,47,51,55,70,71,80,85,88,90,95,97,112,124,127,130 "52";
53 78 0 19,109 "53";
54 66 1 0,6,8,12,14,32,38,45,47,48,50,56,57,63,65,68,75,77,80,82,89,90,92,97,100,110,112,115,118,119,121,125,129,130 "54";
55 5 0 0,2,4,6,7,11,15,16,19,25,26,29,34,36,46,48,51,55,59,64,66,69,70,72,76,78,85,86,88,90,99,102,106,108,112,114,116,118,122,126,127,129,130 "55";
56 17 0 1,2,3,8,10,13,15,16,18,20,22,23,29,33,35,36,39,41,42,44,50,51,54,58,60,62,64,65,68,69,72,73,79,80,85,88,91,92,97,100,102,104,105,111,113,115,117,125,128,129 "56";
57 119 0 2,3,5,6,7,10,15,19,22,29,30,33,35,38,40,42,46,49,51,52,53,55,56,60,63,65,67,69,70,73,75,80,82,83,87,89,92,94,95,96,97,100,102,105,106,108,110,112,117,118,120,122,124,125,127,129,131 "57";
58 120 0 1,5,8,9,11,14,18,20,22,23,24,26,30,33,36,37,38,42,44,46,47,48,50,52,54,56,58,59,61,63,65,69,71,73,75,77,78,80,82,84,87,89,90,92,93,94,97,99,104,110,112,113,115,117,120,123,125,126,128,130,131 "58";
59 42 1 0,2,4,5,7,9,13,17,20,21,31,36,38,41,43,46,50,55,59,64,68,69,71,77,81,84,89,94,97,101,104,106,109,113,114,118,122,124,126,128 "59";
60 87 0 2,5,8,10,29,39,88,91,97,100,103,118 "60";
61 51 1 0,2,7,11,16,17,24,29,31,33,37,40,42,47,51,57,64,67,73,83,84,87,88,93,97,100,107,108,109,110,113,117,120,122,128 "61";
62 10 1 1,3,4,6,9,10,12,13,15,17,18,20,21,23,25,28,30,33,35,37,38,41,42,45,48,49,51,55,56,57,59,61,66,68,72,74,77,79,80,81,82,83,87,88,89,95,99,102,104,106,109,110,112,113,119,122,125,127,130 "62";
63 101 1 1,9,13,15,19,24,29,32,33,35,39,45,48,50,54,56,58,61,62,64,66,67,69,74,76,83,86,90,91,93,97,102,107,109,115,118,123,124,125,128,131 "63";
64 76 0 8,10,11,14,17,25,27,36,39,52,55,57,63,65,66,68,74,82,84,85,87,88,94,97,100,107,120,126,129 "64";
65 4 0 1,3,5,8,12,13,16,17,19,22,24,25,27,31,32,33,35,37,40,45,47,49,52,56,60,61,63,64,66,67,68,71,73,75,76,79,80,81,85,87,88,90,91,92,93,95,97,99,101,102,104,106,108,110,112,113,114,118,119,120,122,124,126,127,129,130 "65";
66 63 0 15,18,25,29,35,40,55,73,92,106,108,110,119 "66";
67 92 1 8,25,37,40,111 "67";
68 94 0 38,76 "68";
69 109 0 3,12,21,25,28,34,38,55,56,67,127,130,131 "69";
70 89 0 1,3,6,9,19,21,22,27,31,35,36,39,43,50,58,59,61,65,69,72,74,76,81,85,87,92,95,100,102,105,107,109,111,120,124 "70";
71 9 0 0,2,3,10,11,13,14,17,19,20,21,24,27,28,31,33,34,36,38,42,43,45,46,47,48,54,55,58,59,67,69,70,74,77,79,83,86,88,91,93,95,97,100,102,107,113,115,116,117,120,121,123,125,126,127,130 "71";
72 67 1 0,2,3,4,5,7,9,10,11,12,17,19,22,25,28,31,33,34,37,41,43,49,51,53,54,58,59,61,65,67,69,70,76,77,79,80,81,82,84,86,89,93,96,97,99,101,106,108,110,112,114,116,117,118,121,123,125,127,130,131 "72";
73 44 0 15,18,20,22,24,28,45,51,54,74,76,82,98,99,108,113,125,130 "73";
74 42 1 3,7,11,14,24,27,34,36,37,39,43,49,53,55,57,68,74,75,77,80,82,84,89,91,92,98,106,108,111,112,113,115,117,121,122,125,126,130 "74";
75 129 0 2,8,10,11,14,16,23,25,26,30,32,35,41,59,63,67,72,73,79,81,82,84,87,93,99,101,108,110,115,126,131 "75";
76 36 0 1,4,8,10,12,13,15,16,19,21,22,23,27,30,31,33,39,42,44,45,48,49,53,55,60,62,63,68,75,77,79,89,91,93,95,97,104,108,110,112,114,118,119,121,122,123,124,126,127,128,129,131 "76";
77 92 1 0,5,7,10,12,13,14,16,17,19,20,22,23,25,29,30,31,32,34,35,36,39,42,44,46,49,51,56,57,58,59,62,65,66,68,70,71,73,77,78,79,80,82,84,86,89,93,97,102,103,104,106,108,114,115,119,121,122,123,125,128,129,130 "77";
78 127 0 1,2,4,5,6,7,11,14,16,18,19,22,23,25,27,29,32,35,36,38,44,46,48,50,52,56,59,61,62,65,68,69,70,72,74,77,80,82,84,85,86,87,91,92,94,95,96,97,98,100,102,104,106,108,111,113,115,118,120,123,125,128,131 "78";
79 29 1 15,24,37,45,52,80,109,112 "79";
80 24 0 0,2,6,8,9,14,17,18,22,23,25,27,32,34,36,38,41,43,45,46,48,54,56,58,59,61,65,70,75,77,79,85,86,87,89,92,99,100,101,103,104,105,107,108,112,114,118,124,126 "80";
81 65 0 11,13,25,38,83,113 "81";
82 14 0 1,2,5,7,9,10,12,14,15,19,21,22,27,28,30,32,33,35,37,38,40,43,44,45,48,49,51,55,56,58,60,61,62,64,66,71,72,74,75,76,78,80,81,84,86,89,92,94,96,101,102,105,107,109,111,113,115,118,119,120,123,125,127,130 "82";
83 81 0 0,1,4,6,7,10,15,17,19,21,23,27,30,31,34,37,39,42,43,45,47,48,50,52,53,56,57,59,61,63,64,68,70,75,76,81,84,85,88,90,91,92,94,97,99,100,102,103,104,108,110,111,119,120,122,123,125,128,129 "83";
84 19 1 8,12,18,22,24,42,44,49,54,61,63,68,73,81,93,102,108,118,120,126,129 "84";
85 75 1 0,1,3,4,6,7,9,11,16,20,21,22,28,31,33,34,36,39,40,49,51,53,58,60,63,71,73,75,80,84,85,86,88,91,95,96,100,103,107,108,110,112,116,120,124,128,130 "85";
86 21 0 1,8,13,15,19,24,28,32,33,40,47,48,51,55,64,67,76,80,92,93,96,103,119,120,123 "86";
87 96 1 4,8,9,14,15,17,19,21,22,24,25,27,29,30,32,34,35,40,42,43,45,46,51,53,55,58,59,62,65,69,72,73,75,77,78,82,83,85,92,93,95,96,98,99,101,104,107,109,110,112,113,115,116,117,119,120,122,124,126,127,128 "87";
88 110 0 3,9,11,17,26,32,35,38,41,44,46,48,51,54,60,61,63,70,72,77,81,82,87,89,99,103,108,113,114,120,123,124 "88";
89 116 0 6,10,17,19,24,27,31,33,35,36,40,45,51,56,60,61,63,67,71,73,74,77,78,79,86,88,90,94,105,107,108,110,112,119,122,124,125,126,131 "89";
90 118 1 3,6,7,12,13,14,16,19,20,23,24,26,32,33,34,37,39,40,42,46,51,52,53,55,57,61,64,66,67,68,70,73,75,79,80,82,83,84,87,88,92,93,94,95,97,99,100,102,104,105,106,107,110,111,112,113,117,118,119,121,127,128,131 "90";
91 2 1 2,4,8,12,15,22,23,25,26,33,36,37,45,46,49,51,59,61,62,64,69,72,80,82,87,89,91,92,97,99,107,111,112,122,125,127,129 "91";
92 116 1 8,33,39,54,65,73,80,88,92,99,117 "92";
93 30 1 17,27,30,40,48,55,57,64,73,76,81,89,94,100,106,108,111,115,117,122,124,126,129 "93";
94 83 0 0,1,5,9,14,18,26,29,33,34,35,38,39,42,44,45,47,48,49,50,52,54,57,58,60,62,63,66,67,68,72,74,76,77,82,83,85,86,88,92,94,98,99,100,102,106,107,108,111,114,115,116,119,120,122,123,124,126,127,129,131 "94";
95 83 1 24,31,38,73,81,99 "95";
96 30 1 0,3,8,11,15,17,20,21,23,27,28,29,30,32,33,44,45,50,52,54,60,64,69,72,77,82,84,88,91,94,96,100,106,107,110,112,114,116,117,123,124,128 "96";
97 9 0 2,4,10,17,19,28,42,47,48,51,52,63,69,74,79,90,94,96,98,103,105,106,123,125 "97";
98 78 0 1,4,6,11,13,16,20,23,26,33,35,37,41,47,49,51,52,57,59,61,66,71,77,78,84,91,92,93,95,101,107,109,120,128,130,131 "98";
99 107 0 6,9,14,23,27,44,66,68,78,82,91,103,107,111,112,116,119,121 "99";
100 111 0 12,14,36,65,72 "100";
101 5 0 2,4,7,14,23,24,26,28,30,32,34,36,38,39,48,50,56,58,61,65,67,74,82,86,95,97,99,100,102,104,105,107,109,111,116,117,120,122,124,126 "101";
102 63 0 1,3,5,6,13,14,15,20,28,34,38,39,44,45,51,54,55,58,61,62,67,69,71,72,74,76,79,82,85,89,91,93,95,97,98,101,103,106,108,109,111,113,116,121,125,128,131 "102";
103 29 0 6,8,11,14,17,20,22,23,25,27,32,36,37,40,48,49,50,51,53,54,56,58,59,62,64,70,73,74,76,80,81,86,87,94,96,97,106,108,111,113,115,120,121,123,125,128,130 "103";
104 64 0 0,1,2,7,9,11,12,15,16,17,18,22,25,28,31,34,39,40,42,45,47,48,49,51,52,54,56,58,60,61,63,64,65,69,70,73,75,76,77,81,83,88,90,93,94,96,98,99,100,104,107,110,111,112,113,117,118,120,123,125,126,127,130,131 "104";
105 63 0 0,4,13,26,50,54,58,68,90,95,108,113,118,121,126 "105";
106 23 0 1,2,6,9,11,13,25,26,29,31,32,35,36,37,38,39,41,45,47,48,50,52,53,55,59,66,70,74,77,80,83,85,86,88,90,91,93,98,102,112,113,114,117,118,124,126,131 "106";
107 19 0 2,3,7,10,12,14,16,17,19,22,24,28,31,33,36,37,39,41,42,43,45,49,50,52,54,58,60,61,63,66,70,73,77,79,80,82,84,85,87,89,92,97,98,99,100,102,105,107,109,111,113,117,120,121,122,124,127,129,130 "107";
108 40 0 0,1,3,8,16,22,25,28,30,34,35,37,39,43,47,49,51,52,60,62,64,67,69,70,72,74,76,78,83,84,85,87,89,91,92,97,99,100,105,107,109,111,114,116,118,124,126,129,131 "108";
109 96 1 3,4,6,10,13,16,19,21,22,24,26,27,31,32,35,37,44,49,53,58,66,72,79,82,85,86,87,95,96,97,98,99,105,107,108,116,118,124,125,127,131 "109";
110 112 1 0,4,7,9,11,12,13,15,17,18,19,22,24,27,31,32,33,35,36,37,38,40,42,43,47,48,50,52,55,57,58,60,64,66,68,71,73,75,77,79,81,83,85,86,90,91,92,95,96,99,100,106,111,113,114,117,121,123,124,127,129,130,131 "110";
111 48 0 1,2,6,10,11,13,17,19,21,24,26,28,32,33,35,43,47,49,50,59,62,66,67,69,80,84,86,89,91,93,96,98,107,109,115,116,118,120,122,126,127 "111";
112 31 0 0,2,3,5,6,10,11,12,13,18,21,23,24,28,30,33,34,38,40,41,42,43,46,49,51,52,54,55,57,58,60,62,63,65,66,70,72,73,75,77,78,80,81,83,86,88,89,90,98,100,101,102,104,107,111,112,114,116,118,121,127,129,130 "112";
113 40 1 1,2,3,11,16,26,36,38,50,57,65,69,74,77,87,98,100,104,110,113,115,120,124,127,129,131 "113";
114 42 1 0,1,7,25,27,31,40,57,86,111,113,121,123,126 "114";
115 128 1 6,8,12,14,20,22,26,45,57,61,69,71,77,81,86,89,118,120,123,125 "115";
116 24 1 0,4,6,20,30,38,51,52,59,60,65,93,131 "116";
117 76 0 2,4,7,9,11,13,16,20,22,24,25,28,31,35,38,41,43,44,46,48,49,54,55,56,58,60,62,64,66,70,71,73,74,76,78,85,86,87,90,94,98,103,105,106,110,113,114,119,122,126,131 "117";
118 5 1 0,6,10,11,14,19,22,23,27,28,30,32,34,36,37,39,46,51,52,54,58,61,62,64,65,68,73,74,77,79,81,86,87,91,93,95,97,102,104,107,112,116,118,125,127,128,131 "118";
119 45 1 0,2,5,7,9,12,14,16,19,20,23,24,26,30,34,41,46,48,49,51,52,55,59,60,62,64,67,70,71,75,76,78,79,81,84,89,91,94,95,98,100,102,104,105,107,109,112,113,114,116,122,124,126,127,129,130,131 "119";
120 11 0 1,3,10,11,14,15,20,23,29,32,34,35,36,38,39,41,44,45,48,50,51,52,54,56,57,59,61,63,67,71,74,77,82,83,85,91,97,98,102,105,108,109,111,112,114,118,120,123,125,126,129,130 "120";
121 117 1 2,4,7,11,14,15,17,19,22,23,24,31,33,37,40,41,42,45,50,52,54,55,56,60,61,63,64,66,68,73,74,77,79,81,82,85,92,93,98,100,103,107,108,110,113,115,117,118,120,121,123,125,126,128,130,131 "121";
122 128 0 5,6,11,14,18,21,24,27,29,31,38,40,42,45,46,49,53,55,57,59,63,67,68,74,75,77,80,83,85,89,90,93,97,99,101,103,105,106,107,109,111,114,115,117,120,121,124,126,128,130,131 "122";
123 50 0 4,6,7,8,18,23,25,27,30,32,42,45,49,64,70,74,76,80,81,87,89,90,94,96,99,101,102,104,115,117,120,121,126,130 "123";
124 45 0 0,2,4,9,17,19,20,22,25,27,32,34,36,37,40,41,44,45,47,49,54,57,58,62,67,68,70,73,77,82,84,87,92,94,96,97,102,103,107,117,119,121,123,126,128,129 "124";
125 52 0 1,3,7,9,11,12,13,18,19,20,21,23,24,28,29,31,34,35,39,41,44,46,49,51,52,54,57,58,59,61,63,68,69,70,72,73,76,77,78,79,81,83,84,87,89,91,92,95,96,98,100,103,105,106,108,109,111,112,114,116,117,121,123,125,127,129 "125";
126 132 1 7,19,23,46,60,63,75,79,81,83,117,119 "126";
127 36 0 1,3,6,7,11,17,20,23,24,26,28,36,37,40,44,46,48,54,56,57,59,60,61,66,67,70,76,80,81,83,85,89,91,96,100,103,109,112,114,116,117,120,123,127,129 "127";
128 0 0 0,3,4,7,10,13,21,24,25,30,38,44,46,48,51,52,55,58,66,68,70,73,78,80,83,86,87,88,90,93,95,96,99,102,106,107,109,112,115,116,118,126,129,131 "128";
129 114 1 0,1,2,4,6,9,11,14,17,19,25,28,32,34,37,39,44,47,48,53,56,59,60,61,63,66,68,71,74,76,78,79,81,84,88,89,94,95,97,98,99,102,104,108,110,112,116,117,118,120,121,122,123,124,127,129,131 "129";
130 30 0 0,2,3,5,7,9,11,12,14,21,24,25,28,34,35,39,44,45,47,48,50,51,52,54,58,59,60,64,68,69,71,72,75,77,80,82,84,92,93,94,95,97,98,99,103,104,106,108,109,111,113,114,116,118,120,122,123,127,129 "130";
131 0 0 4,8,10,11,13,14,16,21,22,25,27,30,32,39,43,46,50,55,56,58,63,64,68,70,76,80,81,83,84,87,89,95,96,100,102,105,107,109,110,116,118,120,121,126,130 "131";
