parity 51;
0 24 1 0,15,16,19,24,26,31,47 "0";
1 0 0 0,1,4,6,7,9,10,14,16,18,20,22,24,37,42,44,45,46,49,50 "1";
2 45 0 7,15,22,28,36,37,40,48,50,51 "2";
3 20 1 0,2,7,8,11,12,13,15,16,18,22,26,28,29,31,33,35,37,38,39,42,46,48 "3";
4 21 0 0,2,10,11,13,18,26,28,31,35,45 "4";
5 34 1 0,5,15 "5";
6 24 0 42,47 "6";
7 39 1 0,2,3,4,6,11,14,18,22,24,29,34,40,46,47,48,50 "7";
8 29 1 19,37,45,48 "8";
9 19 0 2,20,28,29,45 "9";
10 1 0 0,10,22,28,47 "10";
11 40 1 3,6,9,11,13,17,18,21,23,27,30,35,37,38,40,42,49 "11";
12 47 1 2,11,13,15,26,37,38,42,45,49 "12";
13 30 1 0,1,3,5,8,10,16,18,20,21,23,30,37,48,51 "13";
14 14 0 0,1,4,9,10,12,14,15,17,22,24,26,31,33,34,36,37,38,41,43,47,50 "14";
15 7 1 0,2,5,6,9,10,12,13,18,19,26,27,29,34,36,38,44,45,47,48,50,51 "15";
16 18 1 2,4,7,15,17,19,20,21,24,26,28,30,34,36,37,41,42,49 "16";
17 28 1 12,13,16,21,30,42,46,50 "17";
18 28 0 4,5,16,22,23,27,28,38,41,46,49 "18";
19 7 0 6,24,30,32,36 "19";
20 36 1 0,19,40,44,48,49 "20";
21 11 1 1,4,6,7,10,11,14,15,19,25,26,30,32,33,35,37,42,44,47,51 "21";
22 51 0 0,3,5,7,11,13,14,16,19,22,24,26,27,28,30,32,33,35,38,39,41,42,44,45,48,50 "22";
23 33 1 19,41,46 "23";
24 25 1 4,7,9,21,25,26,32,39 "24";
25 51 1 29,34,42 "25";
26 26 1 11,16,21,41 "26";
27 49 0 2,10,12,15,17,21,25,27,30,38,41,45,48,50 "27";
28 51 0 0,3,6,8,9,11,14,16,17,18,21,23,24,26,30,31,33,34,35,37,39,41,42,46,48,49 "28";
29 13 1 0,1,4,6,8,10,11,15,17,20,22,28,29,31,33,34,37,39,42,45,46,47,50,51 "29";
30 8 1 37 "30";
31 50 1 5,26,27,28,37,51 "31";
32 0 1 0,4,5,8,13,14,19,20,24,32,34,35,44,50,51 "32";
33 6 0 9,17,18,36,40,45,48,49 "33";
34 48 1 3,4,6,8,11,17,21,23,26,30,37,38,40,41,46 "34";
35 21 0 3,4,10,11,13,15,16,19,22,24,27,31,32,34,35,36,38,40,41,43,44,45,47,51 "35";
36 22 1 1,7,23,30,32,36,37,41,46,48,49 "36";
37 28 0 1,7,12,13,16,19,23,26,31,34,36,41,43 "37";
38 3 0 4,5,6,8,10,13,19,22,23,24,27,31,33,35,37,39,41,43,47,49,51 "38";
39 17 0 3,4,7,10,12,20,22,23,25,35,41,47,49,50 "39";
40 20 0 4,6,10,17,28,29,32,34,36,38,41,42,48,49 "40";
41 46 1 2,5,6,7,14,16,20,22,24,26,29,30,31,34,36,41,43,47,50,51 "41";
42 46 0 6,7,9,12,13,16,17,25,37,39,41,45,49 "42";
43 15 1 0,3,7,9,20,21,22,26,27,30,32,49 "43";
44 20 0 2,6,8,10,18,21,23,27,28,36,37,40,42 "44";
45 1 0 3,5,9,11,12,18,20,22,25,35,37,41,45,48,49 "45";
46 11 1 14,21,28,41,46 "46";
47 29 1 1,2,5,10,15,19,21,26,34,40,42,43,45,46,48,50,51 "47";
48 38 1 0,2,4,12,15,16,18,21,24,25,28,29,33,34,36,37,39,40,42,44,45,47,49,50 "48";
49 18 0 0,1,9,12,13,16,19,23,25,29,34,37,41,48,50 "49";
50 37 0 0,1,5,7,9,12,16,17,20,24,25,26,29,31,33,36,42,45,48,50 "50";
51 23 1 0,2,3,4,6,8,9,12,13,16,18,19,21,23,26,28,35,36,38,39,41,42,45,48 "51";
