parity 58;
0 15 0 5,7,11,22,24,27,30,32,33,49 "0";
1 16 1 1,3,6,7,10,11,13,16,20,22,24,26,29,30,32,33,35,38,39,40,41,43,44,47,49,50,51,53,54,58 "1";
2 48 0 9,21,28,38,41,43,50,53,58 "2";
3 45 0 0,5,7,10,14,16,19,21,22,25,26,33,36,38,41,44,47,48,51,54,57,58 "3";
4 57 1 0,2,5,10,12,16,18,20,21,23,25,28,30,32,33,36,37,40,43,45,47,49,50,55,57 "4";
5 24 0 0,8,11,17,20,25,33,42,44,53 "5";
6 12 1 8,10,34,52 "6";
7 53 0 2,4,9,14,16,18,20,35,37,40,41,42,43,49,57,58 "7";
8 5 1 36,48 "8";
9 5 1 0,2,13,17,18,21,28,34,36,40,44,46,48,49,52,57 "9";
10 18 0 3,5,6,7,9,10,11,13,15,17,18,20,23,26,27,29,31,33,34,36,37,39,41,44,45,50,51,55,56 "10";
11 47 1 3,4,8,10,12,13,16,25,30,33,34,36,37,41,44,46,54,57 "11";
12 52 0 0,5,7,8,9,11,12,13,15,17,18,19,20,21,24,29,30,33,35,36,37,39,42,43,45,48,49,50,53,57 "12";
13 44 1 48,51,53 "13";
14 4 1 2,3,4,12,13,15,17,18,19,23,26,28,30,32,36,37,40,41,42,43,45,46,48,50,51,53,58 "14";
15 58 0 1,12,17,22,27,28,42,47,51,52 "15";
16 8 1 20,37,45,53 "16";
17 52 0 12,24,41,48 "17";
18 51 1 0,8,10,17,19,21,26,28,30,34,41,44,45,48,49,52,54,55,57,58 "18";
19 12 1 16,18,19,26,27,31,33,35,36,39,41,44,46,48,50,54,55,58 "19";
20 5 1 1,2,5,6,8,10,12,14,15,17,19,21,22,24,25,34,35,37,38,40,42,45,46,47,50,51,54,55,56,57 "20";
21 53 0 1,2,3,6,9,11,14,15,16,18,19,22,24,27,31,36,42,45,46,52,54,55,56,57 "21";
22 1 1 8,12,14,16,21,23,25,34,35,36,40,48,50,56,58 "22";
23 11 1 26,35,51,55 "23";
24 51 0 2,10,17,21,32,49,52 "24";
25 0 0 0,1,2,6,7,9,14,18,21,25,27,32,34,39,42,44,45,50,54,55,56 "25";
26 5 0 2,4,9,19,38,42,53 "26";
27 38 0 0,1,5,7,8,9,12,16,18,19,21,22,23,26,27,29,32,33,36,39,42,45,47,49,50,52,54,56,58 "27";
28 45 1 0,2,7,19,21,25,30,32,33,37,39,44,56 "28";
29 42 1 2,3,4,5,6,8,9,12,13,14,16,18,19,21,22,24,26,28,30,32,33,40,42,44,46,47,49,50,51,53 "29";
30 20 0 1,10,22,27,36,42,53 "30";
31 44 1 5,23,27,32,36,37,41,43,49,55,58 "31";
32 22 1 3,10,18,23,25,30,33,43 "32";
33 48 1 0,1,3,11,13,15,16,19,20,22,26,32,33,34,37,40,45,48,49,50,52,58 "33";
34 2 1 0,3,7,8,11,12,14,15,18,20,22,23,26,28,29,31,34,35,36,37,39,41,42,44,47,50,52,54,56,58 "34";
35 9 1 12,16,19,27,43,50 "35";
36 57 1 0,5,9,13,27,30,41,51 "36";
37 16 0 0,1,2,3,11,15,16,22,25,30,33,35,44,45,47,55,56,58 "37";
38 31 0 0,2,3,4,7,8,9,11,12,14,16,18,20,25,27,28,33,34,39,40,42,51,52,57,58 "38";
39 30 0 5,14,18,40,48,50,55 "39";
40 40 1 7,17,26,38,41,57 "40";
41 34 0 5,13,22,23,27,30,35,37,41,43,45,52,53 "41";
42 23 1 1,45 "42";
43 31 0 0,1,8,10,12,14,18,19,22,24,27,28,30,31,33,34,36,38,42,44,45,46,51,53,54,56,58 "43";
44 58 0 10,12,18,19,26,38,56 "44";
45 20 0 1,5,7,9,11,12,14,20,22,23,26,29,30,32,33,35,36,37,41,43,44,48,50,52,54,56,58 "45";
46 32 0 5,7,12,19,22,23,26,28,31,33,35,36,37,40,44,46,48,49,53,55 "46";
47 10 0 9,11,16,19,22,25,27,39,41,42,44,48,51 "47";
48 13 1 10,19,22,28,35,37,40,44,46,48,50,53,57,58 "48";
49 51 0 2,10,11,14,15,17,19,32,35,38,39,42,48,51,56 "49";
50 37 1 2,5,6,8,12,18,23,28,31,33,36,38,40,42,49,50,52,53,56,58 "50";
51 13 1 1,3,6,8,11,15,17,26,27,30,31,37,38,40,50,51,53,54 "51";
52 26 1 0,10,12,14,17,20,24,25,27,30,34,35,37,39,42,43,48,52,54,57 "52";
53 18 0 8,12,14,21,27,33,45,49,53 "53";
54 59 0 2,6,7,15,21,27,31,39,41,44,51 "54";
55 20 1 3,7,13,17,19,28,30,33,43,47,51,58 "55";
56 18 0 0,2,3,7,10,14,16,18,22,23,24,27,29,31,34,36,43,45,50,54,56,58 "56";
57 47 0 0,6,16,18,22,30,32,33,36,44,48,56,57 "57";
58 25 0 0,1,2,6,8,10,12,14,17,18,19,27,29,30,32,33,34,36,38,39,41,42,44,48,50,51,54,56,57,58 "58";
