parity 100;
0 10 0 3,5,7,10,14,15,17,22,26,28,30,35,39,44,45,50,53,55,56,57,59,61,63,66,69,73,74,84,85,88,91,96,97,100 "0";
1 78 1 8,22,26,38,41,48,54,58,60,66,67,73,74,76,78,82,83,88,89,99 "1";
2 43 1 1,12,15,17,26,31,35,36,41,44,48,67,84,86,96,99 "2";
3 38 1 0,6,8,10,13,21,25,27,29,37,39,43,46,49,53,56,59,60,62,63,65,67,69,72,76,78,82,89,90,96,99 "3";
4 17 1 0,7,10,15,17,29,37,42,49,52,59,63,64,66,70,78,86,88,97 "4";
5 86 1 3,7,13,17,31,34,36,41,43,47,50,58,61,65,68,73,76,77,79,81,82,85,86,89,90,92,93,97,98 "5";
6 48 1 1,2,6,7,10,14,16,20,23,25,28,29,31,34,35,37,38,40,43,44,45,47,49,50,52,53,55,57,58,59,60,63,64,71,74,76,78,80,81,85,89,91,93,96,100 "6";
7 15 1 7,37,38,57,86,87,92 "7";
8 83 0 7,10,11,15,16,20,26,29,42,45,47,49,51,54,56,60,61,65,70,73,74,78,84,86,89,90,95 "8";
9 88 0 1,2,7,8,12,19,21,23,24,26,29,32,34,38,40,43,49,54,56,58,63,65,74,78,81,82,84,86,89,90,95,96,100 "9";
10 21 1 0,3,5,7,19,20,24,29,33,45,49,51,52,59,62,69,73,79,90,92,95,97,98 "10";
11 34 0 0,9,10,13,16,21,23,28,35,39,40,43,46,48,59,69,73,77,79,81,83,88,90,94,98 "11";
12 48 1 0,1,3,5,7,8,10,11,12,15,18,20,21,23,25,28,30,32,33,36,38,41,42,43,46,49,50,52,55,57,59,63,64,66,68,70,73,75,76,77,79,81,84,85,88,89,92,94,96,98,100 "12";
13 28 1 0,1,2,4,9,10,11,12,14,15,17,21,31,33,35,40,42,47,48,51,52,57,62,63,66,69,70,71,73,77,80,81,83,84,85,86,89,93,96,99 "13";
14 63 0 0,2,3,5,8,11,13,15,18,20,23,25,27,28,29,31,32,36,37,39,41,44,49,51,54,55,57,58,63,64,71,74,75,76,81,88,91,97,98,100 "14";
15 49 0 0,2,3,5,6,10,11,12,16,18,19,22,27,28,32,37,41,43,44,47,49,51,53,56,57,60,64,66,67,69,71,78,81,83,84,90,94,97,99,100 "15";
16 11 0 2,4,5,6,14,18,21,28,34,36,41,43,44,45,53,54,57,61,62,63,67,69,71,75,77,79,81,82,84,89,96,98 "16";
17 34 0 2,6,8,11,14,16,20,21,23,24,30,32,33,35,37,40,42,47,51,55,56,58,59,61,66,67,69,75,76,77,79,80,83,87,89,90,93,95,96,97 "17";
18 93 1 0,2,3,5,6,8,9,10,12,15,18,21,23,24,26,31,32,34,36,41,46,49,51,52,56,58,60,64,66,71,76,80,82,84,85,86,89,92,96,100 "18";
19 89 0 4,5,6,15,22,31,45,54,56,58,75,80,96,99,100 "19";
20 3 1 0,2,4,6,7,10,12,14,15,16,19,23,27,29,33,36,38,41,43,46,49,51,53,56,58,59,66,69,73,75,77,78,82,83,84,90,91,93,95,96,98,99 "20";
21 47 0 0,2,5,6,10,13,14,16,19,24,31,33,35,36,37,38,44,46,48,50,51,53,54,55,57,59,60,65,67,68,69,74,75,77,79,80,82,86,87,90,91,93,95,97,99,100 "21";
22 33 0 1,4,5,6,7,8,9,11,17,18,19,21,27,29,30,33,40,44,45,48,50,52,55,56,58,59,61,63,66,68,69,75,76,79,83,86,88,89,90,92,94,95 "22";
23 39 0 2,4,7,13,16,21,29,31,33,35,37,39,42,44,45,46,47,49,50,53,56,57,58,62,63,64,66,69,76,81,83,85,87,90,91,92,98 "23";
24 34 0 1,3,4,8,10,15,20,22,25,26,35,41,47,51,55,57,60,64,68,77,82,95,97 "24";
25 27 1 0,3,7,10,11,13,14,16,18,20,22,28,30,32,33,34,37,38,40,41,46,53,56,60,64,66,67,68,70,71,72,74,75,78,81,87,88,89,93,96,97 "25";
26 90 1 19,31,37,67 "26";
27 14 0 0,3,5,7,10,11,12,13,16,20,22,25,31,34,35,39,40,44,47,48,56,59,62,65,67,69,72,75,78,82,84,85,87,90,91,94,95,98,100 "27";
28 77 1 26,29,51 "28";
29 55 0 1,3,9,16,18,21,33,37,40,42,44,46,48,51,53,60,62,68,70,73,76,78,80,85,90,98 "29";
30 99 0 1,3,5,10,13,14,16,18,24,25,30,32,33,39,40,43,46,53,56,58,60,63,64,65,67,69,73,78,82,86,91,92,93,94,98,99 "30";
31 61 1 0,2,5,7,8,10,13,15,18,19,22,23,25,26,28,31,36,39,43,52,54,58,59,61,62,63,67,68,70,74,75,79,80,81,83,88,91,92,94,97,99 "31";
32 9 1 4,9,18,21,25,28,29,32,42,53,56,58,59,62,64,77,78,79,81,82,84,87,91,96,98 "32";
33 38 0 10,17,21,45,65,68,70,78,85,91,94,95 "33";
34 40 0 0,2,7,11,17,21,32,37,40,56,58,60,63,72,97 "34";
35 70 0 3,13,16,20,23,33,36,37,38,39,52,54,63,66,69,71,75,85,100 "35";
36 4 0 27,54 "36";
37 78 0 15,17,36,54,57 "37";
38 29 0 13,15,21,27,42,46,58,60,62,63,81,82,92 "38";
39 18 0 0,3,4,6,11,12,13,15,18,22,26,27,30,33,34,36,39,41,43,44,46,47,50,55,57,59,61,63,67,68,70,80,82,83,86,87,91,93,94,98 "39";
40 86 0 3,53,72,94 "40";
41 41 0 7,11,18,27,29,31,35,37,39,46,48,60,64,66,67,68,89,92,96,100 "41";
42 64 0 0,4,6,7,11,15,17,19,20,23,25,28,33,35,37,39,41,42,47,54,59,62,64,65,67,70,73,74,76,81,82,84,85,86,89,91,92,93,96,98 "42";
43 27 0 4,8,10,11,16,18,22,29,34,39,43,46,50,51,53,54,59,65,69,73,74,87,91,95,98 "43";
44 32 1 0,4,14,15,19,22,24,26,27,28,31,32,34,36,38,43,45,50,51,56,60,62,64,66,68,69,72,73,74,76,78,79,85,91,92,95 "44";
45 85 0 12,16,39,46,58,60,63,66,82,87,90,92,93,97,100 "45";
46 78 1 1,8,17,21,24,25,27,28,29,34,36,38,46,47,50,55,57,59,60,63,65,71,73,74,76,77,81,87,93,96,100 "46";
47 9 1 4,34,39,44,59,84 "47";
48 34 0 6,33,47,50,61,72,77,98 "48";
49 61 0 1,12,26,35,46,56,60,65,67,69,76,79,85,100 "49";
50 85 0 0,4,6,9,12,13,16,21,25,30,32,33,41,43,44,45,47,48,54,59,61,63,65,67,72,73,76,78,80,81,83,84,86,90,95,96,98,100 "50";
51 26 0 10,18,27,33,35,39,44,65,70,87,92 "51";
52 55 1 0,1,3,4,6,9,10,11,13,15,18,20,21,23,27,28,30,31,35,36,38,40,45,47,48,50,53,55,56,57,59,61,64,66,67,68,70,75,77,79,80,81,83,86,88,91,92,94,98 "52";
53 59 1 1,2,3,5,6,8,9,10,11,13,14,15,17,19,20,23,25,29,30,31,33,35,39,43,44,46,48,49,51,53,56,58,59,61,64,67,69,71,72,74,75,77,84,87,88,89,91,94,97,98,100 "53";
54 14 0 0,1,9,10,14,17,21,23,28,29,32,39,40,42,46,50,56,64,71,78,84,93,95 "54";
55 10 0 1,3,5,7,11,14,15,17,19,26,30,34,36,38,41,43,44,47,52,54,58,60,64,71,72,74,75,79,82,97 "55";
56 5 0 5,12,14,16,24,29,39,54,59,62,65,71,77,80,82,98 "56";
57 22 0 0,1,2,6,7,10,17,18,20,23,25,29,31,36,37,38,40,42,43,46,49,50,51,53,54,59,61,62,63,65,67,68,73,75,77,79,81,82,84,85,90,91,92,97,98 "57";
58 43 0 5,14,18,23,32,35,51,55,59,75,76,82,99 "58";
59 25 1 32,42,65,94 "59";
60 60 0 0,4,5,8,10,13,14,15,16,19,26,30,34,39,42,43,45,50,54,58,59,64,68,71,74,80,81,85,86,92,94,95,98 "60";
61 3 1 3,5,7,10,14,16,18,22,24,28,32,33,35,41,44,47,53,56,62,64,65,70,71,75,80,82,86,87,90,92,94,97,99 "61";
62 11 1 12,19,22,33,40,47,53,54,59,63,70,78,85,92,96,98 "62";
63 12 0 3,5,6,18,50,56,64,75,78,88,96 "63";
64 68 1 1,12,14,15,19,20,22,23,28,31,35,37,43,44,46,48,50,54,55,57,58,59,63,64,72,74,77,79,82,83,85,87,93,95,100 "64";
65 91 0 0,1,2,5,8,10,18,24,29,30,32,33,34,39,42,47,54,55,59,65,68,70,72,74,81,84,86,87,88,90,91,95,97,98,100 "65";
66 52 1 0,5,7,8,25,37,49,58,87,95,96,97 "66";
67 67 1 12,19,32,42,45,46,48,53,54,56,58,60,70,74,75,77,82,85,87,89,91,97 "67";
68 34 1 36,90,93 "68";
69 10 1 0,21,36,39,46,51,55,63,68,69,80,94,96,100 "69";
70 16 0 0,1,4,5,11,13,14,16,17,18,20,22,24,25,27,29,31,34,35,36,38,40,41,42,45,47,49,52,53,56,60,61,67,68,70,71,75,77,79,80,83,85,87,89,93,94,99 "70";
71 79 1 0,2,6,9,14,18,26,30,35,39,41,45,49,52,55,58,61,63,65,66,68,70,72,77,78,80,85,88,97,99,100 "71";
72 20 1 0,3,5,9,11,13,14,15,23,24,26,30,35,38,42,44,45,48,50,52,53,56,59,61,64,71,72,73,75,76,79,83,84,86,95 "72";
73 13 1 15,20,33,37,43,48,52,61,68,71,73,75,78,82,88 "73";
74 41 0 38,53,55,58,73,76,85 "74";
75 66 1 0,1,3,8,11,16,17,21,26,29,30,34,35,39,41,42,62,70,72,74,78,85,87,88,95 "75";
76 78 1 1,2,6,8,11,13,15,24,37,38,42,52,60,68,72,79,81,96,98 "76";
77 25 0 7,9,75,85 "77";
78 68 1 4,5,7,8,9,10,12,13,15,16,18,19,22,23,25,26,28,30,31,35,36,38,39,40,42,43,45,47,49,53,55,58,60,61,64,66,70,72,75,77,80,83,86,89,93,95,98,100 "78";
79 9 0 6,10,17,30,36,94,99 "79";
80 47 0 0,1,5,9,11,12,14,16,19,22,23,25,27,29,32,33,35,44,46,51,54,55,57,59,61,62,66,67,70,76,77,80,83,87,93,95,97,98 "80";
81 85 1 8,9,13,14,16,19,23,29,32,33,35,37,40,42,48,50,52,55,60,62,64,70,72,76,79,81,86,87,90,95,97,99 "81";
82 18 0 12,20,26,28,29,37,54,58,59,64,65,74,76,80,92 "82";
83 87 0 1,2,3,5,6,9,10,16,21,22,26,27,29,30,32,33,34,36,37,38,40,42,45,47,49,52,53,55,57,60,61,63,69,71,74,75,77,78,80,81,85,87,88,89,91,93,94,95,96,98,100 "83";
84 55 0 1,4,8,22,43,51,56,58,63,66,71,76,78,86,94 "84";
85 80 1 0,4,5,7,11,19,22,36,43,49,56,72,85,89 "85";
86 85 1 5,19,64,85 "86";
87 99 1 3,5,35,37,38,42,43,49,55,57,58,65,66,71,76,83,90,95,97 "87";
88 4 1 0,1,3,5,6,9,11,12,13,17,18,20,21,23,25,27,33,34,37,42,43,46,47,49,50,51,53,55,56,58,62,63,64,66,71,72,74,76,78,79,81,82,88,90,91,93,95,96,99 "88";
89 14 0 0,1,11,13,18,21,23,28,37,40,42,45,56,58,59,63,64,69,72,75,79,82,88,91,92 "89";
90 43 0 2,3,7,9,10,12,14,16,19,23,27,29,32,35,37,41,48,50,54,56,58,60,61,62,64,73,75,77,80,82,84,86,89,90,92,93,95,96,99 "90";
91 87 1 0,1,5,8,12,16,21,23,26,28,37,39,41,52,62,66,68,72,76,78,86,96,99 "91";
92 23 0 16,22,30,64,74 "92";
93 90 1 5,9,11,17,23,26,29,30,33,35,37,53,54,58,63,67,71,75,77,80,85,94,95,99,100 "93";
94 52 1 0,1,8,10,16,18,20,23,27,30,34,36,37,40,41,47,50,56,57,61,62,63,66,68,70,79,87,89,93,97,99 "94";
95 20 0 3,4,6,7,10,14,16,17,18,21,22,25,28,30,34,37,40,41,42,44,50,52,56,57,60,62,67,70,72,73,75,77,80,84,87,88,90,96,100 "95";
96 39 1 0,5,12,14,15,16,18,21,23,24,25,28,31,32,33,36,39,41,45,46,54,55,59,60,61,65,68,71,74,76,80,83,85,86,88,89,92,96 "96";
97 85 0 0,1,3,6,7,8,11,13,15,17,19,21,23,26,30,32,33,35,38,40,43,44,46,47,48,52,57,58,61,66,68,69,71,72,75,77,78,82,83,85,89,90,92,93,94,99 "97";
98 29 0 1,5,7,10,12,14,16,19,20,22,24,26,27,32,40,43,45,47,50,51,53,56,57,58,60,63,65,66,67,71,74,75,76,79,82,85,87,89,95,99,100 "98";
99 68 0 4,12,18,20,21,28,33,34,36,38,40,42,46,49,52,54,58,60,61,64,65,69,70,74,87,90,94,96,99 "99";
100 99 0 0,2,7,10,11,15,16,17,18,21,23,25,26,29,32,35,36,38,41,42,45,48,50,51,52,54,55,59,63,65,67,68,69,70,72,74,75,78,79,81,83,86,88,91,93,94,96,98 "100";
