parity 122;
0 100 1 0,2,5,6,8,10,12,13,15,18,19,22,24,26,28,30,32,39,40,42,46,50,51,53,54,57,59,62,64,67,68,70,72,75,78,81,87,88,90,91,94,97,100,105,107,108,111,112,114,118,120,121 "0";
1 78 1 0,1,3,5,6,7,9,12,13,14,17,20,24,26,28,33,35,38,40,41,45,46,50,52,54,55,56,60,62,65,66,70,71,72,74,75,77,78,82,85,88,89,93,97,102,107,108,109,111,112,113,114,115,117,119,121,122 "1";
2 28 0 3,42,48,77,82,97,104,119 "2";
3 63 1 3,8,10,12,16,19,22,24,30,32,34,36,38,40,41,43,46,48,51,54,59,62,64,66,67,69,72,74,76,78,80,84,88,90,95,98,100,104,106,107,110,111,113,116,118,120 "3";
4 52 1 2,5,6,9,10,11,13,17,20,23,26,29,31,35,38,46,48,50,51,52,59,60,61,62,65,73,74,77,79,81,82,85,86,89,96,97,98,103,105,107,109,111,118,119,120 "4";
5 68 0 0,2,4,7,8,12,13,15,16,20,21,26,28,30,35,39,42,44,51,54,60,61,65,67,74,78,79,81,82,84,86,87,89,90,92,93,95,97,104,106,109,110,112,117,118,122 "5";
6 29 0 0,2,5,7,9,13,21,27,31,37,48,53,59,60,62,64,69,72,76,79,82,83,84,86,91,92,93,95,96,98,101,103,104,108,109,111,113,119,122 "6";
7 81 1 0,13,15,18,22,24,40,46,56,64,68,80,84,97,108,113,119,120,122 "7";
8 101 0 0,2,3,4,7,8,13,16,19,23,27,34,37,38,43,44,46,50,52,55,58,60,62,64,66,68,71,73,75,76,78,81,83,85,91,92,94,95,96,98,105,107,108,109,111,112,116,117,121,122 "8";
9 18 1 5,7,13,21,32,34,47,50,51,54,60,68,84,85,88,92,94,99,111 "9";
10 43 0 1,3,5,7,9,10,13,14,24,28,34,36,39,41,44,47,52,55,56,57,60,62,64,66,68,70,72,73,75,77,84,86,88,90,92,96,98,99,102,106,109,110,114,116,118,122 "10";
11 63 1 6,10,16,18,21,22,25,28,30,32,35,43,46,47,48,52,55,60,61,64,65,67,71,72,75,77,78,79,82,84,85,89,92,94,99,103,105,107,109,111,113,115,116,117,119 "11";
12 68 0 19,29,50,86,100,122 "12";
13 101 0 0,3,5,6,7,12,20,25,27,28,31,33,36,42,44,46,49,57,58,64,67,71,74,75,78,81,84,86,88,93,103,105,107,115,120 "13";
14 50 0 3,5,9,14,18,24,32,37,38,42,50,53,58,63,68,70,80,82,87,92,95,98,99,100,108,110,112,118,122 "14";
15 63 1 5,6,9,10,18,19,27,32,34,37,44,47,48,50,53,56,58,59,61,62,65,71,73,76,80,81,86,89,91,95,97,98,110,112,114,116,119,121 "15";
16 70 1 4,12,13,60,65 "16";
17 94 1 42,63 "17";
18 19 0 0,3,5,8,9,10,12,14,15,19,20,22,24,25,27,28,31,32,36,45,49,51,54,55,57,60,62,63,65,66,68,70,73,78,80,82,85,86,88,91,93,94,99,101,102,105,115,117,118,120 "18";
19 61 1 0,16,22,43,57,58,69,80,83,105,108,109,112,121 "19";
20 51 1 0,2,4,6,8,9,10,13,17,18,19,22,23,26,27,29,32,33,35,37,39,40,42,43,45,48,53,57,58,63,65,67,69,71,72,74,76,78,79,81,82,83,85,87,89,91,92,95,97,99,100,102,104,105,106,110,113,115,117,119,121,122 "20";
21 112 0 3,10,11,15,23,27,30,33,36,47,49,55,58,66,73,76,81,83,85,88,90,98,103,113,118,121 "21";
22 67 0 2,7,13,18,20,26,31,42,48,49,52,56,60,64,68,73,77,85,87,96,98,121 "22";
23 24 1 6,7,13,19,27,41,58,64,66,70,77,85,92,97,98,110,119 "23";
24 98 1 2,17,24,26,27,31,33,35,38,39,43,44,46,48,56,64,73,74,79,80,82,86,87,89,92,95,98,105,113,119,120,121,122 "24";
25 71 0 6,8,9,12,15,21,26,28,39,40,42,44,46,49,53,58,62,64,74,76,78,81,97,98,102,103,106,108,109,110,118,121 "25";
26 38 1 0,3,4,7,12,16,18,20,21,23,26,29,33,34,35,36,37,39,43,47,48,50,54,57,59,60,65,66,68,71,74,76,79,82,84,85,87,88,90,92,96,100,101,103,105,110,115,116,118,121,122 "26";
27 24 0 0,1,5,9,10,13,15,17,19,21,22,24,26,29,30,31,33,36,38,40,42,43,44,46,48,50,51,53,56,58,60,65,66,68,72,74,75,78,79,81,83,84,86,90,92,94,97,98,99,100,102,104,105,107,108,112,113,115,118,120 "27";
28 77 0 9,21,34,37,42,49,54,60,66,80,84,90,102,103,105,107 "28";
29 61 1 0,2,5,8,9,11,13,14,16,17,20,21,24,26,28,30,31,32,33,34,36,38,39,44,46,47,49,51,53,55,58,59,60,61,63,65,66,70,72,73,74,76,82,84,85,86,90,99,101,104,106,107,109,111,114,115,116,118,119,122 "29";
30 37 0 1,5,8,10,13,14,15,19,21,26,27,28,31,33,35,40,42,45,46,48,53,63,67,68,70,71,78,79,81,86,91,95,98,102,106,109,116,120,122 "30";
31 105 0 2,4,9,15,18,26,29,31,35,36,39,41,44,52,67,72,74,76,84,86,88,96,98,100,103,104,112,114 "31";
32 76 1 0,2,4,11,12,13,15,20,22,23,26,30,32,33,37,39,40,41,43,46,50,52,53,59,61,63,66,73,74,77,78,81,82,83,86,88,91,92,94,95,96,99,104,106,107,108,112,117,119,120,122 "32";
33 81 0 0,4,10,17,18,21,27,38,56,61,70,74,78,90,101,107,110,116 "33";
34 34 1 0,2,4,7,8,11,12,14,17,19,23,25,27,28,29,30,32,34,36,38,39,41,43,45,47,49,51,53,54,55,57,58,61,66,67,69,70,72,77,79,81,82,86,88,89,90,94,96,97,99,100,102,106,107,110,112,113,116,119,121,122 "34";
35 92 0 41,43,67,68,81,84,91 "35";
36 6 0 1,4,6,9,10,11,17,20,36,46,58,69,72,80,85,90,95,98,99,102,104,106,111,117,121 "36";
37 47 1 0,4,6,12,17,18,21,23,27,30,32,36,38,49,51,58,61,65,66,67,69,73,77,79,80,87,90,91,92,93,94,102,104,108,109,111,112,114,117,118,122 "37";
38 39 0 3,7,8,19,21,32,36,38,46,49,64,65,70,81,84,85,92,100,104,116,118,121 "38";
39 63 1 0,2,3,4,5,6,8,9,10,11,13,15,20,23,27,29,31,32,33,36,42,43,44,47,52,56,59,64,65,66,67,69,71,73,76,78,80,82,83,87,89,91,94,95,98,99,101,102,104,107,111,112,113,114,116,117,119,121,122 "39";
40 101 0 3,4,5,8,12,14,17,18,20,23,25,26,28,33,37,42,46,48,49,51,53,61,65,68,69,70,72,73,76,81,82,83,85,87,88,92,93,94,97,98,100,101,103,105,108,110,116,122 "40";
41 116 1 0,3,10,11,13,17,21,30,35,37,41,42,45,46,54,56,58,64,66,69,72,73,79,80,86,91,97,99,101,102,105,107,108,109,111,118,119 "41";
42 28 0 1,2,4,5,9,11,13,17,19,21,25,27,28,31,33,38,39,43,48,51,52,53,57,59,60,61,63,68,69,71,74,75,82,84,86,92,95,98,99,103,109,111,112,114,117,119,122 "42";
43 50 0 2,3,5,7,10,12,13,15,16,18,21,22,24,28,32,33,36,40,42,43,45,46,48,52,54,56,57,59,60,62,64,65,67,69,70,71,74,77,81,84,85,87,88,90,92,94,99,100,101,102,104,105,107,110,113,114,119,122 "43";
44 13 1 8,24,26,33,38,43,46,48,50,55,63,68,71,75,81,89,90,106,108,111,113 "44";
45 71 1 4,12,16,18,19,43,45,64,66,83,90,92,94,106,111,118,121 "45";
46 66 1 0,8,13,15,19,24,25,27,30,32,43,44,47,51,53,59,65,71,81,87,90,92,95,96,98,102,104,108,110,112,114,115,118,120 "46";
47 86 0 0,1,5,6,9,11,18,20,22,24,27,28,32,34,36,39,43,49,55,57,59,62,70,72,74,79,81,82,86,87,92,95,97,103,105,106,108,111,112,114,116,118,122 "47";
48 48 0 1,14,21,29,31,41,56,63,68,70,74,76,90,95,97,110 "48";
49 119 0 3,8,9,14,18,23,26,32,37,38,40,41,44,49,51,52,53,57,60,62,70,74,76,83,91,94,96,98,101,102,105,111,113,114 "49";
50 18 1 11,14,26,27,32,38,55,67,71,72,111 "50";
51 4 1 11,29,53,56,57,62,98,114,120 "51";
52 110 0 21,29,57,81,99,102 "52";
53 110 0 5,41,46,51,55,65,68,69,71,79,81,83,86,88,93,104 "53";
54 21 1 10,11,13,14,20,22,23,26,29,31,33,37,39,42,43,45,47,51,59,60,62,63,66,70,72,74,75,76,79,80,83,85,87,92,93,97,101,103,107,116,119,121,122 "54";
55 88 1 2,3,7,9,12,13,14,16,18,19,23,25,28,33,34,35,38,41,43,44,46,50,52,54,56,59,62,64,67,68,71,74,76,78,79,80,84,86,88,90,94,95,98,100,102,105,107,109,111,112,114,115,116,119 "55";
56 77 0 4,8,12,19,46,56,75,116 "56";
57 29 0 1,2,4,6,7,15,17,18,21,24,28,29,30,33,35,37,38,41,42,44,46,48,49,50,51,53,54,58,60,64,66,71,73,75,78,79,81,83,86,87,89,90,98,102,104,106,108,113,118,119,121 "57";
58 95 1 5,9,18,20,26,30,31,44,49,52,53,55,58,59,60,67,87,91,95,96,105,108,111,112,116,121 "58";
59 30 1 39,56 "59";
60 123 1 1,14,21,27,52,55,61,63,67,75,76,84,88,89,92,99,100,107 "60";
61 37 1 16,25,57,59,78,85,86,96,104,115 "61";
62 123 0 50,77,95 "62";
63 109 1 0,2,4,6,7,9,10,15,18,21,22,24,27,29,38,40,42,46,47,48,49,51,52,54,56,60,63,64,67,69,72,75,79,81,86,87,91,92,95,96,100,104,107,108,110,111,112,114,115,121 "63";
64 20 0 2,6,7,9,10,12,13,14,16,17,20,21,22,24,27,28,30,33,35,36,39,41,42,46,48,51,52,53,55,56,58,65,67,69,71,73,75,78,79,81,82,83,89,94,95,98,99,101,103,104,106,109,112,113,115,117,120,122 "64";
65 85 0 0,22,28,30,41,49,52,59,66,72,73,75,77,83,87,89,91,101,103,104,109,112,115 "65";
66 88 1 0,5,7,12,19,21,26,30,33,36,37,39,41,43,48,50,52,54,56,57,59,61,62,65,67,68,69,73,75,76,78,81,83,84,89,90,91,100,103,104,106,107,110,111,116,118,120,122 "66";
67 48 0 1,5,8,10,14,15,16,22,24,27,30,32,34,35,37,39,42,44,49,50,51,56,62,65,66,70,73,74,77,81,84,90,92,95,96,101,104,105,108,112,114,119 "67";
68 82 1 4,9,16,20,23,24,35,37,42,44,45,47,59,61,65,66,83,91,94,96,108,115,120 "68";
69 105 0 2,3,6,8,9,14,17,18,22,24,26,29,30,34,35,47,52,57,59,60,68,70,78,81,88,91,96,98,101,105,108,113,118,120 "69";
70 105 0 10,11,17,30,31,34,38,45,48,49,55,59,73,78,80,93,102,104,109,122 "70";
71 23 1 2,8,10,36,41,43,44,47,53,59,64,68,69,76,87,89,97,101,104,121 "71";
72 85 0 2,4,5,27,35,39,41,54,58,66,68,71,95,102,105,106,112 "72";
73 78 1 75,77,82,114 "73";
74 107 1 0,1,5,7,10,11,14,19,23,29,31,32,37,41,45,47,50,51,56,58,62,67,71,80,83,88,94,100,103,105,106,109,113,116,117,119 "74";
75 27 1 0,10,12,13,14,15,16,18,20,22,28,33,35,44,47,52,58,60,63,67,70,71,73,82,84,92,97,98,111,118 "75";
76 79 1 3,4,6,8,9,11,16,18,21,22,26,28,33,34,36,37,39,41,42,44,46,47,49,50,52,53,54,57,58,59,63,64,66,67,69,73,74,76,78,79,80,82,84,88,89,91,93,96,98,102,107,108,111,115,116,117,118,120 "76";
77 55 0 59,60 "77";
78 48 0 7,8,19,23,26,30,48,60,67,115 "78";
79 82 0 0,8,9,11,12,16,18,20,24,26,27,29,38,41,42,44,48,51,54,61,62,64,85,86,90,97,101,104,106,109 "79";
80 51 0 1,9,13,15,21,28,36,37,39,42,49,50,55,57,62,64,67,70,74,78,79,83,86,90,93,95,97,99,100,104,105,106,109,112,117,118,119,122 "80";
81 104 0 1,13,14,23,27,28,32,35,50,60,62,65,68,80,81,83,87,89,92,97,111,114,118,122 "81";
82 28 0 1,3,14,19,27,43,51,65,66,87,110 "82";
83 87 0 6,15,21,29,43,45,55,63,67,90,112,114,116,120,121 "83";
84 54 0 0,3,5,7,9,11,15,17,19,21,23,24,26,28,31,33,41,43,45,46,48,49,51,53,54,55,58,63,64,69,71,73,74,77,79,82,84,88,91,92,94,96,97,99,103,105,106,107,110,116,118,119,121 "84";
85 92 0 0,1,2,4,5,9,11,13,14,16,17,19,20,22,24,25,29,30,34,37,39,40,41,43,44,49,51,54,56,58,61,63,65,66,68,69,71,72,75,77,79,80,81,84,89,90,92,93,105,107,108,111,113,116,117,121 "85";
86 70 0 2,6,13,17,19,25,27,29,31,36,38,41,50,52,56,65,71,78,82,86,87,96,99,109,115 "86";
87 22 1 0,3,12,16,17,21,25,27,37,45,46,49,51,52,63,67,70,71,80,81,85,88,101,104,113,114,116,121 "87";
88 0 0 1,5,8,12,14,15,17,20,22,24,26,27,29,31,36,37,39,40,44,47,48,50,53,54,56,57,59,60,61,65,67,70,72,73,75,77,78,80,81,85,86,89,90,91,92,100,102,103,105,108,109,111,113,114,116,119,121,122 "88";
89 24 1 0,1,3,5,6,7,8,11,14,16,18,20,21,22,25,27,28,30,31,34,37,38,39,41,43,49,50,51,53,56,58,61,63,65,66,68,69,70,72,75,78,81,85,89,92,94,95,97,101,103,104,105,107,108,111,112,114,115,119 "89";
90 12 0 1,2,7,8,10,11,14,16,18,21,22,23,27,28,30,31,33,34,36,38,39,41,48,53,56,60,61,65,66,68,70,74,79,81,82,85,90,91,93,95,98,99,107,108,109,112,114,115,116,119,121,122 "90";
91 85 0 0,3,12,13,16,17,19,23,25,26,27,30,32,34,36,38,41,43,44,45,46,47,50,52,53,56,58,61,63,65,69,70,73,75,77,80,81,82,88,90,93,95,96,97,101,103,105,107,108,110,112,114,115,117,120,122 "91";
92 47 0 0,3,5,6,7,9,10,11,13,16,18,20,22,23,28,31,32,35,38,40,42,44,47,50,51,53,56,59,63,65,68,70,72,74,75,76,78,80,82,86,87,89,91,92,95,96,97,98,100,103,104,106,109,112,114,118,119 "92";
93 4 0 5,7,10,13,16,18,20,24,27,29,41,48,49,51,56,57,59,61,62,64,66,69,75,79,84,87,94,95,100,104,107,110 "93";
94 10 0 10,16,18,24,27,28,33,34,37,40,43,45,47,48,52,55,58,61,63,65,67,70,73,74,76,78,86,89,90,94,99,100,103,107,108,112,115,120 "94";
95 85 1 7,41 "95";
96 23 0 64,89 "96";
97 120 0 0,1,3,5,10,15,17,20,21,23,25,32,36,37,38,39,45,48,50,52,55,57,60,62,67,72,78,83,84,85,87,88,89,93,95,97,98,102,104,107,114,116,118,121,122 "97";
98 36 0 3,9,17,35,41,48,50,52,58,72,103,108,109,121 "98";
99 32 1 3,4,7,8,9,11,12,13,16,22,24,25,28,30,33,35,36,40,44,47,49,50,52,54,57,59,65,67,68,71,75,76,79,81,83,85,94,97,99,101,103,105,110,111,114,115,117,122 "99";
100 103 0 3,5,21,43,57,72,86,90,114 "100";
101 26 1 1,3,7,8,11,15,19,23,24,26,30,42,43,46,51,54,55,59,68,70,79,80,81,82,89,93,94,99,103,105,108,110,114,116,118,121 "101";
102 81 1 5,11,13,14,23,24,26,31,34,35,38,39,42,44,45,61,65,66,67,71,75,76,81,84,86,93,94,95,108,114,118 "102";
103 108 0 6,9,11,19,21,23,25,30,32,34,46,48,52,58,61,66,68,87,90,100,102,108,110,114,117,118 "103";
104 116 0 0,2,4,5,7,8,9,10,12,13,14,16,17,18,20,22,24,27,29,30,31,33,37,41,45,47,51,53,58,59,60,62,63,65,68,69,73,75,76,78,79,82,84,89,90,92,95,98,100,101,102,105,107,110,112,113,115,116,118,119,122 "104";
105 77 0 3,12,19,20,31,35,38,42,49,53,70,74,76,80,85,90,92,93,111,112,120 "105";
106 28 0 13,21,33,64,117 "106";
107 70 1 7,9,20,21,23,30,32,37,43,52,59,68,92,98,106,115 "107";
108 34 1 1,6,11,16,19,20,22,24,29,31,34,38,39,42,45,47,52,54,56,58,60,64,68,76,78,80,81,89,92,93,94,100,101,110,113,115,116,118,119,120 "108";
109 122 0 2,5,8,11,12,32,51,59,72,82 "109";
110 123 0 1,13,20,21,31,34,42,43,51,56,74,78,83,88,91,95,102,108,115,118 "110";
111 29 0 1,8,12,17,19,21,25,30,35,37,38,40,41,44,46,53,59,63,65,70,72,74,75,77,83,87,89,91,93,97,99,105,109,119,121 "111";
112 93 0 2,3,4,9,12,13,15,17,24,25,28,29,31,32,36,39,41,42,44,48,49,51,54,57,59,61,63,68,69,73,75,77,78,80,85,87,90,94,96,99,102,105,107,110,112,114,116,118,122 "112";
113 120 1 1,2,9,18,20,24,26,33,36,38,41,43,47,49,53,55,56,58,60,65,79,82,83,84,86,88,90,92,94,96,99,101,104,113,114,117,120,122 "113";
114 1 0 3,20,23,32,37,45,49,52,61,65,69,74,82,83,84,90,93,95,99,101,103,110,114,120 "114";
115 9 0 1,5,6,10,16,17,19,24,27,28,29,30,31,33,38,39,43,47,49,55,56,59,61,62,64,67,70,73,75,76,80,81,83,85,86,91,93,94,95,97,98,100,104,106,107,109,111,112,117,118,119,122 "115";
116 121 0 0,2,3,5,12,15,16,17,18,20,21,25,28,32,35,38,42,44,46,49,55,61,63,70,71,73,78,79,81,83,87,90,93,95,98,100,102,104,106,110,114,117 "116";
117 52 1 0,2,4,6,7,9,10,12,14,15,17,18,19,26,27,35,37,44,48,50,51,53,55,56,58,59,61,63,66,68,69,72,75,76,82,84,87,89,91,94,96,99,101,104,108,110,111,113,117,119,121 "117";
118 86 1 8,15,34,36,38,40,52,74,80,81,93,96,104,115 "118";
119 24 0 2,5,9,14,17,24,29,31,33,35,37,38,40,42,44,49,51,57,58,60,64,68,69,73,75,77,79,83,85,87,89,90,94,96,97,101,102,104,105,106,108,110,111,114,116,120,122 "119";
120 3 0 6,10,20,37,46,48,58,62,64,83,97 "120";
121 35 1 0,6,9,13,17,18,21,24,25,36,41,43,47,50,52,54,56,60,62,66,70,72,73,80,91,96,98,99,104,106,111,116,119,121 "121";
122 33 0 2,16,20,24,26,30,32,35,38,40,43,44,51,54,60,65,69,72,76,77,81,88,101,108,109,112,115,117 "122";
