parity 79;
0 79 0 57,72 "0";
1 64 0 23,25,26,45,59,70,72 "1";
2 25 1 2,9,11,13,14,18,20,30,37,45,49,56,59,60,62,64,67,72,74,77,79 "2";
3 50 1 0,2,3,5,6,10,14,15,24,25,28,34,37,38,41,42,45,46,50,52,53,55,57,58,60,63,65,67,68,71,75,76,77,79 "3";
4 14 0 0,12,57,58,63,69 "4";
5 54 0 0,3,5,6,8,9,13,15,18,20,22,24,28,30,34,36,37,43,45,47,50,53,57,59,61,63,65,66,69,72,73,74,76,78 "5";
6 53 1 56 "6";
7 57 1 3,4,12,25,28,30,39,41,49,60,64,68,78 "7";
8 28 1 1,8,21,32,45,48,53,59,73 "8";
9 55 0 3,6,8,11,15,17,20,22,24,28,30,32,34,36,38,43,45,47,49,59,62,64,67,68,70,73,75,79 "9";
10 56 1 10,12,13,30,34,40,46,47,51,52,54,56,60,61,63,69,71,76,79 "10";
11 23 1 1,4,10,11,20,42,46,49,73 "11";
12 48 1 1,7,11,14,24,26,30,32,33,35,36,38,43,48,61,68,72,73 "12";
13 28 0 0,1,3,6,9,11,14,15,16,19,23,25,26,27,29,30,32,34,39,41,44,47,48,49,51,53,55,57,58,60,62,63,67,68,70,72,73,76,77,78 "13";
14 56 0 7,13,15,18,24,31,41,57,59,63,64,66,74,79 "14";
15 50 1 3,6,10,13,17,21,22,24,25,33,43,48,52,69,71,76 "15";
16 57 0 0,1,3,4,6,8,11,12,18,22,26,28,29,31,32,35,37,41,43,47,48,49,51,52,54,55,57,58,59,60,64,65,66,68,73,74,76,77 "16";
17 30 1 4,6,13,15,17,21,23,31,35,38,41,42,45,49,58,60,63,65,71,79 "17";
18 66 1 0,1,14,16,17,27,28,30,33,35,38,42,48,49,52,62,64,65,67,68,70,76,78,79 "18";
19 14 0 0,5,8,11,13,16,20,21,24,25,27,29,36,37,41,43,46,50,51,61,63,69,72,73,76,78 "19";
20 71 1 14,19,24,26,28,47,50,53,65,66,69,71,79 "20";
21 68 1 0,2,3,5,7,11,12,15,17,18,22,23,25,27,29,30,31,32,35,37,39,41,43,45,47,51,53,55,57,58,59,61,62,64,65,67,70,72,77,79 "21";
22 61 0 4,11,15,34,47,74,76 "22";
23 50 0 1,7,9,15,18,20,25,27,29,30,33,34,40,44,47,48,51,52,54,58,62,70,72,76,77 "23";
24 7 0 0,2,3,4,5,9,11,13,20,21,23,25,27,30,40,41,42,43,46,48,49,51,54,56,57,61,63,64,67,68,69,71,73,74,78,79 "24";
25 7 1 3,9,18,22,25,33,35,38,40,44,45,49,55,56,68,75,77,78 "25";
26 69 1 0,4,7,17,18,23,32,45,47,48,52,55,61,63,64,66,71 "26";
27 13 1 2,24,34,35,52,54,62 "27";
28 74 1 0,3,4,9,10,11,14,15,20,26,37,40,41,42,49,51,52,57,64,65,69,73,74,79 "28";
29 6 1 0,1,3,5,7,9,11,12,16,18,19,21,23,24,25,27,29,30,32,34,35,36,38,39,45,47,48,49,51,52,57,59,63,64,69,71,72,74,76,77 "29";
30 29 1 1,3,7,12,19,22,25,26,29,33,35,36,42,48,54,60,74 "30";
31 12 0 7,16,19,24,25,36,41,50,68 "31";
32 7 0 0,2,6,15,40,47,56 "32";
33 52 1 5,7,9,11,13,17,19,23,25,33,35,36,41,50,59,66,72 "33";
34 34 1 1,3,10,13,15,20,23,27,30,32,35,42,43,47,53,58,60,62,67,70,73,76 "34";
35 37 1 1,7,13,16,17,22,25,51,56,59,62,67,71,77 "35";
36 74 0 3,5,6,9,11,20,22,27,30,36,38,42,48,51,69,71,74,76,79 "36";
37 69 0 6,7,9,12,18,23,25,28,31,44,45,52,69,71,75 "37";
38 25 1 2,8,11,14,15,19,26,38,39,43,52,53,54,60,61,71,72,76,79 "38";
39 44 1 14,24,38,42,55,57 "39";
40 53 0 2,4,10,13,16,17,19,20,24,26,31,32,42,46,54,59,61,62,67,70,73,79 "40";
41 29 0 0,2,16,21,30,44,49,52,71,73,76 "41";
42 37 1 2,4,6,8,11,14,21,22,24,32,36,38,40,43,44,46,48,50,51,55,57,58,61,64,66,72,79 "42";
43 16 0 1,3,4,7,9,12,13,16,17,18,20,23,25,27,29,32,33,36,39,40,42,43,44,47,50,53,56,58,60,63,67,70,78,79 "43";
44 28 1 0,1,6,11,15,21,28,36,41,43,44,46,48,49,59,61,69,71 "44";
45 75 0 0,1,6,9,11,15,18,21,23,24,25,27,28,33,34,36,39,40,42,45,49,52,53,54,55,57,62,63,65,72,74,75,79 "45";
46 36 0 3,8,12,13,17,19,22,24,28,30,33,37,42,43,45,47,55,57,60,61,64,66,69,72,75,77,79 "46";
47 11 0 0,1,3,6,8,10,11,12,16,18,19,20,23,24,27,29,33,34,38,41,42,45,47,48,50,52,56,57,59,60,63,65,66,69,70,71,72,74,76,78 "47";
48 23 0 11,63 "48";
49 44 0 0,3,4,8,9,27,28,30,38,42,44,46,53,59,60,63,64,65,70,72,77 "49";
50 16 0 2,9,11,18,21,25,30,36,46,53,61,62,66,74 "50";
51 78 0 0,1,5,7,8,10,11,12,16,17,18,23,24,25,26,28,29,32,35,36,39,40,42,47,48,50,52,55,58,59,61,68,69,71,72,74,75,77,78 "51";
52 36 1 3,11,13,14,20,22,23,27,28,30,34,35,38,41,44,45,48,50,51,54,56,67,73 "52";
53 29 1 4,10,11,13,18,22,23,27,40,43,44,49,55,76 "53";
54 68 0 13,27,31,35,38,57,64 "54";
55 79 0 4,6,10,21,23,29,40,43,45,49,51,52,55,66,75 "55";
56 17 1 0,3,13,14,18,20,23,26,32,35,38,42,44,46,48,52,55,59,64,66,69,71,74,75,78,79 "56";
57 45 1 8,11,24,29,31,37,41,43,48,71,72,78 "57";
58 13 1 1,3,13,15,17,26,34,35,45,47,54,58,60,66,69,71,74,77,79 "58";
59 57 0 6,25,35 "59";
60 8 0 1,2,4,5,6,8,11,13,14,17,19,20,22,25,27,30,33,35,36,37,38,40,42,46,49,51,52,53,57,58,59,61,62,68,69,73,77,78 "60";
61 6 0 0,4,8,12,14,15,18,20,25,29,30,32,33,35,38,45,47,50,52,54,56,63,69,70,77 "61";
62 64 1 0,1,3,11,16,37,39,56,60,67 "62";
63 59 1 15,26,51,62,72,78 "63";
64 40 1 0,5,9,13,14,20,24,27,28,44,47,49,53,70,77,78 "64";
65 17 0 0,1,3,5,7,10,11,13,14,16,23,26,28,30,33,35,37,43,44,46,49,50,55,59,60,61,63,64,67,68,70,72,75,79 "65";
66 4 1 1,8,13,15,28,41,43,44,48,51,52,54,61,66,69,71,72,73,75,76,79 "66";
67 57 0 1,2,4,8,10,11,13,16,17,19,21,24,25,26,27,28,30,33,36,39,42,44,48,51,52,54,57,59,61,62,67,68,72,74,79 "67";
68 23 1 1,3,6,7,9,11,13,16,18,20,21,23,24,25,26,28,31,33,34,38,40,46,48,49,51,52,54,58,60,61,64,65,67,69,71,72,73,76,78,79 "68";
69 4 1 16,22,32,34,37,53,61,63 "69";
70 27 0 0,2,5,6,7,9,10,16,20,23,25,28,30,32,35,38,41,42,43,45,47,48,51,53,55,57,58,60,62,65,66,67,71,73,75,77,79 "70";
71 30 1 16,19,27,35,49,53,77 "71";
72 4 1 47,65 "72";
73 42 1 2,4,9,11,13,14,16,17,19,20,24,29,36,37,39,41,45,49,58,74,78,79 "73";
74 25 1 32,37,40,44 "74";
75 13 0 3,8,10,20,22,24,26,28,29,36,37,42,46,48,55,62 "75";
76 7 1 4,12,14,18,20,22,28,36,40,56,66,74,76 "76";
77 61 1 0,12,14,19,24,26,35,41,42,48,50,54,57,59,63,64,66,68 "77";
78 8 1 1,2,3,6,8,10,14,23,26,30,34,35,37,42,44,47,53,56,59,61,65,68,70,71,74,78 "78";
79 70 0 2,4,8,12,14,16,18,21,24,26,38,43,47,56,65,68,70,73,77 "79";
