parity 117;
0 113 0 0,5,8,10,12,15,17,19,22,23,29,31,37,45,46,48,57,61,64,67,73,77,81,84,85,89,92,93,98,101,103,106,112,116 "0";
1 82 1 0,2,6,8,9,13,15,17,18,19,21,23,26,32,33,35,37,39,44,46,51,52,54,59,61,66,70,75,80,83,84,86,91,93,94,97,101,103,105,107,113,114,115,117 "1";
2 86 1 8,12,15,16,19,36,37,40,47,54,57,59,66,67,69,72,74,76,79,80,82,84,87,94,100,104,105,108,114,116,117 "2";
3 37 1 7,16,18,22,32,34,38,39,47,57,72,84,85,88,106,112,115 "3";
4 86 0 2,5,9,12,15,16,18,20,23,25,33,35,36,40,41,44,45,47,49,51,56,57,59,62,64,65,70,74,75,76,78,80,84,85,87,90,91,93,96,98,103,105,107,108,109,111,112,114,115,117 "4";
5 27 1 39,48,73,90,92,103 "5";
6 48 1 5,16,24,30,40,42,55,75,96 "6";
7 45 1 1,12,32,45,47,49,56,80,86,95,98 "7";
8 106 0 31,48,75,94,95,114 "8";
9 25 0 4,6,7,11,13,15,17,18,22,26,27,32,34,35,37,39,42,46,48,50,51,53,55,57,58,61,62,63,67,69,71,72,75,81,84,85,86,88,90,93,94,98,99,103,104,107,111,112,116 "9";
10 42 1 4,16,21,29,36,39,43,47,51,53,58,62,64,72,85,91,100,104 "10";
11 90 0 2,8,10,11,15,26,29,41,47,52,58,62,70,80,99,104,106,107 "11";
12 14 0 2,3,5,6,8,10,12,13,15,17,20,22,25,26,27,31,33,35,36,39,41,43,44,45,47,49,50,51,53,55,56,60,61,62,64,65,67,70,73,74,78,79,84,87,89,91,92,94,99,101,102,104,106,108,110,114,117 "12";
13 87 0 3,12,13,16,18,23,29,30,31,34,36,39,45,54,55,62,67,82,84,93,95,105,108,111,113,117 "13";
14 16 1 0,2,4,6,9,11,17,18,20,22,24,28,29,31,32,37,39,43,47,49,51,57,59,62,67,72,74,76,77,80,82,84,87,89,90,93,95,96,98,100,103,104,107,109,110,112,113,116,117 "14";
15 69 1 0,4,9,10,11,14,20,23,25,28,30,35,38,40,44,45,47,59,65,67,68,74,79,83,86,87,89,98,99,101,102,104,106,107,109,114,117 "15";
16 107 0 5,12,13,15,28,35,36,39,42,43,46,57,62,68,74,78,81,87,88,101,103,109,112,114 "16";
17 94 0 8,10,12,14,17,24,30,37,46,48,51,54,56,66,73,82,83,85,87,98,100,102,104,105,107,110,113 "17";
18 41 1 0,1,2,3,7,9,15,16,19,22,23,24,26,27,29,30,33,34,35,38,40,44,45,48,50,52,54,57,60,62,65,67,68,70,72,73,75,76,78,82,84,85,88,91,92,93,94,96,98,99,101,105,110,112,113,117 "18";
19 105 0 0,2,5,6,13,14,18,21,23,24,30,31,33,36,39,40,44,47,50,51,53,54,58,61,65,68,69,71,72,75,77,78,81,85,86,101,103,107,108,111,114 "19";
20 48 1 47,80 "20";
21 104 1 3,4,6,8,9,14,20,28,30,32,34,38,40,42,45,47,56,61,63,66,69,70,72,88,90,94,95,97,106,107,110,116,117 "21";
22 111 1 1,4,25,28,29,48,65,69,73,81,83,99,112,114 "22";
23 50 1 0,6,7,9,18,21,22,25,26,28,31,37,38,40,41,46,49,51,52,55,59,62,64,66,70,72,73,77,79,83,85,86,88,90,93,94,98,102,104,105,106,108,111,112,114,115,117 "23";
24 23 0 1,3,4,6,8,9,12,17,19,20,21,27,34,37,39,41,46,47,52,55,57,58,60,62,63,67,69,73,75,76,78,80,83,86,91,92,96,98,100,102,103,105,107,110,114,117 "24";
25 36 0 5,9,11,17,27,32,40,46,48,55,57,62,66,72,90,93,95,98,100,101,116 "25";
26 106 0 0,3,8,9,11,12,23,24,26,28,29,30,35,39,49,52,55,63,64,69,74,76,77,79,81,83,84,89,91,92,94,96,99,101,104,105,109,110,117 "26";
27 44 0 3,6,8,9,11,12,17,18,19,21,22,25,27,30,33,35,36,38,41,43,47,49,51,52,54,56,57,58,62,63,65,66,72,74,76,78,79,81,83,84,86,87,88,90,92,96,97,99,101,105,106,108,109,111,112,113,115,117 "27";
28 62 1 4,8,12,14,16,23,26,28,33,37,41,42,47,48,51,61,64,66,67,68,71,73,76,80,83,92,93,94,98,101,108,110,112,114,116 "28";
29 112 0 0,13,28,31,34,40,42,51,78,116 "29";
30 80 1 0,2,5,7,11,12,16,20,24,28,29,38,44,50,52,54,60,63,64,69,74,78,84,85,87,92,97,102,103,110,112,115,117 "30";
31 5 1 1,3,4,6,8,9,12,14,16,17,22,24,26,27,28,29,31,33,34,36,38,40,41,44,48,51,53,55,56,58,64,66,68,70,71,74,76,78,80,81,83,84,86,88,90,92,95,97,99,102,104,106,107,109,111,112,114,116 "31";
32 19 0 1,2,11,16,19,26,30,40,45,47,48,50,56,59,60,65,66,72,74,76,77,89,90,91,100,102,107,110,112,114,115,116,117 "32";
33 27 0 6,7,17,27,30,37,39,61,75,81,92,96,97,100,109,117 "33";
34 24 0 1,3,6,8,11,12,14,15,18,19,22,24,29,30,33,36,37,39,46,48,50,51,54,57,59,60,63,64,66,67,69,72,75,77,79,80,84,87,89,91,92,96,97,101,103,106,108,109,113,116,117 "34";
35 1 1 0,3,28,31,41,51,57,86,98 "35";
36 47 0 0,2,3,8,11,13,14,15,17,18,19,21,22,25,29,31,32,34,37,42,43,45,46,47,49,52,54,55,57,59,61,62,64,65,68,69,71,73,74,76,78,80,82,84,87,88,92,94,95,98,101,102,104,105,106,108,112,115,116 "36";
37 74 1 1,3,5,7,9,11,12,20,23,28,32,33,36,38,41,43,45,46,49,53,54,59,61,63,64,65,67,69,71,72,73,76,78,79,80,81,84,85,87,89,90,92,96,97,98,105,108,110,114,115 "37";
38 101 0 2,4,9,13,18,19,20,25,30,38,41,44,46,54,55,61,65,74,79,99,101,103,108,111,112,116 "38";
39 55 0 0,2,5,7,8,11,13,18,19,21,26,27,38,42,50,51,53,55,57,58,60,62,64,66,69,70,72,73,75,77,82,84,87,89,92,96,97,98,101,106,111,113,117 "39";
40 38 1 1,3,5,6,9,11,16,20,24,25,27,31,35,38,40,44,47,50,52,54,56,60,62,65,66,67,70,74,77,79,84,86,88,90,91,97,100,101,103,109,110,113,115,117 "40";
41 38 1 0,2,5,8,10,14,16,19,27,31,33,34,43,45,47,48,50,60,61,70,72,75,77,81,87,91,94,98,105 "41";
42 12 1 5,20,31,36,40,60,62,70,73,88,95,99,116 "42";
43 48 1 10,14,26,40,52,57,84,86,99,107,111 "43";
44 44 1 0,17,24,28,30,31,35,40,41,42,45,51,52,53,56,57,59,61,63,66,70,74,76,80,85,86,87,88,90,99,113 "44";
45 68 1 2,7,15,17,25,32,34,43,45,47,49,53,56,60,79,88,90,93,95,109,110,115 "45";
46 95 1 0,1,2,5,7,9,10,12,13,17,18,20,21,27,31,34,37,38,39,41,44,46,48,49,51,56,59,60,62,63,64,65,67,68,69,74,76,77,79,80,82,87,88,92,93,96,99,103,104,108,109,110,112,115,117 "46";
47 46 1 20,23,25,28,37,48,78,82,88,93,95 "47";
48 45 1 0,2,4,5,7,8,11,12,13,15,16,17,21,25,28,32,34,38,39,41,42,43,45,47,49,51,56,58,59,62,63,64,67,68,69,71,74,76,77,79,81,84,86,89,92,94,95,97,99,100,104,106,107,109,110,112,114,115 "48";
49 89 0 5,8,11,13,19,26,30,33,35,38,41,44,46,50,53,57,62,64,69,73,77,89,95,99,101,103,108,111,113 "49";
50 68 0 6,10,14,18,26,28,32,43,52,56,61,68,73,79,101,113 "50";
51 28 1 4,19,22,50,54,89,93,103 "51";
52 77 1 14,84 "52";
53 54 1 1,14,16,18,20,24,29,30,34,37,40,44,47,53,55,60,62,66,76,80,91,98,101,106,110,113 "53";
54 16 1 20,23,38,42,66,92,104 "54";
55 36 1 9,35,39,44,47,50,53,56,60,66,69,71,77,79,97,102,107,109,115,116 "55";
56 67 1 1,4,6,23,29,43,46,48,55,63,76,77,79,99,112 "56";
57 59 0 14,37,60,109 "57";
58 114 0 6,16,27,47,55,73,82,88,101,104 "58";
59 116 1 0,1,4,6,8,10,11,15,17,19,20,22,24,26,27,29,32,34,35,38,39,40,42,43,45,46,48,52,53,54,56,58,59,62,63,65,66,70,71,74,75,77,78,80,81,83,85,93,97,98,101,102,104,105,108,109,112,115,116 "59";
60 65 1 1,2,5,6,8,11,12,14,18,20,22,32,33,36,39,42,45,47,48,51,53,56,57,58,60,62,66,69,71,76,80,81,85,87,88,89,91,94,96,99,103,105,108,109,110,112,114 "60";
61 20 0 15,20,25,39,45,56,62,65,67,91,100,109,116 "61";
62 22 1 5,8,17,20,27,29,43,53,57,65,67,97 "62";
63 109 1 17,32,34,43,46,53,62,94,101,105 "63";
64 49 1 3,13,14,19,20,23,24,29,34,41,46,47,49,50,54,58,67,72,74,77,78,80,82,86,87,89,93,97,104,105,107,111,115,117 "64";
65 69 1 0,2,4,8,9,10,13,18,20,21,24,26,29,32,33,34,38,40,47,49,51,52,54,58,59,62,65,67,69,70,71,74,77,80,81,84,85,87,88,92,93,95,96,97,98,101,103,104,107,109,112,114 "65";
66 107 1 0,2,3,7,9,11,13,14,20,21,22,26,29,31,36,39,41,42,44,46,51,53,54,56,58,61,63,66,67,71,72,74,76,78,80,85,88,90,91,93,95,99,101,106,108,110,114,115,117 "66";
67 59 0 6,10,11,47,62,64,90,95,109 "67";
68 43 1 1,4,9,12,17,19,21,22,25,32,36,38,40,41,44,46,49,51,52,54,56,58,59,63,67,68,71,72,76,78,83,85,94,95,100,101,104,107,113,115,116 "68";
69 110 0 0,1,3,4,6,7,10,12,15,18,24,26,31,32,35,38,41,43,44,51,59,64,67,68,73,77,78,85,88,93,96,105,107,111,113 "69";
70 13 1 18,84,86 "70";
71 86 1 0,11,19,23,50,60,85,98,100,104,111 "71";
72 15 0 6,23,26,38,41,43,50,63,66,74,77,83,87,88,104,107,112,114 "72";
73 42 0 3,5,12,25,32,38,40,44,50,58,61,66,69,79,84,85,101,108 "73";
74 24 1 1,6,12,14,18,20,21,22,25,27,29,30,33,38,48,50,52,55,56,58,65,66,68,73,76,78,84,85,86,89,90,93,95,98,100,101,104,110,113,115,117 "74";
75 31 1 2,18,28,30,37,42,54,59,60,66,67,70,76,83,85,93,94,100,109 "75";
76 92 1 12,15,30,62,67,72,79,81,115 "76";
77 52 1 0,3,4,7,10,13,16,18,20,22,25,35,43,50,54,56,59,65,66,75,77,82,83,89,90,98,101,107,108,110,117 "77";
78 91 0 0,1,2,3,5,6,8,15,16,18,20,21,24,25,27,29,30,32,34,35,36,37,40,44,45,46,50,52,53,54,56,60,61,63,64,69,71,75,76,78,80,81,82,84,87,89,90,91,92,95,97,99,102,104,107,110,111,112,113 "78";
79 56 1 0,2,8,9,10,17,18,21,25,27,28,29,30,32,34,37,38,44,47,50,52,55,57,58,60,61,69,71,72,75,77,78,80,84,86,88,89,90,94,97,99,101,103,105,107,109,112,114,116,117 "79";
80 5 0 4,8,11,15,18,23,27,31,32,33,36,40,41,43,45,47,48,49,51,53,62,64,71,72,76,80,81,82,88,90,93,95,102,106,109,111,113,117 "80";
81 104 1 0,19,21,22,29,31,34,36,38,42,44,45,49,50,58,59,61,63,65,68,73,75,82,83,85,88,89,90,95,103,105,107,108,110,111,113 "81";
82 3 0 3,4,6,7,8,9,12,14,17,18,21,24,26,27,30,31,35,39,41,42,45,47,48,50,51,52,55,58,60,62,63,65,68,71,73,74,77,78,80,81,86,92,94,97,98,102,103,105,107,108,109,111,112,115 "82";
83 73 0 10,16,33,57,64,74,108,115,116 "83";
84 24 1 5,26,32,48,54,73 "84";
85 68 0 1,6,7,13,17,23,30,35,36,38,40,46,49,54,59,62,66,68,79,84,85,88,92,94,100,102,107,110,112,117 "85";
86 43 1 0,3,5,10,17,28,36,41,44,89,94,106,112 "86";
87 81 0 2,5,6,8,10,12,16,19,21,24,26,28,29,37,44,46,47,48,53,56,62,64,68,69,71,73,77,81,82,84,90,93,114,115 "87";
88 34 0 7,10,12,13,17,18,23,31,32,34,43,48,50,53,59,64,65,72,74,76,78,81,87,92,95,97,101,104,108,115,117 "88";
89 67 0 0,1,3,7,8,11,13,15,18,20,21,24,26,27,28,31,33,35,38,39,43,48,49,50,52,53,56,57,59,60,62,65,68,69,71,74,77,80,85,89,91,92,93,95,96,98,99,101,103,104,106,107,108,109,111,113,114,115,117 "89";
90 99 1 10,29,32,53,55,73,82,88,94,100,104,116 "90";
91 106 0 0,5,6,8,9,11,13,14,16,17,21,25,27,30,35,37,45,46,47,51,52,56,58,62,65,70,72,74,81,82,83,90,91,93,98,99,100,102,104,106,107,108,112,116 "91";
92 94 1 38,43,48,55,82,106,111,113 "92";
93 40 0 1,7,25,33,35,37,43,47,60,63,70,72,77,81,83,91,95,104,107,111,115 "93";
94 116 1 0,2,3,4,6,9,12,15,17,18,20,26,27,28,30,32,33,34,38,40,43,45,46,48,50,52,53,62,63,64,67,70,71,72,74,76,77,79,80,81,83,86,87,89,90,92,93,98,99,100,102,103,105,106,109,111,112,114,116 "94";
95 59 1 12,22,33,35,38,39,47,74,76,86,88,97,98,113 "95";
96 109 1 0,3,7,9,10,12,16,18,20,22,23,26,33,36,38,39,40,42,49,50,54,56,57,59,60,61,63,65,66,68,69,72,73,76,78,80,83,84,86,87,90,98,100,102,103,107,110,112,117 "96";
97 36 1 5,14,33,35,42,48,56,64,87,88,106 "97";
98 103 0 76,113 "98";
99 58 0 21,55,86,91,106,113 "99";
100 29 1 0,3,4,6,8,9,11,12,15,19,21,23,24,36,38,39,41,42,44,46,48,49,50,53,55,58,61,64,68,71,72,74,77,78,79,81,83,85,87,90,92,94,99,102,104,106,110,111,113,117 "100";
101 81 0 8,24,36,71,73,77,102,104,112 "101";
102 51 0 0,3,6,10,11,17,21,25,28,35,36,38,39,43,46,50,52,53,54,58,60,61,66,73,74,75,77,78,80,84,86,91,92,93,96,97,99,101,103,107,111,115,117 "102";
103 36 1 38,53,79 "103";
104 84 0 1,3,5,8,10,12,13,14,16,20,21,22,23,25,28,30,32,35,36,37,40,41,43,46,48,51,52,53,56,57,61,63,65,68,69,71,76,78,79,82,84,86,91,94,95,96,98,103,105,107,113,115,116,117 "104";
105 111 0 0,2,5,7,10,11,13,14,17,20,25,28,31,34,38,42,43,46,50,52,56,58,63,64,65,67,71,75,79,81,86,87,91,94,96,98,100,101,103,107,115,117 "105";
106 70 0 0,2,4,5,7,8,9,16,18,20,23,24,25,27,28,31,32,33,35,39,42,43,44,46,48,51,53,56,58,61,64,66,68,74,78,81,84,90,94,96,101,103,104,108,114,115,117 "106";
107 97 0 1,3,6,8,11,12,14,20,22,27,30,33,35,37,39,42,44,46,48,52,55,58,59,61,63,64,66,67,72,76,79,81,83,86,87,90,93,95,96,101,103,104,107,110,111,112,116,117 "107";
108 24 0 4,12,52,78,80,93,109,111,113 "108";
109 31 1 0,2,5,6,8,9,10,12,13,15,16,23,25,31,33,36,38,39,41,44,45,51,56,57,59,63,68,73,75,76,77,79,81,84,88,89,91,96,100,103,109,111,112,113,115,117 "109";
110 62 1 4,5,9,12,14,17,19,21,22,25,29,31,34,38,39,42,43,45,47,49,51,54,55,59,60,61,63,65,67,69,70,71,74,75,76,78,79,81,84,86,89,91,96,98,100,103,105,107,110,113,114,117 "110";
111 17 1 3,8,11,15,31,42,55,71,83,85,101,109 "111";
112 39 0 1,14,34,90,113 "112";
113 1 0 1,2,4,6,7,11,16,18,20,25,27,32,34,36,38,41,43,47,50,55,57,59,63,64,66,68,70,71,74,75,79,82,85,89,93,94,96,99,100,102,107,110,113,116,117 "113";
114 5 0 0,4,6,8,10,11,12,14,15,18,19,24,29,30,32,34,38,40,42,45,47,49,52,53,54,56,58,59,61,62,63,65,67,71,75,77,78,80,84,87,88,91,93,95,96,98,99,100,102,103,105,107,108,109,111,114,116,117 "114";
115 34 1 2,6,9,10,22,26,28,32,39,44,47,49,66,67,79,80,81,83,87,93,95,97,99,101,103,107,115,117 "115";
116 22 0 1,4,6,7,8,10,12,13,15,16,19,21,24,25,26,27,30,33,34,35,36,38,39,42,43,45,47,50,52,56,60,62,63,65,70,72,74,77,79,82,83,86,87,89,92,93,96,100,103,105,107,109,110,114,117 "116";
117 32 1 0,8,13,17,18,24,52,57,81,93,97,103 "117";
