parity 120;
0 80 0 5,9,21,32,34,39,40,42,59,61,68,73,79,84,94,111,112,117,119 "0";
1 28 0 0,2,4,7,10,12,13,15,18,19,21,22,24,25,27,30,32,36,39,41,42,48,52,56,58,60,61,63,66,67,69,71,73,75,78,79,80,81,84,86,88,91,92,95,99,100,103,105,107,110,111,114,115,118,119 "1";
2 42 0 1,5,18,22,25,28,31,33,45,59,68,71,75,111,115 "2";
3 119 0 4,7,15,33,40,56,62,98 "3";
4 110 1 1,2,5,7,8,12,16,17,26,27,30,31,32,38,40,44,50,53,54,58,62,64,66,68,70,71,74,81,83,85,86,87,89,91,93,102,104,107,109,111,114,115,117,120 "4";
5 91 0 5,18,39 "5";
6 108 1 33,36,40,44,47,54,58,61,63,66,68,84,88,96,100 "6";
7 96 0 1,6,8,10,12,22,24,30,36,44,55,56,58,61,63,73,75,77,84,86,88,93,97,100,102,104,107,118 "7";
8 2 1 1,22,25,28,32,33,35,38,40,48,51,70,74,89,92,93,94,99,102,103,110,118,119 "8";
9 3 0 4,12,26,51,53,57,58,70,72,73,80,82,85,87,92,95,114,118 "9";
10 16 1 1,19,37,40,42,44,68,79,84,87,109,114 "10";
11 94 0 7,9,11,13,16,19,24,26,28,30,31,34,43,44,51,54,60,64,65,67,68,69,71,73,80,84,89,90,95,97,101,102,112,114,117 "11";
12 113 0 4,6,8,13,18,20,29,32,34,42,44,47,52,58,63,65,67,70,72,80,83,87,92,96,100,104,106,107,109,114,117,119,120 "12";
13 76 1 1,4,6,8,10,12,14,15,17,19,20,25,28,30,31,34,36,39,40,42,43,46,47,49,52,57,59,60,62,64,65,67,70,71,72,74,75,77,80,81,82,85,89,93,95,97,100,102,105,110,112,113,116,118,119,120 "13";
14 69 1 5,6,11,13,15,19,22,23,29,35,39,40,47,51,60,63,65,73,77,80,81,88,92,93,98,101,106,116,120 "14";
15 67 1 5,28 "15";
16 98 0 1,2,5,7,13,15,18,20,24,27,30,31,33,37,45,49,50,53,54,56,59,60,62,64,68,71,73,76,77,79,81,83,84,87,89,91,93,94,95,96,97,99,103,108,115,119,120 "16";
17 111 0 14,18,20,32,36,38,41,43,45,63,67,74,82,86,105,119 "17";
18 46 1 3,16,22,27,29,30,37,41,45,51,53,58,59,68,70,71,77,80,84,85,90,92,97,98,103,106,110,115,118 "18";
19 95 0 0,2,8,15,17,19,20,22,25,28,31,35,38,40,41,45,47,48,49,52,53,57,59,63,66,67,68,70,72,77,81,82,85,87,91,93,94,96,99,100,103,107,110,116,120 "19";
20 69 0 0,3,5,7,8,11,13,18,19,21,24,26,29,33,35,37,38,42,44,47,49,53,56,58,60,63,65,67,69,70,72,74,76,83,86,87,89,91,93,94,95,96,98,99,101,102,103,105,109,110,114,118,120 "20";
21 83 1 0,4,7,11,13,24,32,38,43,46,50,51,54,55,62,74,76,78,79,87,95,101,107,109 "21";
22 73 0 10,22,46 "22";
23 68 0 0,2,4,6,10,16,20,23,26,31,33,34,37,38,41,42,44,47,49,50,54,60,61,64,67,69,71,75,77,78,80,81,84,88,90,92,95,96,99,101,102,106,110,117 "23";
24 54 1 16,20,42,47,68,89,92,106 "24";
25 37 0 4,5,11,13,16,19,21,22,25,26,27,31,32,33,37,39,45,48,50,52,54,55,58,62,64,65,68,70,77,79,80,82,88,90,91,93,94,98,101,102,105,106,107,112,115,120 "25";
26 81 0 2,5,9,12,14,15,21,22,25,28,30,33,34,36,41,42,44,45,51,52,56,61,68,71,74,76,79,84,85,86,87,88,94,95,96,101,105,107,112,116,118 "26";
27 74 0 0,2,4,5,7,10,14,15,20,23,24,27,28,29,30,33,34,36,39,40,42,45,47,49,50,53,54,55,60,62,63,66,68,70,72,73,74,76,77,78,81,83,87,88,89,92,95,98,100,102,103,105,107,108,111,113,114,115,118,119,120 "27";
28 10 0 4,9,10,12,15,17,19,20,22,24,27,31,32,39,41,47,51,52,55,57,58,59,61,62,63,65,66,67,70,73,76,78,80,84,86,89,97,98,103,107,109,112,116,117,119 "28";
29 34 1 1,2,6,11,12,15,17,20,22,25,27,29,33,35,37,38,40,42,46,48,51,55,56,57,58,60,61,63,69,71,73,74,76,78,87,88,89,90,92,94,100,101,104,107,109,110,112,116,118,120 "29";
30 13 1 0,6,10,11,13,17,21,39,40,44,47,57,61,63,65,69,78,92,94,111,114,120 "30";
31 56 0 3,4,7,11,14,16,18,19,23,24,26,27,31,34,36,37,43,44,50,53,54,56,58,59,61,63,64,65,67,68,69,70,73,75,76,79,80,82,83,89,90,92,94,99,101,102,104,106,112,113,115,117,118 "31";
32 90 0 1,7,15,17,19,20,23,27,28,31,33,34,36,48,51,54,56,59,60,63,68,71,72,74,78,83,84,92,93,96,98,102,105,107,109,111,114,117,120 "32";
33 68 0 16,27,41,59,70,76,97,119,120 "33";
34 92 0 1,4,7,10,12,14,16,20,22,31,33,34,37,38,40,44,46,51,53,55,57,59,61,63,70,71,76,78,84,90,91,95,98,99,104,109,112,115 "34";
35 76 0 7,12,13,16,24,26,28,30,33,34,44,49,55,59,60,62,66,81,85,93,100,108,109,111,113,115,117,120 "35";
36 88 0 5,6,8,11,19,21,23,28,31,33,41,43,44,47,60,62,66,68,70,71,75,79,81,83,86,88,98,100,103,104,109,113,114,117,119 "36";
37 94 1 5,13,15,38,46,49,53,60,64,69,72,74,82,83,87,88,97,105,109 "37";
38 64 0 0,1,3,9,10,11,13,14,15,17,19,22,25,28,29,36,38,42,44,47,50,52,54,56,58,60,62,63,65,69,70,73,75,77,79,82,84,85,87,89,91,93,94,95,97,99,100,105,107,108,112,115,117,119,120 "38";
39 12 1 4,11,12,14,16,17,19,21,22,23,27,29,30,32,35,37,41,43,47,49,51,54,58,59,61,63,65,68,71,76,79,80,81,82,84,87,91,92,94,95,97,99,101,103,111,119 "39";
40 60 0 19,33,56,64,67,93,102,107,114 "40";
41 121 0 12,26,36,70,114 "41";
42 13 1 35,61,110 "42";
43 9 0 2,5,13,16,34,36,42,47,62,63,65,67,79,84,87,92,93,103,107,112,117,119 "43";
44 50 0 0,2,7,9,11,12,13,15,17,20,21,25,26,28,30,31,33,35,37,40,41,44,46,47,51,53,54,56,62,63,67,71,72,77,78,79,81,82,85,89,91,95,99,103,105,107,108,113,115,117,118,120 "44";
45 6 0 9,10,19,30,40,42,46,71,73,77,78,91,93,110,119 "45";
46 85 1 0,1,5,7,8,10,13,15,17,18,21,23,27,28,29,31,35,36,38,40,42,44,46,50,52,54,56,58,60,62,64,65,69,71,73,74,77,79,81,85,91,97,98,100,102,104,105,109,111,113,115,117,119,120 "46";
47 48 0 9,15,22,44,45,70,72,82,84,85,89,93,106,112,120 "47";
48 82 0 0,12,20,23,34,35,39,43,52,54,57,60,74,77,89,90,95,113,119,120 "48";
49 24 0 6,8,10,17,19,26,36,39,42,46,48,52,55,57,59,65,67,73,92,97,101,108,111,113,115,118,119 "49";
50 47 1 1,8,17,33,43,48,50,57,63,78,103,105 "50";
51 116 1 21,25,26,32,34,43,50,53,60,61,68,70,72,78,80,82,101,103,107,108,109,113,116,118 "51";
52 87 1 1,6,8,13,16,37,39,42,54,62,70,72,74,75,84,92,99,103,109,110,112,118 "52";
53 65 1 0,6,8,10,12,14,20,21,24,27,31,32,34,36,38,39,41,42,44,46,47,49,50,56,59,60,62,64,67,71,72,75,76,78,81,82,83,85,86,89,90,94,95,97,99,107,108,109,111,112,113,115,117,118,120 "53";
54 60 0 1,4,6,11,12,14,23,27,30,32,39,44,48,51,61,64,68,71,72,74,77,81,82,87,88,90,97,99,103,104,106,107,109,113,114,118,120 "54";
55 27 1 43,47,61 "55";
56 17 0 2,11,13,17,28,29,31,33,37,38,50,66,69,84,94,100,103,110,111,114 "56";
57 108 1 35,46,51,53,63,67,113 "57";
58 52 0 1,25,41,82 "58";
59 40 0 1,4,6,8,14,16,17,19,21,22,24,26,28,29,32,33,35,36,38,40,42,45,46,52,54,55,59,60,62,65,68,69,72,74,77,78,80,81,84,86,87,90,92,94,97,101,102,104,105,109,110,111,112,113,115,117 "59";
60 111 1 0,4,6,7,8,9,11,13,15,19,20,21,22,24,26,29,30,31,33,36,38,40,42,44,49,50,52,54,57,64,65,66,70,72,73,76,78,80,81,85,86,87,88,91,94,97,100,103,105,106,107,109,110,111,113,115,116,117,119 "60";
61 51 1 2,6,9,10,12,13,19,20,24,27,31,34,35,37,39,46,50,54,57,61,66,67,72,74,82,83,84,95,97,101,103,106,107,109,113,115 "61";
62 91 0 0,2,6,10,11,12,14,15,17,21,23,25,29,31,34,35,37,39,40,41,43,44,47,50,51,53,56,58,64,66,67,68,69,72,74,78,83,84,86,93,99,101,103,104,105,107,108,111,113,115,120 "62";
63 78 1 0,4,5,15,17,22,26,28,40,42,46,53,54,63,68,79,82,86,89,92,98,100,103,106,112,116 "63";
64 110 0 0,1,3,4,6,8,9,10,15,18,19,21,22,24,28,29,32,33,35,37,39,41,43,45,47,48,49,52,53,55,56,59,61,62,63,66,68,69,70,72,76,79,81,85,86,87,91,92,94,95,97,100,103,106,109,111,114,119,120 "64";
65 60 0 2,4,5,13,15,20,23,26,32,39,44,56,59,64,66,68,70,72,74,79,89,92,95,97,101,103,104,106,112,118 "65";
66 37 1 1,3,56,58,69,76,86,105 "66";
67 66 0 0,4,6,8,10,19,22,27,30,38,45,46,49,56,66,71,75,76,78,82,85,89,97,101,104,107,109,111,113,114,116 "67";
68 2 0 1,3,6,10,12,13,16,19,23,24,27,29,30,33,35,39,40,41,46,49,51,54,56,57,59,62,66,68,75,80,82,83,85,88,90,93,94,96,98,103,106,110,115,117 "68";
69 55 1 31,38,51,87,91,102,106 "69";
70 0 1 3,4,7,10,12,13,21,24,30,42,46,49,62,64,77,81,83,95,98,104,106,109,119,120 "70";
71 16 1 4,13,19,48,61,95,103 "71";
72 69 0 0,2,3,4,9,13,14,19,20,22,23,25,28,32,35,40,43,44,47,51,53,54,57,60,61,64,67,70,73,74,78,80,85,87,91,97,105,106,109,110,111,113,117,119 "72";
73 15 1 0,3,4,6,7,8,9,10,12,13,19,22,23,27,28,32,34,35,37,40,42,60,62,64,66,67,69,74,75,76,77,82,83,85,86,88,91,92,93,95,96,97,101,102,104,106,108,112,114,116,120 "73";
74 73 1 0,3,6,7,9,10,12,14,16,18,23,25,28,29,31,33,37,39,40,43,44,46,47,49,56,60,61,67,70,72,74,76,78,80,81,87,90,91,93,94,96,99,100,102,105,107,108,111,114,116,117,118 "74";
75 8 0 7,21,24,41,77,80,103,108 "75";
76 4 1 0,2,3,4,6,7,9,13,16,21,24,25,35,36,37,38,40,42,46,47,51,53,55,56,57,59,61,67,72,75,82,83,85,89,95,99,103,105,112,114,118,120 "76";
77 11 0 0,1,3,5,10,12,14,17,21,23,28,33,36,37,40,42,45,52,60,65,69,72,74,76,77,78,83,84,88,93,98,99,103,110,111,115,117,120 "77";
78 80 1 2,15,26,30,39,45,46,53,59,67,76,81,90,106,119 "78";
79 114 1 6,8,17,23,28,40,41,54,74,75,76,88,109,110 "79";
80 42 0 1,2,9,11,13,14,16,20,23,25,27,30,33,36,37,40,43,48,52,53,55,65,68,69,76,78,83,87,89,94,97,101,104,105,113,114,117,118,120 "80";
81 64 1 20,33,35,36,39,47,67,79,83,86,90,99,101,104,113,117 "81";
82 78 0 0,1,2,3,6,8,10,11,12,13,15,19,20,22,24,25,28,29,30,31,33,35,37,38,39,41,42,44,45,46,48,49,54,55,57,60,62,63,69,71,72,73,75,78,80,83,92,93,96,98,100,102,105,107,112,115,116,119 "82";
83 18 0 0,2,3,10,11,13,14,15,17,20,22,23,25,27,28,29,30,32,33,37,39,41,45,47,48,49,51,52,53,55,56,58,60,61,63,66,68,70,72,75,76,79,82,84,88,90,91,93,94,95,97,99,101,102,104,105,107,111,113,116,119 "83";
84 106 0 7,16,20,24,29,33,55,62,67,92,99,106,116 "84";
85 65 1 13,56,61,105 "85";
86 71 0 14,28,35,37,42,53,58,61,79,80,112,117 "86";
87 63 1 0,7,11,15,23,24,26,28,33,34,39,48,54,56,58,64,67,69,71,74,84,90,92,94,101,104,110,112,114,119 "87";
88 51 0 1,3,5,11,12,14,17,23,25,27,29,31,33,34,37,39,42,43,46,50,52,54,55,62,63,65,69,73,78,80,83,90,93,96,97,99,104,105,107,110,113,117,120 "88";
89 71 0 1,2,4,6,8,13,14,15,17,18,19,22,23,25,26,28,30,31,32,36,37,39,41,43,45,50,52,54,59,61,64,67,70,71,74,76,77,80,82,84,87,88,90,91,93,94,96,98,100,101,103,107,109,110,113,114,117 "89";
90 74 1 1,2,4,5,7,9,11,14,17,19,24,29,31,36,44,46,47,48,52,54,56,60,61,63,65,66,68,70,71,72,74,78,80,82,84,88,91,95,96,98,100,101,103,105,107,110,112,113,115,117 "90";
91 111 1 0,1,3,9,11,13,16,20,23,24,28,29,31,33,35,38,42,44,45,47,48,50,52,58,60,61,62,65,67,69,74,79,80,83,85,98,101,102,104,106,112,116,117,119 "91";
92 91 1 3,9,12,23,29,71,74,84,112 "92";
93 74 0 0,2,4,6,9,11,12,13,15,16,21,25,27,29,31,32,35,40,42,43,45,46,48,50,51,55,57,58,65,76,77,78,81,83,84,92,97,100,101,102,106,108,110,111,114,117 "93";
94 110 1 0,3,7,9,19,25,26,29,32,34,39,41,49,51,55,60,62,64,67,68,76,78,80,84,86,89,93,100,102,114 "94";
95 82 0 1,3,5,6,7,12,13,15,17,18,21,23,26,28,29,32,33,34,36,38,42,43,45,46,49,51,55,57,61,62,64,66,67,68,71,73,75,77,81,83,84,86,88,89,91,94,96,97,98,101,103,108,116 "95";
96 16 1 14,15,29,49,66,83,93,101 "96";
97 78 0 0,1,2,4,6,9,11,12,14,15,18,20,21,23,24,26,28,29,32,35,37,38,41,42,43,45,46,48,52,55,59,60,61,67,69,75,76,85,87,88,91,95,98,99,101,104,105,107,109,111,116,118,120 "97";
98 8 1 0,3,6,7,10,11,13,17,18,21,22,24,25,27,29,31,32,34,35,38,39,41,44,45,48,51,52,53,56,57,59,60,63,67,68,70,71,74,76,78,80,82,84,86,87,89,91,92,93,95,98,104,108,110,114,119 "98";
99 42 1 2,12,13,19,24,25,33,38,40,46,50,55,61,65,67,68,71,74,84,90,92,94,97,110,117 "99";
100 105 0 2,3,6,7,11,13,14,17,21,24,26,28,30,35,37,38,40,41,43,46,47,48,51,55,57,63,72,75,77,82,85,87,91,92,93,97,102,103,106,110,111,114,117,118,120 "100";
101 90 1 9,13,17,25,32,34,35,40,43,44,46,55,59,62,74,78,82,86,88,89,90,93,95,98,100,102,106,108,109,111,114,117,120 "101";
102 107 1 13,18,26,33,48,56,60,83,108,113 "102";
103 108 0 1,4,6,12,14,16,17,19,21,22,24,26,27,29,36,39,41,43,46,49,51,55,57,58,59,62,64,66,67,68,69,71,73,75,76,78,79,81,82,86,87,89,91,93,94,95,98,100,102,104,111,113 "103";
104 2 0 1,6,9,12,16,18,23,26,27,28,34,38,41,44,50,52,55,59,62,68,77,82,89,98,103,108,110,113,116,118 "104";
105 68 1 3,5,6,10,15,18,20,25,28,30,33,35,37,40,42,44,46,47,58,63,64,75,76,79,81,85,87,90,92,94,97,99,102,104,106,110,112 "105";
106 121 1 0,2,18,21,25,28,31,33,35,40,45,47,51,62,67,71,77,80,82,87,91,97,99,114,118,120 "106";
107 14 0 2,5,14,15,18,27,28,45,57,58,70,72,78,83,98,104,109 "107";
108 17 0 0,2,3,7,11,15,16,18,20,22,23,24,25,27,29,31,32,34,37,38,42,43,45,47,50,51,53,55,57,58,61,62,64,66,68,70,72,73,75,78,80,84,86,87,90,91,94,98,100,101,102,104,105,107,108,111,112,114,117,119 "108";
109 46 0 0,2,5,7,9,10,12,13,15,17,19,21,22,25,27,31,32,35,36,39,40,42,43,45,47,49,52,53,56,61,64,66,68,71,72,74,75,77,79,81,83,86,91,92,94,95,98,99,101,102,104,105,108,109,112,113,116,119 "109";
110 52 0 2,19,27,41,45,88,110,115,117 "110";
111 54 0 1,3,7,10,17,19,20,22,28,29,33,35,38,40,42,46,50,51,52,56,57,61,70,71,74,81,85,88,97,104,106,108,114,115,117,120 "111";
112 82 1 0,3,16,18,19,21,25,26,29,34,38,47,48,54,59,64,65,67,69,71,75,76,82,91,94,97,98,100,112,115,118,120 "112";
113 58 0 2,3,5,8,13,15,16,18,19,21,22,24,29,31,33,34,38,39,41,45,46,47,51,53,57,59,60,61,62,64,65,67,69,70,78,83,85,89,90,91,93,96,97,103,108,111,112,114,117,120 "113";
114 30 0 1,5,6,8,11,13,17,19,20,22,23,29,32,35,37,39,42,43,45,46,48,50,51,53,54,56,57,58,60,61,63,64,66,68,71,73,76,77,80,82,83,86,88,89,90,95,98,99,101,102,105,108,109,111,112,114,116,117,119,120 "114";
115 60 0 93,120 "115";
116 67 0 2,4,6,7,10,11,17,20,21,26,27,29,36,39,41,42,44,47,48,50,52,56,57,60,64,67,68,69,71,72,73,76,78,80,81,82,84,85,88,90,94,95,98,101,106,108,115,116,117,119 "116";
117 40 1 0,4,17,23,25,27,31,35,46,54,58,60,61,69,77,81,87,101,112,113,115 "117";
118 76 1 1,10,11,13,17,20,22,25,27,32,34,38,48,51,72,78,84,97,103,104,106,108,114,118 "118";
119 60 0 2,3,5,10,13,18,20,21,27,29,30,32,42,46,56,57,65,68,70,73,76,78,79,84,88,92,98,107,109,111,114,118,120 "119";
120 72 1 1,4,9,11,13,14,19,21,25,27,29,34,38,42,44,45,52,55,60,65,66,70,77,81,82,87,89,91,93,95,97,99,101,104,110,112,117,120 "120";
