parity 70;
0 44 1 1,5,7,8,10,11,12,16,18,19,20,23,26,27,29,32,34,38,39,41,44,47,49,52,54,58,59,60,63,65,68,69,70 "0";
1 35 0 1,6,7,10,16,28,31,34,35,36,44,53,62,65,69 "1";
2 10 1 37 "2";
3 34 0 1,5,7,8,13,14,16,19,21,24,25,29,31,32,33,34,38,39,40,41,47,48,51,52,53,54,57,62,64,66 "3";
4 43 1 55 "4";
5 54 1 0,4,9,11,14,19,24,27,29,33,38,40,42,44,46,49,50,52,54,57,65,67,69 "5";
6 59 0 3,4,5,9,14,22,25,26,29,32,36,39,41,44,45,46,48,51,54,58,60,61,63,68 "6";
7 22 0 4,27,29,58 "7";
8 8 0 0,65 "8";
9 19 0 0,2,5,8,11,12,16,18,20,22,24,25,28,30,32,34,35,41,46,48,49,52,54,56,57,58,60,64,66,68,70 "9";
10 31 1 0,4,5,8,9,11,13,15,16,19,22,23,24,26,27,29,30,32,34,36,39,41,42,44,46,48,49,50,52,53,58,61,63,64,70 "10";
11 39 0 0,1,3,4,7,8,14,17,19,20,23,24,29,34,39,41,43,45,50,53,58,61,69,70 "11";
12 24 0 0,2,6,8,10,11,13,14,15,17,19,20,21,25,26,29,30,31,38,47,48,54,56,58,60,62,63,66,68,70 "12";
13 31 0 15,39 "13";
14 41 0 4,5,10,11,12,13,17,18,21,24,27,29,33,38,43,45,49,52,56,58,59,60,62,64 "14";
15 0 0 3,5,14,16,17,21,22,25,27,32,33,34,36,38,42,44,53,58,63 "15";
16 68 1 0,3,5,6,8,10,12,17,19,21,26,29,35,36,37,40,43,44,45,47,51,52,53,56,60,62,64,67 "16";
17 67 1 2,14,20,23,33,34,36,52,54,61 "17";
18 25 0 1,3,4,6,11,15,17,20,24,26,33,36,40,45,52,56,61,64,65,67,69,70 "18";
19 37 0 2,5,8,14,15,17,18,20,21,23,27,28,30,32,34,37,39,42,44,46,47,49,51,53,56,60,62,63,64,66,68,69 "19";
20 58 1 0,3,4,5,7,8,9,10,12,14,16,20,22,24,25,32,34,36,37,39,42,43,44,45,47,49,50,51,55,57,58,61,63,67,68,70 "20";
21 60 1 2,5,21,23,24,27,37,42,57,64 "21";
22 1 1 0,1,9,12,14,21,23,24,27,28,29,31,32,37,45,49,52,55,57,61,64,67 "22";
23 53 1 0,3,4,5,6,8,10,11,16,18,20,25,29,31,37,41,42,45,48,50,52,54,56,57,63,65,66,69,70 "23";
24 10 1 7,10,11,15,16,19,22,24,25,29,34,43,44,53,57,59,66,68 "24";
25 22 1 3,6,9,13,15,16,17,19,20,21,25,26,28,29,31,33,40,43,45,50,52,53,55,56,59,61,65,67,69,70 "25";
26 7 1 0,2,7,10,14,16,22,24,27,32,34,37,56,60,63,66,68 "26";
27 27 0 0,3,7,18,28,30,31,36,43,46,52,57,65 "27";
28 18 0 23,33,56,61,67 "28";
29 36 0 2,6,11,24,27,36,66 "29";
30 26 1 17,30,42,59 "30";
31 43 0 1,19,24,27,43,49,57,59,60 "31";
32 27 0 0,2,6,8,15,16,19,22,25,27,31,32,34,35,38,40,43,44,49,55,56,58,62,65,66,67,69 "32";
33 33 1 1,4,7,9,10,17,18,19,22,23,27,28,34,37,39,40,42,44,46,49,52,54,56,58,60,61,62,64,66,67,69 "33";
34 43 1 1,4,8,24,27,35,42,47,50,53,61,68 "34";
35 38 0 6,14,16,29,31,33,35,39,42,48,50,51,63,64,69,70 "35";
36 23 0 1,6,19,29,35,37,40,43,47,51,52,70 "36";
37 55 1 9,12,18,23,55 "37";
38 50 1 1,3,5,9,11,13,16,18,23,24,25,27,29,32,34,36,38,39,41,45,51,52,54,58,61,62,64,65,69 "38";
39 66 0 42 "39";
40 39 1 1,3,8,9,16,18,20,22,23,26,32,34,36,40,41,43,48,52,56,59,60,62,63,66,67,70 "40";
41 20 0 6,12,22,23,25,28,32,34,49,50,57,60 "41";
42 45 1 0,12,22,27,31,37,54,63,65 "42";
43 63 0 0,2,3,6,7,10,11,12,15,16,18,19,21,23,24,29,30,31,33,37,38,42,47,49,53,55,57,58,61,62,63,65,66,69 "43";
44 39 0 13,15,30 "44";
45 35 0 2,3,10,28,41,46,48,57,63 "45";
46 63 0 9,18,65 "46";
47 62 1 1,5,6,8,9,11,15,17,19,23,30,33,36,42,47,51,53,54,55,61,64,68,70 "47";
48 13 0 0,5,6,7,9,13,14,19,23,26,27,28,30,31,33,34,37,39,41,45,46,51,52,54,56,58,60,67,68,69 "48";
49 40 1 23,33,40,49,61 "49";
50 69 0 3,6,8,10,11,16,18,21,24,27,28,30,35,41,44,50,54,56,66,68,70 "50";
51 31 0 11,13,16,27,41,48,55,67,69 "51";
52 23 1 9,10,13,15,20,30,34,38,41,43,47,52,53,57,63,68,69 "52";
53 3 0 4,8,16,20,24,35,36,45,50,55,58,62,64,67 "53";
54 34 1 2,20,25,29,47,49 "54";
55 32 0 1,4,9,13,15,16,28,30,33,34,42,44,45,48,52,60,62,63,65,67 "55";
56 15 1 1,2,7,9,13,14,19,24,28,29,31,33,35,36,37,39,40,41,44,49,52,55,57,60,63,68 "56";
57 13 1 1,5,8,11,13,14,18,23,27,28,35,38,39,49,59,61,66,68 "57";
58 20 1 2,4,5,8,10,11,15,17,19,22,25,28,29,31,32,34,39,57,63 "58";
59 9 1 8,14,15,17,21,27,30,33,35,39,41,44,46,49,55,61,64,66,68,70 "59";
60 9 1 37,50,52 "60";
61 36 0 2,8,18,27,30,38,40,45,58,63,67 "61";
62 5 1 5,8,13,15,20,25,38,40,43,47,55 "62";
63 63 1 0,2,4,7,9,11,15,18,24,26,27,29,34,42,46,48,51,52,57,60,62,64,66,68,70 "63";
64 37 1 12,13,17,19,21,23,27,38,40,48 "64";
65 17 1 12,15,22,24,28,30,37,52,58,61 "65";
66 34 0 0,5,7,11,13,15,17,20,24,28,30,31,33,34,39,44,47,51,57,60,63,65,67,70 "66";
67 4 1 2,5,9,14,17,18,20,24,32,34,36,47,49,52,59,63,68,70 "67";
68 69 0 0,3,9,10,12,16,17,19,22,23,25,27,29,32,35,38,39,44,45,46,49,50,53,54,55,57,59,60,61,64,67,68,69 "68";
69 66 1 0,3,5,7,8,12,19,21,29,32,37,40,44,47,51,53,57,63,70 "69";
70 46 0 1,8,32,43,50,68 "70";
