parity 128;
0 26 1 2,10,12,20,26,42,49,92,116,126 "0";
1 12 1 0,3,4,5,6,8,9,10,12,13,15,17,18,24,26,29,30,31,34,35,37,41,48,50,52,55,57,58,59,61,62,63,65,68,71,72,75,78,79,81,83,85,87,88,92,95,97,98,99,103,104,106,107,108,111,113,115,117,119,121,122,125,127,128 "1";
2 72 1 0,2,3,5,9,10,11,13,14,16,17,19,22,24,25,26,28,31,33,36,37,40,44,46,50,54,56,57,58,59,62,63,66,68,69,71,72,75,76,82,85,86,88,89,90,93,94,97,99,103,105,106,107,109,112,113,115,118,121,124,125,128 "2";
3 75 1 1,3,6,8,10,13,14,18,20,22,24,28,30,32,34,38,41,42,44,45,46,50,51,55,56,57,60,62,63,65,66,68,73,74,75,77,79,81,82,86,89,90,91,94,95,96,97,99,101,105,107,111,112,113,115,117,119,121,124,126 "3";
4 39 0 8,15,20,26,28,30,33,38,39,42,48,53,54,59,60,62,65,67,80,84,86,88,91,92,98,100,103,107,113,122 "4";
5 10 0 1,10,14,16,24,30,32,37,38,39,41,43,45,48,49,55,56,58,60,80,83,85,88,90,96,97,98,106,109,112,115,119,121 "5";
6 110 0 3,5,8,11,12,13,15,17,19,21,22,25,28,30,33,36,37,39,41,42,44,46,47,49,51,52,54,55,57,62,63,65,67,68,69,70,73,75,77,79,81,82,85,89,90,92,93,95,96,100,105,106,108,110,112,119,120,121,122,125,126,128 "6";
7 121 0 2,3,5,6,9,12,14,15,17,22,24,30,32,33,36,37,39,44,49,50,56,58,60,61,63,65,70,73,81,82,85,86,89,93,96,99,101,105,107,111,117,120,123,127 "7";
8 76 0 4,11,18,44,47,52,67,110 "8";
9 20 1 2,4,9,13,17,26,32,36,40,45,49,53,55,56,59,61,62,65,76,80,83,88,90,100,102,103,106,107,113,115,117,120,122,123,128 "9";
10 93 1 0,3,4,6,9,11,16,17,26,28,31,33,34,39,42,43,51,57,58,60,61,63,64,67,68,72,76,78,86,88,92,94,99,112,115,120,123,125,127 "10";
11 12 1 1,2,3,16,20,23,25,26,30,32,35,42,49,51,52,53,62,63,65,68,70,77,79,87,92,99,103,106,108,111,114,120,121,123 "11";
12 95 0 8,35,60,63,68,84,95,96,107,120,127 "12";
13 4 1 0,2,4,6,7,12,14,15,16,19,20,23,24,26,28,29,31,32,34,38,39,40,42,44,47,50,51,53,55,56,58,60,61,63,65,67,69,72,74,78,82,83,85,87,88,89,93,95,99,101,104,106,107,108,111,112,114,118,121,123,125,126 "13";
14 78 1 5,8,11,13,14,16,18,19,21,24,27,32,33,34,36,37,39,42,46,48,51,54,56,58,61,65,68,71,73,76,82,84,86,89,91,93,95,97,98,100,103,105,107,108,109,112,113,115,118,121,125,128 "14";
15 33 0 2,6,22,49,56,66,81,92,94,104,107,108,115 "15";
16 29 1 21,31,37,53,55,62,63,74,88,89,97,98,100,122,128 "16";
17 129 1 10,16,20,31,41,47,76,108 "17";
18 39 0 0,3,9,12,13,16,18,21,36,40,48,54,56,65,72,77,79,84,85,100,121,126,128 "18";
19 113 1 0,8,15,25,31,33,38,42,53,64,68,74,84,85,86,90,94,100,120,127 "19";
20 80 1 17,26,27,36,104,108,115,122,124,126 "20";
21 124 1 18,60,70,124 "21";
22 120 0 3,7,8,10,11,16,19,20,22,26,29,30,33,37,39,40,43,48,53,57,58,61,63,64,65,67,70,76,77,80,84,86,91,92,93,95,97,98,100,102,104,107,108,109,110,114,115,116,118,123,124,125 "22";
23 117 0 2,36 "23";
24 75 0 1,8,24,57,66,77,87,96 "24";
25 43 1 0,2,3,10,11,12,15,16,18,24,28,29,32,37,39,41,42,45,48,50,51,53,55,60,62,70,71,76,77,78,81,84,87,91,94,97,104,107,108,115,117,128 "25";
26 81 1 46,64,85,89,90,94,126 "26";
27 89 0 0,3,5,7,9,17,19,24,26,28,30,31,32,34,36,37,38,41,43,52,56,57,60,63,64,65,66,69,72,79,81,84,87,89,90,98,101,105,107,111,115,118,122,124,125,128 "27";
28 37 1 0,2,3,7,9,11,12,13,16,18,20,21,23,25,28,31,33,34,36,42,44,45,46,47,49,50,54,57,60,61,63,64,66,68,69,71,72,74,76,77,81,83,84,88,90,91,94,95,96,98,99,100,103,105,107,109,111,119,120,122,126,128 "28";
29 123 1 1,6,10,16,19,21,27,29,30,32,38,40,42,45,46,50,53,61,69,71,74,79,83,91,93,95,106,110,114,115,117,120,123,125 "29";
30 19 0 35,42,61,65 "30";
31 126 0 0,8,13,15,19,24,27,36,37,51,59,63,72,81,100,101,119,120,122,126 "31";
32 74 1 0,6,7,9,10,12,14,15,16,18,21,25,27,28,30,35,36,38,39,42,43,45,47,48,51,52,54,55,56,58,59,64,65,67,69,70,73,74,76,78,79,81,83,84,85,87,88,92,101,104,106,108,109,110,112,114,116,117,119,120,122,124,125,127 "32";
33 6 1 1,3,6,8,13,16,17,20,24,27,28,30,35,39,41,42,43,44,45,50,53,55,59,60,70,71,75,77,84,88,94,98,99,110,111,112,115,116,122,125,127 "33";
34 93 0 0,1,2,5,6,9,10,16,17,18,20,22,24,26,29,31,32,34,35,37,39,41,42,43,45,49,56,58,59,60,62,64,66,70,72,74,75,76,81,82,86,87,89,90,96,98,99,104,105,107,109,112,113,114,116,119,121,123,126,127 "34";
35 27 0 1,3,8,9,10,12,13,16,18,22,25,26,29,31,34,36,37,39,40,43,45,52,58,59,60,62,66,68,70,73,74,75,81,82,84,85,87,90,91,93,95,97,102,104,107,110,113,114,117,118,122,124,126,127,128 "35";
36 121 1 0,9,12,14,15,18,20,22,25,26,28,31,33,36,43,52,53,57,58,60,62,65,66,68,71,72,76,78,79,82,84,86,87,90,91,94,95,99,102,104,108,111,116,117,119,122,124,126,127,128 "36";
37 84 1 0,1,5,6,8,10,12,13,16,18,20,24,25,26,31,34,35,37,39,41,42,44,45,47,49,51,53,57,58,60,62,63,66,68,71,73,75,77,79,81,82,86,89,92,95,97,99,101,102,104,106,107,112,122,123,126,127 "37";
38 16 1 1,6,7,10,12,13,17,24,26,27,29,32,36,38,42,43,46,50,58,59,63,65,66,69,72,75,76,81,83,85,89,90,94,95,99,102,105,107,108,109,112,113,114,116,119,121,123,124,126,128 "38";
39 10 0 30,31,36,49,54,58,62,66,71,78,84,86,88,89,96,98,101,105,106,110,117,121,124 "39";
40 67 0 6,9,15,19,28,34,69,77,83,86,98,104,108,116,120 "40";
41 21 0 11,22,26,28,35,44,52,61,64,65,67,72,74,89,94,97,99,102,112,114,122,125,126,128 "41";
42 15 0 0,1,3,4,7,8,10,11,12,13,18,20,24,29,30,32,33,36,38,42,44,46,50,53,56,62,63,68,70,73,75,76,78,81,84,88,92,94,98,100,106,107,110,116,118,122,125 "42";
43 98 0 0,2,6,9,17,20,22,25,26,28,32,34,35,37,41,45,48,50,52,53,57,59,62,65,67,69,71,73,75,78,81,82,84,86,89,93,95,97,99,101,106,113,116,118,121,125,128 "43";
44 44 0 3,8,16,21,26,36,43,47,51,52,55,61,67,71,74,80,86,88,89,93,96,102,104,108,109,112,118 "44";
45 123 0 4,6,16,22,32,33,57,62,65,69,70,72,75,80,88,95,101,104,108,110,116,124,127 "45";
46 12 0 9,13,30,42,59,70,83,96,100,114 "46";
47 37 0 4,10,27,32,41,45,57,63,73,90,92,95,99,102,107,114,120,122,126 "47";
48 62 0 4,8,9,11,12,13,15,18,20,21,22,23,29,30,31,34,35,36,37,41,44,47,49,50,51,53,54,57,59,62,64,65,68,71,73,74,75,77,80,82,83,85,86,90,91,93,95,97,98,100,102,104,106,108,114,115,117,119,120,122,124,126,128 "48";
49 37 0 1,5,6,8,9,11,14,16,22,24,26,30,32,37,38,39,40,42,46,50,51,53,54,55,59,61,63,64,68,72,74,78,81,88,91,97,99,103,104,108,112,113,116,118,119,121,123,126,127,128 "49";
50 106 1 2,5,6,10,12,22,23,26,29,31,39,41,43,45,48,53,54,57,61,65,66,70,72,74,76,77,78,81,83,90,92,94,96,97,98,107,109,110,113,119,122,124,125 "50";
51 24 0 11,14,40,45,51,54,55,61,75,91,106,113,114,117 "51";
52 116 0 0,3,6,8,10,12,21,23,31,33,39,41,42,43,47,48,52,54,58,62,64,66,71,72,74,77,81,86,89,93,96,97,110,111,117,119,123,125,128 "52";
53 68 1 1,14,17,19,20,24,27,36,37,41,44,47,52,54,58,60,61,65,73,83,87,88,93,95,101,103,104,107,110,113,116,121,124,126 "53";
54 127 0 0,2,5,7,11,13,14,16,20,22,23,27,30,32,33,38,42,47,54,58,63,67,73,75,85,87,90,99,105,106,110,112,118,119,125,128 "54";
55 3 1 2,4,5,12,21,38,40,42,43,51,55,66,69,70,76,79,92,94,95,106,108,115,121,123,126 "55";
56 113 1 2,6,8,9,11,12,14,27,37,40,41,46,50,52,54,57,61,63,67,68,78,79,82,86,88,91,93,97,99,101,104,105,106,108,111,120,123,124,128 "56";
57 89 0 0,1,6,9,13,16,20,24,31,34,41,43,46,48,50,55,63,66,69,72,74,76,89,90,95,98,100,105,115,119,122,124,127 "57";
58 42 0 5,12,22,41,93,99,111,119,124 "58";
59 49 1 1,2,4,6,14,16,17,21,22,23,29,30,32,34,35,37,39,45,47,50,56,61,62,64,68,70,72,74,76,77,79,80,84,85,87,89,91,96,97,100,102,104,109,111,112,119,123,128 "59";
60 12 1 1,3,5,7,17,18,20,24,26,27,29,34,36,38,39,41,47,48,50,52,54,56,58,60,63,67,69,70,75,78,80,82,86,89,91,92,94,98,99,105,108,111,114,116,119,120,121,123,124,127 "60";
61 15 1 1,2,4,6,10,11,13,17,22,24,26,28,31,34,35,37,40,41,44,45,47,50,53,55,56,61,63,66,69,73,75,85,86,92,98,102,104,105,107,114,118,121,125,127,128 "61";
62 97 1 5,9,16,17,22,24,30,31,33,35,49,51,59,62,64,65,70,80,82,88,94,96,105,119,123,128 "62";
63 125 1 0,4,5,6,8,9,13,14,16,17,21,22,23,25,33,36,38,40,42,45,48,50,51,54,57,58,60,61,64,65,67,68,72,75,79,81,82,84,88,91,92,96,99,104,105,106,111,116,117,118,120,122,125,126 "63";
64 112 1 53,70 "64";
65 16 0 0,5,6,8,10,12,15,18,20,21,36,39,51,53,56,64,67,72,74,75,77,79,82,83,90,91,94,99,102,103,104,106,111,114,120,121,123,127 "65";
66 72 1 33,39,41,57,74 "66";
67 55 0 0,1,2,4,5,9,10,11,13,14,16,22,23,24,28,29,32,34,37,44,48,50,51,52,58,64,66,69,70,75,77,79,82,84,86,88,90,92,94,95,98,105,109,110,111,113,116,121,122,123,125,128 "67";
68 8 1 3,5,8,11,14,15,16,17,19,20,22,23,24,25,28,29,31,34,36,39,40,45,48,49,51,58,62,64,66,68,69,72,73,74,78,81,83,85,88,89,90,92,93,94,96,98,104,106,107,108,109,110,112,113,115,117,120,121,123,125,126,127 "68";
69 89 0 0,5,9,11,16,18,19,21,22,24,30,34,36,39,42,45,47,55,61,62,65,67,69,72,74,75,79,80,81,86,89,92,93,97,99,102,104,105,119,122,125,126,128 "69";
70 23 0 9,14,17,20,23,26,33,34,37,48,50,51,57,58,60,72,77,81,87,91,106,112,113,116,118,123 "70";
71 88 1 7,24,29,36,49,57,62,73,86,87,100,112,118,123,124,127 "71";
72 52 1 2,4,6,7,9,10,13,17,23,24,33,35,37,40,43,46,47,48,52,55,56,58,60,62,64,66,68,71,75,76,80,85,92,97,99,103,111,114,117,120,121,122,126,127 "72";
73 41 1 61,72 "73";
74 108 1 0,1,2,7,8,13,16,20,23,24,32,33,34,36,38,39,40,42,46,48,50,52,53,56,58,63,69,76,78,81,82,84,88,91,95,97,103,110,113,117,121,124 "74";
75 32 1 3,15,19,41,51,52,68,78,80,85,94,109 "75";
76 48 1 2,5,6,7,9,12,13,17,18,20,22,23,24,27,28,30,32,33,35,38,41,42,48,50,52,54,56,58,60,62,65,67,69,70,73,74,76,78,80,81,83,84,87,89,92,94,95,97,98,101,104,106,109,110,111,113,115,116,118,119,120,121,125,126 "76";
77 107 1 0,2,4,6,7,11,13,14,17,18,20,22,23,24,25,27,28,31,33,36,37,42,43,45,48,49,50,55,58,60,62,64,65,67,68,71,74,76,78,81,82,84,86,89,90,93,95,100,103,108,113,116,118,119,120,122,124,128 "77";
78 73 0 8,15,21,36,39,44,49,52,57,60,62,70,73,83,90,97,99,105,112,119,126 "78";
79 65 0 31,39 "79";
80 51 1 0,2,5,6,8,9,13,16,17,22,23,24,26,28,29,32,33,34,35,38,39,42,44,45,47,49,52,54,55,58,60,61,62,64,65,68,69,70,72,74,76,78,79,81,84,85,88,89,91,93,95,96,99,102,104,107,108,111,112,113,116,119,120,125,127 "80";
81 70 1 2,4,6,8,9,12,13,15,16,17,18,20,22,24,25,28,31,34,36,41,42,44,45,46,47,48,51,52,54,57,58,63,64,66,68,71,72,73,76,81,83,85,86,88,90,91,93,96,98,99,100,103,105,110,111,112,115,116,118,122,123,126,127,128 "81";
82 34 1 0,1,3,6,8,10,12,15,24,26,28,29,32,33,34,37,39,40,41,48,49,51,52,55,59,61,63,64,65,69,71,72,75,78,79,86,87,92,94,95,96,99,100,104,105,107,113,115,119,120,121,122,128 "82";
83 38 0 0,3,4,6,7,9,11,14,16,18,20,22,24,26,27,29,30,32,36,37,39,42,43,46,49,54,56,58,61,64,66,68,71,72,73,75,77,84,89,92,94,96,101,103,105,108,110,112,114,116,117,120,121,123,124,126,128 "83";
84 114 1 1,4,12,14,15,20,28,31,37,41,43,49,51,55,57,63,65,75,84,88,89,92,99,101,102,109,111,115,121,122 "84";
85 101 0 0,1,3,4,6,10,11,16,18,21,23,26,27,30,32,34,36,37,41,45,47,48,50,51,55,59,60,64,65,68,70,71,73,74,76,78,79,81,85,87,89,92,94,95,97,98,100,104,105,107,108,109,113,115,117,118,121,123 "85";
86 111 1 0,1,3,5,8,10,12,13,14,15,17,22,24,25,26,28,29,31,35,36,39,41,45,46,48,51,52,54,56,58,59,61,62,66,69,70,73,77,78,80,83,85,86,87,89,91,93,95,100,103,104,108,110,113,114,116,118,119,120,124,127 "86";
87 12 1 7,11,13,19,29,45,48,50,51,56,58,60,63,66,71,76,79,80,85,87,96,98,101,105,108,111,117,119,122,125,128 "87";
88 9 0 0,3,4,18,21,23,28,33,34,37,41,45,46,48,50,51,56,59,60,62,63,70,72,74,77,79,80,85,87,91,95,101,105,113,114,118,123,126,128 "88";
89 44 0 1,2,6,8,12,17,19,21,24,27,28,31,34,36,41,43,49,56,58,62,72,76,77,80,87,90,95,99,100,104,108,113,115,119,121,125 "89";
90 117 0 0,2,4,5,7,10,12,13,14,16,18,19,22,24,25,26,28,29,30,35,37,42,44,45,46,48,52,54,56,60,61,63,64,69,70,72,75,76,80,82,86,93,95,96,98,99,102,105,106,112,113,120,122,123,125,126,128 "90";
91 21 0 1,3,5,9,11,13,17,20,25,27,29,31,34,35,41,43,44,46,49,52,54,59,62,71,76,81,84,86,92,94,98,105,109,114,117,120,125 "91";
92 46 1 5,9,13,24,27,30,33,39,43,49,54,57,65,67,75,79,80,82,83,85,87,90,95,98,103,104,106,109,117,121,123 "92";
93 4 0 0,1,2,4,7,8,10,13,14,16,19,20,22,25,26,28,31,33,36,42,50,52,54,57,58,60,61,62,65,67,69,70,74,77,78,80,82,84,85,86,88,90,92,93,95,99,100,102,103,105,108,109,111,112,113,115,118,119,122,127 "93";
94 90 1 3,6,12,17,36,41,43,52,64,73,78,88,92,99,100,110,111,117,121,125 "94";
95 96 0 0,2,7,9,10,14,16,22,24,32,36,37,39,42,43,45,47,50,56,58,61,69,72,74,76,77,80,82,84,85,87,88,92,94,101,108,112,114,115,117,118,121,123,126 "95";
96 88 1 1,8,18,22,34,47,48,52,68,98,100,117 "96";
97 40 0 1,3,5,8,10,17,18,20,21,22,25,27,30,34,36,37,39,41,42,46,47,50,52,53,55,57,60,61,62,67,69,70,71,75,76,79,82,84,86,90,92,95,96,98,99,100,102,103,106,109,112,113,119,120,122,127,128 "97";
98 6 0 86,92,117 "98";
99 85 1 3,10,48,56,76,79,83,116,123 "99";
100 18 0 1,6,8,23,27,31,37,39,41,48,54,55,63,68,71,73,77,86,89,94,114,116,117,120,122,123,124,127 "100";
101 7 1 3,10,12,19,26,37,38,44,47,49,52,63,66,79,88,94,96,98,102,116,122,128 "101";
102 10 0 4,6,9,10,12,14,19,20,21,23,24,26,27,32,35,40,41,45,48,51,52,55,58,62,65,66,67,70,77,79,80,82,83,85,87,90,91,93,95,97,101,102,105,108,110,114,115,118,125,126,128 "102";
103 117 0 23,39,49,92,95,101,117 "103";
104 41 0 2,10,22,25,29,31,36,42,48,51,57,58,69,79,90,100,102,122 "104";
105 33 0 3,9,13,15,19,25,29,30,32,42,44,47,52,58,62,63,66,69,73,75,81,83,90,92,99,100,111,116 "105";
106 25 0 0,4,7,8,10,11,16,23,25,27,31,34,40,42,43,44,50,54,62,63,66,68,71,75,79,81,84,86,88,89,91,94,96,98,100,101,104,108,110,112,117,118,120,122,127 "106";
107 10 0 10,52,105,124 "107";
108 34 1 2,6,9,16,20,26,40,41,45,53,56,60,67,74,75,77,80,82,88,90,93,95,100,101,103,107,114,115,128 "108";
109 23 1 1,22,35,37,45,46,54,61,70,78,93,96,109,116,118,122 "109";
110 8 0 7,17,21,27,32,38,44,46,48,50,64,68,70,73,79,85,94,103,105,110,118 "110";
111 85 1 0,1,3,6,7,12,14,15,18,19,20,21,23,25,27,29,31,33,34,36,37,39,43,46,51,52,56,57,59,60,61,65,66,67,70,71,76,78,81,82,84,86,87,90,91,93,96,98,99,101,104,105,106,107,109,110,111,113,116,117,118,120,122,124,128 "111";
112 53 0 0,2,4,6,10,13,14,16,22,29,34,36,45,46,51,60,63,65,67,68,74,76,78,80,83,85,97,98,100,101,106,110,114,121,122,125 "112";
113 77 0 0,1,4,6,7,10,12,13,15,16,17,19,20,23,25,26,29,37,44,46,48,49,51,53,54,61,63,64,67,70,72,76,77,79,81,88,89,94,98,100,102,104,106,109,111,113,115,116,121,128 "113";
114 78 1 1,7,11,16,17,20,24,31,38,41,42,43,52,60,65,66,76,79,81,86,88,92,101,109,112,121,127 "114";
115 34 0 0,3,4,7,11,18,21,23,26,29,31,39,43,44,46,47,48,50,52,55,56,58,59,61,63,64,69,73,74,75,77,79,81,83,86,87,89,91,99,102,103,105,107,112,114,115,119,123,125,126,128 "115";
116 111 1 10,13,16,20,22,31,32,35,38,43,44,48,54,63,68,69,74,80,84,87,88,99,101,105,112,117,125 "116";
117 67 1 5,10,17,18,29,31,38,39,42,45,58,69,75,86,97,101,104,123 "117";
118 91 1 5,7,24,27,39,41,47,53,56,58,64,68,70,75,98,106,108,114,122 "118";
119 39 0 6,16,17,59,87,91,103,119 "119";
120 125 1 4,6,8,11,14,19,26,28,30,34,36,39,45,46,49,51,56,58,70,72,74,79,82,85,88,89,100,106,113,115,117,124,128 "120";
121 90 0 1,3,11,13,19,20,23,27,32,33,36,43,51,53,60,63,68,75,77,78,79,86,87,89,91,93,95,99,101,102,105,111,112,113,116,128 "121";
122 14 1 13,24,29,36,50,58,64,70,91,98,109,113,117,125 "122";
123 78 0 0,1,4,7,8,12,14,16,18,20,27,28,29,31,34,35,36,38,42,43,45,47,49,50,51,52,53,54,58,64,66,67,68,72,74,77,79,83,84,85,87,89,90,93,94,95,97,101,104,106,107,111,113,115,116,118,119,124,126,127 "123";
124 13 1 0,2,3,5,6,8,12,14,16,18,20,24,27,28,30,32,36,37,39,41,42,43,47,48,53,56,58,59,64,66,67,69,70,71,73,75,76,78,80,82,84,86,92,94,97,98,99,101,102,104,105,107,108,110,111,113,116,118,119,121,122,125,127,128 "124";
125 38 1 0,2,11,17,21,26,27,31,37,39,42,50,58,59,62,64,67,73,84,88,89,91,92,93,102,103,119,123 "125";
126 96 1 4,7,14,21,25,28,32,38,45,49,51,58,64,66,67,69,71,76,79,80,82,84,86,88,93,94,104,106,110,115,119,121,122 "126";
127 25 0 1,2,7,9,14,18,25,27,29,32,35,39,40,41,43,48,52,60,64,66,68,70,72,81,82,84,89,94,96,98,106,112,116,119,121,125 "127";
128 14 1 14,17,22,34,41,44,47,56,57,59,60,64,73,76,83,85,98,103,108,125,126 "128";
