parity 117;
0 107 1 8,16,19,37,55,64,79,81,83,85,93,95,98,105,109 "0";
1 89 1 7,59 "1";
2 67 1 5,16,18,20,25,42,50,53,68,70,72,73,80,85,104,106,107,109,115,116 "2";
3 64 0 4,12,34,43,90,97 "3";
4 95 1 4,6,9,12,22,25,29,31,33,40,42,45,50,52,56,63,67,69,71,75,76,79,87,91,92,96,101,102,106,115,116 "4";
5 82 1 0,2,6,9,12,14,18,21,22,24,25,27,30,32,33,34,35,37,38,41,43,45,46,49,51,52,55,58,61,65,67,76,78,79,82,84,87,89,93,95,99,100,101,104,106,112,113,116 "5";
6 106 1 0,4,5,7,9,10,12,13,15,16,19,24,28,29,31,32,37,40,42,43,46,50,53,55,58,64,65,67,70,71,73,75,84,85,90,93,96,97,101,104,108,117 "6";
7 83 1 0,23,29,33,35,58,67,72,78,82,86,88,89,92,95,100,109 "7";
8 82 1 42,62,98 "8";
9 50 0 2,6,8,11,23,24,27,33,49,50,52,66,68,72,75,79,83,86,89,98,100,102,103,114 "9";
10 84 1 6,8,34,42,46,53,55,72,79,81,87,95,107,111 "10";
11 9 0 2,32,43,52,59,67,81,95,100,107,111,113,115 "11";
12 49 0 1,4,10,12,14,17,28,31,32,35,41,43,47,51,53,56,59,63,64,68,70,72,75,76,77,79,84,88,90,94,95,99,100,102,105,106,110,111,113,115,117 "12";
13 65 1 0,2,7,13,16,20,23,24,28,31,37,44,47,48,50,55,57,61,63,64,69,71,76,84,90,91,104,107,108,113,116 "13";
14 15 1 0,4,5,11,12,14,15,18,19,20,21,28,29,31,34,35,38,42,44,47,49,50,51,53,54,56,57,61,62,64,66,67,70,72,76,77,79,80,82,83,85,89,91,94,95,98,99,101,102,104,108,110,114,116,117 "14";
15 48 0 3,4,6,15,20,24,25,28,32,37,40,43,45,46,49,52,54,63,75,77,78,80,84,88,90,102,116 "15";
16 12 0 5,13,18,24,26,30,31,38,46,55,57,69,70,75,85,89,90,94,110 "16";
17 51 0 15,22,35,38,58,71,81,87,92,97,112,117 "17";
18 76 1 5,27,49,53,71,73,75,79,113,115 "18";
19 61 1 0,4,6,8,11,13,18,19,23,25,27,29,31,35,41,43,45,54,56,58,60,69,73,76,78,83,85,91,92,93,103,104,108,112 "19";
20 52 0 1,6,8,10,11,12,13,15,18,23,25,27,28,31,32,35,41,43,44,50,52,53,56,60,64,66,68,69,70,72,73,75,80,82,83,86,88,89,93,94,97,98,100,107,110,112,114,115,117 "20";
21 102 1 2,5,11,24,26,28,34,42,47,55,58,67,72,73,75,79,87,88,102,103,106,111,117 "21";
22 1 1 13,18,28,30,49,52,59,74,89,97,106 "22";
23 15 1 2,4,6,14,15,21,22,36,41,44,51,62,67,71,75,78,82,84,86,104,107,114,116 "23";
24 100 0 2,4,5,6,12,13,15,17,19,21,22,25,26,28,30,33,34,36,37,42,45,46,48,49,55,56,61,62,64,66,67,69,71,75,77,81,83,85,86,90,92,94,96,99,104,105,107,109,112,114,117 "24";
25 91 0 4,13,21,30,41,60,88,115 "25";
26 84 0 5,10,16,24,33,36,43,45,47,48,49,50,53,54,64,67,69,71,73,81,90,98,102,105,106,108,111,116 "26";
27 7 1 4,5,7,8,13,14,18,20,22,24,27,29,30,32,35,36,38,39,42,45,46,49,50,51,52,54,56,59,60,64,68,70,72,73,77,81,83,88,90,92,95,98,101,103,109,111,112,115 "27";
28 41 1 0,9,12,17,27,30,46,49,61,64,65,67,70,71,73,74,76,87,110 "28";
29 3 0 1,3,5,12,14,25,28,29,32,41,43,47,48,51,53,55,58,61,69,73,76,77,80,91,93,99,105,106,108,116,117 "29";
30 82 0 2,5,10,11,14,16,19,21,22,26,27,30,33,34,36,40,42,46,48,50,52,53,54,56,57,58,61,64,65,66,74,76,77,79,82,83,85,86,89,91,93,97,100,102,103,105,109,111,113,115 "30";
31 108 0 0,13,20,24,26,28,30,35,38,41,46,48,55,65,68,71,86,95,102,103,107,111,113,115 "31";
32 99 0 3,10,16,34,36,50,54,63,67,79,100 "32";
33 51 1 14,17,24,29,38,40,42,51,66,74,79,88,97,102 "33";
34 41 1 1,3,10,18,19,23,24,26,29,31,34,36,37,39,41,42,45,49,51,53,55,57,58,60,62,64,67,72,86,88,90,91,93,94,97,102,104,106,110,112,114,117 "34";
35 73 1 7,11,17,18,22,51,62,73,76,88,90,92,93,94,96,99,109,110,112,116 "35";
36 27 0 3,16,25,33,56,60,65,68,81,86,87,91,97,110 "36";
37 76 1 0,2,11,13,19,22,26,29,32,35,38,40,50,59,62,67,71,72,74,75,76,79,88,89,93,94,97,100,101,106,110,112,114 "37";
38 110 1 12,15,24,26,38,42,51,57,63,67,68,69,75,83,89,104 "38";
39 72 1 3,6,12,13,16,21,24,26,27,29,32,33,35,39,42,43,45,48,53,63,65,68,71,72,74,77,78,79,81,82,91,93,96,98,102,105,107,110,112,115 "39";
40 21 1 0,3,5,9,10,13,14,17,19,20,22,23,25,26,28,31,33,41,42,43,44,49,53,54,55,57,58,59,62,63,67,69,71,73,74,75,78,80,81,83,86,88,90,91,93,94,95,96,97,103,104,106,112,116 "40";
41 111 0 1,2,5,6,9,10,12,14,17,20,21,23,25,30,32,33,36,39,43,44,46,51,53,55,59,63,64,67,70,72,81,82,86,90,97,98,100,102,104,105,106,107,110,113,117 "41";
42 91 0 3,5,10,13,18,32,54,59,61,62,70,74,80,96,99,102,103,108,116,117 "42";
43 63 1 5,9,11,12,14,16,18,23,31,44,47,49,54,55,57,64,75,80,81,97,99,114,116 "43";
44 27 0 0,2,4,10,13,16,22,26,29,37,39,41,45,50,53,54,58,59,61,63,64,67,70,73,78,80,87,91,93,96,101,102,103,108,112 "44";
45 18 0 0,1,3,5,7,10,13,15,17,18,20,23,25,27,28,30,32,34,36,37,39,43,44,46,47,49,50,51,53,54,55,57,59,61,68,70,72,73,74,76,80,82,85,88,91,100,102,106,110,113,114,116 "45";
46 46 1 24,27,52,80,93,107 "46";
47 50 1 6,13,21,22,24,27,28,35,45,48,49,51,60,72,76,89,90,94,98,101,113,117 "47";
48 20 0 31,39,50,70,81 "48";
49 104 1 7,15,17,57,66,80,92,98,106,111 "49";
50 47 1 4,15,17,18,20,23,28,36,44,47,50,52,63,64,66,71,73,77,78,80,82,84,91,93,95,98,102,104,109,117 "50";
51 64 0 1,7,9,12,13,16,18,19,21,23,27,30,31,33,35,39,40,44,48,49,51,54,55,63,64,70,72,73,75,76,78,83,85,86,88,90,92,94,96,98,99,102,106,107,108,112,117 "51";
52 106 1 5,12,14,16,19,20,25,27,28,30,36,40,42,43,49,62,67,70,71,73,77,80,87,88,90,99,103,107,116 "52";
53 45 1 7,9,10,12,15,18,20,25,29,31,33,36,37,38,39,41,43,45,46,49,51,55,60,61,63,64,65,68,69,70,75,76,78,82,86,88,89,91,92,97,99,101,103,105,110,111,112,115,116 "53";
54 60 0 7,31,43,55,59,62,64,66,68,71,75,77,80,88,97,113 "54";
55 40 0 0,6,7,8,10,14,16,21,23,29,30,33,35,37,42,44,47,52,55,56,58,61,63,66,70,71,73,77,81,83,84,86,89,94,96,98,103,108,112,115,117 "55";
56 44 0 8,9,16,38,67,108 "56";
57 102 0 2,4,5,7,8,13,14,15,19,22,24,25,27,28,31,35,39,44,45,50,51,53,58,66,70,75,77,81,89,95,98,99,101,102,105,107,112,115 "57";
58 7 0 10,15,41,51,55,58,68,78,89,90,105,107,113,114 "58";
59 90 0 1,6,8,11,12,15,18,21,23,24,27,33,35,36,38,40,41,45,48,50,51,53,54,58,59,62,65,69,71,75,76,79,81,83,89,91,93,95,96,99,101,102,105,108,110,113,114,117 "59";
60 93 1 0,1,3,7,11,14,18,21,22,24,26,34,36,37,41,43,50,51,55,57,58,59,62,63,64,66,69,70,72,73,74,77,79,83,84,85,87,90,91,94,95,96,99,103,104,105,109,110,111,113,114,117 "60";
61 71 1 11,18,22,36,38,47,51,53,73,81,83,84,102,116 "61";
62 66 0 0,2,3,6,9,10,11,13,15,16,17,18,20,21,25,28,29,32,33,35,40,44,48,50,52,56,59,61,63,65,66,73,76,80,81,83,84,88,92,95,96,97,100,102,103,106,107,112,113,115,117 "62";
63 2 0 3,6,8,10,15,18,24,27,30,31,32,35,43,45,49,50,51,53,57,62,65,67,73,79,86,92,99,101,102,105,106,107,109,111,113,114,117 "63";
64 118 0 17,46 "64";
65 103 1 2,4,7,11,17,19,20,28,31,41,46,48,50,64,69,77,81,93,97,112,113 "65";
66 22 1 2,11,14,21,25,29,31,33,36,45,47,50,52,61,75,79,84,87,90,94,101,103,110,111,114,116 "66";
67 118 0 3,7,12,17,20,30,31,36,50,55,65,72,75,80,91,93,101,104,106 "67";
68 6 0 2,8,9,12,24,33,36,38,40,42,48,57,61,70,77,80,83,85,87,92,108,110 "68";
69 40 1 4,12,15,20,25,29,31,35,37,39,42,48,50,54,57,63,69,74,79,85,90,103,116 "69";
70 39 1 2,4,6,9,17,19,21,22,23,25,26,29,36,40,41,43,48,50,52,53,58,59,62,64,65,68,70,73,75,79,81,83,88,96,100,101,106,109,111,115 "70";
71 106 1 0,4,5,8,9,15,26,38,41,49,50,51,56,57,61,62,64,67,68,70,74,80,86,92,97,107,109,110,112 "71";
72 2 1 36,38,77 "72";
73 7 0 0,2,5,9,12,13,15,16,21,25,29,34,37,44,46,50,55,56,60,62,65,68,69,72,79,81,84,88,90,92,97,103,105,106,107,109,111 "73";
74 3 1 9,17,21,23,35,40,43,48,50,60,75,83,88,94,107,108,113,116 "74";
75 39 0 1,9,11,32,39,44,46,47,53,54,56,58,62,70,88,90,92,96,103,108,117 "75";
76 103 1 1,6,8,12,19,26,31,32,38,42,44,45,47,48,50,52,59,61,65,66,69,71,73,74,81,84,93,104,105 "76";
77 93 1 1,3,5,8,12,14,18,21,23,24,25,28,34,36,40,42,43,44,48,50,55,56,60,63,64,67,68,70,72,76,81,82,86,88,92,93,96,98,100,106,108,113,114,115 "77";
78 13 0 6,21,55,72,90,94,102,108,116 "78";
79 117 1 2,3,11,14,15,19,27,28,33,47,48,54,61,73,81,98,108,110,115 "79";
80 11 1 0,2,4,5,7,10,12,15,19,20,22,25,27,28,29,31,32,34,35,36,37,39,41,42,44,46,49,51,53,55,57,59,61,62,64,67,69,72,73,76,78,80,83,85,87,90,95,96,101,103,105,107,110,112,113,116,117 "80";
81 103 0 2,4,7,12,17,18,19,22,24,25,26,27,29,32,33,35,37,38,42,44,49,51,54,60,62,65,67,68,70,72,74,76,80,95,97,98,104,106,107,109,113,115 "81";
82 18 1 8,20,25,30,42,52,61,63,68,79,80,81,82,97,113,117 "82";
83 47 0 5,9,13,30,31,34,44,46,49,60,64,73,76,81,88,97,102,104,117 "83";
84 103 1 0,4,5,7,8,10,11,13,16,17,19,21,23,24,26,29,33,35,39,40,41,43,45,47,48,50,51,52,54,55,56,58,60,65,66,69,70,71,73,77,78,82,84,86,89,90,91,93,94,96,100,103,104,110,112,113,115,117 "84";
85 100 0 0,4,8,13,17,25,35,37,39,44,48,61,66,79,83,89,110 "85";
86 22 0 0,3,4,5,8,9,10,15,16,17,21,23,25,28,30,36,38,40,43,45,46,48,50,51,53,55,57,58,59,61,62,63,65,66,68,69,71,73,75,78,80,82,85,88,89,91,93,95,102,103,104,110,112,114,116 "86";
87 116 0 0,12,18,21,22,37,39,41,45,47,52,58,61,66,69,71,73,77,80,82,86,94,95,96,102,107 "87";
88 56 1 0,1,4,6,10,18,21,23,26,29,30,32,37,40,41,45,46,48,49,53,54,61,63,65,68,71,74,75,80,82,83,85,90,94,97,102,105,108,109 "88";
89 91 0 0,6,7,9,38,49,62,66,69,88,94,97,117 "89";
90 111 0 4,8,9,16,18,19,23,24,27,31,34,36,42,47,48,51,52,56,60,61,64,66,71,73,89,92,95,98,100,111,113,116 "90";
91 102 1 1,5,8,11,12,16,19,20,22,23,24,26,29,32,34,36,39,40,44,46,47,51,53,56,59,60,65,67,68,70,71,73,76,78,80,83,85,87,92,97,98,99,101,102,104,109,111,112,116 "91";
92 54 0 10,18,35,63,64,65,74,81,83,86,95,107 "92";
93 35 1 0,1,5,12,14,19,23,25,31,37,39,43,46,47,51,52,54,57,59,70,78,89,93,95,114,116 "93";
94 16 0 1,11,14,16,19,22,24,26,28,32,35,42,46,47,52,56,61,69,71,83,85,86,90,91,92,96,99,107,108,112,113,116 "94";
95 97 1 68,101 "95";
96 101 1 3,7,8,10,12,13,14,20,24,27,28,30,36,40,41,42,43,46,47,49,51,54,55,58,59,61,63,64,67,68,69,71,73,76,79,80,81,82,84,85,91,93,95,97,98,101,103,105,108,109,111,113,116,117 "96";
97 83 0 6,14,16,23,25,28,32,35,48,50,70,72,74,76,77,80,84,87,94,95,111 "97";
98 117 1 14,17,32,52,73,101,109 "98";
99 40 1 0,2,5,10,11,15,20,21,25,28,29,31,32,39,41,42,44,48,51,57,63,64,68,69,71,82,86,87,88,92,94,96,100,102,104,106,109,111,114,117 "99";
100 8 1 40,74 "100";
101 2 0 0,2,4,6,8,9,11,13,16,18,19,21,22,24,25,27,28,29,32,33,38,40,41,43,45,50,53,54,55,58,60,66,67,69,70,73,75,78,79,81,83,86,90,91,93,94,95,96,98,100,102,104,106,109,112,113,117 "101";
102 45 0 4,23,47,96,110,117 "102";
103 103 1 2,3,5,10,11,13,16,21,22,23,26,28,29,32,34,37,38,45,48,51,53,55,56,61,71,77,79,87,91,94,99,101,106,107,114,115 "103";
104 95 1 3,6,12,15,18,21,26,54,56,58,61,71,75,78,82,83,92,94,99,100,102 "104";
105 74 0 39,47,85,94 "105";
106 87 0 1,3,8,11,12,26,29,35,42,43,45,47,50,58,62,67,75,83,85,87,90,94,96,100,103,115 "106";
107 71 1 0,2,4,5,7,10,12,15,18,19,20,22,24,27,29,30,31,33,34,38,40,43,47,49,52,53,55,56,58,59,62,63,65,69,71,73,75,76,85,87,91,96,97,99,100,102,103,105,106,108,110,115 "107";
108 111 0 8,13,17,30,37,59,66,74,79,86,100 "108";
109 64 1 21,93,100 "109";
110 10 0 0,1,6,7,11,13,15,17,19,20,22,25,28,29,31,33,35,37,40,41,44,46,47,51,53,55,56,58,61,64,73,77,80,85,87,89,91,92,93,95,98,100,101,105,109,111,114,116 "110";
111 21 1 2,4,7,10,14,16,23,24,30,33,34,38,40,46,47,49,52,55,57,58,66,70,73,80,86,88,89,94,95,102,103,104,107,111,112,113,115,117 "111";
112 114 1 1,7,13,16,27,56,72,91,104,117 "112";
113 109 0 29,39,53,89,108 "113";
114 113 1 2,5,9,15,17,20,21,22,24,31,35,37,40,44,45,48,50,62,63,64,66,71,74,79,81,92,93,100,105,107,111,115 "114";
115 105 0 1,4,8,11,14,17,20,23,24,26,32,35,39,41,45,47,49,50,55,57,58,61,64,66,68,70,71,73,77,79,80,83,87,90,92,93,94,96,98,99,102,104,105,108,111,113,115,117 "115";
116 94 0 1,3,7,14,17,20,25,32,42,43,44,52,53,56,67,70,73,76,77,78,81,82,90,94,102,104,108,114 "116";
117 97 0 0,5,8,10,12,15,16,18,24,27,28,31,33,36,46,50,60,64,66,69,77,80,83,88,95,96,99,104,106,114,117 "117";
