parity 191;
0 121 0 0,4,10,11,13,15,16,21,24,27,32,33,35,37,39,41,44,46,47,48,50,54,56,64,69,71,75,76,79,82,85,86,89,92,94,101,102,103,109,111,112,115,118,119,124,126,127,131,132,135,139,143,144,146,147,152,156,158,160,163,167,169,171,172,177,179,188,190 "0";
1 75 1 20,51,67,81,115,128,162,164,181,184 "1";
2 86 1 10,13,29,31,33,35,45,47,49,50,51,55,58,61,62,65,72,75,79,84,94,99,100,104,109,112,113,117,120,123,125,135,145,149,150,152,154,159,161,163,165,172,174,177,186,191 "2";
3 26 0 0,3,4,5,11,13,16,18,20,22,23,26,28,30,33,35,38,41,42,44,47,49,51,52,53,55,57,60,62,65,67,69,71,72,74,75,77,79,81,84,86,90,93,95,96,100,101,102,104,105,113,115,120,122,125,127,129,132,138,143,149,150,153,155,156,157,159,163,165,167,169,171,175,176,178,183,184,185,186,188,191 "3";
4 163 0 3,11,13,18,24,27,31,32,37,39,40,46,51,53,55,61,62,66,72,81,83,86,95,98,104,107,113,115,119,121,124,126,128,130,132,135,138,140,145,149,151,158,159,160,162,166,173,175,177,180,186,188,191 "4";
5 178 0 4,12,14,27,29,32,46,49,53,56,57,60,61,67,68,83,88,95,97,98,101,104,107,108,117,122,126,127,131,132,136,139,140,145,147,154,158,160,163,170,179,188 "5";
6 152 1 1,2,6,8,10,13,15,16,18,21,23,25,27,29,32,33,35,37,38,41,43,45,47,49,52,54,55,59,63,65,67,69,75,76,78,81,84,87,90,92,93,94,96,98,99,100,103,104,109,111,112,115,117,121,123,124,125,127,130,135,137,140,143,144,146,149,152,153,154,157,158,159,161,162,165,166,168,170,171,176,178,179,182,185,187,189 "6";
7 108 1 1,15,27,39,63,70,111,145,171,182 "7";
8 111 0 10,14,18,26,31,38,46,50,52,55,59,66,67,70,75,78,79,81,83,112,114,129,136,139,141,149,152,154,155,157,160,164,167,169,175,176,183,184,188,191 "8";
9 160 0 0,2,3,6,14,16,17,20,22,28,31,33,34,36,38,40,42,44,46,48,51,53,55,56,61,63,65,67,68,71,74,76,79,81,82,86,87,92,94,97,101,103,106,108,110,112,114,118,119,122,123,126,127,129,130,131,136,137,139,140,148,149,151,153,155,156,159,161,162,163,165,166,167,174,176,177,178,183,185,189 "9";
10 60 1 2,5,8,14,18,22,29,33,35,38,42,44,46,49,55,58,59,62,63,69,73,74,75,78,79,87,92,94,98,100,102,104,105,106,108,111,112,114,115,117,119,122,124,135,137,142,147,148,153,155,157,163,164,167,170,172,174,184,186,191 "10";
11 107 1 0,2,4,5,8,10,11,14,16,17,21,22,24,26,29,31,33,34,36,38,39,41,43,46,48,50,53,54,57,59,60,63,64,66,67,69,70,71,75,78,79,81,83,85,86,87,88,91,96,99,101,102,104,110,112,114,116,118,120,122,125,126,129,131,136,138,140,142,144,146,148,150,153,154,156,158,160,161,163,165,166,169,170,172,173,174,176,179,185,187,188,189,191 "11";
12 106 0 1,5,6,9,13,15,18,19,21,22,24,27,28,29,31,32,34,36,38,39,41,43,47,53,56,58,59,64,67,68,74,83,85,88,90,92,94,96,101,108,114,119,125,134,139,140,144,147,154,157,161,163,166,169,175,176,177,184,186,190 "12";
13 30 0 1,5,8,11,13,16,18,20,23,24,25,27,30,37,40,42,44,47,49,55,59,60,63,64,66,68,71,73,77,80,85,87,89,93,97,100,102,105,109,111,112,114,117,120,122,124,126,130,132,134,138,143,146,147,153,154,155,157,163,164,170,172,174,178,179,184,187,188 "13";
14 109 1 1,4,5,8,11,13,14,21,22,23,26,28,29,31,33,36,37,39,43,46,47,49,51,52,54,57,58,61,63,68,69,71,77,78,84,85,87,88,89,92,93,94,98,99,101,103,107,108,111,112,114,116,118,122,125,128,129,131,133,135,137,140,141,142,143,144,146,148,150,154,158,161,163,164,165,168,170,173,179,180,182,183,184,187,188,191 "14";
15 156 0 4,46,54,68,71,85,105,108,111,112,119,132,152,159 "15";
16 11 0 0,1,8,11,18,19,20,23,26,30,32,40,42,43,44,48,51,52,56,58,65,67,69,71,73,75,77,82,86,92,98,103,108,111,118,120,122,127,132,134,138,139,141,144,145,148,151,153,156,159,161,162,164,165,168,170,180,181,184,186,190 "16";
17 3 1 0,2,4,11,18,21,23,29,30,36,38,40,43,46,56,58,63,66,69,72,73,76,78,80,81,92,97,106,112,118,122,130,139,143,146,147,152,155,157,162,164,172,173,178,179,183,186,189 "17";
18 152 0 8,20,22,23,41,65,75,82,85,87,122,126,145,153,167,186,191 "18";
19 134 0 1,2,4,8,12,13,19,20,21,23,26,27,29,30,35,36,38,39,41,42,44,45,47,50,51,53,57,61,62,63,66,70,71,74,76,78,84,87,89,90,92,93,95,97,102,103,107,109,111,115,118,119,120,121,122,124,125,130,131,133,135,138,141,148,152,154,157,161,165,166,167,170,171,173,175,176,180,182,185,187,188,191 "19";
20 139 1 0,5,9,14,19,29,30,33,37,46,78,81,83,84,100,124,126,128,135,136,147,156,163,167,173,177,179,184,186 "20";
21 74 1 4,12,18,22,25,31,34,40,50,54,61,63,66,72,76,77,84,88,95,100,109,113,114,117,123,125,131,144,149,151,162,177,181,187,189 "21";
22 175 1 0,3,7,14,18,19,25,28,33,37,40,44,46,48,50,51,53,55,59,61,65,69,71,72,74,75,78,80,82,85,90,91,92,97,102,104,106,109,113,115,118,120,123,125,129,131,134,141,143,145,148,151,152,155,160,168,170,175,180,187,189 "22";
23 95 1 0,3,4,6,7,10,12,14,17,31,34,38,43,46,52,55,57,67,77,86,88,93,94,105,106,112,118,120,124,129,131,133,136,139,141,145,150,154,156,164,166,172,189,190,191 "23";
24 19 1 4,30,36,48,50,66,69,83,88,90,92,93,95,100,105,109,117,127,131,139,145,150,157,178,190 "24";
25 32 0 5,6,8,12,19,20,29,36,38,42,43,47,49,50,54,56,60,62,64,70,72,78,83,84,89,92,94,96,98,104,108,111,118,120,122,125,126,130,133,140,147,149,151,152,167,176,177,179,182,186,190 "25";
26 126 0 4,8,12,18,19,22,27,38,44,60,65,66,76,81,85,103,118,121,126,131,132,134,135,137,146,153,158,162,164,172,175,177,179,181 "26";
27 96 0 2,5,7,8,11,14,22,25,27,29,30,33,36,38,39,46,47,51,52,54,57,60,65,66,76,79,81,83,89,91,93,96,98,102,104,107,114,116,118,121,124,125,126,130,133,134,141,144,145,146,152,160,162,163,165,167,169,179,181,187 "27";
28 33 0 1,3,4,6,7,9,10,11,14,17,19,20,21,25,26,28,29,30,36,37,43,45,48,50,51,53,54,57,65,66,69,70,72,74,77,78,80,81,83,85,88,90,92,94,96,101,106,108,110,113,116,118,120,121,125,126,129,130,132,133,135,137,144,146,148,152,153,156,158,159,161,163,167,168,172,173,176,178,179,182,183,188,191 "28";
29 144 1 12,14,65,82,117,172 "29";
30 8 0 1,3,5,7,14,16,19,21,24,25,27,29,31,32,34,37,39,41,43,45,49,50,58,61,62,64,67,72,73,77,79,80,81,84,85,87,91,94,95,96,98,100,101,105,107,109,112,114,115,117,121,122,124,130,131,133,135,137,138,140,141,142,144,149,159,160,161,163,164,166,167,170,173,174,176,179,180,182,184,186,187,189,191 "30";
31 137 1 55,72,98,105,115,123,132,156,160,173,175,177,184,191 "31";
32 76 0 0,4,8,15,21,24,25,26,30,32,33,36,40,42,44,47,48,51,53,55,63,70,72,74,78,80,81,84,86,89,90,97,103,109,111,112,114,117,120,122,128,131,137,138,142,143,149,151,158,161,163,165,167,168,174,179,182,183,185,189 "32";
33 61 1 8,9,11,16,17,19,22,24,25,27,29,35,38,44,48,49,51,54,58,60,62,63,65,69,72,74,78,80,83,84,87,89,91,93,95,97,99,104,107,109,113,116,118,119,125,126,131,133,134,135,137,139,140,142,144,145,146,149,151,152,156,160,161,165,168,169,175,181,183,184,186,188,191 "33";
34 183 1 1,2,7,9,11,17,19,21,22,28,31,33,35,36,37,46,49,54,56,58,59,60,63,67,70,71,73,77,80,81,84,85,89,94,96,99,102,104,109,111,116,119,120,122,128,129,140,144,145,149,154,155,159,161,166,167,172,174,175,177,179,182,183,187,188,191 "34";
35 124 0 0,1,3,4,6,10,12,13,16,18,19,20,22,24,26,28,29,32,34,36,38,40,42,47,49,52,54,56,60,61,63,65,67,70,73,74,76,77,78,81,82,84,86,90,92,94,95,98,100,103,110,114,115,119,121,123,126,129,132,134,136,138,139,140,141,143,148,153,156,159,160,162,165,167,169,170,173,175,178,179,181,183,187,191 "35";
36 6 0 10,15,19,26,29,32,36,37,39,42,44,63,65,95,98,103,106,118,122,123,130,135,138,141,149,151,170,184 "36";
37 15 0 0,5,9,11,20,21,23,28,30,33,43,44,46,56,57,60,62,64,65,68,74,77,82,85,87,90,94,98,101,104,105,110,111,114,115,118,119,122,123,125,132,133,137,139,140,141,150,154,156,160,163,167,168,170,173,176,178,180,183,184,186,187,191 "37";
38 13 1 13,93,130,162 "38";
39 127 1 1,6,9,11,19,24,26,29,31,34,37,38,44,46,48,49,55,57,58,59,61,63,68,72,75,76,77,79,81,82,91,94,97,100,103,104,112,116,117,119,123,131,133,137,138,139,142,144,146,148,149,154,157,158,160,162,164,166,172,178,180,182,184,188 "39";
40 184 1 6,11,16,19,23,25,27,29,35,38,47,50,66,71,84,87,90,91,96,98,103,107,108,117,126,137,138,144,150,156,159,165,168,170,172,176,183,187,190 "40";
41 0 0 2,4,5,7,9,10,13,14,19,20,24,25,28,31,33,35,38,40,45,51,54,57,58,62,64,71,74,75,76,77,82,85,91,94,96,98,101,102,106,107,111,114,118,121,124,126,128,131,136,137,138,140,144,147,149,151,153,156,159,160,163,166,167,168,169,174,177,178,181,183,185,188,191 "41";
42 182 1 2,8,11,13,15,16,19,21,24,26,31,34,35,38,42,46,51,53,55,58,59,61,68,72,74,80,83,84,93,95,100,102,106,108,112,115,117,119,124,126,128,131,132,134,137,143,144,147,148,160,161,164,167,170,172,174,175,176,178,181,183,185,191 "42";
43 110 0 0,1,5,8,10,13,18,23,26,28,39,42,44,45,48,51,52,54,57,59,62,72,73,75,80,88,90,91,93,97,99,103,107,110,113,115,117,119,125,128,130,136,138,141,148,151,159,161,165,172,175,178,181,184 "43";
44 106 0 1,4,6,22,23,31,32,35,39,44,46,48,51,53,62,63,70,74,77,81,82,86,88,89,91,95,99,101,103,104,108,110,111,113,114,116,120,123,130,135,137,138,144,146,148,152,164,170,179,180,181,188 "44";
45 59 1 0,3,4,7,9,12,13,16,18,20,22,26,28,31,33,38,44,47,50,52,59,63,66,73,78,81,85,88,92,94,96,99,100,102,103,118,120,124,126,128,134,146,149,154,157,162,164,167,168,171,177,181,182,184,186,187,191 "45";
46 178 0 1,2,4,5,6,8,9,11,13,14,16,18,20,21,22,24,26,27,30,33,36,38,39,43,44,46,48,51,54,56,60,62,63,65,68,69,71,75,76,78,79,80,83,86,88,91,92,93,95,97,98,100,101,104,107,110,113,117,118,120,122,125,126,128,129,132,133,140,141,143,144,146,147,152,153,155,157,158,159,164,165,167,173,174,177,178,180,181,182,183,186,189,191 "46";
47 173 1 0,5,6,11,14,17,20,21,24,25,33,36,41,43,45,47,49,51,52,53,54,58,60,61,65,67,68,73,75,79,85,87,88,89,94,96,97,103,104,105,109,111,116,121,123,125,127,129,133,135,136,138,140,144,145,148,150,152,154,156,157,162,164,166,171,175,177,182,183,187,189,190 "47";
48 153 1 0,2,3,7,9,15,16,21,22,25,27,32,33,35,38,41,42,44,45,47,48,50,53,55,56,59,60,65,66,68,69,70,74,77,80,83,85,86,87,89,91,99,104,109,113,115,124,125,132,134,138,148,150,156,157,161,162,164,174,175,178,179,182,185,186 "48";
49 108 1 1,2,4,7,9,13,14,16,20,23,26,27,33,37,38,41,43,45,47,50,52,54,55,57,59,65,69,71,73,76,77,78,80,83,84,86,87,89,91,92,94,96,98,101,103,107,110,111,112,113,115,116,118,120,122,124,128,135,137,138,141,142,143,145,147,151,155,156,157,160,163,165,166,168,169,170,173,174,175,177,179,182,186,187,189,191 "49";
50 170 1 6,12,13,21,22,24,27,33,36,37,41,44,47,48,52,62,70,79,83,89,91,93,94,96,97,99,105,110,112,114,118,121,126,131,147,161,163,166,174,176,181,183,185,187 "50";
51 134 1 0,11,16,17,43,45,47,55,66,76,98,111,113,115,118,119,122,128,146,154,168,170,174 "51";
52 139 1 3,6,7,8,10,11,13,15,20,22,25,28,29,30,35,37,38,39,41,50,53,58,61,62,64,65,67,68,69,71,72,74,76,78,80,82,83,91,97,98,100,101,103,105,106,108,112,117,119,123,125,130,133,135,137,138,141,142,145,151,155,159,161,163,165,170,172,179,183,187,188,189 "52";
53 90 0 0,1,7,8,13,15,17,24,26,27,30,38,43,49,51,56,57,62,64,74,80,83,93,100,101,110,116,118,119,126,129,130,132,133,137,140,142,143,146,149,150,153,157,162,167,169,175,179,184,185,186,188 "53";
54 159 0 3,10,15,18,19,25,30,40,49,50,53,58,64,65,66,70,73,74,82,84,87,88,101,104,106,109,114,117,120,124,125,128,130,135,136,138,140,142,147,150,153,156,158,162,168,170,179,186,187,189 "54";
55 97 1 2,3,6,15,20,22,24,29,30,33,36,38,39,44,48,50,51,57,64,66,73,76,78,80,84,88,93,96,99,100,103,106,124,128,133,137,142,147,151,156,168,172,173,175,176,180 "55";
56 123 1 4,5,8,9,11,18,22,30,37,44,48,52,56,57,58,61,62,66,67,69,71,74,78,81,86,95,96,97,99,100,103,105,106,107,109,114,119,120,125,127,130,131,133,134,135,136,141,145,148,152,157,161,164,165,167,168,176,178,179,182,183,187,188,189 "56";
57 5 1 4,6,9,11,13,15,16,17,19,20,21,27,31,33,34,38,39,40,43,46,49,53,54,57,58,60,61,63,65,66,70,72,73,77,80,82,84,85,93,94,98,99,101,103,105,106,109,110,114,115,116,120,121,122,129,131,133,135,139,144,145,147,148,151,153,154,160,162,163,164,166,169,174,176,178,182,183,188 "57";
58 159 1 0,3,4,6,7,10,12,13,16,18,20,22,24,25,26,35,36,37,39,41,42,45,47,49,52,59,60,61,70,72,73,75,76,79,83,85,86,87,89,90,91,93,94,95,100,104,108,110,112,114,116,118,121,125,130,132,133,134,137,139,141,148,149,151,152,154,157,158,160,163,164,166,168,170,172,174,176,179,183,184,186,189,191 "58";
59 171 0 69,95,133,137,149,151 "59";
60 186 0 6,8,17,19,25,30,32,39,57,64,67,70,75,79,81,85,91,95,104,114,116,118,119,127,131,135,138,143,144,149,151,153,155,160,162,165,168,169,170,174,175,178,179,182,188 "60";
61 112 0 1,4,5,8,11,14,15,16,28,36,39,40,41,48,51,54,56,59,64,65,67,68,69,74,77,80,81,84,86,90,96,100,102,105,109,116,122,124,127,133,136,139,143,144,150,151,153,156,163,166,172,182,185,187,191 "61";
62 185 0 1,13,42,46,66,85,92,108,113,119,121,126,128,130,131,136,143,147,150,152,157,164,168,174,179,182,184,187 "62";
63 176 0 3,14,52,57,63,71,92,93,98,114,146,151,161,166,171,179,181,182,183,191 "63";
64 136 1 9,10,12,23,25,29,34,38,39,41,43,46,47,50,51,53,56,63,65,68,73,74,76,83,85,87,89,93,95,97,99,103,105,106,110,111,112,116,119,120,121,127,132,134,139,143,145,147,149,150,152,153,155,158,160,164,166,168,170,172,179,181,182,184,190,191 "64";
65 157 1 4,10,12,17,22,25,32,33,37,44,52,55,56,58,59,62,65,67,72,73,76,79,81,82,86,88,90,91,96,97,101,102,105,106,108,109,111,113,116,124,128,131,134,135,146,148,154,155,156,159,162,171,172,175,176,177,182,183,185,188,190 "65";
66 21 0 3,5,7,8,10,15,16,17,19,20,21,22,24,34,37,39,40,42,48,49,54,56,58,59,61,64,65,68,70,72,76,85,87,92,94,96,99,100,107,109,111,113,118,126,127,129,131,136,137,139,143,146,148,153,155,156,160,162,165,167,169,171,172,173,175,178,182,185,186,188,189 "66";
67 43 0 1,2,4,6,10,13,14,16,17,19,21,22,27,28,30,31,33,37,39,47,48,51,53,55,56,60,71,74,77,80,81,83,84,86,89,90,94,96,97,100,101,103,105,107,108,113,114,117,120,126,130,133,147,152,156,157,159,164,173,176,180,182,184,187,190 "67";
68 141 1 2,7,20,22,26,29,35,40,51,59,63,67,69,70,72,74,94,96,97,100,104,106,109,134,136,138,154,156,159,163,168,181,187,189 "68";
69 169 1 2,11,14,23,28,49,52,59,65,75,77,80,91,96,99,106,110,114,126,132,140,147,149,152,159,163,167,172,173,182 "69";
70 149 1 4,5,9,13,14,17,21,23,29,32,33,35,40,42,46,53,55,58,60,68,70,71,73,77,80,87,90,92,93,103,107,109,110,112,127,133,143,145,148,150,153,156,157,160,161,163,167,168,170,172,176,178,180,185,186,187 "70";
71 133 0 2,4,7,9,12,13,15,16,18,21,23,24,28,32,34,36,39,46,47,49,52,53,54,55,58,59,63,64,65,74,76,78,81,83,86,88,89,91,98,101,103,107,109,112,114,117,118,122,124,125,127,133,134,136,141,143,146,149,151,152,161,162,164,166,169,171,173,175,176,177,179,180,182,184,185,188,189,191 "71";
72 81 0 0,1,6,10,15,17,21,22,24,27,32,35,36,39,43,44,45,46,49,51,58,62,65,71,74,75,77,79,81,82,84,94,98,102,103,104,106,111,115,116,117,119,121,124,130,132,134,137,139,142,145,146,150,152,158,160,164,167,172,175,178,180,181,184,187,189 "72";
73 92 1 3,58,72,134,160,164 "73";
74 111 1 5,11,28,44,52,58,59,74,78,83,87,89,94,125,135,179 "74";
75 106 0 0,6,9,11,13,14,16,20,22,30,31,33,37,39,42,45,47,52,53,54,56,58,60,66,68,70,71,73,75,78,79,83,89,91,92,94,97,100,101,102,104,110,112,114,117,119,121,122,123,128,131,132,134,135,137,138,140,142,144,146,148,150,154,156,159,163,167,170,172,175,176,179,182,183,186,188,189,191 "75";
76 177 0 10,17,18,40,44,60,65,71,74,91,93,109,113,127,129,131,166,168,170,171,175,181 "76";
77 42 0 0,3,4,6,8,12,18,32,33,35,39,43,44,49,56,59,77,82,84,88,93,102,107,118,123,126,129,145,151,153,160,162,168,169,175,177,178,180,182,184,190 "77";
78 127 1 1,3,6,7,11,14,15,17,18,25,30,33,35,36,37,39,42,43,46,47,49,52,53,56,59,62,63,64,66,69,74,75,76,78,79,81,85,86,88,90,92,93,95,97,98,99,104,105,107,108,111,112,113,115,118,120,122,126,129,130,132,134,135,137,140,141,143,145,147,150,152,154,155,156,158,161,162,164,166,168,169,171,173,176,180,184,189,190 "78";
79 93 1 6,9,22,28,37,46,50,52,55,67,70,73,76,80,83,90,94,97,101,107,115,126,129,130,134,147,158,164,171,185,187,191 "79";
80 36 1 1,2,3,4,6,8,10,13,14,17,21,24,25,28,30,34,36,38,39,41,43,44,45,46,47,49,50,51,53,54,56,61,62,65,69,70,73,74,77,78,80,83,84,85,88,91,93,95,97,99,101,102,104,105,107,108,110,112,113,114,117,118,121,124,125,127,131,132,134,139,141,143,144,146,147,149,150,152,153,154,156,159,161,167,169,171,172,178,180,181,183,187 "80";
81 29 0 2,8,10,30,38,43,53,62,79,89,101,107,122,130,134,147,155,166,167,175,179,184,189 "81";
82 148 0 12,14,16,22,24,29,38,43,45,60,62,67,75,92,97,98,99,102,108,112,114,120,137,140,147,154,184 "82";
83 169 1 2,4,5,7,9,10,11,13,14,16,18,20,22,24,26,28,31,36,37,40,41,43,44,47,49,50,51,55,57,60,62,63,66,68,70,72,74,76,77,80,81,82,84,86,87,88,91,94,95,98,101,102,104,106,108,109,111,113,118,119,120,122,124,125,127,129,130,132,135,138,142,144,146,147,149,150,155,159,161,162,164,165,167,170,173,177,180,181,183,185,187,188,189,191 "83";
84 83 1 8,14,17,20,26,27,30,34,35,38,40,43,44,47,50,51,52,57,60,62,70,73,77,83,85,90,97,100,102,103,104,107,110,112,114,115,117,119,121,122,124,129,133,134,135,137,138,144,146,147,148,150,153,158,160,167,171,173,174,176,178,183,186,188,189,190,191 "84";
85 43 0 2,53,74,83,146 "85";
86 159 0 4,5,8,13,15,16,19,20,24,30,33,37,39,41,43,47,51,53,57,59,61,63,64,67,69,70,72,75,76,80,81,86,87,88,92,95,97,98,100,102,104,105,108,111,112,114,117,120,125,128,131,132,135,138,141,143,146,149,151,156,157,160,163,167,169,170,171,173,175,177,179,181,184,189,190 "86";
87 159 1 1,9,14,16,28,32,44,50,51,53,55,57,60,66,83,87,94,97,101,105,116,122,124,128,137,141,144,154,156,158,164,178,180,185 "87";
88 105 0 1,2,4,5,7,8,9,12,14,16,18,19,21,22,31,34,43,46,48,51,59,61,64,67,69,75,77,79,84,86,88,90,94,97,99,102,103,105,108,111,113,120,121,124,133,135,137,141,142,143,144,147,149,150,151,153,156,158,160,162,166,167,170,174,179,180,182,184,187 "88";
89 165 0 0,6,9,14,16,19,20,23,26,31,35,37,38,40,46,49,55,57,59,64,65,73,76,77,88,92,99,103,105,112,120,127,133,139,141,146,148,151,154,157,163,168,172,173,179,184,190 "89";
90 26 0 9,13,14,16,20,24,26,28,31,34,37,41,43,58,60,63,65,68,73,80,83,85,87,89,96,99,101,107,108,111,113,116,120,124,131,134,143,144,152,163,170,180,186,188,189,191 "90";
91 10 1 30,46,61,66,82,90,99,119,141,149,154,158,163,169 "91";
92 106 0 8,9,11,24,29,35,38,40,43,56,64,66,70,74,75,84,89,101,109,112,119,122,125,129,138,145,157,158,164,171,175,186,189 "92";
93 90 1 3,9,11,13,15,19,21,23,27,29,30,31,33,37,38,39,41,43,45,47,51,54,55,57,60,62,63,65,66,68,72,75,77,80,83,86,88,89,94,97,100,102,106,108,111,115,118,120,123,124,131,133,134,135,137,138,140,143,145,148,155,157,159,160,163,166,168,170,172,179,183,185,190,191 "93";
94 5 1 3,6,11,19,22,26,27,28,35,39,43,45,47,55,57,59,63,66,69,71,73,76,79,87,97,102,107,114,117,126,128,130,134,135,139,141,146,156,158,165,170,171,174,177,178,180,186,187,190,191 "94";
95 160 1 0,1,3,4,5,6,10,12,14,15,17,19,21,22,24,25,26,27,30,32,34,36,38,40,44,47,48,50,52,53,55,57,59,66,68,69,76,78,79,80,83,84,86,89,90,92,94,95,97,99,100,103,106,108,110,111,112,114,115,118,121,123,124,125,127,129,130,132,134,136,138,139,146,149,150,151,154,156,158,163,165,167,169,171,172,174,175,177,178,181,183,184,186,189,191 "95";
96 150 0 1,2,4,6,10,14,16,21,25,28,30,34,36,39,41,44,48,51,57,58,64,67,68,71,77,78,81,83,89,90,102,104,106,109,112,113,115,116,117,124,126,129,130,132,135,136,144,145,146,149,155,157,161,162,166,168,170,177,179,184,185,186,190,191 "96";
97 186 1 2,7,13,14,16,19,21,22,25,28,30,32,36,38,40,41,42,46,52,54,58,60,63,65,67,68,69,71,73,75,76,79,80,86,88,90,94,97,98,100,103,105,107,109,112,113,114,116,117,118,119,121,124,128,130,132,136,137,139,147,149,150,151,153,154,155,158,165,166,174,175,177,187,190 "97";
98 141 1 3,4,7,8,9,10,11,13,15,20,21,23,24,26,28,31,35,39,40,42,44,45,47,48,49,51,53,57,59,61,65,68,74,75,77,78,79,82,83,84,86,87,88,90,91,92,93,95,98,103,104,107,110,111,114,116,118,119,122,123,126,130,131,134,136,139,142,144,146,148,150,153,158,159,160,164,166,168,170,172,173,175,176,177,179,183,184,186,188,189,191 "98";
99 88 0 19,22,43,89,95,130,147,180,189 "99";
100 66 0 2,6,11,13,16,18,20,22,23,25,26,27,30,34,37,39,41,43,44,46,48,50,54,56,57,62,65,66,67,68,69,71,73,75,77,80,82,83,86,88,90,91,92,93,96,99,100,101,102,104,106,109,112,115,120,124,128,130,131,134,136,139,141,148,149,152,153,155,157,160,162,164,167,171,173,175,177,178,181,184,186,187,191 "100";
101 68 1 5,6,8,9,13,15,16,19,21,23,29,33,35,36,39,40,41,42,47,49,50,51,53,55,57,58,61,62,63,65,67,70,72,73,76,77,79,81,83,85,87,90,91,96,98,106,110,113,114,117,118,124,125,128,133,134,138,140,142,146,149,151,154,157,161,164,167,169,171,173,175,176,177,179,182,184,186,188,191 "101";
102 25 1 4,20,30,33,39,42,50,53,63,75,82,84,87,90,92,94,99,101,111,113,122,137,138,140,142,148,150,151,162,166,181,188 "102";
103 123 1 0,1,3,6,12,14,16,19,21,25,33,36,41,45,47,55,58,59,61,64,67,70,81,86,89,92,96,98,102,105,111,115,119,122,126,129,132,133,136,139,143,146,147,149,152,153,159,160,163,168,171,175,177,178,180,182,183,187,189 "103";
104 185 0 2,4,7,9,10,13,16,17,21,23,29,35,39,43,45,47,53,60,66,68,71,72,77,78,79,80,84,86,88,89,90,96,97,100,102,106,108,109,113,116,118,120,121,124,128,135,142,144,149,153,157,160,162,163,174,177,178,179,181,189,191 "104";
105 94 0 0,1,10,14,15,17,19,26,27,34,36,38,40,41,51,56,60,62,66,68,72,74,75,77,80,84,92,95,96,101,111,113,117,119,123,126,128,130,132,137,142,144,149,150,152,156,160,162,164,166,169,173,176,183,187 "105";
106 189 0 0,1,4,6,8,9,11,14,15,18,20,22,24,30,32,37,39,41,43,45,50,54,58,60,63,66,68,71,73,78,82,85,89,90,93,94,100,102,105,106,113,114,116,117,123,126,128,130,131,138,144,145,148,150,157,161,163,164,168,169,172,178,182,186,188,189,191 "106";
107 16 0 7,13,26,66,83,115,167 "107";
108 179 1 35,36,41,49,52,56,57,81,95,121,131,134,167,175,180,181,189 "108";
109 111 0 0,7,29,67,80,101,143,157 "109";
110 140 0 3,4,8,10,11,13,14,16,19,21,22,24,26,29,31,34,35,38,40,42,44,46,47,54,57,60,61,62,64,65,68,69,70,71,73,75,78,79,83,84,85,87,88,89,91,94,96,97,99,100,101,103,105,110,112,114,118,120,124,126,129,131,133,135,137,139,141,142,147,148,150,154,156,157,158,160,161,162,164,165,168,170,171,172,174,175,177,180,181,182,184,185,187,188,191 "110";
111 165 1 0,8,13,22,23,26,31,33,39,41,43,45,48,51,58,61,62,64,65,70,71,76,78,83,85,89,90,94,95,96,99,108,112,115,116,127,131,132,134,137,140,145,147,170,174,181,184,191 "111";
112 8 0 0,2,4,7,13,15,16,18,19,20,22,26,28,29,32,33,35,37,40,45,48,49,51,55,58,60,62,65,67,69,74,77,79,83,86,87,89,91,93,95,97,103,107,108,110,111,115,117,118,119,124,126,130,132,135,137,138,139,147,148,152,153,155,156,163,168,169,171,174,176,178,180,186,188,191 "112";
113 13 1 0,8,11,13,16,18,19,25,32,34,39,41,43,45,47,48,52,54,57,61,66,68,69,71,75,83,84,85,88,92,96,98,102,104,110,114,116,119,126,127,133,137,139,149,155,158,161,164,167,169,173,174,175,179,182,184,188 "113";
114 93 0 0,3,5,6,8,11,12,14,16,17,21,22,24,26,28,31,32,36,40,41,45,47,49,51,52,53,57,59,62,64,66,70,72,75,78,80,81,85,86,89,90,93,94,98,100,102,107,108,113,115,117,120,121,123,124,129,132,133,135,137,139,141,144,147,155,156,157,158,160,163,164,165,167,174,175,181,183,184,186,187,189,190 "114";
115 188 1 1,7,14,17,24,31,35,39,43,44,48,51,52,56,59,61,64,69,72,73,75,78,82,94,115,118,120,123,124,129,133,141,145,149,152,155,157,172,176,182,183,187,191 "115";
116 141 0 1,4,7,14,16,19,23,24,25,28,32,34,42,45,50,51,54,56,59,62,63,65,67,73,74,77,79,83,86,91,94,95,98,103,108,112,124,134,143,144,150,156,157,159,165,168,169,171,174,179,184,188,191 "116";
117 120 1 1,4,6,8,11,13,21,22,24,25,28,31,32,37,40,42,45,47,49,50,54,57,60,61,63,64,68,71,75,77,79,81,82,84,85,89,92,93,95,99,102,103,105,107,109,114,116,119,121,123,126,129,132,134,136,137,146,148,149,151,155,159,161,165,166,167,169,170,172,174,176,178,180,183,185,188,191 "117";
118 86 1 11,14,29,30,37,39,40,52,56,62,68,70,72,76,97,99,100,108,114,116,126,131,132,147,148,150,153,160,163,175,178,181,189 "118";
119 49 0 1,10,18,19,23,26,27,28,30,35,37,40,41,43,44,46,48,49,52,54,57,65,68,69,71,73,80,83,88,95,101,105,108,113,116,121,123,132,136,138,143,145,151,152,157,159,163,165,168,175,176,178,182,185,187 "119";
120 58 0 0,7,9,15,27,29,42,46,53,65,67,68,70,72,75,82,84,87,92,95,100,102,109,118,120,123,125,130,133,135,142,144,150,157,170,178,180,184,187,188 "120";
121 130 0 1,5,31,47,55,60,63,66,71,72,76,97,125,128,137,143,168,170,172,175 "121";
122 163 1 0,4,5,8,11,12,13,15,17,19,22,26,28,30,33,40,46,47,51,53,57,61,65,67,68,73,78,80,85,86,89,94,95,97,99,104,108,110,116,118,128,137,139,141,153,155,156,160,164,167,171,172,177,182,187 "122";
123 158 1 1,5,6,11,13,16,19,21,24,26,27,30,33,36,38,39,41,42,44,46,51,56,57,60,64,67,69,71,74,77,78,82,86,89,90,91,93,95,96,98,100,101,103,104,105,107,108,110,111,115,118,120,125,127,128,131,133,134,137,142,143,145,147,148,151,153,155,157,158,161,163,167,169,172,173,175,177,178,179,181,182,185,186,188,191 "123";
124 65 0 3,6,7,9,11,17,18,20,21,25,27,28,30,33,34,36,40,42,45,47,53,55,57,58,60,61,63,64,69,72,74,76,77,80,86,89,90,92,93,95,101,102,104,108,109,110,115,120,122,125,126,129,130,131,133,135,137,140,141,145,146,148,150,152,154,155,157,159,161,164,166,167,168,169,172,174,176,178,180,182,183,185,186,189,190 "124";
125 189 1 8,10,11,16,23,36,38,43,46,50,60,70,78,80,83,86,96,104,106,109,118,120,122,131,134,138,154,163,169,181,186,188 "125";
126 68 1 0,2,6,9,13,16,19,22,25,27,28,30,32,34,35,36,41,44,45,47,48,52,53,54,55,59,61,66,69,74,76,79,83,84,86,87,91,93,95,97,101,102,107,108,112,113,116,117,118,120,122,123,124,126,134,140,142,146,147,149,151,153,155,157,160,163,166,167,168,170,171,172,174,177,179,181,183,185,186,187 "126";
127 188 1 0,1,6,9,14,17,19,20,22,24,30,33,35,37,39,40,42,45,46,48,50,51,54,56,60,62,65,66,68,71,73,75,78,80,81,82,84,88,92,94,96,100,103,106,107,110,112,113,116,120,121,126,130,131,133,134,136,137,139,141,143,144,146,147,149,151,156,157,160,162,169,171,173,177,180,181,183,185,187 "127";
128 44 0 0,18,20,22,29,30,32,50,51,53,60,61,67,72,75,77,82,87,93,95,101,108,110,113,117,121,126,128,129,132,134,135,141,143,147,151,152,154,158,160,163,168,171,173,179,181,183,185,186,191 "128";
129 90 0 0,3,4,6,10,13,14,19,23,25,27,28,30,33,36,42,44,47,50,52,54,57,59,60,63,64,68,69,74,76,80,83,85,87,88,90,97,101,102,105,107,109,110,114,115,117,118,119,121,124,127,128,132,134,138,147,149,151,152,153,156,157,159,162,163,165,166,167,172,176,179,180,183,185,188,191 "129";
130 24 1 0,2,9,11,12,15,17,19,20,23,27,29,30,32,34,36,37,40,42,45,46,49,51,54,55,57,58,62,64,67,71,73,80,84,86,88,89,92,94,95,99,100,101,104,107,110,116,117,119,122,124,125,128,131,133,136,138,141,144,147,149,152,156,158,160,162,164,170,174,177,178,181,185,191 "130";
131 147 1 0,1,3,5,7,8,13,14,16,17,18,20,22,23,25,26,28,29,31,33,36,38,41,43,44,48,49,58,62,64,65,67,70,72,73,75,77,78,80,83,87,88,92,96,97,100,101,103,105,109,110,112,113,116,117,119,121,125,127,130,131,134,135,138,141,143,144,146,148,150,153,154,155,159,162,164,166,167,168,169,171,172,173,175,176,179,180,183,185,188,191 "131";
132 146 0 2,3,5,6,8,11,12,14,16,17,18,24,27,30,31,33,34,36,37,38,40,42,44,45,47,52,56,60,63,65,66,67,70,75,77,79,80,81,86,89,91,96,98,101,103,104,106,108,112,114,117,119,120,122,123,124,126,127,130,133,134,142,143,145,146,150,151,152,154,156,158,159,162,163,165,169,170,172,173,175,177,178,181,187,189,190,191 "132";
133 75 1 9,18,27,54,86,136,142,184,185 "133";
134 115 1 3,6,15,17,22,24,28,29,31,35,36,39,45,46,47,54,58,63,81,87,92,98,100,102,110,119,121,123,126,133,145,146,148,155,157,159,161,163,166,169,178,180,187 "134";
135 89 1 0,2,4,6,10,11,12,14,16,18,21,22,24,26,29,30,31,33,35,37,39,41,42,44,46,48,49,51,54,56,57,58,59,61,64,65,66,68,69,74,76,79,80,83,85,87,90,91,92,95,96,99,101,105,108,109,111,112,115,117,118,120,122,123,127,130,132,135,137,138,139,141,143,144,146,149,152,155,156,157,159,160,162,164,166,168,170,172,173,176,180,181,182,185,188,191 "135";
136 170 0 2,9,31,65,85,109,119 "136";
137 43 0 5,12,16,22,28,40,127,145,150,154,162,170,178 "137";
138 14 1 12,17,41,75,79,102,124,127,155,165,186 "138";
139 164 1 6,10,12,14,18,42,44,47,54,55,66,67,69,72,77,82,86,88,98,102,113,118,128,131,138,142,148,151,155,159,163,167,168,178,188,189,191 "139";
140 102 0 8,23,31,35,39,43,50,68,93,97,106,113,126,130,142,146,152,155,157,166,174,183,187 "140";
141 129 0 0,3,4,6,7,9,13,16,18,22,24,26,28,33,34,39,40,44,47,49,51,52,53,55,59,62,64,66,69,72,73,74,77,78,81,82,83,84,86,88,89,91,92,94,97,98,99,103,105,106,108,111,112,114,115,119,120,123,126,127,129,131,134,135,136,138,142,144,147,150,153,154,157,159,162,164,166,167,169,171,173,175,176,179,181,183,185,186,191 "141";
142 53 1 0,1,7,11,14,16,17,19,20,22,24,26,29,31,32,34,36,39,41,44,45,52,54,55,64,65,67,69,71,72,76,81,85,87,88,91,93,97,101,103,104,105,107,108,111,113,114,117,120,121,123,125,128,130,133,134,137,140,142,143,147,149,150,152,157,158,159,162,164,165,167,169,171,173,175,177,181,184,185,186,189 "142";
143 33 0 8,16,18,20,23,27,32,40,45,51,58,60,63,69,72,84,88,89,108,116,120,123,125,142,143,145,149,155,167,168,171,183,186 "143";
144 91 1 0,1,3,6,7,8,24,25,26,27,29,32,34,35,38,40,41,43,45,47,49,50,52,54,58,61,63,66,70,74,76,78,81,86,88,93,96,97,100,102,110,111,115,118,119,120,123,127,128,129,131,132,139,140,145,147,149,156,159,161,164,171,174,175,177,178,179,182,185,187,189 "144";
145 110 1 0,5,8,9,12,14,15,18,20,21,23,26,29,38,42,44,45,47,49,50,53,55,59,64,65,67,68,70,72,74,76,78,84,87,88,90,94,96,98,101,103,105,106,110,111,115,118,120,123,125,126,131,132,136,137,141,143,144,146,147,151,157,159,161,165,167,170,171,173,176,178,185,187,189,190 "145";
146 168 0 0,2,4,5,7,8,12,13,17,19,21,27,28,30,31,33,37,41,45,47,48,50,52,54,55,56,60,62,66,68,69,74,78,79,80,84,87,88,91,92,93,95,97,102,103,108,110,111,112,117,119,127,130,132,136,138,143,146,147,150,154,155,157,159,160,162,163,164,167,169,171,174,175,179,184,188,191 "146";
147 45 1 1,3,6,9,10,17,19,21,23,28,37,41,46,47,50,55,58,62,64,66,68,73,84,86,90,95,97,100,110,120,121,124,125,138,147,156,159,161,162,166,169,170,173,178,179,181,186,188,190 "147";
148 176 0 1,3,4,5,6,10,11,13,14,15,18,20,22,26,27,31,33,37,42,43,47,50,53,54,59,64,65,67,70,72,73,74,76,77,79,80,81,87,89,91,93,95,101,104,105,108,109,112,114,116,117,121,122,124,125,127,130,136,138,139,145,146,150,152,155,156,158,162,164,166,170,178,180,181,183,186,189 "148";
149 73 1 0,3,4,5,8,11,13,15,17,21,23,27,28,30,33,42,45,47,51,53,55,59,68,74,78,87,90,93,95,103,112,114,118,121,124,126,127,132,135,136,139,142,144,149,150,151,156,163,167,172,174,178,180,183,185,187,188,190 "149";
150 103 1 0,1,3,5,7,8,10,11,13,18,19,21,25,26,29,31,33,34,36,39,41,46,47,49,51,53,56,57,61,63,64,66,68,70,72,75,78,79,82,85,90,91,95,97,98,99,103,106,107,110,111,113,115,119,120,122,123,125,129,130,135,137,143,145,146,147,149,150,151,152,157,159,160,162,169,172,173,177,178,180,182,186,187,190,191 "150";
151 188 0 0,3,12,22,23,29,30,32,38,45,54,58,61,96,108,110,114,118,124,129,134,136,149,158,165,166,177 "151";
152 97 1 4,6,8,11,13,16,18,24,25,27,34,37,39,42,44,47,49,52,56,59,63,66,67,69,70,73,75,79,80,84,85,87,89,92,95,101,105,106,108,109,110,114,117,121,122,126,127,129,131,135,138,141,143,145,147,148,150,153,155,156,164,166,167,171,174,176,178,179,180,181,184,185,191 "152";
153 43 0 76,144 "153";
154 110 0 6,14,25,47,65,82,87,95,99,105,119,121,124,138,145,154,163,176,181,188 "154";
155 156 1 66,93,128,129,176,179 "155";
156 72 0 3,6,10,20,32,39,40,45,46,48,51,52,61,73,75,76,83,104,114,116,118,137,150,153,167,173,176 "156";
157 157 1 5,6,10,12,13,16,18,20,23,26,29,33,34,39,41,42,45,51,53,54,59,60,63,65,67,68,70,72,74,75,80,82,86,90,97,98,101,108,109,111,114,116,117,120,134,136,138,139,142,144,148,149,151,153,155,161,165,175,184,186,188,191 "157";
158 68 0 9,16,18,24,25,26,29,34,36,40,42,48,63,66,67,73,78,85,87,92,98,101,108,120,128,132,136,142,145,149,162,165,169,172,173,175,177,179,181,182,184,185,187 "158";
159 166 0 5,8,12,15,20,24,30,33,36,38,41,52,58,61,63,65,67,69,75,77,83,86,88,92,108,111,113,119,126,128,133,139,144,150,154,156,160,168,170,172,174,176,178,181,183,187,190 "159";
160 150 1 1,3,7,13,18,23,29,36,45,48,56,63,69,82,88,89,96,114,119,137,144,146,148,162,174,177,180,182,184 "160";
161 113 1 0,7,10,16,17,26,27,32,33,35,37,40,42,44,45,47,51,56,59,61,62,65,68,70,71,78,79,81,89,101,106,107,110,112,116,119,121,123,130,132,134,141,145,155,159,161,163,166,169,176,177,181,182,187,189 "161";
162 35 1 0,5,9,14,19,24,32,57,64,81,131,158,175 "162";
163 133 1 1,6,16,21,22,26,27,29,30,51,58,69,71,74,76,79,82,88,90,101,102,104,108,110,116,122,125,140,148,151,152,153,160,166,175,177,179,185,186,188,190 "163";
164 85 0 0,2,8,10,16,22,23,25,31,34,36,40,41,46,54,57,60,62,74,77,81,82,85,87,89,91,93,95,99,100,102,104,109,112,117,122,123,125,127,132,133,136,137,141,146,148,151,154,157,159,165,168,172,174,175,178,182,184,185,187,188,190 "164";
165 111 0 2,5,6,8,10,11,14,17,19,20,21,23,24,26,28,29,31,32,34,36,38,39,41,44,45,47,48,49,52,54,55,57,59,63,66,69,71,73,74,77,78,79,88,91,92,95,96,97,99,100,102,104,106,108,109,113,117,118,119,121,122,124,125,126,129,131,133,134,135,138,139,140,141,143,144,147,148,151,155,157,158,160,162,164,166,168,170,171,172,174,176,180,182,184,188 "165";
166 128 1 5,13,17,21,24,25,27,29,30,32,34,36,41,43,45,50,54,59,60,62,64,66,68,69,76,77,78,82,85,87,88,95,102,104,108,119,124,135,140,144,147,148,151,153,155,162,168,169,177,178,187,189,191 "166";
167 188 0 23,49,120,137,154,170,173,177 "167";
168 10 0 30,186 "168";
169 177 0 3,10,11,13,19,23,28,30,31,34,39,44,46,48,49,56,57,60,62,67,68,71,73,79,82,86,88,91,93,95,96,98,102,104,107,122,124,125,127,129,132,135,136,140,145,147,153,160,171,173,174,180,181,183,185,188,190,191 "169";
170 165 0 1,3,8,9,10,14,22,26,33,35,37,38,46,48,55,56,57,58,64,67,76,82,86,88,90,94,102,103,105,112,117,118,122,123,124,126,129,133,141,152,154,156,157,160,162,164,170,172,177,185,186,188 "170";
171 35 1 2,8,9,10,12,13,17,19,22,24,27,30,33,34,36,42,48,49,52,54,55,57,59,63,66,69,70,74,76,78,86,87,89,94,98,100,107,110,111,118,119,121,123,125,127,129,130,131,133,135,137,139,140,142,144,146,148,149,152,154,156,158,160,163,167,172,175,178,184,185,186,187,189 "171";
172 150 0 0,4,8,16,21,28,38,43,54,58,63,76,78,83,85,93,96,105,106,109,113,115,119,125,130,132,136,142,144,149,152,155,156,157,162,169,172,176,183,187,190 "172";
173 85 1 5,15,16,17,21,22,28,30,32,35,36,45,50,54,62,73,78,79,88,89,96,97,100,107,108,109,114,132,135,137,143,144,148,152,157,159,162,165,169,174,175,178,185,187,191 "173";
174 14 1 9,10,65,74,78,90,99,131,137 "174";
175 77 1 1,6,8,12,16,17,23,25,27,35,37,39,41,42,43,45,48,49,52,57,60,63,65,70,72,74,76,78,80,84,85,88,90,97,98,100,103,107,110,113,115,120,122,124,126,128,130,134,137,138,139,141,145,147,149,152,153,162,166,170,175,177,179,185,187,190 "175";
176 162 0 4,6,8,13,19,21,23,25,30,31,47,49,52,55,66,68,71,74,79,81,84,85,88,92,95,96,98,103,105,107,110,111,117,119,123,124,125,128,129,131,133,135,138,140,147,156,160,165,167,169,171,172,175,178,179,181,186 "176";
177 32 1 9,11,12,21,28,30,32,46,53,66,81,84,88,116,119,124,127,154,171,173,182 "177";
178 27 1 0,5,8,12,14,19,21,25,26,27,36,40,44,47,51,53,58,62,67,69,73,78,81,84,85,88,94,95,100,106,124,134,136,138,145,162,164,166,177,178,182,185,188 "178";
179 95 0 1,5,18,21,25,33,35,51,66,72,73,75,80,83,90,93,95,98,106,108,114,121,126,129,142,143,149,155,162,167,185 "179";
180 186 1 22,48,76,93,98,113,132,164 "180";
181 161 1 6,11,22,24,28,40,44,55,58,62,63,65,66,71,77,86,88,97,104,107,110,114,119,123,133,136,139,145,147,159,164,165,173,179,181,188 "181";
182 124 0 3,4,7,10,11,13,14,15,17,19,23,26,27,28,30,31,32,34,37,38,40,42,43,46,48,50,52,54,56,58,60,62,63,66,69,71,75,80,82,87,88,89,90,97,105,106,108,113,115,116,121,123,125,126,129,130,133,134,135,138,140,142,143,144,146,149,153,157,159,160,162,163,165,169,170,173,175,178,180,182,185,190 "182";
183 49 0 3,6,8,11,14,19,21,22,23,24,26,28,30,33,34,35,37,40,42,43,45,46,49,51,54,58,61,62,63,65,66,68,70,72,73,75,78,83,90,97,99,101,102,104,106,112,116,118,120,121,124,127,129,131,133,134,136,139,149,150,153,157,163,164,165,167,168,174,175,178,179,181,183,187,191 "183";
184 73 1 3,7,13,15,20,26,31,34,36,43,49,52,53,54,56,62,64,66,67,74,77,78,81,88,89,91,92,98,99,100,101,103,104,106,108,111,114,116,118,121,122,125,126,128,132,138,139,143,145,150,153,154,156,161,166,167,172,174,177,180,182,183,187,188 "184";
185 180 0 0,4,8,13,15,16,18,19,22,23,24,26,28,31,35,36,39,40,42,43,45,46,49,51,53,55,57,59,60,62,64,66,68,69,70,72,74,78,81,83,86,87,89,90,93,95,97,98,101,103,104,105,110,111,113,115,117,120,122,124,127,129,130,132,133,136,137,139,140,143,144,146,147,149,152,153,155,159,161,162,163,165,166,167,168,170,173,176,178,179,182,183,185,186,190,191 "185";
186 42 0 0,4,5,7,8,9,12,14,15,18,23,25,27,28,30,32,33,35,36,41,42,43,45,47,49,52,56,58,60,62,64,66,68,71,73,75,76,77,79,81,83,84,86,88,91,92,94,95,98,100,102,103,108,111,115,117,118,119,122,123,124,126,127,128,131,132,134,136,142,144,146,148,149,150,154,155,157,159,160,161,166,169,171,172,175,176,178,180,181,183,185,187,188,190,191 "186";
187 49 0 1,2,5,6,8,10,12,15,18,21,23,25,27,30,32,39,41,43,45,52,54,56,57,58,59,62,65,68,69,71,73,75,76,77,78,83,84,85,90,91,93,94,97,98,100,102,104,105,108,111,114,115,117,120,122,126,127,128,130,131,132,134,135,138,140,141,143,144,147,148,149,152,156,158,160,162,163,164,166,168,169,171,173,175,181,182,184,186,189,190 "187";
188 184 0 4,5,14,15,21,28,35,37,40,43,46,49,59,62,66,68,74,88,90,92,94,97,99,106,108,110,114,120,123,125,134,135,139,141,144,146,150,158,159,160,164,168,169,174,176,180,182,187,190 "188";
189 119 1 2,4,7,9,10,15,16,17,19,20,21,23,25,27,28,29,32,34,35,37,38,40,43,45,46,49,51,52,53,55,56,58,60,62,64,66,67,69,73,74,76,77,78,80,81,83,84,87,90,91,93,95,98,99,101,104,108,109,111,114,116,117,120,121,122,124,126,128,129,132,134,136,137,140,142,143,146,150,154,155,156,161,163,165,166,169,172,173,174,177,178,181,183,184,189 "189";
190 167 0 3,6,8,9,10,17,22,26,27,36,44,46,48,49,50,59,63,64,66,68,71,80,86,88,89,90,93,111,122,124,126,131,140,144,162,165,168,171,176,179,188,190 "190";
191 113 1 0,2,3,11,13,20,22,26,28,30,31,33,35,39,43,45,46,50,51,52,56,60,61,63,64,68,74,77,83,88,89,90,93,96,97,98,103,104,108,110,117,122,123,125,127,128,130,131,137,142,143,144,146,147,150,151,161,163,165,168,170,172,173,180,181,183,187,190 "191";
