parity 142;
0 120 1 5,11,16,19,25,30,31,32,45,48,50,52,54,58,64,67,68,73,75,83,88,95,102,105,106,112,115,122,123,125,128,132,136,139 "0";
1 12 0 6,12,14,23,33,39,44,48,54,56,67,77,78,88,91,92,97,102,103,106,113,115,119,128,135,141 "1";
2 66 0 0,1,8,10,12,15,23,28,30,34,39,41,43,48,51,57,58,62,64,68,70,72,76,80,84,93,98,103,110,118,121,125,130,132,137 "2";
3 49 0 0,1,2,4,6,8,10,12,14,15,21,22,24,25,27,29,31,33,34,37,42,44,45,47,48,49,51,54,55,57,59,60,62,64,66,67,68,70,71,72,76,80,85,86,87,91,93,95,97,99,101,102,105,107,109,112,114,115,118,120,121,123,126,129,130,133,135,136,138,139,140,142 "3";
4 52 1 0,10,11,16,17,24,30,32,38,43,54,55,61,64,65,68,78,92,94,97,104,106,108,112,115,122,123,125,133,141 "4";
5 57 1 0,1,3,5,6,7,10,12,13,14,16,17,20,21,22,23,25,28,29,33,35,36,39,40,42,44,46,48,49,50,54,56,59,60,62,63,65,67,69,70,72,75,79,80,85,87,90,91,93,94,97,98,100,101,102,103,106,107,108,113,118,120,122,123,125,127,128,131,133,135,138,140 "5";
6 126 0 1,4,6,8,10,12,14,15,21,22,24,26,28,29,31,37,41,43,45,47,49,50,52,55,56,60,61,63,65,68,69,70,72,73,75,77,82,84,85,88,89,93,96,98,100,102,105,107,108,109,111,115,117,122,123,128,129,132,134,136,137,138,142 "6";
7 102 0 44,56,70 "7";
8 48 0 9,17,18,20,33,35,38,41,56,61,66,67,70,74,76,78,83,86,90,92,102,107,109,119,123,125,129,132,134,136,139,141 "8";
9 25 1 58,115,116,118,129 "9";
10 119 1 1,8,9,19,28,31,38,49,59,64,65,72,75,81,93,95,107,111,124,135,138 "10";
11 115 0 1,4,6,11,13,15,19,22,24,27,30,34,35,44,46,48,49,51,53,54,56,57,60,67,72,76,77,80,82,84,87,95,98,107,114,117,119,123,125,126,129,131,133,136,138 "11";
12 91 1 0,2,5,6,8,10,11,13,16,17,19,22,24,27,30,32,33,35,38,39,41,43,48,49,52,57,58,59,62,68,70,74,75,76,78,82,88,89,92,95,97,98,100,102,106,108,111,115,117,119,121,123,125,126,131,133,134,135,137,140,142 "12";
13 37 0 5,21,23,37,65,69,76,95,99 "13";
14 92 0 12,15,18,19,29,32,40,51,53,58,60,64,68,72,89,92,99,106,107,109,132,135,136 "14";
15 143 0 2,7,9,12,21,22,27,32,35,38,44,46,52,53,62,67,74,80,81,85,87,90,93,99,100,105,107,109,111,114,118,123,126,132,136,138,139,141,142 "15";
16 94 0 0,1,4,5,6,8,9,11,14,16,18,20,22,26,29,31,34,35,36,38,41,42,43,44,46,50,53,55,59,60,61,62,68,70,73,78,83,84,86,87,90,91,94,96,98,99,102,104,105,110,111,114,117,118,119,123,124,125,127,128,131,134,137,140,142 "16";
17 109 0 3,4,9,14,19,28,39,42,47,58,66,69,73,76,80,87,92,93,95,107,111,112,114,115,129,134,135,137,138,141 "17";
18 80 1 3,9,11,34,40,43,56,61,63,88,90,122,130,141 "18";
19 49 1 6,9,17,19,22,24,26,30,36,37,45,48,50,57,60,65,66,70,73,75,76,77,78,84,88,90,96,97,99,103,105,116,120,121,123,126,132,135,137 "19";
20 10 0 1,4,5,8,11,13,14,18,20,28,33,34,38,42,44,46,47,48,50,53,55,58,60,63,66,69,75,76,78,82,87,88,90,92,94,96,100,104,105,107,109,111,113,114,117,119,122,125,126,130,131,134,135,138,142 "20";
21 104 0 3,5,17,29,33,34,35,47,63,65,68,95,99,104,110,112,124,128 "21";
22 100 0 0,3,5,7,9,11,18,29,32,35,40,42,44,47,50,52,54,57,60,64,66,69,70,72,76,79,83,84,88,95,103,104,106,112,116,118,119,121,122,125,127,128,129,132,135,136,141 "22";
23 88 0 3,7,8,10,11,12,15,18,20,22,23,24,26,28,31,33,34,36,39,40,47,48,50,54,56,62,64,67,68,69,71,74,76,79,82,83,84,89,92,93,96,98,100,106,108,110,113,114,115,118,120,121,123,124,128,130,132,138,141 "23";
24 42 0 2,3,8,14,17,23,30,39,40,42,43,45,47,53,54,57,59,62,63,66,71,74,79,82,84,86,93,95,96,98,100,103,105,108,110,111,112,113,119,121,125,128,130,138 "24";
25 140 0 1,2,6,10,13,16,20,22,24,28,33,35,38,40,41,44,45,52,54,55,57,59,61,62,63,65,68,69,72,75,76,79,87,90,93,94,96,101,103,104,108,109,111,114,118,122,124,125,128,132,139,142 "25";
26 20 0 8,14,20,104,135 "26";
27 141 1 4,8,10,19,22,24,28,30,34,38,40,43,45,55,57,65,70,71,72,76,78,93,100,103,106,108,110,114,118,125,126,128,129,130,132,134,136,140 "27";
28 92 0 4,9,11,14,16,20,28,39,47,54,66,69,73,75,77,80,89,93,103,107,113,119,122,126,130,138 "28";
29 107 1 1,3,5,6,8,10,12,14,16,17,20,26,27,28,31,33,36,41,45,46,47,50,52,53,56,58,60,62,63,64,65,69,71,73,74,76,79,80,82,84,86,90,92,100,102,104,107,108,111,112,114,117,119,120,122,123,126,128,129,132,134,135,138,139 "29";
30 93 1 32,39,93 "30";
31 68 1 0,2,5,10,16,19,22,26,35,37,39,40,43,45,46,50,51,57,58,69,74,78,83,91,96,101,103,108,113,119,124,131,137 "31";
32 126 0 1,2,6,11,13,17,21,24,28,30,35,39,46,49,50,51,53,55,67,77,79,81,83,84,88,90,94,95,97,99,100,107,109,115,122,123,127,131,136,141,142 "32";
33 24 1 1,3,6,9,12,16,19,21,22,24,26,30,32,33,39,43,46,50,57,61,63,64,66,69,75,76,84,86,91,96,97,98,102,103,106,107,111,112,114,118,126,127,131,133,137,138,140,142 "33";
34 112 0 1,2,4,5,10,16,18,19,20,22,24,26,27,29,32,34,37,39,40,42,45,47,48,50,51,55,56,58,60,63,64,66,68,70,72,73,75,77,78,79,82,85,86,92,93,94,98,100,102,103,107,108,109,110,112,113,116,118,120,121,123,126,128,129,130,131,133,134,136,139,140,141 "34";
35 121 1 17,30,39,56,57,83,95,104,110,131,136 "35";
36 45 1 1,3,8,9,11,13,16,17,20,21,23,25,26,31,40,42,45,49,53,55,59,61,64,65,66,67,74,86,98,100,102,104,106,109,110,113,116,118,119,121,125,132,136,138,139 "36";
37 140 0 0,2,5,10,11,12,14,17,18,20,24,26,30,31,33,35,37,38,45,49,50,53,54,56,58,59,62,65,66,68,70,72,74,76,78,82,86,88,89,90,94,96,98,100,101,103,106,109,111,113,114,115,117,119,124,126,127,129,131,134,137,140,141,142 "37";
38 79 1 3,8,9,11,12,16,18,20,22,23,27,29,30,34,35,36,38,40,42,44,45,46,50,59,65,66,67,70,71,72,76,78,81,85,87,95,96,99,101,108,111,112,114,117,119,121,122,131,142 "38";
39 126 0 3,16,19,31,49,50,52,72,74,79,100,103,105,117,124,140 "39";
40 44 1 0,1,3,4,5,7,9,13,15,17,21,23,24,27,28,33,37,40,42,45,47,51,53,55,59,62,64,69,70,73,75,78,80,82,85,88,90,92,95,96,101,103,104,105,106,108,110,112,117,118,125,127,131,133,135,139,141,142 "40";
41 27 1 0,4,6,11,13,20,31,32,36,37,49,58,70,71,77,79,82,89,91,92,95,98,103,106,108,110,113,114,118,121,123,124,127,130,132,133,135,136 "41";
42 101 0 0,1,5,8,10,11,13,19,20,21,22,25,26,27,28,32,34,37,40,43,45,49,50,52,59,60,62,64,68,70,76,77,81,84,85,87,90,92,93,96,98,99,102,104,107,109,112,113,114,115,118,120,122,124,125,128,132,133,135,136,139,142 "42";
43 27 1 1,3,5,7,8,10,13,14,18,19,20,22,23,29,30,32,34,40,41,43,52,54,55,59,61,64,66,68,73,74,80,83,85,87,89,90,93,95,96,97,99,100,102,105,107,109,111,113,114,115,120,125,127,130,132,134,136,137,140 "43";
44 19 1 3,8,11,27,28,29,31,33,34,37,46,48,51,59,60,64,65,67,73,74,77,81,87,89,90,96,101,106,110,113,116,130,135,139 "44";
45 127 0 0,2,4,6,10,11,16,18,21,25,30,31,34,35,36,38,40,42,44,47,49,51,54,56,58,59,64,65,66,67,68,71,73,77,79,81,82,86,87,90,91,93,94,102,104,111,112,117,119,123,125,129,130,131,133,135,140,141 "45";
46 8 1 1,4,5,7,9,12,14,16,18,21,24,28,31,32,36,38,39,42,44,45,47,48,50,53,58,68,70,74,75,80,81,83,84,87,91,93,95,97,100,102,104,109,111,118,125,130,134,135,141 "46";
47 107 0 0,17,19,23,27,47,50,64,71,80,105,116,117,123,130,133,141 "47";
48 116 0 0,2,5,6,7,9,11,14,15,17,18,20,24,27,28,31,32,33,35,37,38,41,43,47,48,51,53,56,60,63,64,68,71,72,77,79,80,83,86,88,89,92,93,94,98,99,102,105,107,110,112,114,117,118,121,126,128,130,131,132,133,135,136,138,140,142 "48";
49 45 0 3,50,73,83 "49";
50 60 0 1,5,6,9,11,13,15,16,17,19,24,27,30,36,40,42,45,46,47,50,53,55,56,58,60,62,63,67,69,72,74,75,79,81,84,88,92,94,96,101,103,104,106,109,112,113,115,116,120,124,125,128,129,131,132,136,138 "50";
51 120 0 1,2,9,15,20,27,104,113,119,121 "51";
52 48 1 3,6,14,18,22,24,25,30,38,43,44,46,47,50,52,55,57,65,67,73,74,75,78,79,87,92,97,99,126,127,130,134,138,140 "52";
53 4 0 6,8,9,19,28,34,39,44,49,50,78,80,89,93,96,97,107,112,113,117,123,128,131,135 "53";
54 3 1 2,5,11,15,17,32,34,45,46,56,60,64,71,75,78,80,81,89,91,93,101,108,110,112,117,118,128,139,140 "54";
55 119 0 4,6,12,16,19,21,34,35,37,39,41,43,47,48,50,52,55,57,66,68,69,77,79,82,86,87,90,91,92,104,109,113,117,118,120,123,128,129,137 "55";
56 75 0 0,6,9,12,14,15,17,19,20,21,22,25,26,29,31,33,36,40,42,45,50,52,56,57,58,60,62,66,68,71,72,73,76,78,82,84,85,86,88,92,96,97,100,105,110,111,113,116,121,122,124,126,128,130,134,135,137,138,139,141,142 "56";
57 105 0 0,2,3,7,9,11,13,17,20,23,27,28,29,31,33,35,37,38,39,40,42,43,44,46,49,51,55,57,59,61,63,65,67,74,76,79,80,81,84,86,87,88,90,91,93,95,96,99,101,103,105,108,109,111,112,114,116,118,119,122,124,125,127,129,131,132,135,136,137,139,140,142 "57";
58 105 0 5,7,8,9,10,11,12,14,16,18,19,27,28,30,32,37,40,42,44,47,48,50,52,55,56,58,60,61,62,64,65,68,69,71,73,78,80,84,86,87,90,94,96,99,102,104,105,108,109,110,112,119,120,122,124,125,129,130,132,134,135,137,139 "58";
59 106 1 1,6,10,13,15,17,20,21,23,25,27,30,32,34,35,37,39,41,42,44,49,51,52,53,54,55,57,59,61,62,64,65,67,68,70,72,73,77,78,81,86,88,91,93,95,97,99,105,110,111,113,116,119,120,124,126,128,131,137,139 "59";
60 116 1 0,2,3,5,8,9,10,11,12,15,16,22,25,27,28,30,32,37,40,41,45,46,50,52,54,55,58,59,62,65,68,70,73,74,76,80,81,83,84,88,89,91,93,95,99,100,105,107,109,112,115,116,117,119,120,126,127,128,130,132,133,137,142 "60";
61 89 1 0,2,5,8,14,17,19,32,42,44,46,51,57,59,61,67,68,69,74,78,79,80,83,86,93,95,98,101,105,108,112,116,118,120,121,125,127,129,132,135,137 "61";
62 9 0 7,8,9,11,12,14,15,16,20,21,24,25,27,30,32,34,35,36,39,41,43,45,49,50,51,54,57,58,60,64,65,67,70,74,76,79,81,82,83,84,86,89,90,92,94,95,97,99,101,102,104,109,110,111,114,116,120,121,122,125,128,134,135,136,138,140 "62";
63 65 0 6,21,23,53,68,93,104,106,111,114,120,125,133 "63";
64 39 0 0,2,6,7,8,11,19,20,24,27,30,31,33,35,43,49,52,54,56,57,59,62,66,71,72,74,76,78,79,81,83,85,86,92,94,98,100,103,105,109,111,114,116,118,122,127,129,131,133,139,142 "64";
65 115 0 0,1,16,21,24,33,35,45,48,50,52,57,59,61,67,68,71,77,79,82,88,92,95,99,102,105,116,118,120,125,128,129,137,139 "65";
66 67 0 0,3,5,6,8,15,16,21,23,25,28,30,32,33,34,38,39,40,41,42,44,47,50,51,53,56,58,61,65,67,68,69,71,73,76,79,80,82,83,86,90,91,94,95,100,103,106,109,111,114,115,116,118,121,123,125,126,128,129,130,132,134,136,137,139,141 "66";
67 71 0 1,4,6,9,11,14,17,19,22,25,27,29,30,32,37,42,43,49,56,59,66,71,79,80,83,85,92,94,95,98,104,106,107,110,111,112,117,119,120,123,125,127,129,131,132,135,137,139,140,142 "67";
68 82 0 0,1,4,6,10,15,17,22,23,28,30,31,33,37,38,40,45,47,52,53,55,58,62,68,70,71,73,74,75,77,78,81,83,87,90,91,93,96,98,102,104,106,117,118,119,121,123,124,128,130,131,134,135,137,138,139,142 "68";
69 2 0 1,3,5,7,9,11,12,13,16,21,22,27,35,37,41,43,50,58,64,68,69,73,74,80,81,83,84,86,87,89,91,93,95,96,100,104,106,107,114,117,121,123,127,128,136,139,141 "69";
70 129 1 82,87,94,128 "70";
71 93 0 0,1,6,8,10,11,13,15,17,19,20,21,23,29,31,34,37,43,44,46,47,49,51,54,55,61,62,63,66,68,69,71,74,75,76,78,80,83,89,93,96,97,99,101,102,104,105,107,108,115,117,119,122,124,132,133,137,139,141 "71";
72 32 1 1,10,12,13,15,16,18,19,21,23,26,30,33,34,36,37,39,43,44,48,49,52,57,64,68,69,71,72,74,75,76,78,79,81,83,85,87,89,91,93,95,96,97,98,100,102,105,107,109,112,114,115,117,120,122,130,133,136,139 "72";
73 34 1 0,3,5,6,9,10,13,17,19,21,23,25,26,28,29,34,38,39,41,46,47,49,50,52,54,55,57,58,60,61,63,65,66,67,71,75,77,80,82,85,86,88,90,93,96,97,99,100,101,103,104,107,109,110,112,113,114,115,117,118,120,122,124,129,131,134,137,138,140,141 "73";
74 10 1 0,8,13,15,16,18,20,24,25,29,30,39,43,49,52,54,56,61,63,64,65,67,71,75,77,79,88,91,94,100,102,104,105,107,108,111,113,119,123,125,130,135,136,139,140,142 "74";
75 27 0 0,3,5,7,8,10,12,13,15,16,19,24,26,27,28,30,31,32,34,36,39,42,43,48,52,54,55,58,61,62,64,65,67,68,71,72,74,75,76,78,79,82,83,84,90,94,97,98,100,102,103,105,106,108,109,111,112,113,115,117,122,128,131,132,133,135,138,139 "75";
76 97 1 0,4,5,24,33,41,49,50,52,60,71,78,81,89,96,99,114,117,128,137 "76";
77 1 1 1,9,14,15,19,28,30,39,50,53,54,57,63,67,73,75,81,86,88,90,91,104,109,112,113,118,127,129,131,132 "77";
78 65 1 0,1,3,7,8,10,12,14,16,19,21,27,28,31,33,35,38,39,45,48,59,64,68,70,71,72,76,79,81,88,90,96,97,101,102,111,116,120,122,126,129,131,134,136,138,139,141,142 "78";
79 83 0 16,23,28,32,33,44,48,53,59,63,64,83,88,111,113,129,131,133 "79";
80 8 0 1,3,16,21,25,29,31,39,41,43,48,49,57,68,79,87,88,99,109,115,118,124,126,133 "80";
81 73 1 2,11,14,18,26,31,36,38,46,47,50,66,72,81,83,84,108,132 "81";
82 21 1 3,6,16,18,21,23,26,27,28,30,33,37,41,43,44,46,47,50,51,52,58,60,61,63,65,67,68,70,71,74,75,77,78,81,82,84,85,87,94,95,96,99,101,107,111,113,114,117,126,128,132,134,137,140 "82";
83 39 0 2,5,6,8,9,15,16,19,20,21,23,27,31,33,35,37,39,41,45,47,49,50,51,53,54,57,58,59,61,64,65,68,71,73,74,76,79,82,83,85,87,89,91,93,94,95,97,99,103,105,107,111,115,118,120,121,124,127,128,137,138,141 "83";
84 112 1 1,2,5,8,12,22,27,29,31,33,35,37,44,48,50,52,71,72,73,78,83,89,90,93,94,102,116,128,133,138 "84";
85 95 1 1,3,5,7,9,10,12,15,16,20,22,26,29,32,33,35,36,38,42,44,46,47,51,52,54,55,56,60,61,64,66,68,69,71,72,74,76,77,78,80,82,83,84,89,96,100,102,103,104,106,108,109,110,113,116,120,122,123,125,126,127,128,130,133,134,136,138,139,142 "85";
86 81 1 0,12,17,22,27,30,33,57,60,65,67,72,73,77,81,84,89,94,98,100,120,137 "86";
87 60 1 4,6,9,12,15,23,24,38,40,42,48,53,57,58,60,64,65,67,68,73,75,80,82,85,86,89,92,94,96,100,103,107,109,111,114,116,119,121,122,124,127,129,134,138,139 "87";
88 75 1 3,5,8,14,19,27,34,38,41,44,46,47,49,50,54,56,60,62,64,66,68,69,75,76,88,90,92,94,96,97,102,105,111,112,113,115,119,121,124,130,134,136,139,141 "88";
89 48 0 2,5,31,34,47,54,63,65,66,71,81,88,96,102,119,125,129,133,135,136 "89";
90 131 1 2,8,11,13,20,22,24,26,29,33,37,39,50,58,59,61,65,70,72,78,81,87,107,108,115,121,125,133,142 "90";
91 70 1 0,1,4,7,10,12,14,16,17,21,23,25,27,28,31,33,35,37,40,41,43,45,49,51,53,54,55,59,61,63,64,66,67,69,71,74,76,80,81,84,87,92,97,99,101,102,104,107,108,110,115,116,127,135,136,138 "91";
92 33 0 0,1,3,5,6,8,11,12,15,19,20,22,24,27,32,34,36,42,46,48,50,54,55,57,58,60,61,62,66,68,70,72,74,75,77,81,83,84,86,90,92,93,95,98,103,104,106,107,111,113,116,117,122,127,129,130,132,135,137,138,139,142 "92";
93 94 0 20,27,31,85,94,95,110,126,138 "93";
94 77 1 2,5,8,10,12,14,19,20,21,24,26,27,30,36,38,43,45,49,50,54,56,58,60,62,66,69,72,75,79,81,83,85,89,90,93,95,97,100,101,103,106,108,110,115,117,125,126,128,134,136,141 "94";
95 138 0 0,8,15,16,27,36,37,39,41,43,52,58,74,80,83,85,97,105,110,127,135,136,142 "95";
96 37 1 0,1,2,6,12,14,18,28,30,32,37,43,49,53,55,56,59,61,63,64,70,75,78,82,84,88,93,95,96,98,100,103,106,108,111,113,115,119,120,124,128,130,132,138 "96";
97 83 0 10,13,15,17,21,27,28,34,36,44,46,50,56,58,62,63,65,67,75,77,80,81,88,90,93,94,103,104,106,110,112,116,126,128,130,135,138 "97";
98 123 1 1,5,7,9,10,17,20,31,32,43,46,52,54,55,59,60,64,65,69,79,87,95,98,105,107,109,111,114,115,117,120,123,124,125,135,137,140,142 "98";
99 70 0 6,14,24,26,31,36,40,43,50,60,67,70,80,85,86,89,91,94,104,105,106,118,119,138,140,142 "99";
100 73 0 3,5,13,22,25,29,35,37,43,53,59,60,62,73,75,78,81,87,92,95,101,105,111,121,129,134,138,141 "100";
101 122 0 0,1,5,6,12,13,15,17,19,20,23,25,28,32,35,39,40,43,45,46,47,49,51,53,56,57,59,60,65,66,69,72,73,74,76,77,80,83,88,89,93,94,95,98,101,102,108,109,112,113,120,125,130,132,135,137,139,140,142 "101";
102 118 0 6,10,17,20,26,31,32,34,43,45,47,52,60,70,71,78,80,85,91,93,100,103,113,115,118,123,130,131,136,140 "102";
103 119 0 0,1,6,10,19,27,55,82,116,128 "103";
104 17 0 8,11,14,15,18,21,24,28,32,35,37,40,49,54,58,62,63,65,66,68,72,75,80,82,85,88,92,98,102,104,105,108,113,116,118,120,121,130,133,136,137,142 "104";
105 100 0 1,13,31,33,36,40,45,50,52,55,60,63,64,66,71,72,74,77,79,83,96,107,114,116,123 "105";
106 60 1 0,1,5,6,12,13,17,23,30,32,34,37,40,43,46,48,52,55,56,62,66,75,83,85,86,88,90,91,93,99,104,108,114,115,117,119,123,124,126,127,129,130,137,138,141 "106";
107 126 1 0,6,12,16,18,21,27,31,33,36,37,42,47,51,57,63,65,69,71,77,78,80,83,87,90,93,97,103,105,108,110,115,119,121,122,123,132,138,139,142 "107";
108 55 1 16,17,25,31,34,37,41,45,47,51,52,56,57,60,69,74,77,83,86,88,90,92,94,95,97,98,104,105,113,115,121,127,135,141 "108";
109 3 0 2,6,7,8,14,15,18,20,24,25,26,29,32,34,36,37,39,40,41,45,47,50,51,53,54,55,56,58,60,62,64,66,67,69,70,72,73,75,76,78,79,80,83,85,87,88,90,92,94,98,101,103,105,106,108,111,114,115,117,118,124,125,126,128,129,131,133,134,137,139,140,142 "109";
110 76 1 15,37,52,55,56,60,87,119,124 "110";
111 110 0 1,4,8,14,15,18,27,28,30,31,37,39,41,47,51,56,58,60,61,67,69,73,79,83,85,87,88,93,100,101,104,105,107,111,116,117,119,120,126,127,130,137,138,141 "111";
112 130 1 0,1,2,6,7,9,10,12,13,14,15,17,20,22,24,26,27,30,32,35,37,39,40,42,43,45,46,49,51,52,55,56,58,60,64,72,74,75,77,81,83,85,86,89,93,95,96,101,103,105,108,111,113,114,116,118,120,121,122,124,126,127,129,132,134,135,137,139,140,142 "112";
113 22 1 10,11,14,16,17,19,21,24,26,30,36,38,40,42,44,50,58,59,61,63,64,67,71,74,79,81,82,83,88,90,96,98,99,106,109,111,115,117,120,122,124,127,128,130,132,135 "113";
114 126 0 1,20,35,39,41,51,77,82,95,108,140 "114";
115 76 1 31,46,52,68,75,93,117 "115";
116 28 1 0,2,3,6,9,12,13,14,16,18,19,23,26,27,29,30,33,35,36,39,40,42,43,46,47,48,49,51,53,54,57,58,61,62,64,65,67,68,70,72,73,75,78,82,83,86,89,93,97,103,105,108,110,113,115,116,117,118,120,124,126,129,133,135,137,138,140 "116";
117 66 1 2,12,29,31,39,44,50,61,66,69,82,98,117,123,142 "117";
118 53 1 0,3,5,7,11,13,14,17,19,21,24,27,30,36,38,40,42,44,45,47,50,51,55,58,66,67,70,71,74,75,78,80,85,88,90,93,95,100,106,108,111,114,122,127,134,139 "118";
119 126 0 2,9,20,31,36,39,43,46,60,67,77,83,93,99,128 "119";
120 56 1 1,7,9,19,24,33,49,71,91,94,103,109,112,133,141 "120";
121 47 0 67,78 "121";
122 45 1 16,19,23,25,33,51,60,66,74,84,88,89,95,105,107,118,122,130 "122";
123 5 1 0,3,6,12,16,29,30,38,40,53,54,59,64,71,78,82,97,100,101,117,118,125,138 "123";
124 15 0 0,17,30,33,36,38,40,45,48,49,51,52,57,60,61,62,65,76,84,87,89,95,99,101,114,119,121,130,134,136,137,140 "124";
125 108 1 8,21,58,59,118,122 "125";
126 45 1 25,52,134 "126";
127 21 1 1,8,12,14,16,23,33,36,38,47,52,53,58,62,71,76,88,91,96,109,129,131,133,141 "127";
128 25 0 18,48,52,57,58,62,76,81,84,86,89,90,100,107,113,119,127,129,135 "128";
129 92 1 2,4,8,12,19,21,22,25,27,30,33,37,39,40,41,43,44,48,49,51,53,55,57,59,61,63,65,72,76,82,83,84,86,88,89,94,99,100,106,111,114,118,119,121,122,124,130,132,135,138,141 "129";
130 91 1 5,8,10,14,23,28,30,38,40,46,49,56,64,68,81,90,98,103,109,110,113,119,125,128,131,134 "130";
131 32 0 0,2,7,8,10,11,12,13,15,17,18,19,21,25,28,29,31,32,34,37,38,40,41,45,46,49,50,52,53,55,56,59,61,63,65,67,68,70,73,77,79,83,85,87,89,90,93,97,99,100,103,107,111,113,115,116,117,119,122,125,128,130,135,137,139,140,142 "131";
132 86 1 23,26,73,77,79,81,92,106,108,136,141 "132";
133 106 0 10,33,36,44,49,54,59,67,83,91,95,108,117,122,123,140 "133";
134 120 1 0,8,15,16,22,25,36,37,62,67,69,73,81,84,87,90,93,98,103,107,108,111,113,115,119,122,123,126,135 "134";
135 76 0 1,6,14,28,44,46,48,50,53,60,64,67,69,73,86,89,91,94,99,110,119,126,127,130,132,136 "135";
136 79 1 0,1,4,6,8,11,12,15,16,17,21,22,23,26,27,30,32,34,35,37,39,41,44,45,46,49,50,51,53,56,58,60,61,63,66,68,69,70,72,74,76,78,80,83,86,91,94,95,102,103,107,111,114,115,116,117,122,123,124,126,127,129,131,134,135,137,138 "136";
137 16 0 0,2,4,5,8,9,11,16,19,20,21,25,26,34,35,41,44,46,48,50,52,55,57,60,62,65,69,71,74,76,77,79,83,87,90,92,96,98,100,102,103,105,111,117,123,128,134,137,142 "137";
138 109 0 0,1,15,17,26,32,34,37,39,42,43,46,49,54,56,58,61,62,65,68,69,73,77,79,81,84,85,94,97,98,99,101,102,105,109,110,114,116,118,123,131,134,138 "138";
139 34 1 2,6,9,13,14,16,19,23,26,28,30,31,33,35,37,40,44,45,48,52,54,56,58,60,61,64,65,70,72,76,79,80,86,93,95,97,100,103,105,107,109,110,113,114,116,118,120,121,125,126,127,130,131,133,135,136,138,141 "139";
140 15 1 0,3,4,5,9,12,14,17,18,20,22,25,27,30,33,35,36,38,42,45,47,49,50,51,53,56,59,63,64,66,68,71,74,76,81,82,89,90,93,95,98,101,103,105,107,109,113,117,118,125,126,129,131,133,140,142 "140";
141 50 1 12,21,24,36,39,44,49,59,70,76,82,87,93,102,104,107,112,116,131,137 "141";
142 64 1 1,3,6,8,13,21,25,28,31,37,47,49,52,53,59,62,65,66,80,81,82,85,92,95,97,98,101,103,111,114,117,118,122,124,132,134,136,140 "142";
