parity 120;
0 108 1 1,2,5,6,9,12,14,16,18,20,22,23,26,28,30,32,37,38,39,41,42,44,45,48,50,51,52,54,56,58,60,64,67,72,74,77,78,81,83,84,86,89,90,92,96,99,101,103,108,110,114,116,118,119,120 "0";
1 55 0 1,4,6,7,9,11,14,18,24,25,27,28,29,30,32,34,35,37,43,46,47,49,52,54,57,58,60,63,66,69,71,76,79,82,87,90,91,92,94,95,98,99,103,106,108,109,112,117,119 "1";
2 103 0 0,3,5,7,9,11,16,19,25,26,32,42,52,55,63,65,74,80,86,87,96,107,117,118 "2";
3 41 1 0,11,14,16,19,28,32,37,45,47,50,56,62,73,75,81,92,100,101,103,106,115,118,120 "3";
4 7 0 2,9,10,22,24,27,50,52,53,57,74 "4";
5 14 1 22,31,44,46,53,55,56,74,78,79,95 "5";
6 38 0 0,2,3,19,24,26,27,29,32,40,42,47,48,50,55,58,60,64,67,73,76,81,83,84,86,94,97,98,99,100,103,104,107,109,111,112,117,120 "6";
7 77 0 3,12,23,29,31,33,35,39,40,42,64,65,71,72,75,77,78,81,82,89,92,96,102,107,108,118 "7";
8 97 1 2,4,10,12,13,23,24,26,30,31,39,46,52,53,56,61,68,71,74,77,78,87,89,91,95,105,106,108,112,113,115,116,118 "8";
9 113 1 2,7,10,11,14,16,22,29,36,46,52,62,66,73,85,87,92,95,97,105,116 "9";
10 48 1 2,12,18,22,28,35,37,45,52,54,59,61,63,68,76,86,92,96,97,99,102,106,109,111,117,119 "10";
11 46 0 1,4,6,9,11,15,16,17,19,21,23,24,25,27,29,30,32,35,37,39,42,44,46,48,49,51,55,57,59,63,64,65,67,68,71,74,75,80,82,85,87,90,93,98,99,102,103,105,109,110,112,113,115,116,118,119 "11";
12 34 1 0,2,6,11,13,16,17,19,22,23,24,26,27,29,31,35,36,38,39,42,43,44,47,49,51,52,55,57,58,60,62,64,65,66,70,71,73,74,78,81,85,86,88,92,93,96,97,99,101,103,112,118 "12";
13 6 1 39,68,72,83 "13";
14 102 1 0,1,12,18,19,21,27,31,35,51,58,60,64,65,77,85,119 "14";
15 103 1 3,19,21,25,28,30,37,44,75,90,94,109,117,118 "15";
16 56 1 0,8,10,14,21,22,38,42,44,52,59,64,74,79,82,86,88,94,105,110,116 "16";
17 77 1 41,51,52,56 "17";
18 76 0 6,94 "18";
19 47 0 1,2,3,5,12,13,15,16,17,20,23,24,26,28,30,31,33,34,36,37,38,39,42,43,45,46,47,48,50,52,55,57,62,65,66,68,70,72,75,76,79,80,82,83,84,86,92,93,95,96,102,105,106,110,112,113,114,117,118,119 "19";
20 67 1 1,3,5,11,15,22,24,30,39,43,49,63,69,82,93,100,108,111,113,119,120 "20";
21 13 1 4,15,17,23,27,28,31,33,39,45,47,49,53,56,59,62,63,68,69,74,75,77,80,82,84,90,91,114,119 "21";
22 39 0 0,2,3,5,8,10,18,19,22,28,29,33,35,39,40,43,47,48,64,67,72,78,81,86,91,93,96,98,99,102,103,106,112,115,117 "22";
23 66 0 10,29,42,82,98,99 "23";
24 52 0 1,5,8,11,18,19,22,23,25,32,33,36,41,43,45,46,51,54,56,57,60,63,66,70,71,73,74,77,78,85,87,88,91,93,94,95,97,100,101,108,110,112,114,117,120 "24";
25 54 0 0,7,9,13,20,25,31,34,35,45,46,47,49,52,55,58,59,62,63,64,65,67,70,75,80,81,83,85,87,95,97,99,106,109,112,114,115,117,119 "25";
26 5 0 1,16,18,21,23,27,30,37,41,42,44,46,49,53,63,65,68,71,72,74,78,80,82,87,89,90,91,95,96,100,103,107,108,109,116,117,120 "26";
27 95 0 0,2,7,10,11,12,13,15,16,17,22,23,26,28,29,32,34,35,36,38,41,47,57,59,61,64,67,70,73,77,81,83,85,90,92,93,94,95,97,99,101,102,103,106,109,112,114,120 "27";
28 11 0 4,6,7,12,21,24,33,37,38,42,46,47,49,55,61,68,69,73,78,79,81,83,86,87,90,91,93,96,98,100,105,107,110,116,117,120 "28";
29 78 0 0,1,3,5,6,10,14,16,18,20,21,25,30,31,32,33,34,36,37,39,41,43,45,47,50,52,54,56,57,59,62,65,69,70,72,77,78,80,82,84,87,88,90,91,93,94,96,101,102,105,108,111,113,117,118,120 "29";
30 67 0 2,3,6,7,8,11,13,16,18,21,24,26,30,32,34,37,38,41,43,45,47,51,53,54,56,57,64,66,69,70,72,74,77,78,82,84,85,87,88,90,92,97,100,101,102,103,106,107,109,110,111,114,115,116,117,119 "30";
31 103 0 0,2,7,9,13,18,20,21,24,27,28,33,36,39,42,43,45,48,51,53,60,75,78,80,82,84,87,89,91,97,102,105,108,109,111,113,120 "31";
32 83 0 8,11,12,15,20,30,32,38,54,55,58,85,91,111,117 "32";
33 57 1 0,2,16,30,38,42,45,47,48,51,55,60,69,75,89,92,94,101,104,106 "33";
34 87 0 2,9,10,21,30,33,35,39,44,56,72,80,81,95,101,102,110,115 "34";
35 67 1 3,8,10,17,20,25,30,40,51,52,58,59,60,61,67,70,76,79,82,83,85,90,91,93,104,105,107,113,120 "35";
36 71 0 0,1,5,13,15,17,24,26,33,36,42,47,55,66,72,74,82,95,106,108,116 "36";
37 52 1 1,4,8,9,12,17,20,23,26,30,32,33,38,40,42,45,48,51,52,56,61,62,64,69,73,79,86,87,91,95,97,99,106,110,111,112,114,115,117,119 "37";
38 112 0 8,11,14,15,17,21,23,24,29,37,44,47,53,55,56,62,64,73,76,78,84,91,94,106,119,120 "38";
39 106 0 0,3,5,10,12,17,22,27,30,31,34,36,40,41,42,45,46,50,53,57,59,63,70,73,76,78,80,82,83,85,87,92,95,102,105,107,113,114,117,119 "39";
40 20 0 0,3,5,12,13,15,21,32,43,44,46,49,57,67,68,69,72,80,82,92,97,100,104,107,109,110,116,117 "40";
41 34 0 19,32,37,43,66,68,75,82,86,87,94,106,111 "41";
42 81 1 3,4,10,13,17,18,20,21,22,24,26,28,29,30,32,35,36,38,41,47,48,51,54,55,59,61,62,63,68,70,73,74,77,79,80,84,86,88,90,95,98,99,101,103,105,108,113,116,120 "42";
43 40 0 0,3,5,9,15,16,22,25,27,30,32,35,45,48,51,52,53,54,56,58,65,68,71,74,77,80,84,86,90,92,94,96,98,105,112,114,115,118,120 "43";
44 74 0 0,9,11,13,14,15,17,19,23,24,31,32,37,44,45,48,49,50,55,57,59,60,61,62,64,66,67,69,70,71,74,76,77,78,79,82,84,85,88,89,92,95,96,99,100,102,109,110,115,117 "44";
45 24 1 2,27,39,41,44,58,81,98 "45";
46 85 0 1,2,4,8,11,13,15,18,20,26,27,28,30,35,37,42,46,49,52,55,57,58,60,62,63,64,67,70,71,75,76,78,83,85,93,95,98,99,100,101,103,110,112,114,115,116,119 "46";
47 61 1 0,3,5,7,10,11,12,14,16,21,23,26,30,31,33,37,40,42,43,45,48,50,53,55,57,59,60,62,66,67,69,72,83,84,89,94,96,98,100,104,107,110,112,113,115 "47";
48 117 0 10,15,17,19,22,42,46,50,67,86,93,100,107,109,112,113,118 "48";
49 74 1 0,2,4,10,11,14,15,18,22,23,27,28,32,33,36,38,39,41,42,45,46,49,55,58,59,60,62,64,65,68,69,79,86,88,91,94,100,101,105,112,113,118,120 "49";
50 34 0 8,14,19,22,24,27,37,39,49,53,55,59,61,62,65,68,83,85,86,88,98,100,105,110,118 "50";
51 43 0 2,3,7,10,11,14,19,21,23,25,26,28,32,36,37,39,41,44,46,47,50,54,57,58,61,62,63,65,69,70,71,72,76,78,79,81,82,85,86,87,89,90,95,96,99,101,103,105,106,110,117,118 "51";
52 66 0 0,2,5,8,11,12,13,15,20,22,27,28,31,34,36,39,41,43,45,48,51,53,55,57,58,61,66,67,68,71,74,76,82,85,92,93,95,100,102,103,105,107,109,111,118 "52";
53 83 0 0,2,4,5,6,17,20,24,29,30,33,35,37,40,42,44,47,51,53,55,58,60,64,68,70,73,75,81,84,87,88,90,92,94,97,101,107,109,112,116,118,120 "53";
54 55 1 1,2,5,7,9,10,11,15,16,19,21,22,23,27,28,30,32,33,37,43,44,49,50,53,54,56,57,58,62,63,64,66,68,69,71,73,75,76,78,81,82,85,88,89,92,94,96,97,98,99,101,104,109,110,112,113,114,116,117,119,120 "54";
55 83 0 4,9,11,21,23,31,39,42,44,49,51,52,59,61,64,70,80,93,94,100,101,102,108,110,111,114,118 "55";
56 28 1 0,2,4,6,8,9,12,14,16,18,19,22,23,25,27,31,34,38,41,42,45,50,54,56,57,59,61,64,66,68,70,72,74,75,79,80,81,85,91,92,93,95,96,97,98,100,104,107,113,116,118,120 "56";
57 16 1 5,21,52,94,101,116 "57";
58 108 1 3,8,9,22,25,37,49,51,62,68,72,106,118 "58";
59 93 0 0,3,8,22,29,40,42,50,53,74,76,79,96,101,109,112,113 "59";
60 78 1 0,2,4,8,10,13,16,17,19,22,27,29,31,32,34,37,39,40,41,43,46,47,48,50,53,55,56,60,63,68,69,72,74,75,77,78,80,81,86,89,91,93,94,97,103,104,105,108,113,116,118 "60";
61 28 1 15,23,41,56,64,73,92,113,119,120 "61";
62 73 1 1,3,5,6,8,9,10,12,15,19,21,23,24,26,28,32,36,37,39,42,43,45,46,48,50,51,53,54,57,58,61,63,66,68,74,76,79,82,83,85,87,92,95,96,99,100,103,105,108,109,112,114,117,118,120 "62";
63 107 0 8,13,15,18,20,26,45,48,58,66,68,70,75,77,97,98,100,105,110,113,118 "63";
64 48 1 13,23,34,37,46,59,64,68,78,90,97,101,106,108,113 "64";
65 98 0 0,3,5,8,10,12,13,16,23,26,30,31,33,35,37,42,44,46,47,49,51,54,55,59,65,70,79,82,87,89,90,91,94,105,108,109,117 "65";
66 90 0 0,2,3,5,6,8,13,16,19,21,23,24,25,28,29,31,33,36,37,39,48,49,50,52,54,55,58,61,62,63,65,67,68,71,73,75,77,78,81,82,85,87,89,96,97,98,101,102,103,106,107,109,111,112,115,118,119,120 "66";
67 106 1 10,12,20,23,39,41,43,61,68,71,96,105,108 "67";
68 94 1 0,2,3,10,12,14,21,27,32,34,35,37,39,46,51,53,55,56,59,67,70,73,74,76,78,80,82,91,93,97,100,101,104,106,108,111,112,114,115,119 "68";
69 48 0 7,12,16,19,39,52,77 "69";
70 4 0 4,5,15,24,32,33,49,53,57,61,76,82,90,99,108,113,116 "70";
71 8 1 1,7,8,11,23,26,40,45,51,52,56,62,67,69,73,81,86,90,92,96,120 "71";
72 88 1 6,10,13,21,24,34,39,43,53,76,93,103,106,118 "72";
73 71 1 4,12,17,25,28,31,37,44,69,70,85,98,119 "73";
74 73 1 5,7,9,11,13,15,18,20,21,24,26,32,34,37,42,44,46,56,59,62,63,67,69,71,73,75,78,79,84,91,93,95,102,103,107,108,110,111,113,116,118 "74";
75 78 1 0,1,3,4,7,9,11,12,19,20,22,24,25,27,29,31,34,36,38,41,45,47,48,50,51,52,58,62,63,67,70,75,78,80,83,85,88,90,93,94,95,100,102,105,106,108,109,111,113,116,119,120 "75";
76 5 0 30,41,55,62,74,95,96,108 "76";
77 101 0 0,2,4,5,6,9,12,13,14,15,18,22,26,27,29,30,32,35,36,38,39,42,43,46,47,51,52,54,55,57,58,60,62,64,66,68,70,72,74,79,82,83,85,87,90,93,94,97,98,99,101,104,108,110,112,114,116,117,119,120 "77";
78 105 1 2,6,12,14,15,20,21,22,23,27,37,41,45,46,48,49,55,57,65,68,73,74,76,79,82,84,86,90,94,96,97,104,107,118 "78";
79 115 0 0,3,6,7,9,10,11,12,14,17,18,19,22,23,26,28,31,34,35,37,42,44,46,50,51,53,57,58,59,60,64,70,75,76,78,82,84,85,87,89,93,94,96,99,101,104,107,109,113,114,115,116,119,120 "79";
80 107 1 0,2,3,5,6,8,11,13,14,16,18,19,20,21,23,26,29,31,32,34,35,38,40,41,43,44,47,48,50,51,54,57,59,62,64,65,66,68,70,74,76,82,83,85,87,90,92,93,95,97,100,102,104,105,107,110,113,114,115,116,119 "80";
81 19 1 1,9,13,20,28,51,70,72,95,96,101 "81";
82 46 1 1,3,8,10,14,17,24,30,31,33,39,40,44,49,53,61,74,90,96,97,99,103,104,112,115 "82";
83 94 0 9,27,40,51,63,68,73,75,97,99,102 "83";
84 5 0 5,9,13,17,25,29,30,32,34,37,39,42,45,50,58,65,68,79,87,100,108,111,112,115,118,120 "84";
85 24 0 1,11,15,22,23,36,47,49,67,69,70,96,101,102,105,112,114,118 "85";
86 30 0 1,3,9,12,18,19,21,22,23,26,35,41,42,44,45,47,49,51,52,55,56,69,73,80,83,84,87,89,90,92,93,95,96,99,101,102,105,106,108,111,115,117 "86";
87 96 1 3,6,14,17,28,36,44,45,70,71,76,80,86,103,114,118 "87";
88 92 0 5,13,23,25,31,32,35,39,41,42,43,46,47,49,52,55,57,60,63,67,68,69,73,78,81,84,88,89,91,92,94,96,98,105,107,108,114,116,118,119 "88";
89 49 1 0,3,6,10,17,19,22,24,26,28,29,30,33,36,37,38,40,42,43,45,49,50,52,56,58,61,63,66,67,68,69,70,72,73,76,78,80,82,83,84,86,87,89,91,92,94,95,97,98,100,104,105,107,108,111,114,115,117,119 "89";
90 44 1 13,15,16,18,25,34,39,41,45,52,58,61,65,68,77,83,88,95,99,101,103,105,110,112,113 "90";
91 106 1 0,3,8,10,11,13,15,17,18,23,33,35,36,37,39,44,46,49,52,54,58,60,67,68,70,72,73,75,79,83,88,91,93,94,97,98,100,103,107,109,111,113,114,116,117,119,120 "91";
92 19 0 4,8,15,17,22,31,34,45,48,55,57,64,83,105,110,112,120 "92";
93 66 0 0,3,6,7,9,14,15,17,22,24,26,29,30,35,43,45,46,48,50,51,53,55,57,59,63,65,67,72,73,75,76,77,80,81,83,86,87,89,93,94,97,98,101,106,109,110,112,116,119 "93";
94 20 0 5,8,11,14,16,21,23,24,26,28,29,30,34,41,43,45,46,47,52,54,56,61,69,75,77,79,81,83,85,89,91,101,107,111,115,116,120 "94";
95 86 1 0,2,4,7,9,11,18,23,25,27,28,29,41,43,46,48,49,52,53,55,57,60,65,70,71,75,86,89,90,92,98,100,102,104,106,111,114,119 "95";
96 11 1 1,7,13,14,18,20,22,23,26,28,31,34,36,39,45,48,52,54,60,64,65,66,70,71,74,75,78,83,85,86,90,95,98,101,102,105,107,108,111,113,117 "96";
97 11 1 15,18,34,47,66,78,86,99,104,116,120 "97";
98 100 1 0,7,10,15,16,22,30,34,36,38,46,48,52,54,59,63,64,70,85,90,93,94,96,99,100,103,104,107,109,111,114,117,119 "98";
99 40 0 1,5,9,11,12,14,19,23,25,30,34,38,42,55,57,61,63,65,67,70,73,81,82,84,93,99,101,105,107,108,112,114,115,119 "99";
100 16 0 3,4,6,7,8,10,14,16,18,19,21,22,24,26,28,30,31,36,37,39,41,43,45,46,48,50,51,52,55,56,59,62,64,67,69,74,78,80,82,83,87,93,97,99,101,109,112,113,119,120 "100";
101 106 0 4,9,16,18,33,38,39,41,51,53,57,61,69,73,75,79,85,86,90,104,106,109,110,114,115,118 "101";
102 92 1 1,3,7,8,10,14,15,16,21,23,31,32,38,40,44,47,53,55,56,61,63,65,67,70,71,77,82,84,87,90,92,93,94,97,99,101,104,106,107,109,111,112,114,118,120 "102";
103 37 1 2,5,6,12,16,17,21,28,29,31,35,36,38,40,42,45,47,53,56,65,69,72,75,80,81,84,85,91,93,96,97,99,103,106,114 "103";
104 55 0 5,8,13,26,27,31,34,39,48,53,64,73,78,84,85,88,92,94,96,99,101,113,115,117 "104";
105 59 1 0,1,3,7,10,20,23,29,31,33,36,38,39,42,44,45,48,50,51,53,55,57,60,61,66,70,79,81,82,88,90,91,94,95,99,103,104,111,112,115,116,120 "105";
106 15 1 0,2,12,18,30,35,36,38,41,43,44,61,62,71,80,88,90,93,101,104,108,117,118 "106";
107 17 0 1,2,8,9,11,12,13,15,17,19,21,22,25,26,29,32,33,35,36,38,40,44,46,48,50,51,52,54,57,64,65,66,68,70,71,72,73,75,76,79,81,82,83,85,87,89,90,92,94,95,98,99,104,106,108,110,112,113,115,117,119 "107";
108 26 0 0,2,4,5,7,9,14,15,18,21,22,25,27,28,29,31,35,38,44,47,49,57,60,62,65,67,69,70,71,74,75,77,78,81,83,85,87,88,90,93,94,95,99,100,101,104,106,107,112,113,116,118,120 "108";
109 27 0 1,5,7,9,11,12,15,17,19,25,28,30,32,34,41,42,43,47,48,50,51,53,54,57,60,62,64,67,70,75,78,80,84,85,86,88,90,91,92,93,95,97,98,99,101,102,104,106,108,110,113,115,118,119 "109";
110 55 1 2,5,45,49,68,80,86 "110";
111 103 1 0,1,11,13,14,16,18,28,29,32,33,40,43,44,50,57,58,60,61,70,77,83,84,86,90,92,94,96,97,98,103,107,115 "111";
112 105 0 11,42,60,65,120 "112";
113 11 0 1,2,4,8,11,14,19,20,25,28,33,35,38,40,41,44,56,58,61,62,64,68,73,76,79,80,82,84,86,90,91,94,104,107,115 "113";
114 11 0 1,18,25,28,49,51,55,57,65,77,87,91,96,113,118 "114";
115 76 1 3,7,9,14,15,28,34,36,38,43,44,48,55,58,64,71,77,79,82,83,84,88,90,92,93,100,101,102,112,114,115,117,119 "115";
116 14 0 4,10,12,18,23,25,27,29,38,39,41,44,48,52,56,59,61,62,64,70,71,72,73,76,79,80,84,86,88,94,96,97,104,111,113,114,115,120 "116";
117 15 0 4,10,19,21,25,29,33,34,35,37,38,39,42,43,47,51,53,54,58,64,65,69,75,77,78,80,84,87,92,94,98,101,103,107,113,115,118,120 "117";
118 48 1 4,5,11,13,14,17,20,22,27,28,31,32,35,37,39,40,41,44,47,48,57,59,60,63,67,69,73,74,77,78,80,82,83,89,90,91,93,96,107,114,117,120 "118";
119 76 0 4,7,8,9,13,15,17,20,22,23,26,27,28,31,33,36,44,45,48,54,56,57,60,62,67,69,71,75,78,79,80,82,83,89,91,94,96,99,104,106,107,108,110,111,113,115,116 "119";
120 24 1 17,63,90 "120";
