parity 169;
0 68 0 2,3,8,10,13,17,18,22,24,26,28,31,40,42,47,51,58,64,68,71,82,84,89,94,99,106,108,110,115,116,127,130,136,137,142,144,148,151,158,160,167,169 "0";
1 124 1 0,1,2,4,8,10,12,14,20,23,26,27,30,31,33,35,38,41,42,45,46,49,52,55,59,62,63,64,67,68,69,73,75,79,80,82,84,90,93,95,96,97,99,101,103,104,105,107,109,116,117,119,121,125,127,129,131,132,134,137,138,139,142,143,145,147,149,152,153,154,156,157,160,162,163,165,166,167 "1";
2 72 1 37,47,99,129,151 "2";
3 34 0 0,3,7,9,11,14,15,17,19,20,29,30,32,33,35,37,40,42,43,45,48,54,55,56,57,59,61,64,67,69,72,74,76,79,81,84,86,92,94,97,98,101,104,107,110,112,113,116,117,123,124,126,127,130,131,134,135,138,141,144,146,148,150,151,153,159,161,162,164,167,168 "3";
4 167 0 2,4,6,9,14,15,19,26,29,32,34,37,40,41,45,49,53,58,62,65,67,68,69,71,76,78,81,83,84,86,88,90,95,98,102,105,106,107,109,112,115,128,134,136,139,145,147,149,156,157,159,162,166,167 "4";
5 65 1 0,4,6,7,16,18,23,24,26,27,32,34,36,39,42,44,46,49,51,52,54,55,57,59,61,63,65,66,68,72,75,80,83,87,89,92,93,97,99,100,102,105,108,109,111,114,116,118,120,124,127,130,132,134,137,140,144,146,153,154,157,158,159,160,163,164,166 "5";
6 59 0 0,3,5,6,8,11,13,17,25,27,29,34,35,36,37,39,46,50,52,53,56,57,58,60,62,64,65,68,70,71,72,73,79,83,86,87,90,92,93,98,100,101,103,105,107,109,113,115,116,120,122,125,127,128,129,130,131,133,143,144,147,151,153,154,158,159,160,168,169 "6";
7 147 1 1,4,8,12,14,18,28,30,35,37,39,46,56,57,60,66,76,77,80,86,87,98,103,105,108,109,110,113,116,118,120,129,146,148,153,158,161 "7";
8 108 1 39,64,67,101,112 "8";
9 135 0 15,34,115 "9";
10 37 0 0,3,8,12,16,17,18,22,24,26,28,33,35,39,41,44,45,46,49,50,51,52,54,56,58,64,66,70,72,74,77,80,83,84,86,89,92,94,96,99,100,105,106,112,114,115,117,119,121,125,127,129,130,136,139,140,142,144,147,154,155,157,160,162 "10";
11 54 1 2,22,27 "11";
12 114 0 7,10,13,16,19,26,29,31,34,39,42,45,46,51,55,67,68,78,83,85,86,98,107,117,127,136,142,149,151,154,156,158,160,164,165,167 "12";
13 148 0 0,2,6,7,10,11,14,21,25,30,33,34,36,40,43,45,46,48,49,53,55,60,62,65,66,67,77,80,82,87,90,92,94,96,97,102,104,105,117,119,121,123,124,126,128,131,133,136,137,139,141,142,144,146,151,152,154,157,160,161,163,169 "13";
14 160 0 0,2,3,4,8,10,11,13,15,16,18,25,27,28,29,31,32,34,36,37,38,40,41,42,46,48,49,51,53,54,55,57,58,60,61,62,64,66,68,71,73,77,79,83,84,86,87,91,93,95,97,98,101,103,104,106,107,108,110,111,115,119,120,121,124,129,131,132,133,137,139,141,143,144,151,152,154,155,158,159,161,163,165,166,168 "14";
15 46 1 14,59,81,89,112,132,150,158 "15";
16 34 1 3,5,8,13,14,15,17,20,22,24,25,27,29,30,35,37,42,44,45,47,51,55,57,58,63,68,72,74,77,78,86,87,93,94,99,100,102,105,107,111,116,118,119,120,122,125,126,128,132,134,136,139,144,148,155,158,161,162,163,166,167,169 "16";
17 159 1 0,2,4,9,10,13,15,16,18,20,24,26,27,29,30,32,36,39,40,43,44,46,48,51,52,55,56,58,60,63,65,67,68,70,71,73,75,79,81,84,87,89,91,94,97,100,102,105,111,112,114,117,120,123,126,128,132,136,138,142,143,149,150,153,157,158,159,161,162,164,165,167 "17";
18 69 1 0,1,3,5,7,11,12,13,16,20,21,23,25,27,32,35,38,40,43,49,51,56,58,60,62,63,64,66,68,71,73,74,79,80,83,84,88,91,92,95,97,99,100,104,107,110,111,113,114,122,125,126,128,129,130,132,133,135,137,140,144,146,148,150,151,154,157,158,159,161,163,166,167,169 "18";
19 68 1 0,1,4,5,7,8,9,11,13,18,20,26,27,28,30,32,33,36,37,39,40,45,49,51,53,57,58,60,64,66,69,70,72,75,76,78,79,81,83,85,86,87,89,90,92,94,98,104,106,107,116,118,120,122,124,125,126,128,130,131,132,134,135,137,138,140,141,143,145,146,148,149,153,155,158,164,166,169 "19";
20 154 0 0,2,5,6,8,10,14,16,17,19,21,24,25,26,28,33,34,37,39,43,44,46,47,50,52,54,56,61,62,64,65,68,70,74,75,77,79,81,85,89,91,93,94,96,97,98,100,105,106,107,110,112,114,119,120,123,126,129,130,132,133,134,140,142,144,145,149,150,152,154,156,157,159,161,162,164,169 "20";
21 113 1 1,4,6,11,12,20,24,28,33,34,46,49,53,56,59,62,70,75,78,84,85,87,90,98,99,101,103,108,114,118,119,124,127,130,131,133,135,137,139,145,155,159,162,168 "21";
22 139 1 2,5,7,21,23,27,28,29,32,35,38,41,44,48,68,75,78,81,84,89,94,98,105,111,119,120,130,136,137,141,142,144,152,153,155,156,165,166 "22";
23 120 1 24,26,40,42,54,62,64,69,84,87,93,94,95,103,106,107,113,130,132,138,164,169 "23";
24 107 0 1,5,10,14,17,20,21,24,27,30,33,35,39,46,48,52,54,55,57,59,62,63,67,70,72,74,75,79,81,88,90,92,95,97,100,103,110,112,120,123,126,130,132,135,136,141,143,145,147,148,149,151,154,156,160,164,165,167,168 "24";
25 49 0 8,68,74,90,94,121,128,136,161,169 "25";
26 118 0 2,8,15,17,18,25,34,35,37,40,42,46,54,56,59,62,63,70,76,79,84,92,96,100,107,108,111,113,117,148,149,150,152,153,160,163,167 "26";
27 47 1 2,3,9,13,21,23,25,28,29,31,34,36,40,43,46,49,53,58,59,63,65,68,70,71,72,76,80,83,84,87,93,94,99,100,102,103,105,106,108,110,114,116,117,121,122,124,125,133,140,141,142,149,151,153,156,161,162,164,166 "27";
28 96 0 0,1,10,15,24,26,33,37,46,49,57,62,70,74,85,90,92,100,104,110,113,114,116,117,118,120,126,132,134,140,148,160,163,164 "28";
29 112 1 2,15,21,25,28,48,53,54,58,63,65,67,69,72,75,79,81,86,88,96,97,101,107,108,110,112,113,115,128,129,139,141,151,152,155,157,163 "29";
30 124 1 2,3,10,16,22,32,42,47,52,54,62,66,67,68,69,74,77,90,93,98,102,106,109,115,117,119,121,122,129,133,138,140,141,144,146,150,153,155,160,161,164,169 "30";
31 26 0 2,13,16,22,25,26,28,32,35,39,42,43,53,57,70,72,83,86,95,98,99,101,103,106,108,112,113,118,121,123,125,128,130,133,136,147,154,156,158,160,164,166,167,169 "31";
32 48 0 10,20,26,30,39,45,52,60,66,69,71,76,79,84,89,117,121,130,134,137,142,158,160,165,168 "32";
33 42 1 0,2,4,7,10,11,13,15,17,19,22,24,28,33,35,37,39,41,42,45,46,49,50,52,57,64,66,72,74,76,78,79,81,83,86,90,92,98,101,105,108,109,111,114,116,117,121,122,124,131,136,139,141,142,145,149,152,155,157,159,163,166,169 "33";
34 70 0 1,7,9,12,15,18,20,22,25,32,36,38,40,42,43,45,47,48,49,53,55,64,65,75,77,81,88,89,93,95,99,101,103,107,108,111,116,117,118,122,125,129,131,134,138,140,141,143,145,151,153,154,156,159,160,161,166 "34";
35 44 1 2,3,6,8,12,14,17,20,21,22,24,27,29,31,33,37,39,41,45,47,48,50,53,55,56,57,58,61,63,65,66,68,69,71,77,79,82,83,87,88,91,94,95,97,98,99,101,102,105,106,108,109,111,112,114,116,119,120,122,125,128,131,133,134,137,139,140,143,147,148,152,153,154,158,159,161,163,164,166,168 "35";
36 59 0 0,5,6,8,9,11,16,17,18,22,24,25,27,30,33,35,38,43,44,47,52,55,56,58,63,65,70,73,74,76,78,79,81,84,85,91,93,94,97,99,102,105,107,109,111,114,116,122,123,125,126,129,132,134,136,139,143,146,149,151,152,154,156,160,162,163,166,167,168 "36";
37 134 1 1,3,7,9,10,13,17,20,22,23,25,26,28,29,31,32,35,37,39,41,44,47,48,49,53,55,56,57,59,65,67,68,74,77,79,80,82,83,85,88,91,93,97,98,99,102,104,108,110,112,113,115,117,122,123,126,127,128,132,134,137,143,145,147,149,151,152,153,154,156,158,160,163,164,168 "37";
38 64 1 5,7,30,42,56,67,68,70,101,104,106,108,111,120,123,144,145,160 "38";
39 159 0 69,81,117,155 "39";
40 94 1 4,45,46,54,63,71,75,82,120,139,149 "40";
41 41 1 0,13,28,45,48,55,56,58,79,84,116,119,124,127,139,148,156,160,168 "41";
42 86 1 0,2,4,5,9,11,14,16,18,19,20,22,23,25,26,29,30,32,33,35,36,38,41,42,44,46,48,54,60,61,62,65,68,72,74,79,80,82,83,85,92,93,94,95,97,98,100,101,105,106,110,111,113,114,116,119,121,122,124,127,129,130,135,136,138,139,147,149,151,154,156,158,164,168,169 "42";
43 95 0 2,4,8,10,12,22,23,27,30,32,34,39,47,49,53,56,60,62,76,79,81,82,85,97,102,104,106,112,116,118,121,135,137,145,147,149,155,163,167,169 "43";
44 135 0 0,7,9,11,15,17,18,19,22,24,25,27,29,34,48,51,54,60,64,66,73,80,82,85,89,92,94,104,108,109,110,112,117,119,122,123,126,132,136,137,139,141,147,149,152,154,158,166 "44";
45 12 0 0,7,8,10,16,20,26,29,36,63,67,71,75,78,93,97,106,120,126,130,133,153,156,158,168,169 "45";
46 101 0 0,1,3,5,7,9,11,12,13,15,17,23,26,28,31,32,33,34,37,39,43,45,47,48,51,53,59,61,62,64,65,68,69,72,73,74,77,78,83,85,90,91,93,94,95,99,102,104,107,109,111,113,115,116,120,125,126,129,130,133,136,137,139,140,143,146,150,152,156,157,159,161,162 "46";
47 168 1 0,1,2,4,7,8,9,11,13,15,21,23,25,27,29,32,34,37,42,44,47,49,50,52,54,55,57,63,68,71,72,74,76,79,80,82,85,86,89,91,92,94,95,98,102,105,107,109,110,111,114,117,120,124,125,127,128,132,133,136,138,140,142,147,149,152,156,157,158,161,162,164,168,169 "47";
48 63 1 1,5,10,11,12,14,17,19,20,23,24,26,29,31,33,36,40,42,45,49,50,52,54,57,58,60,63,65,66,67,69,70,74,75,76,81,86,89,92,96,98,101,104,105,108,109,113,115,117,126,130,131,133,137,138,142,144,147,151,157,158,160,162,165,168 "48";
49 44 1 4,6,11,13,17,20,24,29,35,40,41,48,53,56,64,67,73,77,78,84,87,88,98,101,120,123,124,131,138,144,146,152,155,158,166 "49";
50 45 1 50,65,71,80,90,107,108,114,137,152 "50";
51 6 0 1,3,7,24,41,45,46,61,73,83,96,99,101,104,115,117,122,126,130,136,140,149,150,157,160,166 "51";
52 153 0 8,14,16,19,21,25,28,36,39,41,46,48,51,58,59,61,63,64,67,73,82,84,85,91,99,102,110,113,115,118,122,128,130,132,137,140,144,147,153,157,160,162,165,169 "52";
53 126 1 0,2,3,4,5,9,10,13,15,17,19,20,28,31,32,33,34,40,41,44,45,47,49,52,54,59,61,65,68,69,72,74,76,77,79,82,83,84,85,88,92,94,97,100,103,104,106,108,110,113,115,117,120,121,126,127,129,130,133,136,137,139,140,142,143,144,145,147,149,152,154,157,160,162,164,166,168 "53";
54 162 1 0,3,5,7,9,10,13,14,16,18,20,22,23,25,28,31,33,35,36,37,38,40,41,43,45,47,48,49,51,52,56,57,61,63,64,65,72,74,78,82,83,85,87,89,90,92,96,97,98,99,102,103,104,106,107,110,112,113,115,117,120,123,126,129,132,134,137,140,141,144,145,147,149,151,153,155,156,158,161,163,164,165,167,168 "54";
55 84 1 0,8,10,20,21,22,24,26,27,29,35,42,47,50,51,54,64,67,69,70,71,73,81,84,85,90,97,102,107,114,123,128,133,139,140,144,145,149,152,155,158,162,165 "55";
56 108 0 0,4,5,7,10,13,15,18,20,23,24,28,30,33,36,39,40,42,45,47,53,55,58,60,62,66,67,71,72,74,80,84,87,88,91,93,95,97,100,101,102,103,106,107,108,110,112,113,115,117,118,120,122,123,125,129,131,132,133,134,136,137,138,140,144,146,147,148,150,152,153,154,155,158,160,161,164,166 "56";
57 129 0 1,11,12,13,16,18,22,25,29,34,37,40,47,48,53,56,57,60,61,64,69,74,76,81,84,86,90,95,99,102,103,105,108,109,113,116,122,124,129,138,141,144,146,147,152,154,157,161,166 "57";
58 16 1 1,7,22,29,38,39,41,44,57,59,64,72,88,93,105,110,114,118,123,126,131,132,134,135,146,150,151,155,158,161,165 "58";
59 43 1 3,5,7,10,11,15,17,19,22,24,26,28,30,32,34,35,41,44,46,47,49,50,51,53,54,57,58,59,61,64,66,68,70,72,73,74,76,77,79,80,81,82,84,85,87,92,93,95,96,99,100,101,105,106,109,111,112,115,116,117,119,121,126,128,130,134,135,138,140,141,143,147,150,152,154,156,158,160,162,163,165,168,169 "59";
60 60 0 5,8,10,11,24,36,44,55,57,59,74,78,79,81,84,87,95,99,102,114,119,123,126,132,136,137,140,142,145,147,157,166,168 "60";
61 107 1 1,3,4,9,12,14,16,17,19,24,26,27,29,31,36,37,38,39,41,44,48,50,53,54,56,58,59,62,64,65,66,68,70,72,76,78,81,83,84,86,91,92,93,95,96,97,100,102,104,105,107,108,110,111,114,115,118,120,121,124,127,129,130,133,135,137,139,141,143,145,146,150,153,155,157,160,161,163,169 "61";
62 152 0 1,2,6,8,11,16,20,24,25,27,29,31,43,45,48,50,51,65,67,69,75,78,80,83,86,88,94,103,106,109,111,114,134,135,136,147,148,153,155,158,162,163 "62";
63 109 1 25,30,38,41,80,84,85,89,91,114,120,121,124,126,127,146,150,153 "63";
64 64 0 7,35,66,93,94,124,126,133,159,167 "64";
65 42 0 10,14,16,17,21,24,39,53,59,61,68,85,90,100,114,128,136,142,152,160,168 "65";
66 74 1 3,7,10,12,16,20,28,30,37,43,44,48,50,59,66,74,83,87,92,96,100,103,107,110,111,113,129,130,133,137,143,146,148,155,157,158 "66";
67 83 0 5,139,144,165 "67";
68 43 0 1,5,8,12,13,16,18,20,21,24,26,29,36,39,42,43,45,46,47,51,53,56,58,59,61,63,66,69,70,72,73,74,78,80,82,85,86,88,89,90,91,93,94,100,101,103,106,108,109,112,114,116,118,122,127,137,141,143,145,146,155,156,159,162,163,165,167,169 "68";
69 30 1 0,4,7,10,19,20,24,28,30,34,38,39,43,48,51,56,62,64,65,66,68,73,74,78,81,83,86,88,90,94,96,100,102,104,107,110,113,115,117,120,121,123,124,125,127,130,134,137,141,143,145,147,152,157,160,164,166 "69";
70 103 0 0,9,13,15,23,26,28,29,30,36,38,39,41,43,46,49,56,60,62,65,67,73,75,78,85,87,91,93,97,100,101,109,111,114,116,120,122,128,134,137,139,145,146,149,150,152,158,168 "70";
71 48 0 9,14,18,22,37,42,66,71,73,80,86,87,95,103,129,132,136,142,144,166 "71";
72 148 1 9,14,20,21,29,37,44,49,60,64,74,77,81,83,85,90,91,100,105,111,138,142,143,146,158,167 "72";
73 99 0 2,3,7,10,16,18,28,31,34,39,44,49,54,57,58,64,69,81,83,88,94,108,117,118,141,142,147,158,159,161,166,168 "73";
74 82 0 0,5,7,12,14,18,29,31,33,35,37,40,45,48,49,55,57,58,63,70,72,73,77,80,83,84,86,88,92,93,94,96,98,100,103,104,107,110,111,113,115,122,125,126,130,133,137,138,143,156,159,162,163,166,167,168 "74";
75 129 1 0,3,7,8,14,20,23,25,29,31,36,37,40,43,49,56,58,62,66,70,72,77,85,87,90,95,96,97,99,102,106,108,109,111,114,116,120,122,123,127,131,133,139,140,143,145,146,149,153,155,159,163,164,165,167 "75";
76 70 1 1,3,8,10,12,14,15,17,18,21,22,24,25,28,32,34,35,36,38,39,40,44,48,51,55,58,60,61,63,64,66,70,73,74,76,77,79,82,85,89,92,94,97,99,101,103,104,107,109,110,112,113,116,118,119,121,123,125,127,129,134,136,138,139,142,143,144,146,150,152,154,156,158,160,161,163,164,165,167,168 "76";
77 46 0 38,43,47,48,66,74,109,119,155,157 "77";
78 123 1 1,6,9,12,15,17,24,29,31,34,36,38,44,49,51,53,55,56,59,64,76,79,81,84,86,89,91,92,96,99,102,105,108,111,113,119,120,127,138,140,144,146,150,151,154,158,165,169 "78";
79 87 1 1,3,4,6,9,10,14,15,18,23,24,26,28,30,32,34,35,38,40,41,44,46,48,51,56,60,61,63,65,68,69,73,76,80,81,83,85,87,89,92,93,95,97,101,103,107,109,111,113,115,118,119,122,126,131,133,136,137,138,145,147,148,150,154,156,157,161,164,166,168 "79";
80 47 0 2,4,5,6,7,9,14,18,20,22,24,25,26,28,29,35,37,39,40,46,48,50,52,55,60,62,63,65,68,69,70,72,75,78,79,85,86,87,89,94,95,98,101,103,104,106,107,108,110,111,112,115,118,119,123,125,129,132,135,137,139,141,143,145,150,151,153,155,157,159,160,165,167,168 "80";
81 35 0 24,36,58,92,111,116,128,133 "81";
82 40 0 3,5,7,8,10,11,15,17,18,20,22,24,25,26,28,30,32,34,35,37,39,40,42,43,46,49,52,54,56,58,61,62,70,73,75,81,82,83,86,89,91,94,95,96,98,100,101,104,105,106,109,112,113,115,116,119,122,123,126,128,129,132,134,137,138,140,142,144,145,148,149,150,152,153,154,156,159,161,163,166,168,169 "82";
83 150 1 16,26,36,56,61,67,69,81,84,87,90,91,102,113,140,145,148,150,158,161 "83";
84 127 0 3,7,11,13,15,17,20,21,23,29,30,32,34,35,38,39,45,46,48,49,52,56,58,60,62,63,66,67,70,75,83,87,89,90,99,101,102,104,114,117,122,123,134,137,140,142,145,147,150,154,159,167 "84";
85 15 0 16,23,34,39,61,71,100,116,120 "85";
86 84 0 1,3,6,8,10,13,15,17,19,21,24,30,31,33,35,37,38,40,41,43,45,46,49,51,53,54,59,64,66,68,70,71,73,78,79,80,83,85,86,88,89,91,94,95,96,100,102,104,105,111,113,117,122,123,125,128,130,131,133,134,137,139,142,143,145,146,148,151,152,154,156,157,159,161,162,165,167 "86";
87 148 0 0,3,6,12,13,19,21,23,26,33,36,37,39,40,47,50,52,55,61,63,66,67,68,73,78,81,85,96,99,100,105,109,111,116,117,125,126,130,132,135,137,138,145,146,148,151,154,156,161,164,165,166,167,169 "87";
88 98 1 3,5,9,13,19,22,24,25,29,32,35,36,38,39,45,49,51,52,57,59,64,68,70,71,73,81,85,87,89,91,95,97,104,106,110,113,118,123,125,129,132,134,135,138,140,153,156,165,167,168 "88";
89 170 1 0,1,2,5,7,11,12,16,19,21,22,25,27,28,33,37,38,41,45,46,49,51,52,54,55,59,60,62,64,66,68,69,72,74,77,83,85,87,89,90,91,94,96,98,102,103,107,108,110,112,114,117,119,120,124,126,127,128,129,133,134,136,137,140,141,144,147,153,155,159,161,167 "89";
90 58 1 11,47,52,57,65,77,79,83,84,93,103,105,118,124,127,154,155,161 "90";
91 71 0 2,3,4,6,9,11,12,13,16,18,20,21,22,23,25,26,27,28,31,32,34,35,37,38,39,44,46,48,54,55,57,58,59,63,68,72,74,75,77,82,87,88,90,91,93,96,98,100,107,108,110,114,116,117,120,121,124,125,127,130,132,134,136,138,140,144,146,148,149,152,155,157,158,160,164,166,167,169 "91";
92 40 1 14,16,21,23,26,28,31,38,39,46,54,55,57,59,64,65,67,74,76,80,82,95,96,98,106,109,114,119,125,127,128,129,131,133,138,139,142,157,159,163,164,166,168,169 "92";
93 134 1 11,32,33,45,55,62,65,66,95,133,136 "93";
94 107 1 0,11,29,32,58,59,62,73,77,79,84,95,96,97,99,120,127,134,142,146,149,152,155,162,166 "94";
95 111 1 0,3,8,10,13,16,33,38,39,40,45,46,58,60,66,69,70,82,93,111,115,119,132,134,139,146,156,159,161 "95";
96 88 1 0,3,12,14,22,25,27,30,31,32,38,39,41,43,44,53,63,64,66,68,80,88,90,91,96,98,105,110,112,114,116,118,124,128,130,132,133,138,140,141,148,153,159,164 "96";
97 1 1 0,2,7,12,14,15,16,19,21,27,29,39,40,43,45,48,54,61,63,66,70,71,72,77,80,86,90,91,93,94,96,98,100,101,102,104,105,107,110,112,113,114,115,120,124,126,128,129,136,141,142,144,148,149,151,155,158,163,168,169 "97";
98 48 0 0,7,9,10,12,30,35,36,57,63,68,69,72,79,86,87,90,100,112,119,131,133,135,148,150,161 "98";
99 6 1 10,36,42,68,88,95,96,103,128,147 "99";
100 65 0 0,3,5,13,14,21,23,25,29,31,34,37,38,40,42,45,47,52,55,57,58,62,64,66,68,72,74,76,79,86,87,93,97,98,101,106,111,113,115,117,119,125,127,130,135,139,142,144,148,149,154,155,156,157,161,165,166 "100";
101 79 1 0,1,2,4,11,12,14,15,17,21,23,26,30,32,34,36,39,42,43,44,47,50,52,54,55,60,62,65,67,69,70,72,73,75,81,86,87,88,90,92,93,95,97,98,100,103,104,106,108,109,112,113,114,117,120,123,126,128,131,133,134,135,136,140,142,144,146,147,150,152,153,157,159,161,164,167,168 "101";
102 78 1 65,69,85,89,93,136,148 "102";
103 63 1 4,6,9,14,15,18,20,22,24,28,29,36,37,40,41,45,48,49,50,54,57,58,62,63,65,69,72,74,82,83,86,88,89,91,93,94,97,99,100,102,104,107,109,111,112,118,126,129,132,135,136,138,143,146,150,151,157,159,161,163 "103";
104 98 0 3,21,31,44,49,53,55,57,58,79,92,117,158 "104";
105 153 0 0,1,5,7,10,14,15,17,18,20,22,23,28,29,30,32,33,34,35,37,40,41,44,47,48,51,52,54,56,59,60,62,63,64,65,67,69,72,74,79,80,83,85,86,89,94,96,98,100,104,106,107,109,112,113,115,116,119,120,121,124,126,130,132,136,139,141,142,148,150,151,153,155,158,160,164,168 "105";
106 90 0 3,43,46,83,96,100,102,127,153,161 "106";
107 141 1 0,2,3,5,9,10,25,28,30,36,40,45,55,57,61,66,71,75,78,79,87,91,94,105,109,121,127,135,137,138,141,153,159,163,165,169 "107";
108 71 1 0,2,5,10,16,21,22,25,27,30,31,38,40,44,47,49,55,56,57,58,61,62,66,69,73,76,77,79,81,84,87,90,91,95,96,98,102,103,105,109,112,114,115,122,124,125,128,129,130,133,134,137,142,146,147,148,149,151,153,156,157,159,161,163,166,168 "108";
109 147 1 2,19,24,25,42,50,52,60,62,69,87,90,102,108,123,125,128,130,139,145,166,168 "109";
110 120 0 1,2,4,6,8,10,13,14,16,17,24,25,28,32,33,35,36,37,39,41,43,44,48,50,51,54,56,58,59,61,65,67,69,71,72,73,75,78,79,80,82,83,88,90,91,93,94,95,97,99,101,102,104,106,108,109,111,113,116,121,122,124,125,127,129,131,132,134,137,138,139,140,142,144,145,146,148,153,156,158,159,160,162,167 "110";
111 27 0 6,11,13,19,26,29,37,42,44,47,49,52,55,57,62,64,66,70,73,75,76,80,83,89,93,103,107,109,110,112,114,118,124,125,130,139,141,143,146,147,151,157,164 "111";
112 93 0 11,22,43,45,57,93,94,96,104,113,118,122,126,130,134,137,139,144,149,161,166 "112";
113 6 0 0,12,75,99,118,125 "113";
114 111 1 0,2,11,17,21,24,34,35,51,65,72,77,82,85,91,101,104,106,113,114,123,128,132,138,140,150,153,155,160,168 "114";
115 94 0 9,13,21,26,29,35,38,44,48,54,55,59,60,61,66,67,79,81,94,98,106,118,123,129,133,138,140,143,148,149,154,159,162 "115";
116 14 0 5,53,61,121,123,162,164 "116";
117 74 1 7,11,12,17,27,39,42,47,50,56,59,67,74,76,83,85,91,95,100,101,108,121,124,126,133,149,161,164 "117";
118 109 1 0,1,3,6,8,10,14,16,18,25,31,33,36,44,54,58,65,66,67,72,81,83,85,89,99,102,104,109,110,114,120,124,125,127,129,132,135,138,139,146,151,154,159,163,168,169 "118";
119 85 0 0,2,5,6,8,11,15,16,19,20,22,25,30,31,33,36,38,39,41,43,45,47,48,49,52,55,59,60,62,64,67,68,69,72,74,76,77,79,82,84,86,88,89,92,94,95,98,99,100,103,104,107,109,111,115,119,121,122,124,125,126,128,129,131,132,133,136,138,140,142,144,146,148,149,153,156,158,161,164,165,167,169 "119";
120 93 1 1,3,5,12,13,15,20,21,28,30,32,34,35,42,43,44,46,50,52,54,56,59,61,63,65,66,68,69,71,76,79,84,87,88,90,95,96,100,101,105,108,110,111,113,114,115,117,119,120,125,127,128,131,134,135,136,137,139,141,142,144,145,148,154,155,157,159 "120";
121 14 1 6,8,19,31,48,72,77,80,104,110,114,117,130,151,155,169 "121";
122 102 0 2,5,17,27,28,30,35,38,43,45,46,51,61,69,74,76,82,88,92,93,96,97,99,103,106,112,114,122,124,126,135,144,147,151,154,157,163,165 "122";
123 78 0 0,2,9,12,14,17,19,20,22,30,32,36,43,48,53,57,63,64,66,69,73,77,79,81,84,87,88,90,91,93,97,99,101,106,112,113,116,118,124,127,130,136,139,146,150,152,156,158,161,165,167 "123";
124 163 0 1,7,8,16,20,27,30,32,36,38,41,43,49,51,52,56,60,62,65,66,67,70,72,80,81,82,85,87,94,97,100,101,103,104,105,107,110,116,120,121,123,124,125,132,133,134,138,141,142,144,147,148,152,158,162,164,167 "124";
125 55 1 2,11,14,20,23,28,33,39,43,44,49,53,58,62,76,78,81,88,93,95,96,100,101,105,111,121,132,138,140,141,144,145,147,148,153,161,167 "125";
126 103 0 2,6,8,10,12,23,31,34,38,40,41,42,50,51,52,56,62,64,67,70,76,88,91,93,94,96,98,100,107,111,113,114,115,117,118,119,121,124,126,129,135,137,138,140,142,145,146,148,149,153,155,156,165 "126";
127 106 0 5,8,10,12,13,16,18,20,21,24,27,32,34,37,40,45,48,51,56,62,64,66,67,69,74,76,79,83,87,89,93,97,100,103,108,110,111,113,120,121,123,125,128,131,133,137,138,140,142,144,145,148,150,153,157,159,163,167,168 "127";
128 120 0 20,36,47,49,58,65,79,85,100,107,110,124,165 "128";
129 3 0 12,31,43,47,48,56,60,67,69,70,74,77,101,123,126,144,147,149 "129";
130 66 0 9,15,18,26,35,39,42,48,56,58,73,75,80,82,85,90,96,111,114,119,123,149,152,160,161 "130";
131 119 1 0,4,8,10,11,13,15,18,19,20,23,24,26,28,30,34,36,37,41,42,45,46,48,50,54,55,59,60,63,64,66,67,69,70,77,78,83,93,94,97,99,100,103,106,107,109,112,120,121,122,125,129,131,133,135,140,143,146,148,150,155,158,161,163,167,168 "131";
132 1 0 0,7,9,11,14,16,19,20,22,23,24,30,38,40,43,44,46,50,54,57,58,63,67,72,75,81,84,86,87,92,94,96,97,99,104,109,111,114,117,122,123,125,129,133,136,138,139,140,142,143,149,150,151,155,156,165 "132";
133 77 1 0,5,7,9,13,16,17,18,25,30,34,36,37,43,47,50,51,53,56,61,63,66,73,74,78,85,88,90,100,104,106,114,123,128,133,136,140,143,145,147,149,151,153,156,158,161,165,166,168 "133";
134 118 1 0,2,3,5,7,12,17,18,19,25,26,28,29,33,35,42,45,46,52,53,55,56,59,60,62,64,66,68,70,72,74,78,80,84,85,86,88,90,92,95,101,102,104,106,108,109,111,114,117,120,124,127,129,132,139,140,143,146,148,150,152,158,161,162,164,168,169 "134";
135 162 1 0,1,7,11,13,23,25,26,28,33,46,47,55,62,67,73,80,83,87,89,96,107,109,113,115,118,120,122,125,128,132,134,135,139,142,153,156,162,167,169 "135";
136 42 1 11,13,22,31,36,37,45,46,48,49,50,52,60,64,65,69,71,75,76,84,86,88,89,96,98,99,103,105,108,109,125,128,132,136,149,161 "136";
137 140 1 1,8,10,11,14,16,18,19,24,29,35,36,37,45,48,49,51,54,57,61,65,67,71,83,84,88,101,106,111,113,115,118,125,127,129,132,133,136,139,140,152,153,157,163,168 "137";
138 170 0 0,4,6,9,12,14,17,19,21,24,29,31,35,38,41,47,60,77,79,90,93,96,117,122,123,130,150,152,153,155,160,163,167 "138";
139 52 0 1,6,7,9,10,13,14,18,20,23,24,30,35,38,40,44,47,48,51,54,56,58,60,63,66,70,77,81,83,84,86,89,92,94,98,101,103,109,112,115,118,125,128,129,131,136,139,143,145,147,150,152,157,158,159,162,165,166,168,169 "139";
140 37 1 13,27,33,48,50,56,58,62,67,74,77,83,90,93,98,102,104,114,119,122,130,143,163,165,169 "140";
141 112 0 18,42,110,112,151,156,157,168 "141";
142 117 0 12,18,21,24,27,31,39,42,50,52,54,56,58,61,65,74,77,78,81,84,92,101,103,108,112,114,120,125,127,130,133,135,142,143,146,149,151,156,158,161 "142";
143 73 0 1,7,13,23,33,36,39,43,49,51,52,53,57,60,71,72,75,76,78,82,83,90,92,96,100,102,106,109,111,113,117,119,130,135,139,141,143,147,150,153,156,159,168,169 "143";
144 115 1 0,2,3,5,7,9,11,12,14,19,21,23,27,29,31,33,38,43,45,46,48,51,53,55,61,63,66,68,72,74,77,78,90,92,94,96,101,104,105,107,111,112,113,119,122,123,125,127,128,134,137,142,144,154,155,157,158,161,163,165,166,168 "144";
145 164 1 0,2,5,7,9,10,14,18,24,27,29,31,32,39,42,45,47,51,53,54,57,59,60,68,69,72,74,76,79,87,90,92,96,97,100,103,105,106,107,108,110,111,113,116,118,121,123,127,128,130,132,133,135,139,140,144,147,149,150,152,155,158,159,162 "145";
146 94 1 1,6,9,10,28,30,31,36,38,39,40,47,49,64,66,70,71,79,85,88,92,100,104,112,115,122,128,134,136,142,156,157,161,163 "146";
147 90 0 12,17,18,21,28,31,33,34,36,38,44,46,48,52,55,58,61,64,66,73,83,87,91,100,103,104,110,112,116,117,118,122,130,142,145,151,154,158,162 "147";
148 77 1 0,6,11,14,17,31,36,37,42,48,54,57,58,61,62,65,67,69,71,73,81,86,88,96,102,106,108,114,118,124,126,128,130,132,139,141,149,151,160 "148";
149 99 0 0,1,3,5,8,10,14,27,30,38,75,83,99,116,140,142,144,146,154,157,169 "149";
150 71 0 14,16,21,23,27,29,31,37,42,55,58,62,64,69,86,87,100,102,105,110,115,122,128,133,144,148,152,153,163,164,166 "150";
151 148 0 2,5,8,10,16,20,28,29,31,33,34,37,40,42,45,50,51,59,70,72,75,77,78,81,83,87,89,91,93,96,98,101,102,104,107,110,113,114,118,120,122,125,126,127,129,131,134,136,139,145,146,151,155,157,160,161,164,169 "151";
152 107 1 2,3,8,21,23,24,28,33,39,43,46,48,49,53,54,56,66,69,74,75,79,85,87,91,95,96,99,100,103,105,107,109,111,115,120,123,125,128,130,131,137,138,141,144,147,150,155,157,159,165,168,169 "152";
153 78 0 3,8,11,14,17,27,28,42,52,60,69,81,86,94,96,98,104,106,109,123,124,135,138,143,145,148 "153";
154 39 0 0,3,7,12,17,19,21,24,28,30,32,34,36,38,40,42,43,46,48,53,55,57,59,61,66,68,69,71,72,73,75,78,79,81,82,87,89,92,93,94,96,99,100,102,103,104,108,110,112,113,114,115,117,122,125,127,129,136,141,142,149,151,154,156,157,161,162,164,166,169 "154";
155 2 0 1,3,5,7,8,10,11,16,19,21,23,25,28,29,30,34,36,40,41,43,44,50,57,62,68,70,72,77,80,83,89,91,93,94,97,99,100,104,107,108,111,112,115,116,118,122,123,128,130,131,132,133,135,140,142,144,145,147,149,151,153,154,159,160,161,164,165,169 "155";
156 168 1 0,3,6,7,10,11,13,16,17,20,22,25,26,27,29,30,32,35,38,41,46,53,56,60,62,64,67,70,72,73,75,80,82,84,85,87,89,90,95,96,98,100,101,102,104,107,111,113,116,117,118,119,121,123,126,128,129,131,132,134,135,137,138,140,142,143,144,147,148,149,151,154,159,160,164,165 "156";
157 6 1 0,1,6,8,9,10,11,13,17,19,20,22,24,26,27,28,29,34,36,39,40,44,46,52,54,57,58,62,63,66,70,73,76,77,78,79,81,83,85,90,93,94,100,101,103,106,107,109,112,114,118,119,122,124,126,128,130,132,134,144,148,150,152,154,155,158,159,164,168,169 "157";
158 72 1 57,71,72,81,84,94,96,116,134,162 "158";
159 71 0 46,77,133,134 "159";
160 22 0 0,14,20,22,34,56,62,65,73,80,87,93,96,99,101,102,110,113,115,130,134,138,149,152,154,157,160,168 "160";
161 18 1 0,10,14,25,27,28,41,42,45,51,55,61,67,90,92,107,124,157,164 "161";
162 129 1 0,2,9,18,20,34,36,38,40,51,73,93,104,108,113,120,123,128,130,133,141,143,150,152,160,163 "162";
163 162 0 0,12,39,44,55,66,83,114 "163";
164 71 1 0,2,4,7,8,10,12,15,24,29,31,32,34,35,37,38,39,42,45,46,54,59,62,65,67,79,80,82,87,90,92,94,95,100,103,105,110,114,115,118,119,121,125,127,129,131,134,139,142,146,148,155,159,162,165,169 "164";
165 22 1 10,13,14,16,26,41,44,47,49,52,73,94,108,114,141,145,150,160,163 "165";
166 134 0 2,3,7,9,12,14,16,18,21,28,34,36,38,50,51,55,61,71,79,84,94,96,98,99,102,106,108,111,113,119,121,127,128,131,145,147,149,151,153,156,157,165,169 "166";
167 112 1 10,13,18,49,60,132,152,167,168 "167";
168 109 0 2,3,5,7,9,11,12,17,20,24,28,32,38,44,47,56,58,59,62,69,71,73,75,76,78,82,84,86,89,90,91,96,97,98,103,104,106,107,110,113,114,116,118,123,125,129,132,140,142,144,145,146,149,152,155,156,158,161,162,164,165,169 "168";
169 124 1 1,2,5,10,11,12,14,16,18,20,22,33,36,38,40,41,43,46,49,51,53,57,62,63,67,68,71,72,75,82,84,87,88,93,94,97,98,101,103,106,108,113,114,117,126,133,137,139,140,141,146,150,151,152,156,158,164,166,167 "169";
