parity 110;
0 52 0 3,5,9,14,25,29,38,48,53,56,63,72,76,79,81,84,87,95,98,104,106,110 "0";
1 62 1 0,2,4,6,7,11,13,16,17,21,23,27,29,30,32,35,37,38,40,41,43,44,46,47,51,52,54,55,56,57,60,63,65,70,74,77,80,81,83,88,91,92,94,95,97,98,100,103,106,108,109 "1";
2 87 1 0,4,5,6,7,10,12,14,17,20,23,28,29,31,32,34,36,38,40,43,45,48,50,53,55,57,59,61,63,64,66,68,72,79,80,81,88,90,92,95,97,101,102,105,108,109 "2";
3 67 1 2,6,7,8,9,11,12,13,15,16,19,20,21,22,24,25,27,29,30,33,34,43,45,48,49,50,52,55,56,58,63,65,66,73,74,77,80,82,86,91,93,95,103,106,107,109,110 "3";
4 74 0 4,6,10,13,16,21,22,24,28,29,32,37,44,53,56,58,62,66,73,76,79,81,86,89,91,93,95,97,102,108,110 "4";
5 42 0 1,3,6,7,10,16,20,21,25,26,36,37,38,44,45,48,55,57,59,69,70,72,77,79,86,89,91,98,104,107,109 "5";
6 94 0 3,5,13,32,43,58,63,75,76,79,90,95,97,99,105,107 "6";
7 1 0 3,16,17,34,38,50,52,68,69,73,87,99,101,104 "7";
8 64 1 2,3,6,7,9,11,15,17,20,21,24,26,29,30,31,33,36,39,41,43,44,45,46,48,49,51,52,53,54,56,59,60,61,63,64,67,69,70,74,75,77,79,83,86,87,89,92,94,97,100,101,102,105,107,109 "8";
9 36 1 0,1,8,12,16,19,20,23,26,27,28,30,32,34,39,41,44,45,48,50,51,52,55,58,61,66,67,69,71,74,77,80,81,82,83,87,91,96,98,100,102,107,110 "9";
10 82 0 8,9,16,19,27,31,40,42,44,46,47,49,51,52,54,57,59,60,65,69,71,75,76,78,86,88,92,93,95,98,100,107,108,110 "10";
11 104 0 13,50,90,104 "11";
12 52 1 4,5,7,9,15,17,18,22,25,27,29,31,32,33,34,38,43,45,47,49,52,61,63,65,66,67,70,81,82,84,87,88,91,94,95,99,101,102,107,108,109 "12";
13 67 0 22,26,27,32,34,38,44,55,58,77,82,86,97,99,100,101 "13";
14 63 1 0,1,3,5,7,9,14,16,18,21,25,29,30,33,36,38,41,43,48,50,53,62,63,64,66,73,76,79,81,84,85,87,90,93,94,96,97,99,101,103,104,105,106 "14";
15 98 0 0,3,4,7,9,18,21,24,29,32,33,35,37,39,55,58,62,67,71,74,76,79,90,93,96,107,109 "15";
16 87 0 0,2,3,6,7,11,12,14,18,21,23,24,29,31,34,36,39,43,45,50,52,54,55,58,59,62,63,66,68,70,72,73,78,81,82,83,86,88,90,93,94,98,99,101,102,105,109 "16";
17 72 1 5,16,17,20,25,32,36,44,45,48,53,59,62,65,68,72,74,79,83,86,94,101,104,109 "17";
18 37 0 38,54 "18";
19 44 0 0,1,5,7,8,16,17,21,22,26,30,32,35,39,41,43,45,47,49,53,57,59,63,67,69,70,73,74,75,77,78,81,82,84,87,90,91,92,95,97,100,101,104,107,109 "19";
20 41 1 32,33,50,59,76,95,101,106 "20";
21 26 1 2,15,16,28,41,42,44,56,57,69,86,87,95,100,101,103,107 "21";
22 85 0 0,3,6,10,11,14,16,18,19,21,25,27,29,30,31,34,35,38,39,45,47,51,53,54,57,59,60,65,67,70,72,75,83,84,85,87,88,90,91,93,94,97,98,100,102,107,109 "22";
23 79 1 0,14,47,49,53,65,73,95,109 "23";
24 77 1 0,2,4,6,10,14,18,22,24,27,30,32,33,35,38,40,45,48,52,53,56,58,60,62,64,66,68,71,72,74,75,76,77,80,86,88,90,93,95,96,97,99,104,106,107,109 "24";
25 14 1 1,2,3,5,8,10,11,13,15,18,21,23,25,28,30,31,33,34,35,38,39,44,45,46,48,51,55,58,59,62,63,65,68,69,71,72,74,76,78,80,81,84,87,89,94,96,100,101,102,104,105,107,109,110 "25";
26 89 1 12,18,19,25,28,37,49,55,56,59,61,70,77,80,110 "26";
27 106 1 1,9,11,13,14,19,20,24,30,33,36,41,45,48,49,51,56,61,63,65,67,69,70,73,76,84,85,87,89,92,94,97,98,101,102,103,106,110 "27";
28 71 0 17,38,46,50,65 "28";
29 99 0 1,3,5,7,9,14,19,21,23,29,33,34,39,41,45,47,52,55,56,58,60,61,64,66,70,76,80,83,85,91,94,100,107,109 "29";
30 80 0 1,4,6,8,11,12,14,16,17,22,24,25,28,29,31,32,35,43,44,47,50,54,56,57,59,62,67,68,70,72,76,78,81,83,85,86,88,90,91,92,94,96,97,99,101,102,104,105,108,109 "30";
31 69 1 1,3,5,6,15,19,20,24,26,28,33,34,42,44,45,51,52,53,54,56,58,60,62,67,68,70,72,74,76,78,80,81,88,90,92,94,96,97,101,109,110 "31";
32 106 0 9,10,11,13,15,19,22,27,30,35,36,41,42,45,50,53,54,57,58,61,64,67,68,69,72,73,76,77,78,82,86,87,88,96,99,100,105,107,109,110 "32";
33 82 1 2,6,17,19,22,24,26,28,36,42,46,48,50,56,62,65,67,70,79,84,97,101,105 "33";
34 17 1 1,13,25,26,39,43,48,53,56,62,65,67,70,72,73,79,96,102,105 "34";
35 46 1 1,4,9,10,11,13,14,19,23,25,26,30,31,33,40,42,44,45,48,54,56,58,59,63,65,68,72,74,79,80,83,89,90,93,95,96,99,100,104,106,108 "35";
36 108 0 0,2,27,31,34,35,39,43,49,58,63,67,73,77,82,91,106 "36";
37 105 1 1,5,9,13,15,18,20,21,22,24,28,29,34,37,38,42,44,46,49,51,57,63,65,66,70,72,73,75,81,86,90,91,92,95,101,109 "37";
38 83 0 0,4,7,8,11,14,15,18,20,23,27,31,39,47,48,53,55,57,65,71,73,76,77,81,83,84,86,90,92,93,96,99,101,103,109 "38";
39 85 1 0,4,6,10,11,13,15,22,24,26,29,32,34,35,37,38,39,41,46,48,50,51,56,60,63,67,69,73,76,81,83,84,88,89,92,93,97,101,104,107,109 "39";
40 46 0 4,6,8,10,12,13,15,32,33,34,37,38,43,44,46,48,55,58,60,61,62,67,71,74,75,81,82,85,86,87,97,99,101,106,110 "40";
41 108 1 2,3,5,7,12,15,16,25,27,30,34,39,40,43,47,48,50,52,56,57,61,62,63,67,72,75,78,79,82,90,92,97,104 "41";
42 52 0 0,5,12,13,20,25,27,29,39,41,44,49,54,55,56,62,64,66,70,71,74,75,77,78,89,91,97,100,102,107,110 "42";
43 21 0 18,26,39,56,84,90 "43";
44 45 1 0,3,6,7,9,13,18,20,28,29,31,34,35,38,41,43,48,51,52,53,60,61,65,66,71,73,77,79,81,83,86,89,92,104,108 "44";
45 52 0 17,19,24,41,43,45,54,60,62,63,65,68,76,87,94,97,102,104 "45";
46 14 1 8,43,68,70,92 "46";
47 64 1 0,4,8,10,11,18,20,22,24,26,30,33,36,39,41,43,45,47,49,50,52,55,57,59,62,64,65,67,70,71,73,76,77,79,80,81,86,88,90,91,93,94,95,97,99,101,103,104,105,107,108,110 "47";
48 92 1 2,4,7,13,16,19,22,23,27,29,31,32,35,42,48,50,52,54,55,56,57,58,60,61,63,66,68,70,72,73,77,78,80,84,85,86,89,90,94,95,97,102,104,105,106,108,110 "48";
49 43 0 6,7,11,16,22,40,45,50,52,57,59,61,63,73,74,81,87,89,96,102,105,109 "49";
50 98 0 2,5,10,12,13,15,25,37,51,58,60,64,66,67,73,76,77,86,88,92,95,99,105,108 "50";
51 15 0 4,6,9,16,18,22,23,27,32,35,37,39,42,44,45,51,67,69,72,77,79,82,85,92,97,103,104,107,108 "51";
52 69 0 8,15,22,52,57,83,93,100 "52";
53 7 1 0,3,9,10,12,17,18,20,21,25,26,27,31,34,36,40,42,43,46,48,56,63,69,73,74,78,82,85,89,96,97,100,101,107,108,109 "53";
54 6 1 4,10,26,29,32,40,50,51,54,57,60,63,82,87,89,98,102,104,107 "54";
55 84 0 1,6,9,17,27,32,50,65,70,83,92,103,110 "55";
56 111 0 1,4,6,8,9,10,12,13,19,20,22,25,27,29,32,33,39,42,44,46,47,51,52,53,56,58,60,63,64,66,68,70,71,73,74,76,77,79,80,82,84,85,87,88,92,94,97,100,104,106,107,110 "56";
57 21 1 0,1,4,7,10,13,14,15,20,23,28,30,38,41,50,51,57,59,61,62,66,74,75,77,84,85,87,93,94,98,100,102,104 "57";
58 93 0 3,5,7,8,10,14,18,22,24,30,34,35,36,40,48,49,52,54,55,59,66,72,77,79,87,97,98,104,105,109 "58";
59 74 0 8,108 "59";
60 85 0 0,1,6,7,9,11,14,16,19,20,24,28,31,35,37,39,45,46,51,54,57,59,62,65,67,68,71,78,85,89,92,95,98,101,104,106,107 "60";
61 46 1 3,7,9,12,13,14,15,18,20,21,24,25,27,34,37,38,42,44,46,49,50,52,54,55,58,59,61,66,67,70,72,75,79,85,88,90,91,94,97,99,101,102,110 "61";
62 4 0 0,2,5,6,9,11,15,16,18,21,25,27,28,29,34,42,44,48,52,55,57,61,63,66,67,69,70,72,79,80,83,88,89,97,98,100,104,109 "62";
63 9 0 0,4,10,12,14,17,19,22,24,26,28,31,32,34,36,40,41,43,47,50,53,57,61,63,69,73,76,83,84,87,88,90,93,95,97,98,101,105,108,110 "63";
64 17 1 0,8,14,17,28,40,41,48,51,72,79,84,91,94,96,108 "64";
65 91 1 2,4,10,14,16,18,21,24,26,32,36,39,46,48,51,58,59,62,65,66,74,76,82,84,85,88,90,93,97,102,105,110 "65";
66 82 0 21,46,49,56,58,59,66,86,89,107,109 "66";
67 102 1 0,3,5,8,15,20,21,25,31,33,39,40,43,45,51,57,60,69,74,80,82,85,89,94,96,97,99,104,107,109 "67";
68 11 1 6,15,16,19,31,34,36,38,43,62,65,90,91,104 "68";
69 69 1 0,3,5,7,9,14,19,21,25,27,28,31,32,38,41,43,47,48,53,54,59,60,62,71,73,76,78,82,87,89,96,97,99,106,109 "69";
70 12 0 0,1,7,8,10,11,14,19,21,23,24,26,29,34,35,37,38,40,44,46,48,50,52,54,55,56,58,60,61,63,64,66,67,70,71,73,75,78,81,84,88,90,92,99,101,103,104,107,108,110 "70";
71 89 1 1,3,8,16,17,20,34,37,41,46,50,51,67,72,75,76,81,83,98,101,107 "71";
72 39 0 0,2,3,5,6,9,11,12,14,17,20,21,23,27,28,29,32,35,37,40,41,43,44,48,52,53,56,57,58,61,63,66,68,74,76,79,81,83,84,92,94,96,97,100,103,105,106,109,110 "72";
73 77 0 0,56,80,91,97,101,102,106 "73";
74 2 1 16,23,38,40,47,49,64,71,77,78 "74";
75 102 0 0,6,15,29,30,44,52,62,86,89 "75";
76 60 1 1,3,22,51,68,98 "76";
77 28 1 4,6,12,13,23,25,29,30,34,42,60,61,66,67,68,71,73,74,78,81,83,85,91,95,98,99,109 "77";
78 30 1 0,1,3,6,8,10,11,17,20,23,24,30,32,36,38,40,47,50,52,56,58,61,62,65,69,72,73,79,80,81,83,85,88,90,91,93,96,98,101,108 "78";
79 89 1 0,4,7,11,16,20,28,35,43,52,57,59,65,74,78,85,88,91,104,105 "79";
80 44 1 2,8,9,10,16,18,20,25,28,31,36,41,52,58,61,62,72,75,77,81,84,86,88,96,103,105,108 "80";
81 80 1 0,5,7,8,10,11,20,22,30,31,34,41,42,46,47,49,52,54,57,59,61,62,65,67,70,75,77,82,85,94,96,97,107,109 "81";
82 20 1 0,2,5,8,9,11,14,16,18,20,23,25,26,27,31,33,35,36,40,44,47,50,52,55,57,60,62,64,65,69,71,75,77,81,84,86,88,89,92,95,96,98,99,102,103,105,107,110 "82";
83 62 1 0,1,4,7,9,13,14,16,18,21,24,25,36,38,40,42,43,47,49,50,56,58,60,62,66,70,71,72,74,77,78,79,80,82,84,85,89,92,94,97,98,99,100,104,107,108,110 "83";
84 62 0 0,24,26,44,50,57,74,82,83,92,99,101 "84";
85 15 0 2,4,6,8,9,11,12,13,16,17,22,27,29,31,32,34,35,36,43,44,47,50,52,55,61,62,65,66,67,69,72,73,76,78,80,82,83,86,87,88,90,92,93,94,102,104,107,108 "85";
86 55 0 6,16,18,20,26,29,38,39,42,54,61,64,70,72,81,84,89,90,92,93,97,99,110 "86";
87 98 0 7,13,47,80,83,85,94 "87";
88 106 0 0,2,10,14,15,16,20,26,30,32,33,39,41,46,52,53,59,62,64,65,69,73,75,80,85,86,95,97,98,100,104,105,106 "88";
89 62 0 3,5,14,18,20,21,22,25,27,29,30,33,36,37,40,41,43,47,49,51,55,56,57,59,61,66,71,73,78,80,82,83,85,87,92,94,96,99,102,105,106 "89";
90 92 0 3,4,6,14,19,21,23,26,27,29,34,43,48,49,52,56,61,66,68,76,79,83,84,99,102,104,106 "90";
91 89 1 0,1,4,6,8,10,11,12,14,18,21,22,24,26,27,29,30,37,39,41,43,45,46,47,48,51,54,56,58,59,64,67,70,71,74,76,78,80,82,83,84,85,89,90,91,92,94,95,96,100,102,105,106,107,110 "91";
92 49 1 0,41,51,57,71,79,89 "92";
93 7 1 5,10,11,15,16,23,30,32,34,36,40,42,46,49,56,57,61,62,76,77,81,83,86,87,91,93,95,99,106,107,108,110 "93";
94 71 1 25,34,88 "94";
95 107 0 1,12,17,31,35,37,38,50,60,62,78,88,100,105 "95";
96 30 0 1,40 "96";
97 76 0 2,4,9,11,13,16,18,22,24,27,29,33,35,42,43,46,49,50,52,56,57,61,64,68,70,71,80,84,86,88,90,97,100,102,103,105,107 "97";
98 76 0 1,3,14,18,31,33,38,40,44,47,49,51,54,56,63,68,70,71,100,103,105,106 "98";
99 24 0 12,30,36,65,67,68,70,78,82,97,99,102,105 "99";
100 2 1 0,2,5,6,9,13,16,18,21,26,27,29,30,31,33,34,36,39,41,46,48,49,52,54,56,58,64,66,67,68,72,74,75,76,79,81,82,84,85,86,90,91,93,99,102,104,105,107,109,110 "100";
101 60 0 1,3,6,10,11,14,15,16,21,24,28,33,34,36,37,40,42,44,46,47,50,53,54,57,58,59,61,63,64,65,66,68,69,72,73,75,76,81,83,84,87,91,93,95,100,101,103,104,108,109,110 "101";
102 21 1 2,3,6,7,10,11,12,15,17,19,21,23,26,27,28,30,33,34,38,40,43,47,48,49,51,53,55,57,58,60,63,68,73,76,81,83,86,89,91,93,95,96,100,105,109,110 "102";
103 65 0 15,36 "103";
104 96 1 0,6,10,12,22,26,35,38,69,79,93,96,100,101 "104";
105 87 0 24,30,43,54,59,77,89,106 "105";
106 64 1 0,1,3,6,7,9,11,20,21,25,28,29,32,34,39,41,42,47,48,49,54,57,61,63,64,67,70,73,76,78,80,88,90,92,96,97,100,103,104,108 "106";
107 12 1 3,4,7,9,11,13,14,15,16,20,23,26,32,34,35,38,39,41,42,44,45,50,52,54,56,58,61,66,67,71,74,75,77,78,79,89,91,92,94,96,100,102,104,105,108,110 "107";
108 27 1 2,8,11,15,22,28,33,41,43,47,49,50,57,59,64,70,85,93,102,106 "108";
109 27 1 1,2,7,8,10,13,15,16,19,20,24,28,30,31,33,35,36,38,40,41,45,46,48,52,56,59,60,62,63,65,68,69,72,77,81,84,89,90,92,95,97,99,100,101,104,107,110 "109";
110 104 1 16,32,66,74,95 "110";
