parity 19;
0 1 1 2,11,19 "0";
1 0 1 6 "1";
2 14 1 3,12,15 "2";
3 3 1 4,7,17 "3";
4 15 1 0,2,8,9,11,13,15 "4";
5 4 0 4,6 "5";
6 12 1 1,2,4,5,6,7,8,15,18,19 "6";
7 4 0 6,10,13,14,18 "7";
8 10 0 0,6,11 "8";
9 19 1 17,18 "9";
10 4 0 1,4,5,7,8,9,16,17,19 "10";
11 3 1 0,5,6,14 "11";
12 19 1 3,12,19 "12";
13 0 1 4,6,16 "13";
14 14 0 0,2,6,12 "14";
15 10 0 0,8,11,17,18 "15";
16 16 0 1,2,5,9,11,14,16 "16";
17 18 1 0,3,4,6,7,11,13,14,16,18 "17";
18 6 0 5,6,8,12,13,15,16,18,19 "18";
19 17 1 0,5,8,10,11,12,15,16,19 "19";
