parity 90;
0 36 1 0,3,5,45,63,66 "0";
1 58 0 6,8,10,13,25,27,29,44,57,65,76,80 "1";
2 19 1 1,7,16,27,41 "2";
3 46 1 6,12,15,25,27,29,33,34,39,42,46,47,53,55,62,63,69,72,75,82,87 "3";
4 62 1 12,19,21,29,32,41,43,52,70,76,79,84,89 "4";
5 89 0 0,2,3,4,6,8,10,19,20,23,26,29,31,34,35,37,39,41,42,45,46,48,51,53,54,55,59,60,62,65,66,69,74,75,77,82,83,84,86,87,89,90 "5";
6 77 1 1,6,11,13,15,17,22,24,35,39,42,47,54,56,58,59,60,66,77,84,86,87,88,90 "6";
7 37 1 0,1,3,5,7,8,12,21,23,33,35,37,40,45,47,50,51,52,55,57,58,59,62,64,66,67,70,71,75,76,81,89 "7";
8 68 0 2,13,16,19,20,33,34,40,51,53,55,57,60,64,66,67,68,69,72,74,78,80,86,88,90 "8";
9 36 1 0,1,4,10,14,22,26,27,28,30,32,35,37,38,39,41,42,45,46,48,49,51,52,53,56,57,62,65,67,70,73,77,80,82,87,88 "9";
10 3 1 1,2,3,6,11,15,17,18,21,22,24,25,27,28,29,31,32,33,34,36,39,41,42,45,47,49,50,52,54,59,62,64,66,69,70,73,77,78,79,80,84,86,88,90 "10";
11 24 0 0,1,2,5,7,8,11,12,14,15,16,18,20,22,24,25,27,28,32,34,36,38,39,41,45,48,50,55,57,59,61,63,66,67,68,74,75,76,79,80,81,83,86,87,88,89 "11";
12 0 1 1,12,14,21,23,24,32,37,40,47,52,53,56,60,62,63,66,69,73,75,80,84,88 "12";
13 86 0 0,2,3,4,8,9,11,13,15,18,23,24,26,27,31,32,35,36,39,40,42,49,51,53,57,60,62,67,71,72,75,76,77,81,84,87,89 "13";
14 51 0 11,19,31,36,48,49,57,58,64,68,71,79,83 "14";
15 28 1 16,31,32,34,46,50,53,55,68 "15";
16 76 0 0,12,18,20,21,38,39,47,50,55,62,64,71,76,83,88,90 "16";
17 74 1 5,88 "17";
18 75 0 3,4,6,8,9,10,11,14,16,19,21,24,27,29,35,40,43,45,46,49,57,59,62,64,65,71,74,76,77,79,81,82,84,88,89,90 "18";
19 26 0 9,12,16,17,18,24,26,32,54,62,65,75,83,84 "19";
20 65 0 29,45,57,68 "20";
21 44 1 13,15,22,24,31,32,35,39,47,52,56,58,61,64,69,77,79,82,85 "21";
22 34 0 0,4,10,20,28,30,33,43,54,65,67,71,72,77,78,80,85,86 "22";
23 37 1 4,7,9,11,12,13,15,17,19,24,26,27,28,29,31,32,34,36,38,39,40,44,46,49,53,57,60,62,63,65,67,69,74,76,80,82,85,86,88,89 "23";
24 71 1 3,14,23,32,68 "24";
25 31 0 18,27,47,62,67 "25";
26 90 0 2,8,20,28,38,44,48,51,56,75,79,84 "26";
27 62 1 5,9,11,15,16,20,23,25,28,30,32,34,41,42,48,50,52,53,55,57,58,60,62,67,72,74,75,78,81,82,85,86,88,89 "27";
28 7 1 3,5,10,12,13,16,20,21,23,25,28,30,33,35,40,42,43,45,48,49,50,53,54,57,59,61,64,68,71,76,77,80,82,84,87,90 "28";
29 35 1 0,9,13,14,18,19,20,23,25,28,30,31,33,36,38,39,41,43,45,46,54,58,60,63,65,66,71,74,75,79,81,85,86,89 "29";
30 20 1 0,3,4,7,9,11,12,13,15,16,21,23,29,32,34,36,40,45,47,49,50,52,53,56,57,59,62,63,64,67,69,71,72,76,77,81,83,84,86,88,89 "30";
31 15 1 2,3,4,7,8,9,11,16,18,19,20,22,23,25,26,28,30,36,39,42,43,45,47,48,50,53,54,55,59,60,67,68,70,73,75,78,82,84,87,90 "31";
32 8 1 55 "32";
33 2 0 1,2,3,8,12,13,14,19,20,21,23,25,26,28,29,31,32,35,37,38,42,44,47,48,49,51,52,54,55,57,61,62,66,68,70,71,73,74,77,78,83,85,86,87,89,90 "33";
34 8 1 0,2,4,6,10,14,16,18,20,21,22,25,27,31,32,34,36,38,40,42,43,44,46,49,53,56,57,58,59,61,62,64,65,66,69,70,71,73,77,78,79,81,83,86,89,90 "34";
35 39 1 0,2,3,6,7,8,10,15,18,21,22,28,32,38,42,44,48,49,50,53,67,71,75,83,87,90 "35";
36 35 1 1,3,13,15,18,22,24,27,29,36,39,48,52,54,57,63,65,71,74,77,79,85 "36";
37 15 1 4,6,7,10,14,16,27,31,32,35,38,41,44,48,52,58,60,65,66,67,69,72,74,77,81,83,86,87 "37";
38 53 1 11,15,18,23,33,37,38,46,51,76,86 "38";
39 18 1 0,1,6,8,10,11,13,15,16,19,21,23,26,28,30,31,33,36,37,39,42,48,53,55,57,59,61,62,67,75,77,79,81,85,87,89,90 "39";
40 18 0 34,36,39,43,46,48,65,78,84 "40";
41 24 0 2,18,63,75,81 "41";
42 34 0 1,7,13,15,18,24,33,35,38,40,42,46,49,51,55,60,64,73,75,77,80,82,84,88,90 "42";
43 4 1 4,12,27,37,46,51,58,63,64,78,81,88 "43";
44 24 0 1,15,18,22,25,27,29,33,35,37,38,42,44,47,51,55,62,63,69,72,78,79,82,84,85,89 "44";
45 62 1 1,2,3,5,9,11,18,19,22,24,26,28,30,32,34,38,40,42,44,46,49,50,51,58,59,61,62,65,66,72,74,76,77,79,81,86,88 "45";
46 69 1 8,9,11,12,22,25,28,30,32,35,41,42,47,49,51,53,57,58,63,65,68,72,74,77,79,81,83 "46";
47 70 1 0,4,6,7,9,10,13,14,17,18,25,28,31,34,35,36,39,41,46,49,50,52,53,55,58,59,63,64,68,69,72,75,83,86,88,89 "47";
48 87 1 2,12,24,27,32,34,35,53,57 "48";
49 50 0 5,9,16,17,21,27,28,37,40,42,44,51,54,59,61,64,67,68,73,75,76,79,81,85,86,89,90 "49";
50 78 1 0,9,16,21,23,34,35,53,54,62,72,74,85,86,88 "50";
51 0 0 19,21,29,42,53,77,88 "51";
52 26 1 22,34,46,66,69,89 "52";
53 17 1 4,14,17,19,20,23,30,44,46,62,63,64,66,70,73,75,76,79,84,88,89 "53";
54 78 1 0,6,8,12,14,19,25,27,30,31,33,38,41,43,44,49,52,59,64,70,75,77,80,85,88 "54";
55 46 1 5,6,8,11,14,16,25,27,28,36,41,43,46,48,49,52,54,57,60,61,62,66,69,73,81,84 "55";
56 85 1 1,6,7,9,23,25,26,30,37,38,46,49,53,55,64,69,74,77,78,81,83,86,87,89,90 "56";
57 10 0 7,18,21,31,66,68,80 "57";
58 9 0 1,3,5,10,12,14,19,21,25,26,28,32,40,41,43,46,47,52,55,56,62,64,65,66,70,72,77,78,82,85,89 "58";
59 35 0 6,19,20,33,37,40,45,50,63,81 "59";
60 21 0 4,16,18,25,45,52,58,62,69,84 "60";
61 73 1 1,3,4,6,9,11,13,18,21,22,24,26,27,29,34,39,42,45,48,50,51,52,57,60,61,66,68,70,71,74,81,83,85,87,89 "61";
62 10 1 1,4,11,12,14,30,32,46,58,68,75,80 "62";
63 89 1 0,9,13,16,18,28,31,32,38,40,44,46,55,63,75,78,81,87 "63";
64 33 0 4,17,20,22,24,25,27,34,42,48,50,53,54,55,62,67,69,73,77,79,81,88 "64";
65 83 1 8,11,13,15,18,19,31,35,37,40,47,57,58,71,80,86,89 "65";
66 66 1 0,3,6,10,12,14,17,18,19,24,26,28,29,31,32,34,35,37,38,44,45,48,50,51,53,54,56,59,60,66,67,69,72,77,79,81,82,84,87,89 "66";
67 79 1 14,25,29,34,41,47,49,52,55,62,64,67,70,75,77,78,80,82,85,88 "67";
68 46 1 1,11,14,18,19,20,28,30,42,49,58,60,77,87,90 "68";
69 17 0 6,9,18,25,34,40,55,57,75,77,83 "69";
70 37 1 0,1,2,6,8,9,13,18,19,20,21,29,33,38,43,47,50,60,63,66,70,74,75,80,82,87,90 "70";
71 69 1 0,4,8,12,13,16,19,24,25,27,32,33,35,38,40,41,42,48,49,54,56,61,63,71,72,74,75,77,80,81,89 "71";
72 39 1 66,68,79 "72";
73 39 1 1,4,8,9,11,13,17,20,23,24,25,26,31,32,34,36,37,41,43,47,50,51,52,53,55,57,60,62,63,66,68,70,71,73,75,77,78,80,81,83,84,88,89,90 "73";
74 11 0 3,7,9,17,20,21,26,29,30,32,37,39,42,46,49,51,53,60,63,65,72,75,78,84,86,87,90 "74";
75 68 1 0,1,4,8,9,11,13,17,18,19,21,26,28,32,34,36,39,41,44,45,47,48,49,52,55,58,61,65,67,69,71,73,75,77,79,80,82,84,86,88,90 "75";
76 29 1 0,1,4,6,9,11,13,18,21,22,24,27,28,29,30,34,36,38,42,44,45,51,53,54,56,60,61,63,68,70,72,75,79,80,84,85,87,89,90 "76";
77 19 1 6,11,14,18,41,48,53,73,85 "77";
78 23 0 0,1,5,7,14,19,22,24,25,27,30,33,36,40,45,51,55,57,59,61,62,67,68,72,75,79,81,82,86,87,90 "78";
79 64 1 16,42,45,52,55,82,89 "79";
80 53 0 0,2,4,5,7,10,12,13,17,20,21,26,28,29,31,32,35,37,39,40,41,42,44,45,46,48,51,53,55,58,62,65,67,68,71,73,74,77,79,80,84,87,88,89 "80";
81 29 0 1,3,9,17,19,22,24,25,29,34,37,39,40,44,46,47,52,55,63,64,66,68,75,76,77,78,81,85,87,90 "81";
82 25 1 6,9,12,21,30,38,67,74 "82";
83 9 0 0,24,39,45,54,86 "83";
84 12 1 0,3,5,6,8,11,15,18,21,28,34,37,40,42,48,51,53,54,57,61,68,69,71,79,84,87,89 "84";
85 89 1 22,29,56 "85";
86 22 1 1,2,3,5,7,8,10,11,13,16,19,21,24,26,29,31,32,33,37,38,41,43,51,53,54,57,58,60,62,66,72,76,79,81,83,84,86,88,89 "86";
87 15 1 3,65,79 "87";
88 82 1 1,3,5,7,8,9,11,12,13,16,18,19,22,23,24,26,28,32,34,36,39,42,43,46,49,50,53,56,59,60,62,63,64,67,69,72,73,77,78,82,84,85,89,90 "88";
89 55 1 2,6,9,14,23,31,39,40,52,63,65,72,79,85,88,89 "89";
90 16 1 3,18,21,27,29,32,34,38,47,50,55,66,73,86 "90";
