parity 24;
0 15 0 5 "0";
1 17 0 0,4,6,9,11,13,15,18,19,22 "1";
2 9 0 2,3,6,7,8,12,13,15,16,18,20,24 "2";
3 22 1 0,1,6,8,9,18,22,24 "3";
4 19 0 4,5,6,8,12,14,16,19,21,23 "4";
5 10 0 5,12,21,24 "5";
6 9 1 0,1,3,6,9,13,21,22,24 "6";
7 19 0 1,2,5,10,11,12,14,15,18,24 "7";
8 15 1 5,10,14,17,18 "8";
9 8 1 0,2,3,5,7,12,15,16,21,22,24 "9";
10 21 1 0,10,13,16 "10";
11 19 0 6,10,19 "11";
12 6 1 5,9,23 "12";
13 14 0 9 "13";
14 1 1 0,5,7,8,10,17 "14";
15 12 1 5,9,23 "15";
16 10 0 7 "16";
17 14 1 11 "17";
18 18 1 3,6,12,15,19 "18";
19 12 0 1,3,4,6,7,8,10,12,16,19,22,24 "19";
20 11 0 5,17,24 "20";
21 24 0 5,7,8,12,15,18,19,22,23 "21";
22 25 0 0,1,9,11,12,14,17,20,23,24 "22";
23 9 0 3,5,12,18,21,23 "23";
24 15 1 3,7,9,11,21,24 "24";
