parity 175;
0 50 1 0,1,3,6,9,10,12,15,16,18,19,21,23,25,27,30,32,41,44,46,48,51,53,58,60,66,67,70,72,74,77,78,79,80,82,84,86,87,89,91,93,96,100,102,104,107,109,114,116,121,122,123,125,127,128,129,130,134,137,140,142,143,145,147,150,151,153,154,156,158,161,163,169,170,172,174,175 "0";
1 120 1 0,7,10,12,13,17,20,22,24,28,29,32,33,37,46,49,51,55,57,59,60,69,73,76,77,78,80,81,83,85,87,92,94,95,96,98,102,108,113,117,123,126,128,132,135,137,144,149,151,156,159,163,167,169,170,171,173,175 "1";
2 113 0 0,7,10,15,21,23,26,32,33,37,41,42,48,51,54,60,63,65,69,77,83,92,94,98,100,114,126,128,132,150,158,163,173,175 "2";
3 126 0 1,5,10,16,18,23,24,28,31,33,35,36,38,40,42,49,53,55,59,70,75,78,79,85,87,89,91,97,99,101,102,104,114,116,120,129,130,136,137,140,141,143,149,151,154,160,162,169,170,171,174 "3";
4 47 1 0,28,34,39,56,59,79,104,128,144,152 "4";
5 88 0 3,7,14,19,21,30,36,54,58,66,75,77,82,83,85,92,99,102,113,130,138,143,147,165,171 "5";
6 159 1 0,3,5,7,8,9,14,16,19,22,25,27,29,35,36,38,40,41,43,45,48,49,51,52,54,55,56,58,61,64,65,68,71,72,73,76,77,78,81,85,86,88,93,95,96,98,101,102,105,107,109,112,113,115,120,122,123,126,127,129,132,135,138,140,141,143,145,150,152,153,156,157,161,163,164,165,167,169,170,172,174 "6";
7 119 0 0,1,2,4,5,9,10,14,16,18,21,22,24,26,27,32,35,37,39,40,41,46,47,50,51,54,56,58,59,66,69,71,76,82,84,90,93,96,97,100,103,105,107,108,110,115,116,117,119,121,122,126,127,129,131,134,137,139,142,144,145,149,154,158,159,161,163,165,168,171,172,174 "7";
8 165 0 13,17,25,27,34,36,38,41,48,51,53,65,68,70,71,73,90,93,99,109,113,114,119,122,125,135,137,142,144,150,153,155,163,167 "8";
9 96 1 1,4,5,6,7,9,11,13,14,15,18,20,21,23,24,25,27,28,30,31,33,36,41,42,46,48,51,53,55,56,59,61,65,68,70,72,73,75,76,79,80,82,83,86,88,90,93,95,96,98,100,105,107,112,114,116,118,119,121,122,123,127,129,131,132,134,140,141,143,144,147,148,149,150,152,154,155,157,159,161,164,168,169,171,174 "9";
10 90 0 0,3,6,10,13,15,19,22,25,27,30,37,44,45,56,59,60,65,73,74,75,79,82,84,85,91,92,94,98,100,101,102,104,105,107,110,112,117,121,122,126,127,130,131,133,134,138,143,146,154,156,158,160,165,167,171,174,175 "10";
11 141 0 3,7,9,14,19,37,46,47,49,51,54,58,62,65,90,92,112,115,123,126,135,143,147,149,162,168,172 "11";
12 39 0 1,3,4,7,9,10,13,15,17,19,20,24,25,27,31,32,34,35,37,38,41,42,43,46,48,50,51,58,59,62,64,65,71,72,73,75,79,81,82,83,85,87,90,92,93,96,99,100,104,107,111,113,116,119,120,125,127,129,133,135,138,144,146,147,149,151,153,154,157,159,161,164,167,169,171 "12";
13 165 0 0,5,18,23,33,56,59,65,104,119,128,144,157,165,173 "13";
14 8 0 0,5,6,14,16,22,24,28,32,35,39,45,47,49,51,53,60,62,64,69,71,74,87,89,92,97,102,104,112,114,118,119,122,129,132,133,137,138,140,141,144,147,154,156,158,162,163,165,169,171,175 "14";
15 128 1 0,1,3,6,7,10,13,14,15,19,20,22,26,29,31,32,33,37,44,46,47,52,54,56,58,60,62,65,66,68,70,72,74,76,79,83,85,89,91,94,95,97,102,107,111,113,116,119,121,125,127,133,135,136,142,143,145,151,154,156,158,160,166,170,173,174 "15";
16 68 1 1,2,3,4,6,7,17,19,27,29,34,36,42,43,49,51,54,56,57,60,64,69,71,76,77,84,86,94,96,100,103,105,108,109,111,112,117,120,121,122,125,128,131,137,140,142,144,147,149,154,156,158,160,162,167,170,172,175 "16";
17 63 0 12,13,17,20,42,43,44,45,50,53,55,61,66,82,86,88,90,92,103,106,109,112,115,121,125,126,132,136,145,146,148,150,156,159,166,171,173,175 "17";
18 1 0 115,145,158 "18";
19 49 0 0,1,3,6,8,10,14,16,17,19,20,27,28,30,32,38,41,43,44,46,48,51,55,59,62,64,67,68,71,73,82,83,85,87,89,90,93,95,98,99,100,102,103,104,106,108,112,114,118,120,122,123,126,127,132,134,135,136,139,141,142,143,145,146,150,151,154,158,160,166,169,175 "19";
20 23 0 0,1,2,3,5,6,14,17,19,22,24,26,27,29,30,32,33,34,36,39,41,43,47,50,51,53,54,57,58,63,64,65,68,70,72,73,75,79,80,83,84,85,87,90,91,92,94,95,96,98,102,105,106,108,110,111,113,115,116,119,124,125,129,130,134,136,138,141,142,145,150,152,153,154,159,161,163,164,167,170,173,174,175 "20";
21 85 1 1,2,6,9,12,15,16,18,21,23,29,30,31,36,37,49,54,57,60,61,63,71,78,89,95,99,107,109,110,117,122,124,128,131,134,138,139,140,151,155,159,165,169,171,173,175 "21";
22 3 0 3,6,10,16,22,24,26,28,30,31,35,40,42,52,56,58,70,71,78,97,99,104,121,136,137,140,142,144,151,152,154,157,162,166,167 "22";
23 38 0 46,64,75,76,118,130,150,162,169 "23";
24 135 1 1,3,11,13,32,41,49,51,54,57,61,64,65,69,78,93,98,106,113,117,118,120,122,124,128,131,136,142,147,154,156,157,168,170 "24";
25 160 1 0,2,14,17,20,23,28,30,37,38,40,42,52,58,65,69,72,74,75,78,82,85,88,90,94,104,107,109,111,118,119,122,124,127,138,140,143,148,149,157,158,164,166,171,174 "25";
26 53 1 3,7,14,18,22,24,26,27,29,32,36,45,49,50,52,55,57,58,66,68,72,77,80,85,92,93,94,98,101,108,110,113,114,116,119,123,124,129,131,132,134,142,151,153,155,161,162,168,173 "26";
27 29 0 1,3,8,10,13,14,17,19,22,26,29,30,32,35,36,38,40,42,44,46,53,55,56,58,59,61,65,66,67,68,71,75,82,83,87,90,92,93,96,98,101,104,106,110,112,113,116,118,119,120,122,124,126,127,129,130,137,139,145,146,148,151,153,158,165,169,171,174,175 "27";
28 64 0 8,14,15,18,25,27,38,42,55,61,68,74,81,85,93,95,98,115,118,122,125,127,130,131,133,137,140,166,170,171,175 "28";
29 25 1 2,7,9,12,14,18,20,21,24,28,31,35,37,40,46,49,54,58,60,63,65,71,73,76,78,88,90,94,96,99,100,101,104,106,108,110,112,113,117,118,123,127,132,139,141,144,148,150,153,155,158,160,163,169,171,172 "29";
30 167 1 4,12,17,25,30,31,45,49,57,60,64,68,78,94,103,104,121,135,136,160,170,175 "30";
31 159 0 0,3,8,10,13,19,21,26,28,32,35,42,47,53,56,81,83,96,97,99,102,110,122,123,138,167,172 "31";
32 74 1 0,2,3,5,6,9,11,12,14,17,18,20,21,22,24,27,29,30,32,36,38,40,43,47,48,50,51,52,54,56,59,64,66,67,68,71,73,77,78,80,81,82,84,86,90,93,95,96,98,100,102,104,107,110,112,116,118,119,121,123,126,128,131,132,133,134,135,139,140,142,144,150,156,158,163,165,169,173,175 "32";
33 45 1 18,30,43,69,79,85,90,95,107,112,119,128,160,162,167,170,175 "33";
34 58 1 6,7,11,13,15,20,22,23,24,33,35,46,49,51,59,60,62,66,69,80,82,84,86,88,90,93,96,99,102,103,106,110,121,128,129,136,141,148,153,158,160,166,169,172,173 "34";
35 66 0 4,12,15,21,26,27,28,36,37,54,55,57,63,67,74,95,98,100,109,114,116,120,131,133,135,141,150,161,167,172,174 "35";
36 96 0 0,6,11,14,19,20,37,38,54,57,60,64,73,74,83,89,95,98,100,103,104,116,120,122,125,127,129,131,136,139,141,157,160,162 "36";
37 61 0 0,1,5,7,9,11,12,15,18,21,22,23,25,27,29,31,33,36,37,41,42,43,45,46,49,51,56,58,59,63,65,66,69,72,73,81,83,84,85,89,90,92,95,97,100,101,106,110,113,115,116,118,119,123,124,125,127,132,137,138,140,143,145,148,150,154,155,161,162,165,166,168,169,171,172 "37";
38 167 1 9,14,23,31,32,48,63,66,78,95,98,105,114,115,123,125,127,131,133,134,140,147,149,151,154,164,166,169,174 "38";
39 142 0 0,5,6,9,11,16,17,20,22,24,27,28,30,35,39,41,42,44,47,54,55,59,61,62,70,72,73,76,77,78,79,80,84,85,88,90,91,93,97,100,104,106,107,108,111,115,120,123,127,129,130,134,139,142,144,146,147,152,158,161,162,166,168,170,171,172,173 "39";
40 9 1 1,4,6,16,21,24,29,33,34,36,38,41,43,46,49,51,55,58,63,65,66,69,74,75,76,80,82,85,86,92,93,95,96,100,105,111,114,115,117,120,126,128,130,133,136,140,142,144,145,147,151,156,158,160,162,168,170,172 "40";
41 166 1 2,9,12,19,23,38,51,66,73,75,80,83,84,97,98,102,107,112,123,124,130,139,144,150,153,174 "41";
42 160 0 2,10,15,20,26,30,36,38,46,51,52,55,56,58,63,66,68,76,79,81,82,84,89,90,95,97,105,107,108,113,114,118,120,123,135,136,139,145,148,151,153,154,162,168,169,172,173,175 "42";
43 41 1 3,5,6,7,8,10,12,13,15,16,17,18,22,26,29,31,34,35,37,38,40,42,43,47,49,51,54,55,59,60,62,65,68,70,74,75,79,81,83,85,86,88,89,91,98,100,105,106,107,109,111,114,120,123,125,126,128,130,136,137,139,141,143,148,150,153,156,158,159,161,165,167,169,170,174 "43";
44 171 1 4,67,92,110,121,136 "44";
45 141 1 86,104,107 "45";
46 28 1 23,159,175 "46";
47 171 1 0,5,7,8,11,13,17,18,20,23,26,28,31,33,35,38,40,48,50,53,55,56,59,62,64,69,70,72,74,77,79,81,83,85,88,90,93,95,99,101,103,106,107,108,112,114,115,120,123,129,131,134,136,139,143,144,145,149,151,157,165,170,172,174 "47";
48 64 0 0,2,4,6,9,14,21,27,29,31,36,39,51,55,62,64,68,73,78,83,85,90,91,94,99,104,106,107,119,120,127,132,136,137,151,152,155,156,162,163,168,170,174 "48";
49 159 0 3,11,22,36,42,47,72,87,90,92,99,103,129,145,167,175 "49";
50 13 1 1,6,13,17,21,22,23,45,46,47,58,74,76,81,83,85,88,90,94,95,114,116,123,128,129,131,134,136,140,142,147,151,154,165,169,174 "50";
51 110 1 4,11,12,15,16,19,22,24,26,27,33,35,38,43,46,48,54,57,60,62,67,71,77,79,84,88,89,91,93,94,98,100,103,105,109,117,120,121,126,127,128,130,133,139,142,150,152,159,167,171,173,175 "51";
52 18 0 46,48,67,82,107,137,146,163,170 "52";
53 15 0 35,46,72,115,133,143,149,159 "53";
54 164 1 0,2,4,8,10,15,19,21,26,28,36,46,58,60,65,68,73,75,89,92,96,98,100,102,108,111,114,116,119,123,127,137,139,143,153,158,161 "54";
55 76 1 5,12,18,22,26,31,37,39,49,51,69,75,92,94,124,130,142,170 "55";
56 160 1 0,3,5,9,10,13,15,16,22,24,30,32,38,42,45,47,52,54,56,60,64,71,82,83,91,96,100,119,129,130,134,141,144,149,151,152,154,156,164,169,173,175 "56";
57 60 1 0,4,7,9,11,13,14,16,18,20,22,23,24,26,27,30,31,33,35,37,39,41,43,47,48,49,51,52,55,57,60,64,67,68,70,72,73,75,76,77,80,81,82,86,87,94,96,97,99,100,101,104,105,106,107,108,109,111,113,115,118,120,123,124,128,129,130,134,136,137,138,140,141,143,145,147,149,152,153,155,158,162,163,165,168,169,172 "57";
58 32 0 1,2,3,6,8,11,12,15,16,17,18,25,28,34,36,39,41,42,45,46,49,51,53,55,56,57,59,61,66,71,75,77,79,81,83,86,88,91,93,95,97,98,100,101,103,107,110,112,114,116,117,121,124,127,130,131,132,137,138,140,141,144,148,151,153,154,160,161,163,166,170,174 "58";
59 164 1 1,2,9,10,12,16,20,26,28,30,31,33,34,39,40,47,50,61,64,66,68,69,71,73,76,82,89,90,100,102,105,106,108,109,114,122,123,132,135,137,139,141,143,147,151,152,153,155,158,160,163,164,166,171,172,174 "59";
60 56 0 6,12,15,17,25,29,32,36,42,65,76,83,92,106,114,128,131,140,146,158,159,163 "60";
61 53 0 0,1,4,5,9,11,13,15,18,21,23,24,27,32,33,35,38,41,48,54,60,61,63,64,67,69,70,74,77,78,81,83,86,87,88,91,92,93,95,96,97,99,101,110,112,113,115,118,120,125,127,129,130,132,135,136,141,143,145,146,148,151,154,155,159,160,162,163,165,168,171,173,174,175 "61";
62 43 1 1,2,10,25,41,52,68,89,95,136,139,148,164,169,174 "62";
63 0 0 2,6,8,10,15,16,18,19,20,22,26,33,36,47,51,55,56,59,60,62,69,71,73,84,85,88,90,92,97,98,108,111,115,117,118,121,124,128,134,135,143,145,151,154,161,169,171,174 "63";
64 70 1 4,9,11,12,17,24,26,29,32,34,36,37,39,47,50,52,55,58,60,63,67,70,71,72,77,78,81,85,87,92,94,95,97,101,102,106,110,113,117,118,131,135,136,140,144,146,148,149,152,160,162,163,169,170,173,175 "64";
65 126 0 9,19,28,33,67,90,93,109,113,124,127,140,145,149,153,174 "65";
66 81 0 2,5,13,37,47,49,58,64,71,73,75,80,84,86,98,104,108,112,120,123,135,144,160,172,174 "66";
67 111 0 11,14,19,39,43,53,54,61,65,80,83,87,92,98,110,112,122,127,130,159,160,165 "67";
68 99 1 3,7,10,18,21,27,32,35,37,43,45,50,53,70,72,76,85,92,93,96,100,101,105,109,114,117,121,123,125,126,129,133,135,142,150,156,161,165,166,169,171,174,175 "68";
69 64 0 12,14,28,35,40,44,57,60,81,96,114,120,123,161 "69";
70 93 1 1,4,7,9,17,19,26,32,34,37,41,44,46,48,54,55,57,59,61,64,70,72,75,77,84,87,91,94,97,98,100,103,105,107,110,111,115,120,123,126,128,130,131,133,136,137,139,142,143,145,147,152,155,158,159,161,164,168,171,173 "70";
71 85 1 75,80,104,149,162,172 "71";
72 89 0 1,9,14,25,29,33,43,48,51,53,57,63,65,67,77,89,93,101,109,110,114,118,130,137,141,145,159,160,171 "72";
73 68 0 7,16,21,24,28,36,38,40,47,51,62,64,68,73,80,95,103,105,107,116,120,122,127,128,132,135,141,147,150,151,152,155,156,161,163,174 "73";
74 48 1 1,4,8,13,15,17,29,40,46,60,61,78,86,93,101,111,113,117,137,157,166 "74";
75 101 1 0,11,13,17,19,23,26,30,33,38,44,47,50,53,55,57,58,61,62,63,66,68,74,76,80,82,86,88,93,100,101,104,106,108,112,113,114,120,122,126,129,131,132,134,136,147,152,153,157,159,161,163,168,171,175 "75";
76 166 0 0,2,5,6,8,9,10,14,16,17,19,20,21,23,24,25,27,28,30,31,33,34,35,37,38,40,42,43,45,52,54,57,60,62,64,66,68,78,81,82,84,85,86,87,90,92,93,94,96,99,100,105,108,109,113,115,121,124,125,129,131,135,139,141,144,146,149,150,152,153,156,159,161,163,164,166,167,168,169,171,173,175 "76";
77 148 1 2,5,8,12,14,15,17,19,23,25,27,29,31,35,37,40,43,44,45,46,47,49,50,53,56,57,61,65,67,70,73,77,79,80,84,89,90,94,96,99,105,107,108,111,113,116,119,120,121,125,126,128,131,132,134,137,140,141,143,144,146,149,152,154,155,158,160,162,163,164,168,169,171,172,173 "77";
78 135 0 12,22,34,73,81,94,100,104,108,109,111,118,141,148,151,175 "78";
79 0 0 5,7,11,22,37,39,51,52,70,85,91,97,113,115,117,138,146,158,168,170 "79";
80 151 1 0,4,10,15,19,21,36,47,61,75,78,80,91,96,103,121,125,130,145,147,152,159,162,164,165,169 "80";
81 134 1 8,13,16,18,19,22,25,30,32,34,39,40,42,45,46,58,60,63,65,66,69,74,76,78,80,81,82,83,85,87,89,91,92,98,101,108,112,115,116,120,121,133,134,136,137,139,141,146,150,153,162,164,170,172,174 "81";
82 123 0 17,23,33,39,41,63,68,72,95,100,101,105,116,123,133,137,138,151,174,175 "82";
83 74 1 1,6,8,12,15,22,24,25,28,35,38,43,50,63,70,71,72,73,74,80,84,88,93,96,98,106,109,110,115,122,125,129,141,148,150,151,153,154,157,159,167,175 "83";
84 106 1 4,14,21,23,29,31,34,38,39,41,44,46,49,50,52,57,58,60,68,70,73,76,77,80,81,83,85,88,90,93,98,100,101,102,104,108,110,111,112,115,117,118,128,129,133,135,137,143,146,150,154,158,161,168,169,172,173 "84";
85 83 1 1,7,15,16,18,30,37,39,45,47,50,52,55,57,61,63,65,66,69,74,79,89,92,93,95,99,102,116,119,128,129,131,132,133,138,141,144,147,149,153,157,159,160,164,166,170 "85";
86 126 1 0,3,7,9,12,14,15,16,17,20,24,26,28,29,31,37,38,40,41,45,48,49,53,54,56,58,60,62,63,64,65,67,69,70,72,77,79,81,84,86,88,89,91,92,94,96,102,106,107,110,112,116,120,121,123,124,126,127,129,130,131,134,135,137,138,141,143,147,149,154,157,161,162,163,165,167,169,171,172,174 "86";
87 127 0 0,2,4,7,10,11,12,14,17,19,21,23,29,32,35,39,41,42,46,48,51,54,56,58,60,62,66,67,69,73,74,75,76,77,79,80,81,85,86,91,92,94,95,97,100,102,104,106,108,109,111,114,115,117,119,120,122,124,127,129,131,133,135,138,140,145,147,150,151,153,156,157,158,160,162,164,172,175 "87";
88 121 0 4,31,55,86,118,130 "88";
89 103 1 31,70,88,120,167,175 "89";
90 75 0 0,1,5,6,8,10,12,13,19,25,31,33,35,36,39,40,41,44,46,48,53,58,61,66,68,71,72,73,76,79,93,95,98,103,104,105,109,111,112,116,118,120,122,124,128,133,136,140,143,145,151,154,155,161,163,168,175 "90";
91 157 0 48,50,54,62,66,78,81,82,102,108,110,112,115,128,144 "91";
92 2 0 0,4,9,11,13,17,20,23,24,26,29,31,32,33,36,38,40,41,43,45,47,48,50,52,54,57,60,65,68,69,70,72,74,75,78,84,86,89,93,94,95,97,99,105,106,108,111,112,117,123,126,130,132,134,136,140,141,147,154,156,160,166,173,174 "92";
93 92 0 0,2,5,6,9,11,12,16,18,19,22,23,25,26,29,30,32,34,35,38,40,43,46,47,49,50,52,58,59,65,68,70,71,74,75,76,78,80,82,84,85,89,91,93,95,97,100,104,105,108,111,113,118,120,122,124,125,128,129,130,134,136,137,140,142,143,145,151,152,156,158,160,165,169,170,171,173,174 "93";
94 35 1 2,3,4,8,9,11,14,15,17,19,24,28,31,41,47,49,54,57,58,60,70,73,78,80,82,85,87,89,91,97,98,100,102,114,116,117,123,130,136,141,146,147,148,149,151,153,155,162,164,170,174 "94";
95 119 1 0,3,5,8,10,15,17,18,21,23,25,39,46,52,54,57,65,68,71,73,81,82,92,94,101,102,110,119,124,131,133,137,153,160,164,175 "95";
96 5 1 7,9,12,15,25,35,40,45,46,47,48,53,56,62,63,74,75,87,89,97,105,108,111,114,115,123,133,134,140,146,153,156,157,161,169 "96";
97 95 1 0,2,3,7,9,12,19,22,23,27,29,30,32,34,36,39,42,51,52,54,59,60,64,65,69,71,74,75,77,80,83,84,87,89,99,103,108,110,112,115,117,119,120,122,126,131,138,139,141,143,146,148,150,153,155,158,159,163,165,169,172,174,175 "97";
98 40 0 0,3,7,10,17,21,23,28,38,40,50,56,71,82,85,92,94,99,105,106,110,112,117,125,134,138,140,145,147,152,156,159,163,175 "98";
99 66 0 2,5,6,13,22,24,26,29,31,34,36,37,40,44,49,51,53,55,59,61,62,64,65,68,71,72,74,77,80,83,85,90,104,106,108,111,118,120,126,130,131,133,137,139,140,143,146,148,150,156,161,162,165,166,168,170 "99";
100 91 0 0,2,10,20,21,23,24,26,37,38,48,49,63,70,73,94,100,111,175 "100";
101 157 1 0,7,18,20,24,29,32,37,43,47,51,53,54,58,69,73,77,79,81,84,86,89,93,102,103,105,113,115,118,121,122,124,131,132,134,139,146,150,151,152,154,161,163,169,171,175 "101";
102 26 1 5,6,9,16,25,32,35,41,46,48,53,55,58,62,68,76,77,82,86,95,98,99,102,104,114,119,122,125,126,131,136,147,149,153,168,171,175 "102";
103 135 0 23,26,34,39,81 "103";
104 79 1 2,4,6,9,11,12,15,17,18,20,23,37,39,41,43,44,48,52,55,58,60,63,67,69,71,77,81,86,88,92,93,96,102,105,107,109,112,114,116,118,124,126,127,128,138,140,141,149,150,155,156,160,161,163,169,173 "104";
105 7 1 3,5,11,18,22,24,26,27,29,30,31,33,36,41,46,48,50,52,54,56,57,67,75,77,79,80,86,87,91,93,97,103,114,120,125,128,133,145,151,153,155,156,161,169,170,171,173 "105";
106 122 1 16,27,48,64,101,102,107,111,113,120,122,155,175 "106";
107 95 0 0,3,4,8,13,16,18,20,22,24,25,30,32,34,38,39,43,47,49,52,55,57,59,61,62,64,66,70,71,74,75,76,78,84,86,88,91,94,95,96,101,102,103,105,106,109,111,114,116,118,119,122,124,126,127,128,130,131,134,136,137,140,142,144,147,148,152,153,155,157,158,160,161,165,166,169,175 "107";
108 30 1 0,2,4,7,10,11,13,15,19,21,25,29,33,35,37,39,41,42,48,50,64,68,72,74,77,78,82,86,89,91,93,97,100,102,106,109,119,122,123,126,128,130,131,132,136,137,139,141,145,150,152,155,157,159,161,169,171,172,175 "108";
109 119 0 0,2,4,5,8,13,18,21,26,29,31,32,33,34,37,45,48,50,51,58,60,61,63,64,68,72,74,76,80,82,86,87,94,95,102,103,104,106,108,112,114,116,120,121,124,128,130,133,135,137,139,140,143,145,146,147,149,152,154,156,158,161,162,165,167,169,173,175 "109";
110 73 0 1,3,12,13,15,22,24,26,27,29,30,32,34,35,37,39,42,44,45,47,48,50,52,56,58,60,64,67,69,71,73,75,78,80,82,84,86,88,89,90,93,95,96,99,100,101,103,104,107,108,110,113,116,118,119,120,122,125,127,129,130,131,133,134,137,139,141,145,146,147,149,151,158,162,164,165,168,169,170,173,175 "110";
111 23 0 4,22,27,34,41,45,58,61,62,65,66,70,73,76,80,92,99,107,118,123,133,140,147,149,158,160,166,173 "111";
112 71 1 0,2,8,11,13,14,16,18,23,24,25,30,35,36,41,45,46,48,49,51,52,55,58,62,63,65,69,72,80,82,83,84,86,91,96,97,99,104,106,110,111,121,123,127,134,135,137,138,139,148,149,151,154,158,162,166,174 "112";
113 92 1 13,29,70,71,91,100,148,153,160 "113";
114 67 0 1,14,18,35,76,91,131,135,139,147,149 "114";
115 85 0 0,1,2,5,6,8,11,12,14,16,17,19,22,25,27,28,31,32,34,35,38,41,42,43,45,47,51,52,54,55,57,60,62,63,64,66,69,71,72,73,74,76,77,78,82,83,86,87,88,89,93,97,99,101,107,109,111,113,116,119,120,122,124,125,129,130,132,136,139,140,141,146,148,151,152,153,155,157,159,160,161,163,167,169,171,172,174,175 "115";
116 81 0 13,16,28,31,32,33,35,40,46,53,56,69,74,78,80,82,84,91,101,103,104,110,112,114,117,118,143,145,146,147,149,151,163,166 "116";
117 13 0 2,5,7,10,12,14,18,20,23,25,27,28,29,30,31,34,36,38,39,40,42,43,45,47,48,50,51,53,54,57,61,62,63,65,69,71,74,75,77,80,82,83,84,85,87,88,89,95,96,97,99,101,103,107,109,110,112,113,115,116,121,122,124,127,130,132,134,137,140,142,145,149,151,154,155,158,159,160,161,163,164,165,167,168,171,173,175 "117";
118 83 1 0,2,6,9,11,13,14,16,18,20,22,26,27,30,32,34,37,38,40,43,45,46,48,49,50,54,56,57,61,62,64,69,71,74,76,78,83,84,91,97,98,100,102,103,105,107,112,118,121,123,124,126,129,133,135,138,140,141,145,147,148,150,158,162,164,166,168,171 "118";
119 149 0 11,14,16,22,23,25,26,29,33,35,38,42,50,51,56,59,61,65,67,70,74,78,79,81,83,87,89,90,94,99,104,108,110,114,115,116,117,119,121,122,124,126,132,134,137,140,142,143,145,150,158,159,161,162,168,170,173 "119";
120 115 0 1,3,4,9,11,14,15,17,20,22,25,30,32,34,35,37,41,44,45,49,51,56,57,59,60,63,70,71,75,77,83,85,88,89,92,95,97,100,102,103,105,106,109,111,113,114,116,123,125,128,130,133,136,138,139,146,152,156,159,164,167,168,170,173 "120";
121 174 0 0,5,9,11,12,14,18,22,23,26,27,31,34,39,41,44,46,47,50,51,52,56,57,58,62,65,66,68,69,74,75,78,80,81,86,87,90,92,94,97,107,112,114,116,117,118,120,123,124,126,129,130,131,133,134,136,138,140,142,144,150,151,154,155,157,158,160,161,164,165,168,169,170,175 "121";
122 35 0 25,42,51,52,55,60,66,92,106,117,127,129,132,158,171,174 "122";
123 156 1 1,3,7,9,14,16,18,20,23,30,34,36,42,43,49,52,53,56,58,59,61,62,64,67,70,75,76,77,78,81,83,84,87,88,90,92,98,104,105,108,109,114,118,120,125,127,132,135,138,140,143,148,149,151,154,157,160,162,164,166,168,170 "123";
124 79 0 15,18,22,27,48,60,80,91,130,135,140,149,167 "124";
125 126 0 1,3,5,7,9,11,13,14,16,20,22,23,25,26,27,29,33,36,38,44,47,50,58,60,61,62,63,65,67,69,71,74,76,78,81,83,86,87,89,92,94,104,106,107,112,114,115,119,125,126,129,135,138,141,142,144,148,151,153,156,158,160,164,166,167,171 "125";
126 28 1 0,1,8,9,14,16,18,20,22,23,27,29,31,32,34,38,41,44,48,52,53,54,56,57,58,60,62,65,67,72,73,82,83,85,86,87,89,92,94,95,96,98,100,103,105,107,108,114,120,121,123,124,127,129,131,132,134,136,138,140,141,143,144,146,149,151,152,154,156,159,162,165,166,167,169,170,175 "126";
127 160 1 12,19,24,34,39,41,43,45,51,55,60,63,68,71,74,78,80,82,87,91,104,108,114,115,120,129,130,138,146,152,160,163,170 "127";
128 118 0 0,3,5,6,12,13,16,18,22,26,28,29,31,35,36,38,44,45,48,51,53,58,61,63,70,72,73,76,77,80,88,91,94,100,103,107,114,121,126,131,132,139,143,146,150,153,159,161,166,173,175 "128";
129 105 0 0,1,6,7,11,15,20,22,26,36,38,39,41,43,45,47,51,52,54,56,58,59,60,62,64,68,69,73,78,83,87,91,102,107,113,118,119,124,125,129,133,134,136,140,141,144,146,147,153,154,157,159,163,166,169,171,173 "129";
130 164 1 3,6,7,10,14,17,29,33,36,39,41,43,45,48,50,52,55,57,65,66,69,74,78,81,83,86,89,92,98,99,105,107,110,112,117,120,123,128,135,137,140,142,144,146,147,153,155,158,161,163,164,167,170,173 "130";
131 122 0 2,4,6,8,11,14,15,20,21,23,30,36,40,41,44,47,48,49,50,52,55,56,57,59,61,64,66,69,70,73,75,76,78,80,82,84,85,89,91,93,104,105,107,110,111,113,116,124,126,128,131,132,137,138,141,142,143,145,148,152,153,155,159,161,163,167,170,173,175 "131";
132 65 1 1,3,11,14,18,20,36,61,76,78,90,96,101,108,126,134,136,158,166 "132";
133 71 0 2,22,68,70,97,104,175 "133";
134 145 1 1,3,4,5,9,10,12,16,18,19,22,24,26,30,32,37,38,42,44,46,48,49,55,57,62,63,65,67,68,69,72,73,74,75,78,80,82,86,88,90,91,94,97,100,102,103,105,106,109,111,113,115,121,124,126,129,130,132,134,135,137,139,140,142,144,145,147,148,150,152,154,155,157,159,161,163,168,169,170,171,172,174,175 "134";
135 71 0 63,115,117,155 "135";
136 12 0 1,2,3,5,8,17,18,20,22,26,27,31,36,37,41,43,44,45,49,52,54,57,59,61,68,70,74,80,82,84,85,87,89,91,97,102,105,107,108,113,116,118,124,128,130,131,132,135,140,141,144,147,148,150,152,154,156,159,160,162,164,166,168,170,173,175 "136";
137 141 1 11,27,31,44,50,53,76,84,96,105,106,110,120,129,140,141,150,155,163,172 "137";
138 100 0 9,46,75,104,121,145,149 "138";
139 27 1 0,2,4,11,13,17,28,35,37,41,42,43,52,59,61,69,70,74,77,79,85,89,90,94,95,99,101,104,108,114,125,127,131,134,136,138,139,141,145,146,149,151,154,156,160,163,165,166 "139";
140 91 0 2,3,5,10,12,14,16,18,20,22,26,28,29,30,31,34,36,37,39,41,42,44,45,47,48,50,52,54,56,58,60,63,64,66,68,70,73,75,82,84,87,89,92,93,95,97,98,105,106,109,112,113,117,118,120,121,125,127,129,131,132,137,139,140,141,143,145,147,148,151,157,159,161,163,165,168,169,170,171,174 "140";
141 15 1 0,5,9,12,13,16,17,20,23,24,25,27,29,30,32,34,37,40,41,43,44,46,47,50,51,53,55,59,60,62,63,66,67,69,71,72,73,74,79,81,82,84,85,86,92,93,94,96,97,98,100,103,105,106,107,110,111,114,115,118,122,125,126,128,129,132,133,135,137,139,140,142,143,144,146,148,153,156,158,159,162,164,165,167,168,170,172,174 "141";
142 75 1 10,55,144 "142";
143 131 0 0,2,3,5,6,7,9,10,11,13,15,16,20,22,24,26,28,30,31,33,35,36,37,40,41,43,45,48,49,53,55,56,58,60,62,64,67,70,71,72,76,79,80,83,84,86,88,89,97,100,101,103,105,109,110,111,113,114,115,118,119,121,123,125,126,128,131,132,134,138,140,141,143,144,146,149,151,154,156,157,161,163,166,168,171,174 "143";
144 122 0 26,30,60,76,88,115,124,126,132,143,144,153,162 "144";
145 35 1 0,5,9,16,17,19,24,25,32,35,36,38,40,41,43,46,48,50,53,59,61,66,69,74,75,77,78,85,91,97,100,112,115,117,121,122,124,130,131,135,137,140,145,147,150,154,157,160,162,163,165,169,170,175 "145";
146 10 1 2,3,4,11,13,18,28,29,34,36,38,40,41,43,45,56,59,69,71,76,80,86,92,99,101,108,114,116,129,131,133,134,137,138,141,153,156,159,171,174 "146";
147 108 0 3,10,16,19,21,32,39,43,48,51,53,54,56,58,67,80,84,89,103,105,106,116,119,124,130,133,134,136,140,142,156,158,163,166,170,172 "147";
148 168 0 86,93,103,104,128,138,168 "148";
149 75 1 0,1,5,6,10,11,14,15,20,28,29,32,33,34,38,40,41,43,44,47,50,51,53,54,57,59,62,63,76,78,82,84,85,88,89,90,96,98,100,102,103,105,106,114,116,118,123,124,128,130,133,135,136,139,141,144,146,147,148,150,151,153,158,160,161,164,166,168,169,170,172,173 "149";
150 112 0 2,3,4,8,10,13,15,21,22,26,28,30,31,34,37,40,43,44,46,51,52,53,57,59,65,68,70,73,74,76,78,82,87,89,90,91,94,98,100,102,104,108,110,113,114,118,120,124,131,133,134,142,143,145,148,154,156,161,162,167,169,174 "150";
151 107 1 1,3,4,6,7,10,11,14,15,18,21,23,24,26,28,30,33,34,36,37,41,43,45,46,49,51,55,59,60,65,67,69,78,79,82,83,86,87,90,92,96,100,102,106,109,111,112,119,120,122,125,127,129,130,136,138,140,142,144,145,147,148,151,153,155,156,157,159,161,162,164,166,168,170 "151";
152 71 1 38,76,87,104,120,123,164,174 "152";
153 24 1 4,7,9,10,12,13,15,16,19,20,23,24,26,27,30,31,36,39,41,43,47,49,51,52,53,56,57,59,61,62,63,64,67,71,73,76,77,80,83,88,89,91,92,94,96,98,101,104,108,109,110,113,116,118,120,122,124,125,126,128,130,133,134,135,136,138,139,141,143,144,147,150,152,153,155,157,161,163,164,166,169,170,174,175 "153";
154 70 0 0,2,5,9,10,13,15,21,23,40,43,44,50,57,61,64,68,71,75,76,80,84,91,93,97,111,115,125,126,143,146,157,165,166,168,172 "154";
155 37 1 0,1,2,6,8,10,11,14,16,18,20,22,23,24,26,28,31,34,36,38,40,46,53,54,55,57,59,60,62,67,68,74,75,77,79,83,84,85,87,89,91,95,97,99,101,104,106,107,109,110,112,113,116,118,119,121,122,124,125,126,128,129,131,134,135,138,141,142,144,146,147,149,152,153,155,159,161,162,164,165,169,172,173,175 "155";
156 127 0 64,147,157,167,170 "156";
157 79 0 4,5,8,10,12,18,21,22,25,26,28,32,35,36,41,42,55,58,61,62,65,66,68,70,71,73,75,77,79,82,83,86,88,90,92,95,96,98,100,106,109,111,113,115,117,118,120,122,123,124,126,127,128,134,137,138,140,141,152,153,157,163,165,167,171,173,175 "157";
158 97 1 0,2,5,7,10,11,14,17,20,26,31,38,42,44,50,56,58,63,66,67,69,70,72,73,76,80,84,89,90,96,98,104,106,108,112,116,119,122,124,128,133,138,141,146,151,154,157,158,160,162,170,171,175 "158";
159 30 0 5,6,7,15,16,18,19,22,23,25,27,30,31,35,39,44,45,47,49,50,54,57,59,60,63,66,68,70,71,74,75,84,86,88,89,91,92,94,95,96,99,102,104,105,107,111,112,114,116,119,123,125,126,131,135,139,140,142,145,147,149,150,152,154,155,156,158,159,161,162,164,165,167,169,171,172,173,175 "159";
160 112 0 1,6,8,10,11,19,20,25,27,28,29,34,36,39,42,45,46,49,54,60,63,64,65,68,71,83,85,89,90,93,94,98,99,101,104,108,110,116,119,121,122,124,127,130,131,133,140,146,155,159,163,167,168,170,172,174,175 "160";
161 113 1 2,3,5,6,8,11,12,14,15,17,19,22,24,26,30,32,33,37,42,46,49,51,53,54,55,58,63,64,66,69,70,71,74,77,78,81,85,86,88,91,93,94,96,100,101,104,107,111,113,119,122,124,125,127,130,132,137,140,142,146,147,149,151,153,155,160,161,168,173,174 "161";
162 88 1 0,1,4,5,7,9,10,13,16,18,20,21,23,25,28,33,35,37,39,41,43,46,47,49,51,52,54,58,59,60,62,63,65,68,69,71,73,75,76,77,78,81,85,88,90,93,95,98,99,101,102,104,106,110,111,113,114,117,118,120,121,122,124,128,129,131,133,135,136,139,142,144,146,148,150,152,154,156,159,162,163,167,169,170,173,174,175 "162";
163 34 1 2,4,6,12,14,17,20,22,25,28,31,33,34,36,38,39,40,42,44,46,49,50,52,53,60,62,65,70,72,75,77,79,81,82,84,87,88,91,92,94,97,99,105,107,109,110,112,114,115,117,119,121,124,126,128,130,131,136,137,139,142,146,153,155,157,158,160,163,165,167,169,170,172,174,175 "163";
164 21 0 2,6,21,30,34,52,64,65,104,108,151 "164";
165 88 1 1,2,7,9,13,18,19,20,21,33,36,37,39,45,49,52,54,58,60,66,71,73,76,78,84,90,96,102,104,106,111,115,117,128,136,138,144,150,152,154,160,163,169,171 "165";
166 147 1 4,7,20,31,85,125,141,145,154,161,169 "166";
167 65 1 21,54,133,171 "167";
168 126 0 1,9,12,15,21,22,27,35,36,40,46,48,50,61,66,68,72,75,77,86,88,90,91,93,99,100,102,111,117,118,124,125,127,142,143,148,152,156,161,164,167,173,174,175 "168";
169 122 1 3,4,5,14,19,27,36,38,42,43,46,47,49,51,55,58,59,64,69,73,77,88,89,93,96,98,104,106,108,109,110,115,118,120,122,123,124,134,140,143,148,153,154,156,157,159,165,166,170,172,174 "169";
170 164 1 0,2,4,8,9,10,17,22,26,27,29,31,33,34,37,40,44,45,46,51,58,59,64,65,68,69,72,74,76,77,79,82,90,92,93,95,99,102,105,107,109,113,114,118,119,121,122,125,128,136,140,141,142,146,148,150,151,154,159,162,165,169,170,173,175 "170";
171 44 0 4,15,17,20,25,28,31,32,35,38,41,44,59,62,63,64,67,69,80,84,90,94,105,108,115,121,122,124,134,137,148,149,152,155,160,163,167 "171";
172 30 1 2,4,7,10,11,14,15,19,22,27,28,30,31,33,37,40,45,47,49,51,53,54,57,60,62,64,65,67,69,70,73,75,77,78,79,86,89,90,93,95,98,103,104,106,111,112,114,118,120,123,125,127,129,130,132,133,135,138,142,144,145,149,150,152,154,157,161,162,163,164,169,170,174,175 "172";
173 130 1 0,2,7,10,17,27,30,32,37,44,47,48,52,53,56,59,62,68,70,71,73,74,75,80,82,85,89,92,95,97,102,105,108,111,112,115,117,118,123,125,127,136,139,146,147,149,150,153,155,159,174 "173";
174 122 0 1,12,14,16,18,19,21,23,26,27,29,32,33,38,41,46,47,51,56,59,60,62,66,71,72,74,75,78,80,82,84,86,88,89,91,92,95,97,99,100,102,103,105,107,111,112,113,116,118,123,125,126,128,131,136,138,142,144,148,150,152,154,155,156,160,166,172,175 "174";
175 132 0 3,7,8,10,18,22,29,30,32,33,36,37,44,47,49,52,54,57,61,63,66,72,76,78,84,88,91,96,101,103,105,108,110,113,115,117,120,126,129,133,135,138,140,144,146,152,157,161,162,164,168,169,171,173,175 "175";
