parity 122;
0 71 1 0,2,9,12,33,35,37,42,63,65,67,74,78,79,88,98,106 "0";
1 78 0 0,2,4,5,7,11,16,19,20,21,23,25,26,27,32,33,35,38,40,42,44,46,47,48,49,52,55,57,58,60,61,63,64,67,72,73,77,79,81,84,85,88,94,96,97,98,100,102,103,105,106,109,112,113,115,116,117,120,121,122 "1";
2 96 0 0,7,11,16,22,24,25,27,31,42,43,48,50,53,60,67,70,74,77,84,85,89,91,92,94,103,106,116,122 "2";
3 110 1 0,2,3,4,6,8,13,18,19,20,25,28,30,34,40,42,45,46,55,62,67,69,72,78,79,83,85,86,88,93,97,101,102,108,111,113,115,117,122 "3";
4 81 1 3,4,9,12,14,21,28,30,31,32,34,36,39,44,54,61,62,63,68,69,75,79,82,85,86,88,93,95,98,109,112,117,119,122 "4";
5 10 1 1,2,3,13,19,27,28,32,36,37,40,43,46,49,50,56,57,62,66,68,79,83,84,87,88,101,108,113,117,119,122 "5";
6 47 0 7,18,23,42,44,93,95 "6";
7 11 0 0,21,26,30,33,36,39,45,52,55,88,90,91,94,96,98,101,102,106,117,120 "7";
8 10 0 3,10,13,24,32,34,37,41,46,50,59,61,63,71,79,82,85,94,95,103,106,111 "8";
9 87 0 2,3,6,8,18,23,26,31,33,35,36,38,40,45,46,49,51,56,60,61,63,64,67,69,72,77,82,86,88,90,98,100,106,110,112,114,118,119 "9";
10 113 0 0,1,2,4,5,7,9,13,21,23,27,29,31,33,36,38,40,43,45,47,49,50,53,55,56,57,58,62,67,72,74,76,79,81,83,85,87,88,91,92,100,103,108,110,111,113,114,116,118,119,122 "10";
11 85 1 1,9,12,13,15,19,20,22,23,25,26,27,35,38,43,45,51,53,55,57,62,65,68,74,80,81,83,86,88,90,93,97,99,105,107,112,114,118 "11";
12 104 1 2,3,7,12,14,16,17,19,25,29,30,32,33,34,42,45,47,51,52,54,60,62,63,66,70,71,80,87,89,101,115,121,122 "12";
13 3 1 4,6,13,14,17,25,27,30,32,36,41,42,44,48,50,55,58,62,64,65,68,70,74,76,78,93,97,98,100,102,104,108,110,112,117,121,122 "13";
14 94 0 44,108 "14";
15 1 0 5,9,13,15,17,20,21,23,27,30,31,33,40,42,46,51,56,60,64,72,77,79,99,106,110,113,116,118 "15";
16 40 1 4,7,10,12,18,31,38,40,46,47,50,52,54,62,67,80,93,97,100,110 "16";
17 109 1 6,25,36,48,51 "17";
18 93 1 0,2,3,4,6,8,14,17,19,21,29,32,34,35,36,39,43,46,52,54,55,62,64,68,70,74,76,78,79,83,85,86,88,91,95,96,103,109,115,116,120,122 "18";
19 66 1 0,1,3,10,12,14,17,19,23,25,35,37,39,41,46,51,52,58,60,66,77,79,84,91,94,97,99,100,101,103,108,110,116,117,119 "19";
20 65 1 1,4,5,7,9,13,23,25,36,39,41,45,51,54,56,58,59,75,76,77,80,82,89,91,93,94,98,99,107,108,111,112,116,119 "20";
21 81 0 3,13,22,31,41,43,51,53,71,83,85,86,89,91,98,103,109,113,121 "21";
22 12 0 0,2,4,6,11,13,15,17,18,20,22,25,26,28,30,33,37,41,42,44,46,50,53,54,56,59,60,63,66,67,69,70,71,73,75,76,80,86,90,93,102,104,105,108,111,112,113,117 "22";
23 72 0 0,2,4,9,11,12,14,16,18,19,21,24,25,26,28,29,30,32,34,36,39,41,42,45,48,49,51,52,54,56,57,58,59,62,64,67,69,71,75,78,83,84,86,87,88,92,93,95,98,100,101,103,104,106,112,113,115,120,122 "23";
24 30 1 2,42,47,60,66,88,104,110,118,121 "24";
25 101 1 0,1,2,4,5,9,11,12,14,15,17,18,25,27,29,30,36,38,42,45,48,50,53,56,57,61,64,66,70,74,76,78,79,81,85,87,90,92,94,99,102,103,104,106,108,109,110,120 "25";
26 1 0 0,2,7,10,15,17,21,22,26,38,41,46,50,52,56,62,64,67,69,72,77,78,82,85,87,89,91,93,97,103,104,109,111,112,117,119,121 "26";
27 69 1 2,4,7,11,15,23,28,34,44,51,55,63,66,70,74,75,82,84,86,90,97,104,108,110,112 "27";
28 66 1 3,6,11,22,23,25,31,34,45,58,60,66,69,76,78,82,90,95,97,100,101,103,107,108,118,121 "28";
29 66 1 2,3,6,7,15,16,18,27,32,36,37,38,43,51,53,55,57,63,67,68,71,75,85,91,92,94,95,97,101,109,111,117,121 "29";
30 87 1 7,9,12,16,24,31,45,46,50,51,61,64,65,67,72,93,94,116 "30";
31 90 0 0,10,24,28,30,33,35,39,43,45,47,50,58,61,65,70,78,81,101,111,114,116,121 "31";
32 1 0 0,2,4,6,11,12,14,20,24,26,27,31,35,38,42,46,48,53,59,63,65,66,68,71,75,80,82,84,88,96,98,100,107,108,110,113,115,117,122 "32";
33 118 1 11,34,70,96,103,109 "33";
34 4 0 0,4,5,7,9,10,12,14,15,17,18,19,21,22,24,27,28,30,31,33,35,37,44,46,49,51,53,55,57,58,61,69,70,71,72,75,76,77,80,81,84,85,87,88,91,93,97,98,100,101,104,106,107,110,112,114,115,117,118,119,120,122 "34";
35 99 0 0,3,4,5,6,11,12,16,18,21,24,28,34,37,38,41,42,44,46,50,52,53,55,58,60,65,73,75,80,81,83,85,87,91,94,103,107,112,116,117,119,122 "35";
36 23 0 2,4,8,10,14,16,18,20,21,23,25,27,30,31,33,37,41,44,51,52,55,57,59,61,62,64,67,68,70,72,73,76,77,81,82,85,86,90,92,95,98,100,102,103,107,108,109,111,112,114,116,119,121 "36";
37 70 0 2,4,6,8,11,13,14,16,24,29,30,34,36,39,42,43,46,47,49,52,55,56,57,62,63,68,70,72,73,76,78,79,82,83,87,89,90,92,93,95,98,100,101,103,105,106,110,113,115,119,120,121,122 "37";
38 109 0 12,44,111 "38";
39 101 0 1,83 "39";
40 47 0 6,8,13,14,15,18,20,22,23,25,26,28,29,31,32,34,35,36,37,38,40,42,43,46,47,49,51,54,55,56,59,60,61,64,65,67,69,70,71,72,75,77,81,84,89,91,93,94,96,97,100,101,102,104,108,110,113,115,117,118,121 "40";
41 59 1 1,13,15,20,22,26,36,38,46,53,60,68,73,91,96,110,115 "41";
42 61 1 0,2,8,10,13,14,17,18,20,22,24,27,29,33,35,38,40,42,45,48,50,51,53,54,59,61,66,69,73,77,78,81,82,85,88,89,91,93,94,96,97,99,102,104,106,108,110,114,117,118,120,122 "42";
43 41 0 13,18,34,39,47,55,63,67,68,88,113 "43";
44 97 1 12,24,49,58,68,79,90,102,107,109,114,119 "44";
45 4 1 0,3,6,7,8,10,14,15,17,20,21,23,25,29,31,33,36,38,39,42,45,47,50,51,54,56,58,59,68,69,71,75,76,78,79,80,82,89,91,97,101,104,106,110,118,119 "45";
46 95 1 3,24,38,52,53,56,60,68,71,74,76,85,87,88,93,98,100,105,111,115,117 "46";
47 85 1 2,3,6,8,12,16,17,31,32,35,37,38,41,43,47,51,53,56,57,59,61,62,66,71,82,91,97,99,102,106,111,112,119 "47";
48 107 0 0,1,4,6,9,11,18,22,24,25,27,28,33,36,39,40,41,46,49,53,56,58,60,61,64,67,70,74,80,81,83,86,89,92,97,102,104,106,107,109,111,113,115,116,118 "48";
49 122 1 4,7,8,11,13,16,20,22,23,27,29,31,32,33,36,42,48,51,54,56,57,62,63,67,75,76,82,88,90,91,92,100,102,107,109,113,117,118,120,122 "49";
50 118 1 14,44,51,68,74,80,86,122 "50";
51 86 1 2,4,6,7,11,14,16,18,21,25,26,28,32,39,40,42,43,47,53,55,56,57,59,62,63,65,69,70,72,75,78,79,80,82,86,87,92,93,97,100,101,102,104,105,110,113,116,118,119 "51";
52 87 1 6,7,9,17,21,24,26,28,30,45,46,50,59,60,64,66,68,73,74,75,78,81,83,86,92,94,97,104,105,107,112,114,120 "52";
53 104 0 1,3,4,5,10,11,14,17,20,21,24,26,28,32,34,35,36,40,43,46,47,50,51,53,55,57,58,59,61,62,64,66,67,69,70,72,75,76,78,80,83,85,86,87,89,91,92,94,96,97,99,101,104,108,112,114,116,118,119,120,122 "53";
54 113 0 0,2,4,6,7,8,11,12,13,15,17,20,21,22,28,30,32,34,35,40,42,43,45,46,48,49,51,53,55,56,60,63,65,66,67,69,70,73,75,78,79,84,86,89,91,93,96,100,101,103,106,110,111,113,114,117,119,121,122 "54";
55 12 1 4,9,12,15,22,43,80,87,89,90,100,103,118 "55";
56 32 1 1,2,5,14,16,24,28,34,38,42,44,47,48,50,60,63,64,69,70,71,74,77,79,83,87,95,107,117,119,120,122 "56";
57 68 1 2,8,11,14,16,18,26,32,33,39,41,52,55,57,62,67,69,70,73,75,80,87,89,90,96,98,100,101,105,107,110 "57";
58 84 1 0,1,4,6,7,11,13,17,19,21,23,25,28,29,32,33,35,37,40,42,47,48,50,54,56,58,60,61,62,64,65,67,69,71,73,76,78,81,82,86,90,93,95,102,106,109,111,114,116,121,122 "58";
59 30 1 1,100 "59";
60 61 1 2,5,10,13,15,16,17,19,29,33,41,53,57,59,62,67,69,74,80,84,85,89,91,95,98,102,109,119,122 "60";
61 58 1 11,14,15,22,27,33,34,36,38,40,43,46,47,50,53,62,66,67,69,72,74,85,95,106,109,111,113,116,118 "61";
62 68 1 0,5,7,10,12,14,16,17,22,24,28,30,32,37,38,44,47,51,56,59,62,63,67,69,71,72,79,82,83,89,96,109,111,115,116,119,121,122 "62";
63 21 0 5,15,18,20,35,42,44,52,54,55,57,58,61,62,66,67,72,83,94,103,109 "63";
64 111 1 1,2,3,5,7,10,11,13,14,16,18,21,23,24,25,27,30,33,34,36,38,39,40,42,44,46,51,52,54,57,58,60,63,64,65,68,70,71,73,74,76,78,80,83,85,87,90,94,96,97,99,100,104,106,107,109,111,112,114,116,117,120 "64";
65 70 1 3,4,10,11,13,15,16,18,19,21,24,25,27,31,33,36,37,39,41,43,46,51,56,58,60,62,64,66,68,70,71,72,73,77,79,82,86,88,95,96,101,102,104,105,106,109,111,112,115,116,117,120,122 "65";
66 38 0 5,8,10,14,29,36,48,60,63,80,82,85,100,104,105,108,111 "66";
67 110 0 1,2,4,7,8,9,11,13,14,17,19,20,23,26,28,31,32,33,35,36,37,39,40,43,45,47,49,51,52,54,57,62,66,68,71,72,73,77,79,80,81,82,84,86,88,91,92,93,97,98,101,103,104,105,106,109,110,113,114,116,121 "67";
68 26 1 1,6,13,16,21,28,32,37,40,42,43,45,49,53,60,61,64,69,72,82,88,89,91,93,95,96,99,102,104,106,112,119,120,121 "68";
69 20 0 2,6,17,18,22,23,25,28,29,35,38,41,47,53,64,67,70,84,87,89,98,100,108,109,112,116 "69";
70 72 1 0,3,5,9,12,14,15,16,17,18,20,23,24,25,28,30,32,34,36,40,42,44,47,49,54,56,59,62,65,67,70,71,73,74,76,78,83,89,94,96,97,99,103,106,108,110,112,116,119,121 "70";
71 36 1 18,22,26,29,32,34,48,52,54,58,72,76,84,86,90,94,96,101,103,110,116 "71";
72 104 1 0,1,2,4,7,8,10,14,17,18,20,26,27,28,29,32,34,36,37,38,44,47,48,49,52,53,61,63,65,67,73,78,79,80,81,87,89,90,95,97,99,102,103,105,113,114,117,120 "72";
73 78 1 2,7,11,13,15,20,21,22,23,25,29,30,32,34,35,36,39,41,43,45,46,48,52,54,56,58,63,64,67,69,72,74,77,80,82,83,84,87,89,95,96,97,102,105,108,110,114,116,117,119,122 "73";
74 6 1 0,1,2,6,9,10,12,14,16,21,23,26,28,30,36,37,38,40,41,43,44,48,50,52,53,55,56,62,63,64,73,78,80,87,88,91,93,95,97,101,103,105,106,107,112,114,117,120,121 "74";
75 19 1 0,1,5,8,10,12,15,17,25,28,29,33,36,37,47,49,51,53,57,61,62,69,72,74,76,77,81,83,89,91,93,95,99,104,107,108,112,114,117,120,122 "75";
76 116 0 1,11,13,19,46,50,53,87,94,103,110,119 "76";
77 24 1 8,11,13,20,25,26,33,37,42,44,47,49,52,57,60,66,68,71,79,85,95,99 "77";
78 65 1 7,11,20,29,32,43,48,57,59,63,66,71,73,79,85,95,110,112,119 "78";
79 5 1 0,3,7,10,12,14,16,18,24,28,35,42,45,48,49,55,57,60,62,65,71,74,76,82,83,84,87,93,95,101,102,105,107,111,121 "79";
80 3 0 3,15 "80";
81 115 1 0,6,7,9,14,16,18,19,23,28,36,42,46,50,63,64,70,74,75,80,93,96,106,110,111,114,116,121 "81";
82 8 1 0,3,7,9,13,15,16,18,19,21,24,25,27,31,33,34,35,38,40,46,49,50,54,56,60,61,63,67,68,69,74,76,78,80,82,85,86,90,94,96,101,103,107,108,109,112,113,114,115,117,119,120 "82";
83 107 1 0,3,10,14,16,19,23,26,38,41,44,47,48,50,52,54,56,61,63,69,70,72,86,89,93,96,101,105,110,112,114,116,120 "83";
84 70 1 0,9,19,38,43,45,48,54,65,71,83,91,96,99,101,122 "84";
85 112 0 9,22,29,31,34,37,52,57,58,94,96,101,103,117 "85";
86 63 1 58,75,122 "86";
87 121 0 2,4,5,7,12,14,19,24,26,28,30,34,38,41,44,45,47,48,50,51,52,54,56,58,62,65,67,69,70,71,73,77,78,79,82,83,87,89,90,91,95,97,98,103,108,109,111,112,114,116,118,121 "87";
88 1 0 5,8,12,14,19,24,25,27,30,32,33,35,37,40,45,46,54,57,58,59,65,68,70,71,73,78,80,81,82,84,85,87,89,91,92,93,100,102,105,107,114,116,119 "88";
89 59 1 2,3,5,7,9,11,16,17,19,25,27,29,33,34,37,38,39,44,47,49,51,52,55,57,59,61,67,72,73,74,75,76,78,81,83,85,90,92,95,97,100,101,103,104,105,107,109,110,113,118,119 "89";
90 5 1 4,6,8,11,13,16,18,25,27,38,39,42,44,47,49,52,60,66,68,70,75,80,82,84,85,87,92,93,98,101,103,108,110,113,115,119 "90";
91 90 0 2,6,7,8,17,23,29,31,37,55,67,71,84,85,87,97,106,110,115 "91";
92 74 0 1,3,17,21,23,27,29,32,40,42,49,52,54,56,57,59,60,62,71,75,82,83,84,89,91,93,95,96,100,103,111,117,118,119 "92";
93 61 1 0,6,7,8,14,18,22,23,26,30,33,37,39,42,44,45,47,49,53,54,57,60,61,62,63,67,69,73,75,76,79,81,82,84,86,88,91,92,93,99,101,104,106,107,110,112,114,115,116,118,122 "93";
94 35 0 0,2,8,10,21,22,33,38,39,53,61,70,72,74,87,93,95,102,104,110,111,114,117 "94";
95 101 0 1,5,10,11,12,22,26,28,30,31,32,35,36,39,42,43,46,49,51,57,60,63,64,65,67,69,73,81,83,86,97,101,107,111,120 "95";
96 16 1 1,4,11,13,16,34,40,41,47,54,70,79,84,88,91,94,103,106,111,118,119 "96";
97 100 1 0,4,6,8,10,11,14,15,19,23,34,37,39,41,42,44,49,51,54,55,64,66,69,76,79,82,85,88,89,90,93,95,97,103,111,113,120,122 "97";
98 81 1 0,2,14,34,37,39,48,80,81,94 "98";
99 61 1 0,1,4,5,7,8,12,14,15,16,20,23,24,26,30,31,32,34,36,38,39,40,42,44,48,51,52,55,56,59,60,62,63,66,68,70,76,78,81,82,85,87,88,90,93,95,97,99,101,102,104,106,107,110,112,115,117,119,120 "99";
100 113 1 0,6,10,11,14,18,21,26,29,31,32,34,39,42,49,52,60,61,66,68,74,76,88,94,97,103,104,113,114,116,118,121 "100";
101 88 1 0,5,8,10,12,25,37,47,48,52,58,62,64,78,86,93,105,106,118,120,122 "101";
102 23 1 0,3,7,10,17,18,22,25,28,30,32,33,34,35,39,41,42,50,56,57,60,64,69,72,77,79,82,84,87,89,92,93,95,97,99,100,102,106,110,111,112,118,119,121,122 "102";
103 10 1 0,1,3,6,12,13,16,18,20,24,25,28,30,31,37,40,43,48,51,54,56,59,62,63,64,66,70,72,73,75,77,80,82,84,86,89,90,92,94,96,102,106,109,111,113,115,118,122 "103";
104 81 1 1,3,4,9,12,14,15,17,18,20,25,27,35,36,40,42,45,47,48,52,54,55,57,62,63,65,67,69,71,74,75,77,86,88,90,91,96,99,101,103,105,107,109,111,113,118,119,120 "104";
105 45 1 0,2,4,5,7,8,10,13,18,20,23,25,30,32,34,35,36,43,45,49,50,51,53,54,56,57,59,63,68,71,73,78,79,83,85,86,88,90,93,94,95,96,98,101,102,104,107,112,114,116,117,120,121,122 "105";
106 56 0 14,29,53,57,88 "106";
107 33 1 3,4,7,9,11,12,15,16,22,23,27,32,40,41,44,46,49,54,60,65,66,71,73,74,76,82,89,90,92,96,98,102,106,109,112,114,116,118 "107";
108 76 1 7,14,54,85,89 "108";
109 63 1 1,8,12,19,35,37,40,50,79,100,104,106,109,119 "109";
110 61 1 27,45,51,53,56,76,82,87,93,96,106,108,110 "110";
111 29 0 21,30,35,38,73 "111";
112 100 0 2,4,5,6,7,12,14,15,17,19,21,23,25,26,28,30,31,33,34,40,41,45,47,51,52,56,57,59,60,62,65,66,69,70,72,73,75,77,79,80,85,86,87,88,91,93,95,96,97,98,100,104,106,107,108,112,115,116,119,122 "112";
113 120 1 12,17,39,41,43,48,52,72,84,86,89,97,106 "113";
114 101 0 1,4,9,11,13,15,17,19,20,23,24,26,33,36,40,41,42,44,49,53,56,58,72,74,76,77,79,80,85,88,94,102,103,105,108,110,114,122 "114";
115 85 0 3,5,8,10,13,16,20,25,31,35,37,41,43,46,49,51,55,60,62,63,65,66,68,69,73,76,81,88,92,93,95,96,98,108,111,115,118,120 "115";
116 12 0 0,2,3,5,6,8,10,12,16,19,21,22,26,29,31,33,35,36,38,40,42,43,44,46,48,51,53,54,56,57,62,64,65,67,68,69,73,75,78,79,80,82,83,85,87,93,94,96,98,99,101,104,107,109,111,112,114,116,117,119,120,122 "116";
117 67 0 11,19,38,75,82,84,87,91,92,108,119 "117";
118 96 1 104,108 "118";
119 1 1 1,4,8,14,31,35,42,53,55,56,69,71,73,75,77,85,89,92,94,99,105,112,117,118 "119";
120 82 1 1,7,9,11,14,17,21,23,25,26,29,30,31,32,35,38,39,42,44,46,48,49,50,51,53,54,56,59,61,63,64,65,67,68,70,71,74,75,76,79,81,83,85,88,90,91,93,95,96,98,103,105,106,108,111,112,114,115,116,118,119,122 "120";
121 97 0 6,84,101,113 "121";
122 123 0 9,11,27,35,37,59,65,67,69,73,79,83,86,99,100,112,116 "122";
