parity 73;
0 38 1 7,52 "0";
1 36 0 1,6,14,17,19,28,35,37,43,46,52,54,57,58,61,65 "1";
2 30 1 1,5,8,12,13,14,15,17,19,20,21,26,28,31,32,35,36,38,39,41,43,44,48,50,56,57,61,63,70,72 "2";
3 33 1 1,14,24,26,35,40,44,48,52,54,60,63,67,71 "3";
4 29 0 0,2,6,12,22,40,41,45,52,59,64,67,73 "4";
5 50 0 1,3,6,9,11,14,18,22,28,29,35,37,40,41,44,45,50,58,60,63,64,65,68,71 "5";
6 57 1 3,5,8,12,14,16,18,21,22,24,27,28,30,32,38,40,42,45,48,50,51,52,54,56,58,59,62,63,66,72,73 "6";
7 14 0 5,7,39,54,59 "7";
8 36 1 1,2,5,6,8,12,13,15,16,22,24,25,27,28,30,32,33,35,36,39,41,43,45,46,49,50,52,54,55,57,60,62,63,66,68,70,72 "8";
9 42 1 4,8,13,17,29,31,33,37,41,46,57,60,61,64,69,72 "9";
10 42 0 1,2,5,7,9,11,12,13,15,17,19,22,24,25,28,31,34,37,40,41,42,48,51,52,54,56,63,67,70,72 "10";
11 1 1 23 "11";
12 46 0 2,4,6,10,17,19,23,24,25,29,38,43,44,50,52,53,55,58,60,71 "12";
13 72 1 0,1,3,6,7,9,11,13,20,23,25,27,28,30,36,38,39,41,49,50,57,59,64,67,71 "13";
14 28 1 9,55 "14";
15 60 1 1,8,10,12,13,14,19,48,54,60,63,64,72 "15";
16 44 1 8,24,27,60,70 "16";
17 62 0 0,8,12,20,22,30,31,34,38,40,42,44,47,52,54,58,61,64,66,72,73 "17";
18 15 1 4,11,13,15,16,18,19,20,26,29,32,33,36,38,39,41,43,44,49,50,52,54,55,57,61,69,71,73 "18";
19 58 1 1,3,9,10,14,15,17,20,22,23,25,28,30,35,38,39,41,42,44,47,56,57,58,60,62,69,72,73 "19";
20 68 0 0,1,4,5,6,8,12,13,17,18,19,21,32,33,37,40,44,45,49,55,57,58,62,66,67,69,71,73 "20";
21 32 0 5,20,44,72 "21";
22 14 1 1,4,6,10,13,19,21,25,32,51,53,56,58,60,61,62,64,67,68,73 "22";
23 62 0 20,34,37,54,56,60,63,68 "23";
24 71 0 2,4,13,23,24,31,36,48,50,57,58,61,64 "24";
25 41 1 0,2,3,5,6,10,11,12,13,16,20,21,24,25,27,28,33,35,36,40,41,42,44,46,47,49,51,53,57,60,61,63,64,65,69,70 "25";
26 31 0 3,5,7,9,14,17,23,27,29,32,33,37,41,46,64,65,67,69,70,72 "26";
27 23 0 0,2,7,11,16,21,32,39,42,45,53,55,57,59,63,66,69,70,73 "27";
28 14 1 0,2,5,6,8,10,16,17,19,20,22,24,25,28,30,31,32,33,35,37,38,40,42,44,49,50,55,57,59,61,65,66,69,70,72,73 "28";
29 30 1 1,7,9,10,12,13,18,19,20,23,24,26,29,32,35,37,40,43,48,49,51,53,54,56,57,61,62,64,69,70,71 "29";
30 11 0 2,4,6,14,15,17,24,30,39,48,51,57,66,69 "30";
31 6 1 9,10,14,16,20,22,27,31,33,35,37,38,43,46,54,62,65,66 "31";
32 12 1 70 "32";
33 51 1 6 "33";
34 24 0 4,8,9,12,23,26,28,34,44,47,53,54,62,66,72 "34";
35 16 0 1,3,7,9,17,20,21,25,31,39,43,48,50,53,56,61,63,66,68 "35";
36 14 1 4,8,10,11,15,18,20,22,24,28,30,36,41,43,50,51,52,60,61,63,65,66,68,70,72 "36";
37 26 0 3,11,13,18,19,24,27,33,37,39,43,47,48,51,53,56,59,63,73 "37";
38 7 1 1,3,4,6,16,17,19,21,23,25,28,30,31,35,38,40,42,45,48,50,51,54,56,58,59,60,61,64,65,66,69,71,73 "38";
39 29 1 1,8,13,16,20,25,28,29,31,35,38,41,47,63,65,68,70,72 "39";
40 31 1 0,1,3,5,9,11,12,14,15,19,22,24,25,27,29,33,35,36,38,40,41,44,45,49,56,57,62,63,67,71,73 "40";
41 17 0 2,3,11,19,27,31,37,39,45,51,57,60,64,68 "41";
42 0 1 0,2,7,9,13,16,17,22,23,27,29,33,37,43,44,47,54,57,59,62,64,66,68,71 "42";
43 26 0 1,3,9,11,18,20,31,41,52,58,69,71 "43";
44 63 1 16,48,65 "44";
45 8 1 4,6 "45";
46 33 0 10,16,39,53 "46";
47 43 0 1,5,10,11,17,23,24,27,31,33,34,36,38,40,44,45,47,55,57,59,61,62,63,66,67,69,70,72 "47";
48 45 1 5,7,9,11,12,15,18,22,23,24,26,28,29,32,34,36,40,43,45,48,55,56,58,60,66,68,70 "48";
49 24 1 2,6,11,12,14,21,22,23,26,29,36,39,43,45,51,52,55,63,64,69 "49";
50 60 0 7,10,17,21,25,31,35,40,41,57,59,63,67 "50";
51 71 0 61 "51";
52 6 1 2,12,13,24,34,49,54,63,65 "52";
53 43 0 60 "53";
54 27 0 0,3,5,9,11,12,14,17,19,20,22,24,25,26,31,34,35,38,40,45,47,49,51,52,54,56,58,60,63,68,69,71 "54";
55 6 1 5,12,29,52,71 "55";
56 66 1 1,4,7,8,13,15,16,19,20,23,27,30,31,35,37,39,40,43,49,50,52,56,57,60,64,67,68,69,71,72,73 "56";
57 43 0 0,2,6,7,8,9,18,20,21,23,25,28,29,31,33,38,39,42,45,50,51,53,55,56,57,60,61,62,65,68,72,73 "57";
58 46 0 3,6,9,12,14,17,18,22,24,26,27,28,29,37,39,41,44,46,49,52,59,62,70 "58";
59 20 0 12,15,19,21,26,28,41,43,46,47,50,51,58,64,72 "59";
60 3 0 1,6,8,9,12,14,18,22,23,25,27,29,32,36,38,42,44,47,49,50,52,54,60,62,63,65,69,71,72,73 "60";
61 44 0 2,5,11,12,16,17,19,20,24,26,28,34,39,43,44,45,47,52,59,64 "61";
62 53 0 0,1,2,5,7,9,13,15,17,18,20,21,25,26,28,29,35,37,44,47,50,52,54,56,58,63,64,69,70 "62";
63 6 0 0,3,5,8,11,15,17,20,22,24,26,29,31,34,38,39,41,44,45,49,51,53,55,61,63,65,68,70,72,73 "63";
64 12 0 3,4,5,9,12,13,17,19,20,21,24,28,31,33,34,36,37,41,43,45,52,57,59,61,64,70,73 "64";
65 22 1 0,8,14,18,28,29,36,42,43,48,53,55,71 "65";
66 57 0 2,5,6,9,12,18,22,26,30,34,37,39,42,44,47,48,49,55,57,62,67,69,73 "66";
67 55 0 1,3,8,9,12,14,16,23,28,30,32,33,35,40,42,44,46,48,52,54,56,60,62,65,68 "67";
68 14 1 2,3,4,9,18,19,21,23,25,26,28,34,35,40,42,45,47,51,58,61,64,72 "68";
69 34 1 5,6,12,15,23,28,30,34,40,46,48,50,53,56,57,60,70 "69";
70 53 1 0,1,4,6,10,12,14,17,21,24,27,29,31,32,34,38,41,45,47,49,52,54,55,56,62,63,66,67,72 "70";
71 40 0 0,3,7,11,19,22,23,24,26,32,37,40,43,45,48,49,51,52,63,67 "71";
72 60 0 0,2,3,4,7,11,13,15,18,21,23,24,27,28,29,31,33,37,39,40,43,45,47,49,50,53,54,56,58,59,61,63,64,65,67,68,70 "72";
73 32 1 3,6,7,10,13,15,16,18,22,24,27,30,32,35,38,40,43,46,48,50,51,52,54,56,59,61,63,64,65,70,73 "73";
