parity 29;
0 20 1 3,4,10,11,14,17,19,22,23,26 "0";
1 27 1 1,11,14,16,20,22,24,28 "1";
2 23 1 4,15,16,17,20 "2";
3 28 1 6,27 "3";
4 26 1 0,2,3,5,6,9,13,16,19,21,22,24,25,26 "4";
5 20 1 0,4,6,8,10,11,14,17,19,24,26,27,29 "5";
6 12 0 11,12,23 "6";
7 23 0 0,3,4,7,10,15,16,19,20,23,24,27,29 "7";
8 25 1 1,3,4,6,10,11,13,15,17,20,22,23,24,26 "8";
9 16 0 0,2,10,13,19,25,26,28 "9";
10 9 0 19 "10";
11 28 0 1,3,6,13,17,20,24 "11";
12 23 0 2,4,10,13,16,19,24,27,29 "12";
13 18 0 0,1,11,12,25,26 "13";
14 2 1 0,4,5,8,9,11,15,17,19,21,23,25,26,28,29 "14";
15 5 1 9,21,29 "15";
16 6 0 2,5,6,8,9,11,14,18,19,21,23,24,26 "16";
17 29 1 3,4,7,11,20,22,26,27 "17";
18 13 0 0,2,4,7,8,15,22,25,28,29 "18";
19 14 0 1,12,14,17 "19";
20 23 0 3,7,27 "20";
21 27 1 0,2,3,6,11,13,15,16,19,21,23,25,27 "21";
22 1 0 1,14,19,23,26 "22";
23 23 0 8,11,20,24 "23";
24 3 1 1,3,6,8,10,23,25 "24";
25 7 1 0,2,7,8,12,14,17,19,22,23,25,26 "25";
26 25 1 1,5,11,12,15,16,17,20,22 "26";
27 20 1 1,7,9,12,14,16,18,22 "27";
28 15 1 0,5,11,19,20,22,26,28 "28";
29 0 0 0,2,3,6,7,9,11,12,13,16,22,26,29 "29";
