parity 198;
0 30 1 2,3,7,13,19,21,30,32,35,43,51,52,53,54,57,60,63,66,69,74,76,78,88,89,91,92,94,101,106,109,113,119,120,123,124,128,131,132,136,138,142,143,147,149,151,154,156,167,171,176,178,181,185,195 "0";
1 167 0 2,3,5,7,9,12,13,15,17,18,19,20,22,25,27,30,33,34,36,37,38,40,41,44,46,47,49,50,51,54,55,58,63,65,67,68,69,71,72,75,76,79,81,83,84,88,90,91,93,95,100,101,103,104,105,107,109,113,114,115,117,121,122,123,126,128,130,135,136,138,139,141,144,146,147,149,150,151,154,155,157,159,168,169,171,172,174,176,178,182,185,186,188,189,190,192,194,195,198 "1";
2 130 0 2,4,7,11,13,17,18,25,28,30,33,36,42,44,50,60,61,64,67,70,73,87,103,106,107,109,113,116,119,121,125,132,134,137,139,141,144,152,158,162,164,172,179,184,191,196,198 "2";
3 3 1 3,8,13,17,19,23,26,32,35,44,53,56,59,66,67,69,70,77,79,85,87,96,98,99,103,114,117,122,127,133,136,137,144,147,150,152,155,158,162,165,168,175,179,182,185,187,192 "3";
4 116 1 13,43,61,63,68,70,73,77,84,140,145,150,158,171,183,188 "4";
5 61 0 7,9,15,16,25,30,35,40,41,43,55,57,63,66,73,77,81,83,85,94,100,105,109,112,126,135,139,141,147,149,151,166,169,170,172,174,175,190,192,194,197 "5";
6 13 0 1,4,8,10,11,13,14,16,17,19,22,24,25,27,28,29,31,34,36,37,44,46,49,51,53,54,56,57,60,66,68,70,72,76,81,83,91,92,96,97,98,103,106,107,109,110,111,113,117,118,120,124,125,126,128,132,134,137,138,140,142,143,147,148,150,153,155,156,159,160,163,164,166,169,170,174,176,178,180,182,184,187,191,192,195,198 "6";
7 89 1 22,23,24,46,50,57,66,69,88,105,115,118,124,141,144,147,162,168,171,172,182,187,190,195,198 "7";
8 15 0 17,32,57,63,68,74,76,88,108,128,158,171,186,189 "8";
9 165 1 1,34,35,37,46,52,67,70,75,78,84,85,88,95,103,111,129,131,135,162,169,173,193 "9";
10 110 0 2,4,6,10,11,13,16,17,20,21,22,24,28,29,30,34,35,37,46,48,50,52,54,60,62,67,68,72,73,82,85,87,91,93,94,96,103,109,112,113,121,127,132,135,137,141,142,145,149,152,161,163,164,167,171,172,176,178,181,182,185,186,191,193 "10";
11 112 1 0,1,2,4,9,14,19,26,28,32,36,38,40,43,46,50,60,63,68,72,76,80,85,89,90,92,95,97,101,103,104,106,108,110,112,115,119,120,121,123,131,136,139,144,145,150,155,160,169,172,173,175,185,192,195,197 "11";
12 149 1 1,5,24,41,42,60,69,83,95,97,114,119,127,145,148,158,162,172,174,184,194,195 "12";
13 137 1 1,10,15,30,35,36,39,66,69,73,82,86,92,95,98,99,103,108,109,112,114,127,141,150,152,155,160,168,170,176,181,182,189,193 "13";
14 21 1 2,5,8,10,11,12,14,17,20,23,24,25,26,29,30,31,33,34,35,36,39,41,42,43,44,46,48,50,52,57,58,60,63,65,67,69,71,72,77,79,81,86,90,92,95,97,102,107,109,111,116,119,124,127,129,131,134,139,144,145,149,151,153,155,159,161,162,164,165,168,170,171,173,174,177,179,181,184,185,189,193,194,198 "14";
15 134 0 14,16,18,23,28,41,42,47,54,56,59,62,64,69,71,75,82,84,87,93,101,104,110,114,116,119,128,130,133,137,141,143,146,152,155,156,164,167,172,173,177,188,190,194,196,198 "15";
16 64 0 1,3,4,9,11,14,15,18,20,23,24,27,29,30,32,34,35,38,40,41,42,45,49,52,53,55,57,61,63,65,68,72,74,76,78,82,85,87,88,90,91,92,94,96,97,100,103,106,109,112,113,116,123,132,133,136,139,148,150,155,161,164,169,173,174,176,178,181,183,185,189,191,196 "16";
17 69 1 0,2,4,6,8,11,20,21,24,25,28,29,32,34,37,39,44,46,48,49,53,55,57,61,65,67,68,69,71,75,81,85,87,90,91,95,96,98,101,104,105,106,110,117,120,121,122,126,129,134,136,137,140,144,145,147,150,153,154,155,158,164,169,172,173,175,176,181,183,186,190,192,193,197,198 "17";
18 15 1 27,40,44,49,55,63,69,72,82,85,88,91,97,117,122,125,138,149,160,162,166 "18";
19 144 0 4,5,8,12,13,19,20,29,30,33,41,44,48,52,54,55,57,61,64,68,69,72,74,79,80,91,92,97,103,106,107,123,125,127,130,132,135,138,143,144,146,149,150,152,155,157,163,170,174,177,183,186,189,192,193,195 "19";
20 65 1 12,15,22,41,69,98,102,104,106,118,122,128,138,149,157,174,184,188,191 "20";
21 145 1 2,13,28,42,81,105,117,118,123,136,154,174,188 "21";
22 98 0 0,2,10,26,29,31,35,38,41,45,46,61,66,67,73,82,88,94,97,99,115,119,122,129,130,132,141,149,153,157,160,164,167,171,172,173,181,189,192,194 "22";
23 128 0 1,6,11,15,17,23,25,26,30,32,35,38,43,49,54,60,63,64,65,68,71,79,82,90,95,98,99,103,112,115,117,126,134,141,144,145,147,155,163,174,176,178,181,188,191,193 "23";
24 110 1 1,2,6,7,8,12,15,18,22,25,28,37,43,45,50,54,55,57,59,65,82,84,88,90,93,94,96,101,102,105,106,109,120,132,135,138,140,150,165,175,176,179,183,185,191,193,197 "24";
25 184 1 0,10,16,20,24,33,35,37,39,42,49,51,53,66,70,71,85,92,100,102,107,110,112,116,120,122,127,132,134,136,140,148,150,159,169,171,173,174,176,181,189,190,194,195 "25";
26 54 1 29,63,85,119,132,138,145,148,167,172,193 "26";
27 51 0 0,1,4,6,9,10,13,18,20,22,26,30,33,37,43,45,47,50,52,56,57,60,63,65,69,71,73,77,79,80,86,91,93,95,96,102,103,112,114,116,121,122,125,126,129,130,133,135,136,140,141,144,146,149,152,154,158,160,162,166,168,174,182,183,188,189,192,193,194,196 "27";
28 74 0 0,9,13,17,20,22,23,32,36,43,48,56,61,69,75,79,86,94,97,101,107,108,112,113,115,118,121,128,133,138,145,154,160,165,168,169,176,184,189,195,198 "28";
29 2 0 3,5,11,12,14,17,18,20,22,25,27,28,32,34,36,38,39,41,44,46,47,50,54,55,56,57,59,61,64,65,68,73,74,77,78,79,81,85,87,90,92,93,94,95,96,98,99,105,108,112,113,114,116,117,120,123,126,127,128,130,131,133,135,136,138,141,143,146,148,150,153,155,157,159,160,162,164,170,171,173,174,176,178,180,182,185,186,188,189,190,192,193,196,198 "29";
30 128 0 1,6,8,12,14,21,26,28,31,33,37,40,44,45,50,53,56,58,60,65,68,72,75,82,86,87,99,102,104,105,109,112,116,120,121,122,143,147,150,153,155,158,160,161,165,170,178,182,189,194,196,198 "30";
31 95 0 82,93,127,143,188 "31";
32 167 0 0,6,12,28,30,42,53,69,75,82,126,128,134,136,138,144,151,174,175,183,186,193 "32";
33 16 0 6,8,19,27,31,33,38,40,51,58,61,65,69,82,86,103,111,113,118,122,123,125,131,139,140,159,160,169,185,190,198 "33";
34 39 0 5,7,10,12,18,23,35,37,41,42,44,50,53,54,56,58,60,64,70,74,82,84,85,92,94,104,106,108,109,112,114,118,121,124,127,129,132,137,142,145,147,151,153,159,160,163,164,169,172,173,175,179,182,184,188,189,190,195,197,198 "34";
35 118 0 2,8,10,14,16,22,24,26,34,38,40,46,48,53,58,61,64,73,74,76,89,90,92,97,99,101,104,107,115,117,118,121,126,131,135,141,144,147,151,157,161,165,167,172,174,175,189,190,191,193,197 "35";
36 9 0 5,8,11,12,19,26,27,29,30,35,37,43,44,46,50,54,59,62,66,69,71,72,77,79,80,82,83,87,89,91,92,93,94,96,98,100,102,104,107,113,120,124,128,130,132,140,141,144,145,147,149,150,151,154,161,165,168,170,174,178,182,183,185,188,190,195,197 "36";
37 169 1 8,14,20,24,25,29,31,39,40,47,48,50,51,53,62,69,71,73,80,83,86,93,97,103,104,110,112,114,117,121,127,128,138,140,145,157,168,176,179,182,188 "37";
38 14 0 9,34,36,42,78,85,89,96,97,109,130,138,144,152,157,159,165,175,178,181,197 "38";
39 114 1 0,7,11,13,17,20,22,30,32,38,41,43,45,47,49,50,53,55,56,60,61,65,68,70,71,72,74,75,78,79,81,86,90,100,106,117,119,124,126,128,132,139,144,145,146,148,151,156,158,162,165,167,170,172,173,178,182,183,186,187,195,196,197 "39";
40 114 0 2,6,11,20,22,25,26,29,33,37,46,49,50,58,59,63,67,73,75,83,85,87,88,95,104,106,109,111,115,118,119,123,125,126,128,132,135,143,150,157,159,162,164,167,170,173,174,182,185,187,189,191,192,195 "40";
41 66 1 1,2,6,11,12,13,19,20,24,25,27,28,29,30,32,34,47,49,52,56,60,61,63,64,66,67,69,75,76,81,82,86,89,92,95,98,104,105,108,120,122,125,127,129,136,138,142,143,146,147,150,152,156,161,167,175,176,177,179,181,185,187,190,192,195,197 "41";
42 125 1 0,1,4,5,7,9,11,13,16,18,26,31,37,39,44,45,47,50,53,54,56,60,62,63,68,69,70,73,79,85,87,90,91,93,99,100,103,106,109,111,112,116,119,120,122,124,126,128,129,131,133,138,142,143,145,146,148,150,152,154,156,158,159,161,163,168,169,171,173,177,179,183,186,187,190 "42";
43 169 1 3,6,7,9,11,12,14,15,16,19,21,22,23,24,25,27,29,32,37,41,45,48,49,51,56,60,62,64,65,66,67,69,77,78,81,83,85,88,90,91,92,95,97,100,101,102,103,106,109,110,114,115,118,119,120,124,127,130,131,133,137,138,141,142,144,146,148,149,152,154,156,158,159,161,163,165,166,168,169,171,173,174,176,180,181,184,185,189,190,194,196,197 "43";
44 63 0 0,2,4,11,13,16,20,22,23,25,26,28,30,33,37,38,43,45,46,48,54,55,57,58,60,61,64,68,69,71,73,75,76,77,79,83,85,86,90,91,92,94,96,97,99,101,104,107,109,114,115,118,119,121,124,126,128,130,131,134,137,138,141,143,145,147,149,151,153,156,158,160,161,162,164,165,167,169,172,175,177,178,182,183,187,188,189,190,197,198 "44";
45 6 1 0,4,6,7,9,13,17,20,23,24,26,29,33,38,39,42,44,45,46,48,52,53,54,55,57,58,61,65,69,72,74,78,79,82,86,89,90,91,94,95,97,98,99,100,102,104,106,107,110,112,114,115,117,119,124,127,129,131,133,135,136,139,141,145,146,147,154,156,158,161,162,164,166,168,169,171,173,175,176,178,183,185,186,187,191,193,196 "45";
46 162 0 14,15,20,24,26,35,42,52,53,68,73,83,102,107,121,125,133,171,185 "46";
47 42 0 6,14,33,36,64,73,80,95,119,162,167 "47";
48 141 0 0,6,8,11,15,16,17,18,20,21,23,24,29,30,32,33,36,40,43,45,50,52,54,55,56,58,59,61,64,65,66,68,70,71,73,74,77,78,80,84,85,87,89,90,92,94,95,98,100,102,105,107,109,113,115,116,118,120,121,123,126,127,129,131,132,134,135,137,139,141,143,145,147,149,150,152,154,155,158,160,161,163,164,165,168,169,171,176,179,184,185,186,188,190,191,194,195,197 "48";
49 30 1 2,6,50,87,112,115,143,153,162,188,192 "49";
50 113 1 18,30,38,70,76,90,101,117,134,149,195 "50";
51 72 1 35,59,77,92,98,110,141,190 "51";
52 191 1 0,1,27,30,37,39,44,52,60,63,65,66,68,85,95,101,105,126,150,155,158,162,167,180,184,193,197 "52";
53 78 0 24,54,65,73,103,105,106,109,115,116,140,155,166,184,187,191,194 "53";
54 38 0 2,5,7,12,13,21,30,33,35,41,50,51,56,58,61,74,75,79,88,90,94,98,102,107,124,131,139,151,154,157,160,161,165,167,169,181,185,186 "54";
55 80 1 33,49,57,70,88,184 "55";
56 131 0 2,4,10,13,14,17,22,28,30,31,34,37,41,44,45,54,55,59,61,70,72,80,83,84,90,91,95,98,99,101,106,109,110,113,114,121,123,126,129,131,134,138,150,152,155,157,159,162,164,166,167,171,173,177,180,182,185,191,192,195,197 "56";
57 116 1 0,1,3,5,6,8,9,11,12,14,15,18,20,27,30,33,34,35,37,40,42,44,47,49,51,53,54,55,57,59,62,66,67,69,71,73,75,77,78,79,82,84,86,88,89,90,92,95,98,101,108,110,112,114,115,116,117,120,123,124,126,127,131,132,133,135,137,138,140,142,145,146,147,151,154,158,161,164,168,170,172,177,178,180,184,185,186,187,189,194,195,196 "57";
58 91 1 2,5,12,17,22,25,29,30,37,41,44,56,59,63,66,73,77,80,85,87,107,109,128,132,133,135,141,142,143,146,151,152,160,161,166,167,171,180,181,184,188,190,192,195 "58";
59 123 0 3,4,19,21,24,26,27,29,32,36,51,58,62,64,69,70,74,76,78,80,81,84,86,99,100,104,107,112,119,134,141,146,155,160,165,175,177,181,186,188,190,191,194,196 "59";
60 157 0 34,41,49,58,62,67,72,82,85,89,93,95,96,114,169,171,173 "60";
61 161 0 0,2,6,10,11,16,20,22,25,26,28,30,33,37,39,43,46,47,50,53,54,55,57,59,60,61,64,67,72,77,79,83,84,85,87,93,95,99,100,101,105,107,110,111,119,121,124,129,132,134,136,143,146,150,153,154,155,157,158,164,167,171,176,178,180,181,183,186,192,194,198 "61";
62 1 1 20,156 "62";
63 126 0 20,27,40,49,56,59,74,99,108,131,138,153,162,179,190,198 "63";
64 24 0 1,6,10,11,13,15,17,23,24,25,29,30,32,33,37,39,40,41,45,49,50,52,53,58,59,61,62,66,70,71,72,76,77,78,85,87,93,101,103,106,110,112,114,116,120,128,129,132,133,135,139,141,142,145,147,148,149,150,153,156,159,165,167,168,169,171,174,176,180,185,188,189,191,193,197,198 "64";
65 48 1 17,53,63,80,141,172,178,193,195 "65";
66 65 0 0,1,3,8,9,11,13,15,19,27,30,32,33,38,39,41,44,47,52,55,59,64,66,67,71,75,78,80,82,83,87,91,97,100,101,104,106,112,113,114,118,120,123,127,129,130,132,136,137,145,150,152,158,160,161,163,165,168,172,175,179,182,183,185,187,188,193 "66";
67 121 0 5,10,13,16,18,23,26,28,29,31,34,36,38,45,47,48,52,53,54,55,60,64,65,72,78,81,83,87,96,99,102,103,106,112,113,117,118,120,121,122,125,129,130,131,133,138,143,145,148,150,153,154,155,159,161,168,170,175,176,178,184,186,194,195,197,198 "67";
68 61 0 0,2,4,5,7,8,9,11,13,15,16,20,21,23,24,25,27,28,30,35,38,40,41,42,45,46,49,52,55,56,59,63,66,69,70,72,73,76,77,79,82,83,85,88,89,91,92,93,95,97,100,101,103,105,108,109,110,112,114,115,117,118,121,122,124,127,129,133,135,137,140,142,144,145,147,149,150,152,153,157,158,161,163,165,167,169,170,172,173,174,176,177,178,181,184,186,188,191,196,198 "68";
69 64 0 4,5,7,9,14,15,17,22,24,25,28,29,32,37,38,43,47,52,55,58,60,63,64,67,69,73,75,80,81,83,84,89,92,96,99,108,116,118,121,124,126,127,130,131,136,137,140,141,143,145,147,148,151,155,156,160,163,164,166,168,169,170,174,175,178,181,183,187,190,191,193,197 "69";
70 48 1 0,1,4,6,8,14,16,19,20,22,31,33,38,44,46,48,49,55,61,63,65,66,77,85,90,98,99,102,106,108,110,112,117,119,126,128,131,133,135,141,143,148,149,155,162,163,164,166,168,171,172,173,178,184,188,193,194,195,198 "70";
71 175 1 14,16,24,44,47,55,69,75,88,95,98,102,108,116,123,125,130,150,183,186,198 "71";
72 46 1 3,15,17,18,24,39,48,61,80,85,87,95,98,123,127,133,142,143,166,169,172,190 "72";
73 81 1 1,5,15,16,18,23,26,27,29,31,36,38,44,46,47,50,52,57,59,61,70,72,74,77,80,86,88,92,94,98,100,102,103,106,108,110,111,114,117,123,128,131,136,138,146,147,151,153,158,160,162,166,167,173,178,180,185,186,188,190,191,193,196 "73";
74 44 1 0,1,2,4,5,8,11,15,18,21,26,28,32,37,42,46,48,49,50,53,55,59,62,63,66,68,70,71,72,73,75,77,78,81,82,84,86,89,94,95,97,99,106,107,108,110,114,118,119,120,126,128,130,132,133,135,136,137,140,142,145,147,148,150,152,154,157,160,162,164,168,170,172,174,176,178,181,183,185,189,192,194,195,197 "74";
75 56 1 0,1,4,6,10,11,15,17,18,21,22,26,27,30,33,35,38,43,44,45,50,52,56,61,66,68,72,74,76,79,84,86,87,89,90,93,95,97,99,102,106,110,111,114,115,118,119,120,124,130,132,137,143,145,148,150,151,152,155,157,160,164,166,168,169,171,175,179,183,184,187,189,191,193,195,198 "75";
76 148 1 5,17,23,35,42,44,54,80,86,100,103,108,114,116,120,128,144,150,168 "76";
77 77 0 3,10,14,20,23,24,29,31,32,36,39,42,44,55,60,63,67,69,78,84,89,91,94,96,115,127,128,130,137,141,146,151,156,159,161,165,168,172,175,178,181,182,191,194 "77";
78 59 1 15,22,37,38,47,48,57,60,68,77,83,85,86,97,108,109,118,127,141,149,158,169,173,187 "78";
79 59 1 5,13,18,21,27,40,46,50,59,64,72,77,81,95,102,105,114,118,122,138,153,158,168,170,172,189,191 "79";
80 192 0 0,4,6,7,10,11,13,15,16,19,21,23,24,26,27,29,32,33,36,42,43,46,48,51,52,53,54,57,58,59,60,63,64,68,71,74,77,81,83,86,88,90,92,94,95,100,102,104,112,122,125,128,130,131,136,140,142,143,147,148,150,156,158,161,163,165,167,172,173,174,178,180,181,183,186,187,192,194,196,198 "80";
81 150 1 1,4,6,8,10,13,16,23,28,32,34,36,37,40,41,42,44,50,55,56,61,63,64,66,74,75,76,82,85,90,92,95,96,98,100,105,106,107,111,114,116,117,119,123,124,129,130,136,144,151,154,158,159,161,166,168,169,172,176,183,184,188,189,195 "81";
82 116 1 1,15,19,20,30,36,39,56,58,73,83,99,102,107,113,128,143,155,160,164,179,195,198 "82";
83 153 0 11,22,46,127,134,143,179 "83";
84 175 0 3,5,12,15,19,20,24,25,28,32,34,36,38,43,45,46,50,51,53,55,56,59,60,62,65,67,69,71,74,80,82,88,91,93,97,99,102,111,112,117,123,124,128,137,139,143,144,146,151,152,154,156,158,160,163,164,173,176,179,183,189,191,193,196,197 "84";
85 140 0 6,12,13,23,26,29,32,37,38,41,44,49,57,59,63,67,69,73,76,87,92,100,107,110,113,119,125,128,133,139,141,142,146,157,162,172,178,180,195,197 "85";
86 189 1 3,5,12,23,27,30,31,33,36,46,47,50,51,54,56,58,61,63,64,69,71,76,93,95,102,109,113,115,116,117,123,130,133,141,142,149,152,157,158,160,169,176,181,182,186,188,191,193,198 "86";
87 120 1 4,7,8,14,16,18,26,29,31,33,35,36,39,42,43,45,46,47,49,53,56,58,64,66,67,69,71,78,79,89,90,91,93,95,97,103,104,113,115,119,120,123,125,130,135,138,140,144,146,148,151,153,155,157,160,161,163,165,175,179,180,182,183,186,188,190,192,194,196,197 "87";
88 86 0 0,1,3,4,8,9,12,15,16,19,22,25,27,28,31,34,35,38,40,42,45,46,48,49,52,55,58,59,63,67,69,71,73,75,77,80,82,84,87,88,89,92,94,95,97,98,102,103,109,114,115,117,118,119,120,125,126,127,129,130,131,136,138,139,142,143,145,147,150,152,155,156,157,159,163,165,166,168,171,173,176,177,180,181,183,185,191,196 "88";
89 42 0 1,4,6,8,10,12,15,16,19,22,24,28,33,35,37,39,42,43,46,48,51,52,53,55,57,59,60,64,67,68,69,71,73,75,78,79,82,85,86,88,94,95,98,99,103,105,107,109,111,113,115,118,119,122,127,129,132,133,138,139,141,144,145,147,149,150,151,154,157,159,162,164,165,168,170,172,176,180,181,183,188,191,196,197 "89";
90 6 1 3,6,20,21,24,31,32,35,39,41,44,47,48,49,51,54,63,64,73,75,78,85,87,88,92,98,103,106,109,110,112,115,136,140,144,146,149,159,173,176,178,182,193 "90";
91 44 1 1,3,5,6,12,16,20,26,28,31,32,35,40,43,57,62,66,72,80,83,93,97,104,111,118,130,133,135,141,146,147,153,157,159,161,165,167,168,172,179,180,183,185,193 "91";
92 177 0 1,2,6,7,11,12,16,19,20,22,23,26,28,35,38,39,41,42,43,45,46,47,50,51,55,56,59,60,61,64,67,69,73,76,77,81,83,85,87,90,95,98,101,103,104,105,108,111,113,115,116,118,121,123,125,126,128,129,130,131,134,135,140,141,142,145,147,148,151,152,153,154,157,159,162,163,164,167,168,170,172,175,179,181,183,184,186,192,193,196,197 "92";
93 38 1 0,3,9,33,35,50,53,56,73,75,85,97,103,104,107,111,116,117,122,134,136,143,148,150,158,167,177,189,190 "93";
94 181 1 17,27,33,40,48,70,76,115,122,131,133,143,150,162,163,168,172,173,181,197 "94";
95 37 0 0,2,4,5,6,9,11,14,16,17,19,20,21,23,26,29,30,33,35,37,39,42,43,45,46,48,51,54,57,59,61,62,64,65,67,69,71,73,74,75,76,77,79,82,83,85,87,88,90,93,95,98,102,103,104,106,108,110,113,117,119,121,123,124,127,130,131,135,137,141,143,144,146,149,150,153,155,157,160,161,164,165,167,169,170,171,174,178,179,181,184,185,186,190,192,194,195,196,198 "95";
96 153 1 0,6,11,16,19,21,25,33,37,42,55,57,65,71,75,77,79,85,91,102,108,112,123,132,156,166,177,186,190,194,197 "96";
97 140 1 0,4,13,25,27,33,37,44,45,47,52,57,59,62,64,67,68,70,77,79,82,84,89,95,103,106,112,117,119,122,125,128,133,136,141,142,144,147,152,153,155,162,164,167,171,177,179,186,188,189,192,195,197 "97";
98 31 1 0,1,4,6,8,12,22,27,43,47,70,72,83,89,105,135,147,151,154,166,189,193,196 "98";
99 113 0 0,6,13,33,34,45,47,51,54,57,58,60,66,69,73,76,78,82,87,96,113,132,134,136,137,139,147,160,163,166,167,170,179,181,182,187,195 "99";
100 172 1 1,3,8,10,11,15,17,20,23,30,32,34,35,38,39,49,52,55,57,60,62,63,67,70,71,73,74,76,79,84,86,88,89,91,92,97,98,102,103,105,109,120,122,126,129,132,133,135,138,145,148,150,154,155,158,159,161,164,166,170,172,173,175,183,187,188,190,191,193,196,197 "100";
101 0 1 3,5,7,10,11,15,16,19,20,22,23,25,27,30,31,34,35,37,38,40,41,44,45,47,49,52,53,56,59,61,62,63,66,68,70,71,73,75,76,77,79,81,82,84,85,86,88,91,93,96,97,99,100,103,105,108,113,114,120,121,123,125,130,132,133,134,136,137,140,141,144,149,151,153,154,157,161,163,164,166,167,171,172,173,175,182,186,188,190,191,193,195,197,198 "101";
102 148 1 1,5,8,19,30,33,41,45,53,58,59,60,62,70,75,81,87,96,98,100,104,107,110,111,113,119,128,139,143,152,155,164,167,168,174,177,180,185,188,192 "102";
103 143 0 5,9,11,14,17,35,47,52,60,61,93,95,97,121,143,145,158,181,185 "103";
104 110 1 0,2,5,7,9,10,15,18,20,23,31,33,37,39,40,46,48,50,56,57,62,69,77,78,80,83,86,87,93,96,103,105,107,110,112,121,125,126,132,143,146,150,151,155,163,166,169,170,171,174,176,177,179,182,186,188,190,192,196 "104";
105 42 0 4,25,70,93,133,137,144,151,166 "105";
106 92 0 22,42,91,93,95,117,160,177 "106";
107 155 1 2,6,8,14,16,18,19,23,25,28,29,32,36,46,50,53,55,57,59,66,69,71,73,75,78,82,83,85,88,90,92,96,99,104,107,111,112,115,123,125,127,131,141,144,148,150,151,153,156,161,163,165,166,168,172,174,179,180,182,183,185,186,188,191,193,194,196 "107";
108 77 0 0,2,7,10,30,63,72,77,80,106,107,119,133,138,145,169,171,180,186,189 "108";
109 152 1 0,3,6,10,13,15,17,18,21,23,24,27,31,32,34,36,37,39,41,43,44,48,49,51,52,56,57,58,61,62,63,65,66,69,71,72,73,74,75,76,78,80,83,85,89,91,96,98,101,102,104,106,107,109,111,113,116,118,120,122,123,125,127,131,133,134,137,143,144,148,149,151,152,156,158,162,163,164,165,167,169,173,176,177,179,180,183,185,187,189,190,192,194,195 "109";
110 172 0 12,18,27,36,53,57,67,70,78,79,81,87,97,106,116,118,125,127,132,138,140,151,161,163,166,172,181,187,190,194,197 "110";
111 14 1 20,22,36,39,41,76,97,100,120,130,147,148,167,185,189,195 "111";
112 188 0 1,8,9,11,12,22,28,31,38,40,47,51,57,59,63,71,79,85,88,91,93,101,103,105,108,114,115,120,123,125,126,135,138,141,147,151,153,160,162,171,176,180,182,187 "112";
113 124 1 1,5,6,9,14,19,22,25,26,28,29,32,46,48,49,52,53,56,58,62,64,71,74,78,81,83,86,88,89,93,95,117,119,122,124,127,131,132,134,140,148,154,155,166,167,177,180,182,191,197 "113";
114 152 0 16,17,30,31,42,43,46,49,51,57,59,66,70,80,84,87,91,92,94,96,97,99,101,103,105,118,122,125,126,129,131,134,136,138,140,143,148,149,150,154,158,160,167,169,175,178,182,186,187,188,191,194,196,197 "114";
115 7 0 0,1,5,7,10,11,13,15,17,19,23,25,28,35,36,38,40,47,51,54,55,57,59,60,61,63,65,66,67,69,71,76,78,80,83,84,86,88,89,92,93,95,99,100,101,107,109,111,113,115,118,120,123,124,126,128,131,133,137,138,143,145,147,149,153,157,158,160,162,166,168,170,174,176,178,179,181,182,183,188,189,191,194,198 "115";
116 24 1 1,3,5,8,9,11,15,17,21,22,24,25,30,32,33,38,39,40,41,43,45,47,48,49,54,56,58,63,65,68,70,71,72,74,77,78,80,82,83,86,87,89,91,92,95,97,100,102,103,105,106,108,109,111,112,116,117,119,122,124,129,132,136,138,141,142,143,145,146,148,150,152,153,156,157,160,163,165,167,170,172,174,175,179,181,183,185,191,193 "116";
117 19 0 1,2,4,5,7,10,12,14,15,19,20,22,23,25,27,28,33,35,39,41,43,46,49,50,51,52,54,57,60,61,64,65,69,71,72,73,80,81,84,86,88,89,91,92,96,97,99,102,104,105,107,109,112,114,115,117,119,121,123,124,125,126,128,132,137,139,141,142,144,145,147,148,150,151,152,154,158,162,164,167,171,172,175,178,180,181,183,185,187,188,189,190,194,197 "117";
118 67 1 0,3,5,6,11,13,15,18,21,25,28,33,37,38,39,42,44,46,49,50,52,54,55,57,58,60,65,67,70,72,74,76,78,84,88,89,92,94,95,98,109,112,114,115,117,118,121,124,125,127,128,131,134,135,142,143,145,146,150,151,159,160,162,165,171,173,176,178,181,183,185,187,190,193,194,196,197 "118";
119 193 0 0,14,24,26,36,39,40,43,44,51,55,58,67,70,78,93,97,111,113,119,130,134,137,139,153,157,163,169,171,181,193,197 "119";
120 197 0 0,2,4,8,13,18,21,23,24,27,28,29,30,38,39,41,46,47,48,51,56,59,61,62,64,66,67,69,71,73,75,77,79,86,87,89,90,91,94,96,98,100,101,103,106,107,109,111,112,114,116,119,123,126,130,131,134,135,137,138,140,141,143,145,147,149,150,152,153,155,156,159,160,162,163,166,167,169,170,172,174,176,177,180,181,184,185,187,191,196,198 "120";
121 26 0 0,1,2,4,6,8,10,13,16,17,18,20,21,25,27,28,29,30,32,36,37,39,41,44,45,48,50,51,53,54,56,58,59,61,64,68,69,71,72,74,80,82,84,85,86,88,90,94,95,99,100,102,104,106,110,113,115,118,120,121,124,125,126,130,131,134,136,139,142,143,148,149,150,151,153,157,159,162,164,165,168,169,171,172,174,177,178,180,181,185,186,188,192,194,195,197,198 "121";
122 131 1 2,15,18,34,37,41,42,46,48,55,61,62,65,94,95,96,97,121,129,148,157,167,171,175,177,183,185,195 "122";
123 53 0 0,2,5,7,8,9,11,12,14,17,20,21,22,25,26,29,31,33,35,37,39,40,42,44,45,48,51,53,55,56,58,60,61,63,65,70,72,75,76,78,80,82,84,86,92,94,95,97,100,102,103,106,108,111,112,113,116,122,124,128,129,131,133,134,135,138,139,141,144,145,146,149,151,152,153,154,157,158,161,162,164,166,169,172,173,175,176,178,180,182,184,187,189,190,192,194,197,198 "123";
124 130 0 0,1,6,8,11,13,15,17,19,21,25,26,28,30,31,33,35,36,41,44,46,47,51,52,54,56,58,61,63,66,67,68,73,75,76,78,79,84,85,87,89,91,93,94,97,100,102,104,105,107,109,110,111,115,116,117,119,121,123,125,128,131,134,137,138,142,144,146,149,153,154,155,159,161,162,167,172,174,175,179,180,183,187,188,191,193,196,197,198 "124";
125 10 1 4,6,8,11,14,20,22,46,58,59,64,78,82,91,96,108,109,116,118,121,128,166,173,187,191,193 "125";
126 130 0 0,2,3,5,6,9,13,24,26,27,32,33,37,39,41,44,47,49,55,57,60,62,65,67,68,70,72,73,75,76,77,81,83,86,88,90,93,95,96,97,99,100,102,103,107,109,110,112,114,116,119,120,122,123,124,127,129,132,134,136,142,143,147,148,150,153,156,161,170,172,173,176,178,180,182,183,185,188,197,198 "126";
127 159 1 1,3,12,15,22,24,25,28,29,33,36,40,42,47,53,56,60,61,64,71,73,85,97,106,109,111,115,121,125,129,131,132,134,142,144,145,147,153,157,161,163,166,168,170,178,179,183,197 "127";
128 138 0 10,22,26,38,49,51,57,63,81,83,93,102,113,115,119,175,198 "128";
129 194 0 18,29,52,167,183,190 "129";
130 133 0 11,27,49,69,126,132,153,161,172 "130";
131 66 0 6,14,20,25,54,71,88,102,111,119,129,150,176 "131";
132 49 0 144,175 "132";
133 45 0 2,3,5,7,10,16,20,24,26,28,29,38,44,46,48,50,52,54,56,59,61,63,66,68,70,74,77,78,80,81,82,83,85,88,89,91,93,95,97,100,101,102,104,107,110,111,115,118,119,122,123,129,133,136,138,139,143,144,152,154,158,160,162,163,164,170,171,173,174,177,179,180,181,185,186,193,196,198 "133";
134 144 1 7,28,31,49,53,70,76,85,93,95,98,117,144,152,158,177 "134";
135 102 0 0,5,9,13,16,20,21,25,27,31,33,38,39,43,47,48,50,52,54,56,57,60,62,64,69,72,74,79,82,83,86,87,90,93,94,96,98,101,102,105,109,112,113,115,117,121,125,132,135,139,145,147,149,150,152,155,156,158,162,172,174,175,176,178,181,182,183,185,187,192,198 "135";
136 191 1 7,19,23,44,70,78,109 "136";
137 20 1 1,3,4,6,10,12,13,16,18,19,21,23,26,28,32,33,35,37,44,46,47,49,50,53,54,55,56,58,61,62,65,68,71,73,76,78,79,81,87,93,98,101,107,110,113,115,116,119,120,123,124,126,130,132,135,137,138,139,143,144,145,147,149,153,156,158,159,161,164,168,171,177,179,182,184,186,190,192,194,195,196 "137";
138 116 0 0,1,16,17,19,20,22,24,26,32,36,45,51,53,56,61,63,65,72,73,76,78,82,83,85,90,94,96,97,99,100,104,107,109,111,114,116,123,124,127,129,132,140,143,150,152,155,158,161,163,165,166,168,173,174,177,180,185,187,192,195,197 "138";
139 136 1 0,1,4,8,11,13,15,20,22,24,25,29,33,35,36,47,49,54,58,60,63,68,75,78,80,83,85,88,90,92,100,106,112,114,116,117,119,121,122,126,128,130,132,134,136,138,141,143,146,149,150,158,160,164,173,175,176,183,184,188,192,193,195,196 "139";
140 181 0 10,25,27,32,40,51,69,74,78,86,95,104,108,115,117,120,125,132,149,157,165,170,174,179,181,191 "140";
141 120 1 5,9,35,53,67,75,83,86,94,95,98,99,117,128,136,153,155,157,163,166,173,188,193 "141";
142 27 0 19,23,28,44,49,76,110,134,167 "142";
143 3 1 11,59,67,106,117,121,179 "143";
144 124 0 3,6,9,16,24,25,36,40,43,45,48,51,60,62,69,70,75,84,92,95,97,102,106,107,109,115,118,121,126,127,133,137,141,143,145,148,150,155,157,161,164,166,174,179,181,186,190,191 "144";
145 83 1 0,3,5,10,13,17,21,23,35,37,40,42,49,54,55,59,62,68,74,76,82,88,92,93,100,103,106,107,114,119,129,142,144,147,150,154,157,164,168,170,172,176,183,185,187,196 "145";
146 39 1 4,5,7,9,11,12,14,19,20,24,26,30,32,34,35,43,44,45,47,50,52,55,62,65,66,70,77,81,87,88,96,100,103,105,113,119,124,128,131,136,144,148,151,155,156,159,161,163,165,169,171,173,180,183,188,192,196,197 "146";
147 12 0 70,74,102,116,120,129,139,163,169 "147";
148 164 0 4,6,14,15,18,19,22,25,28,32,35,39,43,48,49,57,59,61,71,77,78,87,90,92,95,104,108,109,117,121,125,131,133,134,136,140,143,144,153,155,158,159,160,164,167,176,178,185,187,196 "148";
149 81 1 1,2,4,5,7,13,15,16,17,23,25,30,33,36,38,41,42,46,48,49,52,54,57,58,66,68,69,72,74,76,78,80,82,84,85,87,88,90,92,95,98,99,103,104,106,108,110,111,114,115,117,119,122,124,125,129,130,136,139,144,145,151,153,157,160,161,164,166,171,173,176,178,181,183,184,187,188,190,193,196,197 "149";
150 161 0 2,3,4,18,23,29,40,47,49,50,60,66,77,87,102,114,121,125,128,141,144,148,165,168,171,175,193 "150";
151 40 1 0,4,8,12,13,15,17,20,21,23,26,29,30,34,35,36,38,40,43,45,46,48,49,50,51,52,54,56,60,62,63,65,68,70,72,74,75,76,77,80,81,84,85,87,90,91,93,95,98,99,101,102,103,105,106,109,111,113,114,118,119,122,123,126,128,130,131,133,135,138,139,141,143,146,148,150,156,158,160,162,167,169,170,172,174,176,180,181,184,186,189,193,196,198 "151";
152 7 1 0,2,4,7,9,11,12,13,15,19,21,24,27,28,29,36,42,46,47,50,52,58,60,62,65,67,69,73,74,77,82,84,85,87,95,98,99,100,102,108,110,112,114,122,123,126,132,137,139,140,144,149,151,155,157,160,161,164,167,168,170,176,177,180,182,185,186,189,192,194,195 "152";
153 12 1 5,7,16,19,20,24,28,30,33,34,44,50,51,52,54,55,64,66,68,70,71,78,80,81,83,89,91,92,96,101,104,105,108,110,111,113,116,121,124,125,126,130,134,137,139,142,148,154,158,162,168,174,175,177,184,190,192 "153";
154 198 1 3,10,13,15,18,20,23,25,29,41,43,48,51,53,54,57,59,62,63,66,74,76,77,79,90,91,94,99,104,106,114,116,118,120,126,127,132,133,137,139,144,145,146,148,152,153,157,161,162,170,178,180,184,187,191,193,196 "154";
155 185 0 0,4,7,9,10,12,13,15,18,20,24,27,28,32,36,37,41,43,44,45,46,48,50,53,56,58,61,64,65,70,74,77,82,84,87,88,89,90,91,95,101,103,107,109,111,112,115,117,118,120,122,123,126,128,131,133,136,141,143,144,146,148,150,151,153,154,158,159,161,167,169,171,172,175,177,179,181,182,191,193,196 "155";
156 55 1 28,30,45,52,83,93,138,183 "156";
157 84 1 47,58,69,154,159,164 "157";
158 29 0 2,4,6,9,17,19,22,26,28,32,36,39,42,49,51,53,55,66,73,74,77,85,89,93,101,109,114,120,122,125,126,136,139,144,149,154,155,167,168,170,173,177,180,182,197 "158";
159 84 1 0,2,3,4,7,11,12,14,15,17,22,24,27,35,38,40,45,46,55,57,60,62,66,72,77,78,80,92,94,95,98,99,100,103,109,111,115,117,118,122,124,125,134,142,146,149,153,155,157,162,181,183,184,186,188,190,192,196 "159";
160 54 1 62,83,99,118,139,142,167,182 "160";
161 113 0 21,26,29,30,34,41,43,54,59,65,81,100,106,107,108,114,126,131,136,149,173,182,192 "161";
162 77 0 0,3,6,8,10,16,25,26,33,35,38,40,51,53,55,59,69,90,95,97,100,105,106,111,114,116,121,122,132,133,139,142,153,157,161,164,168,177,178,182,186,190,191 "162";
163 101 1 0,4,6,8,10,14,15,16,20,25,29,36,37,39,42,49,51,53,58,60,63,69,71,74,76,77,79,80,82,84,88,90,96,100,103,109,110,113,122,126,127,128,130,133,135,137,141,142,144,149,152,158,160,161,166,168,169,171,177,185,188,191,193 "163";
164 85 1 7,11,13,15,21,24,26,28,33,36,42,46,50,58,65,67,71,81,84,87,89,109,110,116,120,122,124,132,135,141,142,148,150,154,155,157,161,167,168,175,180,182,190,191,196 "164";
165 181 1 22,52,66,76,93,99,112,118,122,126,149,171,188 "165";
166 121 0 3,17,18,42,46,54,55,70,79,84,91,94,102,107,120,126,129,134,141,144,153,163,174,186,191,195,197 "166";
167 77 0 0,4,5,8,11,20,25,35,37,58,59,61,65,66,71,76,79,83,86,98,104,107,111,133,136,138,141,147,152,154,169,171,173,182,189 "167";
168 197 0 11,14,24,44,60,70,91,109,137,145,147,181,182,186,188 "168";
169 30 1 0,5,7,8,10,12,13,14,16,17,18,20,22,23,27,31,32,35,36,37,40,42,45,46,48,50,51,53,54,55,57,60,61,62,67,70,72,73,77,79,82,85,86,87,91,94,95,97,98,99,100,102,104,109,112,114,115,116,117,119,121,123,125,126,129,130,133,136,137,140,142,145,147,149,151,153,156,157,158,160,161,163,164,167,170,171,173,175,177,180,181,183,187,188,189,190,192,193,196,197 "169";
170 157 0 0,15,27,53,55,58,71,73,80,82,102,110,114,116,132,138,139,152,155,181,194,197 "170";
171 27 1 0,2,3,5,8,9,10,12,13,16,17,19,20,25,26,27,30,32,33,36,38,47,51,53,56,57,58,60,61,62,65,66,68,71,72,74,76,77,79,82,84,87,88,89,92,94,98,99,102,105,106,108,109,112,114,116,118,119,123,124,126,128,130,131,135,136,143,144,154,155,157,159,160,163,165,166,168,173,174,175,178,179,182,184,187,188,191,194,196,198 "171";
172 145 0 72,105 "172";
173 5 0 3,4,5,9,10,13,20,32,55,78,85,93,114,132,137,144,151,165,177,182,184,192,194 "173";
174 197 1 12,15,16,18,19,21,22,25,29,34,35,38,39,41,44,46,51,53,54,55,57,61,63,65,67,68,70,72,80,82,84,86,89,90,92,94,96,104,107,109,110,112,113,114,116,122,124,125,126,129,130,138,141,146,148,150,154,157,158,161,162,165,168,169,172,175,177,180,182,185,188,189,190,195 "174";
175 125 0 0,9,13,16,29,33,38,41,56,84,97,114,120,133,137,142,152,155,173,192,197 "175";
176 152 1 3,10,16,32,42,45,49,61,68,73,74,85,94,95,100,105,114,115,122,127,136,139,143,147,149,153,155,163,165,167,174,185,194 "176";
177 18 1 0,3,7,9,10,13,18,19,21,23,24,27,34,35,41,43,44,46,48,49,51,52,53,55,57,58,60,61,63,67,69,70,71,76,79,81,82,84,85,87,92,96,99,101,102,104,105,107,109,110,112,113,115,117,118,119,122,124,125,128,131,134,140,141,144,145,146,147,148,150,153,156,158,159,163,165,169,172,173,176,178,181,182,183,186,187,192,193,194,196 "177";
178 90 0 8,12,15,18,23,24,30,34,36,38,42,53,55,61,64,68,70,75,80,89,93,95,97,101,103,104,109,112,114,116,123,126,131,132,146,149,151,156,158,160,162,164,166,170,173,188,195,197 "178";
179 72 0 0,2,4,6,7,9,13,17,18,20,23,26,30,36,39,43,47,49,53,57,58,62,64,71,74,76,77,80,81,83,86,88,93,94,96,98,100,102,104,105,108,110,113,117,121,124,127,133,136,137,139,141,142,143,151,156,158,160,163,165,167,170,171,174,176,177,180,185,187,188,191,195,197 "179";
180 22 0 0,1,9,10,12,18,21,25,28,30,33,34,35,37,38,43,47,48,50,52,66,68,72,76,78,88,89,90,93,103,108,114,118,121,123,127,129,131,137,140,142,145,158,160,162,172,173,175,179,181,184,186,192 "180";
181 145 0 0,10,17,21,23,27,33,36,41,43,46,48,50,52,57,59,62,64,66,68,69,71,74,76,86,89,94,96,97,104,107,109,110,114,117,118,120,123,125,135,138,142,143,146,150,162,168,171,174,176,178,181,185,189,192,194 "181";
182 116 1 3,6,7,11,13,17,18,23,27,31,33,34,36,37,41,42,45,52,56,65,69,71,73,75,76,78,80,82,85,87,90,91,95,97,99,100,103,109,115,116,117,121,122,130,133,134,135,136,137,140,142,148,152,157,159,160,162,165,167,168,172,174,175,177,180,183,185,188,190,191,193,195,197,198 "182";
183 155 1 1,11,12,18,20,27,30,34,43,47,51,52,58,60,73,77,82,102,107,112,124,126,135,145,168,176,182,185,188,191,194,195 "183";
184 72 0 3,21,27,32,34,36,37,42,44,47,53,58,66,70,98,101,104,105,108,116,117,122,128,130,142,147,149,152,154,155,158,159,161,173,175,178,184,190,198 "184";
185 107 0 23,45,52,57,59,60,96,103,130,132,140,151,156,185,189,197 "185";
186 26 0 2,3,7,9,10,12,14,15,17,18,23,26,27,30,31,32,35,36,37,39,44,52,54,57,59,62,65,71,72,74,75,77,80,85,92,95,96,99,105,108,110,111,113,114,115,117,118,120,122,125,128,129,131,135,137,141,144,145,149,150,152,153,154,156,161,163,167,170,172,177,179,181,187,189,190,191,196 "186";
187 95 0 0,1,2,5,7,9,11,12,14,16,17,21,27,29,30,31,33,34,36,38,39,41,43,44,46,48,49,50,53,54,55,56,57,59,60,61,64,69,70,72,73,75,77,79,80,83,86,88,90,92,93,94,95,96,98,100,101,103,105,108,109,111,113,115,118,122,126,127,131,133,136,138,141,143,144,146,148,149,152,153,155,156,158,162,164,166,169,171,173,176,178,180,182,183,185,186,190,191,193,198 "187";
188 122 1 0,1,3,8,9,10,11,14,15,20,21,23,26,27,29,30,32,33,34,37,40,41,42,46,48,49,53,55,56,60,62,66,67,74,76,77,82,84,85,87,88,91,94,96,97,98,100,104,108,113,115,117,119,121,122,125,127,128,131,133,134,137,140,143,144,146,152,155,160,164,169,172,174,177,180,182,185,186,187,188,191,193,195,197,198 "188";
189 138 1 0,2,4,7,11,13,17,19,20,25,30,32,35,38,41,43,45,48,50,54,55,62,67,69,70,72,75,76,77,79,81,82,84,85,88,91,101,111,113,116,117,120,124,126,128,130,131,136,141,142,147,149,151,156,157,159,162,163,166,173,178,181,183,184,185,187,192,194,196,198 "189";
190 110 1 0,2,4,6,8,9,11,12,16,17,19,21,23,26,27,30,31,34,36,37,39,41,43,45,47,49,50,51,53,54,56,58,59,61,62,65,68,73,74,78,79,81,82,84,85,87,88,89,91,92,93,94,96,98,100,102,104,106,109,113,117,118,119,122,123,126,127,129,130,131,132,134,136,138,139,140,142,143,145,148,149,151,153,156,159,161,165,168,169,172,175,177,178,180,181,185,186,195,197 "190";
191 76 0 7,8,10,14,18,20,24,28,32,35,36,42,44,47,50,52,53,56,57,59,64,65,67,69,71,73,76,77,81,83,84,92,93,95,97,99,108,111,114,115,118,121,127,129,133,140,148,150,153,157,160,162,165,167,168,176,178,181,182,183,187,195,197 "191";
192 183 1 3,7,9,13,14,18,20,23,25,27,33,36,37,41,44,46,50,51,64,68,71,77,82,83,85,88,90,94,96,97,98,102,104,111,115,119,120,127,129,131,133,136,138,141,142,146,149,152,157,165,167,172,174,180,186,189,197,198 "192";
193 108 1 39,43,63,72,114,145,151,164 "193";
194 94 1 1,2,3,5,8,10,15,18,23,24,26,35,37,39,41,42,44,47,48,49,53,57,58,61,65,68,69,72,73,76,80,82,83,84,91,93,94,97,100,101,105,108,110,112,114,117,119,124,126,127,132,134,136,137,139,141,145,148,150,154,157,158,161,163,164,168,169,173,174,180,181,185,187,188 "194";
195 24 1 0,35,44,72,111,145,149,164 "195";
196 129 1 5,8,20,27,32,35,62,71,98,129,131,137,140,157,186,195 "196";
197 175 1 0,1,10,11,17,22,23,24,25,27,31,33,36,37,39,42,45,52,56,58,59,65,72,75,84,86,94,95,96,98,100,104,107,110,112,117,118,123,124,126,131,133,134,137,139,143,144,149,154,161,162,165,168,169,171,180,183,185,187,190,195 "197";
198 21 0 6,9,14,15,17,21,23,25,27,33,44,45,48,53,61,65,69,71,75,79,82,85,87,93,94,96,98,100,106,108,113,117,124,127,130,140,142,147,148,150,151,155,157,161,166,170,172,175,198 "198";
