parity 25;
0 5 0 20,22 "0";
1 2 1 5,10,17,24 "1";
2 6 1 0,7,8,16 "2";
3 6 1 6,8,20 "3";
4 1 0 5,10,12,15,19,23 "4";
5 1 1 3,4,7,10,11,13,14,15,16,20,21,25 "5";
6 26 0 1,5,13,17,21,24,25 "6";
7 12 1 3,5,7,9,11,17,20,22,24,25 "7";
8 20 1 0,3,5,6,11,12,17,18,20,22,25 "8";
9 6 0 1,2,8,10,17,18 "9";
10 14 1 0,2,4,6,8,9,10,12,14,17,19,22,23 "10";
11 7 1 1,2,4,6,8,11,13,16,17,19,21,22,25 "11";
12 23 1 0,2,6,9,15,18,20,22,23,25 "12";
13 3 0 4,14,16,18,21,23,24 "13";
14 8 0 1,5,8,9,11,13,20 "14";
15 9 1 4,17 "15";
16 14 1 4,17 "16";
17 7 0 1,8,10,13,18,20,23 "17";
18 24 0 0,1,3,7,13,14,18,19,21,23,25 "18";
19 15 0 0,2,3,4,6,8,12,14,17,18,21,22,25 "19";
20 10 1 3,4,6,11,12,17,23,25 "20";
21 15 1 2,7,11,13,21 "21";
22 10 1 1,3,5,6,10,14,16,18,21,23,25 "22";
23 17 0 1 "23";
24 25 0 1,10,12,13,19,23 "24";
25 20 1 0,2,3,5,8,11,13,15,17,21,23 "25";
