parity 29;
0 25 0 0,4,17,19,26 "0";
1 14 1 11,19 "1";
2 19 1 2,3,7,8,10,12,14,16,20,22,24,26,29 "2";
3 17 0 1,3,4,7,8,10,13,14,16,18,21,23,27,28,29 "3";
4 1 0 2,4,10,15,24,27,28 "4";
5 5 1 1,3,16,23,29 "5";
6 6 1 4,21,29 "6";
7 5 1 4,9,10,20,24 "7";
8 23 1 16 "8";
9 1 0 3,10,17,25 "9";
10 29 0 2,3,5,6,11,17,18,21,22,29 "10";
11 6 1 0,2,7,8,10,11,13,15,16,18,20,27,29 "11";
12 23 0 0,3,6,10,11,14,16,17,20,22,25,27,28,29 "12";
13 7 0 8,10,15,23,27 "13";
14 9 1 2,4,6,10,15,26 "14";
15 28 0 1,2,3,11,13,15,18,20,23,25,27,29 "15";
16 10 0 0,2,5,9,11,18,19,21,24,25,28 "16";
17 14 0 16 "17";
18 20 0 4,11,14,23,27,28 "18";
19 18 0 0,4,6,9,12,15,20,22,27,29 "19";
20 14 1 5,7 "20";
21 20 1 0,3,5,7,9,11,12,14,19,21,24,25,27,29 "21";
22 14 0 0,25,27 "22";
23 10 1 0,2,4,6,10,13,14,16,18,19,20,23,24,25 "23";
24 24 0 0,2,5,7,9,10,12,13,17,25,28,29 "24";
25 19 0 2,6,7,9,10,14,16,17,18,20 "25";
26 0 1 11,15 "26";
27 17 0 2,5,22 "27";
28 6 1 0,2,4,7,9,15,19,21,25,27,29 "28";
29 27 1 6,13,17,21,23,25,29 "29";
