parity 94;
0 59 0 11,18,23,31,33,48,60,73,74,92 "0";
1 86 0 0,1,3,5,7,9,13,17,18,20,21,22,24,25,27,28,30,31,32,34,36,38,40,42,45,49,52,54,55,56,59,60,63,64,66,67,70,72,76,78,80,81,83,86,88,90,92,94 "1";
2 18 0 11,15,19,21,30,40,75,76,78 "2";
3 57 0 2,3,5,7,9,11,18,20,23,24,26,27,29,30,32,36,43,44,46,47,51,52,53,54,59,60,62,66,67,69,71,73,75,78,80,82,83,86,89 "3";
4 94 0 2,5,6,10,12,15,23,25,31,34,37,39,40,41,42,47,52,56,60,65,71,76,78,83,86,93 "4";
5 6 1 0,1,3,5,6,9,10,11,18,21,24,26,27,28,30,35,37,38,39,41,42,44,47,49,56,58,64,70,72,75,79,80,83,85,89,90 "5";
6 51 1 0,1,2,6,7,9,10,12,13,16,18,19,22,24,26,27,29,30,31,33,35,36,37,39,41,44,45,49,52,56,58,60,61,62,65,67,69,72,73,75,76,80,85,86,90,91,92,94 "6";
7 20 0 0,1,4,8,9,11,14,19,23,24,27,28,31,32,35,37,39,40,45,48,50,52,53,57,59,64,66,68,70,72,74,76,77,80,81,83,87,89,90,93,94 "7";
8 44 1 0,5,9,11,12,19,28,38,53,58,60,65,72,77,79,84,91,94 "8";
9 51 0 2,7,11,12,20,21,30,34,38,40,42,52,55,58,62,67,75,77,81,83,86,88,92 "9";
10 84 1 11,30,37,82 "10";
11 41 0 2,4,7,8,12,14,16,18,20,24,26,27,28,31,35,37,38,42,44,46,49,50,54,55,57,59,60,61,65,69,71,72,73,75,76,79,81,82,83,87,88,89,90,91,92,94 "11";
12 15 1 1,27,32,34,48,64,67,81,87 "12";
13 0 0 15,36,49,51,63,70,73 "13";
14 66 1 52 "14";
15 44 1 4,12,14,17,20,25,30,32,44,47,50,52,57,59,63,66,69,71,78,85,87,89,91 "15";
16 69 1 1,2,4,7,9,11,15,18,19,21,23,25,26,30,32,33,35,36,37,39,40,42,44,45,47,49,50,52,53,57,64,66,69,71,72,74,75,78,81,83,86,89,92,94 "16";
17 17 1 0,2,4,7,11,15,16,22,24,25,27,29,35,42,50,71,77 "17";
18 89 0 11,15,58,72,77,83 "18";
19 20 1 0,3,4,6,8,9,13,14,15,18,22,24,25,27,29,30,31,34,36,37,38,40,43,49,51,53,59,62,65,66,69,73,75,76,77,80,82,84,86,88,90,91,93 "19";
20 4 0 57 "20";
21 36 0 1,4,7,11,17,22,24,36,46,62,73,77 "21";
22 90 1 8 "22";
23 94 1 15,20,51,56,68,89,92,94 "23";
24 45 1 1,14,36,52,57,70,76,90 "24";
25 73 1 9,12,18,19,27,36,39,40,41,43,46,50,51,53,56,57,62,63,66,73,74,91 "25";
26 71 0 1,8,17,21,33,38,57,59,62,64,73,80,81,85,87 "26";
27 92 1 7,11,22,36,37,39,41,44,45,48,50,53,63,67,75,80,87,93 "27";
28 34 1 6,10,14,22,32,34,36,47,48,52,71,75,80,87,88,90 "28";
29 37 0 29 "29";
30 27 0 8,16,41,63,66,71,76,78 "30";
31 37 0 9,25,31,35,37,40,41,49,51,53,58,73,81,82 "31";
32 72 0 8,23,26,29,33,34,37,41,56,59,70,76,80,82,86,91 "32";
33 51 0 0,8,11,18,21,22,27,28,30,31,37,39,41,46,47,53,55,58,59,66,70,72,73,76,80,85,88,92,94 "33";
34 61 0 0,3,8,10,11,12,16,18,21,22,23,26,29,31,38,40,44,47,48,51,55,57,58,59,61,63,66,68,69,71,73,74,76,78,80,83,86,90,93,94 "34";
35 78 1 44,47,57,70,91 "35";
36 95 0 28,34,38,43,45,47,54,55,90 "36";
37 3 1 1,7,11,24,26,27,28,31,33,36,40,45,51,56,59,61,62,64,71,82,86,92,93 "37";
38 94 1 1,2,4,6,9,11,13,19,20,23,24,26,29,32,33,35,39,40,44,46,48,52,54,56,57,58,63,68,71,73,74,76,80,82,83,85,88,90,92 "38";
39 82 0 0,1,13,16,17,22,25,28,32,37,39,40,45,47,49,50,51,55,59,60,61,66,69,74,76,78,81,83,84,85,86,90 "39";
40 76 1 3,13,28,45,50,74,78,81,88 "40";
41 8 1 0,2,5,8,14,20,23,32,45,58,66,76,77,79,83,85,86,88,94 "41";
42 76 0 37 "42";
43 16 1 0,14,28,31,40,45,47,52,76,87 "43";
44 94 1 10,13,21,27,29,60,67,75 "44";
45 58 1 0,10,12,19,33,52,82,85,92 "45";
46 61 0 2,5,7,10,11,16,23,25,30,32,35,36,43,46,56,57,58,65,66,69,73,74,75,78,80,81,83,85,88,91,93 "46";
47 46 0 2,3,6,8,12,15,21,25,28,30,33,34,35,37,40,43,50,51,52,59,60,62,64,74,79,84,87 "47";
48 59 0 3,11,16,26,31,33,39,42,45,51,52,57,63,66,73,75,79,80,85,93 "48";
49 63 1 0,1,3,4,6,7,9,12,14,15,17,18,22,24,26,28,30,32,35,37,40,42,43,44,46,47,49,50,53,55,57,61,63,64,66,68,69,73,76,77,80,82,84,86,88,91,92,94 "49";
50 30 1 0,1,2,4,5,8,9,13,15,19,24,27,29,31,38,40,41,43,46,47,54,55,61,62,64,65,67,68,70,72,74,76,77,81,82,84,86,87,92,93 "50";
51 10 0 4,5,8,11,13,22,24,33,36,42,55,60,62,63,65,71,75,76,78,84,87,91,93 "51";
52 1 0 1,7,15,16,17,20,24,30,33,34,40,47,48,51,54,60,63,64,67,73,74,75,77,78,82,85,87,89,91,92,94 "52";
53 46 0 2,4,5,12,14,15,17,19,25,37,40,41,46,47,48,52,53,58,65,66,69,70,74,78,81,83,84,87,90,91 "53";
54 84 1 0,2,5,7,12,16,20,24,27,29,30,34,43,46,49,50,51,55,56,57,62,67,69,71,73,76,77,80,82,88,90,94 "54";
55 63 0 4,7,12,13,16,18,22,25,35,36,39,42,44,47,49,50,51,56,60,65,72,77,82,86,88,94 "55";
56 73 0 2,5,11,16,21,23,26,32,51,59,61,64,72,81,91,93 "56";
57 18 0 1,4,5,6,12,24,26,27,42,44,50,59,61,69,77,81,84,86,89,92 "57";
58 21 0 9,10,16,24,26,27,34,36,40,47,56,63,75,82,88 "58";
59 93 0 1,5,8,12,16,27,28,32,33,35,41,43,45,46,48,51,52,53,57,59,61,68,71,72,74,77,79,81,83,89,91 "59";
60 84 1 1,38,48,59,61,70,77,78,82,85,89 "60";
61 57 1 40,42,47,70,88 "61";
62 22 1 1,2,4,5,8,12,15,17,18,22,23,27,32,36,37,41,42,50,52,55,58,63,67,69,73,74,78,79,86,90,91,93,94 "62";
63 88 0 1,3,7,9,14,23,30,49,52,58,60,77,85,88 "63";
64 29 1 5,28,31,39,50,56,57,66,68,71 "64";
65 24 1 0,1,2,3,6,12,14,16,18,23,24,26,29,33,35,37,39,41,42,44,47,48,52,54,58,60,62,64,67,68,70,72,74,81,84,88,90 "65";
66 13 0 10,15,17,33,55,91 "66";
67 64 0 0,2,3,8,11,12,14,17,24,27,30,34,37,38,45,51,52,57,62,64,70,75,79,81,82,84,85,90,92,93 "67";
68 60 1 1,3,7,11,14,18,19,21,22,25,27,30,33,35,36,38,40,42,43,45,46,48,50,53,54,63,66,68,70,71,74,76,82,84,87,89,91,94 "68";
69 29 0 0,4,9,17,19,21,25,26,30,33,39,41,43,48,51,53,56,58,59,60,63,66,67,69,74,79,81,84,86,88,89,93,94 "69";
70 10 0 0,1,2,8,9,10,12,14,15,17,19,23,25,27,30,34,37,38,42,44,46,50,52,59,67,71,74,78,85,87,89,91,93,94 "70";
71 61 1 23,31 "71";
72 1 0 7,41,44,59,63,71,86 "72";
73 78 0 0,4,8,10,12,14,16,18,20,24,26,28,31,38,42,44,47,52,54,59,60,63,66,67,71,73,80,81,82,89,91,93,94 "73";
74 46 0 5,7,11,12,13,15,16,21,26,28,29,31,33,34,37,38,42,46,48,50,58,60,62,66,69,71,76,79,81,82,88 "74";
75 19 1 62 "75";
76 64 1 0,1,5,9,10,12,13,16,19,20,23,24,27,29,31,33,34,35,37,38,40,42,44,46,50,52,53,54,56,59,65,70,72,73,76,80,83,85,86,87,92,94 "76";
77 4 0 1,2,9,14,15,16,18,24,26,31,32,37,38,42,44,45,47,50,52,54,55,56,57,60,64,67,69,71,78,80,82,84,85,88,89,92,94 "77";
78 71 1 1,2,5,6,13,20,24,26,28,29,30,32,37,38,41,46,54,57,60,62,63,64,68,69,73,75,76,77,82,85,87,92 "78";
79 89 1 1,3,4,5,6,7,8,11,13,15,19,22,23,24,25,27,29,31,35,36,38,40,41,43,44,48,50,51,54,57,58,60,62,63,65,68,72,74,75,77,79,82,85,86,88,90,92 "79";
80 90 1 4,30,38,61,90 "80";
81 33 0 2,7,9,11,12,17,35,37,39,40,43,51,56,60,64,67,76,83,85,93 "81";
82 22 0 55,64,72 "82";
83 72 1 0,2,5,9,14,16,17,18,29,31,34,35,38,40,46,48,50,53,57,61,62,65,68,69,71,75,78,80,83 "83";
84 80 1 5,12,16,22,25,30,42,45,57,59,65,66,68,73,77,78,80,89,91,94 "84";
85 27 0 2,3,4,18,21,23,29,35,40,43,46,50,51,55,61,64,66,71,78,80,85,86,92 "85";
86 25 1 12,26,29,39,41,66,85,87 "86";
87 49 1 6,25,39,44,59,84,92 "87";
88 61 0 3,5,6,8,10,11,13,14,19,22,24,25,26,28,30,31,36,43,46,48,53,57,58,61,64,69,71,73,76,78,80,81,84,86,87,89,92,94 "88";
89 32 1 0,2,3,4,6,7,9,11,13,14,16,17,19,20,24,25,27,29,30,33,35,40,44,45,48,51,53,54,57,59,60,62,64,65,69,71,73,74,79,81,82,84,87,90,92,94 "89";
90 57 0 1,9,12,16,17,20,22,23,25,27,28,30,31,36,39,41,44,51,52,56,59,61,63,68,71,72,74,78,80,81,84,86,88,92,94 "90";
91 50 1 0,1,2,8,11,14,15,16,22,26,28,30,31,33,34,36,38,39,40,43,44,48,50,51,53,54,56,57,61,62,63,66,71,72,74,76,79,82,83,85,87,88,91,92 "91";
92 21 1 0,2,5,11,16,36,37,43,46,49,53,55,58,61,66,68,69,71,77,80,83,84,86,87,93 "92";
93 95 1 11,45,48,50,73,83,85,94 "93";
94 58 0 1,9,14,16,35,42,78,83,84,90,91,92 "94";
