parity 70;
0 6 0 1,3,6,8,9,10,12,15,16,17,19,21,23,26,27,29,31,33,36,38,43,44,45,47,49,52,53,56,57,59,63,65,67,69 "0";
1 7 0 31,65 "1";
2 50 1 0,3,4,6,10,11,13,15,18,20,22,24,25,27,29,31,33,34,36,38,39,42,43,45,49,50,52,54,57,60,61,63,64,66,70 "2";
3 13 1 0,1,2,4,5,6,9,11,12,15,17,19,25,27,29,31,33,39,43,45,48,51,53,56,59,61,66,68,70 "3";
4 45 0 0,1,6,8,11,14,15,18,19,20,22,26,29,30,33,36,38,39,40,43,45,48,50,53,56,59,63,64,66,67,68,70 "4";
5 31 0 0,3,5,10,13,15,21,23,25,37,42,44,48,55,60,61,68 "5";
6 22 1 3,4,17,19,26,28,31,35,37,38,51,61,67 "6";
7 0 0 1,8,11,13,20,21,22,29,33,38,41,42,45,46,55,56,64,66,67,69 "7";
8 19 1 2,5,9,23,25,30,32,39,41,46,49,52,58,60 "8";
9 54 0 0,2,9,11,15,19,25,31,35,37,38,40,41,43,51,55,57,59,61,66,67 "9";
10 61 1 12,15,16,45,50,51,52,58,64,70 "10";
11 21 1 13,31,62 "11";
12 29 1 1,6,9,12,14,21,23,29,30,32,40,41,45,46,47,48,50,52,57,59,61,66,69 "12";
13 49 1 17,38,41 "13";
14 38 0 22,40,56,66 "14";
15 17 1 0,5,9,11,15,17,21,23,27,32,38,42,48,50,51,54,56,58,66,68,70 "15";
16 2 1 1,3,9,14,17,22,28,33,36,40,48,54,57,61,67,68 "16";
17 7 1 39,44 "17";
18 20 0 5,9,13,20,26,28,33,36,37,38,40,42,45,46,49,52,58,61,62 "18";
19 48 1 1,2,3,6,10,14,17,18,19,22,24,25,27,28,29,31,33,36,41,46,49,52,55,59,61,62,64,65,69 "19";
20 2 1 1,4,15,16,19,21,23,32,35,37,39,45,49,53,55,56,58,62,65 "20";
21 18 0 9,11,12,16,22,24,29,32,34,39,43,47,49,53,55,61,62,64,65 "21";
22 63 1 0,5,7,16,18,20,22,25,28,41,43,47,56,64 "22";
23 54 1 0,1,2,4,7,9,11,12,14,16,17,21,23,25,26,28,30,32,35,36,38,41,43,47,49,50,52,54,61,64,67,68,70 "23";
24 20 0 0,4,7,9,26,30,33,42,44,47,48,50,60,64,66 "24";
25 54 0 0,5,6,8,16,25,27,30,31,35,37,54,57,59,61,65,67 "25";
26 66 1 1,6,7,8,9,11,13,16,18,19,22,25,27,29,31,34,36,38,40,42,43,45,46,49,51,52,54,55,56,57,59,62,63,65 "26";
27 16 0 2,7,10,32,35,63,67 "27";
28 68 1 18,24,39,40 "28";
29 56 1 0,4,9,14,16,19,20,21,23,27,34,36,38,39,42,46,51,53,54,56,61,62,64,65,68 "29";
30 50 0 0,2,4,5,9,11,17,19,30,33,35,37,39,43,45,47,50,54,58,65,67,68,70 "30";
31 70 1 1,2,5,7,9,11,13,18,19,23,28,31,33,35,38,39,40,42,54,55,63,66,68,70 "31";
32 62 1 31,49,62,63 "32";
33 26 1 8,11,12,14,15,22,24,25,33,37,39,46,49,51,55,57,59,64 "33";
34 13 1 4,7,9,11,14,15,16,17,20,22,26,29,30,32,34,35,37,38,39,41,44,45,47,51,53,54,55,57,58,59,61,62,63,64,70 "34";
35 30 1 24,36,46,53,55,66 "35";
36 21 0 4,8,9,11,20,21,26,27,31,33,35,43,46,51,59,61,64,65,70 "36";
37 6 0 2,10,15,42,44,53,55,58,60,64,66 "37";
38 58 1 19,36 "38";
39 19 0 1,5,7,9,14,22,24,27,28,29,35,37,39,46,56,62,64 "39";
40 15 1 0,1,4,6,9,10,12,18,19,20,23,25,28,30,38,47,49,50,58,61,62,63,64,66,68,70 "40";
41 16 1 1,3,7,9,10,12,16,18,19,21,24,26,28,30,31,33,34,35,37,40,41,44,47,50,52,56,57,61,64,66,67,69 "41";
42 4 0 10,30,36,38,40,53,55 "42";
43 25 0 10,25,32,46,53,61,64,70 "43";
44 7 1 1,3,5,9,13,15,18,20,22,23,26,28,29,31,32,36,39,40,43,47,49,50,57,63,68 "44";
45 2 0 0,1,10,12,15,21,22,28,31,33,44,50,53,58 "45";
46 20 0 5,15,19,27,43,45,49,56,62 "46";
47 24 0 0,4,5,6,8,10,12,15,16,19,21,22,26,28,29,30,32,34,36,38,40,42,45,49,52,55,57,58,60,61,63,64,67,68 "47";
48 17 0 3,7,44,49,57,61,62,64 "48";
49 64 1 49,62 "49";
50 0 1 1,7,10,11,25,43,54,57,59,63,69 "50";
51 68 1 1,2,4,5,8,10,13,15,17,19,20,21,23,24,27,29,30,31,32,34,37,40,44,45,46,48,50,51,53,54,56,57,60,63,64,66 "51";
52 26 1 2,3,11,13,14,16,18,20,24,30,33,34,37,39,45,46,49,51,53,56,58,59,62,64,65,67,69 "52";
53 32 0 29,46,51,60,69 "53";
54 4 1 5,30,37 "54";
55 63 0 43 "55";
56 5 1 4,17,63 "56";
57 58 1 3,4,6,13,16,17,20,23,25,33,35,37,42,46,54,56,60,61,63,65 "57";
58 25 1 0,3,4,5,7,9,12,13,15,18,19,23,26,29,31,33,36,40,43,44,45,48,54,57,59,65,69,70 "58";
59 18 0 0,2,4,6,7,9,10,13,18,19,21,25,26,28,29,33,36,37,40,45,48,49,51,53,57,58,61,63,70 "59";
60 60 0 30,47,60,63 "60";
61 10 0 3,10,18,22,28,30,35,36,41,49,52 "61";
62 15 1 46 "62";
63 45 1 0,2,4,8,11,13,15,18,19,21,24,26,27,28,32,33,36,39,40,41,43,46,47,49,52,53,55,59,61,65,67,69,70 "63";
64 2 0 0,3,4,6,8,9,12,14,16,20,25,28,31,33,35,36,44,46,50,51,53,58,61,64,65,67,69 "64";
65 57 0 58 "65";
66 64 0 1,3,6,9,15,19,23,32,34,38,41,43,45,49,51,53,54,58,60,64,68 "66";
67 47 1 36,40,55 "67";
68 70 1 44,50,59,65,67 "68";
69 56 1 2,4,5,7,10,11,12,19,24,27,29,32,37,39,42,43,47,50,51,53,56,57,59,62,68,69 "69";
70 57 1 2,7,8,12,17,22,24,28,33,34,36,38,44,47,50,54,56,59,63,70 "70";
