parity 186;
0 10 0 0,2,3,9,12,14,17,28,35,37,38,41,48,50,53,59,71,72,74,82,84,89,93,97,98,100,103,108,110,112,113,117,119,120,121,123,128,131,132,136,140,142,144,149,154,156,157,159,169,172,174,176,184 "0";
1 100 1 1,3,8,15,18,24,26,27,31,42,58,62,80,89,93,97,105,137,144,156,165,167,173,177 "1";
2 77 0 0,5,7,17,23,28,37,57,87,95,98,110,111,113,115,146,152,168,171,172,178 "2";
3 78 0 2,3,5,6,7,10,13,16,19,20,22,27,29,34,37,39,43,44,47,51,52,55,57,59,61,65,66,68,71,73,74,80,81,83,86,87,89,94,95,97,101,105,106,108,110,111,113,114,118,125,127,130,132,137,140,141,145,146,148,153,156,157,160,161,162,163,165,169,171,174,175,178,180,182,184,186 "3";
4 110 0 32,41,48,95,96,129,142,147,167,178 "4";
5 113 1 1,12,14,18,20,22,48,50,61,66,87,88,98,111,121,127,147,153,168,172 "5";
6 136 0 1,9,12,13,18,22,23,24,27,28,37,40,42,46,47,50,55,56,63,69,71,75,77,78,79,81,85,87,89,91,93,102,105,106,108,115,117,122,123,127,129,140,141,142,144,155,158,164,165,167,170,177,178,179,181,185 "6";
7 115 0 21,24,47,130 "7";
8 121 1 2,4,5,7,8,10,11,17,20,21,22,24,26,27,29,30,37,40,41,43,44,47,51,53,54,55,57,59,61,63,66,69,72,74,80,81,84,85,86,89,90,92,93,98,101,105,107,109,113,116,117,121,122,124,126,128,131,133,136,138,140,141,144,152,156,160,162,165,167,169,172,174,175,178,180,183,184,185 "8";
9 30 1 0,2,4,5,9,13,16,18,28,29,31,35,43,44,46,49,52,61,62,78,82,95,114,131,133,135,137,145,153,154,162,167,176,186 "9";
10 184 1 5,7,15,17,18,21,24,38,40,48,55,58,60,66,70,76,83,85,98,100,104,106,109,119,124,131,136,139,156,158,160,164,168,171,172,173,175,179 "10";
11 125 0 4,17,19,20,36,64,73,111,129,148,151,152,162 "11";
12 40 0 2,4,5,6,11,12,13,18,20,21,25,27,31,33,34,36,37,40,41,43,46,50,54,57,61,66,67,68,70,71,72,77,82,85,86,88,90,92,96,100,101,102,103,104,106,108,110,111,112,114,115,117,118,120,121,123,124,126,127,129,133,134,136,138,140,145,147,148,152,154,156,160,161,165,168,170,172,176,177,179,180,181,184 "12";
13 42 0 42,64,68,132 "13";
14 18 0 41,112,114,148,155,159,163,173,175 "14";
15 104 0 0,2,5,6,7,10,17,18,24,30,32,35,39,41,43,46,51,53,55,56,57,60,62,63,65,66,68,70,71,73,74,75,78,82,84,87,90,91,96,97,99,102,104,106,108,109,111,113,116,118,121,123,125,130,132,134,138,140,142,143,145,146,150,151,157,159,160,164,169,171,172,173,176,177,179,181,183,185,186 "15";
16 72 0 21,47,58,65,85,113,133,137,165 "16";
17 154 1 56,102,103,169,184 "17";
18 62 0 1,3,5,9,12,18,20,21,22,24,27,28,32,33,36,39,42,45,50,52,54,56,59,60,62,64,67,73,78,80,82,86,91,94,97,107,109,111,114,116,118,120,125,127,129,131,133,136,139,143,146,148,149,151,153,158,160,161,163,164,166,170,171,174,176,178,181,182,184,185 "18";
19 50 0 3,4,7,8,10,12,13,16,19,21,23,25,30,35,37,39,42,47,49,53,57,59,60,62,64,66,69,70,71,76,79,80,85,88,95,101,102,103,105,106,108,112,113,115,121,127,128,132,136,139,141,143,146,149,153,156,158,160,162,163,165,166,168,175,178,180,182,184 "19";
20 33 1 0,2,8,12,16,19,20,22,24,26,29,30,31,34,42,46,47,49,50,51,53,57,61,69,71,73,78,82,87,88,89,92,93,96,99,101,105,111,117,120,122,124,128,130,132,139,140,147,148,149,152,155,158,166,168,171,180,182,184 "20";
21 78 0 11,16,18,37,67,70,74,78,86,102,114,117,127,130,152,160,169 "21";
22 10 0 0,2,10,14,15,21,23,26,29,34,37,38,49,50,62,66,69,77,78,81,85,88,92,94,97,99,100,103,104,108,114,118,120,123,128,131,132,138,139,141,147,149,152,156,162,163,166,169,170,172,174,175,185,186 "22";
23 151 1 6,8,13,40,42,45,58,76,90,101,138,155,163,164 "23";
24 62 1 1,17,21,32,40,68,80,83,144,174 "24";
25 164 1 5,11,13,18,34,38,44,49,51,53,57,64,65,77,92,94,98,113,131,133,135,145,151,157,163,168,170,172,174 "25";
26 175 0 1,4,8,14,31,40,57,62,63,69,71,74,76,82,86,89,92,95,99,102,104,106,107,114,126,132,134,136,138,144,145,147,149,159,160,162,166,175,177,182,184,186 "26";
27 113 1 7,12,15,27,33,35,43,47,51,65,85,89,91,92,99,101,104,119,120,125,133,134,137,148,149,153,154,158,161,163,165,178,179,182 "27";
28 91 0 0,5,10,12,14,15,18,20,24,27,28,30,32,33,35,36,39,42,48,51,53,54,56,57,58,60,63,68,70,71,78,80,83,84,86,88,90,91,93,97,99,100,101,103,104,105,108,111,115,118,120,123,127,129,134,135,137,138,141,143,144,146,147,152,153,154,156,159,163,165,166,170,172,173,179,180,181,182 "28";
29 126 0 0,3,7,10,12,13,18,20,22,25,29,30,32,33,38,40,43,44,45,46,47,49,51,53,55,56,59,61,64,68,70,72,75,79,81,83,87,90,94,96,98,100,101,103,104,110,111,112,114,116,119,120,122,123,131,132,135,137,138,140,141,142,143,146,147,152,154,157,161,165,166,168,169,174,175,176,178,181,183,184,186 "29";
30 18 1 28,49,104,110,112,124,129,136,168 "30";
31 91 1 1,4,6,14,21,22,26,32,34,36,40,41,46,50,51,53,57,59,65,67,70,72,77,78,83,86,87,89,92,98,102,106,110,111,119,128,133,140,149,151,154,166,172,173,180,182,185 "31";
32 114 1 3,8,16,18,29,56,60,69,79,80,91,98,106,118,126,140,141,148,161,164,175,182,183 "32";
33 32 1 1,18,20,22,30,35,57,74,85,111,126,127,139,145,173 "33";
34 187 1 3,4,8,9,17,20,23,27,28,30,31,32,34,39,41,44,47,51,53,58,60,62,64,72,73,76,77,85,87,89,90,93,95,98,101,103,107,111,116,117,121,123,124,127,128,130,132,134,146,149,152,155,157,160,164,167,169,173,176,178,180,182 "34";
35 75 1 148,175 "35";
36 13 0 2,3,6,8,13,14,19,21,22,25,29,32,35,36,39,42,43,48,50,52,54,62,64,68,73,79,81,86,88,90,95,97,98,99,102,105,111,115,117,120,123,124,129,131,132,135,141,143,145,147,152,155,157,158,163,164,166,167,170,173,176,179,181,185,186 "36";
37 32 0 0,3,7,16,19,21,27,33,35,41,47,51,55,57,58,63,70,72,75,80,83,92,106,108,111,112,115,117,120,123,125,128,129,132,133,135,136,144,146,162,169,174,177,179,182,186 "37";
38 23 1 3,4,10,14,20,31,32,38,42,51,54,59,65,68,71,74,77,78,84,88,90,124,125,132,138,139,141,146,147,148,149,153,160,167,169,175,184 "38";
39 57 1 11,15,17,24,44,86,99,105,138,142,147,156,162,165,166 "39";
40 24 1 6,15,46,57,62,63,79,84,85,95,111,116,119,130,134,135,137,161,168 "40";
41 29 0 0,2,3,5,8,10,11,12,14,17,18,23,24,26,28,29,31,33,36,37,38,42,44,45,47,48,49,54,55,59,60,61,65,68,70,72,73,75,77,78,80,81,82,83,85,87,89,92,94,97,101,102,106,109,112,116,117,119,121,123,125,128,130,133,134,137,139,140,143,149,150,152,153,156,158,159,161,162,165,166,168,170,171,174,176,179,181,182,186 "41";
42 86 0 1,2,4,6,8,9,10,12,16,19,21,25,26,27,30,31,33,34,38,46,47,50,51,54,56,58,60,62,63,65,69,75,76,78,79,81,83,84,87,88,89,94,95,96,99,102,103,105,107,109,110,114,117,118,120,121,122,125,126,131,134,135,137,138,142,145,146,147,149,150,151,152,155,157,158,161,163,164,166,167,169,170,173,174,176,177,180,181,185 "42";
43 98 0 0,1,5,8,9,13,14,15,19,21,24,25,29,31,32,34,37,39,40,41,43,48,51,53,56,62,64,66,67,73,76,77,81,83,86,87,88,93,95,98,99,101,104,105,106,108,111,114,115,116,119,120,124,128,130,133,135,138,140,142,145,148,151,153,157,159,163,165,167,172,177,178,182,184,186 "43";
44 167 0 1,4,7,11,14,18,19,21,22,24,26,30,35,37,39,42,43,45,47,48,51,54,56,57,63,64,72,73,75,76,84,85,87,89,90,91,93,94,96,97,99,105,106,112,114,116,118,122,124,129,131,134,138,141,142,145,147,149,151,153,156,159,161,162,165,168,172,175,178,179,183,186 "44";
45 143 0 6,12,20,24,26,40,41,44,48,51,52,58,61,66,72,83,84,92,108,111,112,116,121,122,127,128,134,139,151,154,165,168,181,184 "45";
46 45 1 10,21,24,25,38,41,46,49,50,63,81,84,101,109,110,113,116,117,119,120,124,133,140,149,157,161,162,167,173,174,176,179,182,185 "46";
47 50 0 2,5,20,24,43,47,62,81,83,88,92,121,123,131,170,177 "47";
48 3 0 6,10,11,15,20,23,38,62,82,87,91,97,107,109,118,130,132,141,156,163,170,173 "48";
49 149 0 82,176 "49";
50 112 0 1,4,6,8,11,13,15,17,21,24,27,34,35,36,37,41,44,47,51,55,56,58,73,79,82,88,91,96,100,107,110,112,117,118,123,124,129,130,137,139,141,148,149,150,153,157,159,161,163,165,170,175,178,181,183 "50";
51 109 1 8,12,27,34,39,42,49,59,78,79,81,82,85,88,94,109,112,116,130,136,139,146,171,186 "51";
52 177 1 0,2,5,10,15,16,17,18,20,23,24,27,29,31,32,33,36,40,42,44,46,47,48,50,52,55,57,58,60,62,64,65,68,70,76,78,80,83,84,85,88,91,92,94,96,98,101,102,103,104,106,110,112,114,116,119,121,122,123,125,126,127,128,130,133,134,135,138,142,145,147,148,151,153,155,159,160,165,166,167,168,170,174,177,180,183,185 "52";
53 143 0 2,6,8,10,12,16,17,18,20,23,26,28,29,31,34,36,37,40,43,47,48,52,57,59,61,62,69,72,75,77,78,80,83,86,87,93,94,95,98,100,104,105,109,111,112,115,117,119,122,127,128,129,133,135,137,139,140,143,148,149,153,155,159,162,166,167,170,171,174,176,179,181,184,185 "53";
54 158 0 0,2,3,4,6,7,8,9,11,16,18,19,20,22,23,24,28,29,31,33,34,36,38,40,41,42,46,48,50,53,55,56,57,62,65,66,70,72,73,75,76,80,81,83,85,86,88,90,91,93,96,98,100,101,103,106,109,114,116,120,122,126,128,130,131,132,136,140,142,143,145,146,148,151,153,154,158,162,165,166,168,169,170,172,173,175,177,179,180,185 "54";
55 57 1 2,16,36,91,104,136,138,158 "55";
56 5 0 6,8,15,19,22,24,28,29,33,36,39,43,47,50,52,54,56,65,67,70,74,75,77,82,86,91,95,101,102,103,105,108,118,119,120,121,124,125,126,129,135,140,143,145,149,150,152,154,157,160,164,170,175,176,178,185 "56";
57 28 1 36,38,73,82,93,98,101,103,118,154 "57";
58 143 1 0,5,15,17,24,27,30,31,34,36,41,42,46,54,60,63,65,68,71,72,74,76,77,86,88,92,94,104,109,113,115,121,136,138,144,145,147,148,150,151,154,155,157,158,163,166,176,179 "58";
59 42 1 3,6,11,19,20,23,25,30,34,40,46,48,52,56,69,74,75,80,82,88,90,100,106,107,109,115,121,132,135,138,139,140,142,147,150,152,158,164,165,166,172,182,186 "59";
60 92 0 2,6,7,13,20,23,29,32,37,39,41,46,53,57,64,66,67,76,77,84,85,107,115,117,119,124,125,129,132,138,140,142,144,147,148,152,154,163,168,170,176,181,182 "60";
61 18 1 16,21,23,24,26,45,47,53,61,63,67,94,95,107,113,115,119,123,127,134,142,147,156,167,173,174,178 "61";
62 180 0 31,171 "62";
63 127 1 48,61,74,91,96,108,113,131,136,154,159,167 "63";
64 116 1 0,2,4,6,8,14,15,17,19,21,24,25,27,29,32,34,37,38,42,44,48,52,54,55,57,59,61,66,69,70,72,76,78,80,84,85,89,90,91,92,93,95,97,98,101,102,104,108,109,111,113,114,116,118,120,121,127,130,135,136,141,142,148,151,153,154,158,162,164,169,171,173,176,180,182,183,184,186 "64";
65 77 0 3,5,9,11,13,16,22,23,24,26,28,30,31,35,44,48,50,51,53,55,56,59,61,62,67,70,73,75,78,80,81,84,86,88,93,96,98,100,106,108,111,112,114,120,124,126,127,128,130,131,135,137,139,140,142,145,152,157,158,159,161,162,164,169,173,176,177,180,182,183,186 "65";
66 120 0 8,14,39,58,63,67,71,78,85,95,105,117,121,124,126,127,132,133,138,158,164,169,170,175,183,186 "66";
67 92 0 0,3,4,6,9,10,11,13,16,18,22,25,26,30,32,34,36,38,40,43,44,47,48,50,52,53,56,57,59,60,62,63,65,68,69,71,77,79,80,83,84,86,87,88,90,92,94,95,99,103,105,109,110,112,113,115,118,120,121,123,125,127,130,132,133,135,137,141,142,143,148,149,152,153,156,157,159,160,162,165,169,170,172,176,179,181,182,183,184,186 "67";
68 49 0 7,11,13,17,21,24,33,34,37,39,43,49,51,52,58,61,62,63,65,73,75,76,86,87,91,93,100,105,109,114,123,126,128,133,142,152,159,162,164,165,167,174,176,179,184 "68";
69 116 1 2,3,4,5,8,9,12,15,17,21,22,23,26,28,30,32,35,40,42,44,46,49,50,52,55,57,60,61,64,67,73,74,76,78,80,81,83,87,89,92,93,97,98,101,102,108,110,111,115,116,118,119,126,130,131,133,134,136,137,140,143,145,146,148,150,152,153,155,160,161,163,166,167,174,178,182,185 "69";
70 182 1 4,6,11,13,14,17,19,22,28,30,32,36,38,40,41,43,46,52,55,59,60,66,67,68,69,71,75,79,82,84,88,92,94,98,100,102,105,107,109,112,114,117,122,125,127,130,132,133,140,144,146,150,154,156,157,158,163,164,168,171,173,175,177,179,180,182,184,186 "70";
71 144 1 39,77,120,149,174 "71";
72 149 0 2,3,7,8,10,37,50,54,63,69,76,83,88,94,97,107,113,128,132,134,169,177,180 "72";
73 182 0 6,11,20,33,63,89,91,94,109,122,124,126,131,135,159,171,173,175,177 "73";
74 128 1 15,17,26,80,82,86,88,114,117,124,162,169,181 "74";
75 157 0 0,2,4,6,7,8,10,11,14,16,17,20,21,24,25,27,29,31,32,33,36,37,38,46,48,49,53,54,57,59,63,65,66,67,68,72,74,79,80,83,86,88,89,90,95,97,99,102,107,108,111,116,119,121,123,126,128,130,131,132,135,136,138,145,146,149,153,156,158,159,160,162,164,165,171,173,175,179,181,184,185,186 "75";
76 146 1 0,1,7,8,9,11,15,18,20,22,28,30,35,42,43,45,47,49,53,56,58,60,64,65,67,69,71,72,74,76,77,80,82,83,84,85,88,90,94,96,98,100,109,111,112,114,115,117,121,122,128,130,133,134,141,143,145,147,148,149,151,155,157,160,162,163,166,173,175,176,178,180,182,185 "76";
77 173 1 3,5,8,10,13,14,18,20,23,24,25,26,30,33,39,41,42,44,47,49,51,57,60,61,63,65,67,69,72,77,79,82,84,88,92,94,97,100,103,104,105,107,108,109,111,113,117,119,121,124,128,129,134,140,141,144,145,146,151,153,155,157,159,160,162,165,168,170,171,172,175,176,178,184,186 "77";
78 132 1 11,17,20,23,37,40,49,60,67,73,78,80,82,88,92,100,104,114,142,157,159,161,179 "78";
79 139 0 0,2,4,8,11,14,16,19,25,26,31,32,36,39,42,44,45,51,53,54,57,58,64,67,69,72,73,76,77,78,81,82,84,85,86,90,92,94,96,98,103,106,108,109,111,112,114,116,119,121,124,125,128,129,133,135,137,138,141,145,147,152,154,155,158,161,162,166,172,174,175,178,181,182,185,186 "79";
80 41 0 0,2,6,7,9,11,13,18,20,22,25,27,39,41,50,59,60,68,71,74,83,94,95,97,104,105,107,108,109,110,116,122,127,140,142,143,147,152,157,160,168,172,176,177,180 "80";
81 87 1 2,3,5,10,16,19,22,23,24,27,30,31,34,40,41,42,45,47,49,52,53,54,55,58,60,61,63,71,83,85,86,90,93,94,97,98,104,110,115,117,124,133,136,138,140,142,144,150,154,163,165,166,170,173,174,177,178 "81";
82 173 1 2,5,6,10,11,14,20,21,24,28,30,32,35,40,48,49,53,57,60,61,63,66,69,72,76,79,82,84,89,90,92,94,97,98,100,102,103,107,109,111,113,115,117,133,134,135,138,139,142,147,153,156,158,159,165,169,171,173,177,181,182,184,185 "82";
83 49 0 5,12,14,16,36,58,61,77,83,96,101,105,123,130,140,149,151,172,186 "83";
84 59 1 11,20,41,48,73,83,120,134,164,178 "84";
85 0 1 0,3,9,10,12,19,26,28,38,43,45,46,52,59,62,65,70,75,77,80,101,105,110,114,130,138,151,154,156,166 "85";
86 9 0 1,6,23,76,107,122,130,170 "86";
87 94 0 0,4,5,8,9,10,12,14,16,19,21,24,25,27,29,32,34,36,38,42,47,50,52,56,59,62,63,64,67,68,69,75,77,78,79,80,82,86,87,91,92,94,96,97,104,106,109,111,113,115,116,119,123,124,126,127,129,131,132,136,137,139,141,144,150,153,154,156,157,162,165,169,170,172,174,176,179,180,183,184 "87";
88 151 1 2,4,7,14,22,25,27,29,36,37,38,40,49,58,62,65,71,81,84,86,92,98,100,104,108,117,123,134,139,141,149,162,168,170,171,180,182,184 "88";
89 18 1 0,1,2,4,6,7,9,12,14,18,20,22,23,26,27,29,30,32,34,35,38,41,44,45,48,49,51,53,56,57,58,62,64,66,68,70,72,74,81,84,85,88,90,91,94,99,101,105,107,110,112,116,117,119,122,123,126,127,128,135,138,139,148,150,151,155,156,159,160,166,167,169,170,173,179,181,183,186 "89";
90 141 1 0,11,22,31,38,50,53,55,74,79,84,105,116,122,125,129,131,138,143,156,172,183,185 "90";
91 86 1 1,6,8,21,26,31,39,40,45,54,61,68,75,80,100,103,108,114,118,135,141,144,154,158,167,177 "91";
92 80 0 11,35,69,120 "92";
93 67 1 1,2,24,29,41,49,57,59,60,62,74,76,81,88,103,109,111,112,121,125,139,148,154,156,165,173,178 "93";
94 108 0 11,13,18,26,27,35,38,42,43,53,58,60,63,64,67,73,77,78,81,83,84,86,94,96,100,104,123,125,132,139,143,147,149,151,156,159,164,165,172,175,176,179,186 "94";
95 2 1 3,4,8,14,20,21,23,30,40,43,47,64,67,70,77,78,86,88,90,101,106,109,112,115,117,119,125,128,132,135,136,142,152,162,165,167,178,184 "95";
96 79 0 4,5,8,13,16,18,19,23,25,28,30,34,37,39,42,43,44,48,54,57,60,62,64,66,68,70,72,74,77,79,81,83,85,87,91,93,94,98,101,102,108,113,115,117,120,121,123,130,133,136,141,145,150,153,154,157,158,160,164,166,170,172,174,176,179,182,183 "96";
97 46 0 2,7,11,19,34,68,69,80,88,96,121,134,137,171,175,182 "97";
98 64 1 10,24,130,169,175 "98";
99 166 1 1,4,6,16,17,22,26,36,40,41,43,44,46,57,60,65,66,78,81,86,88,101,105,107,109,111,120,121,122,125,132,143,144,147,149,150,151,157,158,159,161,164,168,169,171,173,178,179,183 "99";
100 99 1 0,2,3,4,11,15,17,18,20,22,25,26,27,29,33,38,39,42,43,45,46,48,50,53,54,56,57,59,60,62,64,67,69,71,75,77,80,82,83,85,87,89,93,94,96,99,101,104,107,114,116,120,121,123,125,126,129,131,133,135,137,140,147,149,151,152,157,159,165,166,169,171,173,175,177,180,185 "100";
101 100 0 0,3,7,10,14,19,23,26,32,36,38,40,41,44,51,53,55,60,71,74,85,89,93,95,98,99,103,110,112,116,117,118,122,123,133,135,142,147,149,153,155,157,160,166,169,175,176,179,181,184 "101";
102 1 0 0,3,6,9,11,12,14,16,29,30,31,34,40,44,45,46,49,50,51,55,56,64,67,68,70,75,77,83,88,90,97,99,103,104,106,109,110,118,121,122,125,126,128,130,135,141,142,150,152,154,155,157,159,166,168,171,173,175,179,181,183,184,185 "102";
103 20 0 1,3,6,8,11,12,14,16,17,19,22,23,25,30,32,37,39,43,45,46,48,52,53,55,56,58,61,65,67,68,69,72,75,81,83,85,86,88,90,94,95,98,100,106,107,109,111,116,119,121,122,124,125,127,128,130,133,137,138,142,145,146,148,150,153,155,156,157,159,160,162,164,165,168,169,170,172,173,175,177,178,183,185,186 "103";
104 20 0 4,7,12,17,37,39,50,57,70,83,84,92,97,100,107,109,114,127,130,133,135,145,146,151,156,158,160,167,170,172,176,183 "104";
105 60 1 2,23,27,30,50,52,91,95,101,117,140,152 "105";
106 38 1 7,9,11,12,14,17,22,27,32,34,39,41,43,47,52,53,61,62,63,65,66,67,70,72,74,75,76,77,79,82,84,86,89,90,92,95,96,98,102,103,105,107,113,114,116,119,120,121,124,126,128,129,132,135,137,139,140,146,150,155,157,160,163,164,166,171,174,178,179,181,183,184,185 "106";
107 95 0 13,14,20,23,43,51,96,100,118,123,136 "107";
108 97 0 0,2,4,13,28,34,35,36,45,50,52,53,57,62,67,69,77,79,84,90,93,96,99,101,102,105,106,111,125,126,128,136,140,142,149,151,153,156,160,164,166,173,174,176,180,182 "108";
109 102 1 1,8,20,21,38,41,51,61,65,68,78,80,85,87,91,93,96,100,102,106,108,113,117,119,120,122,126,127,129,130,133,142,147,151,165,167,169,176,177,178,179,183 "109";
110 100 1 9,13,26,32,54,60,63,83,91,96,120,130,150,151,169,170 "110";
111 29 1 6,8,13,14,18,20,24,26,28,29,31,33,36,39,49,51,56,58,61,62,65,68,69,72,73,77,81,82,86,88,95,98,104,105,111,114,115,119,121,123,125,126,127,129,130,132,134,137,138,142,146,148,150,151,157,158,160,163,166,167,168,170,171,173,174,176,179,183,185,186 "111";
112 96 1 4,6,7,9,14,17,20,23,25,31,35,38,44,47,50,52,53,56,57,60,62,64,70,75,76,80,83,87,91,93,95,102,106,109,112,115,122,125,127,133,135,144,148,150,152,156,158,162,163,167,170,178,180,183 "112";
113 70 1 3,8,10,13,15,16,18,20,22,26,30,33,35,37,39,42,43,45,47,48,52,53,55,58,59,61,62,63,64,66,68,71,77,79,81,85,86,90,93,96,97,100,101,104,105,107,108,111,114,119,122,126,127,129,131,136,140,141,145,147,148,152,153,155,157,158,160,163,164,167,170,181,186 "113";
114 130 1 1,6,7,30,42,107,136,152,159,160 "114";
115 104 0 0,3,4,7,8,10,12,13,15,18,20,25,26,27,31,33,35,37,39,43,46,47,49,50,51,53,59,61,63,65,68,73,76,78,80,81,86,87,90,93,97,99,102,108,109,112,114,119,123,125,128,130,132,133,135,138,141,146,148,152,156,158,165,168,170,172,176,178,180,182 "115";
116 108 1 1,2,5,11,25,40,42,47,49,51,64,81,94,96,106,109,113,115,121,138,148,153,162,164,166,170,180,183 "116";
117 20 0 0,3,9,12,13,15,19,21,25,27,29,32,34,36,37,39,41,44,47,48,51,55,56,58,63,64,66,70,75,78,80,81,88,92,97,98,100,102,105,107,108,110,114,115,117,119,130,134,136,137,138,149,156,158,160,164,165,168,172,183,185 "117";
118 79 0 6,9,13,29,32,33,42,46,54,56,59,65,68,72,80,84,86,98,99,100,102,105,110,111,121,125,130,136,137,138,142,146,154,168,170,172,174,179,182 "118";
119 32 0 3,14,19,24,34,49,127,178 "119";
120 53 1 0,2,4,7,9,13,14,17,19,24,29,30,32,34,36,39,41,43,44,48,50,52,54,56,57,58,60,61,63,65,66,69,73,74,76,79,80,82,84,85,89,91,94,96,99,101,102,108,115,120,123,124,127,128,130,132,133,137,139,143,144,147,148,149,155,157,161,162,164,167,174,176,177,178,179,181,182,183,185 "120";
121 89 0 4,6,11,12,14,21,24,26,27,29,34,38,42,53,55,61,77,79,81,87,94,96,103,105,106,113,114,117,119,120,130,136,138,145,156,166,168,172,178,181,183,185 "121";
122 83 0 2,3,9,10,15,20,23,30,32,36,38,42,45,48,49,52,55,61,64,65,68,70,73,76,77,79,81,84,87,88,89,92,96,99,101,103,105,108,109,113,114,116,118,120,122,126,129,130,132,134,137,138,140,144,150,151,154,156,157,160,162,164,166,168,170,173,175,177,179,180,183,184,186 "122";
123 68 0 23,29,33,36,49,54,65,104,107,124,136,149 "123";
124 102 1 0,1,6,7,8,13,14,17,19,21,28,29,32,34,36,44,47,51,53,54,56,64,67,68,70,72,74,78,80,84,86,90,92,93,98,101,105,109,113,115,119,124,125,131,134,136,139,143,145,152,155,158,161,163,165,166,168,171,175,177,178,183,184,185 "124";
125 50 0 9,11,14,15,18,20,29,35,56,62,66,68,72,95,97,102,111,120,122,124,130,135,146,151,156,166,169,171,172,178,186 "125";
126 87 1 0,4,8,11,13,15,16,18,19,23,28,31,34,36,39,45,47,50,62,67,72,73,75,76,81,85,93,97,98,106,109,111,113,118,120,122,124,126,127,134,137,143,145,148,150,152,156,159,162,165,167,174,176,177,182,186 "126";
127 119 1 6,7,20,22,32,37,44,56,60,66,69,73,89,94,97,101,111,121,126,134,144,147,153,160,163,166,171,176 "127";
128 109 0 23,35,76,129,150,176 "128";
129 72 0 0,1,4,6,8,9,10,11,14,18,19,22,26,28,29,33,36,41,44,46,47,49,51,53,55,56,58,62,63,65,68,69,70,71,72,75,76,79,80,83,86,88,90,91,93,98,99,101,102,104,105,107,108,116,117,119,120,121,123,125,127,130,133,135,137,139,142,148,151,153,155,159,162,163,165,168,169,171,174,175,177,180,181,183,186 "129";
130 61 0 2,4,12,15,17,23,35,38,40,43,47,54,61,63,67,71,74,76,91,93,96,104,107,111,114,135,142,150,152,153,156,170,173,174,182 "130";
131 160 0 1,2,5,12,19,22,24,29,31,36,40,41,43,44,47,48,49,50,51,53,54,57,60,61,64,65,66,70,71,72,74,76,77,82,84,85,88,89,92,95,98,100,102,104,105,108,112,114,118,120,124,126,130,131,133,135,140,143,144,146,149,152,153,155,157,159,161,163,164,166,168,171,172,174,176,177,180,182,184,186 "131";
132 57 0 4,11,35,39,45,67,89,92,99,102,107,115,117,118,127,137,146,147,167,176 "132";
133 74 1 0,1,3,4,5,10,15,17,19,21,23,26,28,30,33,34,37,42,45,46,49,51,54,55,57,59,62,63,67,69,71,73,75,76,78,79,81,85,89,90,92,94,99,101,104,106,108,112,114,116,118,119,122,123,125,127,128,130,136,138,139,141,143,150,152,153,154,156,159,162,163,165,167,170,172,174,175,176,178,179,184,185 "133";
134 118 0 1,4,7,19,24,51,58,90,95,96,100,101,108,116,123,124,125,130,133,140,149,152,162,164,167,177,185 "134";
135 121 1 2,4,7,8,12,14,15,17,20,21,22,24,25,29,32,34,35,37,38,40,43,45,46,48,49,50,52,54,55,57,60,63,66,68,70,72,73,75,77,81,84,85,87,88,89,91,96,98,103,105,106,108,109,111,112,115,119,120,122,123,128,129,132,134,135,136,139,141,142,144,150,152,153,155,162,164,165,168,170,173,174,175,177,182,183,185 "135";
136 43 1 10,13,15,16,24,26,28,31,35,36,38,41,45,50,51,53,55,57,61,62,72,73,75,83,85,92,93,96,102,105,112,116,117,121,127,128,130,132,134,153,164,168,169,173,183 "136";
137 76 1 0,2,7,11,12,16,19,30,40,48,62,74,77,86,88,93,96,100,104,110,113,114,116,122,124,125,129,130,134,138,144,159,162,172,173,180 "137";
138 13 0 0,3,4,12,16,17,18,20,21,23,24,26,29,32,35,36,38,42,45,46,50,52,54,59,62,63,64,66,68,70,72,73,76,78,79,81,82,89,92,96,105,106,110,112,119,121,122,132,134,137,139,142,148,150,153,154,157,159,160,161,163,164,166,168,169,173,174,179,180,183,186 "138";
139 95 1 7,10,11,13,17,22,24,28,31,32,35,39,41,44,47,49,50,51,54,56,58,61,64,65,67,68,70,71,73,76,78,80,81,82,84,86,88,89,93,96,97,102,104,105,106,110,113,117,119,120,121,123,126,130,131,132,139,140,141,144,145,147,149,152,156,157,159,161,163,165,166,169,171,174,177,182,185 "139";
140 45 1 14,58,65,71,100,106,118,143,158,159,167,168,170,179,183 "140";
141 87 0 6,7,15,56,93,108,113,114,118,119,130,133,137,145,157,162,164,175,182 "141";
142 109 0 1,3,6,8,10,11,14,16,18,21,24,26,29,33,38,39,42,44,49,50,56,58,61,63,65,67,69,71,73,75,76,82,87,91,95,98,99,101,104,106,108,115,116,119,121,125,127,130,133,135,137,140,143,145,146,149,153,158,160,162,165,168,170,174,177,182 "142";
143 116 0 2,3,5,7,11,13,16,18,20,22,24,30,31,34,35,36,39,40,42,43,46,47,51,53,56,66,68,70,73,76,77,79,84,86,89,95,98,104,106,108,109,111,114,116,120,122,125,126,128,131,133,137,145,146,152,154,157,158,160,161,164,168,169,173,175,177,179,180,184,185 "143";
144 103 0 0,29,30,57,58,63,71,72,82,83,93,99,117,122,146,164,180 "144";
145 52 1 2,3,6,7,9,13,15,16,18,20,22,23,26,27,29,30,34,36,38,39,40,41,43,45,49,53,55,57,59,61,64,66,68,69,71,73,74,75,77,79,81,84,87,90,92,94,96,97,100,103,104,105,106,109,111,112,113,116,118,120,122,124,125,128,129,131,133,134,135,138,140,141,144,147,148,151,153,154,156,160,162,165,167,168,170,171,173,174,176,178,182,183,184,186 "145";
146 6 0 6,20,47,53,77,83,87,106,153,165,174 "146";
147 103 0 0,3,4,5,7,9,10,12,13,15,16,17,19,20,22,23,25,27,31,33,34,36,37,41,42,45,46,47,49,53,54,56,59,61,64,65,67,69,73,76,79,80,83,84,88,89,90,94,96,99,100,101,102,103,105,107,108,110,111,112,114,116,118,121,122,125,129,131,133,138,140,141,143,144,145,146,148,152,157,164,165,169,172,174,176,180,181,184,186 "147";
148 79 0 0,2,6,11,12,14,15,18,19,21,22,25,27,32,38,39,40,43,44,46,48,51,58,60,64,65,67,69,73,74,76,81,82,84,86,87,92,94,96,99,103,104,106,115,116,120,122,126,127,130,132,133,137,138,144,147,154,159,162,164,165,167,172,174,178,180,181,183,184,186 "148";
149 183 1 1,3,13,15,16,19,20,24,26,28,36,37,39,41,47,50,53,56,58,61,66,68,76,81,86,92,95,96,102,104,108,115,117,118,122,125,128,133,134,137,138,143,148,151,154,158,166,167,170,171,173,176,178,181,182,185,186 "149";
150 106 0 3,4,5,7,8,14,17,19,21,22,24,26,29,30,33,35,37,39,40,44,46,47,48,49,50,53,54,56,57,59,62,63,64,65,67,69,70,73,74,76,78,79,82,85,86,87,91,92,94,96,97,100,101,103,104,106,107,110,111,114,116,118,120,122,124,126,128,130,132,134,137,139,141,142,145,146,147,149,150,152,154,155,156,160,162,164,165,168,170,177,179,180,182,185 "150";
151 24 0 1,5,7,10,14,15,20,21,22,24,25,26,27,29,32,35,37,40,42,43,48,49,52,54,55,58,60,61,62,64,66,71,76,80,84,86,88,89,92,98,99,102,105,107,108,109,112,115,116,117,118,119,123,126,128,129,132,134,136,141,142,147,148,151,154,159,161,162,165,166,168,169,171,172,181,182,185 "151";
152 92 1 1,3,5,6,9,12,13,20,23,26,30,32,37,39,41,46,48,52,58,62,74,77,79,86,93,113,115,119,125,127,131,134,135,137,140,143,145,146,150,152,153,155,160,166,170,172,179,180,182 "152";
153 30 0 0,4,7,13,16,17,20,24,26,28,32,33,37,38,40,41,45,46,48,53,54,57,66,67,73,77,79,90,92,95,97,102,104,107,108,113,116,134,137,138,142,143,145,147,148,151,152,153,154,156,159,161,164,167,171,172,174,178,184 "153";
154 145 0 3,9,14,16,25,26,36,39,42,47,55,60,66,70,75,87,94,98,99,104,106,108,111,115,134,138,148,164,168,174,179,182 "154";
155 105 0 1,3,4,7,11,13,14,16,21,22,24,27,29,30,33,36,37,44,49,51,54,56,58,61,62,69,71,73,75,76,78,80,82,84,85,86,90,92,97,98,101,104,108,112,113,114,122,124,126,127,128,131,133,136,137,139,146,147,149,150,153,155,159,160,161,166,167,168,174,175,176,179,181,186 "155";
156 36 1 7,18,26,31,36,41,57,59,62,65,70,83,88,98,100,102,103,107,114,117,120,142,143,151,159,169,179,181,182 "156";
157 15 1 1,6,7,9,10,11,13,14,16,17,18,24,27,28,33,35,39,40,44,46,47,49,51,54,55,56,59,60,63,64,66,68,69,70,71,73,75,77,78,80,82,85,87,89,92,94,96,97,98,100,102,103,105,106,108,111,112,116,118,120,124,126,131,132,135,138,139,142,144,146,148,152,153,156,160,162,165,167,169,171,174,178,179,181,183,185 "157";
158 40 1 0,3,6,7,14,15,16,20,23,26,27,28,31,36,37,40,42,43,48,50,54,55,58,60,62,63,65,67,70,74,76,80,82,83,85,87,88,91,99,106,111,116,120,121,126,127,129,131,132,133,142,143,145,147,149,152,153,154,156,158,162,165,168,171,173,182,185 "158";
159 24 0 0,2,4,5,7,10,12,14,16,19,20,21,26,28,30,31,38,39,40,41,44,46,48,49,50,52,53,56,57,59,62,65,68,70,72,73,74,80,82,83,85,89,92,94,97,100,102,104,105,108,111,117,119,120,123,124,127,129,131,133,135,136,138,139,140,142,144,145,149,150,151,155,156,160,163,164,167,168,173,174,176,179,180 "159";
160 160 0 0,1,3,4,7,8,15,19,20,24,27,28,34,39,41,43,44,48,51,52,54,57,64,66,69,75,83,85,87,92,98,102,103,105,108,117,127,129,132,133,134,136,138,141,145,149,151,158,167,168,172,174,176,177,178,179 "160";
161 26 0 1,7,23,24,26,28,31,37,41,43,50,58,60,62,68,71,76,84,117,120,124,125,129,130,136,139,142,146,148,158,166,168,175,179,180 "161";
162 60 1 0,1,3,5,7,10,15,18,19,20,22,27,29,34,35,37,40,42,44,47,48,50,53,56,57,60,61,66,70,71,73,74,77,79,81,83,86,88,91,93,97,100,102,103,107,109,114,122,124,125,128,130,135,139,140,143,144,151,153,157,159,161,164,167,168,169,171,174,175,178,181,183 "162";
163 90 0 1,2,9,16,19,21,23,25,29,34,35,38,40,42,52,54,62,65,66,74,77,80,81,83,86,87,92,94,100,101,109,112,115,117,120,124,126,129,132,133,136,148,150,152,156,159,163,165,166,172,176,181 "163";
164 182 1 0,7,9,10,18,19,29,38,39,46,47,50,58,69,73,82,87,89,95,102,108,112,125,138,140,142,149,159,167,170,175 "164";
165 35 1 5,7,8,10,19,25,29,39,40,43,46,51,54,55,58,61,73,77,78,80,83,85,87,97,101,104,109,115,120,123,131,136,138,147,153,158,161,172,174,182 "165";
166 105 0 1,2,5,12,14,19,21,23,26,29,30,32,39,44,47,51,53,54,57,59,61,67,70,74,75,84,85,88,92,98,101,103,105,106,107,110,112,114,115,117,119,129,130,132,133,136,138,140,144,148,151,153,157,164,167,172,175,177,181,182,185 "166";
167 2 0 0,6,7,10,12,14,15,18,22,24,25,27,30,32,34,37,40,41,45,49,52,54,61,62,65,69,71,73,74,75,79,84,85,87,90,95,97,107,110,112,113,116,118,122,124,126,127,130,132,134,136,138,139,142,146,152,155,157,162,164,167,170,171,174,176,180,181,186 "167";
168 37 0 0,10,12,14,33,35,36,43,49,51,54,59,63,65,67,68,69,80,86,100,105,112,116,119,132,138,141,143,144,146,148,149,155,158,160,165,168,177,181,184 "168";
169 5 1 1,4,7,11,13,18,20,23,24,25,28,30,35,38,53,55,57,60,63,70,72,73,79,81,82,88,90,92,93,99,100,105,109,113,120,124,125,131,134,139,140,143,144,146,148,150,156,159,167,168,170,172,175,177,178,180,181,183,184,186 "169";
170 164 1 0,2,5,7,10,12,14,15,16,19,21,24,30,34,38,43,47,49,57,59,62,65,67,70,73,74,75,80,86,87,88,90,91,93,96,103,105,106,107,112,113,119,123,132,134,137,138,139,143,147,149,152,154,157,160,163,167,172,178,180,184 "170";
171 186 0 3,5,10,23,33,41,42,46,50,52,58,60,64,65,70,73,80,84,89,94,103,107,113,115,117,121,137,144,147,153,162,167,169,173,176 "171";
172 11 1 0,1,7,9,15,16,18,19,21,22,23,25,28,30,32,33,35,37,38,40,41,43,44,49,51,53,56,58,59,62,63,66,67,69,71,76,77,80,82,85,87,91,95,96,97,99,102,104,105,106,108,109,110,114,120,122,124,125,127,128,130,131,137,141,143,149,151,153,155,156,158,162,164,166,167,169,171,172,174,176,178,181,183,185,186 "172";
173 32 0 0,6,8,15,17,24,27,41,45,56,58,61,62,70,71,72,75,79,86,90,101,105,111,117,120,126,133,137,139,144,149,152,164,170,179,181,184,186 "173";
174 151 1 0,2,10,12,13,17,19,22,24,26,27,29,31,33,37,38,40,42,45,47,49,52,56,61,67,70,71,74,76,79,80,82,84,86,90,92,97,98,100,104,107,108,112,116,119,122,125,127,130,132,135,137,143,148,150,153,160,161,162,168,171,173,176,177,179,183,185 "174";
175 118 1 9,31,66,67,71,100,152 "175";
176 30 1 0,1,2,5,8,11,14,17,22,23,28,30,34,38,41,43,49,52,54,55,58,62,64,66,68,70,73,75,77,82,83,86,90,92,95,97,100,103,105,108,110,111,112,113,117,120,121,125,128,130,132,135,137,138,140,150,155,156,158,159,163,165,167,168,172,177,178,181,183,186 "176";
177 66 0 0,2,4,9,11,12,21,22,24,26,28,31,34,35,37,38,40,41,46,52,53,55,58,59,61,63,64,69,72,73,74,78,80,81,83,84,87,88,90,91,92,94,96,97,100,102,103,105,106,114,118,119,122,124,127,129,130,134,135,138,141,144,146,149,151,153,155,156,158,160,161,163,165,167,168,170,173,174,175,180,186 "177";
178 181 0 0,10,11,13,15,20,21,29,35,37,41,42,47,48,49,52,54,58,66,72,88,89,92,93,95,99,101,103,111,114,116,120,125,128,129,136,139,142,144,145,147,155,156,163,164,165,168,170,179,184 "178";
179 137 1 0,2,8,11,13,18,21,26,28,31,32,35,37,39,50,55,57,69,76,82,83,84,90,92,101,103,110,113,115,116,118,121,124,126,129,130,134,135,144,149,159,160,164,166,178 "179";
180 42 0 3,5,10,12,18,20,21,22,25,29,45,48,50,54,61,67,71,83,84,86,88,89,90,93,95,98,99,101,103,109,114,117,119,123,124,133,134,139,146,158,159,161,165,166,168,170,171,179,184 "180";
181 25 0 6,19,47,63,68,80,89,92,113,137,174 "181";
182 179 1 1,11,13,18,20,22,27,28,33,64,65,68,75,82,93,100,110,116,134,142,157,167,185,186 "182";
183 63 1 3,11,23,40,56,63,86,111,129,132,157,159,176,186 "183";
184 15 0 4,9,21,24,27,32,36,41,44,47,55,61,69,72,73,78,89,98,100,116,117,119,123,129,133,136,142,145,159,161,163,166,173,175,177,179 "184";
185 117 1 1,11,12,16,17,18,32,33,37,41,51,57,59,62,81,82,94,103,110,112,117,122,129,131,137,140,146,150,152,157,159,165,171,172,184,185 "185";
186 141 0 3,7,9,10,13,16,20,22,23,27,29,31,34,37,39,40,44,45,46,49,51,52,54,56,60,61,72,76,83,85,87,90,92,93,98,100,105,109,112,113,114,115,119,122,123,125,127,130,132,134,137,138,140,143,145,147,150,153,154,156,157,161,162,165,168,170,178,184,186 "186";
