parity 63;
0 6 0 0,1,3,4,6,8,13,18,19,21,26,28,29,31,34,37,40,41,43,46,48,52,56,60,61,63 "0";
1 23 0 6,8,9,11,22,23,25,29,31,34,39,41,44,46,47,51,54,56,59,60,61,63 "1";
2 30 0 0,3,4,8,9,11,14,18,19,21,23,25,26,27,29,30,33,36,40,41,43,45,48,58 "2";
3 52 1 0,23,37,44 "3";
4 8 1 1,6,7,10,11,15,16,19,21,24,30,33,36,37,39,41,43,45,47,48,49,54,55,57,59,60,62 "4";
5 48 1 37,49 "5";
6 33 1 0,1,3,5,8,10,11,12,15,17,18,20,23,25,28,32,34,38,40,41,45,49,51,52,54,56,63 "6";
7 40 0 0,3,6,12,18,20,22,23,24,26,38,40,41,43,46,48,50,57,58,61 "7";
8 62 1 6,15,20,26,31,34,47 "8";
9 4 1 9,12,14,39,47,63 "9";
10 0 0 1,2,6,8,10,11,17,19,21,22,23,24,26,33,34,36,38,39,41,42,44,48,50,51,53,54,56,59,61,63 "10";
11 1 1 0,5,10,12,13,17,20,23,27,29,31,35,37,40,42,43,46,47,50,52,54,57,58,60,62,63 "11";
12 55 0 3,17,19,20,23,27,36,38,40,41,48,50,51,53,54 "12";
13 35 1 0,2,5,7,10,12,17,20,22,25,26,27,29,32,38,40,44,46,49,50,55,57,60,61,62 "13";
14 15 1 17,25,41,51 "14";
15 30 1 0,1,3,6,10,13,22,25,26,28,32,33,35,43,50,51,57 "15";
16 53 1 3,8,9,14,19,22,24,26,29,37,42,44,45,46,48,51,52,62 "16";
17 12 0 2,7,8,10,14,17,20,25,26,28,32,34,35,37,39,42,44,46,50,53,55,57,60,62 "17";
18 7 0 0,1,5,7,10,12,13,15,17,18,24,27,28,30,34,35,40,42,44,48,49,51,54,56,63 "18";
19 53 0 1,5,13,15,26,31,33,39,40,43,44,46,49,54,56,59,62 "19";
20 39 0 0,4,7,8,10,12,15,18,20,23,32,34,36,43,45,47,50,52,55,61,63 "20";
21 56 1 5,6,18,23 "21";
22 55 0 16,51 "22";
23 41 1 0,8,26,32,40,43,46,58,62 "23";
24 35 0 1,2,4,11,14,15,16,17,24,26,29,30,35,36,40,41,47,48,50,52,54,56,59,63 "24";
25 29 0 0,8,18,21,24,26,31,35,46,49,55,58,59,63 "25";
26 33 0 3,6,10,16,18,19,24,26,30,32,34,43,44,55,56,58,62 "26";
27 11 0 0,5,6,7,9,10,12,14,16,18,19,21,23,25,28,32,34,36,39,41,43,44,46,48,51,52,55,56,61 "27";
28 44 1 12,14,26,36,42,44,47,48,56 "28";
29 46 1 2,5,6,8,10,11,14,17,18,19,20,22,24,26,28,30,32,35,36,40,41,43,45,46,48,50,52,55,57,61,63 "29";
30 34 1 5,7,9,11,14,17,18,23,24,28,29,30,31,33,35,40,43,45,47,49,51,54,55,56,61,63 "30";
31 19 0 14,22,25,26,35,44,47,56,59 "31";
32 52 0 1,3,6,25,32,35,39,41,45,59 "32";
33 1 0 5,6,7,10,13,15,17,18,19,23,35,39,41,45,46,52,57,63 "33";
34 0 1 2,6,11,12,15,18,20,21,22,25,28,30,32,35,38,42,49,53,56,58 "34";
35 52 1 19,38,39,44,61 "35";
36 53 0 0,2,4,6,13,16,19,24,25,33,36,40,42,44,49,54,56,58,63 "36";
37 27 1 0,2,3,9,13,15,18,19,22,26,28,37,39,40,44,45,47,48,50,51,59,63 "37";
38 36 1 7,9,12,25,33,43,45 "38";
39 60 1 35,44,50 "39";
40 37 1 2,7,9,11,13,23,24,26,29,33,36,37,42,44,47,57,59,62 "40";
41 11 0 1,2,3,5,6,8,10,11,12,14,15,16,19,21,25,32,33,34,36,38,40,42,44,47,50,52,53,56,57,60,61,62 "41";
42 7 0 5,7,10,11,20,22,24,26,30,32,35,37,40,46,58,62 "42";
43 16 1 0,5,11,12,40,60 "43";
44 34 0 0,2,5,6,8,13,15,17,19,21,22,23,25,27,29,31,32,34,35,37,39,40,42,44,46,49,55,57,58,61,63 "44";
45 62 1 0,3,6,16,19,22,28,29,40,43,47,51,52,54,56,59,61,62 "45";
46 40 0 2,21,29,42,44,49,51,53,56,63 "46";
47 22 0 15,29,33 "47";
48 47 1 14,48,60,61 "48";
49 37 0 4,9,15,17,18,23,26,30,35,38,39,40,46,51 "49";
50 17 1 0,6,16,18,21,24,26,36,37,39,41,42,45,46,49,58,60 "50";
51 22 0 13,19,24,30,40,42,46,54,57 "51";
52 44 1 8,9,10,14,16,20,23,34,40,42,44,49,57,58,60 "52";
53 6 1 0,4,6,11,12,16,18,19,24,26,27,28,31,33,36,40,41,45,46,48,50,52,53,55,57,63 "53";
54 21 0 0,3,6,7,9,10,14,18,22,23,27,29,32,33,39,41,44,45,46,56,58,61 "54";
55 27 0 0,4,6,7,11,13,15,18,20,22,23,25,27,29,31,35,36,42,44,46,47,51,53,60 "55";
56 37 1 0,5,10,14,17,23,25,28,30,32,42,44,46,49,50,56,59,61,62 "56";
57 37 1 1,4,6,8,10,18,20,31,40,41,47,49,52,60 "57";
58 14 1 1,4,9,14,16,19,22,25,26,27,31,33,34,35,48,50,51,57,62 "58";
59 23 1 1,3,5,7,8,11,15,17,19,20,22,24,32,34,36,38,41,44,46,51,53,54,56,59 "59";
60 39 1 3,16,17,34,44,46,50,60 "60";
61 63 1 5,29,32,34,38,41,43,45,48,53,55,56,57,61 "61";
62 1 0 1,3,6,8,9,10,14,19,23,29,33,39,42,46,48,53,57,61,62 "62";
63 7 0 0,5,9,10,13,16,17,19,20,22,27,29,31,33,36,40,41,44,45,51,53,55,59 "63";
