parity 193;
0 176 1 3,7,8,10,13,20,23,26,27,29,33,34,37,38,40,42,44,47,49,50,52,54,56,59,62,64,65,66,68,69,71,73,74,76,78,80,81,84,86,87,89,91,95,99,100,102,103,104,113,116,118,120,124,125,128,130,131,133,134,136,138,141,143,146,148,151,152,158,161,162,164,165,167,169,171,172,174,176,178,181,183,185,188,189 "0";
1 134 1 4,8,12,19,37,39,46,50,84,96,119,136,146,148,158,177 "1";
2 123 0 1,22,27,29,41,42,65,66,87,106,129,155,178,184 "2";
3 142 1 0,2,3,5,6,14,22,25,30,39,41,44,46,48,51,54,57,61,62,65,73,74,81,84,88,90,93,105,112,116,118,125,135,139,141,145,154,158,160,168,177,181,185,190,191 "3";
4 115 1 8,11,12,20,25,27,31,32,33,45,48,49,50,53,55,65,68,69,70,75,79,89,93,95,98,102,105,107,120,130,137,139,141,146,153,155,156,161,166,169,172,178,185,191 "4";
5 89 0 10,15,65,74,104,106,109,142,161,186 "5";
6 160 0 2,7,9,11,15,19,29,36,37,40,42,50,55,57,64,66,69,73,76,79,82,84,90,91,97,100,103,108,112,114,118,129,132,133,144,145,148,151,158,164,167,172,174,177,179,181 "6";
7 15 1 9,23,34,57,67,84,111,116,138,151 "7";
8 120 0 1,10,13,17,25,29,30,38,52,62,66,71,80,82,83,88,99,104,109,111,113,115,122,124,127,131,136,139,152,154,156,159,163,168,172,178,181,184,190 "8";
9 22 1 17,61,72,110,115,127,145,146,164 "9";
10 151 0 10,38,53,65,71,86,113,117,126,137,144,147,171,184 "10";
11 126 1 1,2,5,9,11,15,16,18,22,24,27,28,29,38,46,51,53,56,58,60,64,65,73,81,82,85,86,90,92,95,97,101,109,110,111,115,116,119,127,129,132,133,136,137,144,150,152,159,162,165,166,172,174,178,179,183,192 "11";
12 77 0 7,10,12,13,15,17,22,37,40,50,55,56,62,82,84,88,93,98,104,108,112,119,123,129,134,141,149,153,155,156,161,164,172,178,180,188,189 "12";
13 187 0 2,3,18,21,27,44,46,48,50,52,56,58,60,63,66,72,78,86,88,99,102,106,107,110,117,119,122,125,141,143,144,152,155,159,165,166,176,177,190 "13";
14 89 0 1,3,5,6,7,9,10,12,14,15,19,22,23,25,27,29,30,31,33,35,38,39,41,42,43,44,46,48,50,54,57,59,62,65,68,69,72,75,77,79,82,84,86,88,89,90,91,95,99,102,103,105,106,108,110,112,114,119,120,124,125,127,129,130,132,137,139,141,142,143,144,146,147,149,150,152,153,156,158,159,161,164,168,169,171,172,174,176,183,184,187,189,191,193 "14";
15 165 1 0,11,20,32,44,46,47,63,69,72,83,88,103,105,123,147,154,166,179 "15";
16 164 1 2,4,6,8,14,29,45,47,48,56,59,69,74,92,96,103,113,114,122,131,137,139,151,152,158,160,161,178,180 "16";
17 55 0 6,8,9,11,16,17,20,22,23,33,43,45,47,50,53,54,59,64,66,69,73,76,77,79,85,90,92,93,100,105,106,109,111,114,117,119,122,124,128,132,134,138,140,141,143,144,147,149,151,156,161,162,163,164,166,171,173,178,185,186,188,189,193 "17";
18 117 0 2,4,7,10,12,15,18,20,22,23,28,29,31,33,35,39,41,42,45,46,48,51,53,55,58,60,61,65,66,67,72,78,80,84,86,91,92,95,96,98,99,100,102,104,105,111,112,115,117,119,120,123,127,131,133,139,140,143,152,154,157,160,163,164,173,174,177,180,181,186,188,189,191,193 "18";
19 150 1 0,1,3,8,10,14,16,17,21,22,23,27,28,29,30,33,35,37,40,41,42,43,47,53,57,59,61,63,65,68,70,75,77,79,81,83,84,87,89,92,95,97,98,100,101,106,108,113,114,117,119,121,123,124,126,127,129,130,132,134,136,137,138,140,143,144,146,147,149,150,152,153,154,155,158,160,163,166,167,169,172,173,175,177,178,180,183,185,186,188,190,191 "19";
20 142 0 39,60,63,82,86,109,143 "20";
21 58 1 2,8,9,10,12,14,18,20,22,23,25,26,28,32,34,36,41,42,43,46,47,50,53,54,56,57,58,60,62,63,67,69,71,73,74,77,79,81,82,85,88,90,92,94,96,102,106,110,111,116,118,120,122,124,126,131,133,136,137,138,140,145,148,152,154,155,156,159,167,169,172,174,175,177,178,182,191 "21";
22 112 0 14,73,98,119,184 "22";
23 47 0 1,4,8,13,14,20,23,25,27,29,32,34,35,37,38,40,41,45,48,51,52,54,57,62,72,77,79,80,84,85,88,89,109,111,115,118,120,125,132,142,146,148,155,158,159,165,168,172,175,176,179,181,182,184,187,190,193 "23";
24 75 0 1,3,5,7,9,11,14,15,18,19,22,23,25,26,28,30,32,33,34,36,39,41,44,45,47,48,51,53,55,56,59,61,63,66,70,71,74,77,80,81,85,86,89,91,92,93,96,101,103,104,106,107,111,116,118,120,124,126,129,133,136,139,146,148,149,150,152,157,160,161,165,167,169,170,173,174,176,177,179,181,184,185,188,189,191,192 "24";
25 61 0 0,3,6,8,10,11,19,22,28,29,38,40,41,43,46,47,51,53,54,57,60,63,64,69,70,80,83,87,94,96,99,108,117,119,120,121,123,128,130,132,135,140,143,147,151,156,157,160,163,166,168,169,171,173,177,179,182,183,184,188,193 "25";
26 35 0 91,116 "26";
27 53 0 1,58,77,82,86,100,106,109,113,119,121,127,133,139,141,146,155,160,162,166,167,182,184,186 "27";
28 178 1 1,2,4,7,15,18,21,27,34,35,36,37,41,43,51,56,58,61,69,72,75,76,81,85,91,96,100,103,107,109,111,113,119,120,135,139,140,149,151,153,156,160,168,172,174,177,183,186,193 "28";
29 6 0 4,5,10,15,17,23,29,32,34,43,44,47,54,66,67,69,71,75,76,79,82,96,99,122,127,132,133,136,148,156,164,170,172,176,178,186,187,189,191 "29";
30 153 0 0,3,6,9,11,12,13,15,19,25,26,30,35,37,38,41,44,46,49,50,54,55,57,60,62,63,65,68,69,71,74,76,78,86,87,89,90,92,98,103,108,110,114,118,119,121,122,125,127,130,135,137,142,148,151,154,162,167,170,172,174,177,178,182,185,186,193 "30";
31 80 1 2,6,8,11,12,19,20,21,23,25,27,29,30,32,38,39,40,42,48,50,53,57,59,62,63,65,67,74,76,79,84,86,90,93,98,101,104,107,109,118,121,122,126,129,130,131,132,133,135,137,138,141,145,153,155,156,158,164,166,169,172,176,179,182,183,185,186,188,190,192 "31";
32 166 1 1,3,6,9,10,11,12,14,17,19,22,24,26,29,33,39,42,45,49,52,57,61,64,66,68,70,73,75,84,87,90,92,93,96,101,105,107,109,112,119,125,128,129,131,132,136,142,144,149,151,152,153,159,164,166,167,169,170,176,181,189,192 "32";
33 69 0 0,1,3,4,5,7,9,12,13,15,16,19,20,21,23,24,30,31,34,37,40,42,45,47,53,55,57,59,61,63,64,67,71,73,82,83,86,93,97,98,102,106,109,114,116,119,122,123,129,134,135,136,137,139,141,142,144,148,150,153,158,160,161,163,166,167,171,176,177,179,182,184,185,186,188,191 "33";
34 37 0 4,9,10,13,15,17,20,23,27,28,30,32,37,38,41,43,49,62,65,67,74,81,85,90,91,95,96,98,100,102,104,111,114,116,117,118,123,127,129,142,144,146,149,152,153,159,160,162,167,168,181,186,188 "34";
35 22 0 3,4,7,13,15,19,25,31,37,42,49,52,56,61,63,65,73,74,77,79,80,87,92,95,111,113,116,119,121,128,133,135,139,144,146,147,149,152,153,155,156,158,159,162,163,165,168,176,177,180,183,185,186,187,190 "35";
36 61 1 11,34,37,53,105,114,132,138,152,168 "36";
37 51 0 1,2,4,8,10,12,13,15,18,20,21,22,24,26,27,30,31,33,35,37,38,39,42,44,46,48,50,52,53,55,57,59,60,64,65,68,69,73,75,78,81,82,83,86,87,89,91,92,93,98,100,102,105,109,112,113,117,121,123,125,126,128,130,131,132,134,137,140,141,144,145,146,148,151,152,154,156,158,159,161,163,164,165,166,168,171,173,175,177,178,179,182,185,187,190,191,193 "37";
38 137 0 1,2,3,7,9,11,18,23,26,27,29,31,33,35,41,46,47,48,50,51,56,62,64,65,66,70,78,82,83,85,87,93,104,107,109,111,114,120,121,125,128,130,132,133,136,139,140,143,145,149,150,152,155,159,161,163,166,167,169,172,174,178,181,184,185,189,193 "38";
39 85 1 0,2,4,7,8,11,14,19,21,22,28,34,37,40,49,52,57,58,61,62,63,66,71,73,83,86,94,100,103,105,106,113,116,123,124,128,129,132,134,135,139,144,145,149,151,153,163,165,168,171,179,185,186,188,191,193 "39";
40 102 0 0,3,15,18,21,24,26,28,29,31,33,37,41,53,55,70,73,77,82,84,89,94,97,102,105,106,119,122,125,126,133,134,140,145,148,152,161,170,178,184,187,190,191 "40";
41 15 0 2,13,16,17,20,26,29,31,37,42,43,44,45,50,51,53,57,62,66,67,68,71,80,81,84,85,86,93,95,100,102,105,112,113,119,123,125,130,131,135,137,139,144,150,155,159,160,161,165,171,181,183,190 "41";
42 71 0 0,2,32,61,108,152,173,175,182 "42";
43 183 1 0,2,6,9,10,11,15,16,20,21,25,27,28,32,34,35,36,39,42,44,45,50,52,53,56,58,59,61,64,66,69,71,73,77,79,81,83,86,88,90,92,94,95,99,101,102,105,108,110,112,114,115,120,121,125,127,131,137,140,141,144,145,146,147,149,150,157,159,160,161,163,168,169,172,174,176,178,181,182,184,187,189,191 "43";
44 87 0 3,47,53,61,82,113,127,142,150,172,174,181,187 "44";
45 191 0 13,20,41,46,52,73,80,87,94,97,120,138,142,158,177,182,186 "45";
46 38 0 0,6,7,9,13,16,18,20,22,24,26,29,31,40,44,45,46,48,55,58,61,65,67,73,80,83,84,88,90,96,98,100,107,116,121,122,129,132,134,138,139,143,144,147,148,150,152,154,156,162,164,166,169,170,173,177,183,185,188,193 "46";
47 5 1 14,19,22,23,24,38,41,46,53,54,56,74,77,79,81,84,91,93,96,98,99,101,110,115,117,120,125,130,132,139,155,166,167,169,172,185,187,189 "47";
48 60 0 7,8,9,10,11,13,16,17,19,21,24,27,29,35,36,38,41,43,48,50,52,53,56,57,59,60,62,64,66,68,70,72,78,79,82,83,85,89,92,93,96,97,100,101,104,110,114,117,120,122,123,127,129,131,134,136,137,140,142,146,147,150,152,154,156,158,162,164,166,168,169,172,173,176,180,181,187,189 "48";
49 95 1 6,13,16,21,29,32,39,41,43,46,48,51,53,54,59,65,68,69,71,73,77,85,88,89,92,95,102,107,113,119,121,123,127,131,133,139,142,144,145,155,157,158,164,168,170,176,179,180,185,188,190,192 "49";
50 59 0 9,12,18,28,30,33,45,49,69,78,80,91,93,98,104,107,112,137,141,146,153,162,168,172,178 "50";
51 114 0 3,4,7,22,23,38,48,53,56,94,105,127,140,174,187 "51";
52 11 1 0,4,5,7,9,21,25,28,35,38,39,41,43,47,48,58,59,69,72,73,76,77,81,82,85,86,88,90,93,96,108,111,116,119,121,123,132,135,136,139,143,145,149,153,163,164,166,168,170,173,175,182,187,189 "52";
53 174 0 1,6,11,15,19,21,22,25,31,38,40,41,45,47,49,51,52,56,62,63,66,74,82,87,92,99,107,109,110,111,114,126,135,137,144,148,152,153,155,156,158,159,170,172,178,183,185,188 "53";
54 20 1 21,24,29,31,43,53,66,71,73,75,78,97,120,123,141,156,168 "54";
55 118 1 16,55,154,161 "55";
56 141 1 3,6,10,11,13,14,15,18,21,23,29,31,33,36,37,41,43,46,47,48,50,52,54,58,60,61,67,70,72,74,75,77,82,84,86,87,88,93,95,97,99,103,105,109,113,114,116,117,119,121,124,126,128,134,135,137,139,140,147,149,150,152,154,156,158,159,163,164,167,169,170,173,175,176,177,179,182,183,185,186,188,191,193 "56";
57 145 0 1,3,10,18,24,26,28,32,39,43,48,49,52,60,65,66,74,76,79,80,83,84,87,88,91,93,98,105,107,111,120,122,126,134,138,143,149,160,167,169,173,178,181,188,193 "57";
58 15 0 10,14,51,69,80,87,104,119,122,152,173,180,190 "58";
59 92 0 10,16,65,101,113,116,136,154,159,185,187,191 "59";
60 2 1 2,13,16,21,25,39,46,49,50,54,58,61,75,78,81,90,93,95,99,112,116,121,127,128,131,132,139,140,146,150,156,165,167,171,181,183,188 "60";
61 116 0 3,7,12,15,19,27,40,63,69,81,110,112,117,119,131,140,143,150,152,157,161,178,184 "61";
62 162 0 5,6,7,10,14,19,21,22,24,31,32,34,38,41,44,48,50,52,54,55,58,65,68,72,73,77,79,83,85,87,88,91,95,96,99,101,114,118,124,136,139,141,148,151,153,159,161,163,164,169,174,175,180,182,183,190,192 "62";
63 90 1 0,3,6,9,15,28,29,35,40,46,53,64,66,67,74,75,76,81,86,88,89,90,92,95,101,104,106,107,109,117,118,127,130,132,138,142,150,156,157,161,163,165,167,171,173,178,182,186,190,193 "63";
64 156 0 0,2,3,8,10,14,24,40,47,52,56,81,82,89,119,125,143,147,158,164,169,179,182 "64";
65 133 0 0,2,4,7,9,12,14,15,17,18,20,21,23,26,27,29,30,32,33,35,38,39,41,43,46,47,48,50,53,54,56,60,62,63,69,72,75,77,81,84,86,92,95,99,100,101,103,106,111,112,114,116,118,121,123,124,126,127,131,138,139,141,142,144,146,149,151,152,153,156,160,162,163,166,168,170,172,174,175,177,181,182,183,185,186,188,189,190,192,193 "65";
66 160 0 1,2,5,6,9,11,14,15,19,20,22,23,27,29,33,34,38,40,41,42,44,45,47,49,50,53,55,56,58,60,61,64,65,66,68,69,71,74,75,76,78,79,82,84,87,89,92,94,96,97,98,100,102,103,106,110,111,112,114,116,117,119,122,123,124,126,127,130,132,138,139,142,143,145,146,150,151,153,154,156,157,161,162,165,167,169,171,173,175,178,180,183,185,190,191 "66";
67 53 0 35,41,47,52,57,68,85,105,112,133,153,176 "67";
68 23 1 0,1,3,6,7,12,16,21,22,24,32,35,37,41,42,44,50,56,57,59,63,64,65,67,71,73,75,77,78,79,86,88,90,91,93,94,96,97,101,105,109,110,113,114,120,122,124,131,133,135,139,140,141,146,151,153,154,155,157,160,163,164,166,168,172,174,175,177,179,181,183,184,188,191,192 "68";
69 158 0 18,21,26,41,46,49,53,58,76,83,100,104,108,122,128,130,134,138,140,143,144,147,154,156,160,164,181,182 "69";
70 129 1 6,7,10,12,14,16,19,22,24,25,30,32,35,36,37,41,42,46,48,52,61,64,65,67,69,71,76,77,79,82,84,86,87,89,92,94,98,101,104,109,111,112,114,115,117,119,121,124,131,133,137,138,141,143,144,153,156,157,165,168,174,177,184,185,187,191 "70";
71 184 1 1,3,6,7,11,14,16,19,22,24,28,33,34,37,42,43,45,46,48,51,53,55,57,58,60,62,63,68,71,74,75,77,80,82,85,87,89,93,94,96,100,102,103,106,108,109,111,113,115,118,120,122,127,129,133,137,138,139,141,145,148,149,150,151,155,156,159,161,162,165,168,173,175,176,178,181,185,186,190,192 "71";
72 20 0 27,82,158 "72";
73 7 0 1,3,6,9,10,12,13,15,22,25,27,29,30,33,34,37,39,40,42,43,44,47,48,50,53,55,57,58,60,62,64,67,71,74,75,78,81,85,87,91,93,94,96,102,104,107,112,114,118,120,122,123,126,127,129,137,138,139,142,145,147,149,151,152,154,157,159,162,163,164,169,179,182,184,187,188 "73";
74 81 1 0,1,3,4,7,9,11,13,17,19,22,23,25,27,30,32,33,35,36,38,40,43,46,48,50,54,58,60,64,65,68,72,74,77,79,81,85,88,89,92,98,100,102,104,106,108,111,113,115,117,121,122,125,128,129,133,135,139,141,142,144,145,146,148,150,152,154,155,156,158,160,166,168,171,176,177,178,180,185,187,189,192,193 "74";
75 17 1 0,2,5,8,9,13,16,19,21,22,26,28,29,34,35,39,42,44,45,50,51,56,61,64,69,72,73,77,78,80,82,86,87,92,95,98,101,103,107,108,109,115,117,121,128,129,131,136,137,139,141,144,145,146,153,158,162,164,165,166,168,172,174,176,179,183,191 "75";
76 86 1 4,15,41,55,69,75,77,80,101,102,109,128,158,165 "76";
77 20 0 1,4,10,18,27,28,32,39,41,66,70,77,89,101,102,134,143,147,173,175,180,186 "77";
78 63 0 9,12,20,24,25,37,39,46,50,52,55,57,58,62,76,87,96,98,102,117,123,134,146,150,154,158,186,190 "78";
79 173 1 38,44,81,87,90,100,148,151,186,190 "79";
80 162 0 1,2,6,18,23,26,31,32,55,63,65,68,71,74,87,89,92,104,106,110,118,121,123,129,131,151,161,162,165,170,174,182,184,193 "80";
81 115 0 1,3,10,16,18,34,40,48,56,59,66,72,73,87,93,96,98,101,128,131,140,143,145,155,161,163,170,172,184,191 "81";
82 181 0 4,9,16,22,33,35,45,56,61,73,98,119,126,139,142,163,165,172,181 "82";
83 90 0 78,126,193 "83";
84 139 0 1,5,8,14,20,24,25,42,51,58,61,64,66,68,70,72,77,80,82,92,97,99,101,102,104,106,138,141,148,153,155,158,162,167,173,181,184,186 "84";
85 27 0 0,3,7,9,11,13,14,15,18,20,23,24,26,27,28,31,32,38,40,42,44,47,48,50,52,54,57,58,62,66,67,68,70,72,76,78,80,82,84,86,87,89,91,93,94,96,98,99,101,102,107,108,109,110,111,115,116,118,120,122,125,126,127,129,130,135,140,142,144,146,148,149,151,152,154,157,158,159,161,162,163,164,167,168,169,171,174,176,178,179,181,183,188,189,193 "85";
86 160 0 0,6,10,12,15,17,18,22,25,31,34,35,38,41,43,44,52,58,60,61,63,64,66,68,74,75,76,80,82,86,87,88,94,97,102,107,110,111,113,115,124,126,127,132,133,136,142,144,148,150,155,157,159,161,162,167,169,174,177,178,179,181,186,192 "86";
87 180 1 0,2,4,6,12,15,18,20,24,27,29,34,37,39,43,45,51,53,54,55,56,60,62,63,67,68,71,73,75,76,78,79,80,83,87,88,92,94,96,97,100,101,103,107,109,112,113,114,116,118,120,121,123,124,125,126,129,131,132,134,136,141,142,143,149,152,153,157,163,165,167,169,171,174,177,180,181,182,185,190 "87";
88 118 1 0,2,4,5,7,8,15,17,18,22,29,36,37,40,48,51,58,61,64,67,69,73,74,78,83,86,87,89,90,95,98,99,104,108,111,113,115,116,118,121,122,125,127,129,130,135,147,154,155,159,161,163,164,165,175,179,182,191,192 "88";
89 133 1 0,2,5,8,9,14,15,21,23,24,26,30,31,33,36,39,45,46,53,55,58,59,63,64,66,71,73,77,86,91,94,97,99,101,102,103,104,108,114,118,122,124,126,130,132,134,136,138,140,144,146,150,153,154,156,159,162,164,167,169,171,173,177,178,180,181,187,188,191,193 "89";
90 174 1 5,12,29,38,71,92,96,120,129,130,138,169,172,185,188,191 "90";
91 17 1 1,15,16,21,26,27,31,32,33,35,42,45,48,52,53,55,59,63,64,74,77,80,84,86,90,94,95,97,104,105,112,120,125,128,131,134,142,145,146,150,151,156,158,159,161,162,169,171,176,179,188,190 "91";
92 11 0 8,15,55,70,102,106,110,125,126,135,137,139,148,154,157,165,171 "92";
93 18 1 37,73,92,93,114,119,121,129,131,139,143,147,167,187,189 "93";
94 116 0 13,17,28,58,62,73,89,106,114,125,160,163,188,189 "94";
95 150 0 1,3,7,9,13,14,18,20,23,24,27,29,31,33,35,36,43,46,56,57,59,64,66,69,71,76,79,83,84,90,91,93,100,101,103,106,108,118,120,121,122,124,135,137,142,146,147,148,150,154,160,161,163,170,172,174,178,179,183,185,188,190 "95";
96 183 1 0,3,4,7,14,16,30,32,33,37,38,41,44,45,51,53,55,59,61,67,69,76,89,90,94,96,97,100,101,102,104,112,115,117,119,124,126,131,133,135,138,142,146,150,151,153,154,158,160,171,177,179,185,186,188,191 "96";
97 188 0 1,4,9,12,22,27,28,31,32,33,40,41,46,48,49,54,56,57,58,60,67,71,75,79,80,86,90,93,95,104,107,108,110,120,122,126,129,130,134,140,144,153,155,156,162,164,169,171,174,177,182,184,186,189,193 "97";
98 51 0 2,12,17,22,27,30,42,45,50,52,59,61,63,86,105,110,115,119,122,125,128,143,145,153,157,164,166,177,184,188,189,193 "98";
99 51 1 0,2,5,6,10,12,13,16,19,22,23,25,26,28,30,33,36,37,39,42,44,45,47,51,54,56,58,60,61,62,64,66,68,71,72,73,75,79,80,85,87,90,93,96,98,101,103,105,106,108,109,111,113,115,116,121,123,127,129,134,136,138,142,143,146,147,150,153,154,156,158,163,165,167,171,173,176,178,184,186,187,188,190,192 "99";
100 194 1 2,9,14,15,18,28,34,35,38,39,41,44,49,50,51,58,59,60,62,72,77,79,86,88,89,92,94,99,100,104,106,108,113,119,122,123,132,134,135,136,138,139,142,149,150,152,155,158,162,164,166,169,171,172,175,177,178,180,182,186,187,188,189,191,192 "100";
101 162 1 1,4,6,12,14,15,20,32,36,41,43,45,51,54,56,63,64,74,76,78,82,98,103,109,110,112,113,115,119,121,122,124,125,126,128,131,137,139,143,148,153,159,170,172,173,175,177,180,181,185,186,190 "101";
102 174 1 1,7,8,10,17,19,21,26,33,39,42,46,47,48,50,52,61,65,66,71,72,76,81,83,86,88,91,94,97,101,102,104,108,110,111,113,117,125,130,138,140,141,142,145,151,155,156,162,163,166,168,174,175,177,179,181,182,186,188,189,192 "102";
103 118 1 5,9,12,16,26,42,64,77,83,92,131,134,138,142,147,164,177 "103";
104 104 0 0,14,17,27,36,48,65,66,79,88,91,94,96,112,117,121,122,124,125,154,167,170,180,185,193 "104";
105 101 0 13,22,25,34,36,42,49,56,62,78,92,95,97,104,119,122,137,147,154,158,162,177,193 "105";
106 30 0 32,38,72,81,82,105,110,119,131,134,144,155 "106";
107 185 0 0,5,7,9,10,11,14,21,25,28,30,31,33,34,35,37,38,40,42,46,51,52,53,57,59,62,63,64,68,71,72,75,77,79,81,87,91,93,94,96,98,101,105,107,110,113,115,118,119,123,127,130,136,138,141,149,150,156,158,166,176,178,181,185,187,189,192,193 "107";
108 151 0 8,16,26,30,44,73,79,87,93,108,113,137,177,193 "108";
109 177 1 41,42,63,76,87,96,125,130,174,181,188 "109";
110 167 0 0,1,9,10,12,14,16,21,22,32,37,40,43,45,49,50,54,59,60,63,65,66,67,69,73,82,85,87,89,98,100,103,105,112,114,117,119,120,125,133,136,138,142,149,151,156,166,170,171,177,184,186 "110";
111 109 0 0,2,8,11,13,15,21,22,26,28,34,35,39,41,42,45,47,50,54,56,60,62,63,65,67,70,76,77,80,81,86,88,92,93,96,100,105,106,111,113,120,122,124,125,127,128,132,135,139,142,145,147,149,153,155,163,165,168,173,174,180,181,182,183,185,187,188,189,193 "111";
112 139 0 1,5,7,8,12,13,17,21,23,26,27,28,29,31,32,35,36,37,41,44,46,49,51,55,58,59,65,66,68,69,70,74,75,76,77,81,84,85,87,90,95,96,98,99,103,104,105,109,111,113,115,118,120,122,125,126,127,131,132,135,138,140,142,144,145,146,149,150,152,154,156,158,162,168,170,172,174,176,177,179,180,181,183,185,186,192,193 "112";
113 11 0 0,5,8,10,13,14,15,17,19,20,22,25,27,29,31,34,35,40,44,45,46,52,54,55,57,59,63,65,66,69,76,78,82,86,90,92,94,96,103,106,109,111,116,117,120,123,124,125,128,129,131,132,137,143,149,150,152,155,159,161,162,164,166,176,182,185,187,188,189,193 "113";
114 15 1 3,8,9,12,13,17,19,24,26,28,31,32,33,35,36,37,42,43,49,52,55,56,59,61,63,64,66,68,70,71,76,77,79,85,88,92,94,95,99,103,105,107,112,114,116,118,122,124,126,129,130,133,140,142,144,145,150,154,156,157,161,162,165,167,169,170,172,173,176,177,181,182,192,193 "114";
115 151 0 5,6,9,10,12,14,16,21,36,40,42,52,57,62,76,81,83,92,100,105,109,113,116,120,128,132,133,140,143,147,148,152,153,155,170,172,173,176,181,183 "115";
116 190 0 0,1,4,5,7,8,10,12,15,18,19,22,24,26,32,34,36,39,41,45,47,53,55,56,59,61,63,66,75,77,80,83,84,86,88,91,92,96,100,101,106,108,110,112,114,115,117,118,121,122,124,128,130,133,136,137,139,141,142,145,146,149,153,154,155,159,164,165,167,169,170,173,177,178,179,180,184,187,189,192,193 "116";
117 185 0 0,1,3,5,6,8,11,12,16,18,21,23,26,30,31,32,36,38,42,46,47,48,49,52,56,57,58,60,61,63,65,66,69,71,74,79,82,84,85,87,91,92,96,97,98,100,101,103,104,106,112,115,116,119,122,124,126,128,133,134,137,138,141,144,145,148,150,152,158,160,162,164,166,168,170,171,172,174,175,179,181,182,185,186,188,193 "117";
118 163 0 1,4,7,8,9,11,12,14,15,19,22,26,30,31,45,47,49,51,53,60,63,64,65,68,72,78,81,82,84,88,99,101,103,105,107,108,110,112,115,116,119,121,122,125,129,130,135,137,139,146,150,155,158,160,162,166,169,171,177,179,184,185,189,190 "118";
119 161 1 17,25,35,64,66,74,85,88,95,106,109,136,148,151,157,160,164 "119";
120 156 0 5,7,10,13,22,26,32,35,47,61,72,77,84,91,128,135,150,156,160,162,169,179,184 "120";
121 47 0 2,6,8,10,11,15,17,18,21,23,27,29,33,40,43,46,48,50,52,54,56,59,60,69,70,71,73,75,81,84,89,91,93,98,101,104,107,113,115,116,118,121,123,125,126,129,133,135,138,139,141,146,147,149,156,160,161,164,165,167,171,180,181,184,187,189 "121";
122 47 1 11,13,15,22,26,41,42,45,51,56,64,71,82,89,108,110,121,122,130,137,139,140,143,164,171,175,176,191 "122";
123 132 1 0,1,3,8,17,18,20,24,27,28,30,32,34,36,37,38,39,43,44,47,50,57,60,61,63,68,69,72,78,81,82,84,86,89,92,94,97,99,101,102,103,104,106,107,110,114,117,125,128,131,135,137,143,146,147,148,150,151,157,158,159,161,163,167,171,176,183,184,190,191,192 "123";
124 193 1 3,9,12,20,21,25,26,30,31,36,37,42,47,52,56,66,71,75,77,81,83,86,93,94,100,101,103,105,112,116,120,122,131,134,135,138,142,146,150,154,157,163,164,172,174,178,186,190,191 "124";
125 180 0 4,7,33,67,84,88,110,123,130,132,136,137,148,151,158,175 "125";
126 121 1 0,1,3,4,6,8,9,10,12,17,18,22,25,26,28,29,31,33,35,38,40,41,42,44,45,48,50,55,60,61,64,66,69,71,73,75,77,80,82,84,87,88,90,91,93,95,96,99,102,104,106,109,110,113,115,117,119,122,125,126,128,129,130,133,136,137,139,141,142,145,146,148,150,153,156,160,161,162,164,167,168,170,173,177,179,182,184,187,189,192,193 "126";
127 48 0 0,2,4,6,7,9,12,13,15,17,19,21,22,23,28,31,33,38,44,46,48,50,51,56,58,62,63,67,70,72,73,80,82,90,92,94,96,97,100,106,112,115,117,120,121,122,125,127,128,139,141,142,145,148,149,151,152,153,154,157,160,163,166,168,172,173,174,178,182,183,185,188,190 "127";
128 169 1 3,5,7,11,13,19,21,28,31,36,38,40,41,42,43,45,47,51,52,54,58,60,63,67,68,70,72,74,77,80,81,82,85,89,90,92,94,95,100,102,103,105,107,110,112,114,117,118,120,122,126,128,131,132,134,135,137,139,141,143,144,146,147,151,152,154,156,159,160,162,163,165,166,169,171,174,175,178,186,188,191 "128";
129 33 0 14,33,76,85,96,120,131,147,164 "129";
130 58 1 7,14,22,23,25,39,45,56,57,61,66,69,78,89,100,112,122,124,125,137,139,141,143,154,182,188,193 "130";
131 85 1 6,11,14,17,30,33,36,41,43,46,49,53,58,59,61,62,67,74,80,90,93,96,103,106,112,114,118,120,125,132,133,143,146,154,163,164,165,170,174,181,185,188,190,192 "131";
132 193 1 0,2,9,17,31,38,42,53,64,66,71,73,78,83,85,90,109,126,134,148,155,157,160,165,171,184,186 "132";
133 170 1 0,2,4,5,8,15,17,21,22,23,25,26,27,29,31,37,38,41,43,45,48,49,51,54,58,60,61,67,70,72,73,76,81,84,85,87,89,90,91,93,94,96,98,102,105,107,109,110,112,114,115,117,119,120,123,127,128,129,132,133,137,139,143,145,147,149,151,154,156,158,160,162,164,165,167,168,169,171,172,174,176,178,179,181,182,184,186,188,190,192 "133";
134 159 1 0,2,3,4,6,7,8,10,12,14,16,18,19,20,22,23,24,25,31,32,34,35,42,48,49,51,52,53,55,57,59,60,61,63,66,67,69,72,73,74,77,78,80,81,90,92,93,94,97,103,104,106,107,108,109,113,114,116,118,119,123,124,126,128,130,134,136,138,142,148,151,154,157,159,162,164,165,167,170,171,173,175,176,177,181,183,184,186,187,190,192,193 "134";
135 139 0 5,14,18,21,42,44,67,76,95,101,104,107,111,115,116,139,141,142,146,153,164,172,186,190,191,192 "135";
136 191 1 1,3,6,9,10,12,14,15,17,18,22,23,26,28,31,33,34,38,40,41,47,49,54,55,56,57,59,62,64,65,66,70,72,75,78,80,81,84,89,91,97,101,103,113,116,118,120,121,122,124,129,133,135,137,138,140,142,143,147,148,151,154,155,156,159,160,162,163,166,170,171,172,173,175,177,179,180,181,183,187,193 "136";
137 51 1 20,33,66,84,96,98,125,159,174 "137";
138 70 1 14,90,138,160,161,166 "138";
139 110 1 0,2,5,8,10,12,20,24,27,29,31,39,43,46,47,51,54,57,59,62,65,67,71,73,75,77,86,89,93,100,101,106,109,112,115,117,121,123,127,130,131,133,136,141,146,152,157,158,159,162,165,173,176,177,179,181,182,190 "139";
140 118 1 2,7,13,21,33,34,40,48,58,72,83,92,99,110,111,115,119,127,141,147,150,163,184 "140";
141 141 1 4,5,9,11,19,23,28,30,35,37,48,51,55,56,65,67,69,72,74,76,81,86,88,90,92,100,102,105,109,111,112,114,115,117,119,120,122,124,126,127,128,132,134,138,151,153,157,160,162,170,176,180,181,190,192 "141";
142 95 0 9,14,16,18,19,21,25,29,32,36,38,41,43,45,46,50,51,52,57,59,63,66,67,69,70,72,74,77,79,81,82,84,86,89,91,95,97,99,100,101,103,105,107,108,110,112,116,122,129,131,134,135,138,139,140,141,142,150,152,155,156,157,159,161,162,164,165,167,169,171,172,174,176,178,182,187,190,192 "142";
143 16 1 0,2,53,56,67,91,127,129,132,134,139,143,154,157,160,184 "143";
144 161 0 9,10,14,17,19,23,25,30,37,41,43,45,49,56,59,63,68,72,75,79,86,91,95,100,103,106,111,114,116,119,121,130,134,137,139,142,143,149,152,154,158,163,167,170,174,176,182,189,190 "144";
145 113 0 2,5,9,12,14,29,38,42,44,47,50,60,63,67,82,83,86,89,95,102,111,115,117,128,129,146,148,163,167,169,173,176,185,189 "145";
146 171 1 0,1,2,3,8,9,10,11,13,14,16,18,20,23,25,26,28,32,34,35,37,38,40,43,50,54,56,58,60,61,63,67,69,71,72,73,75,79,81,83,85,87,88,91,93,94,96,98,101,102,105,107,110,111,113,117,118,120,121,123,125,127,136,138,139,142,147,148,151,152,153,158,159,162,164,165,167,168,170,171,176,180,181,184,185,188,190,191,193 "146";
147 111 0 5,6,9,10,11,13,15,17,22,23,26,28,31,32,34,38,41,42,44,46,48,51,53,54,56,57,60,61,62,66,67,68,71,72,75,76,79,80,81,83,85,89,90,95,98,101,104,108,110,114,116,119,121,122,127,129,133,135,136,140,141,144,147,149,151,153,156,157,158,160,163,165,168,170,173,174,175,179,180,183,185,188,191,193 "147";
148 122 0 0,1,3,5,10,12,13,14,15,17,18,20,22,24,26,29,30,31,33,34,35,38,39,43,45,48,49,52,56,57,61,62,65,67,69,73,76,78,87,88,89,91,92,94,97,99,101,102,104,105,106,107,109,111,113,118,120,122,125,126,130,132,134,136,139,140,141,143,144,147,148,155,156,158,161,168,169,170,173,177,180,182,183,186,187,188,191,192 "148";
149 129 1 5,9,12,16,18,21,27,28,33,34,36,37,45,46,48,50,55,56,57,67,69,70,72,73,74,75,77,81,85,86,88,92,99,101,103,104,110,112,115,116,120,123,124,126,128,129,130,137,138,140,142,146,147,148,150,152,155,157,159,161,162,173,178,179,186,187,191,192,193 "149";
150 53 1 20,84,99,105,114,134,167 "150";
151 177 0 1,15,36,63,80,84,85,90,97,103,106,114,135,142,145,147,148,154,172 "151";
152 131 0 0,5,10,11,17,18,25,27,41,53,57,59,71,77,81,82,83,85,90,92,94,97,107,114,120,122,129,132,133,138,141,143,145,147,149,152,157,159,161,168,179,184,186,190 "152";
153 149 0 0,1,7,9,12,17,18,20,25,28,33,35,39,40,47,49,51,52,56,57,59,62,65,67,69,70,76,78,81,83,85,89,91,93,95,97,106,107,112,116,119,122,123,125,126,127,136,144,145,150,153,156,159,161,162,164,165,167,183,186,190,192 "153";
154 86 0 0,1,4,6,8,9,13,15,17,19,21,23,26,29,31,32,35,36,37,39,41,43,44,46,47,50,52,54,56,57,59,60,64,65,67,69,71,74,75,91,92,93,99,103,104,107,109,112,116,117,119,120,121,123,124,126,129,130,132,133,135,138,140,141,143,148,151,153,155,157,161,164,167,168,171,173,175,179,180,184,187,189,191 "154";
155 179 0 18,24,33,41,48,49,51,70,95,102,105,109,120,122,125,126,147,170,176,185,189,193 "155";
156 110 0 0,3,5,11,13,14,16,18,23,24,25,31,33,35,42,45,47,51,53,54,56,58,59,63,64,68,70,73,75,79,80,83,85,90,92,93,99,104,110,112,114,118,119,121,130,131,133,134,141,148,150,151,159,160,161,166,169,170,174,175,182,190,193 "156";
157 181 1 1,2,9,12,13,16,17,18,20,22,25,27,30,33,36,38,43,44,47,48,51,57,61,65,66,68,69,74,75,77,79,80,85,88,91,93,100,102,105,108,110,111,113,115,117,120,122,124,125,129,131,135,137,138,143,146,148,151,152,153,156,157,164,165,169,174,175,177,180,184,187,188,191 "157";
158 74 0 2,4,8,14,16,20,32,33,35,37,38,48,55,71,73,83,85,88,94,97,100,102,104,107,122,126,133,144,150,169,172,178,184,191,193 "158";
159 15 1 1,3,11,17,24,26,40,41,44,45,47,53,56,59,62,66,71,72,77,87,91,97,101,105,106,108,117,119,121,122,139,152,157,158,171,176,179,183,186,187 "159";
160 47 0 3,7,8,11,15,16,22,27,28,30,31,42,44,47,50,53,56,61,62,64,65,68,74,75,77,82,84,89,91,95,96,98,101,103,106,108,109,110,113,119,122,123,125,126,129,131,136,139,140,141,143,145,146,147,148,150,151,153,155,157,159,161,162,169,170,172,173,176,177,178,180,182,183,192 "160";
161 26 1 1,2,4,7,14,19,27,32,41,43,45,47,50,51,53,55,67,71,78,82,83,87,91,101,103,106,110,112,113,116,117,120,122,125,126,130,132,137,140,143,144,146,149,155,160,162,164,165,166,173,174,176,181,183,190,191 "161";
162 84 1 2,7,9,10,12,21,23,25,26,29,31,34,35,37,38,43,45,47,48,50,52,54,60,63,66,69,70,72,77,81,84,86,88,91,93,96,97,99,105,107,110,112,114,119,122,123,125,126,128,131,133,134,136,138,139,140,142,145,147,150,151,153,154,157,160,164,167,173,174,178,180,181,184,188,189,192,193 "162";
163 169 0 1,20,21,25,29,30,34,37,43,52,57,58,61,63,66,68,73,75,79,85,87,97,102,106,107,120,123,127,130,135,137,145,147,150,153,156,165,167,175,177,180,182,183 "163";
164 121 0 2,8,12,35,54,80,91,97,103,112,122,128,131,154,169 "164";
165 138 0 0,2,3,6,10,12,14,23,25,26,28,29,31,34,35,39,42,48,50,51,61,62,65,68,70,73,75,77,78,79,82,83,88,89,92,95,98,101,106,109,114,116,117,119,121,122,123,125,126,134,136,137,138,142,145,147,148,153,154,157,158,163,164,167,169,171,175,179,180,183,186,188,189,193 "165";
166 107 1 1,4,6,7,8,9,11,13,19,21,23,24,27,29,31,32,33,35,37,39,42,43,44,46,50,51,53,54,56,57,61,62,65,68,70,71,72,73,79,82,86,87,88,91,92,93,97,100,102,103,104,105,107,109,111,113,114,118,122,124,126,127,128,132,134,136,138,139,141,143,144,146,152,153,155,156,159,161,163,164,166,169,170,172,173,174,175,180,182,184,188,189,193 "166";
167 41 0 1,4,5,7,9,13,17,25,26,28,30,31,34,38,41,45,48,51,56,57,60,80,87,92,101,102,104,113,117,119,122,131,133,136,149,152,153,158,160,162,163,167,180,183,184,186,190 "167";
168 39 1 1,2,4,5,8,10,12,13,14,17,18,21,27,30,32,33,37,38,40,41,47,51,52,54,55,56,58,59,61,64,66,68,71,74,75,76,78,79,81,82,84,86,88,90,96,99,101,104,106,108,109,112,114,120,123,126,127,129,130,132,135,136,139,143,144,146,148,151,153,155,156,157,160,162,167,170,173,176,178,180,181,182,187,192 "168";
169 128 0 0,3,6,8,9,10,11,14,16,17,19,22,23,24,27,31,32,34,35,36,41,45,47,50,53,55,57,59,63,65,67,68,72,74,75,77,84,85,86,88,93,97,99,100,102,103,104,107,108,110,114,119,120,121,122,125,129,133,134,137,139,140,147,150,152,155,156,160,162,164,165,168,171,175,177,179,181,183,185,186,189,191,193 "169";
170 10 1 0,2,6,15,25,28,32,35,41,45,46,49,51,61,63,66,69,72,75,82,89,93,95,101,107,108,113,118,119,121,134,136,141,142,147,149,152,156,161,163,165,168,175,178,179,187 "170";
171 117 1 43,64,65,101,102,108,120,146,152,169,186 "171";
172 175 1 4,9,16,18,22,30,35,49,53,70,79,88,95,100,102,106,108,114,118,126,150,159,164,169,170,172,190 "172";
173 157 0 2,6,8,11,13,17,19,21,23,27,28,30,31,35,38,39,41,43,45,46,48,51,53,54,57,59,61,65,66,68,70,72,76,77,79,82,84,86,90,93,94,96,98,100,102,104,108,113,114,115,122,123,124,126,128,130,133,134,137,139,140,144,147,149,150,153,154,158,164,168,169,173,176,180,184,185,187,191,192 "173";
174 136 1 4,5,6,9,13,14,16,23,24,26,28,29,34,38,42,44,46,48,49,50,52,53,59,64,65,67,70,72,74,78,85,88,90,94,95,102,103,104,109,111,112,114,116,117,122,124,126,130,132,134,139,141,144,147,148,150,153,155,158,160,162,163,165,170,171,173,174,177,178,181,185,190,191,193 "174";
175 168 1 1,6,7,11,12,13,14,16,25,26,29,31,37,42,44,50,52,56,57,63,67,73,74,77,82,85,92,93,97,99,105,108,110,113,114,117,119,120,123,124,125,126,130,131,134,135,137,140,141,142,145,147,150,152,153,154,157,159,161,163,165,168,169,171,172,173,177,182,186,188,189 "175";
176 119 0 0,1,5,11,13,19,28,33,41,46,50,53,61,63,67,73,75,78,82,89,90,91,95,96,97,100,105,109,112,114,117,119,120,124,129,132,134,136,138,139,142,144,147,149,155,158,161,164,166,168,169,173,175,178,181,183,185,187,191,193 "176";
177 149 1 0,2,6,18,21,26,27,29,32,39,44,47,55,57,58,62,69,80,92,98,106,112,115,117,130,133,135,145,153,162,168,174,176,183,185,189,191 "177";
178 38 0 0,1,5,6,8,10,12,20,25,29,31,37,39,40,43,45,48,59,64,68,75,81,82,85,87,88,92,95,107,111,118,119,124,127,129,131,137,142,143,146,151,154,160,164,165,169,173,184,186,187,191,193 "178";
179 91 1 8,11,12,21,23,24,28,32,35,38,40,42,43,45,46,47,50,54,56,58,60,63,65,66,70,71,75,79,81,82,85,89,91,95,96,98,100,101,103,105,109,113,118,123,124,125,127,129,130,137,139,140,141,144,147,157,160,163,166,167,172,173,177,181,185,188,190 "179";
180 126 1 0,2,4,5,7,10,11,12,16,18,19,22,23,27,28,30,32,33,37,38,40,41,46,55,56,60,63,64,66,68,76,78,81,82,84,86,88,89,92,96,98,100,101,103,105,107,108,111,114,115,117,119,120,123,125,133,134,135,137,138,140,142,145,147,149,151,153,157,160,161,163,165,167,168,171,174,175,176,177,179,180,182,184,185,187,191 "180";
181 44 0 1,4,13,14,15,19,21,26,27,28,29,37,39,42,43,46,51,53,54,57,59,63,74,75,77,80,81,84,87,90,93,94,97,100,104,106,108,110,111,116,127,129,133,136,139,140,141,143,145,147,149,160,162,163,170,171,174,177,183,186,189 "181";
182 28 0 2,4,6,10,13,14,16,18,20,23,28,37,38,41,43,49,54,56,58,60,64,66,74,80,82,83,88,91,98,100,102,104,115,118,122,124,127,129,133,139,142,145,149,155,156,160,164,166,169,174,175,178,187,191,192 "182";
183 49 0 45,50 "183";
184 183 0 1,4,6,7,16,19,23,25,31,32,34,45,48,49,50,53,56,57,59,64,67,76,80,85,88,95,100,103,108,109,112,115,120,121,124,132,134,136,138,139,141,142,144,147,148,153,157,162,164,170,176,180,184,185 "184";
185 19 1 4,12,18,19,24,27,42,46,58,59,65,67,68,70,73,84,87,115,117,126,151,179,185,188 "185";
186 156 0 13,19,89,121,123,142,156,158,176,187 "186";
187 133 0 2,4,12,14,22,40,45,54,55,58,61,68,84,94,96,106,144,151,157,177,182 "187";
188 6 1 0,1,3,4,5,7,9,11,12,14,18,21,26,28,29,32,35,37,41,42,43,45,46,48,50,51,53,56,58,59,65,67,69,71,72,75,78,81,82,85,88,89,90,92,94,96,99,100,106,107,108,110,114,118,120,122,124,127,132,135,137,138,140,142,143,145,147,148,150,151,154,155,158,160,162,165,166,168,170,171,172,173,177,178,180,181,183,184,186,187,189,191,193 "188";
189 164 1 1,3,9,13,31,43,52,78,88,94,106,111,112,118,138,139,147,164,166,174,175,176,190 "189";
190 16 0 27,73,82,105,122,162 "190";
191 170 1 0,2,5,8,9,11,13,15,17,19,21,23,24,26,28,30,32,33,35,36,39,41,42,43,45,46,50,53,55,58,59,62,64,66,68,70,75,78,79,81,82,87,88,90,94,100,103,106,109,112,115,120,122,123,128,129,132,135,136,137,139,142,143,147,149,150,151,152,154,156,157,158,160,162,164,167,170,172,174,179,182,187,188,189,191,193 "191";
192 168 0 9,11,18,21,26,29,37,45,63,72,76,85,97,109,116,125,129,134,136,141,163,166,168,178 "192";
193 69 1 2,3,4,6,8,10,11,13,16,18,20,22,24,27,28,30,33,34,36,38,39,42,44,46,47,49,52,54,57,59,62,65,68,70,72,74,76,78,79,80,83,84,86,90,91,93,94,95,97,99,100,101,103,105,106,108,109,113,114,117,119,120,124,126,128,130,134,135,137,138,139,141,143,147,148,150,152,153,155,158,159,161,166,167,170,171,172,175,177,179,180,185,188,190,192 "193";
