parity 67;
0 33 1 4,9,12,18,20,29,35,38,47,49,51,55,57,61,66,67 "0";
1 16 0 4,7,11,16,33,41,46,49,59,64,67 "1";
2 20 1 2,5,6,10,11,13,14,23,24,27,30,32,36,37,40,42,43,45,50,52,64,66,67 "2";
3 31 0 2,5,7,8,12,15,17,19,23,25,27,30,31,32,36,38,39,42,44,46,48,49,53,55,57,58,59,61,64,65,66 "3";
4 7 1 1,6,8,15,25,26,33,36,44,52,53,57,60,66 "4";
5 24 0 0,3,4,5,7,10,12,15,17,20,21,22,24,25,27,28,30,31,33,35,38,39,41,44,47,52,55,56,58,60,61,63,64,66 "5";
6 21 1 1,4,6,8,13,14,18,25,29,33,36,37,42,46,50,51,55,57,61,65,67 "6";
7 62 0 1,4,5,8,20,22,27,29,34,39,40,46,47,49,51,55,60,61,63,64,67 "7";
8 30 1 1,2,4,6,8,12,32,35,38,41,42,43,45,52,54,63,65,67 "8";
9 34 1 1,15,16,18,21,23,25,28,36,59 "9";
10 60 1 14,26,28,34,43,44,47 "10";
11 8 0 0,2,5,6,7,13,17,19,22,25,31,33,34,36,39,40,41,44,45,47,48,50,52,53,56,57,62,65 "11";
12 11 1 1,7,13,23,27,28,51,56,60,61,67 "12";
13 41 1 2,8,11,17,18,25,27,32,33,38,42,45,53,58,60 "13";
14 39 0 1,2,3,5,6,7,9,11,12,13,15,22,23,26,27,29,31,34,35,39,40,42,44,45,47,49,51,53,56,59,62,63,65 "14";
15 33 0 2,4,11,16,20,22,24,25,26,28,30,32,34,37,44,51,56,63,65,66 "15";
16 44 0 0,5,12,18,21,22,23,27,28,29,32,36,37,43,46,49,53,54,58,61,62 "16";
17 29 0 14,16,20,25,27,31,36,39,47,50,62 "17";
18 25 1 2,4,7,12,18,25,27,30,31,34,40,45,50,54,58,61,66,67 "18";
19 46 1 0,11,16,24,32,42,56 "19";
20 3 1 1,5,16,17,22,29,32,38,44,47,49,57,61,64,66 "20";
21 14 1 3,4,6,8,13,14,16,19,21,22,24,27,29,31,33,34,40,46,47,48,51,52,54,57,61,63,64 "21";
22 60 1 6,9,38,56 "22";
23 3 0 0,3,10,14,17,23,27,29,34,40,43,49,54,56,66 "23";
24 39 1 0,4,6,8,15,22,32,37,38,42,46,49,51,54,59,61,64,66 "24";
25 54 0 7,19,30 "25";
26 9 1 0,5,12,30,42,46 "26";
27 13 0 1,2,5,7,8,12,14,15,16,18,19,21,24,27,30,34,37,41,42,45,46,50,53,57,59,60,62,64,67 "27";
28 12 1 2,5,9,11,13,19,21,23,30,36,40,46,47,55,60,66 "28";
29 62 1 0,3,6,7,10,12,13,17,18,24,25,27,28,33,35,37,42,44,47,51,61,66 "29";
30 25 0 3,6,7,8,9,12,13,14,16,18,21,24,25,26,28,29,33,35,53,57,61,65,67 "30";
31 11 1 7,10,11,19,20,21,24,28,32,41,45,47,49,56,60,62,64,66 "31";
32 60 1 4,5,6,9,10,11,14,16,19,20,22,24,26,29,30,31,36,39,40,41,43,47,50,51,54,56,57,59,60,62,63 "32";
33 37 1 2,5,17,19,21,24,29,54,56,59,62 "33";
34 40 1 20,35,38,49,55 "34";
35 19 1 1,3,5,7,12,14,17,18,20,21,25,27,28,32,35,38,42,44,46,47,48,49,51,53,56,57,58,59,62,63,66 "35";
36 40 0 15,18,51,54,56,61 "36";
37 45 1 12,21,31,45 "37";
38 50 0 2,9,12,15,17,20,24,28,36,38,39,45,49,54,56,58,62,67 "38";
39 41 1 3,7,9,10,14,16,20,23,24,35,37,39,42,46,49,51,54,55,59,60,63 "39";
40 12 0 0,1,4,6,7,8,11,13,15,16,18,20,23,26,28,33,36,38,41,42,44,45,50,53,55,58,60,61,65,67 "40";
41 66 0 0,2,5,11,12,14,15,23,32,38,43,51,55,56,60,61,64,67 "41";
42 62 1 2,3,4,7,13,15,19,20,22,24,27,28,30,33,35,37,40,41,44,48,49,52,54,56,59,62,63,66 "42";
43 8 0 2,7,21,34,35,37,50,57,60,62 "43";
44 9 1 0,2,3,4,6,8,10,11,13,16,19,20,25,26,39,42,44,45,47,51,52,58,59,62,64,65 "44";
45 61 1 3,4,6,9,10,14,17,18,20,21,23,24,27,28,32,33,36,37,39,41,42,45,47,53,55,60,65,67 "45";
46 20 0 18,21,36,54,66 "46";
47 20 0 10,25,35,38,42,46,60,66 "47";
48 44 0 0,2,3,5,7,10,12,15,17,18,20,22,24,26,31,34,36,42,46,48,50,52,53,55,56,58,59,61,63,64,65,66 "48";
49 14 0 0,10,14,17,21,22,38,39,41,44,46,49,52,58,60,63,66,67 "49";
50 63 1 0,1,3,5,7,11,14,15,17,18,20,21,23,24,25,28,29,32,34,35,37,38,41,47,50,51,53,55,57,62,64,65,67 "50";
51 0 1 66 "51";
52 68 0 4,11,14,16,22,24,25,36,40,47,48,51,53,56,58,63,66 "52";
53 30 0 12,16,21,30,34,36,42,44,46,49,53,64 "53";
54 0 1 1,2,16,52,54,64,65 "54";
55 67 0 22,49,53 "55";
56 42 0 12,13,15,27,29,30,31,34,40,42,49,52,53,61,65 "56";
57 39 1 3,7,12,31 "57";
58 34 1 0,4,5,6,9,15,16,19,20,22,28,30,31,33,41,42,51,53,58,60,62,65,67 "58";
59 45 1 1,5,7,9,10,11,12,16,20,21,22,24,27,29,31,33,36,37,38,39,44,46,48,50,53,55,57,58,59,64,66 "59";
60 53 1 5,6,9,10,13,17,18,20,23,24,26,27,28,30,32,34,35,38,39,41,42,46,50,57,61,63,64,66 "60";
61 29 1 29 "61";
62 63 0 4,6,9,19,22,24,26,27,28,29,34,36,37,38,40,43,44,48,50,54,55,57,61,63,65 "62";
63 11 1 8,9,13,14,34,42,45,51,56 "63";
64 2 0 3,5,6,11,12,14,15,16,22,24,26,28,30,33,35,39,40,41,43,45,47,48,54,56,58,61,62,63,66,67 "64";
65 51 0 0,2,4,5,7,12,15,21,40,42,43,45,46,47,50,52,55,56,58,65 "65";
66 65 0 1,3,5,6,7,11,12,15,17,19,20,23,26,28,32,33,38,42,45,50,53,54,56,61,62,64,66,67 "66";
67 55 1 16,20,22,25,28,34,35,39,42,47,49,56,57 "67";
