parity 187;
0 59 1 1,3,8,10,16,22,23,26,33,39,40,42,44,46,48,50,55,57,59,62,65,67,68,69,72,76,78,81,82,83,86,89,91,93,94,100,102,105,107,109,111,112,117,119,125,127,133,136,139,142,144,150,153,156,159,161,162,164,167,170,171,173,176,177,179,180,182,184,186 "0";
1 11 1 2,4,7,9,10,15,17,20,21,24,26,28,33,34,40,42,48,51,53,55,60,64,66,67,73,74,76,80,82,86,88,91,94,95,97,99,101,103,105,109,113,114,117,118,122,123,124,126,129,131,133,135,139,140,142,145,146,147,151,155,157,162,164,165,166,168,173,175,176,178,182,184,186,187 "1";
2 21 0 2,6,7,14,17,21,23,24,38,40,44,48,49,55,57,60,63,64,71,84,88,92,93,99,108,115,125,138,145,164,176,181,185 "2";
3 83 0 0,2,4,5,7,8,13,16,18,19,21,24,25,26,28,30,32,34,35,37,39,40,41,46,47,48,50,51,53,54,55,57,60,61,63,65,66,70,72,75,76,78,80,81,86,87,89,92,93,95,98,100,103,105,108,109,111,112,115,116,118,120,122,123,126,128,130,134,136,137,142,143,144,145,148,149,151,152,153,155,156,158,159,160,166,168,170,171,172,177,178,179,180,182 "3";
4 130 1 0,1,9,12,15,18,20,23,27,29,31,33,35,36,38,43,45,53,55,58,59,61,64,65,67,70,71,73,74,77,82,83,86,89,95,96,98,99,103,106,108,112,114,115,116,120,122,124,126,129,130,139,140,142,145,147,149,157,158,161,162,163,165,167,169,172,173,177,178,182,183,185,187 "4";
5 5 1 2,4,5,10,31,35,36,40,54,57,59,61,63,66,70,75,76,84,86,93,95,97,102,108,114,117,122,129,138,141,152,154,161,170,175 "5";
6 104 1 2,8,13,15,17,22,27,31,34,39,47,50,52,55,59,61,67,69,73,82,84,88,90,94,97,98,100,101,103,106,108,110,119,123,125,127,132,133,135,143,145,151,153,157,162,165,167,173,176,183,186,187 "6";
7 0 1 3,9,13,17,19,25,27,38,40,43,45,47,57,60,63,68,71,78,88,89,92,96,99,101,102,117,120,126,133,137,142,145,147,155,157,162,163,165,169,172,177,180,186 "7";
8 12 1 5,13,15,18,33,35,38,45,57,59,64,66,69,73,80,82,85,89,100,110,115,130,131,136,138,140,152,155,161,164,176,179,180,182 "8";
9 116 0 1,3,4,6,8,11,13,15,18,21,23,25,26,29,30,31,34,36,37,42,44,46,48,49,51,58,61,63,65,69,71,73,75,77,78,80,82,88,89,92,94,96,101,104,106,108,110,111,114,116,118,122,124,127,128,130,132,134,135,136,139,141,143,145,146,149,153,155,159,161,162,164,165,168,169,170,173,175,177,180,182,184 "9";
10 29 1 2,5,8,11,14,17,20,22,25,26,29,30,32,33,34,37,39,41,44,45,47,48,50,51,52,53,58,62,64,65,68,73,74,76,77,78,81,85,87,88,90,92,93,94,96,97,99,100,102,109,110,114,115,117,118,119,120,121,124,125,127,128,129,131,133,135,136,137,139,145,147,149,152,153,154,155,158,160,163,165,166,168,169,172,173,175,177,181,183,185,186,187 "10";
11 70 0 2,3,5,8,22,25,26,31,32,34,36,37,39,43,49,52,55,56,59,63,65,68,70,72,74,76,77,78,83,86,87,90,92,93,94,96,98,99,101,102,105,107,112,116,117,118,123,126,128,130,133,134,135,137,139,140,142,145,152,155,160,163,168,170,172,180,183,185 "11";
12 149 1 1,2,3,4,7,9,13,14,16,18,20,21,22,25,27,28,31,33,34,38,39,45,47,50,52,53,55,56,62,64,66,69,70,71,77,83,84,88,89,91,99,102,104,105,106,107,108,110,113,116,117,119,121,122,124,125,126,128,130,134,136,138,140,141,143,144,146,148,150,153,154,157,159,162,163,166,168,170,175,178,179,181,183,184,187 "12";
13 155 0 2,6,10,11,12,13,15,24,27,29,31,33,36,37,39,40,41,45,46,48,50,52,53,54,56,60,61,64,66,68,72,75,79,81,85,87,89,90,91,96,98,99,100,108,110,111,112,114,117,120,122,123,124,125,127,129,132,133,135,136,139,141,144,145,147,149,150,151,154,155,157,158,160,162,164,167,169,171,174,175,177,178,179,181,183,184,187 "13";
14 141 0 1,12,18,19,22,26,30,39,42,43,45,47,49,51,54,66,68,71,74,77,81,84,86,91,93,97,98,103,104,106,112,117,118,128,136,146,147,149,150,159,166,167,174,182,185 "14";
15 25 1 1,31,46,53,55,80,82,84,92,123,130,134,135,137,138,144,163,176,179 "15";
16 134 0 1,3,5,7,8,14,15,17,19,20,22,25,27,28,30,31,34,35,37,40,41,43,49,52,55,57,61,63,65,67,68,69,71,72,74,77,78,81,82,86,87,88,90,92,93,95,96,98,100,103,108,109,110,112,114,116,120,122,124,126,127,128,129,131,133,134,136,137,138,140,141,143,145,147,150,151,155,158,159,161,162,165,166,168,170,172,175,176,177,178,179,182,183,186 "16";
17 181 0 84,108,134 "17";
18 126 0 2,10,23,24,41,58,61,66,70,76,92,93,98,109,114,117,137,146,148,149,154,169,182,183 "18";
19 37 1 93,105 "19";
20 115 0 9,11,14,16,22,27,30,47,50,54,55,65,68,76,88,92,97,99,104,105,108,113,128,132,137,143,144,149,150,158,159,163,167,175,176,187 "20";
21 113 1 1,3,4,6,8,9,12,14,15,17,18,23,25,26,30,32,33,35,36,37,38,39,41,42,45,47,49,50,52,53,58,60,61,62,65,67,69,70,73,74,76,77,78,81,85,87,89,92,93,94,96,98,105,106,108,112,113,115,117,118,121,124,128,129,132,133,135,138,139,141,143,147,149,151,152,153,155,158,160,161,162,165,166,168,170,173,175,176,180,182,183,186,187 "21";
22 30 1 0,2,9,10,17,19,20,24,26,27,30,35,37,44,45,46,49,50,52,53,58,67,80,81,84,86,88,90,93,94,100,102,105,106,108,111,115,117,123,125,129,130,133,143,150,154,157,168,170,174,178,181,186 "22";
23 125 0 0,11,24,54,69,72,96,114,123,137,146,147,174,182 "23";
24 31 1 0,2,4,5,7,9,11,12,15,17,18,20,22,27,29,32,35,36,38,39,42,44,48,52,54,55,58,59,62,66,68,70,72,74,76,78,79,82,84,85,89,90,91,94,96,99,101,105,108,112,116,118,125,128,131,135,136,137,142,143,145,148,155,160,161,164,167,174,175,178,180,183,185 "24";
25 68 0 1,2,5,14,19,22,24,25,26,27,33,36,37,40,42,43,45,47,54,56,59,61,63,66,69,74,76,77,79,81,83,86,88,90,96,99,100,101,104,105,110,115,119,121,123,125,126,128,129,130,133,139,140,142,143,144,148,154,156,159,163,165,167,169,170,171,175,179,181,182,186 "25";
26 82 0 2,4,7,13,14,18,21,28,30,33,37,41,45,46,51,52,54,56,59,63,65,66,70,75,76,79,86,98,110,117,125,127,134,141,145,149,151,154,162,164,175,177,183,185 "26";
27 122 1 0,1,4,7,8,11,13,14,15,17,19,22,27,29,31,32,33,35,40,42,45,46,48,54,55,56,59,61,62,63,68,70,73,75,78,82,84,87,89,91,92,94,95,96,97,99,101,107,108,111,113,115,116,118,121,122,124,125,126,128,129,131,132,137,142,143,144,147,149,151,153,154,156,157,158,161,163,165,172,176,178,179,181,183,185,187 "27";
28 32 1 5,9,12,14,19,28,31,33,35,37,43,44,45,48,50,51,54,55,59,73,78,80,83,86,91,92,94,95,97,100,105,108,113,114,121,126,130,132,134,135,139,141,143,145,146,148,156,159,162,163,165,166,169,170,175,176,180,184 "28";
29 109 1 0,2,6,7,9,15,19,22,27,29,35,37,38,41,43,44,47,50,52,53,55,57,58,60,62,63,65,67,69,73,74,76,80,82,83,84,86,88,89,91,92,94,99,101,103,104,109,114,115,116,119,121,122,124,126,129,132,133,135,139,142,144,145,150,151,152,156,157,158,159,162,164,165,166,167,169,170,172,175,177,181,182,184 "29";
30 12 0 4,8,9,11,14,19,20,22,23,26,28,32,34,35,37,40,42,46,49,51,52,58,63,65,66,69,70,72,73,76,79,80,83,84,88,89,90,96,97,99,101,103,106,108,109,113,114,117,118,120,121,127,133,134,138,139,140,142,144,147,150,156,157,162,165,166,169,172,177,181,185 "30";
31 24 0 2,7,13,21,25,40,47,49,54,69,83,92,95,104,113,114,116,130,132,134,144,147,148,153,173,184 "31";
32 15 0 19,24,30,52,54,64,76,86,96,100,112,117,132,136,138,148,150,153 "32";
33 68 1 0,2,4,8,23,44,55,72,74,75,79,81,85,87,90,109,113,119,125,144,150,153,167,170,172,177,182,184,187 "33";
34 110 1 16,17,25,27,33,37,41,43,51,54,61,73,74,78,80,82,85,87,90,95,98,101,103,118,121,125,129,138,146,163,164,166,171,179,184 "34";
35 138 0 0,1,3,5,8,10,12,14,17,18,22,25,26,28,32,36,37,39,45,47,48,50,53,59,60,61,63,65,66,70,76,80,81,83,86,88,98,102,104,105,108,110,113,115,117,119,122,123,126,127,129,133,136,138,145,149,152,153,154,156,157,163,166,170,171,173,174,176,178 "35";
36 137 0 0,1,4,5,6,10,11,15,16,23,25,26,33,35,38,39,42,52,54,57,59,61,65,67,69,71,73,78,81,84,87,92,95,97,99,100,104,105,107,113,115,122,124,128,138,140,145,148,150,151,154,157,161,164,169,171,174,175,177,181,183,184 "36";
37 180 0 9,10,17,22,30,43,47,49,51,67,75,91,113,115,116,121,130,135,142,147,150,165,169,171 "37";
38 27 0 0,2,3,5,7,12,14,19,21,22,23,26,27,29,30,33,36,38,40,42,44,45,47,50,52,57,59,61,64,66,68,71,75,78,79,82,85,87,88,90,92,94,96,98,99,102,104,106,107,109,110,112,116,119,121,123,124,126,128,131,132,133,134,136,137,138,141,147,148,149,151,152,153,155,157,159,160,162,163,165,166,167,171,174,177,179,181,182,183 "38";
39 82 0 0,2,10,15,23,30,32,33,36,38,40,41,42,47,51,54,56,58,62,65,69,74,76,81,84,86,87,90,93,96,98,101,104,106,110,112,117,120,122,123,126,129,131,134,135,138,139,142,146,149,152,156,158,160,163,167,170,172,176,177,180,183,184,186,187 "39";
40 102 0 0,1,3,5,11,13,15,17,19,25,29,30,31,33,34,36,39,41,42,43,45,46,47,50,51,53,56,59,62,63,64,66,68,70,71,73,74,79,80,81,83,84,85,89,90,92,93,96,97,99,101,104,106,107,109,110,112,113,115,116,124,126,128,129,131,132,134,136,138,139,142,144,146,148,153,157,159,160,162,163,164,165,168,169,173,176,179,180,181,183,186 "40";
41 150 1 2,3,5,6,8,13,16,17,20,21,23,26,29,31,33,36,41,44,45,46,47,50,52,53,57,59,61,64,65,66,71,72,75,76,79,81,83,88,92,94,98,100,101,103,106,108,114,116,120,122,123,128,129,131,133,134,137,139,145,149,151,155,158,159,161,162,163,165,171,172,179,180,182,184,186 "41";
42 55 0 1,3,5,6,9,11,14,17,20,21,22,24,25,27,28,31,34,38,40,43,44,46,47,49,52,53,54,57,60,62,64,67,68,71,72,73,74,75,78,82,84,85,86,88,89,91,93,95,96,99,101,103,106,107,109,112,115,116,119,120,122,124,126,131,134,137,138,141,142,143,144,147,149,151,153,154,156,157,159,163,165,166,167,169,170,172,175,177,178,180,182,184,186,187 "42";
43 133 0 6,22,25,27,44,52,62,64,66,68,73,77,81,83,89,96,102,104,107,117,131,141,147,169,180,184 "43";
44 34 0 4,7,9,16,23,29,37,40,41,45,46,51,61,72,83,86,88,90,93,98,99,101,104,108,111,114,119,128,130,131,132,142,143,146,147,151,158,161,171,175,176,179,181 "44";
45 148 0 0,6,14,18,20,26,29,32,50,58,70,73,79,81,82,87,93,100,102,107,119,121,127,128,132,133,136,143,148,151,164,168,169,170,173,175,180,183 "45";
46 163 1 16,28,48,59,64,113,131,155 "46";
47 105 1 0,2,5,7,10,12,14,17,19,21,24,26,27,28,30,37,39,41,43,46,47,49,57,67,69,72,75,76,83,89,99,105,106,112,114,115,118,127,140,141,144,150,154,156,161,167,170,173,176,180,181,184,186 "47";
48 40 0 2,3,6,8,10,12,17,20,21,23,26,29,32,35,36,38,39,40,42,44,49,53,55,57,59,60,62,65,67,69,70,72,73,75,78,80,81,82,84,86,94,100,102,103,105,112,114,117,119,124,125,127,130,131,138,140,141,143,147,151,152,154,156,157,160,163,165,167,168,171,174,179,181,185 "48";
49 112 0 0,1,3,4,5,7,9,10,12,14,15,16,18,21,22,23,25,27,28,33,35,36,39,40,42,44,45,47,49,50,52,53,56,58,60,61,67,70,71,73,80,83,84,85,88,89,91,92,94,96,97,98,100,102,106,109,111,113,116,118,119,121,123,125,129,132,133,135,141,144,146,147,149,155,161,162,164,165,166,168,170,171,173,176,177,180,181,183,185,187 "49";
50 7 0 0,2,4,9,18,20,22,27,30,35,36,38,40,44,48,52,56,66,76,81,82,89,94,107,108,110,114,115,116,119,120,128,133,134,138,143,150,158,159,162,169,172,173,175,179,182,183 "50";
51 137 0 2,13,19,35,37,40,43,58,60,73,75,84,87,96,98,100,103,104,110,114,118,124,129,138,140,144,160,162,170,172,180 "51";
52 147 0 46,61,105,111,118,136,149,156,158,179,184 "52";
53 0 0 4,11,12,23,32,39,53,54,59,63,65,66,71,74,78,81,85,86,93,99,102,105,125,142,154,157,161,167,178,183 "53";
54 108 1 25,31,55,74,88,95 "54";
55 175 0 0,3,7,12,14,17,20,24,25,29,32,35,38,40,41,42,44,45,49,52,54,56,61,62,64,65,68,69,71,76,87,90,96,99,101,102,103,114,117,122,124,125,128,131,133,135,137,139,141,143,146,147,149,155,157,159,162,164,166,172,175,180,183 "55";
56 77 1 5,132 "56";
57 155 0 12,106,111,130,138,144,145,163,166 "57";
58 163 1 22,24,27,29,35,37,44,48,50,59,69,73,79,84,94,104,110,112,127,134,146,161,164,180,183 "58";
59 129 0 2,6,7,10,13,14,15,20,27,29,30,36,38,39,41,45,47,48,50,52,55,57,58,62,65,68,73,75,80,85,89,90,91,94,95,99,102,104,105,106,108,109,113,114,116,119,121,125,126,128,130,133,136,138,140,144,149,151,153,155,160,162,165,167,169,173,182,183,185 "59";
60 154 0 1,11,14,16,18,19,20,23,24,25,27,29,30,35,41,49,52,54,55,59,61,62,64,65,67,69,70,72,77,81,83,84,88,93,94,95,97,99,106,108,109,112,120,121,123,127,128,130,132,134,135,137,140,144,145,149,153,156,158,163,166,170,172,174,175,176,178,181,187 "60";
61 166 1 4,13,14,16,22,23,25,27,33,37,42,55,60,63,66,73,74,76,79,89,91,93,94,96,101,116,120,123,129,137,145,147,150,156,158,164,165,166,172,180 "61";
62 74 1 0,2,3,7,8,11,14,19,22,24,27,28,31,33,34,36,37,38,41,42,44,47,48,51,52,55,56,57,61,63,64,67,70,71,73,75,79,81,83,86,92,93,95,99,101,103,104,105,106,111,113,115,117,118,120,122,127,128,130,131,133,135,138,139,141,143,147,148,152,155,158,159,161,164,166,167,168,170,171,173,176,179,180,181,184,185,186,187 "62";
63 121 0 0,6,11,12,15,33,37,44,56,67,71,75,78,89,91,94,102,110,116,117,124,130,139,149,158,166 "63";
64 178 0 0,4,14,24,29,36,41,43,45,46,52,55,57,62,68,70,72,75,80,86,96,97,100,102,103,109,110,112,113,118,122,124,133,135,137,140,144,149,155,159,164,169,174,177,181 "64";
65 77 0 24,27,28,34,37,55,77,84,85,92,97,105,108,122,131,142,145,150,151,159,166,168,175,176,181,183 "65";
66 47 0 11,13,17,28,46,50,59,62,69,77,109,111,114,117,120,135,146,147,160,172,174,180 "66";
67 59 1 0,18,19,23,24,35,49,59,62,64,68,73,90,94,97,100,103,107,112,116,118,121,129,132,137,144,150,154,165 "67";
68 6 1 0,1,4,8,11,12,14,17,20,23,27,29,30,34,37,38,39,40,42,46,49,57,58,61,65,68,71,73,75,78,80,81,83,92,95,97,100,102,107,108,109,111,113,115,116,118,120,123,124,127,129,132,133,134,137,139,141,144,145,147,149,151,156,158,159,162,163,168,171,172,174,175,176,178,183,187 "68";
69 167 0 1,8,17,19,29,35,37,39,45,72,76,78,86,89,124,137,147,159,161,165,168,178,179 "69";
70 1 1 0,3,5,10,12,20,21,26,28,30,35,36,41,43,44,45,47,48,49,52,55,56,57,59,62,63,66,70,75,76,78,87,88,90,92,93,95,101,102,104,107,111,114,116,118,120,122,123,124,126,130,133,134,136,137,138,141,143,144,146,147,149,153,155,156,158,162,166,168,169,174,175,177,178,179,183,184,186,187 "70";
71 162 0 19,42,46,54,55,58,65,78,102,114,116,130,162,165,171,180,183 "71";
72 82 1 0,3,9,11,14,17,22,24,27,30,31,34,36,41,43,44,46,48,50,51,53,58,60,61,63,65,66,68,69,70,74,78,83,87,89,91,94,96,98,99,104,107,110,112,114,115,119,121,122,125,129,133,135,137,140,142,143,146,148,150,151,154,155,156,158,161,163,165,166,168,171,172,174,180,183,184,185,187 "72";
73 83 1 1,5,8,10,13,18,22,30,33,39,42,46,49,54,59,61,66,69,72,74,75,80,81,86,95,100,102,104,105,106,115,116,118,120,121,127,128,137,139,141,146,148,150,157,158,159,161,164,171,173,178,180,182,184,186 "73";
74 2 0 17,19,50,64,66,86,90,122,124,154,157 "74";
75 90 1 3,4,6,7,11,14,19,21,30,32,44,48,51,52,55,65,71,77,83,85,87,89,99,101,107,110,118,128,133,139,140,141,145,146,148,149,152,157,162,170,180,183,185 "75";
76 51 1 1,4,6,11,27,33,39,46,49,50,52,54,56,58,59,61,63,64,66,70,71,75,76,81,87,89,94,105,108,117,119,126,129,130,135,145,150,157,162,165,170,173,176,180,185,187 "76";
77 18 1 3,5,6,9,11,13,15,16,18,20,22,24,25,28,29,31,35,36,40,42,44,47,48,50,56,58,60,62,63,65,66,69,70,72,76,77,79,88,92,95,97,100,106,107,110,112,113,115,121,122,123,124,126,130,132,133,135,138,139,143,144,149,151,154,157,158,162,163,167,168,170,177,182,184,185,187 "77";
78 168 0 0,3,8,11,15,16,19,20,25,27,33,35,39,44,48,52,54,57,62,66,69,74,76,79,85,94,95,99,100,106,109,113,120,125,135,138,141,143,144,148,149,151,154,158,160,164,165,167,170,171,175,177,178,184 "78";
79 173 1 0,1,3,4,6,8,10,13,18,19,22,23,26,31,32,33,37,38,40,43,49,52,55,56,57,59,60,62,64,65,67,68,70,71,73,74,76,80,82,85,87,89,91,93,95,97,99,100,103,104,106,108,110,113,115,117,118,119,121,122,123,125,127,132,133,136,137,141,142,144,145,149,151,153,157,161,162,163,165,166,168,170,172,175,176,177,180,182,183,185,187 "79";
80 94 0 3,9,11,16,18,20,30,34,35,41,42,44,46,49,53,56,65,69,71,74,77,81,88,90,92,94,95,96,98,101,106,107,109,111,112,113,117,124,131,134,135,138,141,145,146,148,150,153,156,158,159,160,161,167,168,170,172,173,174,175,176,179,182 "80";
81 109 0 0,3,7,9,11,13,16,23,24,27,29,30,33,40,42,45,46,48,49,54,56,60,62,64,67,73,74,78,79,84,89,92,94,96,100,102,104,105,108,113,116,121,124,125,127,128,136,137,139,142,144,145,152,155,157,158,159,161,162,164,170,179,182,185,186 "81";
82 115 0 18,21,35,42,60,62,67,75,80,106,126,136,148,158,161,175 "82";
83 141 1 13,21,24,32,35,42,52,57,61,64,99,101,106,142,150,152,159,165,168,172,177 "83";
84 116 1 0,1,3,4,7,8,10,13,16,17,19,20,21,22,24,25,27,28,31,33,35,36,38,41,44,47,50,51,54,56,58,59,62,64,69,72,74,75,77,78,79,81,83,85,86,87,89,91,93,94,97,98,99,100,103,106,107,110,112,114,115,118,120,122,123,125,127,128,131,135,136,140,144,148,149,151,153,154,157,162,165,167,169,170,171,173,174,176,178,180,182,184,187 "84";
85 154 0 0,2,4,6,10,11,14,16,17,19,21,22,24,26,27,32,34,35,45,47,49,50,54,56,57,59,61,65,67,70,74,76,78,84,89,91,93,96,98,100,103,105,107,108,110,111,113,114,115,118,120,123,126,128,130,132,134,136,138,139,141,144,147,149,150,152,153,155,156,157,160,162,164,165,166,169,173,175,178,182,184,186 "85";
86 176 0 1,11,16,21,22,39,56,58,79,115,124,128,131,136,142,150,159 "86";
87 114 0 1,4,5,6,9,10,11,13,14,17,21,25,27,29,31,32,35,37,39,42,44,45,47,49,52,53,55,56,57,58,61,63,65,66,69,70,71,73,74,76,79,80,81,83,86,88,89,91,92,95,97,98,100,101,103,104,109,111,112,113,117,118,120,122,124,126,127,134,137,138,140,143,146,148,149,152,153,155,156,159,161,162,166,169,170,171,174,176,179,181,183,185,186 "87";
88 55 0 90,165 "88";
89 142 0 29,77,113,123,150,152 "89";
90 41 1 3,5,9,10,12,14,17,20,22,24,26,28,30,31,33,36,38,39,42,44,48,50,53,55,61,66,67,71,73,74,76,77,83,85,87,88,90,91,92,94,100,101,103,105,108,109,110,114,116,119,121,123,126,130,135,136,139,140,141,144,147,149,151,156,158,159,160,164,165,167,168,169,171,172,176,177,179,181,182,185,186 "90";
91 126 0 1,7,9,13,14,17,19,21,22,27,34,39,41,43,45,46,49,52,53,55,56,58,60,62,67,69,70,73,74,79,80,83,87,88,92,94,98,100,103,105,106,108,111,114,116,119,123,125,127,128,130,131,133,137,143,144,147,148,150,151,154,156,158,159,160,161,164,165,168,171,173,175,176,182,184,186,187 "91";
92 11 1 0,1,3,8,10,12,13,14,15,17,19,26,27,28,31,35,41,42,45,46,47,49,53,55,56,59,60,62,65,69,72,74,77,78,80,81,84,86,87,89,93,95,97,98,100,101,104,108,109,114,116,119,120,122,126,130,131,133,134,138,139,140,145,148,149,152,154,156,157,158,160,166,167,169,173,175,176,177,180,182,183,186,187 "92";
93 91 1 7,8,12,13,15,17,22,23,28,31,32,34,35,39,45,53,55,58,60,61,63,66,68,75,76,79,80,83,86,89,91,92,96,98,101,103,104,107,109,110,113,117,119,121,123,125,128,131,133,135,138,147,148,150,152,154,158,162,169,170,172,173,174,176,177,182 "93";
94 123 0 0,1,4,7,10,37,40,42,52,56,62,71,73,79,81,83,90,93,95,105,108,112,114,121,122,136,145,146,150,153,158,161,163,165,168,170,172,176,183,185 "94";
95 169 1 1,2,9,13,15,17,20,26,27,37,38,40,43,52,57,58,61,64,68,70,77,78,80,83,84,85,87,90,99,102,104,106,108,113,116,118,122,126,128,137,139,145,147,151,153,154,159,170,173,177,179,187 "95";
96 11 0 2,27,30,32,34,40,47,48,52,60,73,78,84,87,88,90,96,102,108,112,116,126,128,130,131,140,148,157,163,170,171,175,183 "96";
97 80 1 6,12,13,17,20,21,24,28,30,31,32,34,36,50,52,53,55,57,59,63,65,74,75,76,78,79,80,81,83,89,92,96,98,99,101,103,104,106,110,112,115,117,120,121,123,124,132,134,137,139,142,143,148,150,152,153,156,159,160,164,165,170,175,187 "97";
98 47 1 0,4,6,8,10,12,18,29,37,38,41,42,48,49,52,53,58,59,61,65,76,77,80,86,99,105,111,113,118,120,131,138,139,140,142,145,151,155,156,160,166,168,170,184 "98";
99 28 0 0,2,5,6,7,10,12,17,18,22,23,27,29,30,33,37,38,40,43,45,47,49,50,57,59,60,62,68,70,72,73,76,79,80,83,85,87,88,91,93,97,98,101,103,106,108,110,111,113,116,118,120,123,125,127,131,133,136,137,139,141,145,150,151,152,159,160,162,167,171,172,175,178,180,182,186,187 "99";
100 96 0 1,3,6,7,8,10,12,16,20,22,24,25,28,30,31,32,34,39,40,42,43,48,49,50,54,56,58,66,67,70,72,73,74,76,77,79,81,83,85,87,89,90,93,98,99,100,101,104,110,114,118,122,125,127,130,133,134,136,137,139,143,144,146,149,151,152,157,158,162,163,165,167,169,170,171,172,173,175,177,181,182,183,184 "100";
101 107 0 4,8,10,13,14,19,21,23,24,26,29,32,34,36,38,40,41,43,44,47,49,52,53,56,58,59,60,61,65,67,69,71,73,74,77,79,80,82,84,85,88,91,93,94,96,98,99,100,105,106,108,110,112,115,116,118,121,123,128,132,135,137,138,139,140,142,143,144,145,146,150,151,152,154,155,157,159,161,164,165,167,168,170,172,173,175,176,178,179,180,183,186,187 "101";
102 87 0 1,5,7,8,12,16,20,21,26,32,33,42,44,48,49,52,58,60,61,62,65,67,69,71,73,75,77,80,83,84,85,86,90,93,97,103,104,106,108,110,112,115,117,122,124,128,130,136,140,142,146,150,152,154,155,157,161,165,170,178,185,186 "102";
103 127 1 19,34,39,41,55,60,67,70,74,79,88,95,107,111,116,136,142,155,157,179 "103";
104 123 1 3,10,11,14,17,20,23,27,33,34,36,39,42,45,50,54,57,60,62,74,80,83,86,88,92,95,99,103,107,110,114,115,118,123,126,130,135,136,138,145,146,149,152,155,157,167,169,171,174,183,184,186 "104";
105 65 0 2,3,9,10,15,22,25,29,40,45,47,67,91,97,98,114,130,132,138,139,142,146,151,160,162,174,181 "105";
106 44 1 0,2,3,8,18,19,25,51,73,76,94,97,112,116,122,126,131,141,156,158,161,177,182 "106";
107 9 1 0,2,6,7,10,12,14,16,18,19,22,24,26,36,38,39,42,45,50,51,52,54,58,59,62,66,68,72,74,76,78,80,81,84,91,93,95,97,99,101,103,107,110,113,115,118,120,122,125,127,129,133,134,136,139,144,145,151,156,157,161,163,165,171,172,174,177,179,181,182,184,187 "107";
108 24 1 3,19,23,24,26,43,48,60,70,76,78,87,100,108,112,121,122,128,136,142,144,158,174,186 "108";
109 160 1 0,1,3,7,11,12,18,19,25,29,31,33,41,45,52,62,64,68,69,74,75,77,82,89,92,93,97,103,112,113,117,131,132,133,138,141,144,150,152,170,175,178,184 "109";
110 118 1 0,4,12,14,15,18,20,21,23,25,27,29,30,32,33,34,36,37,40,45,46,49,51,53,60,63,65,67,69,71,72,76,80,82,83,87,89,93,95,96,115,116,118,119,123,125,129,130,135,138,141,147,148,150,152,154,158,159,160,165,169,172,175,178,180,181,183,185,186 "110";
111 77 1 6,7,9,10,12,16,18,22,28,29,31,32,36,39,40,42,43,47,49,52,54,55,57,64,65,66,69,70,73,75,76,77,84,85,88,90,94,101,103,105,109,110,114,119,120,122,123,125,127,128,134,135,136,139,140,142,145,146,150,151,156,162,163,164,166,168,169,170,172,174,175,178,181,183,185 "111";
112 101 1 9,56,60,77,83,145,147,185 "112";
113 120 1 0,1,6,11,12,14,16,18,20,22,23,24,28,30,31,33,34,35,37,39,41,42,47,50,53,54,55,61,63,64,66,69,71,73,75,77,81,84,85,87,88,89,92,94,96,97,98,100,103,105,107,109,111,113,114,115,117,118,121,125,128,130,131,132,134,136,138,140,146,148,149,150,152,154,156,157,159,163,164,165,166,168,169,175,179,180,182,187 "113";
114 90 1 0,3,5,9,11,14,16,18,25,26,30,31,34,35,38,43,44,46,47,48,53,60,62,65,67,70,76,78,80,83,86,89,90,96,98,99,101,107,110,117,119,124,129,133,134,140,141,143,148,156,160,163,167,169,177,179,181,183,185,187 "114";
115 31 1 0,7,21,24,32,34,36,47,52,55,62,63,75,80,82,84,89,112,115,119,120,123,130,136,138,141,168,179,187 "115";
116 61 0 1,2,4,6,11,12,13,18,20,23,25,29,33,36,38,41,43,46,47,52,54,56,59,60,62,64,66,67,71,74,75,78,80,83,85,89,94,96,99,100,103,105,109,116,118,121,123,125,127,128,134,137,139,141,145,151,154,161,163,164,172,174,179,180,181,183,185,186 "116";
117 11 1 0,14,15,31,47,53,90,93,100,108,117,126,135,148,149,152,161,163,166,169,172,181 "117";
118 40 1 17,20,23,41,43,47,51,57,61,67,72,73,75,85,89,113,118,121,130,132,137,143,146,149,153,158,182 "118";
119 48 0 1,5,7,13,16,17,21,27,33,35,40,41,56,57,62,63,65,66,67,69,71,74,82,86,87,93,101,112,116,126,128,130,133,135,136,142,143,145,148,150,158,161,165,168,171,174,175,180,187 "119";
120 99 1 0,1,3,5,7,11,16,21,24,26,30,34,36,39,41,45,51,53,65,68,70,71,74,77,79,85,87,90,92,94,97,100,107,112,114,119,123,128,132,134,135,139,140,143,146,153,154,156,158,166,168,170,171,174,180,183,184 "120";
121 123 0 1,4,6,9,10,14,16,17,21,24,26,27,30,32,35,38,39,44,46,48,49,53,57,58,63,67,73,74,76,78,84,86,88,90,93,94,101,102,106,107,110,111,112,117,118,121,123,126,129,132,135,140,142,144,149,151,152,153,155,156,160,164,166,169,170,174,176,181,183,186,187 "121";
122 76 1 3,5,6,9,14,16,21,23,34,35,39,45,47,54,56,58,67,76,77,80,87,88,91,93,95,98,99,101,105,108,109,115,116,120,122,123,130,133,135,137,140,145,148,150,154,160,170,172,176,182,185,187 "122";
123 10 1 0,8,14,15,17,23,26,29,33,35,36,38,39,44,46,50,52,56,58,60,66,69,76,80,82,86,88,90,92,94,96,101,102,108,110,117,125,126,128,134,136,139,144,155,156,158,164,167,169,171,174,180,181 "123";
124 67 1 3,11,16,17,24,26,30,35,36,38,40,42,48,51,53,61,64,66,68,69,71,76,77,81,82,85,87,90,100,101,102,107,111,116,117,121,122,124,128,130,131,134,137,141,145,147,150,153,161,165,169,171,173,177,182,183,184,187 "124";
125 175 1 17,18,38,46,69,79,110,118,121,135,140,154,158,179 "125";
126 89 0 0,1,2,8,10,12,17,22,24,25,28,29,32,34,39,41,44,49,52,54,58,60,61,63,64,65,67,68,70,73,77,80,84,86,89,93,95,97,99,101,103,105,110,112,114,118,119,120,122,124,125,128,130,131,136,139,141,142,147,154,156,158,161,168,169,171,177,178,180,181,183 "126";
127 31 0 10,34,43,64,89,102,115,148,158,167,181 "127";
128 72 0 1,2,4,5,6,7,10,11,14,16,18,20,22,24,26,31,32,34,36,37,39,42,44,46,48,49,51,55,56,62,64,69,73,75,77,78,80,81,82,86,89,91,95,97,98,99,101,106,109,110,113,115,116,118,121,123,131,132,135,141,143,145,147,148,150,155,156,158,160,163,164,166,177,179,182,183,184 "128";
129 48 1 2,5,10,12,13,33,34,35,40,44,49,52,58,60,62,63,73,80,93,95,98,101,103,105,108,110,112,119,123,125,134,142,151,154,156,160,163,164,167,170,184,185 "129";
130 113 1 1,14,22,24,32,48,53,56,60,67,68,78,94,97,100,111,120,125,135,141,158,166,169,174,179,184 "130";
131 185 0 1,2,4,6,8,11,14,16,17,19,20,22,25,35,37,38,41,52,55,57,58,60,62,65,66,70,71,73,75,78,81,84,87,90,91,93,94,96,100,103,107,108,110,112,114,117,119,120,122,127,131,132,136,138,139,141,144,148,149,153,157,160,166,168,170,172,177,182,184 "131";
132 140 1 1,29,34,38,54,62,76,82,87,91,142,147,163 "132";
133 56 0 0,3,16,20,23,25,28,33,35,39,41,43,48,52,59,61,69,71,72,80,82,85,88,91,94,97,99,105,111,112,115,120,127,129,133,145,150,153,155,161,165,169,171,172,176,178,180,185,187 "133";
134 113 1 1,4,7,11,12,15,20,25,28,29,31,33,37,39,42,44,46,47,50,51,53,57,59,61,66,71,73,75,77,78,84,86,89,92,93,94,97,100,103,105,107,108,109,112,116,117,118,120,123,125,127,132,134,135,136,137,140,143,146,148,152,156,159,160,161,163,165,167,169,172,173,174,176,178,179,181,183,185,187 "134";
135 57 1 0,6,9,20,23,27,29,30,32,35,37,39,41,43,45,46,48,51,53,54,57,60,65,70,72,75,81,82,84,86,91,95,97,99,101,105,108,114,119,120,125,126,127,130,132,138,141,143,146,150,152,156,157,160,163,166,168,170,172,175,176,179,181,182,185,187 "135";
136 100 0 3,7,14,28,40,44,63,69,79,101,119,124,131,145,149,160 "136";
137 12 0 0,5,10,12,16,18,23,25,27,29,32,39,43,45,47,49,51,53,56,57,59,60,63,66,67,70,74,76,81,82,85,90,91,94,96,97,99,103,106,111,114,116,118,120,122,125,128,133,135,137,139,140,142,145,150,157,159,162,163,165,167,168,170,172,173,176,177,180,181,187 "137";
138 85 0 40,45,49,55,62,73,76,88,93,94,117,131,134,136,147,153,160,164,171,177,185 "138";
139 60 0 1,4,9,10,17,18,20,21,23,25,27,28,30,32,35,37,40,46,47,52,54,57,61,63,69,72,73,77,79,80,84,86,87,91,99,101,102,104,106,107,110,111,112,114,116,119,122,126,129,131,133,134,139,140,141,144,152,154,156,157,159,160,163,166,169,171,172,175,178,180,181,182,184 "139";
140 53 1 10,18,20,23,25,32,35,49,54,62,65,73,74,89,96,100,104,108,109,113,126,132,138,142,150,152,166,167,175,178,180,187 "140";
141 177 0 0,1,3,5,6,8,11,12,13,16,18,21,22,24,26,28,29,30,32,34,37,41,45,49,52,54,62,64,66,69,71,73,75,84,88,90,94,98,103,106,107,109,111,115,116,120,123,133,136,137,142,144,145,149,152,160,162,163,165,170,174,175,179,181,183,186 "141";
142 179 1 16,17,31,59,67,70,86,115,122,131,159,181,182,185 "142";
143 119 0 19,44,69,76,77,82,92,119,128,138,164,169,181,185 "143";
144 75 1 5,10,13,24,48,50,70,78,86,104,114,118,131,187 "144";
145 115 1 32,38,66,83,136,174 "145";
146 108 1 0,3,7,21,22,24,26,30,32,34,37,38,39,45,50,52,55,57,59,61,63,64,68,71,72,77,83,87,88,90,92,96,100,106,115,118,120,127,128,134,139,142,155,156,158,159,163,166,171,179,180,185 "146";
147 174 0 3,6,8,10,11,13,17,18,20,21,22,24,25,26,29,30,31,33,37,39,41,42,44,47,49,52,55,56,61,62,66,70,71,73,75,76,77,79,81,83,85,86,89,91,92,96,98,99,101,103,105,107,108,112,114,115,117,122,123,125,126,128,132,134,136,141,143,147,149,151,153,157,158,159,160,162,164,167,169,170,173,175,178,183,187 "147";
148 186 1 4,10,16,35,37,63,67,70,73,75,80,90,97,105,106,109,119,126,138,140,146,156,158,162,168,173,181 "148";
149 159 1 1,3,8,12,16,23,25,29,31,33,44,48,52,55,56,59,60,61,64,71,72,80,83,86,89,92,103,107,119,124,127,141,147,164,175,179,183,187 "149";
150 184 1 2,7,11,13,18,22,23,27,30,31,35,38,43,47,48,54,58,60,62,64,66,68,69,72,77,79,80,83,87,91,94,100,104,105,110,111,118,120,123,124,129,132,135,137,148,150,153,154,158,160,163,166,171,186 "150";
151 102 1 2,3,4,5,7,8,9,16,19,20,23,26,27,28,29,31,33,36,38,40,41,42,44,45,48,49,51,53,54,58,59,62,63,64,68,69,72,73,74,76,77,79,81,84,87,89,91,93,96,101,102,103,106,107,108,109,111,112,113,116,117,121,122,124,125,127,129,131,133,134,136,139,140,144,145,146,152,154,155,157,160,163,164,167,170,172,173,175,177,180,181,183,185,186 "151";
152 97 1 2,6,8,22,30,42,44,51,58,71,73,81,83,87,91,104,111,122,146,149,174,177,180 "152";
153 180 1 9,19,25,61,72,106,119,135,160 "153";
154 102 1 0,2,4,5,7,8,10,12,15,17,19,22,23,24,29,32,34,38,39,43,45,49,52,54,56,57,60,62,63,64,66,68,69,71,73,76,78,80,82,84,85,87,88,90,92,95,97,98,100,101,103,104,106,107,109,110,111,112,114,118,119,121,124,126,128,130,132,136,139,142,143,146,149,150,151,152,154,156,158,162,164,165,166,168,169,170,172,174,178,180,183,185,187 "154";
155 28 0 8,23,30,48,49,53,55,60,68,72,76,79,95,124,132,134,135,150,166,175,179,183,187 "155";
156 142 1 3,6,10,11,13,24,26,28,29,31,32,33,37,38,41,45,47,52,54,55,58,59,60,65,68,71,72,78,80,83,84,86,88,94,97,98,101,103,106,107,111,112,115,120,122,124,130,132,133,136,138,142,144,146,149,154,155,157,159,162,163,165,166,168,169,172,175,176,184 "156";
157 24 1 3,5,8,11,31,34,37,40,60,63,72,77,95,114,118,122,128,132,143,149,153,160,170,175,176,179,187 "157";
158 147 0 1,5,6,7,8,10,17,19,21,26,33,40,53,57,60,68,78,79,87,89,99,101,105,108,113,115,120,121,128,129,133,141,148,156,160,162,163,165,172,173,184 "158";
159 182 0 2,5,7,10,19,20,33,37,46,52,62,74,79,82,87,89,92,96,105,110,114,117,125,127,134,143,157,160,162,163,166,172,174,177,180 "159";
160 17 0 1,4,5,7,8,11,13,17,20,22,25,27,34,38,41,42,46,50,51,54,56,58,60,61,63,64,66,69,70,73,85,88,92,95,98,100,105,109,112,115,117,119,121,122,124,126,127,128,130,131,133,136,139,142,143,150,151,153,154,156,157,159,160,162,164,169,170,175,177,179,180,182,186 "160";
161 138 0 2,13,18,20,24,28,32,38,43,46,56,59,62,77,93,94,99,100,111,112,114,121,134,137,142,144,154,156,157,171,173,185 "161";
162 64 1 1,2,11,12,20,21,23,25,31,33,36,42,43,45,48,51,53,54,56,59,60,67,68,70,71,73,75,77,81,82,84,88,91,93,96,98,103,106,107,111,114,119,122,129,136,137,139,143,144,146,148,151,152,155,157,160,162,167,168,174,177,178,183,184,186 "162";
163 150 1 2,18,23,25,38,47,63,73,82,136,167 "163";
164 93 1 0,5,9,12,22,30,36,49,53,62,63,65,69,77,79,80,86,87,96,98,110,119,125,128,143,150,159,160,172,178 "164";
165 167 0 1,2,6,10,13,18,19,20,24,27,31,32,34,36,47,49,50,52,53,55,56,58,62,63,67,69,71,73,74,77,80,81,84,86,87,93,95,97,99,104,106,108,109,111,115,116,119,120,121,125,127,134,139,141,144,145,147,151,155,164,166,168,170,173,175,180,185,187 "165";
166 109 0 0,2,5,8,11,12,15,17,19,24,30,35,38,44,50,53,54,58,60,62,66,67,69,73,76,78,80,83,89,90,92,94,97,99,101,107,110,113,116,118,121,126,128,129,137,142,145,151,153,157,158,162,166,169,171,175,176,180,183,185,186 "166";
167 28 1 5,10,14,24,26,36,39,45,54,57,63,65,68,72,73,79,82,84,87,89,91,93,95,103,105,110,113,118,122,126,141,146,147,159,163,164,169,170,172,174,182,187 "167";
168 95 0 0,9,14,19,21,23,29,31,39,52,61,62,66,67,76,79,81,82,91,93,95,108,112,127,139,143,147,154,156,159,166,172,176,177,182,187 "168";
169 183 1 1,3,6,7,11,13,15,18,20,24,28,30,32,38,40,41,42,45,49,51,52,53,56,57,59,61,68,72,74,77,78,81,82,84,86,88,89,90,94,95,97,101,103,105,106,108,109,114,115,116,118,119,121,123,125,128,129,133,134,136,138,139,141,143,144,146,147,148,152,154,155,158,160,161,165,168,170,174,175,177,179,184,186,187 "169";
170 188 1 18,39,96,98,108,141,143,162,184 "170";
171 5 1 4,5,13,14,15,17,26,35,38,42,44,56,59,74,91,97,98,100,102,104,106,116,120,135,141,144,164,166,170,171 "171";
172 58 1 0,2,4,6,9,12,13,18,27,29,32,35,37,38,39,41,43,45,46,47,48,49,51,53,55,57,58,61,62,64,66,69,70,74,78,79,81,86,92,94,96,97,98,101,102,105,106,108,109,110,111,113,114,116,120,122,125,128,129,130,132,133,137,139,140,144,147,149,151,154,156,157,159,161,165,166,167,171,172,175,177,180,181,183,184,186 "172";
173 81 0 16,26,28,38,65,83,90,93,98,107,112,134,152,154,187 "173";
174 160 0 1,4,12,28,35,37,39,46,56,60,69,72,84,88,90,94,98,109,115,123,125,127,130,135,141,146,154,155,163,167,177,181,185,187 "174";
175 146 1 2,5,9,14,20,22,26,33,53,56,63,74,79,85,90,96,99,103,119,141,144,157,177 "175";
176 181 0 3,9,16,22,31,33,36,53,57,64,68,77,79,81,90,94,97,104,122,130,136,151,163,170,175,187 "176";
177 128 1 0,3,7,15,22,23,35,38,40,43,45,48,50,57,60,61,63,67,70,74,76,79,83,89,90,93,96,98,100,115,117,124,126,129,131,153,154,157,160,161,167,177,183 "177";
178 21 1 19,23,45,95,119,123,127,159 "178";
179 183 1 1,30,33,55,64,72,79,82,86,104,107,123,144,162,165,180 "179";
180 94 0 8,14,18,19,22,24,26,28,42,45,46,48,82,86,103,105,107,109,113,138,156,159,164,165,171,183,185 "180";
181 25 1 7,16,29,35,58,63,68,74,77,90,92,99,103,106,122,125,133,135,153,156,172,180,186 "181";
182 110 1 16,46,59,61,68,95,103,109,120,138,155,163,183 "182";
183 117 1 1,3,6,9,10,11,12,13,15,19,22,24,27,28,30,31,35,38,42,44,45,49,53,57,66,67,69,72,74,75,77,79,80,81,84,85,87,88,89,92,96,98,101,103,106,107,108,109,110,112,114,115,117,118,122,124,126,128,130,132,134,135,138,139,141,145,147,148,150,152,154,155,157,158,160,162,164,165,166,167,169,170,172,173,178,179,181,182,185 "183";
184 152 1 0,2,6,8,9,11,12,15,17,19,20,22,24,25,27,28,30,34,35,37,40,42,45,49,52,54,55,56,57,62,63,67,70,73,75,78,81,83,85,87,88,89,91,94,99,100,102,105,107,110,111,114,116,118,121,122,124,126,128,130,131,136,138,140,142,145,148,149,153,155,159,162,167,169,171,174,176,177,181,182,184,186 "184";
185 51 1 3,4,6,11,13,18,20,21,25,29,31,34,38,40,41,44,45,47,54,61,65,68,70,74,75,76,78,80,82,84,85,87,89,92,96,101,103,106,110,112,114,117,118,120,127,129,131,133,134,138,139,141,149,155,157,160,162,166,168,174,176,182,187 "185";
186 68 0 2,8,9,11,13,16,19,25,27,32,43,47,49,51,52,55,60,66,71,73,75,86,87,89,92,94,96,101,103,109,113,114,123,126,132,134,138,142,144,146,147,150,152,155,160,164,171,174,177,183,185 "186";
187 87 0 1,5,10,12,15,22,24,26,33,40,45,47,48,49,52,55,58,59,64,71,74,76,78,79,81,85,89,94,98,109,111,117,118,121,125,130,132,133,136,139,148,156,159,161,164,168,176,180,187 "187";
