parity 116;
0 8 1 0,1,5,7,10,12,14,16,17,18,21,29,31,34,35,37,39,42,43,45,49,50,52,56,59,63,65,66,67,69,71,72,76,80,82,85,87,90,93,96,101,105,108,110,112,113 "0";
1 79 1 1,3,10,11,13,15,18,19,21,23,25,27,30,32,34,35,38,40,43,45,48,51,55,56,59,60,61,65,68,70,72,73,78,80,84,86,89,90,93,95,96,99,100,102,106,107,111,114,116 "1";
2 59 1 3,51 "2";
3 40 1 0,6,23,25,31,32,35,42,56,60,62,65,83,89,92,96,98,100,101,103,105,112,114,115 "3";
4 92 0 3,19,37,38,42,82,93,115 "4";
5 93 1 0,3,5,10,12,13,16,18,21,22,24,26,30,32,33,35,36,38,41,42,43,45,47,50,52,54,55,57,60,62,64,65,67,69,70,71,73,74,75,78,82,84,85,87,91,94,98,101,103,104,105,107,109,112,113,114,115 "5";
6 6 1 1,3,4,7,8,11,13,14,15,21,24,26,32,33,35,37,41,42,43,45,46,49,50,53,56,59,61,63,65,66,68,73,75,76,79,80,81,82,83,84,86,88,89,90,93,96,99,101,104,106,107,108,110,111,114,115,116 "6";
7 66 0 1,13,15,30,38,47,49,51,54,61,63,70,88,90,94,101,108,114,116 "7";
8 6 1 0,17,21,31,42,54,59,71,84,91,92,104 "8";
9 56 1 1,5,6,11,13,15,18,19,21,24,25,27,29,30,33,35,39,40,41,42,44,45,46,48,55,58,60,62,63,66,67,69,72,76,78,80,82,83,87,90,91,94,96,98,99,101,104,105,107,110,112,114,116 "9";
10 30 0 0,3,7,9,17,24,26,30,31,33,34,36,38,40,41,42,45,46,50,52,54,56,59,62,65,68,69,76,83,87,89,93,95,97,99,100,107,110 "10";
11 110 1 4,12,15,21,24,30,40,43,50,51,63,69,70,72,75,82,87,98,99 "11";
12 48 0 7,11,14,15,18,22,24,31,44,48,52,55,66,71,73,74,75,83,89,93,98 "12";
13 50 1 0,5,7,9,11,14,15,19,20,22,24,28,29,31,35,36,38,40,42,44,48,49,51,52,56,58,60,61,62,65,66,68,70,71,73,74,76,80,82,83,85,88,91,95,96,99,102,106,108,109,111,113,115 "13";
14 96 1 2,8,10,13,21,22,31,34,40,46,49,51,54,56,62,63,65,67,72,74,78,80,85,90,97,107,108,112 "14";
15 98 1 0,2,3,5,7,13,15,17,19,20,22,24,25,27,31,33,34,35,37,40,41,44,46,47,49,51,52,55,58,59,61,65,66,67,69,71,75,81,83,86,88,91,94,97,102,107,109,114 "15";
16 71 0 2,4,7,11,16,17,20,21,24,25,31,32,34,37,42,44,47,52,57,60,64,69,71,74,78,79,81,84,86,92,96,98,103,108,111 "16";
17 82 1 9,36,43,45,57,70,73,85,102,107 "17";
18 13 1 23,41,44,45,70,74,80,87,101,102,105,114 "18";
19 22 0 1,7,8,14,17,20,21,24,26,28,29,33,36,39,44,46,50,52,57,64,66,77,78,84,86,90,100,103,107,111,115,116 "19";
20 79 1 0,2,5,8,10,11,13,16,17,21,22,24,25,28,30,33,34,35,37,39,45,47,50,52,56,57,59,63,64,66,68,72,76,80,81,82,84,87,88,90,92,93,95,98,100,101,103,105,109,110,111,113,116 "20";
21 58 0 3,7,14,30,35,38,42,48,50,56,60,63,79,97,100,103,111,113 "21";
22 96 1 0,5,8,10,11,13,16,18,20,22,23,25,27,30,32,34,37,40,42,47,49,50,52,53,54,60,63,66,68,71,72,74,77,80,81,83,85,86,88,93,94,96,98,99,100,105,106,107,108,110,112,113,115 "22";
23 24 0 1,9,16,18,19,22,26,28,31,34,37,41,43,48,56,58,64,74,76,77,78,80,86,90,95,98,100,102,113,114,116 "23";
24 66 0 6,12,33,36,55,58,72,74,77,97,102,108,111 "24";
25 49 1 0,10,12,13,19,21,30,34,44,48,52,54,56,63,80,82,89,108 "25";
26 54 1 3,6,7,9,10,13,15,20,21,36,38,42,44,46,47,51,55,57,58,61,62,64,65,69,73,77,78,80,83,85,86,87,89,92,94,96,98,101,104,105,107,108,111,112,114,116 "26";
27 57 1 0,3,6,13,15,20,26,27,34,38,41,44,48,52,55,59,60,64,67,70,71,72,75,80,81,88,93,94,103,106,113,115 "27";
28 25 1 1,5,6,7,14,20,22,26,37,44,47,50,54,56,60,63,66,68,70,74,78,82,86,87,91,93,97,101,107 "28";
29 17 1 10,20,23,26,30,47,66,67,74,92,93,101,105,111 "29";
30 35 0 0,5,6,8,9,12,13,14,16,17,19,23,24,26,28,30,32,37,40,41,43,44,46,50,52,55,56,59,61,63,64,67,73,75,78,80,82,84,86,88,91,95,97,99,100,102,103,105,108,110,114,116 "30";
31 90 1 2,3,5,6,8,9,10,13,15,17,21,26,27,29,30,34,36,40,42,45,46,50,54,55,56,58,59,65,66,70,75,78,83,86,91,94,98,101,103,105,108,111,112 "31";
32 63 1 4,10,13,15,16,18,21,24,27,29,34,36,38,40,41,43,48,50,51,52,56,58,59,61,66,69,71,72,73,75,76,78,81,83,87,89,90,92,94,97,99,100,102,103,105,108,111,113,114,115 "32";
33 114 1 1,4,7,11,15,19,23,26,28,29,30,32,35,44,48,55,58,63,68,72,79,84,88,93,97,102,107 "33";
34 18 1 0,3,8,9,11,13,15,21,33,34,35,38,39,43,46,54,55,58,62,67,69,70,73,75,77,82,85,87,88,92,98,106,112,114 "34";
35 28 0 0,2,6,7,9,12,15,20,22,24,25,26,30,34,38,44,49,52,56,58,61,65,68,79,80,88,89,91,93,95,97,101,105,106,109,111,113,115 "35";
36 39 0 12,14,16,19,30,35,39,41,43,44,50,52,60,62,69,74,81,82,94,96,103 "36";
37 92 0 0,2,5,6,9,11,14,16,18,21,23,26,28,30,32,34,36,37,39,40,42,43,48,49,51,58,62,65,66,68,69,70,72,73,75,77,81,82,84,86,90,92,93,96,99,101,103,104,108,109,111,112,115,116 "37";
38 116 0 2,7,11,15,20,24,26,27,30,32,34,41,42,43,49,50,52,55,56,63,66,68,79,80,84,87,90,92,94,99,100,104,107 "38";
39 16 1 4,15,20,22,24,29,34,35,38,39,40,42,43,46,50,61,63,66,69,74,78,80,84,86,92,95,98,99,100,101,105,107,109,111,115 "39";
40 2 0 3,6,10,12,16,24,26,27,35,37,40,46,50,54,56,61,65,66,70,76,79,83,94,98,104,107,113 "40";
41 58 1 24,26,34,72,103,105 "41";
42 26 1 0,2,10,12,16,23,27,29,30,32,34,37,39,44,54,56,58,61,66,67,69,71,74,76,80,82,83,87,90,92,100,104,112 "42";
43 111 1 1,3,7,8,11,13,15,17,19,22,25,26,28,30,32,35,38,41,47,51,53,55,61,64,69,78,79,82,84,88,90,96,98,105,107,108,112,113,114,116 "43";
44 32 0 1,2,15,26,28,38,39,40,45,47,49,51,52,61,69,70,73,75,83,86,88,90,94,96,103,106,109,111,112 "44";
45 109 1 4,8,10,12,14,16,19,20,22,25,27,29,33,35,37,39,40,42,44,45,47,48,49,51,53,56,59,60,62,71,72,74,75,76,79,81,82,85,87,88,90,92,94,98,100,101,102,104,107,108,111,114 "45";
46 93 0 0,2,3,6,7,8,10,16,18,20,22,24,25,27,33,35,36,43,45,47,48,50,53,56,57,61,63,65,67,71,73,75,76,80,81,83,85,87,89,91,97,99,101,104,106,107,111,113,116 "46";
47 90 1 1,75 "47";
48 87 1 3,10,13,15,16,19,21,24,26,29,37,39,41,44,47,51,55,57,58,71,74,75,83,84,86,88,91,94,96,97,100,101,103,106,108,113 "48";
49 94 0 1,5,8,13,15,19,21,23,29,32,35,39,40,42,45,46,51,56,58,61,62,64,65,77,86,94,100,103,104,108,110,111,113,116 "49";
50 65 1 17,20,27,32,45,63,101,105 "50";
51 35 1 0,1,7,9,11,12,14,17,18,20,24,33,34,36,37,39,43,46,49,50,52,54,57,59,61,62,63,64,69,71,72,73,74,77,80,81,83,85,87,90,93,95,98,102,103,106,107,111,114 "51";
52 102 0 22,24,50,60,65,68,74,81,83,85,101 "52";
53 24 1 26,32,35,37,45,62,74,76,82,88,96,111 "53";
54 94 1 1,2,4,6,13,16,27,47,55,61,65,85,86,88,92,106,112 "54";
55 66 1 4,9,12,13,17,26,40,43,45,52,53,56,60,65,68,73,78,79,87,92,101,104,116 "55";
56 63 1 1,2,19,24,25,31,33,42,47,55,60,67,76,85,86,100,102,106 "56";
57 58 1 1,9,10,11,15,16,18,19,23,26,27,29,31,32,34,40,44,47,51,53,59,62,63,65,69,71,75,77,80,83,85,90,95,96,104,107,110,112,115 "57";
58 105 1 0,1,4,9,10,13,15,18,20,22,27,32,33,35,37,40,41,43,46,48,55,59,60,63,64,70,72,75,77,82,85,89,91,93,96,97,101,102,104,111,112,116 "58";
59 82 1 1,4,7,10,11,13,14,15,18,22,25,32,39,43,45,48,55,66,69,74,76,79,81,90,94,97,99,106,108,110,113,115 "59";
60 78 0 0,6,9,19,30,35,36,38,62,66,68,73,82,90,96,97,100,104,105,106,109,111,115 "60";
61 20 1 0,4,10,12,15,17,19,20,22,23,25,26,29,32,40,42,47,48,49,51,53,54,57,60,61,64,66,67,72,75,76,77,78,80,82,83,86,88,89,90,92,95,96,97,98,100,102,107,113,115 "61";
62 72 0 7,14,22,45,78,85,89 "62";
63 25 0 1,7,28,62,84,86 "63";
64 104 0 2,4,5,7,9,10,14,17,19,21,23,26,28,32,34,36,38,39,46,49,54,55,58,59,61,62,64,66,68,69,71,73,74,75,76,77,80,81,86,90,92,93,97,103,110,112,113,115,116 "64";
65 82 1 2,5,13,27,29,43,46,52,54,55,75,77,99,100,103,111,116 "65";
66 74 0 0,4,16,48,51,75,79,84,88,108,109 "66";
67 98 1 10,11,15,23,28,29,31,52,58,74,78,83,87,89,93,102,104 "67";
68 10 1 10,12,14,19,31,34,38,43,45,46,49,58,60,68,80,84,87,92,93,98,104,108,112,116 "68";
69 44 1 1,8,10,12,16,17,20,25,29,31,32,34,41,45,47,54,58,63,65,67,72,76,86,91,96,99,101,102,104,109,114,116 "69";
70 93 1 2,3,4,8,11,13,15,18,26,28,33,34,37,39,42,44,47,52,53,57,59,64,66,68,71,74,76,78,83,85,87,89,91,93,94,97,104,105,108,110,112 "70";
71 42 1 2,13,15,17,19,21,27,28,33,35,38,43,46,50,56,64,70,75,90,95,98,99,106,112,113 "71";
72 71 0 2,4,5,6,8,10,12,13,17,21,25,27,29,30,33,34,38,45,49,50,52,53,55,58,59,61,64,66,69,72,75,78,80,81,82,86,89,91,92,95,96,97,100,102,105,108,110,112,113,115 "72";
73 32 1 3,8,9,11,12,15,18,25,27,28,31,32,35,38,39,41,42,47,48,50,52,53,54,55,57,59,63,68,70,72,74,77,80,81,83,85,86,88,89,91,93,95,99,101,104,106,109,110,111,113,114,115 "73";
74 8 1 0,4,7,13,14,17,24,41,48,69,73,90,98,104,114 "74";
75 97 0 0,4,6,7,15,23,28,31,33,35,38,41,44,46,49,51,54,58,63,65,68,72,75,78,79,81,83,86,89,95,97,107,108,110,112 "75";
76 58 1 1,5,8,13,19,29,31,49,59,63,64,67,76,84,87,92,108,110,112 "76";
77 46 1 1,2,5,6,12,14,15,16,17,24,25,26,30,32,36,37,41,43,45,52,53,54,57,58,61,64,67,75,77,81,84,85,87,89,91,94,95,97,99,101,102,106,108,111,114,115,116 "77";
78 73 0 9,12,54,110 "78";
79 114 1 1,2,3,4,7,9,11,12,14,16,17,24,26,29,31,35,36,37,39,41,42,44,47,48,50,52,53,55,56,59,61,64,66,67,68,69,73,74,77,79,81,83,85,87,88,92,93,95,97,98,100,102,104,106,109,111,113,115,116 "79";
80 34 0 2,5,8,16,22,24,29,32,36,39,43,45,46,63,66,69,70,72,79,85,87,92,94,100,102,106,107,111,112,113,116 "80";
81 11 0 2,5,10,19,37,43,58,70,83,90,94,95,99,101,104,112 "81";
82 40 1 0,1,2,8,12,14,16,20,23,24,26,27,29,31,33,37,39,40,42,45,47,49,52,55,62,67,70,71,75,78,79,82,87,90,91,94,96,98,104,106,107,109,111,112,113,115,116 "82";
83 91 0 0,7,10,12,15,16,17,21,25,38,43,46,51,62,65,75,76,80,81,87,89,91,93,100,105,107,110,111,113,116 "83";
84 64 0 15,22,30,35,45,52,57,60,72,79,86,92,102,103,109,111 "84";
85 61 0 23,25,34,37,40,51,59,60,98 "85";
86 37 0 8,22,28,36,37,38,45,56,60,63,67,68,72,76,90,92,93,104,111 "86";
87 8 0 3,5,8,9,11,15,16,18,20,23,25,28,29,32,34,37,40,43,45,48,54,55,57,62,65,67,69,71,73,74,76,77,79,81,83,87,88,90,91,94,95,97,99,103,105,107,111,113,114,115 "87";
88 113 0 0,2,3,5,9,10,11,13,16,19,23,29,33,35,36,39,41,45,49,50,52,54,56,58,59,62,68,69,70,73,75,76,78,80,83,85,87,95,98,100,101,103,105,106,108,111,112,114,116 "88";
89 6 1 9,15,34,38,43,45,47,56,64,68,88,102,111,115 "89";
90 3 0 1,3,5,7,9,11,14,17,18,21,23,24,26,27,29,32,33,34,35,39,42,44,45,47,48,50,52,54,62,64,66,70,72,74,76,77,79,82,83,88,90,92,93,95,98,101,103,104,106,108,110,116 "90";
91 88 1 4,13,15,22,26,33,37,39,41,51,53,56,85,92,102,105 "91";
92 3 0 2,5,6,18,24,25,30,42,46,52,56,60,64,66,70,72,76,82,89,91,95,110,111,115 "92";
93 110 0 0,2,4,14,17,22,25,26,33,35,38,39,41,43,46,50,51,52,54,58,60,62,64,69,72,73,76,77,81,85,88,98,99,101,102,109,116 "93";
94 24 1 0,8,10,16,18,20,21,25,28,29,32,33,35,41,47,49,69,80,83,87,91,94,95,101,105,110,114 "94";
95 26 0 2,4,5,6,7,9,12,14,19,20,23,27,29,30,32,40,43,44,45,50,53,58,59,62,63,65,68,70,71,75,76,78,79,81,83,87,89,91,95,96,97,99,104,105,109,110,111,112,114 "95";
96 55 1 0,2,6,28,35,37,38 "96";
97 39 1 0,2,4,5,7,11,13,18,19,21,22,25,30,31,34,36,37,39,41,42,45,47,49,50,52,53,54,55,56,58,59,60,63,65,66,69,71,75,76,77,79,84,85,88,89,91,92,95,96,99,101,102,107,109,110,111,113,115,116 "97";
98 55 0 3,6,7,10,12,16,20,25,26,28,31,32,34,41,43,45,50,54,56,58,60,62,69,72,82,84,86,92,95,98,99,102,116 "98";
99 32 1 16,22,25,30,32,38,39,44,45,52,56,58,59,65,66,85,88,98,110 "99";
100 114 0 0,22 "100";
101 32 0 0,3,4,5,6,9,11,12,14,16,20,21,29,30,32,33,34,36,37,39,43,44,46,48,55,57,60,65,68,70,71,72,74,75,78,79,82,85,87,89,92,97,101,103,105,107,109,110,111,112,114 "101";
102 113 0 9,21,82,84 "102";
103 99 0 3,15,23,53 "103";
104 37 0 0,12,16,22,24,26,29,59,65,85,87,92,96,97,104,111,115 "104";
105 53 1 1,4,16,18,21,27,34,38,39,47,52,57,61,66,75,77,82,90,99,102,104,108,114,116 "105";
106 74 1 5,7,8,12,14,19,23,27,29,33,35,38,47,48,51,60,64,68,74,75,80,92,109 "106";
107 23 1 0,1,2,7,8,11,13,14,15,18,20,21,22,24,26,28,29,31,32,34,36,38,41,45,46,47,48,50,52,53,56,57,60,62,65,67,69,72,73,75,76,80,82,83,85,87,90,91,97,100,101,103,104,107,109,112,115,116 "107";
108 36 0 1,2,3,7,10,13,14,19,23,25,27,29,32,34,39,40,41,43,45,47,49,51,52,56,58,59,60,63,67,68,70,71,73,80,82,84,92,95,96,100,103,106,108,113,115 "108";
109 116 0 0,1,3,5,7,9,16,18,19,21,23,27,29,32,34,35,38,39,42,43,46,47,52,53,57,59,60,64,67,71,72,74,78,83,85,88,91,93,97,98,99,101,102,103,105,107,109,116 "109";
110 63 0 3,5,10,12,13,14,20,23,28,38,39,47,50,78,79,81,97,108,110,116 "110";
111 78 1 1,3,5,7,9,12,14,23,25,26,28,31,33,40,42,43,49,51,60,62,65,69,76,90,93,96,103,104,107,108,110,113,115,116 "111";
112 96 1 0,3,5,7,9,11,13,15,17,19,22,23,25,26,27,29,32,33,35,36,39,41,42,46,50,51,53,54,55,58,59,63,65,69,70,72,73,75,77,78,80,81,86,90,91,93,96,97,100,102,103,105,108,110,111,113,116 "112";
113 0 0 2,5,8,10,12,13,15,16,20,22,27,28,29,31,33,34,35,37,41,42,46,48,52,55,58,60,62,65,68,70,72,73,77,80,82,84,87,88,92,95,97,99,101,102,104,108,109,113,116 "113";
114 114 0 2,3,13,14,20,23,25,28,31,33,34,37,42,43,45,49,51,61,62,63,65,67,68,69,70,77,79,87,90,91,94,96,98,100,104,105,107,110,113,114 "114";
115 16 1 0,2,5,6,9,11,13,16,18,25,26,28,29,30,34,35,38,39,42,44,46,47,48,50,52,55,57,59,61,64,68,72,74,76,78,82,85,87,89,91,92,93,95,96,97,99,102,106,108,109,111,114,116 "115";
116 31 0 5,6,8,9,10,14,16,20,26,27,28,35,37,38,42,48,62,67,71,73,85,91,92,96,102,106,111 "116";
