parity 110;
0 27 1 4,6,9,12,14,17,19,21,33,34,40,42,44,45,47,48,52,57,61,62,71,73,80,82,88,89,92,101 "0";
1 36 1 0,3,4,5,27,28,33,45,51,54,59,63,65,71,80,82,85,91,94,98,101,102,105,108 "1";
2 34 0 26,69 "2";
3 7 0 1,3,5,8,10,12,16,18,20,24,28,30,35,37,38,47,50,66,68,72,73,74,76,78,81,84,85,87,90,93,96,98,100,102,104,106,108 "3";
4 106 0 8,16,18,34,36,46,66,72,77,79,107 "4";
5 86 0 1,2,3,5,7,8,11,12,13,15,17,19,21,22,24,26,28,30,32,33,34,36,40,41,42,43,45,46,47,49,51,53,54,63,65,68,70,72,73,76,80,83,84,87,89,91,92,93,94,97,98,100,103,104,106,108 "5";
6 74 1 0,3,6,10,16,21,22,33,35,37,39,42,43,46,47,49,50,51,56,58,61,63,64,67,70,77,78,81,83,84,93,96,98,100,101,105,107,109 "6";
7 38 1 7,12,14,21,30,42,45,49,51,54,55,67,70,91,95,98,100,107 "7";
8 99 0 0,1,2,6,8,13,15,16,18,22,24,25,28,30,32,34,35,37,38,41,45,47,49,51,52,54,56,58,62,63,65,67,72,73,76,78,80,81,83,84,88,90,95,98,104,106,107,110 "8";
9 71 1 11,72 "9";
10 78 1 0,2,6,9,11,14,20,21,24,25,27,29,32,34,36,40,45,46,48,51,58,60,62,66,68,71,72,76,77,78,81,82,85,87,89,90,92,102,104,105,107,109 "10";
11 103 0 5,7,14,24,33,45,52,65,72,75,80,84,106,109 "11";
12 93 1 7,13,16,41,80,84,91,104,109 "12";
13 89 1 0,2,4,6,8,9,12,15,19,20,21,25,28,30,33,40,42,45,47,49,53,56,60,66,71,72,75,77,79,83,86,89,90,92,94,97,98,104,105,106,107,109 "13";
14 74 0 46,109 "14";
15 109 1 1,27,34,51,96,100 "15";
16 24 1 0,2,5,6,8,9,15,17,19,22,26,28,29,30,35,40,43,48,50,51,53,56,58,62,63,64,66,70,72,76,77,78,80,84,85,88,90,91,93,95,99,100,102,103,104,105,108,110 "16";
17 42 1 0,1,4,8,9,13,17,18,19,23,28,30,35,44,46,49,50,51,54,56,58,60,66,68,72,73,76,80,83,85,90,92,98,103,105,106,108,110 "17";
18 37 0 1,4,15,31,34,37,39,44,58,60,70,72,75,77,79,90,106 "18";
19 108 0 0,9,16,17,33,36,39,48,55,60,77,80,89,91,103,105,109 "19";
20 62 0 26,32,78 "20";
21 105 1 1,4,15,19,36,42,44,45,48,52,53,57,58,61,69,71,72,75,83,87,97,101,103,106,109,110 "21";
22 50 0 0,2,3,12,17,18,21,29,37,40,41,60,63,64,68,69,72,77,79,85,89,91,100,102,103,105 "22";
23 111 1 2,3,6,7,12,14,16,19,20,21,24,26,29,31,33,36,37,41,42,43,45,49,50,52,54,55,57,58,63,64,66,68,71,74,77,81,83,86,87,88,89,91,92,95,96,100,101,102,104,108,109 "23";
24 37 1 13,52,60,80,93 "24";
25 100 0 0,2,3,7,9,29,31,33,41,42,46,51,52,53,54,72,75,77,91,93,99,105,109 "25";
26 24 1 6,8,11,14,17,19,20,22,23,25,26,27,29,32,37,38,43,44,46,48,50,51,55,56,57,61,62,65,66,71,73,74,75,76,79,85,87,88,90,92,93,94,98,99,102,103,105,107,108,109 "26";
27 61 0 4,7,9,12,22,25,38,44,45,50,53,54,56,58,64,75,77,80,87,91,97,100,108 "27";
28 42 1 2,10,18,48 "28";
29 28 1 3,28 "29";
30 89 1 0,2,4,7,13,15,20,26,27,31,32,38,40,47,50,55,60,65,68,69,71,74,76,78,79,82,85,89,91,92,94,97,98,99,104,106,108 "30";
31 36 1 2,3,6,9,10,13,14,22,29,30,35,37,40,44,46,51,53,61,64,72,73,75,78,80,84,86,88,90,94,103,104,107,110 "31";
32 30 1 1,3,4,7,8,13,14,16,20,22,24,27,28,29,32,33,36,38,42,44,45,48,51,53,55,59,64,68,72,73,78,80,81,83,84,86,91,93,96,99,102,105,108,109 "32";
33 84 0 2,3,4,7,9,10,13,16,18,22,24,26,32,34,37,39,41,43,44,45,47,49,50,52,53,55,59,64,66,70,74,76,78,80,82,86,96,97,99,100,101,104,107,109 "33";
34 84 0 23,25,32,44,50,65,71,85 "34";
35 85 0 13,15,18,20,21,23,24,26,29,30,36,38,39,41,44,48,49,53,64,68,74,77,80,81,82,84,86,88,90,93,95,100,102,103,106,110 "35";
36 27 1 8,10,12,14,16,17,19,21,27,30,33,35,37,40,41,43,45,49,52,60,63,64,68,72,74,78,79,81,84,93,97,102,104,106,108 "36";
37 38 0 17,18,22,29,30,33,46,48,51,101 "37";
38 104 1 1,3,6,8,12,16,17,19,20,22,23,26,27,30,32,35,37,42,44,47,48,50,51,54,57,59,60,62,63,66,68,70,73,74,78,82,84,87,89,91,93,94,96,99,101,103,104,106,108,109 "38";
39 108 1 0,6,8,10,12,23,25,27,30,34,37,49,53,57,58,64,77,79,82,84,88,90,96,98,104,107,108 "39";
40 82 0 39,44,80 "40";
41 77 1 0,6,8,11,12,14,15,17,18,20,23,24,25,27,30,31,33,35,36,37,40,42,45,47,48,51,53,56,58,62,63,64,66,68,70,72,73,76,77,79,80,84,87,88,90,91,93,95,96,98,101,102,103,107,108,110 "41";
42 99 0 5,9,10,15,19,20,24,28,30,32,35,46,48,49,50,53,58,69,72,74,76,78,80,84,86,89,93,94,97,98,100,106,107,109 "42";
43 61 1 1,2,5,6,15,19,20,22,23,27,29,31,33,34,36,39,44,46,49,51,52,57,62,66,68,73,74,78,80,83,86,88,94,96,100,110 "43";
44 53 0 28,52,56,74,75 "44";
45 22 1 0,8,9,31,34,38,44,56,62,76,84,88,98,105,109 "45";
46 90 0 21,59,75,99,107,109 "46";
47 82 0 0,1,5,7,11,13,15,17,19,22,23,25,28,30,34,36,39,42,44,47,50,51,54,55,58,59,60,64,66,68,71,74,76,78,80,82,84,87,88,90,94,97,99,100,102,104,108 "47";
48 79 0 2,4,5,8,9,12,13,14,16,23,25,29,34,35,36,39,42,43,44,49,50,51,53,57,60,65,69,78,81,82,83,84,85,86,88,91,92,93,96,97,101,102,108 "48";
49 53 0 1,4,5,13,15,17,20,22,25,26,28,31,37,39,42,44,47,49,52,54,57,59,62,63,65,68,69,70,75,79,82,84,85,88,90,97,101,103,108 "49";
50 67 0 1,2,4,5,8,9,13,21,24,27,28,29,31,32,34,35,38,40,43,48,50,52,55,57,60,65,72,74,77,82,85,86,88,93,94,96,101,102,106,107,109 "50";
51 16 0 2,3,4,5,7,10,12,13,16,17,18,21,23,25,26,28,29,31,33,34,36,39,41,44,49,50,53,56,60,61,63,66,68,73,75,76,79,81,82,84,86,87,91,92,97,99,100,102,104,108,110 "51";
52 11 1 0,2,3,4,5,7,9,10,11,15,16,17,19,23,26,27,28,30,32,34,38,39,42,45,46,48,52,54,56,58,59,61,63,66,67,68,70,71,72,75,79,81,82,84,89,91,93,94,98,99,101,104,109 "52";
53 8 1 2,5,11,12,14,19,26,30,33,35,38,41,43,46,48,49,50,61,66,68,74,76,78,81,90,93,97,99,101,102,104,109 "53";
54 29 0 0,2,3,5,6,9,10,13,15,16,19,20,22,24,27,30,32,34,39,41,43,46,48,49,50,53,55,59,61,63,64,67,68,70,72,73,78,81,84,86,87,89,91,95,97,99,103,104,106,109 "54";
55 53 1 7,52,78,83,85,105 "55";
56 60 0 0,1,4,6,8,10,14,16,19,21,23,24,26,28,31,34,35,37,40,42,44,48,50,52,53,55,57,59,61,64,66,67,69,73,75,78,80,84,88,89,95,96,98,100,101,105,106,108,110 "56";
57 36 1 0,2,9,11,19,25,27,29,38,40,46,51,53,57,58,61,63,69,72,75,77,80,82,102,103,105,106,109 "57";
58 85 0 0,2,3,4,8,12,15,18,20,22,24,25,29,31,33,34,36,39,41,42,48,49,50,52,53,55,57,58,60,62,64,68,72,73,75,76,77,79,82,83,84,88,89,91,92,96,99,101,102,103,104,108,110 "58";
59 83 1 0,1,6,12,14,17,18,23,32,33,36,38,41,45,48,50,58,64,68,69,75,78,80,85,88,92,94,96,97,99,101,104,110 "59";
60 49 1 0,3,4,5,8,12,13,16,18,21,22,23,25,28,31,33,34,37,38,39,40,41,45,47,49,50,52,54,56,57,60,65,67,69,72,73,77,79,84,85,86,87,88,89,91,93,94,96,97,101,103,104,105,110 "60";
61 77 0 15,33,35,45,83,85,93,95,102,106 "61";
62 36 0 0,2,4,6,8,10,12,17,18,19,21,23,25,28,31,34,36,39,41,43,45,46,48,49,51,53,55,59,62,64,67,69,70,72,78,80,81,82,83,87,88,91,96,97,99,101,102,104,106,109,110 "62";
63 81 0 0,1,4,13,15,19,21,23,26,29,32,33,37,38,39,40,42,43,45,47,51,52,53,54,56,57,58,59,61,66,67,69,71,72,74,76,79,81,83,84,86,87,88,91,92,94,95,96,98,100,102,103,104,106,107,108 "63";
64 47 0 1,6,9,10,12,17,19,20,23,27,30,32,34,35,37,40,44,50,53,54,56,58,61,64,65,68,70,74,78,82,83,86,89,91,93,94,96,98,99,101,102,105,107,109,110 "64";
65 79 0 0,1,3,5,8,12,14,17,19,21,24,26,27,28,30,32,34,35,37,42,43,45,47,51,53,55,56,58,66,67,69,71,74,78,80,82,86,89,91,103,104,108 "65";
66 20 0 12,23,47,58,64,65,68,71,79,88 "66";
67 18 1 0,2,4,8,12,15,17,23,25,27,33,34,35,37,40,43,44,47,48,51,54,56,58,60,61,68,69,72,73,75,76,78,80,86,93,97,99,103,105,106,108,109 "67";
68 67 1 0,4,5,9,13,15,16,18,21,24,26,28,29,32,34,35,38,39,41,44,46,49,52,55,58,62,64,66,69,72,73,75,76,77,78,82,83,84,85,87,88,91,92,97,101,104,107,109 "68";
69 56 0 1,2,5,7,10,12,15,16,17,19,21,22,26,28,30,31,35,36,38,39,40,42,44,45,48,49,50,53,54,58,60,61,62,63,65,68,71,77,79,81,82,84,87,89,93,95,97,99,100,101,103,107,110 "69";
70 27 1 2,4,7,8,10,11,12,13,16,18,19,20,28,29,32,34,36,37,38,40,44,46,47,48,50,52,53,55,56,59,60,63,65,66,68,69,70,73,75,76,79,82,84,87,91,92,95,97,98,100,102,103,105,109,110 "70";
71 8 0 0,2,6,9,11,13,15,19,23,29,32,36,38,42,48,50,51,54,56,58,62,63,64,66,67,69,70,72,76,77,79,81,83,86,88,90,93,94,97,99,103,110 "71";
72 64 1 0,7,9,15,16,20,27,29,30,32,36,39,41,43,44,50,52,60,63,64,67,68,71,73,75,77,85,89,94,96,97,104,107 "72";
73 16 0 6,15,28,47,86,89,98 "73";
74 61 0 0,1,4,7,9,11,13,14,16,19,21,23,24,29,31,33,34,37,39,40,41,43,46,48,50,54,58,59,60,63,66,69,72,73,77,78,80,81,84,85,89,90,92,97,98,100,101,102,104,106,107,108,110 "74";
75 85 0 0,1,3,4,7,14,16,18,20,22,24,26,27,28,31,32,34,36,37,38,40,42,45,46,47,50,51,55,56,58,59,61,63,66,67,71,74,76,79,84,87,88,91,93,97,99,102,104,105,107,108,109,110 "75";
76 76 0 2,5,12,14,15,20,27,34,36,37,40,41,42,44,46,48,49,54,56,57,59,60,65,68,72,74,80,86,89,91,93,95,97,103,104,110 "76";
77 47 0 3,5,8,13,17,20,29,30,36,39,40,42,52,57,58,64,67,68,70,71,73,78,85,87,90,92,94,101,105,106,109 "77";
78 102 1 4,6,12,15,17,19,21,24,29,32,35,37,43,44,47,49,50,53,55,57,60,61,62,64,71,77,79,83,86,89,90,92,93,94,95,96,98,99,102,104,106 "78";
79 46 0 23,35 "79";
80 29 1 0,2,6,8,10,12,16,18,19,22,24,26,28,30,31,34,36,39,41,43,44,47,52,54,57,59,61,62,63,68,69,72,76,78,80,84,86,88,89,90,93,95,97,102,104,106 "80";
81 34 1 1,3,6,9,11,13,18,20,22,26,28,31,32,34,35,41,43,45,48,51,53,58,59,61,63,64,66,67,68,71,73,74,76,79,80,83,85,87,88,91,94,97,99,102,104,105,109 "81";
82 80 0 0,1,3,7,8,9,11,13,14,17,18,19,21,25,27,29,32,40,41,43,44,46,47,50,52,53,56,59,62,63,65,66,69,70,71,73,75,76,78,85,86,88,90,92,93,96,99,100,103,104,106,108,109 "82";
83 52 1 1,6,10,21,23,24,28,29,38,41,43,46,47,50,56,57,61,65,67,71,73,82,86,93,96,102,104,106,108,110 "83";
84 6 0 1,4,5,6,12,13,15,18,19,24,25,26,30,32,34,35,39,40,42,45,46,51,56,57,62,66,69,71,72,76,77,79,85,89,91,93,97,100,102,106,108 "84";
85 29 1 1,9,25,38,45,60,96 "85";
86 9 0 4,10,12,17,21,25,28,34,37,39,45,50,62,70,73,80,96,99,102,105 "86";
87 69 1 0,1,3,5,6,7,9,10,15,17,19,23,24,29,31,33,36,39,41,43,44,49,50,55,59,62,64,66,68,70,73,74,79,82,86,90,92,93,96,102,103,107,109,110 "87";
88 99 0 2,4,5,6,8,10,12,15,16,17,19,20,22,23,25,26,29,31,34,35,38,40,42,47,49,53,55,57,60,61,63,65,66,68,72,73,76,78,80,81,82,83,87,90,92,94,95,98,99,101,105,108,109,110 "88";
89 60 0 10,68,75,88,91,96 "89";
90 34 1 0,1,5,7,9,11,15,16,18,19,21,22,28,29,31,39,41,43,45,47,48,51,52,54,56,60,62,64,65,66,71,73,74,75,76,78,80,81,83,84,86,88,89,91,92,94,96,98,100,101,103,106,109,110 "90";
91 38 0 0,3,6,7,10,11,14,15,20,23,25,27,28,31,32,35,37,38,39,41,42,44,45,46,50,53,55,57,59,67,68,70,71,74,75,78,80,82,87,88,89,91,93,98,102,103,109 "91";
92 27 0 4,13,16,20,25,28,29,39,41,50,55,60,75,80,89,96,105,107 "92";
93 27 1 0,3,5,7,9,10,12,13,14,17,18,23,27,28,31,34,36,38,40,41,43,46,49,52,58,61,62,67,68,74,77,78,81,87,88,90,91,93,94,97,98,103,104,107 "93";
94 49 1 8,37,59,86 "94";
95 109 1 9,18,20,23,25,27,30,33,34,36,39,42,45,48,49,51,52,55,59,63,65,70,75,78,82,87,88,95,97,99,101,103,109,110 "95";
96 69 0 17,22,35,37,41,42,80,89,98,104 "96";
97 67 1 0,1,2,4,8,10,11,13,14,16,18,19,20,22,25,27,29,31,32,33,36,39,42,43,44,45,48,51,54,55,58,60,61,63,64,67,68,72,77,79,80,83,85,90,91,94,97,98,101,104,105,108,109 "97";
98 99 1 4,6,8,29,41,43,44,48,56,59,67,73,80,81,90,94,99,102,110 "98";
99 68 1 3,5,8,18,38,40,49,54,60,77,81 "99";
100 40 1 3,5,10,12,20,24,27,37,41,50,52,58,60,64,66,68,70,81,84,88,94,105,107,109 "100";
101 77 1 1,6,9,11,12,14,18,26,31,32,35,39,45,51,54,56,58,62,64,65,68,71,74,75,77,79,80,81,83,85,87,89,92,98,99,102,103 "101";
102 6 0 2,12,16,21,23,38,43,48,53,55,62,67,70,76,82,84,86,91,93,96,100,103,107 "102";
103 107 0 2,4,6,7,10,12,15,20,23,28,32,33,44,48,50,53,60,62,64,70,72,74,78,80,85,87,94,96,99,105,107,110 "103";
104 42 0 7,32,73 "104";
105 29 0 3,4,8,9,14,19,21,22,24,25,26,28,31,34,35,39,40,41,45,46,48,49,50,51,55,57,58,59,61,62,63,65,67,68,70,71,72,74,75,78,79,81,82,84,85,88,90,91,93,95,96,98,101,103,104,107 "105";
106 98 0 6,8,11,14,25,30,37,41,55,63,73,82,86,97,107 "106";
107 55 1 1,5,9,16,17,21,24,26,27,28,32,35,39,41,43,45,48,50,52,58,60,66,67,68,70,72,74,76,80,82,86,88,90,92,98,103,105,108,110 "107";
108 2 1 23,34,38,41,43,59,68,85,86,88,89,92,96,97 "108";
109 97 0 0,3,4,10,11,13,14,15,18,21,23,26,27,29,30,32,34,37,38,39,41,43,44,46,48,51,53,54,55,57,59,61,62,63,65,66,70,72,74,78,79,82,83,85,90,93,95,98,100,102,105,106,108,110 "109";
110 42 1 3,7,8,10,11,15,17,20,24,26,28,30,33,34,36,39,40,44,47,49,51,52,56,59,65,67,70,72,77,79,82,84,88,90,92,94,95,100,101,103,105,107,108,110 "110";
