parity 145;
0 29 0 0,3,4,7,10,18,22,31,32,34,38,39,46,48,49,56,62,66,68,69,71,77,79,80,83,84,85,89,97,106,119,127,131,135,143 "0";
1 133 0 1,10,13,14,16,18,20,22,23,27,30,38,40,41,44,45,49,51,53,54,56,58,61,62,65,71,73,76,79,82,84,86,88,89,90,92,94,97,99,101,105,107,109,110,112,113,118,120,122,127,129,131,137,138,144,145 "1";
2 39 0 0,1,3,6,7,10,13,15,17,19,21,22,25,30,32,34,36,38,39,41,44,45,47,48,54,55,56,58,59,61,64,65,67,68,69,71,73,77,79,81,83,88,89,92,97,99,101,102,104,106,109,111,112,116,118,119,122,123,126,128,129,131,132,133,135,137,141,142,143,145 "2";
3 19 0 1,6,7,8,10,12,14,15,17,19,21,24,25,27,30,31,34,35,37,39,40,41,42,44,47,49,51,54,55,58,60,63,66,67,68,69,74,76,78,80,82,84,86,88,95,96,101,103,108,112,114,115,119,122,123,124,128,129,133,137,139,141,145 "3";
4 124 1 0,4,7,9,13,14,15,18,20,21,24,26,28,30,32,35,37,38,40,41,43,46,47,49,50,52,54,55,57,59,61,64,65,66,68,70,71,75,76,78,79,80,81,83,84,85,89,90,94,96,98,100,103,104,105,113,116,118,120,123,124,125,127,128,131,134,135,139,140,141,142,143,145 "4";
5 132 1 2,3,7,9,11,16,20,23,26,28,29,31,34,38,44,48,50,53,54,56,58,59,61,76,80,82,83,87,89,94,102,105,109,113,116,118,120,127,131,134,137,139,141 "5";
6 124 0 1,9,11,14,16,24,30,33,44,46,51,57,58,60,62,66,70,76,81,82,84,88,90,92,94,96,99,101,103,104,106,108,123,126,133,134,137,139,141,145 "6";
7 119 1 0,3,4,5,6,9,12,13,14,18,20,24,25,26,28,32,35,37,39,40,42,44,45,48,53,55,56,58,60,62,65,66,68,69,73,78,83,84,85,87,89,90,93,94,96,98,99,100,104,109,111,113,115,125,126,130,135,136,138,140,143,145 "7";
8 6 1 5,9,15,21,32,36,50,53,62,67,73,78,80,85,86,87,90,94,101,126,128,130,133 "8";
9 145 0 0,16,21,37,38,43,52,54,89,97,106,108,120,134,140 "9";
10 89 0 1,2,4,5,8,11,15,18,21,24,26,29,32,34,37,38,39,42,46,47,51,52,54,56,57,58,59,61,63,66,68,69,70,72,73,75,77,78,79,81,83,84,86,89,91,93,95,98,103,107,116,117,120,122,125,126,128,131,133,134,137,138,139,140,142 "10";
11 82 1 94,122 "11";
12 131 1 0,8,10,12,17,19,21,24,25,26,34,36,38,40,43,50,51,53,55,57,59,61,62,64,65,68,70,72,74,77,79,82,85,87,89,91,95,100,101,107,108,110,112,114,116,118,119,123,124,125,131,136,138,142 "12";
13 23 1 3,10,17,27,34,45,47,49,55,59,62,68,87,93,95,100,110,115,116,122,130,137,144 "13";
14 137 1 3,6,9,11,14,15,17,18,23,25,29,31,32,33,34,37,39,41,48,49,60,61,65,67,68,69,74,76,80,84,87,90,95,102,104,105,112,116,119,120,122,127,130,136,141,145 "14";
15 3 1 2,8,17,20,27,28,34,37,38,44,51,53,56,58,66,71,78,84,91,93,96,98,100,104,109,114,116,118,125,137,139,140 "15";
16 119 1 0,2,6,10,13,15,16,17,19,20,22,23,24,27,28,29,30,36,37,39,40,42,44,45,49,50,52,54,56,60,62,63,65,69,70,73,76,77,81,83,87,89,93,95,96,100,102,103,104,105,108,109,110,113,115,116,117,119,120,125,128,131,132,134,135,138,139,141,143,145 "16";
17 16 1 18,24,26,29,59,71,75,93,96,101,107,109,112,125,130,138,143 "17";
18 1 1 11,42,51,66,71,85,143 "18";
19 24 0 1,5,9,15,19,21,23,25,28,31,37,38,39,43,53,58,61,64,66,68,69,74,81,82,86,92,95,98,101,110,112,114,116,129,131,133,134,139,143 "19";
20 69 0 0,1,3,4,6,7,9,16,18,19,20,23,25,33,35,38,44,46,47,49,50,52,53,55,57,59,61,62,64,67,70,72,75,76,77,81,86,89,91,94,101,105,107,109,112,113,115,117,118,120,121,125,127,128,129,130,134,136,138,140,143 "20";
21 137 0 1,4,7,10,13,20,23,29,30,33,36,44,47,62,66,69,73,80,83,84,85,87,89,91,96,105,106,112,113,114,119,122,125,127,128,129,134,135,137,140,142,143 "21";
22 9 1 0,2,6,9,11,12,14,15,19,21,22,26,29,31,35,37,38,40,42,43,44,48,51,52,54,56,60,63,65,67,68,69,71,72,75,76,80,82,86,88,93,94,95,98,100,104,108,110,113,115,116,118,122,124,125,129,132,133,136,137,140,143 "22";
23 23 0 4,15,32,34,63,65,93,103,105,138,145 "23";
24 110 1 1,5,7,10,12,14,15,19,21,24,26,27,28,30,33,34,36,43,47,49,50,51,54,57,59,61,63,64,66,67,68,71,74,75,76,78,79,81,82,83,85,87,89,95,97,99,100,103,104,105,107,110,113,115,117,119,121,122,125,128,134,135,136,140,142,144 "24";
25 52 1 122,136 "25";
26 65 0 1,4,7,8,9,16,18,21,22,24,25,27,34,36,39,41,42,43,45,46,50,53,54,56,58,60,62,67,81,83,84,86,91,93,98,106,112,114,116,120,121,129,135,137,138,143,144 "26";
27 2 0 1,3,6,8,11,13,14,16,20,21,22,25,27,29,31,32,38,41,42,46,47,50,51,53,55,57,60,63,64,66,67,72,73,75,77,79,80,83,86,91,95,97,99,100,102,103,104,107,108,110,115,116,117,118,120,122,125,126,128,129,133,136,139,140,142,143,144 "27";
28 62 0 7,11,16,18,20,23,25,26,30,33,40,46,49,51,54,57,59,61,63,67,76,79,82,85,86,96,98,100,113,116,118,128,131,138,141 "28";
29 41 1 0,3,6,7,9,11,12,15,17,19,21,23,25,26,28,31,33,35,39,43,49,52,55,56,60,63,64,66,67,69,71,74,76,79,87,88,89,90,91,92,94,96,98,101,103,104,107,108,110,115,116,120,121,122,125,126,127,129,132,137,138,139,141,143,144 "29";
30 134 0 19,51,103,118,121,145 "30";
31 20 0 9,10,16,20,26,29,32,37,45,51,75,84,89,97,106,107,109,111,117,123,133,141 "31";
32 108 1 2,4,7,9,10,11,13,15,16,18,20,24,25,26,28,30,31,34,36,37,38,40,41,42,47,49,50,52,54,55,58,60,62,63,64,68,70,74,75,77,80,85,86,87,88,94,96,98,100,101,104,105,106,108,110,114,115,117,120,127,130,131,133,134,137,138,140,142,143,144,145 "32";
33 75 0 0,1,5,7,9,12,18,26,28,30,36,39,45,53,65,68,75,77,78,89,93,97,102,103,109,110,114,117,122,130,132,133,138,139,141 "33";
34 116 1 40,52,61,73,81,89,102,127,138,139 "34";
35 34 0 1,2,4,5,7,8,10,11,14,20,23,25,26,27,30,31,36,39,40,42,45,46,55,58,59,61,63,67,70,73,75,77,78,81,85,88,90,92,95,96,98,104,109,110,112,114,116,118,119,120,122,125,128,133,134,137,139,140,144,145 "35";
36 45 0 27,30,38,62,77,91,94,103,111,137 "36";
37 68 0 2,3,4,5,7,8,14,15,17,22,26,28,32,35,37,43,44,49,51,53,55,56,59,61,63,67,71,74,85,88,90,92,98,103,108,111,113,115,116,117,121,124,126,129,131,133,135,137,138,141,144,145 "37";
38 112 1 1,2,6,9,11,13,15,17,20,21,23,24,28,30,33,35,37,38,40,43,44,47,53,55,56,63,66,68,69,71,73,75,76,77,80,81,84,85,87,88,89,90,92,94,95,97,100,102,105,106,109,111,113,114,116,118,119,121,125,127,130,133,135,138,140,143,145 "38";
39 36 0 1,2,7,9,16,20,33,36,49,52,57,74,81,95,99,120,129,136 "39";
40 119 0 0,11,19,21,25,26,27,29,32,33,35,39,40,43,45,49,50,55,59,65,66,69,72,74,75,76,78,81,85,86,93,96,101,104,105,107,116,118,120,123,125,131,136,140,141 "40";
41 99 0 0,2,3,5,6,15,17,25,26,30,33,35,40,46,49,51,53,57,66,73,80,89,96,98,102,107,109,110,112,116,118,120,121,123,126,132,135,136,139,145 "41";
42 21 0 1,15,17,19,25,27,32,36,39,41,45,47,48,53,55,56,59,61,63,71,74,76,79,87,89,105,106,107,116,117,125,127,134,137,141,144 "42";
43 59 0 21,28,51,54,70,83,84,86,94,107,114,141 "43";
44 80 1 0,9,12,17,23,25,26,28,32,37,45,48,54,58,71,74,86,91,92,96,97,104,106,109,111,116,118,131,139,141 "44";
45 21 0 4,15,63,85,95,101,110,141 "45";
46 104 0 1,3,5,8,9,10,11,19,20,22,24,28,31,33,34,36,39,42,46,48,50,53,55,57,60,65,66,69,70,71,72,74,75,79,81,85,87,88,91,94,96,98,99,101,104,109,110,114,117,119,121,122,124,125,129,130,133,138 "46";
47 38 1 0,2,4,7,10,12,13,14,15,17,19,21,24,26,28,32,33,37,38,39,44,45,47,49,50,51,53,55,57,60,62,64,67,71,74,76,77,81,82,84,85,86,87,90,91,94,96,98,101,104,106,109,111,115,116,117,119,122,123,125,127,129,131,132,134,136,139,140,142,144,145 "47";
48 104 0 15,33,63,77,82,87,92,98,108,116,120,139 "48";
49 116 1 8,12,13,14,15,18,20,23,24,28,31,33,34,36,39,40,41,43,46,47,51,53,56,57,59,65,67,71,72,73,75,77,78,80,82,83,86,90,93,94,97,100,103,109,110,112,115,119,123,125,126,128,129,132,134,136,137,138,143,144,145 "49";
50 4 0 11,28,64,116 "50";
51 80 1 7,10,19,23,26,28,30,32,33,35,41,46,50,58,63,67,71,76,79,80,87,92,99,101,103,111,114,123,132,133,135,136,142,143 "51";
52 98 1 3,7,13,16,28,42,47,50,56,67,75,79,83,85,91,94,96,97,99,104,108,112,114,118,119,126,135,140,145 "52";
53 115 1 7,16,31,57,80,86,103,107 "53";
54 40 1 10,12,18,30,31,36,61,67,77,91,100,104,105,119,123,132,142 "54";
55 130 1 24,29,65,68,71,85,86,98,117 "55";
56 73 0 3,26,41,48,57,65,70,77,87,91,132 "56";
57 110 1 14,20,47,51,53,62,74,76,95,97,101,112,130,145 "57";
58 61 0 30,37,55,82,121,141 "58";
59 96 1 1,18,32,38,42,49,54,55,93,95,108,135 "59";
60 13 0 0,1,5,8,12,15,16,17,21,22,25,26,28,30,34,37,39,40,43,45,53,57,59,66,69,71,73,76,78,80,82,83,87,90,92,95,97,98,99,101,103,105,107,109,111,113,114,121,125,126,127,131,133,136,140,141,142 "60";
61 124 1 3,18,59,77,143,144 "61";
62 31 1 2,5,11,18,21,26,31,35,37,39,41,44,49,52,56,58,66,75,79,89,90,99,101,107,110,111,115,119,122,125,132,136,137,140,142,143 "62";
63 63 0 2,5,6,8,10,13,19,21,24,26,29,30,32,33,35,36,37,38,40,42,44,45,47,48,53,58,62,68,70,73,74,77,78,79,80,83,84,85,86,89,93,95,99,103,104,106,107,109,112,113,114,116,118,119,124,125,126,128,129,131,138,139,141,142,144,145 "63";
64 17 1 1,2,4,6,10,11,13,19,21,22,25,26,28,32,33,38,43,45,48,51,53,55,57,59,65,67,69,72,75,77,79,85,86,88,89,97,98,103,107,109,112,115,118,120,121,123,124,128,129,131,134,136,138,139,141,142,145 "64";
65 109 1 7,11,12,19,21,22,28,29,40,43,46,51,53,55,58,60,63,65,69,74,77,80,84,86,87,89,95,98,100,102,105,108,119,122,132,134,138,140,141,142,144 "65";
66 20 1 10,22,30,32,33,58,78,89,92,97,102,104,110,116,118,127,128,143 "66";
67 138 1 4,7,12,13,15,18,19,21,23,26,27,32,33,36,43,45,47,50,54,57,58,59,65,68,73,77,79,80,81,82,84,88,91,93,97,98,100,103,104,105,107,108,110,114,119,122,123,125,127,131,134,135,136,138,141,143,145 "67";
68 136 0 3,5,9,11,14,15,17,18,19,21,22,23,28,30,32,34,36,38,40,43,46,47,48,49,51,53,55,56,58,60,62,63,65,68,69,74,75,76,79,82,84,86,88,94,97,99,103,105,110,111,115,116,117,119,122,123,125,126,128,131,132,133,135,137,140,144,145 "68";
69 11 1 2,4,6,22,39,53,60,61,65,66,77,79,82,86,88,90,93,99,109,112,116,122,127,128,133,138,141 "69";
70 66 1 33,48,86 "70";
71 73 0 0,1,6,7,9,10,11,12,14,15,16,18,20,24,25,27,30,31,32,33,35,40,42,44,48,50,52,54,55,57,60,63,64,68,72,74,76,77,79,80,84,86,89,95,98,100,103,105,106,107,112,113,114,117,121,123,124,126,127,130,135,137,140,143 "71";
72 4 1 0,1,4,5,8,9,10,12,14,16,18,20,23,27,29,30,31,34,36,37,40,42,43,45,49,50,51,53,56,59,61,65,67,69,73,76,78,81,84,89,91,92,94,95,96,97,98,107,109,111,112,114,115,116,118,119,124,126,128,131,132,133,136,138,139,140,142,145 "72";
73 85 1 0,7,13,18,20,21,27,28,30,31,35,37,39,46,54,57,59,60,63,71,74,76,79,81,83,85,86,92,94,97,103,106,113,115,116,118,125,126,129,130,132,137,139,141,142,143 "73";
74 84 1 4,8,11,12,16,20,24,25,27,28,31,36,38,43,46,56,57,58,60,65,67,75,76,79,80,82,93,96,97,99,104,105,107,110,112,115,117,129,133,136,137,139,140,143 "74";
75 132 1 0,8,13,18,20,24,38,40,47,50,58,68,73,83,94,98,103,117,127,128,133,139 "75";
76 144 1 0,19,23,32,36,45,47,52,55,59,71,75,80,92,104,113,118,120,122,128 "76";
77 110 1 0,26,50,85,86,87,101,111,124,133 "77";
78 6 1 0,4,7,9,11,17,20,24,25,28,31,34,37,39,40,45,48,49,55,58,60,61,63,67,70,73,84,85,88,93,95,97,102,103,105,106,109,114,115,117,119,122,128,131,132,136,141,142,143,145 "78";
79 5 0 0,1,2,4,5,9,11,14,17,18,20,22,23,25,28,30,33,36,38,40,42,44,50,52,54,55,56,57,59,61,65,66,68,69,70,72,75,76,78,81,82,83,85,86,87,89,92,94,99,102,105,107,109,110,114,116,118,121,122,124,126,129,131,132,134,135,137,141,142,145 "79";
80 74 0 7,11,12,16,29,40,41,43,48,63,69,71,72,78,81,85,87,106,110,112,116,118,132,133,145 "80";
81 126 1 0,4,8,16,29,33,35,42,44,46,53,56,60,62,66,69,74,76,78,79,82,84,88,93,95,113,129,130,133,134,139,141,142 "81";
82 43 1 1,3,4,8,10,12,13,14,16,17,20,21,23,29,30,31,33,36,37,38,39,41,44,45,47,48,51,53,54,55,56,58,63,65,68,70,72,73,75,77,79,80,82,84,86,87,89,91,92,95,96,98,100,104,109,110,112,115,118,120,127,128,130,136,138,140,141 "82";
83 120 0 0,3,9,11,17,27,30,33,34,38,52,55,61,73,79,80,88,89,92,93,101,103,106,109,115,118,123,125,128,132 "83";
84 100 0 59,84,94 "84";
85 2 1 8,9,18,35,53,59,62,71,76,79,108,113,119,122,139,144 "85";
86 115 0 4,11,16,50,60,62,76,82,95,97,102,105,108,115,118 "86";
87 121 0 0,6,18,38,39,49,65,72,73,76,80,87,94,102,118,125 "87";
88 107 0 2,7,17,37,47,52,56,58,74,76,88,91,105,107,112,122,125,132,133,138,140,141 "88";
89 136 0 15,16,17,23,28,30,32,43,54,61,65,67,69,76,77,79,82,84,94,96,100,104,107,109,116,119,127,136 "89";
90 16 0 0,4,5,8,14,16,18,20,21,22,28,36,38,40,42,43,44,45,48,49,55,56,57,60,64,67,69,71,72,74,76,77,78,81,83,86,87,89,90,92,94,101,102,103,104,107,109,112,114,115,117,118,120,123,126,129,134,138,141,142 "90";
91 25 0 17,23,37,73 "91";
92 73 1 2,7,8,10,15,18,19,21,23,25,26,27,29,33,35,37,39,43,44,47,49,52,56,58,59,61,63,64,67,72,74,77,80,82,87,93,94,97,100,102,103,105,109,115,125,127,128,129,137 "92";
93 115 1 2,3,4,7,10,12,15,17,20,22,25,26,29,31,34,35,36,39,41,42,44,47,49,52,53,54,55,59,60,63,64,66,68,69,72,74,76,77,79,80,82,84,86,88,90,93,94,95,97,98,100,105,108,110,115,116,119,120,122,125,126,128,129,130,135,138,141,143,145 "93";
94 90 0 5,7,11,15,18,21,25,29,37,39,40,46,50,52,57,60,61,68,73,75,78,79,81,83,87,88,91,96,100,104,107,111,112,113,114,115,121,125,129,131,132,134,136,137,139,141,143,145 "94";
95 45 1 1,4,9,12,16,22,28,35,37,44,45,49,66,69,79,81,96,98,100,112,113,131,134,143 "95";
96 57 0 35,70,144 "96";
97 23 0 1,3,6,9,14,19,24,27,30,32,35,36,38,40,44,45,47,48,49,51,54,58,64,67,68,70,73,77,80,83,87,89,90,92,96,97,104,106,108,109,116,121,122,126,129,131,133,134,136,138,140,143,144 "97";
98 85 1 5,9,12,14,17,21,23,24,27,28,29,34,36,40,41,42,44,45,47,51,53,54,59,61,63,64,65,70,74,76,77,79,83,85,88,93,95,97,98,99,101,104,107,109,110,113,114,119,120,121,125,127,130,138,140,141,142 "98";
99 142 0 0,1,4,5,7,9,11,12,14,15,19,21,22,26,28,33,35,38,40,41,43,45,46,49,52,55,59,61,63,65,69,71,72,73,75,78,80,81,83,85,86,91,95,98,104,105,107,110,113,116,117,119,121,122,126,127,130,132,134,136,137,141,144,145 "99";
100 94 0 7,8,14,19,24,27,30,32,37,43,51,54,55,57,59,68,72,73,81,85,88,93,97,99,102,106,113,116,117,119,121,126,130,133,136,143 "100";
101 7 0 5,7,10,11,16,21,22,31,33,34,36,38,41,44,47,49,66,71,75,82,85,88,89,92,102,104,106,114,117,120,121,123,124,128,130,134,137,138,143 "101";
102 13 0 21,34,36,40,53,68,75,77,80,108,110,118,126 "102";
103 136 0 0,4,7,13,18,19,24,26,27,29,30,36,38,39,41,44,46,49,54,55,57,61,63,65,68,70,71,74,76,78,81,83,85,88,91,92,94,96,102,116,118,121,123,124,126,131,133,138 "103";
104 131 0 16,23,99,102,107,129 "104";
105 115 0 102,104 "105";
106 26 1 53,76,83,98,121,131,139,140 "106";
107 39 1 1,3,7,12,17,22,35,37,39,41,44,45,47,52,59,64,67,74,82,96,101,104,108,112,113,116,122,128,131,136,141,143,145 "107";
108 55 1 2,5,7,9,10,12,13,15,16,18,20,21,22,23,24,26,27,29,30,31,35,39,41,43,46,47,48,50,52,54,55,57,62,63,64,66,67,68,69,71,73,75,76,78,80,85,86,89,91,94,97,100,103,104,106,108,109,111,114,117,119,121,122,124,126,128,132,134,137,141,143,144,145 "108";
109 137 0 1,3,11,25,33,34,36,38,52,66,83,86,91,98,99,107,111,115,123,129,133 "109";
110 3 1 0,1,3,4,5,8,9,12,13,17,18,20,24,26,27,29,30,33,36,41,42,44,47,49,50,53,54,55,57,58,60,61,63,65,68,71,74,75,76,77,80,82,83,89,92,94,96,97,99,100,102,103,104,107,108,109,113,114,116,118,120,122,125,126,128,129,132,136,137,139,140,142 "110";
111 25 0 2,25,29,34,59,64,77,87,93,99,107,112,124,127,135,137 "111";
112 56 0 0,4,6,8,12,14,15,17,21,23,29,30,34,41,43,44,49,52,54,63,64,65,66,69,71,75,76,77,79,81,90,92,97,100,102,103,110,112,127,133,134,135,138,142,144 "112";
113 122 0 2,8,10,13,15,16,18,20,22,25,26,31,34,36,37,40,41,44,50,53,54,56,57,61,71,74,76,81,86,89,90,92,96,99,103,105,109,111,114,125,128,131,132,135,137,138,140,142,144,145 "113";
114 15 0 1,3,5,6,8,11,12,13,16,19,23,25,26,27,31,32,34,36,39,41,44,46,47,51,56,59,60,61,63,64,68,72,75,76,78,80,82,83,84,86,88,89,90,91,92,95,96,98,101,102,103,105,107,110,112,113,116,118,119,121,122,125,127,129,131,133,135,137,139,140,141,145 "114";
115 51 0 11,17,19,37,41,49,61,68,77,83,95,104,116,121,122 "115";
116 119 0 41,47,62,98,108,121,124 "116";
117 119 1 13,16,30,41,43,62,80,120,125,127,130,135,144 "117";
118 116 0 11,13,16,18,27,29,34,35,46,47,60,67,71,75,76,78,87,90,93,95,100,103,105,119,128 "118";
119 95 1 1,13,15,25,31,39,63,68,82,88,99,103,104,106,107,110,114,116,122,126,128,131,138 "119";
120 139 0 0,3,5,6,13,18,19,21,27,33,34,36,38,39,42,44,48,59,63,67,69,73,77,81,86,88,102,105,106,109,111,113,116,119,130,137,141,145 "120";
121 76 1 0,3,4,6,8,10,15,19,20,24,33,35,37,42,45,47,48,50,52,57,58,61,62,64,68,70,74,75,78,80,85,86,89,95,96,98,103,108,116,119,121,123,126,134,140,142,144 "121";
122 1 1 0,4,7,9,11,13,14,17,19,20,21,23,24,26,29,32,33,35,36,39,41,43,46,49,50,52,53,54,56,59,60,61,66,68,69,71,72,76,78,79,81,82,84,86,89,90,92,94,96,97,100,103,107,108,109,111,115,116,117,121,123,125,126,128,130,131,133,135,137,138,140,142,145 "122";
123 101 0 1,3,5,9,11,13,14,15,21,23,25,26,28,29,31,33,34,36,39,40,41,43,44,45,47,48,52,54,58,61,63,66,69,70,72,76,80,81,82,84,85,86,88,91,93,95,97,99,100,102,103,104,107,109,111,113,116,119,120,122,123,125,126,128,129,131,133,135,139,140,141,143 "123";
124 105 1 1,7,9,12,16,17,18,20,26,28,29,32,37,39,41,44,45,51,55,56,58,62,63,66,69,71,75,77,78,83,89,91,97,100,108,110,115,117,118,119,121,125,126,134,138,141,144,145 "124";
125 45 0 3,4,7,9,10,12,13,15,18,19,22,24,26,34,35,37,39,41,43,44,46,49,50,53,54,56,58,60,63,64,66,68,70,74,77,78,79,81,83,84,87,90,96,98,99,105,108,110,112,115,117,118,120,121,123,127,129,132,133,134,136,138,140,142 "125";
126 62 0 5,7,9,11,15,19,22,25,29,34,36,42,44,51,52,53,56,59,65,67,71,73,75,77,79,82,85,87,89,92,95,103,110,115,120,121,123,127,128,133,135,136,138,139,141,143,145 "126";
127 110 0 0,1,8,11,14,15,18,22,24,25,30,32,41,44,48,49,51,52,54,55,58,63,66,68,70,74,77,82,84,88,94,98,102,108,110,112,116,120,122,124,128,130,131,136,138,140,144 "127";
128 112 1 7,20,31,67,74,101,131,138 "128";
129 15 0 14,22,45,54,59,70,74,76,78,110,117,122,137,141 "129";
130 33 0 0,5,10,13,21,23,25,28,35,52,75,78,89,95,106,114,121,122,126,131,134,137 "130";
131 92 0 3,4,7,10,12,15,17,20,21,25,26,36,38,41,42,44,50,52,56,59,60,61,63,66,69,70,72,73,76,80,84,87,89,93,94,96,98,99,100,103,104,105,107,110,112,113,114,116,117,123,130,138,139,141,144 "131";
132 10 1 18,32,39,57,78,136,139,144 "132";
133 113 1 0,2,3,5,6,7,10,11,14,15,19,20,21,23,29,31,32,33,35,36,37,38,40,41,44,46,48,51,53,54,56,57,58,61,63,66,69,74,76,77,78,80,81,84,86,92,93,95,97,100,101,102,104,106,109,111,113,114,116,119,120,122,123,125,127,134,135,137,138,140,144,145 "133";
134 6 0 1,2,3,8,9,11,12,14,16,18,21,23,24,26,27,28,31,32,33,35,36,38,39,40,42,44,46,48,49,51,59,61,63,64,66,68,70,71,72,74,78,81,87,88,92,93,95,96,98,99,102,104,106,111,113,115,117,120,121,123,125,126,127,128,133,134,135,137,138,140,142,143 "134";
135 76 0 1,2,6,10,12,13,15,17,19,20,21,24,26,27,30,31,36,37,38,39,40,42,43,45,46,48,50,53,56,57,59,63,65,67,68,71,73,77,78,80,83,85,88,91,92,94,97,99,100,104,105,108,111,112,114,116,121,125,131,133,135,136,139,141,143,145 "135";
136 4 0 0,2,4,8,10,11,13,14,16,21,24,28,30,32,36,38,40,42,46,47,49,52,56,58,61,62,64,67,68,71,72,80,82,84,91,95,99,101,102,106,109,112,113,118,121,122,124,127,129,132,134,137,139,140 "136";
137 122 0 2,5,7,8,10,12,16,18,20,22,23,26,33,35,37,38,41,45,47,48,53,58,61,65,68,69,70,73,75,77,78,81,83,84,86,87,88,91,92,94,98,100,101,102,105,106,107,109,110,111,114,116,117,120,122,126,128,129,131,134,136,137,138,141,142,145 "137";
138 2 0 0,13,22,23,30,34,36,48,86,88,100,105,120,127,128,144 "138";
139 95 1 0,2,4,5,7,9,10,12,13,17,19,20,25,27,28,33,35,37,39,42,43,45,46,51,54,55,57,60,62,64,66,70,71,73,74,76,78,79,85,88,89,90,92,93,95,96,98,101,102,105,113,116,122,123,125,128,129,130,133,136,137,141,145 "139";
140 88 1 11,13,19,25,61,86,97,98,104,108,110,112,119,126,137 "140";
141 137 0 0,1,2,5,7,9,10,14,15,17,19,21,23,26,29,31,37,38,41,45,50,53,55,56,58,60,63,64,65,71,73,77,82,85,87,89,91,99,103,108,110,112,118,124,125,126,128,130,132,134,137,139,142,143,145 "141";
142 39 0 4,6,8,11,15,18,20,25,27,29,31,34,42,46,50,57,68,70,75,76,77,80,88,90,92,97,99,101,103,112,115,116,119,121,124,125,128,134,142 "142";
143 126 1 0,2,4,7,9,13,14,16,17,19,20,22,24,25,26,27,30,32,33,35,39,42,44,45,46,49,52,53,56,58,59,61,62,65,67,69,70,72,76,79,80,82,84,85,86,88,91,93,94,96,100,101,104,107,110,111,113,115,117,120,122,125,130,132,133,135,137,141 "143";
144 87 1 7,11,14,15,17,20,24,29,30,32,35,37,40,44,62,66,69,74,77,87,90,91,93,100,105,109,114,116,121,124,126,127,132,134,141 "144";
145 145 0 10,12,23,26,39,42,44,52,63,64,69,72,75,77,81,86,90,92,94,97,99,102,108,113,120,122,129,130,139,142 "145";
