parity 180;
0 8 0 3,4,5,7,9,10,12,15,25,29,30,33,38,40,41,43,45,46,48,49,52,55,58,60,61,63,66,67,69,71,78,80,83,85,86,93,94,96,98,100,106,107,111,115,118,120,121,122,125,130,132,137,141,143,145,146,147,149,151,153,161,162,166,167,173,175,179,180 "0";
1 60 0 67,92,98,160,176 "1";
2 81 1 1,5,16,22,25,35,38,40,46,48,50,59,61,65,74,77,81,84,86,89,94,98,101,105,116,119,123,125,127,130,132,141,148,154,157,162,164,166,168,169,170,175,177 "2";
3 37 0 1,3,8,11,16,20,23,25,33,34,35,38,40,43,45,47,49,50,53,56,58,60,63,65,67,70,71,74,75,78,82,84,85,87,88,90,92,97,99,101,103,106,107,108,110,111,115,116,117,120,122,124,128,129,131,132,135,136,138,140,142,147,151,154,155,157,158,161,163,164,169,173,175,177,179 "3";
4 160 0 1,6,14,26,29,32,35,37,55,56,61,63,64,76,84,95,97,100,109,118,125,127,133,137,140,143,144,148,155,159,170,180 "4";
5 33 0 1,2,5,7,13,15,16,17,19,20,21,23,28,29,31,34,35,36,38,39,48,51,59,63,68,73,74,76,84,85,87,89,92,94,96,97,101,108,129,135,142,143,147,153,155,157,159,161,163,165,170,172,176,177,178 "5";
6 21 1 0,3,7,10,11,14,16,20,23,29,30,34,40,43,44,45,49,51,54,55,59,60,63,70,72,76,77,79,81,82,85,86,87,88,91,94,96,98,99,104,108,112,114,118,119,122,127,131,133,139,143,148,149,150,152,155,160,164,166,169,172,175,176,179 "6";
7 27 1 3,4,7,9,14,16,24,25,26,29,30,32,37,42,47,48,50,52,55,57,59,62,64,69,73,74,78,79,80,82,83,85,92,94,95,98,103,109,111,113,114,115,117,120,122,125,126,131,134,136,137,143,145,147,149,150,152,154,156,157,159,160,163,165,167,168,170,172,177,178,180 "7";
8 86 0 6,14,18,21,23,25,28,30,32,40,41,45,47,50,52,54,57,58,59,61,62,64,65,67,77,84,86,88,89,97,99,101,103,107,109,112,116,121,129,131,134,135,139,141,142,145,149,153,158,160,161,163,167,171,172,174,175,178,180 "8";
9 108 1 0,1,2,4,6,7,8,11,20,30,31,33,34,36,38,39,41,43,46,48,53,54,56,57,58,60,63,68,70,72,74,75,78,81,82,85,91,93,96,98,99,101,102,103,105,107,110,111,114,116,119,120,125,127,131,133,135,136,137,139,140,141,145,150,152,154,155,158,161,163,164,166,168,170,172,175,178,179 "9";
10 81 0 8,15,26,40,43,66,75,95,107,119,122,130,145,158,164,171 "10";
11 28 1 0,2,4,6,11,22,28,30,31,36,37,41,45,48,49,50,51,54,56,59,67,71,73,77,85,86,87,90,92,93,95,97,99,100,101,102,104,105,107,111,113,115,116,120,121,125,127,129,130,133,134,135,140,146,149,150,152,154,155,157,160,161,165,168,171,172,173,176,178,180 "11";
12 72 0 11,14,15,18,20,24,28,30,39,47,50,51,57,63,68,69,78,80,88,90,97,100,101,106,110,111,113,116,122,128,132,134,141,144,151,154,159,165,166,169,171 "12";
13 25 1 13,16,38,109,115,127,130,141,168,171,172 "13";
14 141 1 1,2,3,5,6,7,8,10,12,13,15,19,20,21,23,24,29,31,32,35,37,40,43,44,46,47,49,50,53,56,57,58,61,63,65,67,68,71,72,76,77,78,80,82,85,87,88,90,92,95,99,101,102,105,107,108,110,111,112,116,117,119,121,124,126,128,132,134,137,139,142,143,145,148,154,155,159,161,164,166,168,170,172,175,178,179,180 "14";
15 132 1 0,2,5,7,8,13,14,17,21,22,24,26,27,28,30,31,34,36,40,41,44,46,51,54,55,57,60,62,63,65,68,70,71,73,74,75,81,82,83,86,88,90,91,93,94,96,97,100,103,106,110,112,114,116,118,120,121,124,125,126,128,131,133,134,137,139,141,145,147,149,151,153,154,158,160,162,163,165,167,169,171,173,176,178,179,180 "15";
16 128 0 0,1,2,4,5,9,10,17,18,21,22,23,26,28,31,34,36,39,40,41,43,44,51,54,56,61,63,64,66,73,78,80,81,84,86,88,89,90,92,94,97,98,99,101,104,107,116,118,119,121,123,127,129,131,132,134,135,136,138,139,145,146,148,151,152,154,164,166,169,170,172,174,179 "16";
17 49 0 23,26,32,35,37,42,53,57,60,65,67,77,84,93,96,103,116,120,124,125,138,155,164,171,177,178 "17";
18 180 0 2,3,7,16,18,22,26,27,29,37,40,43,55,60,62,66,67,69,72,74,80,82,86,95,96,99,101,104,109,117,118,137,141,148,150,153,154,157,159,161,164,165,169,174,176,180 "18";
19 123 1 3,12,24,30,32,42,47,53,62,67,70,78,102,110,115,117,120,139,145,152,156,179 "19";
20 35 1 3,6,7,9,14,22,23,27,37,43,44,49,54,56,59,64,67,69,74,78,80,83,86,92,94,96,101,104,106,109,112,113,115,116,124,128,131,137,138,146,151,152,153,155,156,158,160,161,163,167,170,174,176,177,178,180 "20";
21 83 0 0,2,4,17,22,27,71,88,100,106,118,131,134,148,172 "21";
22 6 0 6,7,12,14,21,22,23,25,29,30,37,43,47,48,55,57,59,64,67,69,70,72,75,77,80,81,83,84,90,96,97,99,107,111,114,116,117,120,124,131,132,134,137,139,141,142,145,156,163,169,170,171,175,177 "22";
23 36 0 0,1,2,5,7,8,11,12,13,14,19,21,23,24,26,27,28,31,33,35,36,38,39,42,44,46,47,50,52,54,56,57,59,63,64,66,68,72,74,77,80,82,83,85,87,88,91,93,94,95,97,102,104,106,107,108,112,114,116,118,121,122,124,127,130,131,134,136,137,139,141,142,144,146,147,149,150,152,154,155,156,161,163,166,170,172,174,176,178,179 "23";
24 78 0 1,3,7,8,9,16,22,25,30,32,33,37,40,42,43,45,52,53,54,56,58,60,64,65,67,69,72,78,80,81,82,84,86,87,94,99,100,103,105,110,114,118,120,124,125,132,135,138,141,144,148,151,152,155,158,160,171,178,180 "24";
25 140 0 5,8,19,32,38,43,56,57,64,70,73,76,80,85,88,93,98,113,114,119,121,126,129,150,153,157,159,160,163,165,178,179 "25";
26 60 0 0,1,6,7,8,11,14,16,17,18,20,22,24,26,29,31,32,33,36,39,40,43,45,46,48,49,50,52,53,57,58,62,63,66,68,70,72,74,78,79,81,84,85,87,88,91,95,96,98,100,102,103,105,109,111,115,118,122,123,125,126,127,129,131,132,134,135,139,140,142,143,145,146,147,148,150,153,154,157,160,162,164,166,168,170,173,174,176 "26";
27 127 0 0,1,5,9,17,20,25,26,30,31,33,34,36,38,39,43,44,55,56,60,70,71,78,81,85,88,89,99,103,106,111,112,119,122,135,138,141,143,147,151,157,167,168,169,171,173,174,176,177,179,180 "27";
28 57 0 0,58,62,78,86,172 "28";
29 80 1 6,17,29,33,70,77,89,93,98,112,115,124,154,162,165 "29";
30 3 1 0,3,5,10,13,17,21,22,27,29,32,36,42,45,48,51,52,53,57,58,59,65,66,71,83,88,89,90,92,94,97,98,102,105,112,120,122,123,127,128,133,141,142,144,147,150,153,156,158,161,162,166,170,172,173,175,177 "30";
31 64 1 0,3,5,16,20,30,34,41,45,48,50,51,69,76,81,91,100,104,107,114,117,122,135,141,144,147,153,156,171,173 "31";
32 144 0 27,66,178 "32";
33 46 0 0,1,4,5,7,9,12,14,15,18,29,32,33,35,39,46,49,51,54,56,57,62,69,71,79,83,84,95,97,99,102,106,109,110,113,117,119,120,121,124,126,128,131,133,140,143,147,156,159,164,166,169,174 "33";
34 4 1 2,4,7,11,14,22,28,30,31,33,35,36,39,43,48,52,54,56,58,60,64,70,72,74,75,77,81,83,85,88,90,91,94,96,108,109,112,117,120,122,124,125,131,134,139,140,146,153,155,156,158,162,163,168,169,172,174,176,177 "34";
35 172 0 0,7,13,22,25,31,33,34,48,51,57,59,63,67,73,79,88,90,99,104,108,114,118,123,127,130,134,137,140,147,148,152,155,169,172,175,179 "35";
36 118 1 4,7,17,21,25,28,42,54,62,64,74,77,80,91,93,102,115,117,124,138,146,148,160,174 "36";
37 8 0 6,12,16,21,23,26,38,40,42,47,56,59,63,64,66,77,79,80,82,87,92,94,106,107,111,113,115,118,121,122,124,126,133,142,145,147,160,166,178 "37";
38 108 1 2,4,5,6,10,11,14,16,17,19,21,22,28,31,33,34,37,38,42,44,45,49,51,53,55,56,58,60,62,63,66,68,70,72,74,76,79,80,81,84,86,88,89,90,92,95,96,98,99,100,101,103,105,108,111,112,115,118,119,121,123,125,126,128,129,131,133,134,135,136,142,143,145,150,151,152,154,156,158,161,167,168,169,171,172,174,175,180 "38";
39 130 0 0,1,10,12,13,15,17,18,20,23,26,27,30,31,35,36,40,42,43,45,48,51,53,56,57,58,61,65,68,70,72,74,78,83,84,87,91,95,97,101,104,109,112,113,116,118,120,123,125,126,128,132,136,138,141,143,145,147,152,156,158,162,163,165,167,169,170,172,173,175,176,177,179 "39";
40 110 0 0,2,5,10,13,15,17,21,24,26,28,29,31,32,34,36,37,38,40,45,47,49,50,51,53,55,58,60,62,63,65,66,68,72,75,76,81,82,84,87,89,93,94,98,100,104,105,108,110,112,114,116,118,122,125,130,135,137,141,143,145,147,148,150,151,152,154,155,157,158,160,162,163,165,168,170,171,173,175,177,178,180 "40";
41 58 1 1,2,3,5,6,7,8,9,12,13,14,17,19,23,26,28,29,30,32,34,36,40,42,44,45,46,48,51,53,55,57,60,62,63,65,66,70,73,74,76,77,79,82,83,84,86,88,91,95,98,103,105,109,110,111,115,116,120,121,122,124,126,132,139,140,142,144,145,148,150,151,153,155,157,159,162,163,165,166,167,168,172,174,178,179 "41";
42 83 1 5,31,34,90,96,98,108,110,117,132,141,145,166,174,176 "42";
43 168 0 0,1,3,16,21,24,27,34,35,37,43,45,47,50,54,55,56,58,62,66,68,70,75,78,82,83,86,91,93,96,99,101,105,109,114,119,121,123,124,127,130,132,135,139,141,143,144,149,158,161,164,166,171,173,174,176,179 "43";
44 169 1 17,22,26,29,31,32,41,42,45,48,54,60,62,64,67,72,76,81,93,99,100,102,106,109,116,118,120,126,130,131,134,136,137,140,141,145,146,151,153,165,167,169,171,176,180 "44";
45 18 0 4,8,10,15,17,18,22,25,33,35,38,40,42,49,50,54,59,64,66,67,72,73,75,77,80,82,86,87,89,92,95,98,101,102,104,106,108,110,113,114,116,118,128,131,134,136,139,143,144,147,149,150,153,155,157,166,175,176,179 "45";
46 84 1 21,28,31,35,41,46,49,71,76,80,83,96,129,134,136,139,141,146,150,152,154,158,162,163,177,179 "46";
47 31 0 11,15,20,22,29,41,57,71,73,76,80,109,115,130,132,139,148,164 "47";
48 110 1 7,15,17,22,25,29,36,38,40,41,45,52,56,57,60,79,84,118,125,134,138,139,151,165,166,169,171,178,180 "48";
49 56 1 27,56,107,111,152 "49";
50 46 0 1,3,4,5,7,10,11,13,14,17,18,21,22,24,26,28,30,32,35,39,41,42,44,45,49,51,52,58,59,61,62,64,66,69,70,72,75,76,78,80,83,86,88,93,94,97,99,101,108,113,115,119,120,124,127,134,136,139,141,142,144,150,160,161,165,167,170,172,179 "50";
51 35 1 4,8,20,26,37,43,56,66,75,77,81,83,104,105,111,123,125,131,139,142,145,159,160,161 "51";
52 181 0 5,8,12,14,20,34,38,40,47,54,57,58,61,65,70,79,81,84,85,87,88,90,93,95,97,100,104,111,113,119,126,128,130,141,158,159,166 "52";
53 46 1 0,1,4,8,12,15,17,19,21,23,25,27,29,32,35,36,37,39,40,43,49,51,52,55,58,59,62,65,66,67,70,72,74,76,78,80,83,86,87,88,90,91,94,96,100,102,103,107,108,110,111,113,116,117,119,120,123,125,126,127,128,130,132,135,138,139,141,144,145,147,148,150,152,157,158,159,160,165,167,169,171,175,176,178 "53";
54 18 1 1,4,5,8,13,15,17,18,26,30,31,33,35,37,38,39,43,46,49,50,55,58,62,65,68,70,73,75,81,85,89,92,96,98,100,102,103,110,115,118,126,129,137,138,144,145,148,153,159,163,169,172,173,178 "54";
55 18 1 5,9,24,28,36,43,45,50,75,78,88,90,97,109,123,150,154,171,173,175,176,178 "55";
56 113 0 5,6,11,12,20,25,27,28,31,34,36,40,47,50,58,61,66,69,71,73,76,79,82,85,86,88,89,91,95,98,100,104,108,110,113,117,118,120,125,129,134,141,151,153,155,157,163,166,178 "56";
57 78 1 0,1,2,4,5,12,13,17,19,21,22,23,25,26,27,28,31,36,37,38,40,41,47,49,50,54,57,58,60,63,65,66,68,71,74,82,83,85,86,89,91,92,95,98,100,103,105,109,113,116,122,123,125,126,128,129,131,132,133,136,137,140,143,144,146,147,149,150,151,152,154,156,158,159,164,165,167,169,170,178,179,180 "57";
58 126 0 0,2,5,7,8,9,11,13,14,15,17,18,21,22,23,26,27,29,30,35,38,39,41,43,48,52,54,56,58,67,69,74,75,77,79,80,83,84,85,88,90,93,95,98,101,102,104,107,109,110,114,115,122,128,129,131,134,137,140,142,144,148,150,151,157,159,161,164,165,167,168,171,173,176,177 "58";
59 76 1 3,6,7,9,11,12,14,18,19,20,21,22,23,26,29,30,32,34,35,37,40,41,43,50,52,55,57,59,61,62,64,67,69,70,72,74,78,82,84,86,89,92,95,97,99,101,104,105,108,110,111,112,114,116,118,120,121,128,132,133,134,135,137,138,140,142,144,145,146,147,149,151,154,157,159,164,165,168,172,174,175,179 "59";
60 117 1 1,5,6,7,11,15,16,22,24,25,29,36,39,41,43,45,46,48,53,57,60,62,63,65,66,69,70,71,73,77,81,82,84,87,88,91,92,94,96,98,101,104,107,110,114,117,118,120,121,123,125,129,130,134,137,142,146,149,150,151,152,154,158,160,164,165,167,168,170,171,173,175 "60";
61 134 1 35,47,56,58,73,99,127,128,142,148,149,153,161,173 "61";
62 87 1 55,87 "62";
63 12 1 5,11,14,24,30,44,48,53,60,67,72,75,78,79,81,89,95,97,104,107,109,111,122,126,135,141,142,147,151,155,156,160,166,170,175,176,177 "63";
64 116 1 3,8,12,16,19,20,22,24,25,27,28,32,37,38,39,41,46,47,50,54,58,62,63,66,67,72,77,81,82,85,86,89,92,94,97,102,105,107,109,111,117,120,122,124,127,129,131,137,138,139,141,143,146,149,161,165,167,168,169,173,176,179,180 "64";
65 148 1 0,2,4,7,10,11,13,14,17,22,27,28,31,32,34,36,41,44,49,52,54,55,58,59,60,64,68,73,74,80,83,86,87,88,90,96,98,99,101,103,105,107,111,114,119,123,130,134,139,142,151,152,154,156,158,159,160,162,163,165,170,175 "65";
66 99 0 9,19,23,25,28,37,40,45,47,61,70,88,114,116,117,121,130,134,135,138,149,153,161,169,174,180 "66";
67 56 1 1,3,5,11,13,15,18,20,21,24,28,29,31,32,36,40,42,43,45,49,54,56,62,64,67,70,73,76,79,82,91,92,98,102,106,107,109,112,113,116,123,124,128,133,142,145,150,151,154,158,162,164,166,168,169,171,180 "67";
68 58 0 0,4,7,10,14,16,22,25,30,33,37,42,44,50,51,54,56,61,64,66,69,75,77,79,83,86,88,89,93,94,96,98,101,103,107,108,110,116,118,122,123,129,130,134,136,153,155,158,161,162,163,165,168,170,173,174,179 "68";
69 71 0 0,2,5,8,11,12,16,19,20,22,24,26,29,32,36,41,43,46,47,60,62,64,67,71,80,85,87,89,94,95,97,99,102,104,106,108,109,110,116,117,118,120,123,124,134,136,144,146,148,150,154,158,160,165,170,171,173,178 "69";
70 133 0 0,4,11,27,29,38,39,42,47,48,52,54,62,64,68,72,75,77,80,107,108,112,116,121,128,131,133,137,138,148,150,159,161,167,170,172,174,178 "70";
71 94 0 0,2,3,7,8,9,10,13,14,24,27,30,31,32,34,36,40,43,44,45,46,48,49,50,54,55,59,61,63,64,68,69,70,71,76,78,81,86,87,90,93,94,95,98,101,104,106,107,109,114,116,120,121,123,126,127,129,130,131,133,134,136,137,140,142,143,147,150,154,156,160,162,164,166,167,169,170,171,175,176,180 "71";
72 39 0 2,9,12,13,31,78,86,103,107,129,151,153,163,164,169,171,172,173,178 "72";
73 12 1 0,3,11,14,16,18,21,23,27,32,37,41,42,48,49,56,60,62,64,65,68,69,72,74,77,79,85,86,92,95,101,106,112,120,122,133,138,141,145,148,150,153,155,157,158,159,161,163,165,166,169,171,173,180 "73";
74 53 1 1,74,117,139 "74";
75 127 1 2,8,14,24,25,28,33,45,49,52,55,58,60,66,89,93,97,102,106,110,117,123,137,140,141,142,148,149,167 "75";
76 5 1 60,77,84,111,145,149,155,158,169,180 "76";
77 148 0 1,15,20,55,74,111,120,123,143,151,156 "77";
78 82 1 0,3,13,25,28,34,45,61,66,68,72,74,88,90,92,94,103,107,112,119,120,122,126,129,130,132,133,139,143,151,162,163,170,171,178,180 "78";
79 31 0 2,6,10,16,21,23,27,38,42,43,47,50,51,58,61,73,75,86,93,94,107,114,117,118,133,138,141,146,155,161,167,175,179 "79";
80 170 0 3,7,9,11,16,19,22,23,30,31,37,43,44,46,51,53,56,58,67,78,83,85,88,90,99,102,110,111,114,117,119,129,130,135,139,141,143,146,152,156,157,159,163,171 "80";
81 94 0 0,4,6,12,20,28,35,37,44,47,52,54,67,69,74,77,79,82,85,91,94,96,98,105,107,121,122,129,131,134,149,155,159,178,180 "81";
82 63 0 118,128,139,155,177 "82";
83 104 0 10,23,28,30,35,57,64,71,72,82,90,100,105,114,120,126,128,129,134,136,141,151,155,157,158,165,170,173,179,180 "83";
84 58 0 2,3,9,10,13,14,17,21,22,24,25,33,37,39,40,43,50,52,55,60,68,69,71,73,77,79,80,81,85,86,92,94,99,102,105,106,107,110,115,117,121,124,125,128,131,133,142,145,147,149,150,155,157,160,165,166,168,170,171,173,175 "84";
85 158 0 0,1,3,5,7,8,11,18,19,22,24,25,27,32,36,38,40,41,43,45,47,49,51,53,55,57,59,60,63,64,65,67,68,69,70,80,81,83,88,90,92,93,95,97,99,102,103,105,107,110,112,113,115,117,118,120,122,124,129,130,132,133,134,135,138,139,142,143,145,148,153,156,157,158,160,161,165,167,169,172,174,175,176,179,180 "85";
86 123 1 3,9,22,32,33,40,42,44,52,55,60,62,72,74,77,83,93,96,97,102,104,108,111,124,125,129,132,133,146,152,155,161,170,176 "86";
87 139 1 89,173 "87";
88 106 0 18,27,33,36,37,63,83,85,87,124,146,148,153,155,167,170,178,180 "88";
89 47 0 21,23,36,38,40,48,95,97,98,111,138,147,163,176 "89";
90 65 1 1,2,3,4,6,9,14,18,21,24,25,29,32,35,36,38,41,42,44,48,50,54,56,57,66,69,75,77,79,81,85,92,93,96,97,101,104,105,106,108,109,111,112,119,123,126,127,128,130,137,140,144,145,146,149,151,154,155,156,159,162,164,168,169,171,173,175,176,177,178 "90";
91 70 1 2,5,7,9,15,17,26,30,33,35,39,42,43,54,55,56,60,63,64,67,71,73,75,80,82,85,87,89,90,94,96,99,111,117,123,124,127,133,135,137,140,142,148,153,155,162,164,167,169,171,173,177,180 "91";
92 24 1 1,3,4,7,9,12,14,15,28,30,36,39,48,51,52,55,57,60,61,65,69,71,75,76,79,80,82,84,85,88,90,93,98,101,104,107,109,116,118,120,121,122,125,127,130,133,134,137,138,142,145,147,154,157,159,165,166,169,176,179 "92";
93 51 0 1,3,4,5,6,7,8,10,11,12,14,16,17,20,26,28,31,34,36,38,43,46,48,49,51,52,53,57,59,63,64,66,68,70,73,76,78,80,81,83,84,86,88,89,91,95,96,98,99,101,102,103,105,108,110,111,113,114,117,118,120,122,123,125,126,135,138,140,141,143,144,146,147,149,150,152,153,155,157,159,160,161,162,165,166,168,169,171,178,180 "93";
94 21 0 2,8,15,17,26,28,29,30,33,37,41,43,44,53,56,61,68,72,81,82,85,94,98,101,107,114,120,128,138,140,141,147,158,160,162,164,166,170,173,176,180 "94";
95 122 1 2,4,21,22,28,34,42,46,48,52,55,64,72,73,75,81,86,88,91,99,101,104,108,116,129,133,139,159,163,171,180 "95";
96 112 0 0,1,3,7,9,11,18,19,23,25,28,30,31,32,33,36,40,42,44,45,46,47,49,50,51,53,55,57,59,62,65,66,68,71,76,79,80,82,83,90,93,94,96,99,100,102,104,106,112,113,117,119,121,127,130,131,134,137,139,140,142,144,147,148,152,156,160,164,166,169,170,172,174,175,177 "96";
97 41 1 10,18,22,25,29,31,32,35,38,49,53,58,62,65,66,73,75,78,87,97,105,113,114,122,125,128,136,139,157,159,161,164,166,167,168,171 "97";
98 112 0 14,18,46,47,54,58,60,66,72,80,94,105,128,138,143,146,149,156,162,171,175 "98";
99 94 0 0,2,5,7,14,15,16,17,19,22,23,24,27,29,31,32,36,38,39,41,47,48,50,51,54,55,57,58,59,62,64,66,67,71,74,76,78,81,83,86,91,92,96,98,102,103,105,107,109,111,113,114,117,118,120,123,124,125,127,133,138,140,141,143,144,146,148,150,151,152,154,157,159,163,164,167,171,172,174,175,178,179,180 "99";
100 21 1 2,10,16,19,23,30,34,37,45,53,54,60,64,65,68,94,103,110,116,117,123,132,138,140,147,153,158,178,179 "100";
101 25 0 0,1,3,6,7,11,12,15,16,18,34,36,42,44,47,53,55,57,58,60,61,65,67,76,78,80,85,86,93,94,95,96,99,104,105,106,109,113,116,117,118,121,122,124,130,132,133,136,137,139,140,143,149,151,152,154,156,158,161,163,164,165,167,168,169,171,174,178,180 "101";
102 77 0 4,8,9,12,13,15,17,21,22,30,32,36,38,44,55,56,62,65,69,70,73,75,76,78,79,86,88,89,90,93,95,97,99,101,106,110,131,133,134,137,144,147,148,149,154,156,157,165,166,168,169,170,171,173,175,176,177,179 "102";
103 6 1 3,5,11,14,20,23,28,48,49,51,56,59,63,66,67,75,76,78,82,84,85,86,91,93,96,103,105,108,111,114,116,120,123,126,132,134,138,140,145,152,154,158,159,161,162,167,171,175,177,180 "103";
104 120 0 4,10,14,16,20,22,24,29,38,40,44,47,49,50,52,57,60,61,64,65,84,88,90,92,94,101,105,106,107,109,110,112,129,131,132,137,146,148,150,152,154,156,157,162,165,167,168,169,172,179,180 "104";
105 133 0 3,9,12,17,21,25,29,36,39,41,43,50,51,56,62,66,69,70,75,79,81,82,86,87,94,96,101,108,110,115,119,124,134,137,139,146,150,152,153,155,156,157,160,163,172,175,180 "105";
106 70 0 0,2,4,10,13,15,20,21,24,25,26,28,29,30,33,34,37,38,40,41,43,44,47,48,51,53,55,57,60,63,65,67,68,75,76,78,79,82,83,84,86,88,90,92,94,96,98,99,101,102,103,109,111,114,115,117,118,120,121,125,127,129,130,135,140,142,143,144,146,152,153,156,158,160,161,162,165,166,168,169,170,172,175,176,178,179 "106";
107 180 1 0,1,7,8,11,14,16,17,20,22,24,25,27,29,30,31,34,35,37,40,41,44,46,49,50,51,52,55,57,59,62,65,66,70,71,72,74,77,78,82,83,87,88,90,91,92,95,96,97,101,103,104,106,111,116,119,123,124,126,128,129,131,132,134,135,140,142,143,145,146,147,150,152,154,156,158,159,160,162,164,166,167,168,171,173,176,180 "107";
108 70 0 3,5,7,9,12,13,16,21,25,29,32,33,35,36,39,41,47,48,51,53,54,55,57,58,60,61,63,64,67,69,70,71,76,77,80,84,85,86,95,98,100,102,103,105,108,109,111,114,117,118,120,123,124,130,136,139,143,144,146,147,149,153,155,156,159,162,167,169,171,176,179 "108";
109 161 1 8,10,12,20,52,56,58,60,64,70,72,75,78,93,95,99,100,127,137,140,152,159,162,168,169,175 "109";
110 48 0 2,3,5,6,7,12,14,18,24,27,29,31,33,35,42,47,48,50,52,54,56,57,60,62,63,65,69,72,73,74,75,78,80,81,82,84,86,91,95,97,99,103,104,107,114,117,118,120,121,122,124,126,129,131,132,134,136,141,146,147,150,151,152,155,157,158,159,165,169,172,175,177 "110";
111 76 0 2,5,6,12,16,21,23,27,31,37,40,41,42,44,56,58,59,61,68,70,72,73,77,83,85,86,89,90,93,96,99,100,104,108,109,111,112,116,117,124,126,129,131,132,133,135,137,138,140,141,143,145,147,149,153,160,163,164,165,166,167,169,170,173,175,177,180 "111";
112 152 0 6,8,10,12,13,15,22,27,33,48,50,51,53,54,59,64,74,83,85,96,97,99,101,104,105,113,118,128,140,145,147,151,156,161,173,175 "112";
113 19 0 4,6,12,15,18,21,23,26,28,29,31,34,40,50,54,56,59,61,64,66,70,72,76,80,82,90,92,96,97,102,107,112,117,121,122,124,127,129,136,141,145,147,148,150,151,160,162,164,172,173,178 "113";
114 153 1 3,5,7,13,16,19,21,22,24,25,26,28,29,30,33,35,38,41,43,44,45,46,47,49,53,55,57,60,61,64,66,69,71,73,77,80,84,85,87,89,92,95,96,98,101,103,106,107,110,113,114,115,117,119,121,123,124,126,128,134,135,137,139,141,143,145,149,150,151,152,153,155,157,160,161,162,164,167,168,170,171,175,176,180 "114";
115 25 1 5,6,9,11,14,16,17,19,23,24,26,27,29,31,33,35,39,41,43,45,48,49,50,54,56,58,59,61,62,63,64,65,67,70,73,76,78,81,84,87,89,90,91,94,95,96,98,101,102,105,109,111,116,119,121,122,124,125,129,130,133,134,136,137,139,144,145,148,149,150,151,154,155,156,160,163,166,170,172,174,177,178,180 "115";
116 94 0 1,2,5,9,11,12,14,15,17,18,22,23,25,27,30,32,37,38,44,46,47,48,52,54,57,58,61,62,63,65,67,68,70,74,76,77,79,82,83,84,87,88,90,91,96,97,99,101,103,105,106,110,112,113,117,120,122,124,128,130,131,133,136,140,146,147,148,149,155,162,163,166,167,168,170,171,173,174,177,178 "116";
117 142 1 0,1,2,4,8,10,12,16,17,18,20,22,23,25,26,27,28,30,32,36,37,42,44,45,47,50,52,53,55,57,59,61,62,64,69,70,71,72,74,75,80,83,84,86,87,89,92,94,96,99,100,102,105,106,108,109,113,114,117,118,120,122,123,125,126,128,130,131,133,134,136,140,141,144,145,147,148,151,155,156,158,160,162,164,167,172,174,175,177,178,180 "117";
118 22 1 2,4,6,7,9,11,14,16,18,19,21,23,25,27,28,31,33,34,38,39,41,43,44,48,50,51,52,54,55,56,60,62,64,69,70,73,74,75,80,83,84,86,88,89,92,93,95,98,99,101,102,104,107,109,112,113,115,117,118,120,122,124,126,129,131,134,135,137,138,140,141,142,143,146,148,150,152,155,156,157,161,162,164,166,169,171,172,174,176,179 "118";
119 39 1 0,2,7,9,11,12,13,14,16,18,19,20,25,27,29,31,32,34,35,38,40,42,43,46,48,52,58,60,65,67,69,70,73,77,78,79,80,83,87,89,91,96,98,100,102,104,111,113,114,115,117,122,124,126,127,129,130,132,134,135,137,140,141,142,144,145,147,149,152,155,156,158,160,163,164,166,168,170,176,179,180 "119";
120 82 0 8,17,35,58,70,76,107,133,138,154 "120";
121 142 0 2,4,5,6,7,15,16,18,22,24,26,27,33,36,38,39,46,47,52,54,55,57,59,60,63,64,68,70,71,72,76,78,79,83,86,88,89,91,95,97,100,101,103,106,109,119,123,125,129,135,136,138,139,141,142,144,146,149,151,152,153,154,158,159,161,164,168,169,170,172,175,178 "121";
122 97 1 1,2,4,6,11,12,18,20,25,34,36,43,48,57,64,66,67,69,77,80,81,82,84,88,90,91,94,99,100,102,109,110,120,126,128,135,138,142,143,156,158,159,161,165,167,172 "122";
123 101 0 3,4,16,23,27,33,40,43,50,56,59,67,72,85,92,99,104,106,119,124,129,132,142,144,149,152,160,170 "123";
124 173 1 0,2,3,6,8,9,11,12,13,15,16,20,21,24,25,27,32,33,37,38,40,41,43,44,48,51,52,55,60,62,66,69,71,73,74,78,80,82,88,91,94,98,99,101,103,104,106,108,109,111,114,116,117,119,121,122,126,127,129,132,133,136,143,145,149,150,152,155,156,159,163,166,167,168,170,173,174,175,177,178 "124";
125 10 1 1,2,4,7,9,10,11,13,14,17,18,21,22,23,26,28,29,31,34,35,36,43,44,45,51,54,56,58,61,63,64,67,69,70,72,75,76,79,81,82,84,85,87,89,90,94,96,101,102,104,105,107,108,110,113,117,119,120,125,129,130,131,133,134,136,138,140,142,144,145,147,148,149,151,153,154,158,161,162,168,169,173,175,177,178,180 "125";
126 146 1 1,3,4,6,9,14,16,18,21,23,29,30,32,34,36,37,42,45,47,49,50,52,53,55,58,61,62,65,68,69,71,76,77,78,79,82,84,85,87,90,92,93,94,95,99,102,106,108,110,112,114,115,118,119,121,125,129,137,138,140,142,143,144,147,148,150,151,154,156,157,159,161,162,163,165,166,167,169,171,172,174,175,177 "126";
127 174 0 2,4,7,11,18,20,29,33,39,47,48,55,57,61,65,66,73,75,78,81,85,87,90,93,96,100,103,104,106,109,114,117,118,121,126,128,135,138,150,151,163,172,176,180 "127";
128 45 1 5,10,26,42,61,76,82,90,94,103,106,128,133,144 "128";
129 118 1 2,5,10,15,17,18,23,30,33,43,45,52,55,56,59,70,79,83,87,90,95,99,105,118,120,123,125,131,136,142,145,151,152,154,156,160,161,167,170,174,179 "129";
130 3 0 15,17,22,28,31,37,51,58,67,72,77,82,85,89,94,100,107,116,124,129,154,160,166,177,178 "130";
131 125 0 4,6,7,8,11,12,14,16,17,21,22,25,30,37,38,40,41,45,46,47,49,50,52,53,55,56,63,64,66,68,72,76,81,85,88,90,91,95,99,101,103,104,106,108,109,112,115,117,118,120,125,128,130,131,132,136,140,142,145,147,150,152,154,156,157,160,162,164,169,171,174,176 "131";
132 113 0 3,7,11,19,22,28,39,54,79,89,98,103,113,117,134,135,140,160,169,171,174 "132";
133 123 1 1,3,7,9,12,15,16,18,20,22,25,31,33,35,36,42,46,48,50,53,54,56,58,62,64,65,68,71,75,76,77,78,81,83,85,86,88,92,94,98,101,104,106,107,110,113,116,117,119,120,122,128,130,132,133,134,143,144,146,147,149,151,156,157,159,160,162,168,169,170,172,173,176 "133";
134 84 1 14,19,29,42,48,52,54,59,60,63,66,68,76,84,114,123,124,130,135,136,141,161,166,174,177,179 "134";
135 98 1 0,3,5,6,9,10,14,16,20,22,23,25,26,28,29,30,32,34,36,39,41,44,45,47,48,51,54,56,61,64,65,67,70,71,72,75,76,78,79,80,85,86,89,91,93,94,101,102,107,108,109,113,115,116,117,123,126,128,129,130,132,134,135,136,138,141,143,146,147,148,149,153,154,157,158,162,163,165,166,168,170,173,175,177,179,180 "135";
136 111 0 1,3,6,10,16,27,29,36,41,44,50,55,60,63,69,78,80,86,88,95,103,106,107,110,111,118,130,132,134,138,140,153,157,161,163,165,167,177,179 "136";
137 131 0 1,4,6,8,11,15,18,25,27,29,33,35,37,41,45,47,51,53,55,56,57,59,64,68,69,71,74,75,76,78,80,83,87,89,91,96,98,102,104,105,109,110,112,118,121,123,129,131,133,137,138,144,146,150,152,154,158,160,162,163,166,172,179 "137";
138 177 1 0,2,12,13,19,20,23,24,25,27,29,35,40,47,49,51,56,57,59,61,64,66,67,68,73,78,79,82,83,84,87,89,91,96,103,104,106,109,110,111,117,119,123,125,128,129,131,133,135,139,143,145,147,158,160,162,165,169,173,177,179,180 "138";
139 50 0 1,2,3,14,16,17,19,21,22,25,26,27,30,32,34,38,42,44,47,50,53,56,63,64,65,73,75,80,85,86,90,91,93,95,96,100,102,104,107,111,113,115,116,119,120,122,124,126,128,130,132,133,134,136,138,145,147,148,150,152,155,158,159,161,163,164,165,166,168,170,172,173,177,179,180 "139";
140 64 1 63,99,119 "140";
141 162 1 0,2,6,8,10,11,16,18,23,24,26,28,29,32,33,36,38,40,42,45,50,52,53,54,56,57,59,61,65,71,81,83,84,86,92,94,96,98,99,101,102,105,107,114,116,118,121,123,126,133,137,139,140,142,143,146,150,151,153,155,159,161,164,166,167,169,170,179 "141";
142 84 0 1,4,11,12,17,26,32,37,42,44,45,50,52,54,60,68,89,93,97,100,101,105,110,116,126,128,132,138,143,148,153,156,157,159,163,167,170,172 "142";
143 177 0 7,16,29,41,43,46,54,82,94,98,100,108,111,119,129,141,148,160,165,169,170,171,179 "143";
144 93 1 0,3,4,6,8,10,16,19,24,26,28,29,31,34,35,38,39,41,48,50,52,54,56,60,63,65,67,72,75,79,81,82,85,87,88,91,94,97,98,101,102,104,110,112,115,117,119,121,122,124,126,129,130,132,133,137,139,140,145,148,150,152,155,156,159,161,162,163,165,166,167,170,172,174,175,176 "144";
145 71 0 0,4,6,9,13,14,16,17,19,22,23,27,28,30,31,35,40,43,44,50,57,61,62,65,70,75,77,81,83,85,88,89,91,94,97,99,100,102,105,106,108,112,114,119,120,122,124,126,129,131,135,138,143,146,148,150,155,157,161,163,167,169,171,172,175 "145";
146 8 1 0,11,18,22,29,55,68,70,72,74,77,95,109,113,115,117,147,159,170 "146";
147 1 1 3,4,8,10,24,26,29,35,40,46,51,53,56,63,64,67,68,72,76,77,81,82,83,89,90,93,95,99,101,106,108,112,114,115,123,126,137,138,142,143,145,148,159,161,165,168,170,177,180 "147";
148 108 1 0,3,7,8,9,11,12,16,18,19,22,23,29,32,33,35,40,44,46,52,54,56,57,60,63,65,66,72,73,75,79,82,83,84,86,88,92,97,98,100,101,103,105,108,111,112,115,116,118,120,123,124,127,128,132,138,142,144,145,146,148,149,152,153,155,158,159,162,166,168,169,170,172,174,176,178,180 "148";
149 110 1 1,2,15,17,25,27,35,38,40,49,50,60,65,69,82,91,93,104,107,115,118,131,133,136,137,151,164,166,167,169,171,177 "149";
150 82 0 0,5,7,8,12,21,24,25,27,28,29,30,34,36,40,42,44,49,51,52,54,56,59,62,63,64,65,66,70,78,82,84,85,87,92,95,99,103,104,106,108,109,110,112,114,115,116,119,120,121,123,124,125,128,130,131,138,142,144,146,150,151,154,156,161,164,165,168,171,174,176,177,180 "150";
151 167 1 3,6,7,10,14,15,19,22,23,24,29,36,41,46,55,58,61,66,72,77,79,84,86,88,93,95,98,103,104,107,109,115,122,125,146,147,153,154,161,162,165,169,171,173,176 "151";
152 56 0 1,7,8,12,15,17,20,27,30,37,45,55,59,64,71,78,79,81,89,102,106,108,117,134,136,140,141,148 "152";
153 126 0 7,52,68,70,73,77,88,103,107,111,144,158,160,176 "153";
154 132 1 0,5,7,9,12,14,15,24,25,27,29,30,31,34,36,42,44,47,51,52,53,55,58,59,61,63,65,69,71,72,73,75,76,78,79,83,86,88,92,95,97,99,101,103,106,108,110,111,117,119,121,122,124,125,127,128,132,137,139,141,148,150,152,158,164,166,170,171,173,174,175,176,178 "154";
155 2 1 74,126 "155";
156 16 0 0,4,6,9,10,13,15,21,23,27,28,30,31,33,35,37,40,43,45,49,50,54,56,58,59,62,65,67,68,72,75,76,78,82,85,87,88,91,93,95,97,99,103,105,107,109,113,114,120,121,123,125,130,131,133,136,138,140,142,144,147,154,155,158,162,164,165,166,169,170,176,178 "156";
157 67 1 4,8,18,23,25,28,38,41,44,47,52,53,67,68,72,75,79,80,94,97,103,114,124,130,143,146,150,155,160,162,166,171,172,180 "157";
158 178 0 2,4,5,6,8,11,13,14,15,17,18,19,21,22,24,28,31,32,34,36,37,39,41,46,50,52,54,56,59,62,64,65,68,70,71,72,75,77,79,80,81,85,86,89,90,93,96,99,103,104,106,109,111,113,114,116,118,119,123,124,126,127,130,134,140,142,143,144,148,149,152,154,155,157,158,160,163,164,173,174 "158";
159 115 1 1,6,9,12,14,16,22,35,36,37,48,51,54,55,59,62,64,65,67,80,85,87,88,90,96,97,106,108,112,115,116,118,123,126,127,129,130,133,142,151,154,156,159,161,164,172,175,177,179,180 "159";
160 159 1 3,17,18,20,24,28,31,33,36,43,45,48,52,55,58,61,64,67,75,82,87,89,92,95,98,102,105,112,119,124,131,133,137,153,168,172,174,175,177,178,180 "160";
161 105 1 7,20,29,33,34,44,62,74,77,81,91,94,99,118,123,132,133,135,139,144,151,162 "161";
162 18 0 0,2,4,7,9,13,16,22,24,28,30,32,34,35,37,40,47,49,51,52,54,55,57,60,62,67,70,71,73,76,78,82,84,86,88,90,92,94,98,99,102,104,105,109,112,114,117,119,120,122,124,126,128,129,130,131,133,135,136,139,142,144,148,150,152,154,158,160,163,164,166,168,170,173,177,179,180 "162";
163 33 0 0,3,5,8,11,13,16,20,21,25,27,29,31,37,39,43,45,47,51,52,54,57,61,66,74,76,81,83,84,88,91,97,99,101,108,109,113,116,119,121,131,136,138,149,151,156,157,158,159,160,163,169,173,174,177 "163";
164 7 1 7,13,17,26,28,35,39,43,46,47,50,66,72,79,81,90,93,102,108,110,122,132,136,140,142,143,154,156,161,164 "164";
165 155 0 22,25,80,124,144,162 "165";
166 55 1 0,1,3,5,7,9,10,13,14,16,17,19,20,22,24,26,28,30,31,32,34,35,39,42,44,46,51,53,56,58,60,62,64,65,67,68,70,72,75,77,79,81,83,84,87,88,90,92,94,96,99,102,105,106,110,113,114,116,117,118,120,122,124,126,128,130,132,134,135,137,138,139,140,142,145,147,150,151,153,156,157,162,166,167,170,172,173,175,176,178,180 "166";
167 55 0 0,1,2,6,9,13,15,22,25,29,32,38,39,43,46,48,50,52,53,55,58,64,68,72,73,75,76,79,82,83,84,96,101,103,104,105,110,115,118,120,121,124,127,129,131,136,139,146,151,153,155,160,164,165,167,168,170,171,173,175 "167";
168 38 0 0,7,8,11,12,16,22,24,26,31,37,39,48,53,71,79,81,87,91,98,102,103,107,122,129,134,141,142,150,151,154,156,158,161,168,170,178 "168";
169 33 0 0,1,3,18,28,40,43,50,61,64,65,69,71,75,79,81,90,92,98,103,112,115,125,128,132,135,138,140,149,150,167,172,173,178 "169";
170 127 0 1,6,12,15,17,20,24,26,30,39,41,43,44,46,47,49,51,53,55,58,60,67,71,73,78,82,84,85,87,88,92,93,96,97,101,103,105,107,109,112,118,124,129,133,135,139,141,143,145,148,149,157,160,162,168,169,171,174,178 "170";
171 67 0 6,13,16,25,33,47,53,57,67,68,70,72,80,83,87,91,98,102,103,107,109,110,124,133,141,148,159,167 "171";
172 3 1 1,5,7,9,11,13,14,16,17,18,20,23,29,32,34,36,39,41,42,45,47,48,50,52,55,58,60,63,66,68,70,71,72,74,75,77,79,80,81,82,86,90,94,96,97,99,101,103,104,105,108,110,111,114,115,116,118,122,125,126,128,129,130,132,134,135,137,138,140,142,143,144,147,149,150,152,153,156,158,162,164,165,166,168,170,171,172,174,175,177,179 "172";
173 61 1 4,7,8,10,11,13,15,18,22,24,27,32,36,37,38,39,41,45,47,50,51,52,53,57,58,59,65,66,68,71,73,75,80,82,86,91,97,100,102,106,109,116,117,118,119,121,123,127,128,130,132,137,139,144,146,148,151,152,154,161,164,165,166,172,174,176,179,180 "173";
174 133 1 0,1,3,4,6,8,11,13,14,15,16,18,19,21,23,25,28,29,30,33,35,36,37,41,43,45,46,48,52,54,56,57,59,60,62,65,68,70,73,74,75,76,78,81,82,84,86,88,90,92,95,96,98,103,106,108,109,112,113,116,117,118,121,123,125,130,131,133,136,139,140,141,143,145,148,149,152,153,156,158,160,164,167,169,170,172,173,174,180 "174";
175 35 0 8,10,16,20,21,30,35,37,50,61,66,70,74,79,82,85,87,95,97,99,110,113,121,125,128,129,152,161,164,178 "175";
176 71 0 0,2,4,7,8,12,18,21,23,27,29,32,34,37,40,43,49,50,53,56,59,61,62,64,65,71,79,81,87,91,93,95,98,100,101,104,107,110,112,115,125,129,132,134,137,139,142,144,148,149,150,155,156,159,162,164,166,168,170,171,173,177 "176";
177 76 1 10,14,15,17,18,19,25,30,33,38,40,42,46,47,49,52,56,58,67,71,72,80,82,84,85,88,90,94,96,97,98,104,108,110,112,116,121,124,126,131,137,142,144,146,147,149,150,153,155,157,163,168,170,171,173,176,178,180 "177";
178 68 0 0,1,3,10,12,16,26,33,37,40,43,45,51,53,58,61,62,67,69,74,76,77,83,86,90,93,95,98,99,100,103,106,108,113,115,116,119,123,126,131,132,133,139,141,145,147,151,153,156,157,162,163,165,167,171,172,176,178,180 "178";
179 143 1 8,10,17,18,21,24,29,35,36,38,40,46,47,49,52,53,55,56,57,59,61,63,71,72,74,76,77,78,81,83,84,87,88,89,93,95,99,100,107,109,110,113,125,127,128,129,131,132,134,136,137,139,140,142,144,145,147,148,151,156,157,159,163,165,166,168,170,171,173,176,179 "179";
180 35 0 1,3,11,14,16,17,24,26,34,39,42,53,57,60,67,72,75,79,80,84,87,88,93,94,98,103,109,114,115,126,130,144,155,165,166,169,177 "180";
