parity 171;
0 49 1 9,12,13,19,22,24,26,35,38,40,46,47,49,50,52,55,56,66,71,79,96,100,113,114,127,136,138,140,142,144,146,153,162,169,171 "0";
1 104 0 3,16,19,21,22,25,28,34,40,42,44,48,50,56,59,63,66,73,79,93,97,99,112,116,117,120,121,124,125,127,135,138,139,149,151,153,156,163,166,168,169 "1";
2 35 1 2,3,6,7,9,13,15,18,21,24,25,27,28,30,31,37,39,40,42,45,46,48,49,52,55,60,63,70,71,72,73,75,80,81,83,84,86,89,90,91,92,94,95,96,98,101,103,105,106,108,110,112,114,116,118,120,123,129,130,132,133,135,136,141,144,145,147,148,150,152,156,157,163,164,165,167,168 "2";
3 116 1 8,19,37,45,120,148 "3";
4 31 1 7,9,24,25,33,47,56,63,65,90,92,99,100,103,108,113,123,133,142,146,164,171 "4";
5 65 1 2,4,5,8,10,11,13,15,17,19,21,25,27,28,31,33,35,37,38,42,45,47,49,54,55,56,58,59,60,64,65,66,71,74,78,80,82,83,85,87,88,89,90,92,94,96,99,104,108,109,111,114,117,119,121,122,126,128,129,132,133,135,136,138,139,141,143,144,146,149,151,152,154,155,156,159,160,163,164,170 "5";
6 83 1 0,15,25,39,42,47,51,57,60,71,83,107,109,110,112,134,140,168,169 "6";
7 18 1 4,19,21,30,35,37,40,44,48,57,58,61,69,72,74,80,83,85,94,98,100,103,105,108,112,114,119,121,123,126,129,130,135,137,141,143,146,147,149,155,164,166,167,169,170 "7";
8 123 0 9,13,67,74,97,112,135,151 "8";
9 21 0 1,10,11,14,16,20,23,26,43,45,52,54,59,62,67,68,73,81,88,89,92,95,96,99,116,121,122,126,134,135,136,143,149,150,152,155,157,158 "9";
10 107 1 0,5,10,12,14,18,20,22,27,30,36,38,42,43,50,51,53,57,59,60,62,63,65,68,71,75,81,83,85,87,89,90,92,94,96,97,100,104,106,108,111,114,116,118,122,124,126,127,133,135,136,138,140,144,146,148,150,151,154,156,157,159,161,169,170 "10";
11 66 1 2,14,15,20,30,35,54,74,81,113,121,123,129,142 "11";
12 83 0 0,5,21,26,32,41,50,69,75,77,79,81,90,98,103,128,135,139,142,145,148,150,153,157,159,161,162,164 "12";
13 12 0 1,4,8,9,16,27,34,36,40,41,45,49,52,58,61,63,66,69,72,76,79,81,83,87,89,102,106,111,123,125,126,130,132,134,136,138,139,143,149,151,154,161,163,164,166,171 "13";
14 37 1 10,32,45,53,63,65,67,76,84,97,107,121,125,135,145,153,165 "14";
15 12 1 1,8,10,21,23,26,29,36,38,40,48,52,53,56,62,63,70,76,81,84,87,90,91,93,94,98,99,106,110,112,116,119,127,135,137,141,146,150,156,165,168,169 "15";
16 122 1 0,3,5,7,11,12,23,26,33,45,46,47,49,51,56,60,69,70,74,76,79,87,90,98,104,109,110,123,127,134,146,149,159 "16";
17 13 0 4,8,10,11,16,19,20,22,26,29,34,38,39,42,44,48,52,53,56,60,65,68,69,71,72,75,76,79,83,88,95,101,102,103,104,106,108,109,113,117,118,121,122,125,127,129,130,132,134,137,140,142,149,151,153,154,161,165,167,168 "17";
18 51 0 14,68,81,100,105,118,120,134,135,148,149,169 "18";
19 79 1 3,5,7,12,15,19,24,25,27,28,31,32,36,40,42,46,47,49,53,54,56,61,65,69,70,73,78,79,85,89,90,93,94,99,102,108,111,113,115,117,121,124,126,127,134,135,139,142,144,145,146,148,152,155,158,162,165 "19";
20 42 0 1,5,10,11,13,17,18,19,21,30,32,35,36,39,40,42,44,45,46,48,49,53,56,58,61,63,66,68,69,70,74,75,77,79,85,88,89,91,96,97,101,103,105,107,111,112,115,118,120,124,127,128,129,131,134,140,142,143,145,151,153,154,156,157,158,160,162,163,165,168,170 "20";
21 135 0 23,67,78,86,107,150,155 "21";
22 29 0 2,3,5,8,14,18,23,25,28,33,36,37,38,44,50,56,59,60,61,63,66,73,79,81,84,87,92,93,97,101,106,108,115,116,118,119,124,126,133,135,136,142,144,145,147,156,157,162,168,170 "22";
23 27 1 4,11,16,21,23,25,28,35,36,48,49,51,53,58,65,67,70,71,72,74,75,78,79,84,86,88,91,92,97,101,107,119,120,122,123,126,135,136,138,140,141,143,154,160,168,171 "23";
24 95 0 0,1,4,6,7,11,12,14,15,16,18,19,24,26,30,32,34,35,37,39,43,44,45,48,51,52,54,56,57,59,61,63,64,65,67,74,76,78,79,81,83,86,87,88,90,94,95,99,100,103,104,105,107,110,111,113,115,117,118,120,123,125,128,132,135,136,138,139,140,142,145,147,153,155,156,160,161,163,166,167 "24";
25 61 0 0,3,10,14,19,29,31,41,58,64,67,69,72,78,95,104,112,125,146,150,155,165,169 "25";
26 127 1 1,4,5,6,11,13,15,19,23,26,30,31,32,34,36,38,39,41,43,45,47,49,52,53,55,58,62,63,64,67,69,72,73,74,76,77,79,82,87,89,92,94,95,102,105,107,112,118,121,123,126,127,132,133,135,136,138,140,141,143,148,150,152,155,157,160,163,165,167,169,171 "26";
27 19 0 29,33,36,82,94,102,120 "27";
28 94 0 9,11,13,14,18,24,40,42,47,54,56,61,65,67,77,84,88,92,97,105,119,137,139,141,145,154,158,166 "28";
29 28 1 8,13,21,24,26,33,36,38,43,45,47,51,71,73,76,77,80,83,87,92,93,97,100,105,108,110,111,119,124,138,141,144,146,150,159,162,166 "29";
30 3 1 6,7,12,13,14,17,33,36,38,42,44,46,48,52,54,55,57,58,60,63,66,70,73,83,92,98,105,109,116,119,124,125,128,129,131,137,139,147,149,153,156,158,165,169 "30";
31 25 0 0,7,8,12,13,18,19,21,28,29,36,39,42,43,45,50,58,61,63,67,75,77,79,81,85,87,89,90,93,96,97,98,99,105,106,108,109,112,118,125,127,128,131,133,135,137,139,144,147,150,155,156,158,161,163,166,169 "31";
32 61 1 18,49,166 "32";
33 0 0 6,13,16,17,42,61,67,71,102,116,120,130,149,163 "33";
34 58 1 2,3,21,28,34,36,43,51,53,56,57,64,65,69,71,74,77,83,84,86,90,92,95,97,98,99,101,106,109,118,119,121,124,126,131,140,143,145,147,150,151,161 "34";
35 153 0 0,3,6,8,10,12,17,18,21,25,28,30,33,35,36,37,39,40,42,44,46,50,52,55,57,59,60,61,62,64,65,68,69,74,75,77,78,80,81,84,86,88,90,93,94,97,100,102,104,106,108,110,111,116,118,119,121,123,124,126,127,128,130,134,135,137,138,141,145,148,149,150,153,155,156,159,163,166,170,171 "35";
36 25 1 12,17,60,63,96,125,157,161 "36";
37 43 1 0,2,4,11,15,18,19,30,33,35,38,39,46,52,56,60,63,74,80,84,90,93,95,101,103,107,115,118,122,126,130,135,138,145,149,152,156,157,159,166,170 "37";
38 120 0 0,8,13,14,15,17,20,28,33,36,38,45,51,52,54,58,60,63,65,69,70,72,75,77,79,80,83,84,86,92,93,94,95,97,99,100,101,103,105,108,111,113,115,117,121,122,125,131,133,134,135,137,139,143,145,150,154,159,161,163,165,167,169,171 "38";
39 46 0 1,3,5,10,13,15,17,23,24,28,32,35,37,44,51,55,57,62,67,69,72,73,77,78,81,88,90,98,113,115,124,128,131,132,134,137,139,141,151,158,164,166,168 "39";
40 138 1 13,20,21,74,85,104,149 "40";
41 73 0 3,5,8,9,11,18,20,23,26,28,32,35,39,44,50,57,59,64,68,69,80,86,88,91,96,98,106,110,111,115,117,121,126,127,132,134,136,159,162 "41";
42 141 0 0,2,4,6,14,15,20,23,26,28,32,33,34,35,36,37,38,45,46,48,49,52,55,56,59,62,64,67,70,71,78,80,82,84,86,88,89,93,94,96,99,100,101,103,108,110,111,113,116,119,121,122,123,125,129,134,136,138,139,142,144,146,150,153,154,155,157,160,162,164,169,171 "42";
43 117 0 34,98,163 "43";
44 64 0 3,19,38,56,58,61,83,86,87,91,94,96,98,108,136,141,143,149,150,165,169 "44";
45 48 1 3,42,44,69,70,75,81,127,129,138 "45";
46 139 1 1,3,5,11,13,19,24,26,33,35,36,40,42,47,50,56,58,68,71,74,85,86,88,90,96,98,106,111,115,117,118,120,122,124,126,139,142,143,144,146,149,156,159,161,168 "46";
47 135 1 5,6,7,11,13,25,41,61,79,85,91,103,111,122,132,145,152,158,161 "47";
48 119 1 0,4,14,22,25,29,30,39,47,50,55,61,68,75,83,86,89,98,102,105,110,112,115,121,125,131,132,134,135,136,138,139,141,144,146,155,166 "48";
49 93 1 3,4,6,13,15,17,20,21,23,25,33,38,41,47,50,53,55,58,59,62,67,68,70,72,76,77,80,81,86,88,90,91,93,94,95,98,100,102,107,109,110,114,115,116,119,121,129,133,135,137,139,144,153,156,159,160,168,171 "49";
50 105 1 0,4,11,26,29,34,47,56,70,81,93,95,97,106,112,132,166 "50";
51 75 1 8,10,15,16,17,20,22,26,28,31,33,37,45,48,49,51,52,54,58,59,61,63,65,66,69,72,74,77,78,80,81,84,89,90,93,94,96,100,104,106,107,110,113,117,121,123,125,132,134,140,143,144,146,148,153,154,156,157,158,160,163,165 "51";
52 73 0 3,30,64,102,118,161 "52";
53 172 1 1,20,30,35,46,67,100,103,104,110,117,129,142,157,171 "53";
54 93 1 46,54,98,118,125,137,165 "54";
55 160 0 8,10,14,22,26,35,36,44,45,52,54,56,60,66,73,75,94,98,103,104,106,114,115,117,119,121,123,129,137,138,142,147,149,157,159,164,166,167,171 "55";
56 11 1 15,39,93,96,103,110,135,147,154 "56";
57 131 0 4,5,8,11,12,16,17,18,20,24,29,35,37,43,44,49,52,56,58,61,64,67,70,75,77,81,82,88,96,101,104,106,109,111,115,118,124,129,133,135,136,137,143,147,155,164 "57";
58 124 1 123,135 "58";
59 81 0 7,15,16,19,21,28,31,42,45,48,51,54,58,61,65,72,77,82,85,86,88,90,92,105,106,115,124,129,133,135,140,146,152,157,161,163,170 "59";
60 4 0 4,5,6,8,10,12,14,16,19,20,22,27,29,34,35,38,40,44,45,49,51,52,56,57,59,61,63,68,69,72,75,80,82,84,89,94,97,99,100,104,107,108,112,116,117,119,121,125,128,129,130,137,139,151,156,163,167,168,169 "60";
61 135 0 0,2,4,7,9,13,14,17,18,20,21,25,31,34,41,46,47,52,58,59,60,62,65,68,69,73,74,78,79,82,87,92,97,99,102,107,109,111,112,114,117,121,127,129,132,133,134,137,139,141,147,153,156,158,166,168 "61";
62 53 0 0,2,3,11,16,18,23,26,27,33,34,37,50,52,55,62,65,69,70,72,73,77,80,82,86,88,92,94,96,97,100,105,111,116,118,120,121,126,127,131,135,143,155,159,160,165,168 "62";
63 113 1 1,7,8,9,11,39,41,54,55,58,59,62,65,75,87,96,99,106,114,120,125,129,131,134,148,150,165,167,168,171 "63";
64 157 1 0,3,4,6,8,9,12,13,17,18,20,21,23,24,26,28,30,31,34,39,41,43,44,49,50,52,54,57,59,62,65,67,68,70,71,72,73,75,79,82,84,89,92,100,104,106,110,111,112,114,116,120,121,122,124,128,131,133,134,135,137,142,143,145,147,151,155,156,159,161,165,169,171 "64";
65 158 0 0,5,9,11,16,30,34,36,37,42,47,70,73,74,79,87,90,109,127,135,140,144,161 "65";
66 21 0 0,3,4,9,11,18,19,21,25,26,32,33,34,35,40,42,43,46,47,49,56,58,60,62,64,65,67,70,72,73,76,77,79,82,85,88,89,93,94,96,97,99,103,105,106,108,110,111,113,115,118,119,120,122,124,128,130,131,133,135,138,140,142,144,146,147,149,151,153,155,156,158,160,162,164,165,167,169,170 "66";
67 32 0 16,40,44,55,63,71,79,80,96,127,128,131,162 "67";
68 114 1 3,6,9,11,12,13,16,20,21,24,26,29,30,34,35,40,44,47,55,57,59,66,70,82,85,88,89,92,93,98,104,106,107,109,123,125,132,138,142,147,148,151,154,159,160,162,164,166,169,170 "68";
69 54 1 0,1,3,4,5,8,10,12,13,17,18,20,21,23,25,27,28,29,31,35,37,38,42,44,47,48,49,50,52,54,58,60,63,66,67,68,70,71,74,75,78,81,82,84,89,90,91,93,96,100,101,102,104,108,109,112,114,118,119,120,121,124,126,128,129,130,132,134,135,138,139,142,143,146,147,148,153,154,157,159,161,162,166,167,171 "69";
70 74 0 3,9,15,16,19,21,23,26,28,29,32,33,35,39,45,46,47,49,51,53,55,61,63,66,67,69,70,72,75,79,81,82,89,91,92,96,98,100,103,105,111,113,116,118,120,121,122,124,127,128,130,131,133,135,141,143,146,147,152,155,157,159,160,162,165,168 "70";
71 106 1 0,1,6,8,10,11,13,15,16,20,25,30,32,45,46,47,52,59,61,62,63,66,70,72,73,75,78,80,82,87,89,97,99,100,102,103,106,109,110,112,113,114,120,122,125,128,131,137,138,141,144,146,149,151,153,159,160,163,164,167,170 "71";
72 10 1 17,21,27,37,49,59,86,105,121,123,133,159 "72";
73 75 1 1,24,41,54,65,72,74,79,80,84,87,92,94,107,114,121,123,125,127,129,135,163 "73";
74 65 0 4,8,11,17,36,42,46,50,57,60,62,69,76,84,89,95,101,104,116,122,129,134,139,147,157,170 "74";
75 109 0 10,15,39,67,86,88,97,101,113,133,152 "75";
76 36 1 13,14,45,70,92,99,111,119,150,165 "76";
77 121 0 3,6,7,10,11,18,20,26,28,32,34,35,37,39,41,44,50,58,61,64,67,69,70,73,75,78,80,82,90,91,94,96,99,103,105,108,117,119,124,127,128,129,138,141,142,148,150,153,155,160,169 "77";
78 53 0 2,13,14,19,20,23,27,32,38,44,46,47,50,51,57,59,61,64,66,69,78,80,81,86,89,90,96,100,108,111,113,115,117,121,122,125,127,129,131,134,136,144,150,154,163,167 "78";
79 52 0 35,37,51,55,147 "79";
80 38 0 1,3,7,9,12,14,15,19,22,23,25,28,36,37,41,48,57,59,61,64,66,68,69,71,75,77,78,79,84,85,88,93,95,96,97,98,100,104,105,108,110,111,115,119,124,132,136,139,149,153,155,157,159,161,164,166,168 "80";
81 40 0 0,36,71,108,109,117,124,137,140,144,159,170 "81";
82 12 0 3,23,28,40,57,74,106,116,122,152 "82";
83 2 0 2,5,7,12,15,16,18,20,25,29,31,34,36,41,44,53,55,56,58,59,63,67,69,72,73,76,80,85,91,92,100,101,107,109,113,115,119,120,125,126,127,129,132,133,135,138,139,142,147,148,157,159,163,168,171 "83";
84 0 0 0,2,4,6,8,9,10,12,13,15,16,25,26,28,34,35,38,40,41,43,46,51,56,57,59,61,65,69,70,72,73,75,78,80,82,85,90,91,96,100,102,103,106,108,109,110,114,117,118,120,121,122,127,129,130,133,135,136,137,138,140,141,145,150,151,152,154,156,159,160,164,166,168,170,171 "84";
85 43 1 5,10,13,23,27,28,30,32,34,43,47,49,50,52,53,55,57,58,60,62,63,66,67,70,71,73,75,77,79,84,88,89,92,97,98,99,102,105,107,109,113,117,119,124,128,130,135,138,144,149,150,152,153,156,161,165,169 "85";
86 89 0 15,27,35,48,57,74,84,86,115,118,120,135,146,148,154,171 "86";
87 16 1 9,17,140 "87";
88 162 1 0,3,6,15,17,19,21,25,27,33,36,43,44,50,52,54,55,60,62,67,72,74,79,81,83,84,87,92,111,113,118,120,122,126,131,132,134,145,149,154,157,161,163,165,166,168,170 "88";
89 26 0 0,4,6,12,17,21,24,26,28,31,32,34,37,40,41,43,46,49,53,57,61,64,65,67,70,73,76,78,87,89,98,102,105,111,117,119,120,122,124,126,131,140,143,146,148,161,166,167 "89";
90 26 0 1,2,4,6,8,11,14,16,19,20,21,24,25,26,28,31,34,36,37,38,39,42,44,45,47,50,53,55,56,59,61,63,65,67,70,74,75,80,81,84,85,88,91,92,93,95,96,98,102,104,105,107,110,112,113,116,119,120,123,125,128,129,132,133,135,136,137,139,140,141,142,144,145,146,148,149,150,153,155,158,162,163,165,166,168,171 "90";
91 159 1 3,4,32,47,49,54,93,94,96,103,109,111,125,151 "91";
92 121 0 4,5,11,16,52,53,54,59,64,81,86,101,107,134,136,141,149,157,158 "92";
93 56 1 1,3,4,6,7,10,11,13,17,23,26,27,31,33,34,35,37,38,40,41,43,44,47,49,51,52,53,55,57,59,61,62,63,65,67,69,70,71,73,77,79,83,85,87,89,91,92,94,96,99,100,102,103,105,108,111,113,114,115,117,118,119,120,121,123,127,129,131,133,134,136,139,141,144,146,150,154,155,158,159,161,164,166,169 "93";
94 91 0 0,2,4,6,8,12,13,15,16,19,23,25,27,28,31,33,34,40,41,42,44,46,48,49,50,51,53,54,56,57,59,60,61,64,67,71,72,74,75,77,80,83,90,91,95,96,98,100,102,104,105,106,107,108,112,115,117,118,119,122,123,125,128,130,132,136,137,140,141,143,146,149,150,152,154,155,158,161,164,165,167,168,169 "94";
95 128 1 1,5,6,8,10,11,13,18,19,21,22,24,29,32,36,38,40,44,47,52,54,56,60,66,68,75,79,86,88,94,95,97,98,103,107,108,110,116,118,121,124,127,136,138,140,142,145,151,158,159,170 "95";
96 97 0 1,8,14,38,42,47,49,53,54,58,60,61,68,69,83,88,93,96,105,108,109,112,114,117,129,132,135,137,138,144,148,150,162,164,166 "96";
97 122 0 7,11,18,21,23,30,32,36,37,54,56,57,62,76,83,93,96,99,108,115,121,123,125,126,140,144,147,150,161,163,168,171 "97";
98 152 1 0,1,2,3,5,7,11,14,17,27,30,37,40,42,44,49,50,52,61,63,65,66,71,77,79,82,85,86,92,93,97,103,105,111,112,113,123,129,132,146,157,160,164,165,169,170 "98";
99 65 0 0,2,3,4,7,9,11,13,15,16,18,21,22,25,27,29,31,33,35,36,38,39,44,46,48,51,53,55,57,58,60,65,68,70,71,73,74,76,77,79,80,83,85,86,87,89,91,94,100,101,102,103,105,107,108,113,115,117,118,120,121,122,125,128,130,133,134,137,139,140,142,144,145,149,151,153,154,156,157,159,160,164,165,168,171 "99";
100 50 1 1,6,8,10,18,25,28,33,40,42,46,48,49,54,59,62,63,66,67,69,74,77,78,79,82,84,91,93,98,101,104,105,107,110,113,115,117,123,126,128,131,134,138,144,147,149,150,152,155,156,158,162,168 "100";
101 78 1 3,4,6,8,10,11,15,19,25,26,28,30,32,34,35,39,41,42,46,48,51,53,56,58,60,62,64,66,68,69,71,74,75,78,80,83,89,93,95,104,106,107,111,112,114,116,117,119,121,122,131,133,139,142,143,145,148,150,155,161,165,170 "101";
102 102 0 0,4,7,9,12,20,21,30,32,34,35,37,39,42,45,55,57,60,61,62,66,69,71,74,77,80,83,90,93,95,97,100,104,108,111,115,117,127,131,132,134,138,139,143,147,153,157,161,163,164,170 "102";
103 144 1 8,13,22,31,37,40,43,47,53,58,71,73,75,77,80,82,84,87,89,97,99,105,106,109,112,128,130,133,136,139,140,142,145,147,148,159,161,168 "103";
104 132 0 3,11,12,16,17,18,21,23,24,34,41,48,54,58,65,73,75,78,79,81,84,87,93,96,98,99,102,105,106,119,128,132,137,140,142,147,149,157,159,162,165,168,171 "104";
105 48 0 24,32,36,53,57,66,70,76,92,100,107,141,144,148 "105";
106 68 0 9,15,18,21,23,29,32,37,38,40,43,47,58,62,65,68,70,77,79,82,86,88,92,95,102,105,116,117,118,122,125,127,133,135,136,137,140,146,148,154,156,160,162,164,168 "106";
107 118 0 22,24,28,31,35,50,53,71,77,83,100,104,116,123,129,132,147,155,158,167 "107";
108 0 0 0,10,11,13,16,23,26,31,47,60,64,78,87,93,95,97,100,108,125,128,132,134,167 "108";
109 35 1 1,3,5,6,16,22,23,25,27,30,31,34,36,37,41,43,44,45,47,49,51,53,54,55,62,63,67,69,73,74,77,79,83,85,87,89,91,95,96,98,100,102,108,109,114,116,118,122,126,129,132,133,136,140,145,146,150,151,153,157,164,166 "109";
110 84 0 5,23,43,45,49,50,53,56,60,81,82,91,120,135,161 "110";
111 160 0 1,3,6,9,24,26,31,33,36,38,39,47,48,54,55,61,62,65,69,71,72,74,76,82,85,86,92,93,95,97,98,100,102,107,109,111,116,126,129,131,133,137,141,143,144,148,150,152,154,155,158,166,170,171 "111";
112 63 1 51,87,114 "112";
113 141 1 7,10,15,22,32,33,42,43,47,59,64,67,71,74,90,96,98,100,116,123,127,135,136,138,140,141,145,148 "113";
114 29 1 0,1,2,4,9,12,14,16,19,20,25,27,29,31,35,37,41,42,45,46,49,51,52,55,56,58,60,61,65,66,70,71,72,74,76,77,80,83,85,87,90,91,94,97,98,99,102,103,104,107,108,109,111,113,115,117,119,120,123,124,126,127,131,133,136,137,140,142,143,145,153,157,159,162,166,167,170 "114";
115 38 1 2,4,7,11,13,17,19,21,23,26,31,35,39,41,42,45,48,52,53,56,60,61,68,73,76,77,82,84,87,88,90,92,94,96,99,105,108,110,114,124,128,132,139,146,147,148,150,153,159,160,167 "115";
116 58 0 4,12,18,44,57,58,75,83,95,99,110,116,125,128,131,134,142,143,150,161 "116";
117 73 1 4,15,16,20,22,26,28,31,41,45,50,52,54,56,64,66,73,77,80,87,88,91,94,95,97,100,109,113,114,119,123,126,132,134,139,142,145,147,149,155,156,159,161 "117";
118 141 1 65,170 "118";
119 136 0 1,3,5,7,8,10,12,14,16,18,25,27,29,30,32,35,40,41,43,47,48,50,51,54,57,59,62,63,64,66,68,72,77,79,81,83,84,86,88,89,91,92,98,100,102,104,106,107,109,111,113,115,116,119,120,121,123,127,129,131,133,137,140,141,143,148,149,151,154,155,157,159,161,162,164,165,166,167,169,170 "119";
120 120 0 0,1,3,19,27,40,52,59,60,67,83,88,92,95,96,101,107,147,155,163,168,170 "120";
121 150 0 6,24,27,68,75,137,145 "121";
122 24 0 13,22,26,37,43,45,49,52,58,65,67,72,74,77,83,87,89,91,93,95,97,98,111,121,124,126,134,138,140,147,153,155,158,160,161,165,167 "122";
123 65 0 3,5,19,37,41,49,53,58,84,92,100,140,165,167 "123";
124 89 1 0,7,9,11,13,15,17,18,23,25,27,28,30,34,38,40,41,43,45,46,47,48,51,56,58,60,61,62,64,69,74,75,77,82,88,91,93,96,101,104,106,113,115,118,119,121,123,125,129,130,133,134,135,144,149,151,155,157,159,160,161,163,165,167,171 "124";
125 143 1 1,2,4,10,12,15,16,21,23,31,33,34,37,48,52,55,57,59,65,69,70,74,76,79,83,87,95,97,103,105,110,117,119,120,122,123,125,127,140,141,146,151,153,155,159,161,162,166,169 "125";
126 83 1 3,4,5,8,12,13,15,19,21,22,24,26,27,30,31,35,40,41,42,43,45,47,48,49,54,56,59,63,64,66,68,70,74,76,77,79,82,84,86,88,89,91,92,95,96,97,101,105,108,109,111,113,116,117,119,120,124,126,127,128,130,133,136,139,140,143,146,147,149,150,152,155,157,160,165,168,169,171 "126";
127 91 1 6,21,26,39,52,68,96,102,105,110,125,127,158,163,170 "127";
128 142 0 11,12,19,23,26,29,33,36,38,43,53,57,58,70,73,81,86,90,95,99,104,108,111,113,116,118,122,130,132,134,136,137,151,154,159,162 "128";
129 5 0 3,7,12,14,16,38,40,43,51,54,64,66,75,77,83,88,90,92,95,101,103,105,108,111,115,122,132,142,144,147,150,168,171 "129";
130 50 1 0,1,3,5,6,8,9,11,13,15,17,19,21,22,24,25,27,30,31,33,34,36,39,40,41,47,48,51,53,55,57,60,67,68,70,73,78,80,82,85,87,89,91,94,97,98,100,105,106,108,111,113,117,119,122,130,132,134,136,140,141,143,145,150,154,157,159,163,164,170 "130";
131 25 0 13,15,20,24,26,38,40,43,46,56,69,70,72,75,76,79,81,86,90,96,97,106,109,117,127,128,139,140,144,150,152,164,167 "131";
132 86 0 12,23,24,36,37,40,46,48,63,66,74,79,84,88,90,121,125,139,143,144,153,158,163,167 "132";
133 137 1 3,4,6,8,11,13,15,17,19,21,24,26,37,39,40,43,46,49,53,56,61,63,68,70,74,85,87,90,92,93,101,103,110,112,113,117,119,121,123,127,131,135,139,146,152,154,159,161,164,165,167,169,171 "133";
134 21 1 4,6,15,16,22,28,36,38,42,46,52,55,57,59,60,62,73,75,78,80,82,89,99,102,103,120,121,124,125,129,132,139,141,146,150,152,159,165,169 "134";
135 118 0 6,20,23,25,35,41,49,51,60,61,75,79,94,106,112,119,122,133,136,142,145,158,170 "135";
136 154 1 1,5,7,14,17,20,28,30,34,42,46,50,54,56,57,62,66,70,79,80,82,84,86,92,98,104,105,107,108,110,112,117,125,137,142,154,161,165 "136";
137 4 0 2,7,11,15,31,37,43,46,61,70,72,74,80,84,91,108,112,114,118,120,125,131,136,142,143,149,155,156,159,163,167 "137";
138 15 0 0,5,12,16,20,21,22,24,28,29,31,36,39,41,46,49,54,56,59,64,65,69,72,77,79,83,89,90,96,100,102,104,108,110,112,115,118,122,125,129,131,133,136,139,141,144,152,156,158,160,161,163,167,169 "138";
139 110 0 16,20,29,35,44,65,67,69,77,81,87,102,111,115,119,127,128,134,145,159,163,165 "139";
140 80 0 46,66,118,141,155 "140";
141 85 0 2,5,10,13,17,24,27,28,29,31,34,36,38,39,40,42,44,48,51,52,54,55,58,61,64,66,68,73,74,77,80,84,90,91,95,98,102,105,107,108,110,111,113,115,116,118,119,120,124,133,140,142,144,147,149,152,157,159,166,171 "141";
142 143 1 1,3,8,9,11,13,14,20,22,28,30,32,34,35,38,39,41,43,45,49,52,53,54,57,58,59,63,66,69,70,74,76,79,82,83,85,86,89,91,92,94,96,98,102,106,112,113,115,118,120,124,128,132,135,136,139,141,145,146,149,151,152,154,156,161,162,164,165,167,169 "142";
143 43 1 0,2,8,12,20,24,26,27,28,30,31,33,35,36,39,41,43,44,46,48,49,51,53,54,57,58,59,60,62,64,69,73,74,76,79,83,86,88,90,93,94,96,98,100,101,102,103,105,106,109,110,112,115,117,120,122,125,128,130,133,134,136,137,139,140,142,148,150,151,153,156,157,158,160,162,167,170 "143";
144 88 1 0,3,4,7,12,15,18,21,22,24,26,28,30,31,33,35,38,40,41,43,46,50,52,54,55,58,60,61,63,64,68,70,72,76,77,80,82,83,84,86,87,93,94,95,97,100,101,102,105,107,109,111,112,115,117,119,120,123,125,128,129,130,131,133,134,137,141,143,144,146,147,150,154,155,156,157,162,163,164,166,168,169 "144";
145 99 0 3,5,6,8,10,12,17,27,35,48,54,57,59,62,65,70,72,76,80,84,91,97,100,104,106,109,124,127,130,140,141,145,147,150,157,158,160,163,167 "145";
146 118 1 0,1,2,5,6,10,11,17,18,19,22,28,29,34,38,41,44,45,47,48,51,53,56,58,59,62,63,65,67,69,71,73,77,80,82,85,89,90,91,95,98,99,101,102,105,108,112,115,116,118,119,124,126,127,130,137,138,144,145,147,148,150,156,160,162,165,166,171 "146";
147 21 0 3,5,6,9,12,13,17,18,21,25,26,31,32,36,43,46,48,49,51,54,55,58,69,71,73,74,76,80,82,87,93,97,106,108,110,112,120,127,128,132,136,140,147,151,155,163,165,166,168,169 "147";
148 21 1 0,3,5,6,8,10,12,13,16,17,21,24,25,26,31,34,35,36,39,41,42,44,46,50,54,56,58,60,64,65,68,74,77,82,86,87,90,91,96,98,100,102,108,109,110,114,115,117,120,123,124,125,130,136,139,142,144,145,147,151,152,155,157,161,162,167,168,171 "148";
149 15 1 5,17,26,29,33,71,132,138,153,156,162,168 "149";
150 84 0 0,1,2,4,6,7,13,14,16,19,22,25,27,31,33,41,43,44,46,47,48,50,52,54,58,60,61,63,64,68,70,73,80,84,86,88,93,95,100,102,109,115,117,118,121,122,124,126,128,131,134,135,138,139,142,147,149,154,156,157,158,159,161,163,164,166,168 "150";
151 76 1 122,165 "151";
152 80 0 1,4,13,15,18,19,21,23,27,28,30,31,32,37,40,41,42,47,49,51,54,55,58,60,62,63,65,66,68,69,70,72,73,75,77,78,80,81,82,83,84,85,89,91,93,96,98,100,104,105,109,110,111,112,115,116,118,120,121,123,125,128,132,134,137,139,145,148,150,151,152,154,157,158,159,161,163,164,167,168,170 "152";
153 63 0 1,2,5,9,11,12,16,17,20,21,23,26,28,30,32,34,35,37,38,40,42,43,49,50,55,57,59,63,64,69,71,72,73,75,77,79,83,86,88,89,97,98,102,103,108,111,113,115,117,121,122,126,130,133,134,139,142,145,149,152,154,155,158,159,162,168,171 "153";
154 109 0 0,2,4,5,7,9,12,18,21,24,25,28,31,34,36,37,38,40,41,42,43,46,49,50,52,55,58,59,62,68,70,75,77,81,83,92,93,97,103,106,109,110,114,115,125,126,139,141,148,150,152,154,158,159,161,165,168 "154";
155 155 0 11,15,18,22,29,38,48,58,60,65,78,87,100,105,116,122,129,131,133,139,154,157,168 "155";
156 99 1 1,2,5,8,11,12,14,18,20,22,24,25,26,27,29,30,32,33,36,37,41,42,43,45,46,50,52,53,55,58,60,63,64,69,70,71,73,75,76,81,82,85,86,89,91,97,98,99,101,102,104,107,109,111,113,115,116,119,120,122,124,125,127,129,133,135,139,140,142,143,145,148,149,152,153,155,156,157,162,164,167,169,171 "156";
157 31 1 8,12,17,19,23,29,36,38,57,60,61,74,81,85,90,98,111,114,116,122,124,125,139,141,143,144,148,149,167 "157";
158 64 0 2,3,4,6,13,18,20,23,27,31,33,34,38,41,44,48,49,53,55,58,60,62,63,66,69,76,78,80,82,87,88,90,93,94,100,102,112,113,115,117,122,123,126,133,136,140,142,147,151,153,156,162,163,168,169 "158";
159 137 0 0,5,12,18,27,28,38,45,54,58,61,64,66,70,72,74,77,82,88,90,109,113,115,117,125,129,131,148,150,155,163 "159";
160 154 0 7,9,22,28,38,51,56,64,65,68,71,75,77,78,100,104,107,112,127,129,132,151,152,154,169 "160";
161 54 0 0,1,4,8,11,17,29,35,39,44,45,47,49,50,52,54,55,60,62,64,66,70,75,83,89,92,94,98,101,108,111,114,115,117,119,121,125,129,132,134,136,137,140,143,144,146,148,151,154,158,162,166,168,170,171 "161";
162 171 1 1,7,11,13,14,15,19,20,21,22,24,26,27,30,42,45,47,49,51,55,58,60,63,65,67,69,70,74,76,78,79,80,83,86,89,90,94,97,101,103,104,106,109,114,117,119,120,125,127,129,132,133,136,137,138,141,142,144,146,149,151,152,155,158,160,163,167,171 "162";
163 140 0 0,2,5,6,14,16,18,20,21,22,24,28,35,36,38,39,46,47,50,51,55,56,58,61,63,65,66,68,70,72,73,74,78,84,87,89,90,92,94,97,99,101,102,104,105,107,109,111,114,115,117,118,120,121,123,125,127,128,131,134,136,138,139,140,142,143,144,145,147,151,155,157,161,164,165,167,169 "163";
164 143 0 7,14,25,38,47,50,51,60,85,95,97,111,118,127,145,167,169 "164";
165 96 0 2,5,10,12,18,27,28,31,37,40,41,44,45,51,54,63,64,74,77,78,81,84,88,92,95,98,108,113,115,116,126,127,135,138,140,142,149 "165";
166 0 0 0,1,3,5,6,18,23,27,29,31,34,36,39,43,46,49,53,55,56,58,62,64,65,67,69,71,72,79,83,84,85,91,92,93,95,97,101,102,104,108,111,114,115,117,124,125,127,129,131,133,139,142,146,147,149,150,151,153,154,156,159,161,162,164,168,170 "166";
167 16 0 4,5,8,9,15,20,26,28,29,32,33,35,37,47,50,52,56,57,61,62,63,66,73,75,77,79,82,85,86,87,90,92,94,98,100,103,104,106,114,115,123,125,129,133,141,143,148,150,151,157,158,163,165,168,169 "167";
168 34 0 0,2,4,7,8,11,14,16,17,19,21,22,24,25,26,28,29,33,35,37,38,40,41,47,49,51,53,54,56,61,62,63,65,67,69,72,74,77,79,80,81,83,84,86,87,90,92,96,97,102,106,107,108,111,114,116,121,123,124,125,129,130,132,133,136,140,142,143,147,150,151,154,156,158,160,162,163,167,168,169,171 "168";
169 138 1 1,7,12,13,15,23,34,57,62,73,80,101,117,121,131,136,147,150,167 "169";
170 49 0 1,4,5,8,13,16,18,20,23,26,28,30,40,43,45,47,48,51,56,59,61,62,63,65,67,68,70,72,73,76,84,86,87,89,93,95,100,101,106,110,112,114,115,119,123,126,130,135,136,138,141,143,144,147,149,151,152,155,157,159,161,162,167,168,170 "170";
171 125 1 0,5,28,34,55,65,69,79,80,82,86,88,90,92,97,102,104,106,109,115,121,136,138,140,149,159,163,168 "171";
