parity 38;
0 8 0 0,3,6,8,9,11,13,16,17,19,23,24,27,31,34 "0";
1 20 1 0,2,4,7,15,16,20,24,25,28,34,36 "1";
2 27 1 6,8,11,15,18,24,26,32,35,36 "2";
3 32 1 4,6,9,11,13,17,19,20,23,26,27,28,30,34,37 "3";
4 13 0 3,6,8,11,16,19,25,27,34,38 "4";
5 18 1 1,2,4,5,7,9,12,14,15,17,19,22,24,25,28,30,34,35 "5";
6 15 0 4,8,13,15,17,25,28,36 "6";
7 13 1 1,8,12,14,15,16,18,25,29,31,37 "7";
8 18 0 1,4,14,31 "8";
9 10 0 1,2,4,11,12,18,20,24,25,26,30,32,34,37 "9";
10 28 0 0,6,10,11,15,17,19,22,23,26,29,30,36,37 "10";
11 28 1 4,6,8,13,15,16,18,21,26,29,32,33 "11";
12 26 1 1,5,8,10,11,20,22,25,26,28,30,34,37 "12";
13 37 0 1,4,9,11,13,14,16,17,23,24,26,28,30,31,35,36 "13";
14 18 1 4,7,16,24 "14";
15 33 1 0,4,6,9,13,16,24,25,27,29,34,35,37 "15";
16 10 0 4,6,8,10,17,18,20,22,24,29,30,32,33,35 "16";
17 31 0 13,15,17,19 "17";
18 35 0 0,2,4,6,7,9,13,15,20,27,31,33,36,38 "18";
19 21 1 0,1,3,5,10,12,14,21,23,24,26,27,29,31,32,34,37,38 "19";
20 35 1 5,9,11,30,31 "20";
21 27 1 0,1,2,5,7,18,21,24,27,30,32,33,36,37 "21";
22 17 1 0,3,8,18,21,23,24,25,28,34 "22";
23 22 0 0,3,15,16,20,22,27,35,36,37 "23";
24 36 1 0,2,3,6,8,9,11,12,14,15,16,19,24,27,29,30,32,34,37,38 "24";
25 7 1 5,15,37 "25";
26 31 0 0,1,8,12,13,15,17,23,27,33,36,38 "26";
27 28 1 13,16 "27";
28 24 1 22,25 "28";
29 39 1 0,3,4,9,10,12,14,15,18,20,25,30,38 "29";
30 1 1 5,11,26,30,32,37,38 "30";
31 23 1 1,2,5,7,9,12,14,15,17,20,23,25,28,29,31,34,38 "31";
32 5 1 0,1,5,6,8,11,14,17,22,24,28,29,31,33,37 "32";
33 33 0 1,3,4,5,6,8,10,14,18,20,21,23,25,26,28,30,31,35,38 "33";
34 31 0 1,4,5,6,8,9,11,14,15,18,22,23,25,28,29,31,33,34,37 "34";
35 28 0 2,5,7,8,10,11,16,17,19,20,22,26,29,30,32,35,36,38 "35";
36 22 1 0,8,11,20,26,30,37 "36";
37 6 0 3,8,15,20,22,25,30,37,38 "37";
38 31 0 2,5,7,12,14,15,18,20,28,30,33 "38";
