parity 28;
0 19 1 8,9,12,15,16,19,24 "0";
1 29 0 17 "1";
2 0 0 1,3,11,23 "2";
3 2 1 2,9,11,17,28 "3";
4 0 1 6,12,13,21,23,24,26 "4";
5 17 1 7,19,22,26 "5";
6 24 1 2,6,9,15,16,22,23,25 "6";
7 14 0 0,2,4,5,10,14,19,21,22,24,26 "7";
8 2 0 0,2,3,7,8,9,11,12,14,15,20,23,25,26,27 "8";
9 27 0 3,4,10,13,18,19,22,24,27 "9";
10 19 1 2,4,10,16,18,24,26 "10";
11 29 1 24 "11";
12 14 0 2,5,9,11,12,14,16,18,20,22,24,27 "12";
13 2 1 26 "13";
14 8 1 1,5,6,8,12,13,15,17 "14";
15 9 0 9,12,13,14,16,22,26 "15";
16 21 0 2,15 "16";
17 6 0 1,11,18,20,27 "17";
18 4 0 0,3,5,8,10,12,13,15,17,18,19,20,22,25,26 "18";
19 27 0 0,6,9,10,12,14,17,18,24,25,27 "19";
20 20 1 2,4,6,7,9,10,12,16,18,24,27 "20";
21 28 1 0,2,4,6,7,9,13,14,15,19,21,22,23 "21";
22 13 1 0,1,4,7,9,11,13,18,21,26,28 "22";
23 7 0 0,5,8,11,15,20,22,24,25,28 "23";
24 27 0 0,1,4,5,14,22,26 "24";
25 24 0 0,1,3,5,7,10,11,12,15,18,23,26,28 "25";
26 19 1 8,15,20,25 "26";
27 12 0 1,3,8,12,14,16,19 "27";
28 4 0 2,4,6,8,14,16,17,21,22,24,28 "28";
