parity 111;
0 106 1 2,15,30,36,42,47,55,58,75,76,81,91,99,111 "0";
1 106 1 106,111 "1";
2 69 0 8,16,20,26,32,42,51,62,72,74,96,97,102,105 "2";
3 53 1 0,3,8,13,15,18,19,21,24,26,27,28,32,33,36,38,41,42,44,46,48,51,53,55,56,59,60,61,62,63,65,69,72,74,75,77,78,81,82,84,87,91,92,97,98,102,103 "3";
4 10 1 0,2,6,8,9,14,16,17,18,22,23,27,29,31,33,36,38,39,40,42,43,45,47,48,50,51,53,55,56,58,59,60,62,63,65,67,70,71,72,74,75,77,78,80,82,86,90,93,96,98,101,103,104,106,107,111 "4";
5 75 1 2,5,10,19,33,35,41,48,50,52,54,59,60,62,63,83,93,99,100,102,107 "5";
6 5 0 2,4,23,29,46,57,95,100 "6";
7 43 1 0,6,11,16,22,29,31,54,85,94,95,102,105 "7";
8 56 1 18,21,24,30,33,34,39,42,44,49,82,99 "8";
9 89 1 1,12,14,15,18,20,23,24,35,49,52,65,70,72,76,82,84,95,100,111 "9";
10 16 0 2,3,8,10,14,16,22,30,33,34,38,40,42,47,48,49,51,53,59,62,63,65,66,71,74,82,83,85,88,89,91,93,98,99,101,103,106,107,108 "10";
11 55 0 0,10,12,13,18,29,53,58,65,72,74,82,86,97,98,102,108,109 "11";
12 112 0 1,2,4,10,13,15,18,29,30,34,36,38,43,45,47,50,51,55,60,62,63,64,66,71,74,78,80,81,90,92,94,95,98,100,102 "12";
13 20 0 2,9,21,29,33,57,62,70,74,79,81,85,88,91,95,106,107,109,111 "13";
14 90 1 2,4,5,6,12,14,16,17,19,27,29,31,33,35,37,41,43,45,52,54,58,60,61,64,65,66,71,77,80,82,84,85,89,91,92,93,94,97,99,100,101,103,105,109,110 "14";
15 101 1 1,8,10,14,16,17,19,21,23,26,27,29,37,39,40,42,44,45,49,51,52,54,56,61,63,65,67,69,71,74,76,78,80,81,82,85,88,92,94,95,99,100,102,103,104,107,108,110,111 "15";
16 105 0 19,21,23,25,34,38,45,50,54,58,66,69,74,76,81,95,101,103 "16";
17 53 0 3,12,14,28,54,64,66,81,90,94,103,104,106,110 "17";
18 34 1 3,8,11,12,16,37,65,76,87,94,97,101,104 "18";
19 44 0 2,4,6,7,15,16,22,24,25,31,34,35,39,42,44,45,47,52,59,62,63,65,68,72,74,76,80,82,89,99,101,103,106,107,111 "19";
20 38 1 4,5,6,8,13,15,16,17,22,25,34,35,38,40,41,44,45,48,49,51,54,57,64,66,67,72,73,79,81,83,84,86,87,88,90,92,95,97,98,100,102,104,105,110 "20";
21 107 0 3,5,12,17,19,25,27,31,35,39,46,52,58,59,69,81,85,91,93,97,101,102,108,111 "21";
22 58 1 0,2,3,6,7,8,12,15,17,18,22,30,34,36,38,41,45,46,47,48,50,53,55,59,60,62,64,70,72,73,74,77,79,80,81,83,85,88,90,92,93,95,98,101,103,106,108,109,111 "22";
23 53 0 4,6,9,11,13,19,21,26,27,28,30,31,34,36,41,42,46,48,50,52,55,59,60,63,64,69,72,79,80,84,87,88,90,92,96,98,99,101,102,103,104,106,109,110 "23";
24 76 1 3,4,10,12,14,29,31,58,68,109 "24";
25 16 1 21,37,46,50,51,57,61,64,71,75,94,95,107,111 "25";
26 73 0 1,3,5,6,9,10,12,14,16,17,20,21,22,24,25,27,29,31,33,35,38,39,43,45,47,49,50,52,54,55,59,61,65,69,74,76,78,80,82,83,85,88,90,92,95,96,98,100,103,104,105,108,109,110,111 "26";
27 67 1 0,4,17,27,28,38,44,48,50,63,66,70,71,73,75,92,98,101,104,106,109 "27";
28 61 1 0,2,5,11,13,15,18,20,24,25,28,30,32,34,35,38,40,46,49,52,54,60,62,63,64,67,69,76,80,83,87,90,100,101,103,106,110 "28";
29 12 0 0,3,6,7,10,11,13,14,15,17,19,23,25,26,28,29,32,35,39,41,43,45,46,48,50,52,54,55,57,58,59,60,62,64,67,69,70,71,76,79,81,82,84,87,89,94,97,99,102,103,107,111 "29";
30 33 0 5,7,14,18,19,21,32,33,36,39,42,43,49,52,54,55,56,58,61,66,71,73,75,76,78,79,83,85,88,102,104,107,109,111 "30";
31 81 1 11,14,18,22,26,29,34,46,52,57,69,71,72,81,85,87,92,95,100,111 "31";
32 71 1 4,13,16,34,40,44,52,58,60,62,66,74,80,82,84 "32";
33 68 1 1,3,4,7,10,11,14,16,17,18,20,21,23,25,27,29,30,33,36,38,40,43,44,47,49,50,52,54,57,59,62,66,67,68,70,71,73,74,75,77,79,80,82,84,87,89,91,93,100,104,107,109,110 "33";
34 44 0 15,45,55,84,97,98,102 "34";
35 35 0 0,32,35,48,51,60,70,74,79,86,91,102,103,106,107 "35";
36 72 1 5,8,14,19,22,25,29,32,37,49,57,58,68,76,81,88 "36";
37 64 0 0,8,13,16,19,22,23,28,29,33,34,40,47,50,51,56,58,61,63,64,66,70,71,75,80,82,84,85,87,89,91,92,98,99,101,103,106,108,110,111 "37";
38 92 0 0,3,13,15,19,20,25,31,36,40,41,43,44,47,50,59,64,68,73,75,83,85,91,94,96,104,105 "38";
39 81 1 2,4,10,14,16,17,20,22,25,26,27,30,31,33,36,37,40,43,45,46,47,48,51,53,55,57,59,61,67,73,75,77,80,81,85,87,89,90,93,94,98,101,105,108,109 "39";
40 13 1 1,4,9,12,13,16,21,22,24,25,30,32,33,34,36,37,40,43,45,47,49,51,53,54,56,60,61,64,70,76,78,79,80,82,84,85,86,90,91,94,97,100,101,106,108,109,110 "40";
41 58 0 2,6,12,20,26,40,48,51,53,54,56,59,62,69,71,83,89,106 "41";
42 66 0 4,31,40,75,80,96,105 "42";
43 108 0 0,1,4,6,8,11,15,17,18,20,24,30,31,34,36,38,40,42,43,44,46,49,53,55,56,57,59,61,64,68,70,72,73,75,78,84,87,89,91,93,95,97,98,99,103,105,107,108,110 "43";
44 21 1 0,2,7,8,9,11,14,17,18,20,23,25,26,30,36,42,48,50,52,54,56,57,61,63,64,66,68,70,72,75,76,78,79,81,84,87,88,89,92,93,96,99,101,103,105,106,108,111 "44";
45 62 1 1,2,3,9,12,14,19,23,24,27,30,32,35,40,45,46,48,49,50,52,54,55,56,67,68,70,76,80,82,86,89,90,99,100,102,105,106,108 "45";
46 56 0 1,3,6,10,12,16,18,20,21,23,24,27,29,31,32,33,34,36,37,38,40,43,45,52,56,58,60,62,63,64,68,72,74,80,82,85,86,89,91,93,94,97,101,103,104,108 "46";
47 68 1 0,2,3,8,12,23,25,26,32,33,35,40,42,50,54,60,61,65,72,74,85,90,95,96,103,104,110 "47";
48 96 1 0,3,7,9,12,21,31,37,39,41,43,48,55,73,76,79,82,86,90,92,101,105,111 "48";
49 105 0 0,9,12,21,26,28,35,39,45,58,64,65,67,74,83,87,92,95,105,106,110 "49";
50 25 0 3,6,17,18,21,27,28,30,31,37,42,46,48,50,52,54,58,60,71,74,79,80,84,89,96,101,111 "50";
51 99 1 6,10,12,22,23,28,32,34,35,40,41,42,43,53,57,60,65,71,80,83,86,91,93,95,98,100,103,104,106 "51";
52 95 0 2,5,13,17,21,22,25,30,37,41,43,44,77,83,95,98,102,103,106 "52";
53 77 0 2,4,9,10,12,15,16,18,19,22,28,29,33,34,35,36,38,41,44,46,48,52,56,59,65,71,72,79,80,82,83,87,90,92,93,94,96,97,104,105,107,108,109 "53";
54 5 0 0,1,2,7,8,12,13,15,17,19,22,24,27,31,32,35,37,39,45,46,53,57,58,61,62,65,67,72,73,75,79,81,84,87,89,91,92,95,99,101,103,107,111 "54";
55 108 0 0,3,5,6,7,13,20,23,25,27,28,30,32,35,36,38,40,45,46,49,51,52,54,56,59,64,66,70,72,75,81,83,85,87,89,90,92,95,96,103,107,111 "55";
56 95 0 5,7,9,11,21,23,24,26,29,31,33,34,36,37,38,45,46,49,52,55,56,59,60,61,64,68,71,72,75,78,84,86,88,91,94,96,97,99,100,111 "56";
57 95 0 3,4,8,11,14,16,17,19,21,24,26,30,36,37,40,41,46,48,49,50,52,53,56,58,60,62,64,66,68,76,78,80,81,83,84,88,89,93,94,96,97,99,101,102,104,109,110,111 "57";
58 82 1 54,56,57,64,76 "58";
59 25 1 28,43,62,64,72,75,82,88,106 "59";
60 59 0 0,11,14,16,32,38,47,63,68,71,75,85,92,97,100,110 "60";
61 74 0 0,9,14,20,28,34,37,56,59,61,92 "61";
62 4 1 0,5,7,16,26,28,38,43,46,52,56,65,74,78,79,88,95 "62";
63 61 0 0,3,5,7,11,13,15,21,22,24,26,29,30,32,38,40,42,43,44,46,50,51,55,56,60,62,63,64,66,77,85,90,93,97,99,101,104,109,110,111 "63";
64 50 0 1,2,14,18,22,25,26,43,47,56,62,66,69,72,74,77,78,80,82,84,88,90,94,96,110 "64";
65 93 0 0,3,6,7,11,15,18,19,21,22,23,25,27,28,29,31,32,35,37,38,40,42,44,47,48,50,51,52,53,56,58,59,65,66,68,72,74,76,79,81,82,84,86,88,90,91,93,95,96,98,102,104,105,107,109,111 "65";
66 57 0 0,1,4,6,7,9,12,13,15,17,18,21,23,24,25,26,29,30,33,37,45,48,50,51,52,54,56,58,60,62,66,69,70,71,73,78,79,80,82,83,85,86,89,90,92,93,98,101,105,106,109,110 "66";
67 28 1 0,3,5,11,14,17,30,37,41,43,45,46,48,49,51,53,57,64,68,69,72,74,81,83,85,88,91,97,100,110 "67";
68 97 0 4,7,10,13,26,29,45,55,59,75,84,87,89,97,101 "68";
69 97 1 24,26,41,42,88,101,108 "69";
70 31 0 2,3,5,7,9,11,18,20,21,29,34,37,40,46,51,53,55,56,58,59,61,62,64,65,67,70,72,74,75,76,77,79,81,85,86,89,92,97,99,101,104,105,108 "70";
71 23 0 0,5,8,9,11,12,16,18,20,22,24,26,27,37,39,42,51,54,61,69,71,73,75,77,81,84,91,92,94,102,107,109 "71";
72 67 0 1,4,6,8,11,12,13,17,19,20,23,26,29,31,33,35,36,38,40,42,45,46,50,52,53,54,58,60,62,63,67,76,77,78,82,83,85,86,88,90,91,94,95,96,99,100,102,104,105,108,111 "72";
73 52 1 0,2,6,8,15,17,18,19,23,26,27,32,35,37,38,40,41,43,45,46,48,50,52,55,56,57,59,63,64,67,69,71,76,78,79,85,87,89,91,96,100,102,104,109,111 "73";
74 77 1 0,2,4,6,8,10,14,16,18,22,24,25,26,28,29,32,36,37,38,41,44,45,48,50,52,53,56,59,62,66,69,71,73,78,79,81,82,84,86,87,89,91,92,95,96,99,102,104,106,108,110 "74";
75 80 1 0,1,4,6,10,13,16,22,24,27,28,30,33,37,40,42,49,50,52,54,56,58,60,62,63,66,68,70,71,75,77,80,81,84,86,89,90,91,93,97,99,100,103,110,111 "75";
76 27 0 1,4,6,9,18,20,23,31,33,38,39,43,44,46,49,57,58,60,62,65,68,73,76,77,78,80,82,88,89,92,95,100,102,105,106,110 "76";
77 61 0 1,3,5,7,8,16,18,20,24,27,32,34,35,36,39,40,41,43,44,47,48,50,53,54,57,58,64,65,66,67,69,70,72,73,75,76,78,81,83,85,87,88,89,92,94,95,98,99,101,102,104,106,108,111 "77";
78 102 0 3,4,6,8,10,12,14,15,17,21,23,25,27,28,29,31,33,35,37,41,42,45,46,48,50,51,52,54,58,60,65,70,73,77,79,82,85,88,90,95,99,100,102,103,106,107,110,111 "78";
79 109 0 9,16,22,26,48,55,77,94,107 "79";
80 47 1 0,2,5,8,9,14,15,18,21,23,27,30,32,33,36,37,40,43,44,45,47,48,51,52,55,59,60,63,65,67,69,74,78,80,81,84,86,90,94,97,99,101,105,110,111 "80";
81 2 0 0,2,10,12,13,14,16,18,24,26,27,34,36,37,41,43,47,48,49,51,52,56,58,59,61,63,65,69,72,76,77,79,80,83,86,87,88,91,92,94,98,99,106,108 "81";
82 111 0 0,5,7,14,15,17,20,23,25,35,39,52,53,59,61,64,66,67,70,71,77,78,80,82,83,87,91,94,98,106,107,110 "82";
83 23 0 0,5,6,11,12,15,25,29,33,37,44,47,50,52,60,63,65,71,72,85,87,105,108 "83";
84 49 0 7,11,29,35,37,41,48,49,54,56,60,66,67,69,73,87,110 "84";
85 64 1 8,27,32,33,36,37,38,45,48,55,62,67,79,80,100,103,107 "85";
86 14 1 0,2,4,7,8,10,15,17,18,20,22,24,25,27,30,32,33,39,40,45,48,49,51,52,53,56,58,59,61,63,65,68,69,70,71,74,76,78,80,81,82,85,89,90,92,98,99,101,105,107,108,109,111 "86";
87 81 0 5,29,39,47,58,83,91,100,101,103,111 "87";
88 65 0 2,8,9,14,23,24,28,32,34,35,39,40,44,46,50,53,54,56,57,60,63,66,71,72,75,78,79,80,82,85,87,88,90,92,93,94,95,97,98,103,105,108,109 "88";
89 40 1 21,25,31,51,59,80,102 "89";
90 2 1 4,9,12,16,21,27,34,36,39,42,48,50,52,57,72,73,76,78,81,86,89,102,105,107 "90";
91 86 1 1,2,11,13,15,17,20,21,22,28,29,31,32,34,35,38,39,40,45,49,51,53,56,58,59,61,65,66,68,70,71,73,74,77,79,81,83,86,88,90,95,96,98,100,104,105,107,108,109,110 "91";
92 82 0 0,1,2,4,6,11,14,18,25,26,29,32,36,38,40,42,44,48,51,54,56,59,63,66,67,69,70,71,73,75,82,83,84,87,90,92,94,101,102,104,107,110 "92";
93 32 1 3,10,20,31,48,50,53,55,61,66,67,78,91,101,111 "93";
94 106 1 0,9,12,15,16,18,21,23,27,34,35,41,48,51,53,58,60,62,67,68,75,80,83,86,89,90,93,99,103,111 "94";
95 36 0 12,33,69,84,86,96,99,110 "95";
96 31 1 1,2,4,9,10,15,17,19,21,22,25,26,32,35,36,41,42,46,47,51,52,53,54,56,58,59,60,63,65,67,70,74,75,78,80,82,87,89,90,91,95,97,100,102,108 "96";
97 48 0 2,7,8,11,26,35,38,42,72,78,81,84,97,102,107,108 "97";
98 22 0 0,32,71 "98";
99 71 1 1,3,9,16,19,22,32,66,71,78,88,99,104,106 "99";
100 98 0 2,4,7,8,13,16,17,20,22,23,25,29,31,33,35,37,39,42,46,48,50,54,56,59,61,69,72,75,76,77,81,83,84,85,87,88,92,94,96,97,100,104,106,108,111 "100";
101 78 0 0,1,6,7,11,12,15,17,22,24,26,29,30,33,36,39,40,42,45,46,50,52,54,60,62,66,68,69,73,74,79,80,81,82,84,86,87,89,90,91,93,95,97,98,100,101,106,107,110,111 "101";
102 73 1 0,2,4,6,9,10,11,12,15,17,20,21,23,25,29,30,34,37,40,42,43,45,46,52,53,55,56,58,59,64,67,68,70,75,77,79,82,84,86,88,89,90,94,96,97,99,105,106,109,110 "102";
103 84 1 1,3,5,14,23,25,31,53,66,72,77,83,88,97,104 "103";
104 64 0 4,6,9,12,13,16,19,20,21,26,30,31,34,35,36,38,40,41,43,45,46,48,53,55,56,59,62,63,64,66,68,72,73,76,77,81,82,86,88,89,90,91,93,94,97,100,101,109 "104";
105 63 0 4,6,8,12,19,35,38,42,57,58,61,67,76,79,87,92,96,104,108 "105";
106 67 0 31,68,102 "106";
107 92 0 1,9,23,24,55,66,68,83 "107";
108 66 0 4,8,17,24,35,37,38,44,49,52,57,59,65,72,80,99,108 "108";
109 79 1 0,2,4,5,9,11,13,14,18,19,21,22,24,30,37,39,40,43,46,48,49,52,53,58,59,62,65,68,69,71,74,76,77,83,87,90,93,96,97,98,100,101,103,104,106,111 "109";
110 39 0 1,3,6,8,9,10,15,17,19,22,24,25,28,30,34,37,39,40,43,44,48,51,52,56,61,62,64,66,74,78,80,83,84,86,88,90,92,94,96,97,99,100,103,105,108,109 "110";
111 20 0 0,2,3,4,6,10,12,15,17,19,22,24,25,26,28,33,37,39,48,51,52,53,58,68,70,72,76,79,82,85,89,90,93,95,99,102,111 "111";
