parity 186;
0 152 0 4,8,15,21,24,25,26,30,31,33,37,40,42,54,59,62,67,78,92,104,108,110,116,117,124,125,127,131,136,139,146,151,157,165,172,174,186 "0";
1 33 1 0,4,5,6,10,11,12,14,15,18,20,21,24,26,28,30,32,34,35,36,38,40,42,43,45,47,48,50,51,53,54,55,56,60,61,63,64,65,66,69,73,74,77,79,80,82,83,85,87,90,92,95,99,102,104,107,109,110,112,113,117,119,120,122,124,126,128,130,132,134,141,142,143,145,146,149,152,153,154,156,157,158,159,161,163,164,167,169,172,175,179,183,184 "1";
2 39 1 1,5,9,10,12,14,16,18,19,21,24,25,26,28,29,31,32,34,35,36,37,39,41,42,46,49,51,52,54,56,58,60,67,69,72,76,78,80,81,84,89,90,91,96,99,103,105,109,111,114,115,116,118,119,121,126,127,129,131,133,134,140,145,150,151,155,159,161,165,166,167,178,182,183,185,186 "2";
3 42 1 5,14,17,20,22,23,25,30,32,36,44,49,62,66,68,77,79,84,85,90,95,98,107,121,132,134,142,148,155,158,160,162,166,174,176,180 "3";
4 60 0 0,14,17,26,30,38,41,44,47,50,52,54,56,61,63,65,76,83,88,89,91,94,96,100,108,110,112,115,116,118,122,127,130,135,141,143,152,157,161,163,168,182,183 "4";
5 183 1 13,50,118,146,183 "5";
6 113 0 20,36,40,48,55,63,72,75,89,112,113,131,133,158,170,177 "6";
7 88 0 1,4,5,6,8,11,15,18,19,20,21,23,24,25,27,29,34,37,39,42,44,46,47,49,54,55,56,59,61,63,69,70,72,75,77,82,85,86,88,90,91,92,96,98,101,104,107,110,112,114,115,120,127,128,131,133,135,138,140,141,144,145,147,148,150,151,156,157,162,164,165,168,172,173,175,177,179,181,183,185,186 "7";
8 168 0 2,8,12,13,17,19,20,23,27,29,32,33,34,43,44,46,49,53,55,56,57,59,60,65,66,67,71,74,76,78,82,85,88,90,95,96,97,101,107,109,111,115,117,119,120,124,125,131,136,141,142,145,150,158,160,161,162,165,166,176,179,180,182,184 "8";
9 182 1 1,3,4,8,12,16,18,22,29,33,34,42,45,47,51,52,54,60,63,68,70,72,74,75,76,78,80,82,85,86,90,91,95,98,100,101,103,104,107,108,110,114,115,118,121,124,126,128,130,134,138,142,146,151,152,155,157,161,163,168,170,171,176,179,182,185 "9";
10 19 1 2,4,8,10,13,15,18,21,22,24,34,36,37,46,47,48,50,52,54,57,60,62,64,66,72,73,75,79,83,85,90,92,97,100,102,104,106,108,117,119,123,126,127,129,130,132,134,137,139,141,142,143,150,153,156,159,161,163,169,171,174,185 "10";
11 88 1 0,1,8,13,16,20,21,23,27,33,34,38,42,43,46,49,50,54,56,58,59,66,69,71,73,78,79,81,85,88,89,93,96,99,100,104,105,107,108,111,117,120,122,124,127,129,132,134,149,151,161,163,166,169,171,172,176,178,181,182,186 "11";
12 18 1 41,53,81,106 "12";
13 5 0 1,2,6,13,22,27,29,38,45,58,62,64,80,84,96,98,101,103,114,122,123,125,131,139,144,145,151,157,161,165,172,174,186 "13";
14 73 1 3,5,7,10,12,17,19,20,23,24,34,35,40,42,43,44,46,49,53,56,58,64,67,70,72,75,78,81,85,90,93,94,96,99,103,104,105,107,108,110,112,114,115,116,119,122,127,131,134,136,138,141,145,146,150,151,152,155,158,160,161,163,166,168,175,178,181,183,186 "14";
15 84 1 5,19,29,46,53,65,79,97,112 "15";
16 2 1 9,22,24,27,32,39,43,47,55,57,62,64,66,69,77,79,80,84,85,93,96,110,120,122,131,134,138,143,144,149,163,169,174,176,178,179,182,185 "16";
17 168 1 0,2,4,7,8,14,16,18,19,20,30,35,36,38,39,43,45,47,50,54,56,60,61,63,65,66,70,74,76,79,81,85,90,92,93,96,98,99,101,102,103,105,108,112,113,115,117,120,122,124,133,134,136,137,139,141,143,146,147,151,152,154,156,160,163,166,167,169,171,172,176,181,183,184 "17";
18 114 1 3,4,6,8,9,12,14,18,22,23,24,28,32,33,44,48,50,55,58,61,66,68,70,71,74,75,83,84,87,89,91,92,97,106,108,110,111,114,117,120,126,129,139,143,145,149,151,153,156,158,159,162,164,170,173,175,180,182 "18";
19 104 0 17,29,30,56,62,94,96,114,116,137,142,147,170,175 "19";
20 30 0 9,10,16,21,23,35,36,46,53,68,73,78,79,89,95,100,109,116,122,149,152,161,164,171,182 "20";
21 102 0 2,5,6,10,12,15,20,28,29,30,32,34,36,38,41,44,45,47,49,50,52,55,59,61,64,66,68,69,71,72,73,76,77,79,83,84,86,95,100,101,103,104,106,109,111,112,117,120,122,123,130,131,133,137,141,143,144,146,147,150,153,159,163,164,167,170,180,184 "21";
22 79 1 0,3,7,15,17,20,22,24,26,28,38,41,42,44,46,51,52,54,59,64,70,71,74,78,82,83,86,91,93,97,98,103,105,108,110,116,117,132,137,142,145,154,155,160,164,166,169,173,182,183,186 "22";
23 33 0 0,4,8,22,23,26,31,40,44,47,50,53,64,70,72,75,82,86,87,94,104,105,107,109,123,136,147,150,152,158,168,172,179,186 "23";
24 108 1 9,12,22,25,28,30,44,47,52,59,63,64,67,69,72,79,80,83,86,90,93,95,97,102,107,114,121,128,129,131,134,136,143,147,150,153,156,159,162,163,169,177,181,182,184,185 "24";
25 23 1 0,1,3,5,15,16,19,20,22,25,26,28,30,31,34,37,39,42,45,46,47,51,53,57,59,60,62,70,71,73,75,80,83,84,88,102,105,108,110,111,114,115,118,120,122,127,131,135,137,141,144,147,148,150,154,156,158,159,161,163,169,172,174,177,180,181,184 "25";
26 112 1 3,5,9,10,12,15,16,19,20,22,23,26,28,33,35,43,44,45,47,49,51,52,53,60,61,67,68,71,73,75,76,78,79,82,84,86,88,94,98,100,101,104,107,108,109,110,112,113,118,124,128,130,131,133,137,139,143,146,147,150,152,154,158,159,163,165,170,173,174,183 "26";
27 18 0 2,3,5,7,9,13,15,20,24,25,26,31,33,40,42,43,46,48,50,53,54,57,59,63,64,71,74,75,77,79,82,85,88,89,90,93,95,100,102,103,108,119,121,123,126,129,134,138,141,143,146,148,151,153,158,163,170,175,177,179,182 "27";
28 179 0 2,3,7,10,11,16,18,22,25,26,28,34,42,45,46,47,49,51,57,62,63,74,76,78,79,84,93,100,102,106,107,108,110,112,115,118,124,125,127,130,133,134,136,137,138,139,140,148,150,157,158,159,160,162,165,167,169,173,176,177,179,181,185 "28";
29 147 1 3,5,9,11,13,18,21,24,26,28,30,32,34,35,39,42,43,45,49,50,53,56,58,61,62,67,68,70,74,77,78,80,88,95,98,103,106,108,114,117,119,120,121,123,124,126,129,136,138,140,142,144,145,148,149,153,160,164,167,169,170,171,178,185 "29";
30 18 0 3,13,15,32,34,37,40,50,56,63,66,79,86,112,115,123,129,133,144,162,164,185 "30";
31 122 0 2,3,9,11,17,22,23,26,28,32,42,44,47,56,57,60,67,73,76,77,79,83,84,99,113,118,119,122,124,134,136,141,149,150,157,158,162,164,166,168,171,180,181 "31";
32 187 1 1,4,5,6,8,12,13,15,17,20,24,25,26,29,31,33,34,36,37,39,41,43,45,50,52,55,59,61,62,64,70,75,77,79,83,85,87,90,95,98,100,103,104,110,113,114,115,117,121,122,125,127,128,131,135,138,139,141,142,148,150,153,154,158,161,163,165,166,170,171,172,174,177,184,185,186 "32";
33 38 0 1,2,3,6,9,10,11,13,16,17,22,23,28,30,33,38,40,47,48,51,53,55,57,59,60,63,65,69,72,73,74,76,77,79,80,82,83,85,86,89,91,93,94,95,97,99,102,104,105,108,109,111,113,114,117,118,122,124,125,127,132,134,137,139,140,141,145,146,147,149,150,152,153,155,157,160,161,163,165,166,169,170,172,174,178,182,183,184 "33";
34 147 1 0,2,4,5,9,10,13,14,16,19,21,22,24,29,31,32,35,38,39,41,44,49,52,56,58,61,63,66,67,71,77,81,84,86,88,90,93,95,97,98,100,101,102,104,106,107,110,112,113,115,116,119,120,121,123,126,128,129,135,139,142,146,149,150,151,153,155,156,159,160,167,172,174,177,179,181,182,184,185,186 "34";
35 140 0 0,4,5,6,8,10,14,29,37,39,40,43,45,49,52,55,57,59,64,67,68,72,76,82,86,94,96,99,101,104,107,110,116,119,123,126,127,130,131,136,138,139,141,142,146,149,151,152,155,160,164,167,170,172,173,176,178,181,184,185 "35";
36 185 1 1,11,12,15,18,19,30,33,37,49,57,66,77,84,86,88,90,95,99,114,120,122,127,131,148,154,161,172,180,181,186 "36";
37 83 1 0,6,7,9,16,18,20,23,28,37,38,40,42,44,46,53,56,59,60,61,64,66,67,69,73,74,75,79,84,87,89,91,96,98,103,107,110,111,122,123,124,128,129,131,133,134,142,146,153,154,163,168,171,173,178,181 "37";
38 90 1 2,5,7,12,15,18,21,25,27,29,37,40,43,48,62,67,72,89,90,93,95,97,102,106,117,120,127,134,135,136,141,149,151,166,168,170,175,177,179,180,185 "38";
39 34 0 19,27,39,40,58,59,61,70,74,93,123,125,140,142,145,171,176 "39";
40 95 1 1,2,4,10,11,17,19,26,28,32,35,41,43,46,49,53,55,57,62,65,67,69,70,81,84,85,86,87,90,92,95,98,106,108,112,116,119,121,124,126,130,136,143,145,148,152,155,157,159,162,164,167,172,174,175,181,183,186 "40";
41 67 1 1,2,34,40,45,47,56,59,79,82,91,98,107,123,128,153,162,163,165,169,172 "41";
42 74 0 9,60,79 "42";
43 163 0 3,7,24,37,52,65,72,73,80,92,93,112,115,118,120,121,130,134,139,143,149,158,161,163,167,170,172,175,177 "43";
44 101 1 1,3,4,7,10,13,15,17,19,20,25,28,33,36,39,42,50,54,56,60,66,68,70,78,80,82,86,92,102,112,114,117,118,120,121,123,129,132,136,140,143,144,149,153,158,160,163,174,180 "44";
45 48 1 10,20,28,43,46,51,54,60,64,71,86,93,96,99,105,111,112,130,152,165,185 "45";
46 39 1 0,3,4,15,19,24,32,35,39,43,46,54,56,63,69,73,83,95,115,121,122,125,128,145,151,156,159,165,172,178,180 "46";
47 14 0 0,2,5,10,12,13,15,18,19,20,22,24,26,28,29,30,32,35,37,44,45,47,49,51,57,58,59,61,65,66,69,70,73,74,76,77,79,82,86,93,96,97,103,105,108,110,113,119,120,124,126,128,131,132,136,146,148,149,151,154,156,165,166,168,170,172,177,179,181,185,186 "47";
48 176 1 16,34,47,71,97,112,115,149,161,165,171,172,173 "48";
49 118 1 4,7,14,16,18,23,30,31,33,37,39,42,47,52,58,61,65,68,75,79,81,86,87,92,95,99,102,111,112,113,114,115,121,124,133,149,150,153,155,156,158,167,171,173,175,178,179,181,186 "49";
50 165 0 0,4,5,6,8,10,11,15,16,19,20,22,24,26,28,29,35,37,38,42,46,48,49,51,53,58,60,62,64,65,68,69,70,71,76,81,85,86,88,90,91,95,98,99,100,102,104,106,111,112,114,117,118,119,122,124,125,126,128,131,138,140,142,143,145,147,150,154,156,159,161,163,164,166,168,170,172,173,174,176,178,180,181,184,186 "50";
51 119 1 2,5,7,9,13,14,16,18,22,24,27,29,31,36,39,41,50,55,57,58,59,64,68,69,72,73,74,83,85,86,90,94,98,100,102,105,106,107,109,112,113,115,119,120,123,126,127,133,140,141,143,146,147,152,157,161,162,164,166,168,169,171,173,176,179,183 "51";
52 76 0 8,13,16,44,71,78,84,93,95,97,103,106,114,119,133,134,139,155,170,176,177 "52";
53 186 0 2,5,8,13,15,17,19,21,24,25,28,29,31,34,35,36,46,47,55,59,60,64,68,74,75,79,80,81,83,84,85,89,91,95,96,100,103,104,105,107,110,114,115,117,119,121,123,124,126,127,129,132,133,134,136,140,147,151,153,154,156,164,166,169,171,173,175,178,181,182,184 "53";
54 8 1 0,6,16,17,19,23,24,27,29,37,39,45,48,52,58,64,67,68,70,72,74,76,77,79,81,82,83,87,90,91,92,94,97,98,101,103,105,107,108,110,112,113,114,121,129,132,134,136,139,140,142,143,145,147,149,152,153,156,160,161,163,168,170,174,176,178,182,184,186 "54";
55 58 1 3,12,13,20,21,23,25,27,28,29,32,36,40,44,47,48,51,53,54,58,60,62,63,65,66,68,76,81,85,87,88,92,95,97,101,103,108,110,111,114,116,123,125,126,127,130,131,134,136,138,140,143,146,147,149,152,155,159,162,165,166,168,170,172,174,176,181,183,186 "55";
56 160 0 3,5,10,18,31,34,36,38,51,55,59,63,71,74,84,85,90,91,99,101,104,123,125,127,129,130,131,134,139,147,160,165,167,172,174,176,179,181 "56";
57 132 0 2,5,11,23,36,40,56,73,74,81,99,103,112,116,123,133,138,142,143,153,157,173 "57";
58 149 1 0,1,3,6,8,9,11,12,14,16,19,20,27,30,33,36,38,41,45,50,52,55,58,59,61,62,64,66,67,68,70,75,77,79,81,83,84,85,88,93,95,97,99,101,106,107,109,111,112,117,118,123,124,126,128,132,133,134,138,141,145,147,149,150,151,159,160,162,163,169,171,172,173,175,176,177,180,181,183,185 "58";
59 144 1 4,7,10,12,15,21,25,28,31,33,37,39,43,48,52,57,58,61,63,65,66,69,70,72,75,77,79,84,90,105,114,119,126,128,129,131,146,147,150,151,153,156,159,164,171,173,180,182,185 "59";
60 125 1 0,3,5,11,14,17,19,21,23,25,28,37,39,41,42,44,47,53,54,56,57,59,60,62,64,68,73,77,78,81,83,86,88,89,91,94,96,99,104,105,107,112,115,118,120,125,130,133,136,138,139,143,144,146,149,153,158,159,160,163,164,165,167,169,170,172,174,176,178,179,180,181,183,185 "60";
61 110 1 38,106,154,161 "61";
62 21 0 0,1,5,7,10,11,17,20,23,27,29,31,32,37,40,43,47,48,53,57,60,65,66,71,77,83,86,88,90,94,96,97,100,102,107,110,111,113,114,115,118,120,122,127,131,132,133,137,139,143,144,150,152,154,158,161,163,164,171,172,173,175,178,179,180,182,183 "62";
63 73 0 9,12,14,16,34,54,67,81,98,100,137,147,166,173 "63";
64 106 1 22,24,36,40,49,50,53,57,59,79,86,88,91,93,105,113,116,118,138,140,152,157,168,176,185 "64";
65 182 0 2,25,54,97,132 "65";
66 163 1 0,3,4,9,10,12,16,19,20,23,26,28,29,32,33,34,37,39,42,44,46,48,49,51,54,57,59,61,64,65,66,69,71,72,75,76,79,82,84,85,93,95,98,99,101,102,103,105,106,111,113,114,115,116,121,125,127,129,131,135,137,141,142,143,144,146,147,149,153,158,160,163,166,167,170,173,177,178,180,183,186 "66";
67 63 0 2,4,7,8,10,13,16,17,24,28,29,35,38,40,46,54,56,58,63,66,68,73,75,78,79,83,85,86,88,90,93,95,97,98,100,101,102,108,112,115,118,120,121,122,125,126,128,129,140,144,147,150,154,159,165,168,169,171,172,174,176,178,179,181,184 "67";
68 125 1 1,6,10,16,28,32,35,38,41,46,49,52,55,57,60,62,66,67,71,72,75,78,84,89,91,95,96,98,103,104,106,112,115,120,123,127,131,136,138,143,146,148,149,159,164,166,169,170,172,174,176,179,181 "68";
69 55 1 2,6,7,12,17,22,24,29,30,32,33,39,43,48,49,52,58,63,69,73,78,81,83,96,98,99,109,112,117,120,125,127,132,135,141,144,148,151,153,160,165,167,175,180,184,186 "69";
70 171 1 2,4,5,7,10,11,15,16,18,19,21,27,30,33,36,38,40,41,45,46,47,52,54,57,62,64,67,68,70,71,72,74,75,76,83,86,89,91,92,94,96,98,102,104,109,111,112,114,117,118,119,121,123,124,126,129,131,134,136,139,141,146,148,149,152,155,159,165,169,171,173,176,178,181,183,184,186 "70";
71 147 1 4,9,12,14,17,20,21,23,27,31,35,38,39,41,47,48,52,54,58,60,62,69,70,73,75,76,78,80,85,86,88,90,92,94,96,97,102,104,106,108,111,116,118,120,121,123,125,128,130,132,134,138,142,146,147,149,150,153,154,158,163,167,169,170,172,175,179,181,183,185,186 "71";
72 59 1 0,7,9,19,29,33,37,41,43,47,52,53,56,62,65,67,74,75,77,81,86,87,94,97,104,106,109,112,116,119,122,131,133,135,139,149,154,159,161,165,168,171,183,186 "72";
73 177 1 25,71,143 "73";
74 155 0 9,49,55,62,89,129,140,147,164,167,174,177 "74";
75 135 1 2,3,14,15,17,21,22,24,26,29,30,32,35,38,41,43,47,51,52,55,58,60,63,65,67,69,72,73,74,77,86,91,92,93,94,96,98,100,104,108,112,115,119,123,127,133,134,137,139,142,146,149,152,156,158,159,160,162,164,167,176,177,179,181,183,186 "75";
76 156 1 0,2,3,11,14,19,32,37,44,49,55,61,63,65,69,76,80,86,91,92,98,100,106,109,114,116,118,119,124,127,132,139,143,145,149,151,154,157,165,168,178,180,183,186 "76";
77 7 1 3,16,20,23,31,34,46,47,52,73,78,79,82,84,86,93,94,99,100,102,105,107,112,117,121,123,126,128,133,134,140,141,146,148,158,160,166,170,174,177,179,183,184 "77";
78 27 1 3,6,10,12,18,42,52,70,74,83,86,92,114,117,122,133,144,146,150,157,161,170,171,172,183 "78";
79 81 0 2,4,7,9,12,14,16,17,20,24,26,28,30,31,32,34,35,37,39,41,43,45,48,50,52,56,57,58,62,65,66,67,70,72,74,76,77,78,80,81,84,85,88,89,91,93,94,96,97,101,103,104,105,108,112,115,116,120,123,127,128,130,134,135,137,141,143,144,145,148,149,153,155,157,165,168,170,172,173,176,179,181,182,184 "79";
80 166 1 0,1,7,9,16,21,24,25,31,34,37,38,41,42,45,53,55,60,65,66,68,72,73,75,78,80,81,84,87,88,91,93,96,102,104,106,107,110,111,112,114,116,121,124,126,129,131,132,135,138,140,143,145,149,152,160,162,164,166,167,169,173,174,177,180,184 "80";
81 13 0 65,88,139 "81";
82 180 1 7,12,14,27,31,40,42,44,46,48,51,53,54,58,64,68,71,74,76,78,84,85,88,90,92,94,98,101,105,107,114,118,121,122,127,133,138,139,145,152,154,160,164,174,182,184 "82";
83 21 0 9,46,73,97,98,114,123,127,134,162 "83";
84 32 1 25,153,156 "84";
85 108 1 47,153 "85";
86 36 0 66,122,134,157 "86";
87 3 0 0,2,6,8,9,11,16,17,19,23,24,28,29,33,34,36,40,41,46,47,53,56,61,63,66,67,68,69,76,77,79,80,83,85,87,89,90,94,96,100,103,107,110,112,120,122,126,127,129,136,137,140,142,144,145,150,152,153,155,156,157,160,162,163,167,168,170,173,175,178,182,185 "87";
88 42 1 1,2,3,6,10,14,16,17,18,23,25,27,28,29,31,33,36,38,42,46,50,53,55,60,68,73,76,78,79,83,84,86,87,90,94,100,102,105,108,111,112,115,120,126,127,129,134,136,138,141,142,147,155,156,158,163,166,176,179,180,182 "88";
89 122 1 2,4,7,10,14,16,18,20,22,24,26,29,36,38,39,40,41,45,48,49,52,55,58,60,62,63,64,66,68,70,74,76,81,83,87,89,94,97,98,100,102,106,109,114,115,123,131,136,140,141,146,149,150,153,156,157,161,165,173,178,179,181,183,186 "89";
90 80 0 0,19,27,30,34,39,61,62,77,81,92,116,117,119,122,134,146,150,155,158,175,179 "90";
91 21 0 1,3,4,8,9,10,12,13,17,19,25,27,28,29,38,40,42,45,49,51,52,57,65,66,69,71,79,81,82,87,89,91,94,96,97,99,102,104,106,107,111,114,118,119,120,121,127,129,130,135,136,141,144,145,149,150,152,154,156,167,170,171,175,177,183 "91";
92 21 0 0,1,2,4,7,8,11,12,14,18,20,22,23,25,27,28,29,31,34,35,37,38,39,43,45,46,47,49,50,52,54,55,56,57,58,60,61,63,68,69,70,72,74,76,77,80,83,87,88,90,93,95,96,98,99,101,104,105,107,108,109,114,117,118,121,125,127,130,131,134,137,140,141,144,146,149,150,153,154,156,157,159,162,163,164,166,167,168,172,176,178,179,181 "92";
93 154 1 46,78,79,92,100,122,151,152,162,164,181 "93";
94 137 1 15,20,23,27,40,42,56,65,88,94,104,117,124,143,174,179,185 "94";
95 51 1 2,30,41,44,50,54,69,70,75,79,85,103,114,127,129,145,165,180,185 "95";
96 9 1 0,3,4,14,15,19,23,25,29,32,33,37,40,46,48,54,56,57,60,62,63,67,72,73,77,82,85,88,90,92,96,102,105,107,108,112,114,117,124,129,131,133,136,137,141,143,145,146,151,152,154,155,158,160,162,165,168,169,170,175,179,181,184 "96";
97 153 1 0,17,41,44,48,50,58,60,62,69,71,79,83,92,94,109,114,122,132,134,139,141,147,155,159,160,165,167,170,175,177,184 "97";
98 104 0 33,42,78,106,108,154,179,183 "98";
99 138 0 7,37,45,63,67,69,96,100,108,112,117,130,145,153,158,167,168,173 "99";
100 162 0 0,2,7,8,10,12,15,18,19,21,22,24,26,28,30,32,39,43,46,47,51,53,56,60,61,65,66,69,71,72,74,75,78,80,88,89,92,94,95,97,101,105,107,109,113,116,122,124,125,126,128,129,131,134,138,142,144,146,147,149,150,152,154,158,161,165,169,171,174,176,180,183 "100";
101 124 0 1,7,11,13,20,22,26,27,28,33,40,62,63,65,68,72,74,81,83,86,89,95,99,100,104,105,107,116,119,122,124,128,129,132,133,135,143,148,150,153,159,162,167,169,174,175,179,183 "101";
102 38 1 0,2,6,9,12,15,19,36,37,40,43,49,53,65,67,70,76,79,87,89,96,99,104,108,113,115,119,122,124,127,131,137,144,157,167,170,177,179 "102";
103 31 0 1,4,5,6,7,9,12,13,14,17,18,20,22,23,28,29,32,34,36,37,39,46,47,48,53,54,55,57,58,61,62,63,66,67,69,70,72,74,75,77,82,86,92,94,96,98,100,104,106,108,110,111,113,115,116,118,120,121,122,124,125,126,127,130,131,133,136,138,140,141,143,144,148,150,154,155,156,158,159,160,161,163,165,168,170,172,174,177,179,180,181,182,184,186 "103";
104 80 1 3,7,11,18,34,52,59,62,88,138,154,176,181 "104";
105 34 1 1,3,4,5,8,9,13,14,17,23,24,27,29,31,33,36,37,39,43,44,47,50,51,52,53,55,61,62,66,68,70,71,75,77,80,81,82,85,86,88,93,97,99,102,104,106,108,111,116,118,120,122,124,125,126,128,129,131,134,136,138,140,141,143,144,148,152,154,156,157,166,167,174,175,177,179,180,182,184,185 "105";
106 175 0 0,1,5,7,9,11,16,19,23,26,33,36,38,44,45,49,50,55,57,58,60,63,67,69,71,73,75,76,78,79,80,82,84,88,89,93,97,99,102,105,111,114,119,120,130,133,134,138,143,144,149,151,155,157,161,162,168,173,176,177,179,180,182,184 "106";
107 120 1 2,5,6,8,14,19,22,28,29,32,34,37,39,41,46,50,51,55,58,62,70,72,74,77,78,81,84,87,88,90,93,96,102,110,111,113,116,120,121,123,125,130,136,138,139,141,147,149,152,155,163,165,171,173,175,176,177,179,181,182,184 "107";
108 5 1 3,7,11,19,21,23,26,27,29,30,36,41,43,47,49,50,55,59,63,66,67,75,77,82,84,87,91,102,105,108,113,117,119,123,124,129,139,142,144,152,158,160,164,172,174,184,186 "108";
109 9 0 1,4,6,7,13,14,18,19,20,22,25,27,29,30,32,35,37,42,51,56,57,58,61,68,74,75,77,79,83,85,89,90,92,93,96,100,102,106,111,116,117,128,132,135,136,138,141,142,144,146,147,152,153,155,157,160,161,164,165,166,167,170,171,173,176,178,180,183,185 "109";
110 119 1 3,8,10,13,15,16,18,37,39,44,48,50,53,57,62,63,71,79,80,83,91,93,95,107,115,116,118,119,122,125,128,130,132,134,139,141,153,158,159,164,173,177,182 "110";
111 111 0 2,5,8,12,13,14,17,20,22,23,25,27,29,32,35,37,39,41,43,45,47,49,52,54,58,60,61,65,76,79,82,85,86,93,102,109,112,115,118,122,125,126,128,129,131,132,135,137,138,140,143,144,147,150,152,153,156,159,161,163,165,170,174,178,179,181,183 "111";
112 167 0 8,14,38,39,41,60,61,63,78,84,89,109,116,120,139,162,174,182,184 "112";
113 120 0 1,4,15,16,18,27,34,35,39,41,43,44,46,48,53,56,58,60,62,64,68,70,72,76,77,79,80,83,84,91,92,94,100,101,109,111,113,115,119,124,126,129,132,137,141,147,149,154,159,161,166,168,172,174,177,181,184 "113";
114 81 1 0,3,9,10,11,16,18,21,24,29,31,34,46,47,48,53,56,57,60,61,67,73,76,79,81,85,99,104,115,116,122,125,130,132,135,136,139,154,160,165,166,174,175,176,183,186 "114";
115 184 1 18,21,23,33,38,49,55,56,64,66,77,85,94,105,116,121,123,124,138,145,149,164,182 "115";
116 85 1 0,3,11,14,19,25,28,31,34,38,41,45,47,51,55,59,62,66,76,90,104,110,117,119,126,130,132,135,142,146,149,151,157,159,162,168,169,176,178,181,183,185 "116";
117 22 0 2,5,7,11,14,16,17,22,26,27,28,32,34,37,38,40,42,44,45,47,48,52,53,57,60,65,69,75,78,81,84,88,91,93,95,97,102,104,107,111,113,115,118,121,122,123,130,133,137,139,141,145,148,149,151,152,154,155,156,157,163,166,167,173,176,178,185 "117";
118 58 1 1,8,12,17,20,31,33,34,37,42,45,49,51,57,60,64,65,75,78,80,84,89,94,97,98,101,110,111,117,121,123,124,131,134,137,142,143,146,155,160,163,168,173,174,177,178,181,183,185 "118";
119 60 0 1,4,5,6,9,10,12,14,18,20,24,25,28,30,34,36,38,40,41,42,44,47,48,52,54,55,57,62,64,65,68,69,72,73,74,79,80,82,84,85,87,89,92,97,100,101,104,105,108,110,111,112,113,117,118,121,123,128,132,133,136,140,142,147,148,150,153,155,156,158,160,162,163,165,167,168,170,172,176,178,180,184,186 "119";
120 59 1 0,3,4,5,9,11,12,18,20,22,26,32,34,35,37,40,44,46,48,51,52,53,56,58,62,65,70,72,74,76,78,79,81,83,87,89,92,94,100,101,102,104,106,115,119,120,122,124,126,127,131,133,134,140,142,144,146,149,151,153,156,157,160,161,163,168,170,172,173,176,177,181,183,185 "120";
121 58 0 50,78,105,111,146,174 "121";
122 31 0 0,7,26,41,53,56,59,65,78,91,114,117,122,137,140,150,162,173,180 "122";
123 155 0 0,5,6,7,8,11,12,14,17,18,20,21,23,24,26,28,30,32,33,35,36,37,40,42,46,47,48,50,52,53,57,59,62,63,67,68,70,72,74,76,79,81,83,85,86,89,91,94,95,97,98,102,104,109,110,112,113,115,116,117,118,120,121,122,124,125,128,133,134,137,139,140,143,145,146,148,149,151,155,157,158,160,161,162,164,166,171,173,175,177,178,182,184,185 "123";
124 130 0 14,23,68,80,81,97,106,113,119,146,158,171 "124";
125 32 0 18,24,27,34,79,91,99,112,114,147,149,157,158,160,182 "125";
126 45 0 1,17,40,44,52,57,87,121,159,182 "126";
127 65 0 3,5,6,9,11,13,14,15,16,17,21,24,25,27,29,33,40,41,45,47,48,52,56,58,59,63,65,80,86,88,90,91,95,96,98,101,102,108,109,113,114,118,121,122,123,126,128,129,133,138,140,142,147,148,150,155,157,161,163,165,169,172,174,179,183,185,186 "127";
128 178 0 9,30,31,32,75,102,108,113,115,124,128,145,148,150,156,180,184 "128";
129 32 0 1,3,4,9,10,11,13,14,16,17,19,20,22,23,24,25,30,31,33,36,39,41,45,46,47,49,54,56,58,59,61,64,66,67,69,71,74,78,79,82,83,85,87,88,90,94,96,98,99,100,102,104,106,109,111,116,119,121,123,126,127,134,135,141,142,144,148,149,151,152,155,156,157,159,162,164,166,168,169,172,174,176,178,181,184,186 "129";
130 83 0 9,38,56,125,162,169 "130";
131 11 0 3,11,19,25,27,30,37,40,46,49,54,60,65,67,78,84,95,96,107,113,114,118,130,132,134,148,152,155,159,161,163,174,175,177,186 "131";
132 81 0 1,2,4,18,22,29,44,50,52,57,62,63,65,68,69,71,78,87,88,90,95,98,106,108,114,116,123,128,137,149,150,162,175,185 "132";
133 94 1 2,3,6,7,10,11,16,18,19,21,22,23,24,27,30,32,34,37,38,43,44,46,48,50,52,53,54,55,57,60,62,63,65,68,69,71,72,75,78,81,82,83,84,86,89,90,91,92,94,95,96,98,101,103,105,108,110,112,115,117,119,120,122,124,126,127,130,132,135,136,137,140,142,146,147,150,153,155,156,158,159,161,162,164,166,167,168,170,174,177,179,181,183,186 "133";
134 147 1 0,9,11,16,22,29,32,34,38,41,44,46,58,59,62,66,69,71,74,75,81,84,85,86,90,95,96,102,106,107,109,110,113,115,121,124,126,127,131,135,139,146,153,157,159,162,170,175,177,180,184 "134";
135 148 1 0,3,5,7,11,12,14,17,18,20,21,25,27,30,35,41,42,52,53,55,57,59,60,63,65,66,69,70,72,73,77,79,81,83,89,92,96,97,98,100,102,105,107,109,111,112,115,117,120,121,124,127,128,130,132,134,137,139,141,143,147,151,154,156,157,159,161,163,168,169,173,177,178,180,181,185,186 "135";
136 83 0 0,5,8,13,16,22,25,27,30,31,32,34,38,42,50,53,55,58,68,69,71,74,78,81,82,84,87,91,92,94,99,101,103,108,111,116,117,121,129,134,136,137,139,142,146,148,152,154,156,160,161,164,166,174,177,182,186 "136";
137 82 0 4,6,12,13,22,33,42,52,57,67,68,69,71,73,75,79,81,82,85,91,102,108,112,113,114,116,120,125,127,131,136,139,143,145,149,152,154,157,159,161,175,178,186 "137";
138 165 0 1,2,3,5,7,14,16,22,25,27,29,33,37,39,45,47,48,51,53,58,61,63,65,68,72,74,76,82,84,88,90,92,99,103,106,107,109,110,111,113,115,121,123,125,128,129,131,139,140,146,150,152,153,156,159,163,166,168,170,173,176,179,182,184,185 "138";
139 48 1 6,23,24,26,30,36,42,43,47,50,55,59,60,64,66,75,77,86,90,98,103,106,111,118,126,132,133,138,144,164,171,178,179,182,183 "139";
140 170 0 2,4,6,10,11,14,15,17,18,20,22,24,27,29,32,36,39,40,42,44,45,50,51,54,55,60,64,66,69,73,75,78,79,81,84,90,92,100,104,106,108,110,111,113,116,117,119,121,124,126,128,130,133,134,136,138,142,143,146,148,150,151,153,154,155,158,160,162,163,165,167,169,173,175,177,178,179,181,183,184,186 "140";
141 79 1 0,8,59,159,170,179,186 "141";
142 184 0 5,8,14,19,20,25,27,32,33,39,40,46,49,50,52,57,66,70,71,74,77,83,86,90,101,102,105,107,110,112,114,117,119,122,123,129,133,136,138,140,159,161,168,174,177,179,182,183 "142";
143 179 0 1,3,17,20,29,36,43,49,51,56,62,67,69,72,74,83,84,87,88,91,97,99,105,110,116,117,118,121,127,136,142,154,159,162,163,167,171,175,176,178,181,185 "143";
144 85 1 139,147 "144";
145 122 1 0,2,3,4,7,10,13,20,22,23,27,28,29,30,32,34,36,39,42,45,46,53,54,56,58,62,65,66,68,70,71,73,76,80,82,85,90,91,94,96,97,99,100,101,104,108,111,114,118,120,123,125,133,136,138,139,140,142,144,146,147,149,150,152,157,164,166,169,170,172,174,176,180,186 "145";
146 160 1 67,85,125,131 "146";
147 62 1 0,3,5,7,10,11,13,14,16,19,22,28,34,35,39,40,44,48,49,51,54,55,57,62,63,64,66,68,71,75,76,78,80,82,84,86,87,89,90,93,95,96,98,99,101,103,106,108,113,114,120,121,123,124,125,127,129,130,133,135,137,140,141,142,145,147,149,151,153,156,158,160,163,166,168,169,172,174,178,179,181,183,184,186 "147";
148 167 1 7,10,21,24,28,34,36,39,44,46,51,54,56,70,76,83,89,97,100,105,109,121,125,139,142,147,157,159,163,165,166,167,174,178,184 "148";
149 108 1 1,3,4,11,14,17,19,21,23,25,26,29,32,33,34,37,45,51,56,58,61,62,63,64,65,67,70,71,73,76,81,84,85,92,95,97,99,101,103,106,108,110,111,113,114,116,118,119,120,121,126,128,130,136,138,139,140,142,145,148,149,152,155,156,159,164,165,167,170,172,174,175,178,183 "149";
150 62 0 1,7,20,34,43,71,85,88,107,111,112,138,153,156,167,168 "150";
151 144 1 29,63,78,103,144,151 "151";
152 148 1 3,4,8,10,12,14,18,19,21,22,24,25,35,38,41,42,48,50,52,53,61,62,64,66,68,69,73,75,78,85,88,90,93,102,104,107,112,118,121,123,125,127,133,136,138,139,144,145,147,149,152,153,156,159,161,163,169,171,174,176,179,182,184,185 "152";
153 93 0 9,47,68,74,93,101,125,130,133,139,166,175,179 "153";
154 49 1 45,66,75,89,92,116,147,160,168,179,181 "154";
155 125 1 3,5,8,12,15,18,22,30,32,34,37,47,48,54,57,58,61,64,72,75,76,80,81,82,83,89,90,92,95,99,101,102,106,110,112,113,115,120,121,126,132,134,137,138,141,145,148,149,150,155,158,161,163,169,175,178,181,182,185,186 "155";
156 10 1 0,5,17,23,24,30,33,36,44,48,62,69,82,87,92,95,97,102,103,113,114,118,121,123,127,128,131,132,135,138,141,146,151,159,163,165,170,173,177,186 "156";
157 119 1 2,4,9,15,18,19,23,28,30,38,41,47,48,49,53,56,57,60,64,65,67,69,71,72,73,75,79,80,81,84,85,87,90,92,94,96,99,100,101,103,106,113,114,115,118,119,121,125,127,128,130,133,135,139,140,146,148,151,158,161,162,168,171,173,174,176,181,182,185,186 "157";
158 65 0 2,3,8,12,17,20,25,29,30,31,33,34,35,36,40,41,43,46,48,49,51,53,56,57,60,62,63,67,69,71,72,75,77,78,81,82,89,90,91,93,96,97,99,101,103,105,107,108,111,112,115,117,125,132,133,136,137,142,144,147,150,155,159,160,161,167,168,169,170,172,173,175,176,180,182,184,186 "158";
159 82 0 6,22,27,31,55,73,75,85,88,95,116,119,147,158,179 "159";
160 120 1 2,5,7,11,12,14,17,20,23,26,29,32,34,38,40,41,43,44,45,50,51,55,59,60,65,68,70,72,76,77,79,89,91,95,97,102,103,106,108,112,115,117,118,124,125,126,128,130,135,138,142,146,148,149,150,156,158,160,161,165,166,169,174,185 "160";
161 13 1 3,6,7,13,15,17,19,21,23,24,28,29,33,41,44,48,54,56,58,63,65,69,70,72,74,79,82,86,91,97,101,106,109,112,113,116,118,119,121,123,125,128,131,134,135,137,142,144,145,149,150,151,152,154,155,156,158,160,162,164,166,168,173,177,183,184 "161";
162 34 1 0,18,21,23,36,42,50,54,57,64,65,68,69,94,97,120,130,169,178 "162";
163 32 1 3,13,15,17,24,31,40,44,46,52,53,56,57,67,69,71,83,87,96,100,102,107,111,112,113,116,120,122,131,134,135,138,139,141,149,151,153,156,157,163,174,182 "163";
164 132 1 21,23,38,43,51,58,60,65,75,77,83,97,101,104,108,109,111,114,118,127,143,154,160,165,167,176,182,185 "164";
165 4 1 2,3,9,12,14,16,20,23,25,29,31,35,40,42,43,52,53,57,59,67,72,91,93,96,97,100,108,117,119,120,132,137,139,143,144,145,149,151,153,154,156,158,160,165,169,174,179,181,182,186 "165";
166 108 1 1,3,6,7,9,12,15,18,20,22,24,25,27,28,30,32,36,38,39,41,42,43,46,47,50,52,54,56,58,61,63,64,66,68,69,72,74,76,77,79,83,85,87,89,90,94,96,97,100,101,105,106,108,110,114,116,119,123,125,127,130,132,137,138,139,141,142,144,146,149,152,157,160,162,164,165,167,169,172,180,183,184,186 "166";
167 63 1 9,23,26,41,54,64,80,90,109,112,135,139,144,149,162,174,176,185 "167";
168 83 1 3,22,51,59,61,87,95,103,115,127,132,137,141,146,152,161,163,174,182 "168";
169 146 0 5,6,8,17,18,24,27,28,33,34,40,47,49,53,61,66,69,72,76,81,89,94,97,101,113,115,119,123,144,145,147,150,151,152,166,168,177,182,185 "169";
170 69 1 1,2,3,5,12,14,16,18,28,32,34,48,49,50,51,58,60,66,69,71,72,75,76,78,81,83,85,88,92,104,105,112,116,117,119,121,128,130,132,135,136,139,141,145,147,149,153,161,167,170,176,178,179,182,183,186 "170";
171 173 1 1,5,8,14,24,31,35,39,41,56,60,62,75,86,87,91,93,96,99,101,105,112,135,140,145,164,165,169,170,181 "171";
172 155 1 6,11,14,16,19,21,23,25,26,28,30,32,34,36,40,41,44,45,47,53,56,58,59,68,72,73,80,83,88,94,98,99,102,106,108,110,111,112,115,117,123,125,129,132,138,139,145,146,148,149,154,158,159,160,162,163,164,167,170,171,172,173,175,178,186 "172";
173 178 0 0,4,6,11,13,15,29,31,32,35,40,49,64,71,79,82,83,87,89,93,97,107,111,121,130,133,134,137,140,142,144,145,148,149,151,152,158,160,162,164,165,167,168,171,173,176,182,185,186 "173";
174 121 0 15,27,31,40,46,49,58,64,78,80,82,89,90,94,100,110,145,148,160,170,172,175,178,180 "174";
175 50 0 2,3,6,7,9,11,13,15,16,18,24,25,26,27,29,32,35,36,38,41,42,45,46,47,55,56,57,59,60,62,64,67,68,70,71,74,76,78,79,81,83,86,87,88,89,91,93,96,98,99,101,103,104,106,109,110,111,113,115,117,120,121,124,126,130,134,135,137,139,140,142,145,148,149,152,153,154,157,158,159,161,162,165,166,169,170,171,173,175,177,180,182,185,186 "175";
176 20 0 1,2,3,8,9,10,15,20,29,34,39,41,43,44,46,55,59,62,65,69,71,76,85,94,110,121,123,126,130,132,135,141,145,148,150,153,155,157,159,164,168,172,183,184,186 "176";
177 35 1 2,3,4,8,19,20,21,24,29,32,36,41,58,64,66,69,73,80,83,87,93,101,111,123,136,139,148,150,160,161,173,174,178 "177";
178 8 0 4,8,11,14,17,22,23,25,43,56,61,64,67,68,70,72,75,78,79,102,105,109,114,117,118,121,122,124,130,132,137,140,149,154,156,158,170,172,175,176,177,182 "178";
179 152 0 5,6,14,26,37,44,69,75,92,94,100,103,105,109,113,121,126,131,136,142,143,148,153,163,175,178 "179";
180 133 1 0,3,6,8,11,13,17,18,20,22,23,25,26,27,31,33,36,38,40,43,47,51,53,59,61,63,64,66,68,70,75,78,80,83,85,86,88,92,94,98,99,100,102,105,111,113,115,118,120,123,125,128,129,134,135,136,138,139,141,144,146,147,149,150,151,154,157,158,161,163,166,167,169,171,173,174,181,185 "180";
181 81 1 1,2,3,5,6,8,9,11,13,16,17,19,21,22,24,25,27,28,30,33,34,35,38,42,43,45,46,48,50,52,55,56,60,61,63,64,65,67,70,72,73,77,78,80,81,85,87,89,91,96,99,101,107,111,113,115,116,118,121,123,125,128,130,132,134,135,137,138,139,144,146,149,151,154,155,158,160,162,163,164,166,167,170,172,174,177,178,180,182,184,186 "181";
182 28 0 5,9,15,55,57,70,107,108,111,121,146,149,152,162,163,172,178 "182";
183 8 0 4,10,16,24,27,30,31,36,39,41,45,52,57,58,62,65,74,91,99,104,105,122,123,145,146,152,153,155,169,177,184,186 "183";
184 135 1 1,5,7,8,9,11,13,14,16,17,19,25,27,29,31,33,35,38,40,44,46,48,50,51,52,53,56,58,63,64,65,69,70,72,73,74,77,78,80,81,83,87,89,90,92,94,96,97,98,100,101,103,104,107,110,111,112,114,116,125,127,129,130,131,133,136,137,138,139,140,143,144,146,147,150,152,154,157,158,161,162,165,168,170,172,173,175,177,180,182,183,184,186 "184";
185 65 1 6,15,30,31,34,48,50,55,62,64,80,93,100,107,112,118,123,140,146,148,160,164,166,186 "185";
186 119 0 41,44,67,94,142,148,151,175 "186";
