parity 129;
0 91 1 3,5,7,11,13,14,16,18,19,21,28,32,37,40,53,62,65,68,71,72,76,78,81,90,94,95,98,100,103,105,106,108,110,112,116,118,119,122,124,125,129 "0";
1 2 1 0,1,4,5,8,11,12,14,17,19,21,24,29,30,31,32,34,35,37,39,42,43,49,50,51,55,58,59,60,61,64,66,71,72,75,76,78,80,82,83,86,88,90,92,94,95,99,100,102,104,108,111,113,116,117,121,124,125,128,129 "1";
2 75 0 22,23,27,42,48,59,73,92,97,99,103,107,122 "2";
3 42 0 21,33,82,92,105,110,113,115 "3";
4 24 1 1,2,15,28,29,37,41,66,68,74,86,103,105,108,117,119,127 "4";
5 21 1 3,4,6,7,11,13,16,20,23,27,30,31,33,34,35,37,43,45,47,50,53,54,55,56,57,59,61,64,65,69,72,75,78,80,86,87,89,91,96,97,100,103,106,107,109,110,112,117,119,121,122,123,125,127,129 "5";
6 15 0 1,2,3,9,11,13,14,16,20,24,26,28,33,36,39,43,44,50,52,54,55,57,59,61,62,65,68,72,76,78,84,85,89,90,92,93,94,96,98,104,106,107,109,111,112,113,115,116,118,119,121,129 "6";
7 15 1 3,5,6,9,11,14,16,17,21,22,29,30,31,35,39,40,43,47,49,52,63,65,71,77,78,80,84,87,90,91,94,95,101,104,105,108,110,115,117,123,126,129 "7";
8 92 0 9,10,11,14,16,20,25,28,31,33,39,41,44,48,53,54,60,64,68,72,75,77,121,124,126 "8";
9 128 0 1,4,11,15,17,22,28,36,52,55,61,65,67,78,80,85,92,95,97,99,108,116,119,124 "9";
10 126 0 1,3,4,7,8,10,12,14,16,18,20,23,25,27,29,31,33,36,38,40,45,47,52,54,55,61,63,65,68,74,76,77,79,81,84,85,88,89,92,97,100,101,103,106,110,114,117,119,120,125,126 "10";
11 98 1 5,21,23,28,33,37,39,40,45,47,57,63,67,71,72,84,94,101,103,114,121,122,126 "11";
12 40 0 4,8,19,34,36,43,48,49,50,56,73,77,79,81,82,103,106,124,125 "12";
13 81 0 1,8,9,13,15,17,21,29,32,34,38,40,42,54,57,59,62,65,73,78,82,85,86,98,101,105,107,108,110,112,117,118,119,120,123,124,125,129 "13";
14 6 0 12,61,68,71,98,103,105,113,114,119,121 "14";
15 35 1 0,2,4,5,7,9,11,14,17,18,20,23,24,26,29,31,33,34,35,36,40,41,42,45,48,51,53,55,56,58,59,60,65,67,68,70,71,74,76,77,78,79,81,82,84,86,87,91,93,97,101,102,104,106,107,109,111,114,116,119,121,123,127,128,129 "15";
16 103 0 0,3,4,6,10,12,15,18,24,27,29,31,33,35,41,42,43,49,51,52,53,54,58,61,64,65,67,68,70,71,73,76,77,79,80,82,86,88,90,93,94,95,97,102,104,105,106,108,111,114,116,119,121,122,123,124,126,127,129 "16";
17 61 0 0,4,7,9,11,15,19,21,24,25,26,28,31,33,39,40,44,45,47,49,52,54,56,59,65,67,69,70,72,74,77,78,79,82,85,87,88,89,91,93,94,97,98,99,101,105,108,109,114,115,116,120,121,124,126,127,129 "17";
18 36 0 1,8,22,33,45,46,53,54,58,59,64,76,91,95,99,105,109,112,113,124 "18";
19 46 0 12,20,23,31,32,47,53,61,68,83,114,123 "19";
20 81 1 3,9,16,17,20,21,29,30,32,38,41,42,45,46,53,57,59,64,70,71,74,76,79,82,84,88,89,93,102,104,106,111,114,117,119,123,124,127 "20";
21 85 0 27,36,47,68,93,96,100,129 "21";
22 29 0 0,2,4,7,10,12,14,15,17,18,20,21,22,26,28,29,32,34,37,38,40,43,45,46,48,49,53,56,58,62,64,67,69,71,73,74,77,79,81,87,89,91,94,97,98,99,102,103,107,108,110,114,116,118,121,123,125,127,129 "22";
23 30 1 0,5,6,8,10,11,17,19,20,23,25,27,30,32,33,38,41,43,46,48,49,50,52,55,56,59,60,63,65,67,69,71,74,77,78,80,81,83,87,89,91,93,94,95,97,99,101,104,106,107,111,112,113,114,117,119,120,121,124,126,127 "23";
24 57 1 8,10,14,16,19,21,27,35,37,39,46,47,54,57,59,61,63,64,65,68,70,72,76,77,78,79,81,86,94,95,97,100,103,105,107,108,110,112,115,117,122,124,127,128 "24";
25 99 0 18,20,24,26,29,33,41,63,91,112,127 "25";
26 102 1 5,13,15,16,17,18,19,21,23,29,33,34,37,38,41,45,47,49,51,54,59,65,67,79,85,88,89,93,98,99,101,102,104,108,110,113,118,122,125,127 "26";
27 103 0 0,1,3,4,5,7,11,14,15,20,23,29,30,32,35,37,39,40,43,45,46,48,50,54,56,59,61,62,63,66,67,69,73,75,76,81,82,85,86,88,89,90,92,94,96,97,99,101,102,104,106,109,111,121,123,126,127,128 "27";
28 6 1 1,3,6,12,19,24,27,36,38,41,62,67,75,80,82,87,88,90,100,102,105,108,127 "28";
29 40 1 1,4,8,15,18,22,26,32,34,35,40,42,53,54,57,62,64,66,71,74,76,81,83,88,91,94,98,103,106,111,117,118,120,121,126,127 "29";
30 102 1 1,3,6,9,12,14,16,18,21,22,25,27,28,30,31,36,37,39,42,50,51,57,59,60,63,67,69,71,75,77,78,80,83,85,87,89,90,94,96,99,101,105,107,114,115,117,121,123,128,129 "30";
31 28 0 1,6,10,11,15,17,18,26,28,29,30,38,41,46,50,52,54,56,58,65,67,69,72,75,77,85,86,88,90,91,96,99,102,104,106,114,118,120,121,123,126,127 "31";
32 129 1 12,28,37,50,96,103,104 "32";
33 83 1 6,7,11,14,21,23,78,82,86,96,102,113,125 "33";
34 28 0 1,4,5,6,8,10,21,27,30,42,44,46,49,50,52,60,66,69,74,75,86,88,90,102,105,106,108,111,116,117,120,122,124,126 "34";
35 4 0 3,9,15,22,27,33,38,47,54,56,63,68,72,75,105,111,113,123,125,128 "35";
36 69 0 0,2,3,4,6,9,13,19,21,26,33,38,40,44,45,47,48,51,53,56,59,60,75,77,78,82,84,85,92,94,95,101,102,106,108,109,113,114,121,124,126,129 "36";
37 71 1 4,6,8,10,14,16,21,22,24,27,32,33,36,42,43,53,60,61,68,71,72,75,76,77,80,84,87,89,91,97,99,100,103,107,109,111,117,119,120,123,124,129 "37";
38 87 0 2,7,10,16,19,20,22,25,26,29,31,33,35,36,37,39,42,46,47,49,51,53,56,62,64,66,68,69,71,74,78,80,84,88,90,93,94,96,97,100,102,105,107,111,113,116,117,119,125,127,128 "38";
39 62 0 8,10,12,17,18,26,31,32,37,42,50,54,59,64,85,87,90,100,103,106,107,111,114 "39";
40 0 1 2,3,8,11,13,15,19,21,23,24,26,27,32,36,37,40,41,43,46,50,51,56,58,59,61,64,66,69,71,76,77,83,86,88,89,91,92,95,102,114,116,118,120,121,123,127,129 "40";
41 102 1 6,9,13,53,59,105,116,123,125,127 "41";
42 57 0 2,6,7,11,12,14,17,23,27,28,30,33,34,36,39,41,44,46,47,50,57,59,62,63,64,65,67,69,72,75,76,78,83,85,87,90,91,95,97,98,101,106,107,119,123,125 "42";
43 127 1 2,5,7,11,22,24,26,27,30,39,40,42,46,49,50,55,56,57,61,64,67,77,82,83,85,88,96,101,103,109,110,115,116,125,128 "43";
44 81 0 8,19,26,29,31,36,38,39,42,46,50,55,58,60,62,70,74,75,78,84,87,90,94,96,109,110,112 "44";
45 54 1 8,26,61,88,101,107,108,117,123,128 "45";
46 89 0 3,7,13,26,32,34,37,39,44,48,53,54,58,62,63,66,71,74,77,81,87,101,104,111,117 "46";
47 65 1 13,43,59,69,93,108 "47";
48 31 0 3,7,8,13,15,16,22,29,31,32,33,37,38,41,45,49,51,56,61,73,79,84,86,88,91,94,99,100,102,103,107,111,113,120,125 "48";
49 12 0 0,1,3,4,9,11,16,18,23,26,27,29,30,34,37,39,40,41,42,45,50,51,55,56,60,62,63,65,66,68,69,70,71,73,76,78,80,82,83,86,88,89,91,94,96,98,100,102,104,105,107,109,111,113,115,117,119,120,122,125,129 "49";
50 41 0 3,4,11,38,87 "50";
51 58 1 4,8,11,16,38,45,53,55,57,60,61,65,69,75,78,82,94,103,105,106,108,120,129 "51";
52 83 0 1,3,9,19,26,28,33,38,39,44,45,49,50,52,53,54,57,59,70,75,79,81,84,87,89,92,95,96,97,100,107,110,112,116,118,121,124,126 "52";
53 31 1 3,6,7,9,12,13,15,23,25,29,31,34,41,52,58,59,63,67,69,70,75,76,84,89,91,93,95,96,98,99,100,103,104,108,110,112,115,116,118,124,125,128,129 "53";
54 36 1 1,10,18,26,42,44,46,94,104,106,113,116 "54";
55 129 1 1,2,4,7,9,11,13,15,16,18,20,22,23,26,27,28,30,32,33,34,36,39,41,43,45,48,53,56,57,60,61,63,64,66,68,71,72,74,77,78,80,81,82,85,93,97,101,102,103,105,107,111,112,114,116,117,118,121,122,123,124,127 "55";
56 75 0 15,22,57,60,109,116,123 "56";
57 45 0 1,12,21,25,28,29,31,37,40,41,44,48,49,50,53,55,58,62,66,74,78,81,83,92,96,102,104,105,110,113,114,116,118,124 "57";
58 0 0 0,48,52,64,74,88,90,95,98,111 "58";
59 78 0 1,46,57,59,103,124,128 "59";
60 17 0 24,28,32,34,38,46,47,52,57,62,65,66,75,78,82,92,97,103,105,106,125 "60";
61 126 0 0,2,3,4,5,6,9,10,13,15,16,18,19,20,22,26,33,34,37,39,40,41,44,45,49,50,53,55,57,59,61,62,63,64,66,67,68,70,72,76,78,82,84,85,88,91,92,94,96,97,99,101,104,105,107,110,112,114,119,120,122,125,126 "61";
62 98 1 12,14,20,30,34,35,39,47,61,69,71,72,73,76,78,81,86,88,90,98,102,103,106,109,113,115,116,118 "62";
63 54 1 0,2,4,7,10,16,20,23,26,28,29,32,34,36,39,47,48,50,52,53,57,59,61,62,67,71,73,76,78,79,85,87,88,90,92,94,95,96,97,100,101,103,105,107,109,112,113,115,117,119,120,123,124,126,128 "63";
64 21 0 0,3,5,8,10,12,16,17,20,23,24,26,30,32,33,34,35,39,41,42,44,45,47,49,54,57,59,60,63,68,71,72,75,77,79,80,85,86,88,89,91,92,95,96,99,102,103,108,109,112,113,114,116,117,118,121,124,125,126,127,128,129 "64";
65 61 0 33,35,99,114 "65";
66 37 1 22,61,68,83,98,101,104,128 "66";
67 94 1 1,5,22,30,31,40,42,44,64,66,68,70,73,76,80,81,84,85,91,102,104,113,122,126 "67";
68 104 0 8,25,31,39,91 "68";
69 72 1 0,1,4,7,8,10,11,14,16,18,19,21,22,23,27,31,34,36,39,40,42,43,45,46,48,53,55,56,57,60,62,64,66,67,68,70,72,74,75,77,80,82,84,87,90,91,93,96,99,101,108,110,111,115,116,117,119,121,123,126,128,129 "69";
70 127 1 3,5,6,11,14,17,18,26,30,42,48,49,51,54,56,61,67,71,72,75,76,78,80,81,86,95,99,105,108,109,113,120,121,124,129 "70";
71 32 0 4,13,19,23,30,31,63,68,74,76,87,89,94,96,99,107,112,126 "71";
72 123 0 0,6,7,14,18,19,20,22,26,27,29,31,34,35,36,38,40,44,45,50,53,55,57,59,61,62,65,68,72,74,76,78,81,82,83,88,93,96,98,103,105,107,113,117,118,121,123,124,128,129 "72";
73 109 0 0,3,7,15,16,17,23,24,26,27,31,34,36,39,42,50,51,54,55,57,61,64,65,67,69,71,75,77,78,79,81,83,86,89,92,97,98,101,102,104,109,111,115,116,118,119,124 "73";
74 46 1 0,2,5,8,13,15,18,21,25,27,29,30,32,35,39,41,42,43,45,48,50,51,57,62,64,66,68,69,70,72,76,78,80,81,85,86,88,90,92,94,96,97,99,101,102,104,106,107,109,111,114,115,116,118,121,127,128 "74";
75 13 0 10,23,25,38,58,61,68,90,110 "75";
76 55 1 0,1,2,3,6,7,9,11,13,14,16,17,22,23,24,25,31,33,35,37,39,43,45,46,47,49,51,52,53,59,60,61,64,66,68,69,71,72,73,78,79,81,83,85,86,89,91,92,94,96,103,105,106,108,110,112,115,121,122,125,128 "76";
77 25 1 1,2,5,6,7,8,10,12,15,16,18,20,24,25,27,30,32,33,35,37,39,40,43,47,49,52,53,55,57,59,61,64,66,67,69,70,71,72,74,77,78,81,82,85,87,88,91,93,94,96,97,98,99,101,103,105,107,109,115,118,120,122,123,128 "77";
78 5 0 43,66 "78";
79 30 0 0,2,3,6,8,9,16,18,22,26,27,29,30,33,36,38,40,42,44,45,46,47,49,53,54,56,57,58,62,64,65,68,69,72,73,79,80,82,84,85,86,88,90,91,92,95,98,100,101,102,107,110,112,113,115,119,121,123,125,126,127,129 "79";
80 11 1 7,8,10,11,13,15,16,18,20,23,26,32,34,36,37,40,42,45,48,51,52,54,59,61,63,64,66,67,69,71,72,79,81,82,84,85,90,91,93,95,97,99,100,101,104,107,108,111,113,115,117,120,123,125,129 "80";
81 85 1 0,3,7,9,13,15,16,19,21,25,27,29,32,37,38,41,42,43,45,47,50,53,56,59,60,66,67,69,71,74,77,79,80,82,85,87,88,90,94,95,97,99,100,101,103,105,107,110,111,112,117,119,121,122,124,126 "81";
82 113 0 8,13,19,24,32,36,39,42,65,71,91,100,103,116,119,125 "82";
83 77 0 0,1,3,5,6,7,9,14,15,18,20,24,26,29,37,40,43,44,48,50,51,56,59,62,63,65,67,70,71,73,74,76,78,79,87,89,90,92,93,95,97,98,100,102,104,105,107,108,109,113,116,119,122,123,126,127,129 "83";
84 122 0 2,7,10,12,14,15,25,28,32,38,39,44,46,58,63,71,76,77,83,87,94,100,103,106,110,114,118,127 "84";
85 64 1 3,5,7,10,13,16,18,21,29,33,39,40,42,47,51,53,56,59,60,66,71,72,73,81,87,90,93,103,105,106,116,117,126,128 "85";
86 116 1 0,5,7,13,17,26,29,32,35,41,43,47,50,52,53,55,57,60,64,65,67,70,95,97,102,104,109,114,120,124,127 "86";
87 84 0 0,1,4,8,10,15,16,17,19,21,24,25,31,33,34,37,41,45,46,47,50,52,54,56,60,61,63,65,68,70,75,78,81,82,83,85,87,89,90,92,94,95,96,98,100,101,106,107,112,115,117,118,120,121,124,127 "87";
88 114 1 1,4,7,16,18,24,26,27,29,35,36,39,43,45,53,58,61,63,66,77,82,85,87,92,93,95,98,102,109,111,112,115,117,120,122 "88";
89 23 0 0,6,8,10,14,17,20,30,32,34,38,44,46,52,55,58,60,63,64,66,69,70,72,78,80,87,88,96,97,101,103,105,116,118,120,122,124,127,128 "89";
90 85 1 0,2,4,10,12,14,15,17,19,21,23,25,30,34,36,37,38,41,44,48,50,52,58,63,64,67,69,72,74,77,79,80,83,86,91,94,96,98,100,102,108,109,111,115,118,120,123 "90";
91 77 1 5,24,30,36,40,47,48,52,54,58,72,78,87,96,99,107,115,121,123,124,126,129 "91";
92 106 1 3,6,7,8,12,13,15,16,20,21,25,29,31,33,35,37,38,43,45,46,48,49,53,54,56,58,61,62,64,65,66,69,74,75,77,79,82,83,87,89,91,93,94,97,99,100,106,109,111,116,117,119,121,124,125,127,129 "92";
93 123 1 3,5,9,13,17,20,23,30,33,34,37,43,47,50,52,54,56,58,60,66,68,74,77,79,80,87,88,93,97,100,101,110,116,124,129 "93";
94 30 1 5,8,10,14,21,26,33,35,44,47,49,55,57,78,79,84,85,89,93,103,111,116,118,120,124 "94";
95 36 1 1,3,8,11,12,13,15,18,20,22,24,25,26,28,29,31,33,35,36,38,42,44,45,48,49,50,52,54,56,61,64,66,68,70,72,73,75,80,82,85,88,89,90,94,97,98,100,104,105,106,107,110,113,115,116,117,120,122,123,126,129 "95";
96 51 0 0,4,9,11,19,21,24,30,32,34,35,37,39,41,43,46,47,48,50,52,54,57,61,66,70,71,73,78,81,83,85,86,99,104,107,108,109,111,113,115,117,119,120,126 "96";
97 5 0 8,14,16,18,21,23,25,26,32,37,41,46,49,51,55,56,62,63,66,67,69,70,77,78,84,86,93,95,98,105,106,108,113,117,120,125,129 "97";
98 107 1 0,11,18,25,48,62,76,87,91,111,115,122 "98";
99 7 0 3,6,7,10,12,19,22,25,26,30,32,34,37,40,45,51,57,66,69,73,75,90,93,95,99,106,111,112,113,122,127,129 "99";
100 53 1 0,1,5,8,9,12,13,14,17,19,21,23,24,26,27,29,30,33,37,39,42,45,50,52,54,56,57,58,60,61,63,64,67,71,74,76,78,83,85,89,90,92,93,96,98,100,101,103,105,106,108,110,114,116,119,121,123,126,128,129 "100";
101 9 1 1,2,6,17,20,23,27,29,31,34,38,39,46,48,51,53,60,65,67,74,77,80,92,95,96,98,106,114,118,119,125 "101";
102 88 1 0,2,5,6,10,12,14,15,19,20,21,22,26,29,32,33,35,36,37,39,41,45,46,47,50,51,52,54,58,60,62,63,66,69,71,75,77,80,81,84,88,89,90,92,94,97,98,99,104,106,107,108,110,112,113,119,120,124,125,126,129 "102";
103 39 1 4,5,6,17,18,19,21,25,26,33,34,36,37,39,41,45,47,50,52,54,56,57,60,63,65,69,72,74,75,76,78,79,83,86,87,92,94,96,98,100,106,108,109,111,113,116,121,123,124,125,129 "103";
104 50 0 2,4,12,16,18,22,38,40,41,45,47,49,53,55,60,69,74,76,78,82,84,87,88,94,97,104,109,113,121,122,125,129 "104";
105 113 1 5,6,7,8,12,17,18,20,22,24,26,29,30,32,34,36,38,40,43,45,46,53,56,57,58,61,63,65,67,71,72,74,76,77,80,83,84,87,91,94,95,97,98,99,102,104,106,108,111,113,115,118,120,123,126,128 "105";
106 104 0 9,13,21,39,98,108,126 "106";
107 5 1 4,8,10,12,16,23,24,26,27,29,33,34,36,37,38,40,43,44,47,51,54,57,59,65,67,69,70,72,73,86,87,89,95,96,112,116,121,124 "107";
108 75 0 0,7,36,74 "108";
109 53 0 19,27,34,35,39,52,55,56,77,92,110 "109";
110 22 1 10,12,19,22,49,59,68,79,99,105,125,129 "110";
111 98 1 2,7,26,27,29,31,38,40,49,60,67,70,79,82,86,91,94,95,98,102,104,108,109,120,123,129 "111";
112 124 1 1,2,3,4,5,7,9,10,17,21,23,25,27,29,32,33,34,37,40,42,45,46,47,50,51,53,54,57,58,59,62,65,68,70,72,75,77,82,85,87,89,90,92,93,94,97,99,100,102,103,106,110,112,113,115,117,122,124,126,129 "112";
113 4 1 3,8,17,24,26,28,32,36,40,47,74,77,82,84,86,96,113,115,117,119 "113";
114 86 0 5,7,12,14,17,18,20,21,23,26,29,34,35,38,40,46,47,51,53,55,66,71,78,80,94,97,99,104,113,115,117,120,124 "114";
115 80 1 0,1,3,4,5,7,9,12,13,15,18,20,23,24,26,29,30,33,35,38,40,43,44,48,49,51,52,55,56,58,60,62,64,65,71,74,76,78,79,81,85,87,88,91,95,97,100,101,103,105,108,110,111,114,116,118,121,124,126 "115";
116 87 1 24,27,64,77,90,97,105 "116";
117 89 1 2,3,7,12,18,19,24,32,48,50,52,69,74,78,83,90,94,96,109,119,123 "117";
118 21 0 15,20,42 "118";
119 87 1 40,54,68,70,111 "119";
120 49 1 5,9,11,13,16,20,22,30,42,45,53,55,58,68,70,74,75,79,81,86,90,103,104,119,120 "120";
121 45 1 0,2,5,7,9,10,14,15,16,17,19,23,24,27,29,32,33,35,37,40,41,43,46,47,50,52,53,55,57,59,60,61,64,66,67,75,77,79,81,82,83,86,88,92,94,95,97,101,103,104,108,110,111,113,115,118,122,124 "121";
122 112 0 1,10,26,27,45,72,77,78,79,83,109,111,116,118,121 "122";
123 111 1 1,2,4,6,7,9,10,12,13,15,17,19,21,24,28,31,33,35,36,39,40,43,45,47,48,49,51,52,54,60,61,64,68,71,73,76,77,79,81,82,84,86,89,90,91,94,99,101,105,106,109,112,113,115,117,120,121,123,126 "123";
124 76 0 10,16,31,34,59,60,63,64,93,97,111,121,127 "124";
125 96 0 1,27,33,58,66,68,102,104,109,111,121 "125";
126 5 1 7,8,18,20,23,25,27,31,36,47,49,52,53,55,56,58,60,76,80,88,90,91,97,103,105,108,111,114,115,116,118,120,122,125,128 "126";
127 32 1 17,21,24,28,32,34,41,43,45,56,58,63,66,74,80,87,107,119,124 "127";
128 4 1 1,2,4,6,7,8,10,13,16,17,19,20,24,27,29,32,33,35,36,38,39,40,42,47,50,54,58,59,62,64,65,68,73,74,76,77,78,83,84,85,87,89,91,92,97,99,100,102,104,106,108,111,115,117,119,120,121,123,125,129 "128";
129 117 0 7,12,19,26,38,58,62,65,70,77,86,103,112,116,122 "129";
