parity 159;
0 117 0 1,6,8,12,13,15,19,21,22,23,25,26,28,31,32,33,35,36,39,40,44,45,47,50,52,53,56,58,60,61,64,65,67,70,72,74,75,78,80,82,83,84,86,88,90,91,95,97,99,101,105,107,109,110,112,115,116,117,119,121,123,125,129,131,132,134,136,137,138,139,141,143,144,146,151,152,154,155,157 "0";
1 123 0 0,5,7,10,11,18,25,30,38,39,44,45,50,66,77,79,81,85,94,103,105,107,111,114,116,131,133,134,141,144,149,150,154 "1";
2 59 0 0,2,6,7,14,16,17,25,30,38,41,42,50,51,54,56,59,63,69,71,74,75,79,82,84,85,90,92,98,103,105,108,110,114,116,118,126,127,131,134,137,138,140,142,149,156 "2";
3 70 1 0,3,4,6,7,9,11,14,16,17,20,23,24,26,27,30,31,32,33,38,40,41,42,44,47,48,52,53,55,58,60,62,63,65,66,69,71,72,74,75,79,80,81,83,84,86,87,89,91,92,93,95,98,102,107,108,113,117,119,120,122,124,125,128,129,132,133,136,137,141,142,145,146,148,150,152,154,156,157,159 "3";
4 95 0 3,12,14,16,21,26,30,32,41,43,49,53,64,68,70,76,80,83,87,90,92,96,101,107,108,113,116,130,132,134,136,137,139,147,150,155 "4";
5 157 0 2,5,7,9,10,14,16,22,24,25,27,28,29,32,35,37,42,43,46,47,49,50,53,55,57,61,64,67,70,73,75,80,81,82,84,85,87,88,90,92,94,96,98,99,101,103,105,107,110,113,118,120,123,125,130,131,133,135,136,138,141,142,144,145,148,149,151,153,156,159 "5";
6 12 1 1,6,12,43,44,50,52,53,60,67,71,73,74,75,108,114,115,120,124,125,128,135,137,140,147,151,157 "6";
7 131 1 0,2,7,11,12,15,17,18,22,23,29,31,32,34,35,36,38,42,44,49,53,60,61,64,66,67,70,73,75,79,80,86,88,89,91,93,94,98,100,101,104,108,110,112,117,118,120,126,127,129,132,134,136,141,142,144,146,148,151,155,156 "7";
8 55 1 4,10,11,15,31,41,46,48,74,85,93,96,97,111,134,148,153 "8";
9 8 1 2,3,10,12,34,36,54,67,95,96,100,102,107,115,121,146,150,156 "9";
10 0 0 1,19,36,39,42,57,64,66,68,71,92,113,121,137,139,152,153 "10";
11 114 0 3,7,14,15,16,23,25,29,31,33,34,38,40,45,47,50,52,54,57,59,66,69,70,71,77,82,86,92,94,96,98,100,107,108,112,113,115,121,123,130,131,134,137,139,141,145,147,149,151,157 "11";
12 127 0 3,5,13,19,23,26,32,35,37,42,43,52,54,56,62,63,65,76,77,80,83,84,87,90,95,101,105,109,118,119,125,128,131,135,142,143,145,154 "12";
13 22 0 1,3,5,9,13,17,19,21,22,23,31,33,36,51,55,58,73,77,80,83,87,88,93,95,100,101,103,109,117,121,128,129,130,132,134,136,137,139,140,142,144,146,148 "13";
14 96 0 19,34,35,44,71,73,86,95,101,133,151,154 "14";
15 2 0 0,1,4,8,11,14,19,21,22,25,29,33,35,37,44,46,57,64,65,67,73,82,95,96,100,102,104,107,111,128,133,137,139,141 "15";
16 37 0 1,5,7,11,12,16,18,20,22,24,25,34,35,36,42,49,53,59,66,71,74,79,80,82,83,85,86,88,91,93,95,97,101,102,103,108,112,115,117,118,121,124,128,131,132,134,139,141,142,143,147,151,153,156,157 "16";
17 71 0 2,28,49,84 "17";
18 58 0 3,5,8,10,14,16,20,24,27,33,41,44,47,50,52,53,56,58,61,70,73,74,76,81,83,85,88,91,96,99,100,101,103,107,110,112,119,127,128,131,132,134,135,137,139,144,149,157 "18";
19 2 0 62,123 "19";
20 49 1 7,22,24,30,36,39,46,48,51,56,60,76,89,94,128,136,138,145 "20";
21 23 0 1,3,6,7,10,13,17,21,26,31,34,35,47,50,62,65,66,71,80,84,87,91,102,107,111,115,117,119,122,125,127,128,131,132,134,135,136,138,142,146,154,156,157 "21";
22 141 1 0,1,3,5,8,12,13,16,18,22,23,26,28,29,33,34,36,38,39,40,42,44,45,48,50,51,54,56,57,59,63,65,70,71,75,77,78,79,81,83,84,86,88,94,96,98,101,102,105,108,110,111,112,114,115,120,122,124,127,131,133,135,136,140,142,143,144,146,151,159 "22";
23 156 1 1,2,4,5,7,18,20,21,22,25,27,30,33,34,36,37,39,42,44,45,46,49,50,51,52,54,58,61,64,67,69,71,73,75,78,80,81,83,88,91,93,94,95,98,99,101,103,105,110,112,117,119,121,122,125,129,133,134,136,137,141,143,145,147,148,151,155,156,157,159 "23";
24 117 0 0,1,7,13,16,24,32,37,38,45,46,52,54,59,62,63,67,77,79,81,87,93,98,100,113,119,137,140,148,154,159 "24";
25 5 0 0,3,4,7,8,10,13,14,16,17,19,22,24,25,26,28,32,34,36,37,38,40,44,45,46,49,53,54,58,60,62,65,67,70,71,76,78,80,82,86,88,89,91,93,95,98,99,101,102,103,107,108,110,112,114,115,118,120,122,125,126,127,128,138,140,142,145,147,148,149,152,156,158 "25";
26 16 1 15,146 "26";
27 23 0 8,19,22,24,35,41,49,60,69,78,88,97,102,156 "27";
28 37 0 1,2,4,5,6,9,10,11,13,15,16,22,23,27,29,32,36,45,48,52,56,59,60,66,68,72,75,76,78,79,81,83,86,89,91,92,94,95,96,98,99,100,102,104,111,113,115,117,127,133,135,137,138,140,145,146,149,151,154,158 "28";
29 142 0 1,4,6,9,11,13,14,16,19,20,22,23,25,27,28,29,31,32,33,35,36,38,39,42,44,46,50,53,56,59,60,65,66,68,71,75,79,80,82,83,85,89,91,93,97,98,101,103,105,106,109,111,112,117,120,121,124,125,128,130,132,133,136,139,140,142,145,146,147,148,149,152,156,157,158,159 "29";
30 68 1 0,2,6,10,23,42,48,50,53,65,69,76,80,82,89,99,100,103,131,135,146,148 "30";
31 54 1 6,9,35,44,69,87,93,95,117,118,122,125,138,142,159 "31";
32 7 0 58,68,111,154 "32";
33 12 0 1,9,11,14,21,24,30,39,44,46,48,52,55,58,61,66,70,71,73,78,85,87,102,106,107,110,116,128,135,138,145,148,150 "33";
34 95 1 6,7,9,18,25,35,43,49,57,60,64,75,89,94,106,112,124,129,137,140,148,150 "34";
35 104 1 0,2,4,6,9,13,15,22,25,28,34,37,41,42,45,50,54,59,60,64,66,69,70,75,77,79,80,82,83,86,87,91,93,94,98,100,102,103,105,108,111,112,115,118,122,123,125,127,131,133,136,138,139,141,143,144,145,148,149,155,157 "35";
36 160 1 0,1,2,16,20,25,27,29,31,53,59,61,63,65,71,73,79,87,97,101,105,111,113,122,127,132,137,145,147,148,151 "36";
37 33 1 0,2,5,7,9,11,14,16,18,19,21,22,26,28,31,35,37,45,46,47,50,51,53,56,57,63,67,70,72,81,82,85,87,89,90,92,95,98,103,105,107,108,109,112,115,118,120,122,125,126,129,131,133,134,136,139,140,141,145,146,148,151,153,155,157,159 "37";
38 29 0 0,3,8,14,15,20,26,32,35,36,39,41,43,54,59,68,70,75,76,82,86,89,90,93,95,96,98,102,111,113,117,120,124,130,137,139,149 "38";
39 111 0 3,12,14,16,20,22,24,28,29,32,37,39,40,42,43,46,48,52,56,64,67,72,74,76,79,87,89,91,104,107,109,110,112,114,120,124,126,133,135,138,140,144,146,156,157 "39";
40 50 1 2,12,13,25,33,39,53,70,83,85,112,121,126,131,137,142,144,150 "40";
41 72 1 17,20,119,128,147 "41";
42 83 0 22,23,29,56,64,83,101,102,127,135,142,147,157 "42";
43 64 0 11,15,17,20,21,36,41,42,43,46,48,50,52,55,57,59,64,65,67,71,74,76,81,84,88,93,95,98,110,112,116,117,121,124,126,128,132,134,137,140,142,144,145,147,150,156,158,159 "43";
44 131 0 1,4,6,21,36,39,43,61,63,89,105,118,128,130,134,142,155 "44";
45 159 1 2,10,24,99,115,118,134,137,142,143,144 "45";
46 107 0 21,26,42,48,70,94,96,101,119,128,129,142 "46";
47 69 1 1,2,8,17,23,25,30,34,36,45,50,55,57,61,67,70,78,79,83,86,88,90,105,110,113,116,123,127,131,133,138,139,144,148,159 "47";
48 48 0 1,17,18,23,31,34,38,39,49,51,54,63,72,84,86,88,91,99,107,113,118,128,140,143,151,159 "48";
49 34 0 9,10,12,18,19,22,24,26,27,30,33,39,42,43,44,46,50,52,56,57,59,60,64,67,68,71,75,77,79,80,91,95,103,107,110,114,115,121,122,127,132,134,138,146,148,149,151,156 "49";
50 74 1 28,35,36,40,60,82,83,84,85,101,137,141,152,157 "50";
51 155 0 2,6,16,19,20,24,27,29,33,37,48,52,53,55,58,65,69,73,76,80,83,85,86,88,89,99,104,105,110,111,116,120,123,128,131,132,143,146,147,151,153 "51";
52 15 1 6,30,71,84,89,111,121,126,128,132,135,137,139,140 "52";
53 94 0 0,2,7,14,17,20,21,24,33,38,40,46,51,71,73,87,101,103,104,106,117,119,124,133,139,151,156,159 "53";
54 81 0 3,4,6,9,13,15,18,25,28,31,33,38,39,43,46,49,52,53,59,62,67,68,70,72,77,82,83,92,94,98,101,105,107,110,118,119,122,126,129,131,133,136,139,141,142,143,144,147,150,151,154,155,157,158 "54";
55 12 1 0,3,4,5,7,10,12,13,15,17,18,20,22,23,25,30,32,36,38,40,44,47,49,51,53,54,55,57,58,59,60,67,70,74,79,82,84,89,90,93,94,96,98,100,102,104,105,106,109,111,117,121,122,124,126,128,130,133,135,138,140,142,144,148,150,151,153,155,156,159 "55";
56 37 0 1,9,12,30,57,61,64,70,74,79,98,147 "56";
57 132 0 5,23,30,32,57,62,92,97,126,129,145,149,155,158 "57";
58 109 1 53,103,106,112,115,127,139,144,150,152,159 "58";
59 14 0 0,17,19,36,45,52,63,66,70,81,84,88,90,100,108,119,130 "59";
60 117 1 4,7,13,15,16,21,24,30,36,37,40,43,48,51,63,66,68,70,72,77,89,90,93,101,106,109,116,120,122,123,130,132,134,135,143,144,146,152,156 "60";
61 54 1 0,2,4,8,12,19,26,28,30,41,44,48,49,52,57,60,70,71,78,79,80,84,85,88,92,94,95,96,104,107,109,113,114,117,122,123,125,128,131,135,136,139,142,144,146,148,150,151,153 "61";
62 26 0 0,3,5,11,20,23,25,27,35,36,39,47,49,50,51,54,59,62,67,69,72,74,76,84,87,91,92,94,96,99,110,113,116,122,142,149,157 "62";
63 92 0 0,5,6,9,13,16,20,22,26,28,31,33,36,38,40,42,45,49,52,53,54,59,63,64,68,76,79,81,83,86,87,89,91,93,94,97,100,108,110,116,120,123,124,126,128,129,132,133,135,138,140,142,144,147,149,154,155,159 "63";
64 59 0 34,118,144 "64";
65 147 0 5,7,10,16,25,38,39,40,46,48,50,63,73,75,79,87,88,92,96,106,111,115,118,119,121,131,137,138,139,148,150,152,154 "65";
66 116 1 4,9,11,14,19,22,25,30,32,35,40,42,44,46,49,52,67,73,86,88,93,102,113,118,124,125,127,133,138,140,152 "66";
67 70 1 0,7,11,18,28,39,40,43,48,52,53,57,60,62,64,66,68,71,72,77,78,82,89,92,95,98,101,104,108,122,124,126,131,134,137,143,147,151 "67";
68 80 1 1,12,16,22,43,53,71,73,76,82,88,93,133,140,145,158,159 "68";
69 34 1 0,2,3,5,8,13,15,17,20,22,25,28,30,32,34,35,38,39,41,43,45,46,57,61,63,65,67,74,77,88,89,100,101,106,107,109,110,121,124,125,127,129,134,136,141,148,154,155,157 "69";
70 14 1 11,13,16,49,95,98 "70";
71 110 1 2,5,6,7,9,10,12,14,22,24,25,33,38,40,42,43,48,50,52,55,57,60,62,67,75,77,79,81,82,83,84,88,90,91,93,94,96,98,99,101,103,106,107,109,111,112,115,116,118,120,122,123,125,127,128,130,131,132,133,135,137,138,140,144,146,148,152,156,159 "71";
72 130 0 8,11,13,16,21,23,25,28,31,34,41,43,54,56,57,67,69,79,84,98,100,120,123,125,130,131,140,145,148,151 "72";
73 86 0 0,3,5,6,7,8,11,16,23,25,28,41,43,46,47,48,50,56,58,61,62,64,67,69,70,75,78,80,82,86,89,90,91,95,96,98,104,109,110,113,118,120,121,128,129,133,135,137,140,144,145,150,153,155,158 "73";
74 7 1 2,3,4,7,9,11,15,16,19,21,24,26,28,30,38,40,43,45,47,48,51,55,57,60,61,64,67,71,73,75,78,80,82,83,85,86,91,92,94,95,101,103,105,106,110,113,119,121,123,126,127,129,131,132,134,136,138,139,140,143,144,146,148,152,153,155,157 "74";
75 33 1 5,6,8,10,12,14,17,18,20,21,24,29,30,31,35,38,39,42,46,48,53,54,56,59,61,63,64,68,73,74,77,78,80,84,85,89,92,94,96,100,102,108,109,110,117,120,123,125,128,131,134,140,142,144,147,149,151,152,153,156,159 "75";
76 56 0 2,12,14,15,17,19,22,25,28,32,37,39,42,44,45,49,50,53,56,59,66,67,68,77,80,82,84,86,87,89,92,95,97,106,108,110,113,115,116,118,120,123,124,130,133,138,139,141,143,146,147,150,152 "76";
77 100 0 8,12,14,17,18,19,27,28,31,36,38,40,44,49,58,61,65,69,77,79,82,85,97,99,103,105,113,117,127,132,134,137,139,141,147,148,149 "77";
78 28 0 6,15,19,26,27,36,39,42,47,48,58,62,77,92,113,119,127,132,146,155 "78";
79 116 1 13,16,17,19,21,25,28,29,49,55,58,60,62,70,76,78,90,92,98,108,114,124,134,139,143,149,155,158 "79";
80 115 1 0,2,4,10,13,15,19,23,24,25,33,35,37,39,40,42,44,47,48,53,54,57,60,62,65,66,68,72,74,76,80,86,89,90,92,95,98,100,101,103,107,109,110,115,116,120,121,122,124,126,127,128,134,138,139,141,143,144,147,151,152,153,154,158,159 "80";
81 94 1 3,40,99,104 "81";
82 15 1 0,5,16,27,42,55,57,64,69,85,90,105,132,156 "82";
83 113 1 12,24,26,29,30,33,39,48,50,51,53,59,61,63,64,70,73,75,82,84,85,91,95,97,102,108,110,124,129,131,134,136,144,152,154,158 "83";
84 117 1 0,8,10,17,23,33,39,47,54,57,68,74,84,86,87,91,93,98,106,116,128,130,135,144,153,157 "84";
85 115 1 11,12,15,21,30,43,49,53,55,58,60,72,74,75,86,87,99,102,109,112,120,129,132,133,145,148,152,153 "85";
86 84 1 4,7,8,11,12,13,15,17,18,19,22,26,28,33,37,39,42,44,46,47,48,53,55,56,61,66,68,73,75,76,78,80,81,88,89,91,94,97,98,102,105,107,109,111,114,116,128,132,135,140,142,143,145,159 "86";
87 28 0 2,6,9,14,18,19,20,23,26,27,32,36,38,41,47,48,50,55,58,61,64,70,74,78,80,83,85,87,89,90,92,95,99,105,113,117,119,122,126,129,132,133,134,137,139,141,143,144,150,153,159 "87";
88 89 0 20,22,46,58,65,158 "88";
89 91 1 1,4,6,10,19,22,23,25,28,33,36,39,41,44,47,51,53,55,60,61,79,81,84,85,87,91,98,100,114,117,121,128,145,150 "89";
90 119 1 0,1,3,7,11,13,15,16,18,20,21,25,27,32,34,37,38,41,43,44,48,52,53,56,57,60,68,69,71,72,74,76,77,79,81,84,85,89,90,94,101,103,109,110,111,114,118,121,124,127,129,131,135,138,140,141,142,145,146,150,151,153,154,157,159 "90";
91 103 1 2,4,6,7,9,14,16,20,22,25,29,31,33,34,37,40,42,45,49,50,52,54,55,57,59,63,66,67,69,71,74,77,78,80,85,87,89,90,93,94,99,101,104,105,106,107,108,109,111,115,116,119,121,123,126,127,129,131,133,134,136,138,140,141,143,144,147,150,152,154,155,158 "91";
92 147 0 3,5,8,11,14,18,20,21,23,29,30,32,35,38,39,41,46,50,53,54,59,62,68,71,79,83,84,85,92,93,97,99,100,102,103,106,119,120,123,129,132,133,136,139,142,144,146,147,149,151,153,157 "92";
93 90 0 19,31,55,69,79,80,93,96,104,127,146,152,158 "93";
94 144 0 7,14,43,56,68,74,79,87,89,97,106,119,133,137,141,142,144,147,157 "94";
95 94 1 0,5,10,12,14,17,19,21,31,32,34,37,39,41,43,46,49,53,54,60,61,64,68,69,70,74,76,77,79,82,84,87,88,90,92,96,100,101,103,105,107,109,112,116,117,119,122,125,126,128,130,134,135,137,139,140,143,144,145,147,150,152,153,157 "95";
96 4 0 1,4,5,9,11,13,15,16,20,24,28,30,31,32,34,36,37,39,40,43,44,46,47,50,51,53,57,58,60,61,68,69,71,72,75,78,80,81,83,85,87,88,91,94,97,100,101,105,107,108,110,111,115,117,118,122,127,129,130,133,136,139,142,143,145,147,149,153,154,156,158,159 "96";
97 81 0 0,3,5,6,14,23,25,28,33,36,38,41,44,47,48,56,59,60,62,72,77,78,79,81,84,85,89,92,94,99,101,104,106,110,112,114,115,117,118,120,125,128,131,132,135,138,140,142,144,149,152,156,158 "97";
98 98 1 9,13,19,25,28,29,30,33,34,37,43,46,47,49,50,54,55,59,60,64,67,70,73,79,80,82,86,87,90,92,95,99,100,104,108,112,115,117,118,120,121,123,127,130,133,135,137,139,140,147,150 "98";
99 61 1 4,5,10,11,12,16,20,21,28,30,31,36,38,39,41,44,48,50,51,53,55,56,58,60,62,64,66,67,69,70,71,73,75,77,79,82,84,94,97,100,102,105,108,109,112,115,116,118,120,123,126,127,128,129,131,133,137,141,142,143,145,148,151,154 "99";
100 15 1 2,5,9,12,16,17,19,21,23,24,26,27,30,32,33,34,37,40,42,46,48,52,59,61,64,66,69,75,76,78,81,82,84,87,88,93,98,100,103,105,110,114,116,120,121,124,125,127,128,130,131,132,133,136,137,138,140,142,146,148,150,152,153,155,156 "100";
101 156 1 14,32,42,45,48,51,66,70,86,88,95,98,101,111,112,114,118,120,128,130,149 "101";
102 21 0 5,11,29,32,37,38,46,51,59,68,74,83,88,106,107,111,113,121,128,138,143,145,159 "102";
103 22 1 0,1,14,17,19,22,29,37,38,47,65,77,109,115,122,127,131,136,145,148,150,154 "103";
104 123 1 0,2,3,4,6,7,11,12,13,14,16,17,19,20,22,23,25,26,27,33,35,37,39,44,49,53,56,58,60,61,62,63,65,67,69,72,74,75,78,82,89,91,93,94,97,98,100,101,103,105,106,108,111,112,114,118,119,121,122,124,130,132,134,138,141,142,145,146,147,149,152,154,159 "104";
105 65 0 2,10,18,20,22,24,30,40,41,43,47,48,51,55,58,59,61,63,65,71,73,76,77,79,82,83,87,90,92,94,105,109,112,124,127,129,131,133,134,137,141,144,146,151,153 "105";
106 14 1 4,9,18,22,24,34,36,50,62,63,66,69,73,96,98,104,113,137,139,152,156,157 "106";
107 145 0 13,15,19,25,29,32,33,41,45,50,54,58,62,65,72,76,78,82,84,91,92,93,97,98,102,107,110,113,117,120,124,125,127,128,129,137,138,140,151,156,158 "107";
108 50 0 0,2,3,6,8,11,14,19,21,23,35,37,42,47,51,58,61,63,67,70,75,78,80,90,96,98,101,102,103,105,106,110,113,115,117,123,125,126,129,131,133,144,157,159 "108";
109 76 0 1,4,7,14,15,18,20,21,24,26,29,32,34,36,39,40,42,43,44,46,47,49,51,53,57,58,59,61,63,66,68,69,70,72,73,75,76,78,80,81,84,86,88,92,93,94,96,100,101,103,104,108,109,111,113,114,116,119,121,122,124,125,127,129,131,134,136,138,139,141,142,144,147,148,150,153,157,159 "109";
110 112 0 8,29,34,44,56,64,71,74,77,86,92,96,98,107,115,117,126,146,159 "110";
111 59 0 4,8,11,12,13,16,19,24,26,27,31,32,33,35,37,39,41,42,46,49,52,56,57,60,62,63,66,69,71,75,76,80,82,84,87,91,92,98,101,104,106,107,111,112,115,116,120,121,122,125,127,133,136,137,138,139,141,142,145,147,149,152,153,155,157,158,159 "111";
112 30 1 1,2,3,5,8,10,13,16,17,20,22,24,26,27,33,37,39,43,45,48,49,51,56,57,59,61,63,64,67,70,75,77,79,82,84,88,92,94,97,100,102,106,107,110,111,113,114,117,119,121,123,125,126,129,130,132,137,139,142,147,148,150,152,155,156 "112";
113 142 0 0,3,10,17,19,25,31,35,42,54,56,62,64,72,77,79,84,86,87,88,94,96,102,104,105,109,115,118,122,126,136,143,146,152,155,158 "113";
114 94 1 5,9,15,25,27,28,31,33,35,39,49,52,65,67,69,72,73,82,85,87,90,100,108,118,119,130,136,137,143,144,147,148,153,158,159 "114";
115 90 0 2,5,6,13,16,30,33,38,44,47,48,63,70,76,85,92,96,112,117,122,125,128,132,143,152,155,157,159 "115";
116 103 0 1,6,9,12,14,17,22,35,39,41,42,48,54,60,61,73,74,90,92,95,97,102,104,116,118,125,127,131,138,140,145,146 "116";
117 59 1 1,3,5,6,8,11,15,17,25,30,32,36,38,40,51,54,56,59,66,69,73,79,81,89,93,95,98,100,103,113,115,118,122,124,128,131,132,135,140,141,144,148,149,150,156,158 "117";
118 6 1 2,8,10,14,17,19,31,43,53,57,63,67,71,82,84,91,96,99,110,111,113,122,124,128,133,138,140,146,148,152,155 "118";
119 53 0 0,1,3,13,28,33,36,48,52,54,72,75,80,84,86,89,100,107,112,114,118,119,123,127,141,148,153,155,159 "119";
120 144 0 0,10,11,12,17,19,20,23,24,30,32,42,50,56,59,64,67,70,72,73,75,77,81,82,85,88,93,94,96,103,109,111,112,115,117,122,125,128,130,136,137,139,142,144,147,159 "120";
121 147 0 15,21,24,30,35,37,41,46,53,57,62,72,81,84,87,88,90,93,110,112,115,116,119,130,136,149,158 "121";
122 75 1 1,4,6,8,11,12,14,15,17,18,19,23,27,29,31,32,35,37,38,40,43,44,46,49,51,52,54,56,57,59,61,62,63,64,66,68,70,72,75,76,78,79,85,88,91,92,94,99,100,102,103,106,108,109,111,113,115,118,119,124,125,127,128,131,133,136,138,139,141,142,143,146,148,149,158 "122";
123 129 0 9,15,22,24,27,41,42,44,46,56,66,77,82,85,117,135 "123";
124 50 0 0,5,7,8,12,14,20,23,32,33,34,38,39,41,42,44,46,48,49,50,57,58,60,62,68,69,71,73,76,78,87,88,90,97,99,101,105,108,110,111,117,120,124,129,130,134,137,140,142,147,149,151,154,155,159 "124";
125 25 0 0,1,3,8,9,12,16,18,20,21,25,27,28,30,34,35,40,42,45,47,49,52,54,56,59,61,62,63,64,69,70,71,72,74,76,77,79,85,86,88,91,92,94,96,108,109,113,115,116,119,123,131,133,134,138,141,143,146,148,150,151,154,155,158 "125";
126 141 1 1,4,34,42,49,70,97,99,108,115,120,127,129,135,151,152,156,158 "126";
127 122 1 7,22,25,27,30,31,35,37,62,68,75,82,88,100,105,112,122,127,129,136,142,146,149,155 "127";
128 106 0 0,4,7,10,12,17,20,23,24,27,28,30,32,35,38,47,48,50,54,56,58,61,62,66,67,72,74,76,78,83,87,89,90,91,94,97,99,101,103,111,113,116,118,120,123,125,128,131,133,137,138,141,145,146,148,150,152,153,154,156,157,159 "128";
129 40 1 1,6,8,10,12,18,21,27,31,37,41,42,46,48,49,53,56,59,67,76,81,83,86,89,91,97,106,110,118,121,122,128,129,130,133,136,139,140,144,148,150,155,158,159 "129";
130 31 0 0,4,20,22,31,32,67,95,104,118 "130";
131 87 1 4,7,12,16,24,28,38,51,55,75,78,91,93,99,102,114,121,123,131,139,152 "131";
132 150 1 9,24,27,34,40,43,47,49,62,72,75,99,104,106,125,147,149,159 "132";
133 155 0 0,5,11,13,17,20,24,26,32,35,36,44,48,52,65,67,68,71,75,77,79,81,86,87,89,92,97,98,106,113,115,129,137,139,140,146,148,152,153,156 "133";
134 141 0 1,4,5,6,7,9,11,12,15,17,18,20,22,23,24,27,29,30,31,33,36,37,39,41,42,44,47,48,54,57,61,64,69,70,72,73,75,77,78,80,83,84,87,88,90,93,95,97,98,100,101,102,103,106,108,110,112,113,115,116,118,123,125,127,129,131,132,134,137,138,141,143,144,146,148,149,151,154,158,159 "134";
135 108 1 0,6,12,15,16,18,20,24,26,29,36,39,40,47,49,51,55,64,68,73,78,79,81,82,83,89,92,100,108,110,111,113,115,118,119,120,122,130,136,142,155,159 "135";
136 125 0 0,3,4,6,7,9,10,13,15,16,20,22,24,27,29,32,33,35,39,43,45,46,47,49,51,52,53,55,58,60,63,64,66,67,70,72,76,78,80,81,84,85,86,87,90,91,93,95,97,98,100,101,102,104,106,108,109,112,115,118,120,121,122,123,125,129,134,136,138,139,141,142,143,148,154,155,157,158 "136";
137 13 1 0,2,4,8,9,12,14,16,21,24,27,28,31,32,34,38,40,41,43,45,48,51,53,55,64,68,76,78,80,81,83,85,90,92,94,95,96,107,109,114,117,118,120,125,132,134,135,140,141,143,145,156,158 "137";
138 55 1 0,2,4,5,7,8,12,13,15,19,21,22,27,28,32,33,35,36,43,46,48,49,51,53,55,57,59,61,64,65,68,70,72,75,77,78,83,85,86,91,92,94,95,98,99,101,102,105,114,115,117,119,121,123,125,127,128,131,132,136,140,144,146,148,150,151,156,159 "138";
139 33 0 3,7,14,16,20,22,29,32,38,40,43,46,55,58,60,65,83,86,93,97,103,109,112,122,133,137,140,142 "139";
140 22 0 0,4,5,6,11,13,16,17,21,28,31,32,38,41,45,48,50,61,62,63,65,72,74,76,79,82,100,102,106,109,113,115,117,119,120,125,136,138,140,145,151,153,154,159 "140";
141 149 0 0,7,9,13,16,18,21,23,34,37,45,51,53,54,58,62,64,70,74,77,80,85,87,93,101,105,106,108,117,119,120,121,130,135,136,145,146,149,151,154,158 "141";
142 83 0 6,45 "142";
143 11 0 10,11,16,23,28,30,36,42,46,50,51,57,62,64,77,80,86,88,103,104,108,109,118,121,123,126,137,138,148,150,153,154,156 "143";
144 26 1 8,14,18,20,22,26,33,35,36,41,46,47,50,51,53,54,59,63,66,67,68,71,73,75,78,81,82,84,88,92,93,99,104,109,112,114,117,118,120,126,130,139,142,144,149,153,154,158 "144";
145 93 1 3,6,7,9,13,15,16,23,25,28,29,42,45,46,49,51,53,54,60,72,76,84,85,89,91,94,98,101,103,105,108,112,115,116,123,129,134,137,138,140,143,147,149,151 "145";
146 125 0 53,65,76,88,102,118,124,133,142,153 "146";
147 155 1 3,10,13,16,19,21,26,28,31,34,41,45,47,49,60,62,65,74,83,85,89,95,103,108,114,116,120,126,131,133,135,145,146,149 "147";
148 101 1 1,5,9,18,23,30,32,37,40,42,45,48,50,54,56,58,70,77,81,86,91,96,99,100,101,103,107,111,125,126,131,138,140,150,152,157 "148";
149 154 1 1,5,6,11,14,38,43,48,51,69,74,75,79,81,84,88,102,104,107,110,116,118,127,134,137,142,154,155,157,158 "149";
150 73 0 11,24,40,42,52,59,121,153 "150";
151 137 0 4,16,18,22,23,25,26,27,28,29,33,37,39,44,50,52,54,59,65,68,70,71,74,84,87,91,99,113,116,118,121,123,133,135,143,145,147,148,150,151,154,159 "151";
152 72 0 0,1,3,4,8,10,12,14,15,17,19,21,22,26,27,28,33,34,36,37,41,42,43,45,46,48,49,52,53,54,56,59,60,63,64,65,67,72,77,79,80,82,85,87,89,91,93,94,96,97,99,103,104,108,111,114,116,119,126,129,130,133,134,137,139,140,142,144,146,147,148,151,155,157,158,159 "152";
153 120 0 1,3,9,32,35,42,48,59,62,68,69,71,80,108,120,122,148,156 "153";
154 126 1 1,3,4,6,8,9,12,22,24,26,27,33,35,37,46,48,50,53,57,58,60,65,68,72,75,77,79,81,82,87,89,91,94,95,101,102,105,111,114,117,122,125,128,129,131,133,136,139,140,145,146,148,151,155,156 "154";
155 137 0 2,4,7,12,21,24,28,31,34,42,43,44,51,57,61,63,67,68,75,78,81,83,84,93,114,116,117,119,120,133,135,136,140,141,145,149,150,152,156 "155";
156 54 0 3,16,19,23,26,33,36,43,47,51,53,62,66,70,72,75,84,98,101,103,106,111,115,120,134,141,143,145,149,151,154,156 "156";
157 50 0 1,3,4,5,10,18,19,25,29,33,36,39,40,54,56,61,64,75,83,88,91,96,97,101,106,111,113,116,117,120,121,124,132,140,148,151,154,159 "157";
158 61 0 9,11,12,17,19,20,22,23,33,34,35,40,42,43,47,48,51,53,56,69,75,81,88,91,92,96,98,100,102,103,106,109,114,115,119,124,129,131,133,135,140,141,144,145,156 "158";
159 69 1 2,3,9,10,14,15,21,23,33,34,37,41,45,50,56,75,76,78,81,82,87,93,96,99,104,106,113,115,117,129,132,144,145,148,149,156 "159";
