parity 57;
0 18 1 8,9,18,21,50,54 "0";
1 15 0 0,1,3,7,12,13,16,17,19,21,22,23,25,29,38,44,46,47,52,53,55 "1";
2 14 1 0,2,4,6,9,14,18,19,23,24,26,29,31,42,44,45,48,50,52,54,56 "2";
3 34 0 15,17,19,35,48,57 "3";
4 32 1 0,6,8,10,12,14,16,17,18,20,23,24,26,29,33,35,38,39,40,43,46,49,50,52,53,55,56 "4";
5 29 0 4,5,11,19,26,30,40,44,49 "5";
6 15 0 24,28,40 "6";
7 47 1 6,11,12,13,14,19,20,24,27,31,33,34,37,41,44,52,56 "7";
8 41 0 0,3,5,6,9,10,11,13,15,16,17,19,25,27,29,32,33,34,37,43,45,49,51,53,56,57 "8";
9 7 1 9,22,26,45,49,53 "9";
10 51 1 0,3,20,24,30,33,37,39,46,48,53 "10";
11 44 0 14,20,30,32,57 "11";
12 41 1 14,17,24,30,34,50,55 "12";
13 47 1 2,3,7,8,15,19,20,27,30,33,44,48,50,55 "13";
14 2 1 0,3,5,7,10,12,15,16,17,20,22,24,26,27,29,31,33,34,37,38,42,48,50,51,53,56 "14";
15 48 1 10 "15";
16 56 0 10,15,20,28,32,40,43,46,50 "16";
17 47 1 1,16,19,20,22,23,38,45,50,56 "17";
18 12 0 3,7,11,18,23,24,26,31,32,39,47,48,52,54 "18";
19 32 1 0,1,3,8,9,13,16,17,19,24,26,30,35,38,42,44,55,57 "19";
20 7 0 1,2,5,7,8,13,18,19,22,23,29,32,33,34,36,38,39,41,42,44,47,50,54 "20";
21 18 1 5,7,10,16,18,19,20,21,23,25,26,27,36,39,40,47,49,50,53,54,56 "21";
22 31 0 7,19,42,50 "22";
23 4 1 0,2,5,6,7,13,17,18,24,27,28,32,35,36,37,39,42,46,48,50,54,56 "23";
24 46 0 2,6,8,12,14,16,21,23,24,28,32,35,37,54,56 "24";
25 30 0 5,8,14,17,24,27,31,33,36,40,41,42,47 "25";
26 39 1 1,4,7,8,11,12,17,19,20,25,29,32,37,38,53,57 "26";
27 50 1 0,3,5,6,9,14,19,24,26,32,34,36,42,46,48,53,57 "27";
28 37 0 0,1,5,7,8,12,13,19,21,25,29,32,36,40,42,43,47,50,51,56,57 "28";
29 34 1 0,1,4,5,7,9,10,12,16,18,21,26,30,31,33,34,37,38,39,42,47,48,53,57 "29";
30 58 0 0,1,4,6,12,14,16,19,20,23,25,26,36,39,40,42,48,49,51,57 "30";
31 19 1 0,2,4,6,9,11,13,14,18,25,27,30,31,33,34,36,37,39,40,42,43,44,45,46,48,51,52,57 "31";
32 6 1 1,5,12,14,15,22,28,30,37,42,47,52,55 "32";
33 25 1 0,6,8,11,12,13,15,16,17,18,20,22,25,27,30,31,32,34,36,37,41,42,44,46,47,49,51,54,57 "33";
34 51 0 3,5,8,10,12,15,20,22,23,26,27,28,29,31,33,35,37,39,40,43,46,47,50,53,56,57 "34";
35 34 0 2,9,13,15,18,22,23,25,29,31,39,42,46,48,50,54 "35";
36 48 0 2,8,23,27,38 "36";
37 10 1 8,9,16,18,26,34,43,52,56 "37";
38 26 1 1,7,10,13,20,24,30,31,34,36,39,41,47,48,51,53,54,55 "38";
39 29 0 1,19,25,37,46 "39";
40 43 1 1,3,6,9,10,12,13,15,17,19,22,24,26,28,29,31,33,39,41,42,45,47,49,51,52,54,55,56 "40";
41 7 1 2,4,5,11,12,15,17,18,20,21,24,25,27,29,31,33,37,38,40,42,44,46,54,55,56,57 "41";
42 8 1 2,5,6,10,13,16,18,22,25,29,30,39,40,45,52,54 "42";
43 19 1 1,2,8,19,21,27,33,40 "43";
44 58 1 0,2,3,4,13,16,25,27,31,33,34,35,37,44,54,55 "44";
45 48 0 4,5,12,26,40,44,49,54 "45";
46 1 1 4,24,33,39 "46";
47 26 1 3,4,20,21,26,36,47,49,54 "47";
48 56 0 0,1,2,4,5,7,9,11,13,14,16,18,21,22,26,30,31,34,36,39,40,43,45,46,52,53,54,55,57 "48";
49 56 0 0,1,3,5,7,8,11,13,17,21,24,25,29,32,34,35,39,41,43,47,50,52,55 "49";
50 33 0 3,12,13,17,22,30,32,44,55 "50";
51 58 1 2,10,12,16,23,26,29,31,32,34,37,39,40,44,49,51,53,54,56 "51";
52 38 0 16,21,44,56 "52";
53 44 1 2,4,8,12,17,21,30,38,42,56 "53";
54 33 0 5,7,10,13,26 "54";
55 10 0 10,13,15,23,27,29,31,34,38,40,42,44,56 "55";
56 39 1 1,2,4,6,8,9,10,12,13,16,17,19,20,25,26,28,31,36,37,39,40,42,44,48,51,53,55,57 "56";
57 47 1 3,12,24,29,41,44,49 "57";
