parity 83;
0 31 1 2,6,11,30,34,43,45,47,49,51,55,56,60,65,72,78 "0";
1 61 1 1,3,5,11,13,25,29,30,32,36,43,46,56,58,69 "1";
2 56 1 0,1,4,5,7,9,10,12,14,15,17,19,20,22,23,24,25,30,32,35,38,40,44,45,47,49,51,54,57,61,62,65,66,68,69,70,76,77,79,80,83 "2";
3 32 0 0,1,2,5,6,8,11,13,15,17,20,22,24,25,30,31,35,36,39,40,42,47,49,51,53,54,57,59,64,69,71,73,74,76,79,81 "3";
4 23 1 4,22,37,38 "4";
5 82 0 0,2,3,6,10,13,16,17,19,21,23,25,30,33,34,38,40,41,42,43,46,49,50,54,55,58,60,62,64,67,70,74,75,80 "5";
6 47 0 0,3,5,6,8,10,14,16,18,21,22,24,26,31,32,35,37,38,39,41,43,52,54,55,59,60,61,62,64,70,76,79,81,82,83 "6";
7 32 0 8,17,22,29,39,44,77 "7";
8 82 1 1,2,5,9,10,12,15,16,22,25,27,30,31,33,38,41,45,47,52,56,57,59,60,62,64,70,76,79,82 "8";
9 59 1 5,9,16,19,21,27,38,41,42,54,80,82 "9";
10 62 0 1,4,13,14,17,21,27,34,38,41,47,50,55,56,58,64,65,73,74,76,77,79,81 "10";
11 28 1 9,42,61 "11";
12 62 1 0,2,4,6,16,18,20,23,25,28,31,32,33,35,37,39,41,43,48,50,52,54,58,61,65,66,74,77,78 "12";
13 56 0 0,8,17,29,35,40,44,65,77,79 "13";
14 59 0 0,9,10,12,17,20,24,26,29,36,39,41,45,48,50,51,55,56,58,60,62,64,68,73,75,77,78,79,81,83 "14";
15 8 0 0,2,4,9,18,26,29,30,36,37,42,51,54,55,57,59,67,71,75,81,83 "15";
16 18 0 0,2,4,5,8,10,12,14,16,17,19,24,28,29,31,37,39,40,43,44,48,49,51,53,55,57,58,60,62,64,67,69,71,73,80 "16";
17 10 1 17,20,40,45,49,51,66,80,82,83 "17";
18 38 0 14,33,35,43,45,53,55,61,68,77,80,83 "18";
19 74 0 0,3,7,9,10,15,17,20,21,23,25,29,35,37,38,41,42,44,46,50,51,52,56,58,60,61,63,65,68,70,75,80,82,83 "19";
20 24 0 6,9,14,28,34,38,40,41,42,44,59,65,77,83 "20";
21 20 0 0,1,2,4,23,55,59,75,77 "21";
22 50 1 10,17,22,30,33,37,41,44,49,52,55,59,61,62,65,73,81 "22";
23 40 0 8,13,44,53,61,68,74 "23";
24 33 0 9,18,24,26,58,64,68 "24";
25 38 1 0,1,2,3,8,9,12,15,19,21,22,25,27,34,43,45,51,53,54,57,61,65,66,72,78,79 "25";
26 20 0 0,8,11,13,16,17,19,22,24,26,29,35,37,38,41,43,45,48,49,51,52,54,59,63,65,68,70,71,77,79,82 "26";
27 69 1 5,17,32,34,48,59,74,81 "27";
28 29 0 4,6,7,13,14,17,21,23,27,31,35,38,39,41,48,56,65,68,72 "28";
29 40 0 3,9,12,13,16,18,20,22,28,30,33,35,37,38,41,42,44,46,48,50,53,59,60,62,64,65,69,72,75,77,79,80,82 "29";
30 49 1 0,4,6,7,10,12,14,15,16,18,19,22,23,24,27,29,31,32,34,35,36,39,42,43,48,49,51,52,54,55,58,59,61,63,66,69,70,72,73,77,79,83 "30";
31 61 1 14,16,35,51,65,74,83 "31";
32 78 1 2,19,24,31,34,39 "32";
33 44 1 16,22,24,34,40,47,58,72,75 "33";
34 13 0 2,4,7,8,15,17,18,20,24,27,58,62,67,72,80 "34";
35 29 0 2,3,9,11,18,21,22,24,25,30,33,37,39,44,48,51,53,64,66,69,73,77,78,82,83 "35";
36 37 1 0,2,5,7,9,11,13,16,17,19,20,22,24,29,32,33,35,38,39,40,42,43,45,48,49,52,54,56,57,59,63,64,68,70,71,73,75,77,78,80,82,83 "36";
37 56 1 2,6,13,14,17,21,24,28,33,34,38,39,41,42,47,48,49,51,52,54,55,57,61,65,70,72,75,80,82 "37";
38 73 0 10,19,30,32,42,45,57,60,61,65,68,70,81 "38";
39 64 1 3,11,13,47 "39";
40 28 0 32,63 "40";
41 65 0 2,3,37,49 "41";
42 83 1 1,25,34,35,38,50,51,54,58,59,61,62,72,74,78 "42";
43 66 0 0,1,4,6,8,11,14,16,18,20,22,24,25,29,31,34,36,39,41,44,48,50,51,53,57,59,61,62,63,65,68,70,71,73,75,76,81,82 "43";
44 73 0 7,21,36,40,48,62,68,76,80,82 "44";
45 0 1 9,11,30,36,47,63,78 "45";
46 53 1 15,25,28,33,41,47,52,53,56,68,76,83 "46";
47 57 0 1,3,9,14,15,17,20,24,25,27,31,33,36,41,50,54,56,59,64,68,70,74,79,81,83 "47";
48 38 1 0,2,6,7,10,12,15,17,18,20,21,23,26,27,28,30,32,34,35,38,39,40,42,44,46,47,48,51,52,54,55,57,61,63,65,69,70,71,76,77,79,81 "48";
49 24 1 6,12,13,48,64,66,78 "49";
50 18 0 3,5,10,15,18,20,23,25,28,34,38,45,50,53,67,75,80,82 "50";
51 84 1 1,3,4,6,7,13,15,23,27,29,32,34,39,41,43,47,50,55,57,64,65,74,78,80,82 "51";
52 15 0 17,29,43,52,63 "52";
53 54 0 0,1,7,8,9,11,12,14,15,16,20,25,27,29,30,32,33,36,40,43,45,46,49,50,52,53,55,57,61,64,66,68,70,72,74,78,79 "53";
54 75 0 2,3,7,9,17,20,22,24,27,28,30,32,38,39,43,44,46,48,52,53,56,58,60,63,65,66,68,69,74,75,77,81,83 "54";
55 39 0 8,10,14,18,19,25,28,30,31,33,35,39,41,45,48,49,53,54,56,57,59,69,70,77,80,83 "55";
56 78 0 0,2,4,7,10,11,13,16,17,19,25,26,29,33,38,39,46,47,48,49,51,53,55,59,61,62,64,66,70,71,73,75,76,82 "56";
57 75 1 0,4,5,7,10,11,13,17,20,22,24,25,27,30,31,34,36,37,43,45,46,48,51,53,58,62,68,69,71,73,77,78,81,83 "57";
58 60 0 0,3,7,8,11,14,15,16,17,20,23,24,28,29,30,32,35,38,40,42,43,47,49,55,57,58,62,64,65,68,69,71,73,75,77,78,83 "58";
59 45 1 0,1,3,5,6,8,11,12,14,18,21,24,28,30,32,34,36,38,44,46,48,49,50,53,54,56,57,60,62,65,68,69,73,76,79,81,82,83 "59";
60 53 0 17,53,76,79 "60";
61 83 1 4,18,34,46,75,80,82 "61";
62 53 1 0,1,8,14,15,18,22,31,35,37,40,41,43,53,55,60,64,67,70,80 "62";
63 48 1 2,4,10,12,15,16,20,21,23,26,29,31,32,39,40,42,46,47,49,52,55,57,58,60,61,63,64,66,77,83 "63";
64 61 0 7,25,53,57,59,60,75,77,78 "64";
65 42 0 0,4,7,9,11,13,16,18,19,23,25,27,28,31,32,35,37,40,45,49,53,57,59,62,64,66,69,72,79,82 "65";
66 11 1 0,3,4,10,13,14,16,17,19,21,23,24,30,31,36,39,41,42,43,46,49,51,52,54,57,60,62,66,71,73,77,79,80,81 "66";
67 57 1 3,9,50,67 "67";
68 55 0 24,46,61,63,65 "68";
69 53 0 1,9,12,16,19,21,23,27,32,34,37,39,51,52,54,55,58,61,66,70,75,78,83 "69";
70 77 0 7,51,61,64,69,73,74,76,79,82 "70";
71 7 1 0,3,4,7,8,10,15,16,17,19,21,24,26,28,30,32,34,36,37,42,46,49,52,53,55,58,59,61,62,67,70,72,74,75,77,79,81,83 "71";
72 63 0 5,10,12,15,21,24,27,29,31,34,36,39,46,47,56,62,67,68,73,75,77 "72";
73 4 1 0,7,10,16,23,26,31,33,41,43,50,60,70,76,79,82 "73";
74 20 0 0,6,17,24,31,39,45,53,58,59,62,68,73 "74";
75 7 1 2,4,5,6,9,10,13,16,18,21,24,28,31,34,36,39,45,49,50,52,56,58,61,63,64,66,68,70,72,73,75,78,81,83 "75";
76 10 1 0,1,4,5,6,10,11,13,14,15,17,20,21,23,25,27,29,30,33,35,39,41,42,45,47,52,54,55,57,61,63,65,67,70,71,72,73,76,79,81 "76";
77 43 0 1,5,8,11,12,18,20,27,40,42,48,58,59,65,75 "77";
78 10 1 3,7,13,18,21,24,28,32,34,37,40,44,49,50,56,60,63,64,67,76,80 "78";
79 71 1 1,5,7,18,22,25,28,30,32,36,40,46,49,51,56,63,72,74,77,82,83 "79";
80 18 1 0,7,8,11,13,17,20,22,23,26,27,30,31,32,34,39,44,46,48,53,55,57,60,61,63,66,68,69,71,73,75,77,80,82,83 "80";
81 64 0 39,51,70,75,83 "81";
82 49 0 0,2,13,23,25,29,33,46,49,55,58,80 "82";
83 56 0 0,4,6,8,11,12,14,15,16,18,19,21,24,25,26,29,32,33,35,36,38,40,41,45,47,48,52,53,59,63,64,66,68,74,75,76,79,83 "83";
