parity 26;
0 25 0 24 "0";
1 7 1 13 "1";
2 16 0 0,1,7,8,11,13,15,16,23 "2";
3 5 0 19 "3";
4 0 0 2 "4";
5 26 0 0,3,5,6,7,13,14,16,18,20,22,24,25,26 "5";
6 26 0 26 "6";
7 6 1 0,2,5,17,21,26 "7";
8 0 1 19 "8";
9 25 1 0,1,6,9,11,13,17,19,24,26 "9";
10 5 1 0,2,4,7,14,16,17,18,20,22,23,25 "10";
11 22 0 0,3,4,5,7,8,9,11,13,15,17,19,24,26 "11";
12 24 1 1,2,8,10,17,19,21,23,25,26 "12";
13 22 1 0,2,4,6,12,14,19,21,22,24,25 "13";
14 16 1 0,2,4,11,13,14,18,19,21,24,26 "14";
15 17 0 3,5,8,9,11,13,15,16,18,19,22,25 "15";
16 5 0 3,5,9,11,13,15,23 "16";
17 6 0 6,8,12,18,20,21 "17";
18 12 0 3,8,15,16,17,19 "18";
19 27 0 3,5,11,12,15,16,19,20,24,26 "19";
20 7 0 24,26 "20";
21 22 0 1,2,5,8,9,10,12,15,17,25 "21";
22 2 1 0,1,2,9,12,15,16,20,22,26 "22";
23 19 1 0,2,8,10,12,13,15,20,21,23,24,26 "23";
24 24 1 0,3,4,6,8,9,11,13,16,19,21,23,24 "24";
25 19 1 0,3,6,11,14,16,18,23,26 "25";
26 6 0 0,8,12,16 "26";
