parity 88;
0 53 1 0,4,6,8,12,16,17,26,32,37,43,45,49,51,53,58,60,67,69,77,79,80,81,83,88 "0";
1 3 1 0,1,7,9,10,33,36,46,48,52,53,58,67,77 "1";
2 10 0 1,3,4,6,10,12,14,15,19,33,39,41,46,56,70,78,81,82,84 "2";
3 74 0 15,28,40 "3";
4 5 1 2,5,14,45,51,52,57,85 "4";
5 88 1 6,14,27,29,50,55,58,60,70,76,79 "5";
6 77 0 8,14,30,34,43,48,58,63,66,71,73,75,80,88 "6";
7 52 0 1,3,4,6,9,11,13,18,21,23,29,30,32,33,35,36,37,39,42,45,46,47,49,51,53,56,60,61,62,66,69,76,83,88 "7";
8 34 1 5,8,10,16,19,23,24,27,29,32,34,39,44,48,50,52,54,57,59,60,62,63,69,72,75,76,77,79,80,81,83,85,87,88 "8";
9 59 0 0,1,2,4,6,9,12,14,18,20,27,28,29,32,35,38,47,49,50,54,56,64,67,68,69,74,78,80,83,85,87,88 "9";
10 72 0 0,3,5,6,9,11,13,16,18,19,21,23,26,30,31,33,36,37,41,43,44,46,49,50,52,54,57,61,63,66,67,69,71,73,74,77,79,82,83,87 "10";
11 51 0 1,5,7,13,15,19,20,25,28,32,35,37,38,42,46,49,60,62,65,71,80,81,87 "11";
12 12 0 0,1,2,4,5,7,9,12,15,18,21,22,25,26,28,29,32,34,36,37,40,41,44,45,48,50,52,56,59,61,62,63,66,68,69,71,74,77,78,80,85,87 "12";
13 67 1 17,21,39,66 "13";
14 8 1 0,4,7,10,12,18,23,31,38,39,44,46,65,74,83,85,88 "14";
15 33 0 1,5,7,10,16,21,29,31,32,35,37,46,47,51,53,57,61,66,68,70,74,79,82,83,85,86 "15";
16 41 1 0,2,5,7,10,13,15,18,23,26,28,29,30,32,34,37,38,46,49,51,56,62,63,64,67,69,70,75,77,78,81,82,83,85,86,88 "16";
17 57 0 2,15,17,26,39,44,49,51,68,77,84 "17";
18 62 0 29,84 "18";
19 30 1 3,6,7,9,10,12,13,17,21,23,25,28,29,32,33,35,38,40,41,43,44,48,50,54,56,57,58,61,62,63,65,68,70,71,72,74,76,77,80,81,82,84,85,87 "19";
20 79 0 0,2,3,5,8,12,14,16,25,26,28,30,32,34,44,49,50,52,53,56,59,61,62,65,68,71,73,76,78,82,83,84 "20";
21 22 0 4,6,10,12,21,23,28,31,39,40,46,47,52,53,56,64,67,68,75,78 "21";
22 13 0 1,4,5,7,9,13,18,19,20,22,25,33,35,40,42,43,48,49,53,54,57,62,64,72,75,78,80,84,86 "22";
23 68 0 24,60 "23";
24 29 0 2,4,6,7,13,34,42,57,72,78 "24";
25 39 0 3,4,5,6,8,13,15,17,19,20,24,26,27,28,30,32,35,36,38,39,42,43,46,49,51,53,56,59,60,62,63,65,68,69,71,72,74,75,77,79,82,83,86,88 "25";
26 22 0 1,3,4,5,7,10,13,14,15,16,18,19,21,22,23,30,35,37,38,40,41,43,45,49,50,52,53,54,58,61,63,66,68,72,73,75,77,80,82,83,86 "26";
27 56 0 4,6,20,23,25,33,37,40,46,51,53,55,59,70,76,78,88 "27";
28 30 1 0,2,3,5,9,11,19,20,24,29,33,34,39,40,44,47,48,50,52,54,56,60,63,68,69,70,73,75,76,82,84,87 "28";
29 14 0 2,3,6,11,12,13,16,19,20,23,24,27,28,30,32,38,39,40,42,44,47,48,49,51,52,56,60,63,65,68,70,71,75,80,85,87 "29";
30 56 0 11,14,16,23,54,65,68,71,72,74,82 "30";
31 53 0 0,7,8,19,21,24,27,28,31,33,34,38,45,57,62,64,68,69,74,76,78,79,82,86 "31";
32 7 1 1,2,4,6,8,9,10,11,13,17,18,19,24,26,29,31,32,33,36,40,44,47,51,52,53,55,56,58,64,68,70,71,75,76,77,78,82,85,88 "32";
33 74 1 8,18,25 "33";
34 15 1 1,2,4,7,10,12,15,19,20,22,25,28,29,31,33,36,38,39,41,43,45,47,48,50,51,53,56,57,61,62,64,66,67,69,70,72,75,78,79,83,85 "34";
35 10 0 17,59,80,84 "35";
36 39 0 0,1,5,11,13,17,25,27,34,40,46,52,59,61,65,66,71,73,74,84,87 "36";
37 9 1 0,7,11,16,17,21,23,25,29,35,45,47,48,53,56,58,62,63,65,67,69,71,75,79,82,84,85 "37";
38 4 1 1,3,6,22,24,26,34,41,61,73,80,84,88 "38";
39 26 1 8,20,23,28,33,35,37,38,41,74,76,77,83,88 "39";
40 37 1 0,6,9,13,17,28,36,49,52,66,68,70,73 "40";
41 38 0 0,1,4,7,11,13,15,19,22,23,26,32,34,35,38,41,46,48,50,52,53,55,57,59,61,63,66,68,71,72,80,81,83,87 "41";
42 34 1 0,4,7,14,15,18,20,23,30,34,36,41,44,48,51,63,67,72,77,79,81,82,85 "42";
43 52 1 13,14,32,35,40,48,57,61,64,74,77,84 "43";
44 50 1 10,13,19,22,24,25,29,32,37,39,41,45,47,52,54,57,59,64,68,69,72,78,79,81,83,84,86 "44";
45 32 1 0,2,8,10,14,16,20,22,24,26,28,33,34,36,40,43,44,46,48,54,56,58,61,64,66,68,71,73,75,76,78,80,83,86,88 "45";
46 53 1 3,7,10,14,16,19,27,33,35,36,38,64,72,74,80,86 "46";
47 47 0 0,2,3,6,14,19,23,28,29,33,35,51,53,56,57,63,68,74,76,79,81 "47";
48 39 0 0,2,4,5,6,11,12,14,15,18,21,23,24,25,26,28,30,31,32,35,37,38,40,42,43,45,48,50,55,57,58,60,61,64,70,73,76,78,81,83,84,86,88 "48";
49 49 1 0,2,7,8,9,12,15,18,21,22,24,27,28,29,31,32,34,37,38,40,42,43,46,47,49,50,51,54,55,56,58,59,60,64,67,70,73,74,75,77,78,79,82,84,87 "49";
50 8 1 10,18,20,27,33,35,40,41,63,83 "50";
51 82 1 0,1,2,4,12,13,15,16,17,19,21,23,24,26,30,31,34,35,37,40,42,46,47,50,53,55,58,59,63,65,66,69,72,75,77,79,80,81,84,85,88 "51";
52 48 0 0,11,12,17,19,21,23,31,33,39,41,49,55,58,61,63,67,68,71,75,77,80 "52";
53 89 1 8,14,37,42,50,65,74,88 "53";
54 7 0 0,4,6,7,18,19,20,22,24,26,27,29,30,32,33,36,37,44,49,52,53,55,57,61,63,66,72,74,78,81,82,84,85,87 "54";
55 25 1 15,17,26,38,75 "55";
56 23 0 0,4,11,12,14,18,22,31,33,34,40,46,52,53,64,74,76,79,80,82,83 "56";
57 51 0 4,45,49,62,65 "57";
58 55 0 4,5,8,10,13,17,21,22,23,35,42,46,49,51,53,54,58,59,61,73,76,80,82 "58";
59 85 1 2,4,6,12,13,15,18,20,23,25,29,36,44,50,53,58,61,65,66,68,69,73,76,80,86,88 "59";
60 26 0 5,10,24,25,28,31,34,38,41,42,46,49,57,62,67,69,73,74,78,80,82,85,87 "60";
61 55 0 1,3,17,19,22,24,25,28,30,32,34,37,39,41,44,46,59,60,62,66,68 "61";
62 89 1 1,3,10,12,18,21,26,27,30,33,35,37,38,47,48,50,55,58,59,62,64,66,69,71,74,76,77,80,83,86,87 "62";
63 34 1 3,12,16,26,34,42,43,46,49,61,67,73,85,86 "63";
64 84 1 0,3,5,10,11,13,15,19,20,24,27,30,33,35,37,40,41,46,48,51,53,56,64,65,67,69,70,71,74,77,79,81,83,85,88 "64";
65 49 1 0,3,5,8,9,11,12,14,17,21,26,27,29,31,32,34,35,36,39,40,43,44,46,48,49,53,55,57,62,67,70,71,73,74,77,78,80,82,83,85,86,87 "65";
66 81 1 0,6,19,20,23,24,32,41,45,46,51,64,66,68,73,77,81 "66";
67 32 1 0,2,3,10,12,14,17,20,21,22,23,24,27,29,30,33,35,37,39,42,44,49,56,58,64,66,68,77,78,79,82,84,86,88 "67";
68 87 1 0,1,3,5,6,7,10,11,12,14,16,17,19,21,24,26,29,31,33,36,43,44,47,49,51,54,58,60,61,64,67,70,71,74,75,78,81,83,85 "68";
69 11 0 3,5,17,34,36,41,58,66 "69";
70 71 1 4,40,48,60,66,74,80,86 "70";
71 87 1 0,1,6,9,11,13,15,17,21,22,29,31,32,34,35,38,42,48,49,57,59,62,65,67,69,73,74,75,77,78,85,87 "71";
72 24 1 0,3,6,10,14,15,18,19,21,22,24,26,28,32,34,37,38,42,46,47,49,50,52,54,55,57,61,62,66,67,70,72,75,78,80,81,84,85,88 "72";
73 23 1 1,4,16,18,19,24,32,43,62,69,74,82,85 "73";
74 56 0 1,4,9,27,39,59,68,70,75,78,80,86 "74";
75 21 0 0,1,3,5,6,7,9,10,13,17,18,21,23,25,27,29,35,36,40,43,44,47,50,51,52,54,57,59,60,63,65,70,72,75,77,79,80,84,86,88 "75";
76 11 1 41 "76";
77 10 0 1,2,4,6,15,23,24,25,29,31,32,33,38,42,43,45,48,50,54,57,61,63,64,66,67,77,80,82,84 "77";
78 38 1 6,24,31,38,58,59,67,72,78,80,83,86 "78";
79 29 0 0,1,2,4,5,7,10,14,18,22,23,24,26,33,35,37,41,44,47,49,54,55,57,59,62,63,64,66,67,70,78,82 "79";
80 12 0 2,4,11,46,50,57,70,71,72,77,80,86,88 "80";
81 58 0 2,13,17,19,20,29,31,36,41,43,52,55,58,59,62,63,66,77,79,83,88 "81";
82 48 0 37,80 "82";
83 22 0 1,3,25,36,43,46,52,61,72,87 "83";
84 88 0 0,3,6,8,10,11,12,16,18,20,23,25,27,29,31,33,35,37,38,40,41,45,46,49,52,53,55,59,61,64,65,66,69,70,77,80,81,82,83,84,86,88 "84";
85 87 0 1,2,4,5,7,8,9,11,14,15,16,20,21,23,24,26,27,29,31,35,39,42,49,52,54,58,61,63,64,67,70,71,72,75,78,79,84,85,87 "85";
86 15 0 0,2,15,22,23,27,33,40,47,65,68,78 "86";
87 39 0 0,4,5,9,11,14,16,19,21,22,26,29,31,34,38,42,45,48,55,58,60,65,67,70,72,77,79,81,83,85,87 "87";
88 28 0 3,6,8,14,23,27,29,32,37,38,43,44,51,52,54,56,57,60,62,65,72,74,79,88 "88";
