parity 92;
0 18 1 0,2,3,6,8,10,12,13,15,18,20,23,24,26,28,29,31,33,34,36,37,42,44,45,48,50,52,53,55,56,58,62,64,67,69,70,74,76,78,79,81,83,84,89,91,92 "0";
1 91 0 0,3,5,6,23,30,34,36,39,40,44,47,50,51,55,62,64,66,68,80,85,86,88 "1";
2 12 1 0,2,4,5,8,9,10,12,13,14,17,19,20,26,27,28,33,35,39,43,44,48,49,53,55,57,58,60,61,65,66,70,73,75,78,79,81,85,86,88,91,92 "2";
3 12 1 1,2,6,9,10,13,16,17,18,23,26,28,31,32,34,35,37,43,44,47,49,50,52,54,55,57,60,64,66,67,70,71,73,76,78,81,82,86,87,89,90,91 "3";
4 30 0 0,1,9,13,15,18,29,40,44,45,49,51,52,56,62,67,68,72,76,80,82,87,88 "4";
5 82 0 3,15,51,63,68,70,72 "5";
6 11 0 0,2,8,12,15,18,21,24,28,31,32,33,35,37,42,45,50,52,56,57,59,65,70,77,78,80,82,83,87,91,92 "6";
7 11 0 2,4,6,17,25,33,38,41,48,52,55,70,71,73,79,88 "7";
8 9 0 5,6,8,10,15,18,21,22,25,28,32,33,36,38,39,40,42,43,44,47,49,50,52,54,56,58,60,62,64,67,69,72,73,75,77,79,83,84,86,88,90,91,92 "8";
9 36 1 2,3,9,14,28,29,30,33,47,49,53,56,57,59,62,64,68,74,76,78,80,86,92 "9";
10 25 1 5,14,19,31,35,42,46,51,53,67,73,76,79,84,89 "10";
11 39 0 17,20,56,74,87 "11";
12 78 0 0,6,8,9,12,15,21,23,25,28,33,34,36,45,47,49,54,64,65,68,75,84,86 "12";
13 33 0 0,12,20,22,27,35,36,47,53,61,65,66,78 "13";
14 53 0 0,1,3,5,6,8,9,10,11,13,15,17,20,21,22,25,31,36,37,39,41,43,44,45,47,48,49,53,56,59,61,62,67,68,70,71,74,76,78,83,84,88,89,90,92 "14";
15 88 0 10,12,16,33 "15";
16 6 1 4,6,8,10,12,17,20,24,25,28,31,32,34,42,44,45,49,57,58,59,63,66,68,69,72,73,75,77,78,87,89,90,92 "16";
17 85 0 6,8,10,12,16,24,26,28,34,37,39,40,43,45,46,48,51,52,56,58,63,67,68,73,75,77,79,85,86,87,92 "17";
18 24 1 7,11,19,22,25,26,30,34,36,41,55,56,61,63,68,71,76,84,87,89,92 "18";
19 29 0 12,16,19,20,26,28,30,32,33,39,45,52,54,56,62,65,68,72,79,80,82,84,87,89,92 "19";
20 10 0 6,24,30,38,50,58,69,74,77,79,91 "20";
21 14 1 18,42,73 "21";
22 53 0 0,10,31,35,45,53,63,68,73,87 "22";
23 11 0 0,1,2,4,5,7,13,14,16,17,19,21,25,26,27,30,32,36,37,39,43,44,47,50,52,54,56,57,58,61,62,64,66,68,70,72,73,75,77,80,81,83,86,87,89 "23";
24 62 0 3,5,6,7,12,13,20,23,25,27,28,39,45,46,51,60,71,73,79,85,91 "24";
25 84 0 13,17,30,33,55,64 "25";
26 8 1 25,42 "26";
27 25 0 0,3,4,6,10,14,15,17,19,21,23,25,26,29,32,34,39,41,43,45,48,50,52,53,54,56,57,58,60,61,65,69,71,72,74,76,77,78,80,82,84,86,88,89,92 "27";
28 72 0 0,2,3,10,12,19,22,23,26,37,41,45,48,52,53,54,57,69,72,75,77,78,83,85,88 "28";
29 31 0 0,3,5,6,8,11,13,15,17,22,26,29,30,35,37,38,40,42,43,46,47,48,50,54,55,57,58,60,61,63,65,67,68,70,75,76,78,80,81,82,84,87,89,90,91,92 "29";
30 3 1 0,1,2,3,5,7,13,15,17,18,20,21,22,24,26,29,30,34,38,40,41,46,54,55,57,58,59,61,63,67,69,70,72,74,79,82,84,86,88,91,92 "30";
31 74 0 4,5,8,14,27,31,34,49,56,61,77 "31";
32 89 0 1,5,8,10,14,16,17,20,23,24,26,28,37,39,42,45,47,49,52,55,57,61,68,69,74,81,84,86,88,90,92 "32";
33 32 1 1,11,21,23,27,35,37,40,44,45,48,62,65,69,71,79,88 "33";
34 88 0 0,2,3,5,7,8,10,11,14,16,18,21,23,25,28,30,37,38,40,42,44,47,48,49,51,53,55,56,58,61,63,65,66,68,69,71,72,74,76,78,80,83,85,86,87,89,92 "34";
35 22 0 2,3,5,6,7,10,13,14,16,19,22,23,24,26,27,31,34,36,40,42,47,48,53,55,56,60,61,63,65,70,71,72,75,76,81,83,86 "35";
36 88 0 1,19,24,37,46,49,58,68,70,77,84,88 "36";
37 59 0 36,40,47 "37";
38 38 1 0,6,8,15,17,21,29,30,32,42,46,49,55,71,81 "38";
39 23 1 16,39,45,80 "39";
40 33 1 0,4,8,9,11,14,15,18,21,24,33,36,37,41,44,46,48,50,56,58,59,62,63,66,68,70,72,75,76,78,81,82,84,89,91 "40";
41 56 1 2,4,6,9,11,12,14,16,18,19,21,25,26,28,31,36,40,43,44,45,46,48,50,52,53,54,56,59,62,68,71,76,78,81,84,85,87,91,92 "41";
42 29 0 0,7,13,15,33,38,43,45,47,66,69,72,76,84,87 "42";
43 49 0 6,8,15,16,21,23,36,39,44,49,51,53,58,61,71,76,87 "43";
44 88 1 0,2,4,5,7,9,11,12,13,15,19,21,24,26,28,31,32,34,37,38,41,43,45,47,50,51,53,55,58,60,62,66,67,69,71,74,76,79,86 "44";
45 56 0 0,3,10,12,17,19,26,28,33,34,35,37,39,42,44,52,54,55,60,63,69,73,75,77,80,82,83,87 "45";
46 65 0 0,2,7,9,11,19,23,24,29,31,41,44,51,56,60,62,70,74,77,81,89 "46";
47 90 1 2,3,5,8,9,17,25,26,28,31,32,33,36,40,46,48,50,51,55,59,63,65,68,70,72,73,77,83,91,92 "47";
48 77 1 0,3,7,8,11,13,15,16,19,21,23,24,25,26,28,31,33,35,37,39,44,47,50,53,55,56,60,62,63,64,66,69,70,72,74,75,76,78,79,80,81,86,88,89,91 "48";
49 88 1 4,8,14,16,18,25,34,38,41,45,47,57,59,61,64,69,74,77,79,84,89 "49";
50 8 0 1,7,8,10,13,14,17,19,21,25,26,28,29,32,34,37,39,41,43,44,45,47,52,54,56,58,59,64,67,70,73,74,75,79,83,84,85,87,89,92 "50";
51 42 1 2,7,11,18,22,26,37,43,45,47,50,55,57,60,71,73,76,78,82,88,92 "51";
52 36 1 2,3,4,7,9,10,19,20,30,32,35,40,43,46,49,52,53,55,56,58,60,65,67,69,74,77,79,83,86,89,90,92 "52";
53 9 1 6,12,14,24,41,42,45,48,49,51,55,61,70,87,88,89 "53";
54 90 1 4,6,7,9,11,16,17,24,30,41,43,60,67,70,73,75,78,79,81,87,91 "54";
55 26 1 0,6,7,8,10,12,14,15,21,22,23,25,26,27,30,31,33,34,36,41,42,45,46,48,56,58,61,63,66,70,71,73,78,81,82,85,88,90,92 "55";
56 29 0 3,4,10,11,12,17,26,30,45,60,62,77,79,84,85,89 "56";
57 90 0 59,65,85 "57";
58 41 1 0,3,4,6,8,14,24,27,29,31,35,40,44,52,54,57,61,63,67,68,70,83,85,90,92 "58";
59 25 0 0,1,7,9,10,12,15,17,20,23,28,30,35,38,40,41,44,46,48,50,51,52,55,57,58,59,62,64,73,76,77,78,80,82,84,85,88,91 "59";
60 2 0 0,2,11,13,19,21,22,30,34,39,50,52,54,56,59,77,78,80,82 "60";
61 75 1 0,3,5,7,12,14,23,25,26,29,35,36,37,39,41,45,46,48,50,51,53,57,65,66,69,70,72,73,78,79,82,83,85,90,92 "61";
62 59 1 2,4,6,8,15,19,24,51,52,54,60,65,67,70,75,80,88,91 "62";
63 3 0 4,6,9,12,14,15,19,22,28,31,34,36,38,44,47,49,51,55,58,59,63,65,72,76,77,80,84,87 "63";
64 83 0 4,7,12,13,29,32,37,40,42,45,53,57,59,62,67,69,75,81,92 "64";
65 91 1 0,4,7,8,9,10,13,15,21,24,26,27,29,31,32,36,37,42,47,49,50,54,56,57,59,63,64,67,68,70,72,73,76,81,87,89,91,92 "65";
66 82 0 3,7,11,12,19,20,25,26,34,36,38,42,48,52,55,58,62,64,67,71,75,84 "66";
67 89 0 3,4,7,12,13,16,19,22,25,31,33,35,39,41,43,45,46,47,52,58,59,61,66,72,78,80,83,90,91 "67";
68 57 1 0,2,4,5,6,7,12,13,14,16,18,21,24,26,28,29,30,32,33,36,37,39,41,42,44,47,48,53,56,59,61,63,66,67,69,71,72,74,75,77,79,80,81,84,86,89,92 "68";
69 75 1 3,5,12,15,17,19,21,22,25,33,35,36,40,44,55,59,65,67,71,74,75,82,83,84,87,92 "69";
70 36 0 0,9,12,17,20,24,26,28,35,48,50,54,56,58,59,61,65,72,77,87,89,91 "70";
71 79 1 1,5,6,10,15,16,18,20,22,24,25,27,33,40,44,50,52,54,56,57,59,63,66,69,73,74,76,79,84,86,87,88,90 "71";
72 6 1 4,6,12,15,17,25,32,38,40,46,47,91 "72";
73 20 1 1,18,26,28,33,42,54,56,62,69,75 "73";
74 82 0 15,18,22,29,33,44,49,65,80,81,87,92 "74";
75 83 0 0,4,5,6,9,10,11,12,13,17,21,23,31,33,34,35,37,38,40,43,45,46,48,51,53,54,56,58,59,60,62,66,67,69,71,73,75,77,78,79,82,84,87,88,90,91 "75";
76 36 1 1,4,7,18,25,27,29,32,33,34,39,40,44,46,51,52,53,55,56,59,60,66,68,70,71,76,79,84,85,88 "76";
77 84 1 3,9,15,19,22,24,30,42,49,63,65,67,69,88,90 "77";
78 9 0 0,1,4,8,10,12,13,14,16,19,21,22,24,31,33,34,36,40,43,46,47,49,52,54,57,58,60,62,64,69,78,86,87,89,92 "78";
79 65 1 79 "79";
80 29 1 2,5,11,15,22,23,25,29,34,50,52,57,60,61,65,68,81,82,84,86,88 "80";
81 27 1 0,5,7,9,11,13,16,18,20,23,26,33,37,39,50,51,54,63,65,71,79,88,90,92 "81";
82 37 1 4,5,6,8,13,14,16,17,20,23,25,27,29,31,32,35,38,48,49,51,62,64,66,68,70,72,76,77,78,81,84,86,88,91 "82";
83 56 0 0,2,4,6,9,11,13,14,15,17,18,21,22,25,28,30,32,34,36,41,42,43,46,47,48,50,53,54,57,58,60,62,66,68,69,73,75,78,79,80,82,84,85,86,87,90,92 "83";
84 92 0 5,8,13,17,21,23,25,26,27,29,31,37,43,45,46,47,48,49,53,57,59,67,71,80,82,84,86,88,91,92 "84";
85 76 1 0,2,3,5,8,11,14,16,18,25,27,29,30,37,42,46,48,52,55,56,58,64,66,69,70,82,86,90 "85";
86 41 0 3,6,9,20,31,35,42,52,55,61,64,67,69,88,90 "86";
87 90 1 3,14,19,22,23,25,28,29,33,35,43,45,50,53,55,56,59,66,68,71,72,74,75,79,83,87 "87";
88 56 1 0,2,4,7,8,10,12,18,20,21,22,24,25,30,31,33,34,37,40,42,44,45,47,48,51,55,56,60,61,63,65,66,70,74,77,82,89,90,92 "88";
89 5 1 0,2,4,6,7,9,14,20,21,28,31,34,35,38,41,43,44,51,53,55,56,59,66,67,70,73,75,77,79,85,87,88,90,91 "89";
90 8 0 2,7,15,17,18,24,26,39,40,42,43,51,53,55,61,64,66,72,73,76,78,81,86,91,92 "90";
91 43 0 12,41 "91";
92 66 0 0,3,6,8,15,17,18,20,21,27,29,30,32,33,34,35,37,39,40,43,46,49,51,52,53,55,59,60,71,72,76,77,80,83,84,85,87,88,90 "92";
