parity 98;
0 56 1 1,5,11,29,36,45,48,50,54,64,66,70,72,75,81,84,92,98 "0";
1 18 1 0,2,5,9,11,13,14,15,17,19,20,23,27,28,35,40,42,45,47,49,52,53,63,64,66,69,71,73,80,83,84,87,89,91,93,98 "1";
2 22 1 0,2,4,5,6,12,13,15,17,18,21,22,24,25,28,32,35,40,41,43,47,48,54,56,60,62,65,66,68,71,73,75,76,80,81,83,85,86,88,89,91,94,96,98 "2";
3 42 1 0,2,5,7,8,10,11,17,18,20,27,28,32,34,35,37,40,42,46,48,51,54,57,58,61,62,64,65,67,70,72,73,74,77,78,81,88,92,95,98 "3";
4 38 1 0,1,3,13,14,19,23,25,26,31,36,40,42,46,47,52,55,58,61,63,66,67,71,73,76,81,83,84,87,89,91,94,96,98 "4";
5 27 0 1,2,5,7,10,11,12,14,18,19,20,21,23,24,26,27,28,30,32,35,36,38,39,43,44,46,47,49,51,54,59,61,65,66,68,70,71,73,74,75,78,79,81,86,88,91,93,95,96,98 "5";
6 96 0 0,11,16,17,26,43,46,48,51,55,60,67,73,76,78,86,89,93,95,98 "6";
7 41 0 0,9,14,18,22,27,29,39,41,64,66,72,73,79,82,84,88,91,98 "7";
8 38 1 2,4,5,7,8,11,12,15,17,20,22,23,27,29,31,35,36,42,46,47,53,57,64,67,74,78,81,84,88,90,94,98 "8";
9 80 1 6,22,28,62,83,96 "9";
10 38 0 0,2,8,11,17,24,28,30,34,36,39,41,44,47,50,52,56,58,59,63,65,70,73,74,77,81,83,88,94,97 "10";
11 42 1 6,13,18,29,40,44,55,63,69,76,77,80,86 "11";
12 51 1 2,6,11,16,19,22,23,25,27,28,29,31,35,37,39,42,46,47,53,56,57,59,61,64,68,69,70,71,74,76,78,80,82,84,87,89,91,96,98 "12";
13 41 0 0,3,8,10,12,14,17,19,20,23,25,26,27,29,33,34,36,39,41,43,46,51,54,55,59,62,63,67,70,72,73,75,79,81,82,83,86,89,92,95 "13";
14 0 1 1,5,10,21,36,48,58,71,76,79,88,89 "14";
15 13 1 0,2,6,8,9,12,14,16,17,21,28,30,36,38,39,40,42,44,48,49,54,62,66,70,72,74,77,79,81,85,88,89,90,94,98 "15";
16 94 0 0,7,12,13,17,19,20,29,33,34,44,45,48,50,51,54,55,58,59,61,62,66,67,73,78,79,87,93,94,95,97 "16";
17 51 0 3,17,23,29,31,38,45,46,47,52,57,61,65,66,71,73,75,79,81,82,91 "17";
18 33 1 0,6,13,15,21,24,25,26,33,36,38,41,44,49,51,56,67,68,70,73,79,80,86,88 "18";
19 5 0 7,15,32,35,43,56,72,83,89,92,97 "19";
20 2 1 0,5,8,17,21,51,54,60,66,74,83,89,97 "20";
21 78 0 6,8,10,19,20,23,24,25,27,29,32,33,38,41,46,50,61,62,64,69,71,78,98 "21";
22 76 1 0,1,2,4,11,14,17,19,21,23,25,26,30,32,34,36,39,44,46,47,48,51,53,54,55,57,59,62,64,66,70,73,75,78,80,83,84,87,89,90,92,94 "22";
23 51 0 3,6,25,31,40,65,69,79 "23";
24 69 1 1,2,5,7,10,21,25,31,34,38,47,51,58,61,69,74,76,87,92 "24";
25 5 0 0,3,6,8,11,13,15,18,20,23,25,27,31,32,44,48,50,53,54,56,58,61,66,67,68,70,72,73,75,77,79,82,85,91,93,98 "25";
26 2 1 10,12,17,19,27,31,33,43,45,46,48,51,57,59,65,67,69,70,72,74,85,86,91 "26";
27 61 1 0,2,6,9,14,15,18,20,22,24,27,30,32,33,37,40,41,45,46,48,49,51,54,61,62,63,66,67,68,78,80,81,82,84,85,92,93,95,96 "27";
28 15 1 11,22,30,37,63,67,71,77,81,88,91,94,96 "28";
29 96 0 0,3,6,10,11,12,15,17,19,20,23,25,27,29,31,34,35,36,37,45,50,51,53,57,58,61,64,67,69,71,72,74,76,77,81,83,84,87,88,90,92,94,95 "29";
30 85 0 0,9,32,47,68 "30";
31 63 0 65,72,80,86 "31";
32 85 1 3,9,10,12,15,19,20,21,22,27,29,30,34,38,39,41,42,43,45,49,50,51,54,56,58,60,65,67,72,73,77,82,83,85,86,94,95 "32";
33 89 0 4,6,7,9,21,22,30,35,46,48,67,76,96 "33";
34 37 0 0,1,2,5,7,10,11,14,16,17,19,20,22,24,26,27,32,43,44,45,47,52,53,55,57,58,59,61,63,64,67,68,71,73,76,80,82,83,85,86,88,90,91,92,93,98 "34";
35 77 0 0,1,3,4,6,10,13,14,19,21,22,23,25,28,31,32,34,36,38,41,43,45,47,53,54,57,59,60,62,63,67,69,72,74,76,80,82,83,87,88,89,90,93,98 "35";
36 29 1 1,5,7,15,16,18,21,24,29,31,39,41,44,46,48,49,53,60,62,68,74,76,85,86,87,92,94,96 "36";
37 92 0 0,2,4,16,20,23,27,33,36,37,39,47,60,64,68,74,81,83,90,97 "37";
38 72 1 25,30,32,45,64,65,71,72,83,84,87,88,91,93 "38";
39 47 0 4,7,9,12,18,20,22,33,35,39,41,48,51,54,59,63,67,73,78,82,86,89,91,93,98 "39";
40 52 1 6,14,18,44,46,48,73 "40";
41 36 1 0,1,4,6,11,12,13,14,17,19,20,22,24,26,29,33,34,38,39,41,42,44,45,47,48,49,51,53,59,60,62,63,67,69,72,73,75,77,79,81,85,89,94,98 "41";
42 29 1 2,3,4,7,8,13,16,19,21,23,24,26,28,30,31,34,35,38,43,46,48,54,59,61,64,65,69,71,72,76,77,82,83,86,88,94,95,97 "42";
43 56 0 1,2,4,6,7,8,13,14,18,19,21,22,24,25,26,27,30,32,34,36,37,38,42,46,48,51,52,55,57,59,60,64,65,67,68,69,71,74,75,77,80,82,84,88,89,94,96,97 "43";
44 28 0 1,6,7,11,15,17,18,20,21,27,29,30,35,36,38,45,46,49,51,53,58,60,61,66,68,72,75,80,84,87,90,93,95,96,98 "44";
45 14 1 2,3,4,7,10,11,14,18,22,23,26,27,29,33,39,48,54,56,58,59,63,65,66,68,70,71,72,73,75,77,78,81,86,88,91 "45";
46 27 0 1,3,4,6,11,13,21,31,41,43,48,52,55,63,70,73,75,78,79,81,88,89,93 "46";
47 55 0 4,14,17,20,26,30,32,39,41,46,51,53,59,76,81,88,91,97 "47";
48 95 1 2,6,8,10,12,13,14,16,17,19,21,23,25,29,30,33,37,38,40,42,44,47,48,51,52,56,57,59,60,64,65,66,69,71,73,74,76,80,81,84,86,88,89,91,92,93,95,97,98 "48";
49 34 1 37,41,78 "49";
50 48 0 73,91 "50";
51 59 0 1,7,58,66,72,79,85,88,91,92 "51";
52 27 0 23,44 "52";
53 3 0 6,32,47,54,63,74,80,87 "53";
54 76 1 3,6,8,10,16,19,22,24,27,35,37,38,60,64,68,69,73,77,81,87,90,94,96,98 "54";
55 99 1 36,51,70,75,77,78,79,95 "55";
56 40 0 2,9,12,14,17,23,25,26,33,42,44,45,53,58,60,76,80,83,85,89,95,96 "56";
57 41 0 3,4,5,7,9,10,12,16,19,20,27,29,32,35,36,38,40,41,43,45,46,47,49,50,52,54,56,58,60,71,72,75,77,85,90,95,96 "57";
58 27 1 10,12,24,35,37,39,42,46,48,52,57,63,65,73,75,79,81,84,90,91,96 "58";
59 73 0 1,6,8,11,20,23,24,32,34,37,41,50,51,53,57,59,66,67,83,92,98 "59";
60 90 1 3,7,9,10,12,14,16,17,20,22,25,26,28,31,34,35,36,39,43,45,47,54,57,59,60,61,63,64,66,69,71,73,77,79,80,82,83,88,89,92,95 "60";
61 54 0 1,5,6,7,9,10,12,21,23,24,27,28,32,35,38,39,42,43,44,46,50,51,54,56,57,60,62,64,66,67,72,73,76,78,79,80,84,88,90,92,95,97 "61";
62 79 1 22,29,32,42,44,55,57,58 "62";
63 2 0 3,5,6,9,10,13,22,29,35,36,39,41,42,46,54,59,61,62,63,67,68,75,78,83,85,94,96,97 "63";
64 97 1 5 "64";
65 19 0 4,6,12,14,15,19,26,28,38,49,50,61,62,64,69,80,86,89,97 "65";
66 54 1 3,16,17,39,51,78,82,90 "66";
67 42 1 9,19,33,48,53,59,69,95 "67";
68 30 0 7,27,29,30,48,54,64,74,91,97 "68";
69 98 1 2,6,8,14,18,29,30,32,41,42,49,52,61,65,68,75,78,79,81,84,94,96,98 "69";
70 57 0 0,3,5,6,7,8,11,14,17,19,21,24,26,27,29,31,35,36,40,43,47,49,50,52,58,64,67,70,72,74,75,78,80,85,86,88,91,93,94 "70";
71 1 1 2,3,9,15,16,19,21,24,25,27,28,29,31,33,36,37,42,44,47,49,51,52,56,59,60,63,65,67,69,74,76,77,80,83,84,85,87,90,93,96,98 "71";
72 61 0 5,29,31,32,42,57,60,64,69,92,95 "72";
73 51 1 1,2,3,5,6,7,9,10,13,18,19,21,25,30,31,34,36,37,42,44,47,48,49,52,54,56,59,61,63,66,67,70,72,73,79,82,85,88,90,93,94,98 "73";
74 94 1 25,32,39,44,76,84 "74";
75 3 0 6,9,10,12,15,25,28,34,38,41,46,54,63,65,69,72,90,94 "75";
76 49 1 0,10,12,15,16,22,23,24,29,33,42,45,46,50,58,61,68,75,80,83,89,92,96 "76";
77 36 1 2,5,8,11,12,14,15,16,17,18,20,21,23,25,29,32,33,38,40,43,45,50,52,59,60,62,64,68,70,74,76,77,81,86,89,93,95,96,98 "77";
78 45 0 0,2,6,9,11,13,14,16,18,19,20,22,24,25,26,28,36,37,39,41,42,43,44,47,48,49,54,58,59,63,65,66,68,70,72,74,75,79,81,83,86,89,95,97 "78";
79 98 1 0,2,4,6,7,9,10,13,15,16,20,23,29,31,33,35,37,40,42,46,48,50,52,53,55,58,60,62,65,73,76,78,80,82,83,84,87,88,90,92,93,95,97,98 "79";
80 22 0 3,17,24,49,67,83,88 "80";
81 90 1 31,52,81,96 "81";
82 84 1 5,13,19,22,29,33,35,37,50,53,55,66,68,71,78,79,81,83,89 "82";
83 60 1 1,3,5,7,9,10,12,16,18,21,24,27,28,31,32,34,35,37,38,41,45,46,48,49,52,54,58,61,63,64,68,69,71,73,75,76,80,82,85,88,90,94,96,98 "83";
84 34 0 1,3,4,5,7,10,13,14,18,19,21,25,27,30,33,34,36,44,46,48,50,52,53,64,65,67,68,70,72,74,77,79,81,83,86,87,88,91,92,94,95,98 "84";
85 2 1 40,59 "85";
86 63 0 0,1,3,4,6,8,9,12,13,15,17,18,20,23,28,29,30,32,33,36,39,40,43,45,48,50,51,53,54,57,62,63,66,68,69,71,72,77,78,80,84,85,87,88,91,92,93,95 "86";
87 64 0 0,13,17,23,25,29,31,36,46,47,50,58,62,66,67,69,72,76,80,82,85,88 "87";
88 71 0 2,9,12,13,18,45,51,52,53,57,61,66,69,71,73,83,86,89,91 "88";
89 11 0 1,3,6,9,10,12,19,22,24,26,29,31,34,38,41,44,50,56,59,62,63,66,67,69,74,78,82,84,87,88,91,92,97 "89";
90 61 0 5,17,23,25,29,32,47,52,57,58,61,67,89,92,95 "90";
91 35 0 0,2,4,5,10,15,17,18,19,22,24,26,27,29,32,33,35,37,39,41,44,46,51,55,57,58,60,62,63,67,68,70,72,73,74,77,78,80,83,85,87,88,89,92,93,94,96 "91";
92 66 0 0,4,11,14,17,19,24,28,29,31,34,37,38,41,48,52,53,57,61,67,68,82,88,89,92,94,97 "92";
93 12 0 0,2,7,9,10,12,16,18,19,26,27,32,34,40,44,45,47,50,53,62,68,70,74,76,79,80,83,84,87,93,95 "93";
94 59 0 0,2,3,5,7,8,9,12,14,18,19,21,22,25,26,28,30,32,33,37,42,44,45,49,53,55,58,60,61,66,67,71,73,76,77,78,83,84,86,90,95,96 "94";
95 64 1 4,21,32,47,52,56,85 "95";
96 75 1 1,10,21,24,29,36,39,41,43,56,58,68,72,75,77,79,81,89,90 "96";
97 36 1 1,2,5,7,8,9,10,12,14,15,18,20,21,26,30,32,37,40,42,43,44,47,53,54,55,57,58,61,63,68,73,75,77,79,82,84,92,95,96 "97";
98 46 1 3,5,10,15,18,21,23,38,50,55,80,81,84,88,91,94,97 "98";
