parity 101;
0 50 0 5,8,16,19,20,22,32,34,36,42,47,51,59,61,62,68,69,73,74,79,84,99,101 "0";
1 15 1 2,4,7,8,10,12,17,18,21,22,25,26,29,32,34,38,40,42,46,47,49,50,53,55,56,57,60,61,63,65,66,68,70,71,73,74,75,78,79,81,83,88,89,93,94,97,101 "1";
2 48 0 3,6,18,22,26,28,31,35,38,40,44,49,53,55,59,69,72,83,89,91,96 "2";
3 72 0 3,7,12,14,16,27,31,35,42,45,53,62,65,67,69,75,76,81,92,96,100 "3";
4 82 0 3,5,6,8,12,14,17,19,20,24,26,28,37,43,44,48,52,60,63,65,68,71,73,77,83,87,88,90,92,94,97,100 "4";
5 96 1 0,2,5,12,14,17,22,27,28,33,34,36,37,45,46,52,54,56,58,60,62,64,65,66,73,79,86,87,90,91,92,94,96,101 "5";
6 73 0 1,3,5,6,7,9,11,12,14,15,17,19,23,25,29,33,35,37,39,41,42,48,49,53,55,56,58,61,65,66,68,69,72,73,75,76,79,83,84,85,86,95,99,100 "6";
7 59 1 18,20,25,58 "7";
8 35 1 0,11,13,23,25,27,33,37,59,63,64,66,68,72,73,76,77,83,89,91,94,96,101 "8";
9 15 0 11,13,18,23,27,31,33,39,44,52,59,61,64,67,68,70,73,90,93,98,101 "9";
10 3 1 5,6,8,11,12,14,17,25,30,37,39,42,43,45,46,57,58,61,64,69,71,77,82,91,96,99,100 "10";
11 86 1 4,6,11,14,16,18,26,29,31,34,42,44,49,51,53,57,64,68,70,73,78,84,85,92,93,95,101 "11";
12 41 1 48,60 "12";
13 39 0 0,1,11,15,21,24,29,53,58,69,73,83,88,97 "13";
14 90 0 0,1,3,4,8,11,15,17,23,24,32,34,39,41,43,44,45,48,49,54,56,58,60,62,69,74,75,78,82,83,85,88,90,92,95,96,99,100 "14";
15 9 0 28,34,39,54,91 "15";
16 101 0 10,13,18,25,32,47,62,67 "16";
17 63 1 1,4,6,8,10,13,15,16,21,22,25,28,29,39,41,43,44,45,47,48,49,50,53,54,56,57,60,62,65,67,69,70,72,78,81,82,84,86,88,89,90,92,94,96,97,99,101 "17";
18 38 1 0,1,4,8,10,12,13,19,21,24,30,31,34,35,36,38,39,41,44,46,54,57,59,61,64,67,68,71,78,81,82,83,86,88,94,96,97 "18";
19 52 1 0,1,3,5,7,9,10,12,13,15,18,20,21,22,24,26,31,34,35,37,39,40,42,43,46,47,50,57,59,60,61,65,68,71,72,73,74,76,78,79,81,82,84,86,88,89,92,94,98,100 "19";
20 26 0 1,4,8,9,13,24,25,26,29,34,37,39,43,45,49,51,53,55,56,59,63,70,76,78,85,88,90,91,93,95,100 "20";
21 88 1 11,13,34,48,67,74,94,97,101 "21";
22 30 1 0,3,6,11,12,20,26,35,38,40,46,48,50,54,56,57,61,64,66,68,81,82,86,88,90,92,95,97,101 "22";
23 65 1 19,26,76 "23";
24 64 1 22,35 "24";
25 40 0 2,6,22,37,42,61,71,80,92 "25";
26 59 0 1,3,10,21,47,50,71 "26";
27 87 1 2,12,16,19,26,33,34,46,56,70,74,97,99 "27";
28 8 0 5,8,9,18,21,24,26,28,36,37,39,42,43,58,59,62,67,71,75,76,79,81,85,86,91,95,98,99,100 "28";
29 44 0 0,2,4,5,7,9,11,12,14,16,17,20,21,26,27,31,32,33,34,37,38,39,42,44,46,48,52,55,59,60,61,63,65,67,70,71,72,74,76,79,83,84,86,87,89,97,99,100 "29";
30 91 0 84,87,89,97,99 "30";
31 36 1 1,4,6,7,17,20,30,32,39,47,54,56,59,60,61,66,70,73,76,77,80,81,85,92,95,96,100 "31";
32 63 1 1,3,11,13,35,40,47,53,59,61,63,64,68,77,79,86,89,98,101 "32";
33 54 1 2,4,7,8,10,13,14,16,18,21,24,26,29,31,32,34,35,37,40,43,44,46,48,49,50,51,58,60,65,68,70,71,72,74,76,77,79,80,82,83,86,88,90,91,94,96,98,99 "33";
34 14 1 7,12,14,28,30,33,35,39,52,62,65,72,82,94,98,101 "34";
35 49 1 3,7,9,15,17,22,25,30,37,38,41,43,45,49,51,56,57,59,62,64,71,73,77,80,82,84,86,88,90,92,97,98,100 "35";
36 90 1 0,1,3,6,8,12,14,17,19,22,24,25,26,28,30,32,35,36,38,39,41,42,47,49,50,54,56,60,63,65,70,73,75,79,82,85,88,89,90,93,96,97,99,100 "36";
37 30 0 1,4,8,9,13,14,15,17,22,24,32,34,35,40,43,47,49,53,61,67,70,73,75,80,86,90,96 "37";
38 97 0 3,12,21,24,27,38,42,48,50,55,57,60,65,75,79,83,90 "38";
39 11 1 1,4,6,13,19,22,23,27,29,33,35,37,44,46,49,50,59,60,61,63,66,77,79,81,82,87,88,96,98,100 "39";
40 75 0 1,3,6,10,11,13,14,23,26,29,32,33,35,38,41,42,45,47,49,52,55,59,61,63,65,69,70,74,75,81,84,86,90,91,96,98 "40";
41 55 0 0,1,3,5,6,8,9,11,16,17,19,21,24,28,29,32,35,37,38,41,44,47,48,50,51,53,56,57,59,61,62,63,65,67,68,70,73,75,78,79,83,85,90,91,92,93,95,98,99,100 "41";
42 102 1 1,3,6,7,9,11,15,18,19,22,24,27,35,41,48,51,53,54,57,60,63,65,67,69,71,73,77,82,84,86,87,89,91,93,95,99 "42";
43 91 0 4,11,14,16,21,32,35,37,42,50,57,65,72,74,82,85,86,89,98,100,101 "43";
44 95 1 0,2,3,7,9,11,18,19,21,24,27,30,33,41,42,46,50,52,55,66,70,72,74,77,78,81,82,87,88,89,92,97,99 "44";
45 92 1 0,20,43,46,57,72,88,93,95 "45";
46 48 1 2,5,8,12,14,17,19,23,24,27,29,31,32,36,43,46,48,55,61,63,65,69,71,79,82,84,86,88,93,97,99 "46";
47 56 1 1,3,5,11,22,30,31,36,39,41,43,44,49,50,57,58,62,65,67,69,72,74,84,85,88,91,95,96 "47";
48 24 0 2,3,5,6,8,9,12,14,15,17,19,20,23,25,27,29,30,34,36,40,41,43,44,45,48,51,53,55,58,59,60,63,65,67,68,70,71,73,78,79,81,82,85,87,88,90,93,95,98,101 "48";
49 71 1 0,1,5,6,8,10,12,15,16,18,20,22,23,27,31,33,35,37,43,45,47,49,50,52,53,55,56,57,60,61,62,65,66,68,71,72,74,76,78,81,83,84,85,87,89,93,96,97,99,101 "49";
50 6 0 4,9,11,13,17,19,21,22,23,27,28,30,32,35,38,41,43,46,49,56,59,60,63,67,68,70,73,76,79,81,87,88,90,91,95,97,101 "50";
51 46 1 1,2,3,6,8,10,11,14,16,18,20,22,23,25,28,29,33,36,40,42,43,44,47,49,53,58,59,61,64,67,68,70,71,73,75,76,77,79,80,82,83,85,86,88,92,94,96,99,100,101 "51";
52 53 1 2,3,6,11,16,20,23,25,28,29,31,32,34,36,37,42,44,46,47,51,55,57,61,63,65,67,71,75,76,78,82,92,97,98,100,101 "52";
53 47 0 2,14,16,23,33,37,42,45,53,57,66,67,73,77,78,84,86,89,92,99 "53";
54 80 0 0,5,11,18,25,28,34,41,46,51,53,57,63,76,80,83,86,89,91,96,98,101 "54";
55 87 0 11,12,26,27,32,41,61,65,78 "55";
56 75 0 10,34,37,49,60,63,77,82,90,91 "56";
57 61 1 0,3,6,9,14,18,20,22,25,29,33,40,42,43,48,49,56,60,61,70,76,79,81,83,87,92,96,99 "57";
58 63 1 0,2,4,11,13,14,16,17,19,24,30,39,41,42,46,47,49,51,52,55,60,61,64,68,70,72,76,78,79,82,84,85,89,95,99,101 "58";
59 79 0 7,13,41,55,75,89,95,99 "59";
60 25 0 7,9,13,14,17,24,26,30,33,37,39,44,47,50,52,58,60,63,65,70,87,89,90,91,94 "60";
61 82 1 2,10,18,33,37,52,55,68,73,88,89,94 "61";
62 16 1 0,1,6,9,10,13,14,16,20,21,22,23,26,27,29,31,33,35,41,43,45,48,51,52,55,57,59,61,64,68,74,77,79,80,82,86,88,91,92,96,98,101 "62";
63 54 1 0,6,9,11,19,24,26,28,33,37,39,42,45,47,52,54,56,62,63,64,68,73,79,85,94,98,101 "63";
64 102 1 2,4,6,11,12,17,21,23,25,26,28,30,34,36,37,41,47,48,53,55,57,59,61,64,65,68,77,78,85,86,91 "64";
65 28 1 7,9,12,13,15,24,31,33,37,40,54,58,76,78 "65";
66 79 1 0,4,6,7,8,11,13,15,16,18,19,21,22,25,30,35,37,38,39,42,43,46,49,53,55,58,59,60,62,63,64,66,69,71,73,76,78,79,80,82,84,89,93,98,100,101 "66";
67 50 0 1,4,6,12,20,25,26,29,32,38,40,42,43,46,49,53,54,56,58,60,62,63,64,66,67,68,70,71,75,76,80,82,87,89,90,96,99,100,101 "67";
68 93 0 0,4,8,17,26,28,32,67,75,96,98 "68";
69 63 1 30,37,40,49,56,61,65,76,85,95,97,99 "69";
70 98 1 2,6,8,11,15,18,19,23,26,32,34,38,43,53,54,56,58,59,61,63,66,76,78,80,83,85,86,91,92,94 "70";
71 15 0 1,11,31,51,59,96 "71";
72 11 1 12,17,28,56,67,69,79,81,92,100 "72";
73 73 1 0,2,4,6,8,9,10,11,13,20,22,24,29,32,33,34,37,41,42,44,45,48,52,55,57,61,63,65,67,68,69,73,74,77,81,87,88,93,96,98,101 "73";
74 79 0 6,44,65,74,82 "74";
75 14 0 0,1,5,8,9,13,15,21,23,27,33,44,45,46,49,51,54,55,57,61,62,68,70,75,76,77,79,80,82,85,88,89,91,92,99,100 "75";
76 19 0 1,3,7,10,11,13,16,37,38,39,41,44,47,49,54,60,62,64,75,79,80,92,95 "76";
77 34 1 8,10,12,15,18,20,22,29,30,31,34,38,39,46,47,51,54,56,58,61,65,66,69,73,74,80,82,85,88,89,92,96,98 "77";
78 73 1 0,2,5,8,10,12,17,19,20,23,25,28,29,33,38,39,42,43,46,47,50,52,53,55,59,61,62,64,65,66,69,71,73,75,76,77,81,84,87,88,89,91,92,93,98,100,101 "78";
79 16 1 32,44,56,72,93 "79";
80 69 1 1,5,13,29,79 "80";
81 94 0 1,4,6,7,10,13,15,16,18,21,23,25,26,28,30,33,36,37,40,42,44,45,46,49,51,52,56,58,60,62,63,65,66,67,70,72,73,78,79,81,84,85,87,90,92,94,95,96,97,99,100 "81";
82 8 1 6,47,79 "82";
83 20 0 0,1,3,5,12,14,16,19,21,23,25,28,30,33,39,42,44,46,49,53,54,56,58,60,62,63,64,66,70,72,73,75,76,78,81,83,85,87,88,89,90,92,94,97,99,100,101 "83";
84 12 0 2,4,8,9,11,14,15,16,18,19,23,26,28,30,33,36,37,39,40,41,44,46,48,50,54,56,57,59,60,61,65,68,69,71,80,83,86,87,89,90,92,94,96,97,100 "84";
85 7 0 1,19,40,46,49,51,59,79 "85";
86 29 1 2,4,6,7,12,15,17,20,21,24,29,34,35,37,39,42,43,44,47,51,52,54,56,59,62,63,65,67,69,72,77,79,80,84,86,89,91,93,95 "86";
87 93 0 13,18,26,28,32,40,42,49,54,56,67,70,73,76,81,84,90,93,94,96 "87";
88 82 1 4,65,71,85 "88";
89 27 1 0,2,20,25,27,28,30,37,38,41,54,61,76,85,92 "89";
90 70 1 0,2,4,7,11,13,15,21,23,25,26,28,31,32,33,35,36,38,40,41,45,50,51,56,57,62,64,66,68,70,72,75,77,80,82,83,84,86,88,92,94,98,99 "90";
91 99 1 1,9,42,51,67,68,80,94,101 "91";
92 21 1 0,3,5,9,11,12,15,16,19,20,21,26,30,31,32,34,35,36,39,41,43,45,47,52,55,56,58,60,61,65,66,67,70,71,72,74,75,78,79,80,84,85,87,92,94,95,98,101 "92";
93 101 1 6,11,17,24,33,36,49,51,53,55,86,89,96,99 "93";
94 5 1 0,4,7,9,12,14,16,17,20,21,23,24,28,30,34,36,38,43,46,49,52,54,55,57,60,63,69,73,76,80,82,84,89,92,95,97,100 "94";
95 14 0 1,9,11,14,16,18,19,20,23,34,36,37,41,46,50,53,59,61,66,69,73,77,80,82,85,92,93,95,97,101 "95";
96 80 1 72,100 "96";
97 73 0 0,3,7,8,10,16,17,19,21,22,23,26,27,33,35,37,39,45,47,48,50,52,54,56,61,63,64,69,72,73,75,77,78,79,81,82,84,87,91,92,94,98,101 "97";
98 66 0 0,3,6,8,10,11,17,20,29,36,39,40,45,46,47,50,56,57,62,71,72,74,80,83,85,86,87,94,97,99,101 "98";
99 83 0 5,7,9,13,20,22,33,34,36,39,44,46,52,54,56,57,62,64,67,70,78,80,85,86,88,89,91,94,96,98,99,101 "99";
100 58 0 22,26,29,33,35,54,72,82,91,101 "100";
101 64 1 3,14,20,22,25,26,28,29,32,35,38,40,44,50,54,55,60,61,66,68,70,74,75,84,87,95 "101";
