parity 182;
0 79 1 2,10,16,23,33,37,38,40,45,46,48,54,55,58,63,65,69,72,75,76,78,88,97,99,102,106,108,110,113,115,117,125,127,135,137,143,148,152,156,158,161,162,170,174,176,179 "0";
1 32 1 0,3,6,12,16,17,20,22,25,28,33,34,38,39,43,45,49,51,53,61,63,65,66,67,68,69,71,72,75,77,79,80,83,87,89,90,92,95,98,100,106,107,111,112,114,118,120,126,128,132,133,136,147,150,154,155,157,159,161,162,165,166,170,172,174,175,179 "1";
2 15 1 1,4,6,9,11,14,16,17,19,23,25,31,32,35,37,39,41,42,45,48,49,50,53,56,61,63,66,68,71,73,77,81,82,84,85,88,90,92,96,99,101,102,104,109,111,112,113,115,117,119,121,123,125,126,131,132,138,140,147,155,156,158,160,162,164,165,166,168,169,171,172,175,177,178,180,181 "2";
3 1 1 2,8,16,19,23,59,61,63,66,69,71,100,114,120,124,127,135,147,154,155,156,163,164,180 "3";
4 143 1 8,17,22,32,39,41,43,46,50,51,52,55,57,61,63,66,67,75,78,83,86,88,103,110,126,129,132,139,142,152,155,158,167,176,179,181 "4";
5 149 0 1,4,7,11,14,17,24,26,27,33,36,42,43,47,55,61,64,74,75,77,79,80,83,94,98,99,101,105,107,110,114,116,118,119,123,128,132,136,137,148,152,156,163,169,176,177,181 "5";
6 123 1 1,4,6,8,9,13,15,17,19,21,22,24,29,32,37,39,41,43,44,46,48,50,51,55,58,60,62,65,67,69,71,75,78,80,82,83,84,87,88,90,91,94,97,100,104,107,108,111,115,118,119,121,123,125,127,130,131,133,136,138,139,141,145,146,150,153,156,157,159,160,163,166,168,169,170,173,176,178,180 "6";
7 117 1 4,13,19,26,31,33,37,72,79,104,115,117,125,137,151,157,161,162,180 "7";
8 128 1 12,24,27,35,40,53,66,68,72,77,79,96,100,103,109,126,130,137,142,147,148,150,151,154,159,164,166,176 "8";
9 118 0 5,9,10,16,17,20,25,27,29,34,37,43,45,51,54,57,61,65,72,74,82,91,93,99,102,109,115,118,119,126,130,136,153,159,162,165,167,176,182 "9";
10 138 0 0,2,4,6,7,9,11,13,14,18,20,22,24,26,27,29,35,38,40,43,45,47,48,50,52,60,62,66,68,71,72,73,74,78,79,80,82,86,88,89,92,93,95,97,100,102,104,106,111,112,114,115,117,119,121,123,125,127,128,130,131,135,136,138,140,142,144,148,150,152,157,159,162,164,165,169,170,171,173,175,177,179,180,182 "10";
11 9 0 2,4,6,9,10,14,16,24,26,33,36,40,41,43,48,53,58,60,63,67,72,73,77,79,81,84,86,87,89,91,93,101,102,105,107,112,113,115,118,121,125,127,128,131,133,137,139,147,148,149,150,151,153,156,160,162,168,171,175,178,180 "11";
12 88 0 1,3,4,9,16,17,18,19,21,22,28,31,33,35,36,38,39,41,44,51,53,54,56,58,59,61,64,69,72,74,77,79,82,84,86,89,90,92,94,96,97,98,104,105,108,110,112,114,116,118,119,121,123,125,127,129,130,132,133,135,138,140,142,143,145,147,152,154,157,158,160,162,164,165,166,168,169,170,176,179,180,182 "12";
13 115 0 2,8,9,13,16,18,22,23,25,27,33,36,39,44,48,50,51,54,57,58,62,65,69,70,74,76,77,80,82,83,87,90,92,94,96,99,100,102,104,105,112,113,118,123,129,131,134,136,138,144,149,152,157,162,165,166,169,172,173,175,177,179,180 "13";
14 69 0 3,9,13,19,21,27,31,32,38,44,48,50,55,57,62,74,77,79,87,91,93,96,114,116,121,135,138,141,154,163,165,172,178,182 "14";
15 121 1 1,8,9,11,14,16,18,22,24,26,27,29,31,33,36,39,42,44,46,48,49,50,54,55,58,62,64,66,68,73,76,77,79,85,86,90,93,95,97,98,100,101,104,106,108,109,110,111,113,115,119,121,123,125,130,134,137,140,143,146,147,152,153,155,157,159,161,164,166,168,175,176,177,179,182 "15";
16 115 1 15,26,30,38,40,45,59,68,73,80,90,119,124,130,132,134,139,145,155,178 "16";
17 69 1 23,25,27,51,103,112,124,147,162,167 "17";
18 179 0 0,7,8,9,12,14,17,19,21,22,26,28,30,33,39,43,45,47,48,51,52,53,55,56,57,60,62,63,67,69,71,73,75,78,79,80,81,83,85,86,88,95,96,100,101,103,104,106,109,113,114,116,119,125,126,128,131,132,134,135,136,137,139,141,142,145,146,148,149,151,153,156,157,159,161,164,166,167,169,170,177,179,180,182 "18";
19 102 1 27,29,69,90,110,129,133,142,145,151,168,180 "19";
20 33 1 2,4,7,11,19,21,25,28,32,36,44,46,49,56,58,60,62,68,71,78,80,83,96,99,105,107,118,127,129,149,154,165,166,178,182 "20";
21 116 1 0,1,7,15,17,19,20,23,25,27,29,40,47,49,60,64,67,70,81,83,85,88,90,93,94,95,97,98,103,104,105,109,111,116,117,120,125,127,132,133,136,137,139,140,143,145,146,149,153,155,156,158,159,162,164,166,167,168,173,175,176,177,179,180 "21";
22 51 1 0,3,6,7,9,10,12,14,16,20,22,24,26,28,30,31,32,34,35,36,41,42,46,47,48,52,53,54,56,58,59,61,66,68,70,73,82,86,89,90,91,93,96,102,104,105,108,109,110,113,114,117,118,119,123,126,127,129,131,134,137,138,141,142,146,149,151,152,154,159,160,162,164,167,169,171,173,174,176,180 "22";
23 104 0 0,2,6,13,15,16,18,21,23,25,43,47,51,54,57,59,61,63,69,73,79,83,85,89,91,96,108,115,118,122,124,125,144,146,148,151,153,157,158,166,171,172 "23";
24 86 0 68,171 "24";
25 68 0 1,3,10,18,21,23,25,52,62,65,70,75,79,83,96,99,111,124,126,136,141,142,145,147,155,157,176,180 "25";
26 80 1 0,4,6,8,12,13,16,22,25,27,31,36,38,40,43,44,46,48,54,56,65,71,75,81,84,88,95,99,102,105,108,110,112,114,117,119,133,134,142,143,147,150,160,164,178,179 "26";
27 155 1 9,10,11,14,15,22,26,27,33,47,50,51,57,64,68,84,90,91,95,103,107,122,130,141,146,147,152,155,165,167,173,180 "27";
28 121 1 3,8,32,34,36,38,39,42,47,49,50,53,55,64,70,74,80,97,101,108,118,119,123,127,129,139,142,143,145,162,168,171,172,174,176,180 "28";
29 183 0 4,17,19,25,30,36,38,48,50,51,55,58,59,66,68,72,73,76,81,82,85,88,90,92,102,105,120,123,129,133,135,138,158,162,166,174,176,182 "29";
30 173 0 22,120 "30";
31 40 1 4,10,12,14,19,20,21,26,28,30,37,39,43,50,53,54,58,62,65,74,78,87,91,99,103,105,107,109,114,116,119,124,125,126,132,134,136,137,138,141,146,148,151,153,156,157,162,166,167,169,171,176,181 "31";
32 10 1 0,4,6,13,15,18,19,21,27,30,31,33,34,39,41,47,49,50,53,54,59,61,67,69,71,73,75,78,89,95,98,99,101,105,107,110,111,112,113,117,122,123,124,125,127,130,132,134,137,139,142,144,147,149,151,154,155,158,159,160,163,164,166,169,171,172,173,177,179,180,182 "32";
33 149 1 7,14,16,17,19,21,30,33,38,51,70,73,82,84,89,101,103,108,120,135,144,148,161,162,164,174 "33";
34 74 0 2,4,10,11,12,15,19,23,25,27,29,31,35,37,38,41,44,45,46,48,50,53,54,55,60,62,64,68,69,71,72,75,77,81,82,85,87,90,91,92,94,103,104,106,110,111,112,118,119,120,122,126,131,132,136,139,140,141,145,147,148,151,152,155,157,160,164,166,167,170,172,174,178,181 "34";
35 156 1 55,74,76,82,86,99,112,133,155 "35";
36 110 1 0,3,5,6,12,13,14,20,26,28,29,32,33,36,37,39,41,44,47,49,51,53,56,60,61,64,65,70,73,76,77,82,92,95,97,98,99,101,104,105,108,113,116,118,119,123,124,125,131,132,136,137,139,140,144,146,149,150,151,152,154,156,160,162,164,168,169,171,172,173,176,178,179,182 "36";
37 160 0 0,1,2,7,8,12,15,18,21,23,27,31,34,38,40,42,48,50,51,53,55,58,60,62,63,66,68,69,71,73,77,80,81,83,87,90,91,94,95,97,98,101,102,107,109,112,116,117,121,126,128,131,134,135,136,139,140,141,142,144,146,148,151,154,157,159,162,164,165,167,171,174,182 "37";
38 12 1 5,8,11,30,34,55,72,77,93,131,134,147,173,182 "38";
39 19 1 1,5,7,12,17,22,23,26,28,30,34,36,38,40,42,48,51,52,54,59,60,62,67,73,74,76,77,82,83,85,91,98,101,102,106,108,110,113,119,123,125,131,138,143,145,154,155,159,160,161,165,167,171,173,174,179,181,182 "39";
40 94 1 9,22,29,31,38,42,44,46,54,57,65,78,81,85,88,94,108,114,120,122,132,136,145,150,155,158,165,170,178,180,181 "40";
41 5 0 11,22,26,53,61,63,81,83,85,96,109,112,115,136,142,153,158,173 "41";
42 16 0 6,8,10,12,14,16,17,19,20,21,23,25,27,29,31,34,35,39,43,47,50,54,56,58,59,62,65,67,68,72,74,76,79,81,83,85,86,89,90,92,93,97,99,101,103,105,108,110,112,114,118,121,122,126,129,130,134,135,136,140,144,146,151,159,162,163,164,165,166,169,174,175,178,180,182 "42";
43 118 0 4,8,22,26,28,32,37,38,41,45,58,59,71,75,78,82,89,91,93,94,97,99,107,114,119,121,124,127,129,136,140,144,146,155,165,179 "43";
44 81 0 15,22,47,58,71,82,94,113,119,134,142,160,167 "44";
45 17 0 2,21,32,50,57,69,74,123,134,175,177 "45";
46 105 1 15,16,18,44,50,51,56,62,69,88,123,129,131,154,166,169,173,180,181 "46";
47 36 1 1,4,8,10,20,21,26,27,29,30,35,36,37,40,42,45,48,50,52,57,60,63,65,68,72,73,77,80,81,87,90,92,97,101,103,105,111,115,119,120,122,125,128,131,133,135,139,141,143,145,150,155,158,165,166,171,173,176,178,179,180,182 "47";
48 100 1 1,2,4,13,20,23,27,35,52,63,68,69,73,78,85,86,88,90,93,96,99,102,113,118,121,127,132,133,148,150,152,156,160,161,168,171,179 "48";
49 52 0 0,1,3,5,6,11,13,15,18,19,22,24,26,27,34,35,38,39,40,44,45,47,52,55,58,60,62,63,65,67,69,70,73,75,86,88,91,94,97,99,101,102,106,109,114,115,118,119,120,121,123,124,127,128,130,131,132,136,140,141,143,145,147,150,154,155,157,160,161,163,168,170,172,173,175,177,181 "49";
50 150 0 0,3,4,5,9,11,12,13,16,17,20,25,27,29,31,35,37,39,42,43,44,49,51,53,56,58,62,63,64,66,67,70,72,73,76,77,79,81,83,85,86,88,89,90,92,93,95,98,100,102,105,106,107,108,112,114,119,122,124,129,131,137,141,142,147,149,152,154,157,159,161,163,164,166,169,170,174,175,177,179,180,182 "50";
51 176 0 0,1,2,4,8,10,13,17,20,22,23,28,30,33,35,36,37,40,41,44,46,48,53,59,60,63,65,68,69,72,77,78,81,83,84,85,88,89,91,92,94,96,99,102,107,109,110,115,116,118,120,121,123,125,128,137,139,140,141,142,145,146,148,151,152,156,157,160,162,164,167,171,175,178,179,181,182 "51";
52 14 0 19,21,24,34,61,65,72,78,81,88,90,96,99,102,109,115,116,132,143,149,161,168,171 "52";
53 110 0 2,4,28,38,63,68,71,78,83,87,92,95,97,108,114,119,122,124,127,134,141,147,155,160,166 "53";
54 156 0 1,5,6,8,12,17,18,20,22,26,27,31,33,34,38,40,44,49,50,54,56,58,59,61,65,69,72,73,75,76,77,78,80,81,83,85,86,89,91,93,98,100,102,103,104,110,115,118,119,120,123,124,125,126,128,132,134,138,140,142,144,145,147,150,156,158,160,168,171,172,174,175,177,178,181 "54";
55 81 0 7,12,19,21,26,31,34,36,37,43,46,49,53,54,63,66,69,71,74,76,78,81,83,84,86,89,91,92,103,104,107,108,109,111,116,119,123,125,127,130,134,135,143,150,152,154,157,161,166,169,176,178,179 "55";
56 62 1 0,3,11,15,17,20,21,23,25,28,37,42,45,47,52,61,65,78,84,93,108,110,113,120,121,122,125,130,140,142,148,151,175,178 "56";
57 172 1 1,8,10,13,15,18,19,22,27,28,37,39,43,49,54,57,61,63,64,70,73,75,87,92,96,105,109,113,115,127,129,131,133,135,141,146,148,152,157,159,162,169,170,175 "57";
58 171 1 1,3,5,7,14,17,26,34,36,40,43,70,72,77,78,93,100,102,111,119,121,131,136,139,146,150,152,158,160,166,172,181 "58";
59 122 0 0,1,3,5,6,10,11,13,14,16,18,24,26,28,32,33,36,39,41,43,44,45,46,48,52,55,60,61,63,65,66,68,69,71,72,73,75,76,78,82,83,85,87,89,90,92,95,96,99,102,108,110,111,113,115,118,122,125,126,127,129,130,132,133,135,137,143,145,148,150,151,153,155,156,158,160,161,164,167,168,172,174,175,177,178,179,182 "59";
60 135 1 0,2,6,8,14,15,17,19,20,23,25,29,31,34,37,40,42,46,48,51,53,55,61,63,65,66,69,71,74,77,78,83,85,88,90,91,94,98,101,103,106,108,109,112,113,115,118,120,121,125,128,130,135,137,139,142,144,146,147,148,152,156,162,163,169,174,176,178,180 "60";
61 54 1 0,1,2,4,7,8,9,11,12,16,22,24,27,28,29,33,35,37,38,41,43,44,46,49,55,56,63,65,66,68,69,71,77,80,82,87,88,91,95,96,99,101,103,105,106,108,110,111,112,114,115,117,121,124,125,126,128,131,134,136,137,138,140,143,144,148,149,151,155,156,157,161,163,165,167,172,174,175,178,179 "61";
62 97 1 0,1,3,7,9,10,11,12,15,17,20,23,25,26,28,30,33,34,37,41,42,43,45,46,48,49,52,56,58,60,63,66,67,71,73,75,78,79,80,82,84,88,89,91,92,95,97,99,102,103,104,105,107,109,110,112,115,117,122,123,124,125,128,130,131,136,137,140,144,146,148,150,153,155,156,159,162,164,166,167,169,171,172,174,176,177,178,180,182 "62";
63 4 1 1,2,4,5,6,11,13,15,18,24,26,27,31,33,34,35,37,39,45,52,54,61,63,66,67,71,74,76,80,81,84,90,92,94,95,96,99,100,102,105,108,116,118,121,122,123,127,128,129,130,131,133,136,140,141,142,143,145,147,150,151,152,155,161,163,165,167,170,172,175,179,180,181 "63";
64 29 1 3,6,7,12,14,17,22,25,27,28,29,32,36,38,41,42,46,48,50,55,59,62,65,68,71,73,76,79,82,83,87,88,93,97,99,102,103,105,108,110,111,113,115,116,117,119,121,122,124,126,128,130,131,134,136,137,139,140,145,148,151,153,154,156,160,166,171,172,175,178,179,182 "64";
65 16 1 3,7,17,18,28,30,38,42,49,64,70,77,81,83,91,98,103,108,118,121,129,143,151,155,158,159,161,162,174,176 "65";
66 83 1 0,16,27,33,41,47,54,60,78,81,97,103,105,108,114,124,129,133,142,145,147,148,151,156,158,169,173,176,181 "66";
67 11 1 0,4,6,10,11,12,15,17,22,24,27,28,30,34,35,41,44,46,56,60,61,62,66,76,79,80,85,86,89,92,93,100,102,107,110,113,115,119,120,121,134,139,141,146,148,153,156,157,159,162,167,172,173,177,179,182 "67";
68 69 0 0,1,3,5,12,13,15,20,25,27,29,30,33,36,37,39,41,43,48,49,51,54,55,57,59,61,63,66,67,70,72,75,78,79,81,83,84,85,87,90,92,95,96,98,101,103,105,106,108,109,111,114,116,118,120,122,124,125,126,128,131,133,144,145,146,148,149,150,153,159,163,164,165,168,169,173,175,176,178,182 "68";
69 10 0 2,6,9,10,12,14,17,18,21,25,28,31,33,36,39,41,43,46,48,58,64,65,68,73,77,79,81,84,86,87,93,101,102,103,113,118,119,121,123,127,133,134,135,138,140,141,143,145,148,150,156,157,159,160,162,164,167,169,170,174,180 "69";
70 27 1 1,3,7,8,11,12,14,15,16,21,26,28,30,35,37,42,47,49,50,52,53,54,56,60,62,65,67,69,71,73,77,79,82,84,93,98,102,104,106,109,111,112,114,115,120,134,135,136,138,141,142,143,145,149,154,156,159,165,168,169,173 "70";
71 153 1 1,7,8,12,16,21,26,33,34,36,40,44,51,54,55,60,62,68,71,73,86,90,98,105,107,112,121,124,125,129,143,145,149,179 "71";
72 23 0 3,20,26,35,37,38,42,47,58,61,62,64,67,68,69,72,80,83,91,96,101,105,106,109,118,119,128,129,144,150,158,161,171,174,177,178,181 "72";
73 66 1 0,3,5,8,9,10,11,18,24,27,29,32,39,41,45,48,49,55,56,66,69,70,75,80,81,83,85,91,93,97,100,102,105,106,112,115,116,119,126,128,130,131,134,136,139,142,144,147,149,153,156,159,164,169,172,176,178,182 "73";
74 166 0 0,1,3,7,8,11,14,15,16,19,21,23,28,30,34,37,40,41,44,48,49,51,52,54,56,58,59,61,63,65,67,69,70,71,77,79,82,83,84,86,88,90,91,92,95,96,98,99,101,102,104,105,106,108,111,115,119,121,126,127,129,133,135,136,137,139,140,142,143,145,147,150,151,154,155,156,160,163,164,165,167,168,169,171,172,173,174,176,178,180,182 "74";
75 88 0 0,2,4,7,10,19,22,24,25,26,31,33,35,38,41,50,52,53,55,56,58,60,61,65,67,68,71,72,76,78,80,82,84,88,93,95,96,98,99,102,103,105,106,108,109,110,112,114,120,124,127,128,132,133,135,136,138,139,140,142,146,150,153,155,156,161,163,169,171,173,178,180 "75";
76 61 1 0,3,5,6,10,13,17,19,28,33,34,36,37,41,43,46,47,49,63,66,69,77,78,83,87,88,94,101,103,107,124,127,134,144,146,158,160,164,165,171,172,178,182 "76";
77 55 0 2,5,15,17,18,20,22,25,26,31,37,48,49,59,61,66,70,77,80,85,93,95,102,105,109,110,113,120,122,124,127,132,138,141,143,146,148,152,154,163,165,167,168,181 "77";
78 180 0 0,2,5,8,10,12,13,14,16,19,23,28,35,37,38,47,48,56,59,62,66,71,73,79,82,84,85,86,88,89,92,94,97,103,105,113,117,122,124,126,128,132,134,138,141,142,143,146,147,149,154,157,163,165,167,168,170,172,179 "78";
79 30 1 0,2,5,6,9,11,12,14,18,19,24,26,27,28,30,31,40,42,45,48,50,54,56,58,59,61,63,65,66,70,73,75,77,78,80,84,87,88,89,91,93,95,98,100,102,103,106,108,109,110,111,113,116,117,119,121,124,126,135,137,139,140,142,144,146,147,149,151,153,159,161,163,164,166,167,169,170,171,174,176,177,178,180,181 "79";
80 141 0 0,9,11,14,18,21,37,38,40,42,47,48,50,52,53,55,56,57,61,62,64,67,71,72,74,80,87,92,98,110,116,118,120,122,124,126,127,138,139,141,148,151,159,161,164,166,168,172,178 "80";
81 123 1 2,4,9,12,16,17,24,26,34,40,41,42,44,45,46,47,48,50,51,52,54,58,61,62,63,64,66,67,68,73,76,78,83,85,87,89,90,92,94,106,108,109,112,120,123,126,128,134,135,137,138,139,141,142,145,148,151,152,158,159,160,164,166,170,173,175,179,182 "81";
82 76 0 3,5,8,9,11,15,16,19,21,22,23,26,29,33,34,36,38,40,44,45,46,48,49,50,52,53,54,56,58,59,62,65,67,70,71,73,82,86,87,89,90,91,94,95,96,98,100,103,106,113,117,118,121,122,125,129,131,132,134,139,143,144,145,148,153,155,157,159,160,162,164,166,170,172,173,174,177,179,182 "82";
83 57 0 10,12,20,23,27,34,37,40,48,53,56,67,73,76,81,83,89,99,101,104,108,114,117,120,129,132,135,145,153,163,165,167,168,169 "83";
84 36 1 19,41,44,67,130,145,153 "84";
85 121 0 3,4,7,10,12,13,16,18,23,24,26,28,31,34,38,41,43,45,46,47,49,52,57,59,60,64,66,68,69,70,77,78,87,88,90,91,94,97,101,102,104,107,110,112,115,116,118,120,123,124,125,127,130,135,136,137,140,142,144,145,147,148,152,154,157,162,163,166,167,170,172,173,175,177,179,181 "85";
86 134 1 0,2,3,4,6,8,9,11,12,22,25,29,32,33,35,38,40,42,47,49,51,52,54,55,57,59,62,67,69,71,73,78,82,84,86,88,89,90,92,95,98,99,100,101,105,106,108,113,116,117,119,123,126,127,128,130,134,141,143,146,147,149,150,154,158,159,163,166,168,169,170,171,173,175,176,177,182 "86";
87 91 1 0,1,3,4,6,7,9,10,13,16,17,21,23,27,28,30,32,34,35,37,38,39,46,51,55,59,61,63,65,66,69,73,75,78,80,82,85,86,89,92,95,96,98,99,101,103,106,107,110,112,114,115,117,119,121,122,124,125,126,128,129,131,134,136,138,139,142,145,146,148,150,152,156,157,158,160,163,165,167,169,172,174,175,177,179,181,182 "87";
88 107 0 1,8,10,12,14,18,28,37,39,43,44,52,54,57,75,76,84,88,113,127,135,137,140,144,146,148,168,172,174,178,181,182 "88";
89 30 0 0,8,11,14,21,25,27,31,35,36,37,39,42,47,48,49,53,55,56,57,58,60,63,64,69,70,71,75,77,79,82,83,85,86,87,88,89,91,94,95,99,100,102,105,109,111,114,116,118,119,123,125,129,132,133,136,139,142,146,147,148,150,152,153,157,159,161,163,164,166,167,170,171,172,175,177,181 "89";
90 169 0 0,1,4,10,12,14,18,20,22,26,27,28,30,33,34,35,37,41,45,46,48,49,51,53,54,57,59,65,68,69,72,74,75,77,78,80,83,84,86,88,90,91,94,95,99,101,106,107,110,112,113,115,122,123,128,136,138,140,145,149,153,155,161,164,168,170,171,175,177,178,180,182 "90";
91 15 0 2,3,5,7,9,10,12,14,15,17,21,24,29,31,35,36,37,39,41,42,46,47,48,50,54,55,58,59,62,63,68,71,73,77,79,81,82,83,85,95,99,100,102,103,105,107,110,112,115,118,119,121,123,125,126,128,130,132,133,134,136,137,139,142,145,146,150,151,154,158,159,161,163,165,167,168,170,172,176,182 "91";
92 159 1 3,5,10,14,17,26,33,41,44,52,57,59,66,71,73,79,86,89,95,102,104,108,110,115,117,121,122,126,131,137,139,141,142,143,148,150,152,154,157,160,162,167,169,179 "92";
93 47 1 1,5,11,41,42,46,53,57,64,66,68,69,75,92,93,101,105,113,117,122,132,135,138,158,161,177 "93";
94 64 0 1,3,5,7,10,11,13,14,16,19,21,22,25,26,28,31,35,36,41,44,45,49,51,55,59,60,62,67,71,74,76,82,83,86,87,91,94,97,101,103,105,116,118,119,127,128,130,132,135,136,140,141,142,144,146,148,152,154,156,158,160,161,162,163,164,174,175,178,181,182 "94";
95 14 0 2,3,5,11,12,13,15,17,19,22,25,28,29,31,33,35,37,40,42,44,47,50,51,52,58,59,63,64,67,76,78,81,86,87,93,103,108,112,117,119,121,123,125,128,130,132,146,148,159,163,165,167,168,173,175,178 "95";
96 129 1 0,5,7,12,16,18,27,29,30,37,40,43,45,49,56,57,59,64,69,71,77,82,84,90,95,99,104,105,107,115,119,121,132,140,146,150,153,156,158,165,171,173 "96";
97 98 1 0,9,10,11,14,16,17,19,22,24,28,32,34,36,37,41,43,45,47,48,50,52,53,57,58,62,64,65,67,69,70,71,72,75,81,83,85,86,90,95,96,98,99,101,103,104,107,109,110,112,115,116,118,119,121,125,130,132,137,138,140,144,146,150,151,154,156,165,168,171,175,176,179,180,182 "97";
98 20 0 4,5,7,11,12,14,15,16,18,25,26,30,32,35,36,37,38,41,43,45,46,48,51,53,54,57,59,62,67,71,73,75,77,79,80,81,84,85,88,91,92,93,96,97,103,104,106,107,108,110,118,122,123,125,130,132,133,137,138,140,142,147,150,153,154,155,157,158,160,162,163,164,166,169,171,173,176,177,178,179,180,182 "98";
99 60 1 11,12,24,26,32,34,38,40,46,61,86,90,121,133,141,144,146,149,176,178,180 "99";
100 53 0 0,2,3,9,12,13,15,17,19,21,23,26,27,30,32,36,40,41,44,46,47,49,50,54,58,64,66,70,72,73,74,79,82,86,87,89,90,95,107,110,112,113,114,115,117,119,122,125,128,130,131,133,135,137,139,143,151,152,154,155,156,158,159,160,162,166,167,169,171,172,173,175,177,178,180,182 "100";
101 117 0 2,4,5,9,10,17,23,24,27,33,39,41,45,46,50,54,58,63,69,72,74,75,76,82,87,89,106,111,113,115,117,118,123,124,132,133,139,142,159,163,166,167,168,172,175,178,180 "101";
102 122 0 11,39,73,77,89,108,126,131,143,148,149,181 "102";
103 57 0 2,11,14,16,28,29,38,40,44,45,49,51,55,71,74,76,78,80,82,87,95,98,101,106,111,112,118,122,125,129,137,139,140,142,152,155,157,160,163,165,167,171,172,177 "103";
104 49 0 24,30,41,43,48,57,60,62,64,67,69,71,75,76,78,80,98,100,110,117,123,125,127,129,133,135,141,143,152,156,158,160,166,178 "104";
105 24 0 0,2,5,7,9,14,16,17,19,24,26,28,30,45,49,54,57,60,62,64,65,73,76,78,79,83,84,88,89,90,94,102,105,107,110,115,117,123,124,134,136,139,143,144,148,151,155,157,158,162,167,169,173,180 "105";
106 63 1 11,17,28,31,34,37,42,43,44,50,51,53,54,57,58,60,62,69,72,74,84,86,90,93,96,100,101,104,107,111,113,117,120,125,127,128,130,135,136,138,140,143,144,146,149,150,154,156,160,162,165,168,170,171,173,176,178,181 "106";
107 25 1 0,4,7,8,10,12,15,20,21,26,35,37,39,43,46,52,54,55,58,60,64,65,70,71,74,76,79,80,82,83,86,88,89,92,94,95,101,103,106,110,111,115,116,119,121,123,125,127,129,131,133,134,138,139,145,149,157,165,166,169,170,175,178,182 "107";
108 19 0 5,9,10,13,14,18,20,23,24,27,28,29,33,35,39,40,44,48,49,52,57,60,63,68,69,76,78,83,87,90,92,97,102,108,110,115,120,125,127,130,133,138,148,154,159,160,166,173,177 "108";
109 108 0 1,11,13,14,15,17,25,33,34,37,39,41,49,52,58,67,70,75,79,83,88,97,98,104,105,111,120,128,130,131,142,144,147,150,155,156,159,163,165,170,171,173,174,182 "109";
110 8 1 0,1,5,6,9,12,13,16,25,29,30,34,35,37,38,42,43,45,47,53,55,57,61,62,64,66,69,73,75,76,77,79,83,84,85,86,88,89,90,92,93,96,98,101,103,106,109,116,117,119,123,124,126,128,130,131,132,134,135,140,141,144,151,156,158,162,164,165,168,170,176,177,178,179,180 "110";
111 104 0 0,2,3,12,13,15,18,21,26,29,31,42,45,51,58,62,65,67,68,70,72,78,79,83,84,88,100,105,113,115,121,125,133,135,136,137,140,141,143,149,153,159,162,166,171,175,177,178 "111";
112 116 1 7,8,11,12,14,16,22,24,26,28,30,32,33,36,37,39,41,47,48,50,52,55,57,58,60,62,64,66,70,72,75,76,79,82,84,85,91,93,97,99,102,104,105,106,108,109,113,115,118,121,125,130,131,134,137,138,139,141,143,144,146,147,152,158,160,161,163,168,169,171,178,179,181 "112";
113 98 1 11,32,82,91,102,122,125,131 "113";
114 57 0 22,27,69,77,88,97,101,116,123,134,136,145,147,148,153,156,158,182 "114";
115 119 1 3,17,21,31,71,92,103,106,130,152 "115";
116 100 1 13,15,36,48,61,70,98,99,102,120,128,165 "116";
117 76 0 1,6,7,11,13,15,17,24,25,27,29,30,32,33,35,36,39,41,42,43,44,46,47,49,51,59,62,64,71,72,73,76,78,79,82,85,87,90,91,93,99,102,104,107,109,111,113,115,118,122,124,127,128,132,134,135,137,138,139,141,145,147,148,150,152,154,156,160,161,162,163,166,167,169,172,173,176,181 "117";
118 90 1 0,3,9,12,16,18,20,24,26,31,33,37,38,41,45,46,47,61,66,75,76,79,85,87,90,100,101,103,109,112,114,117,118,126,131,133,136,138,140,143,146,147,149,151,158,160,165,169,173,176,177,179,180,182 "118";
119 152 1 0,2,4,5,7,9,11,13,15,17,19,20,23,25,27,28,32,33,35,37,39,43,44,46,47,49,50,54,56,57,59,61,62,66,73,76,77,79,82,83,84,86,89,91,95,96,102,105,108,110,111,113,114,115,117,118,122,123,125,129,131,132,134,138,140,142,145,146,150,152,153,159,160,161,162,164,167,169,171,173,174,177,178,181 "119";
120 151 0 15,23,35,40,43,50,52,75,83,86,96,105,119,125,128,160,170,182 "120";
121 139 1 0,1,4,6,9,12,13,18,21,24,26,38,40,42,51,52,56,58,62,63,65,68,71,72,76,77,81,83,88,91,92,94,98,101,109,114,115,120,122,123,125,127,131,134,138,144,145,148,151,152,153,155,158,159,160,162,163,165,167,171,173,174,177,179,182 "121";
122 48 1 10,18,32,39,54,56,61,65,84,98,102,108,110,117,124,139,141,148,152,165,166,172 "122";
123 151 0 0,1,3,5,12,16,21,22,24,29,30,32,34,36,39,41,48,50,52,56,59,63,65,68,71,76,80,84,92,94,95,97,99,105,106,111,112,115,117,119,121,126,132,134,135,137,139,141,143,147,151,156,158,159,164,165,170,172,173,176,178,179,181 "123";
124 147 0 31,65,73,87,91,116 "124";
125 18 1 9,28,30,52,64,71,73,84,90,92,108,117,123,124,144,148,154,157,172 "125";
126 168 0 3,6,7,12,15,19,22,24,32,35,37,39,41,45,51,56,59,61,62,68,71,77,81,84,88,90,92,93,94,105,109,111,118,121,141,142,143,147,149,151,152,155,160,162,166,168,170,171,173,176,177,178,179,181,182 "126";
127 87 0 0,1,3,5,6,8,13,14,17,19,23,30,36,43,49,50,52,53,55,56,62,67,69,72,74,82,87,90,97,101,104,106,109,117,120,121,124,126,129,139,141,143,146,149,154,158,164,167,168,176,177,181 "127";
128 5 1 0,2,10,12,15,23,30,32,34,36,39,44,55,58,67,77,82,84,89,93,97,102,113,120,122,126,128,129,131,133,136,142,146,151,157,160,161,163,166,167,170,171,181,182 "128";
129 9 0 2,3,5,6,7,11,13,15,20,21,22,28,30,33,35,36,40,41,44,47,49,51,52,55,58,59,62,64,70,72,74,85,87,91,94,96,98,100,101,103,104,107,112,114,117,119,123,124,127,128,132,133,135,140,141,144,147,149,150,153,154,156,158,169,172,175 "129";
130 74 0 0,1,3,4,7,11,15,16,21,22,24,26,27,28,31,32,34,35,37,38,40,42,44,45,47,48,50,52,54,59,61,66,68,72,73,75,78,79,81,84,85,86,88,89,91,96,98,100,103,106,111,112,115,119,120,125,126,129,132,134,135,139,140,143,145,148,149,153,155,157,159,160,161,163,165,167,169,170,173,177,180,181,182 "130";
131 157 1 1,2,4,7,9,12,13,14,17,20,22,25,27,29,31,34,39,41,44,45,47,50,52,54,59,63,65,67,69,71,72,75,80,81,82,85,86,87,90,93,95,97,101,103,105,112,114,116,119,120,125,126,129,130,131,133,135,138,139,141,143,147,149,151,155,161,166,168,171,177,179,182 "131";
132 77 0 1,7,11,14,15,17,19,21,23,25,28,32,33,35,36,37,41,45,48,50,51,52,55,56,57,58,61,64,66,68,69,71,73,75,76,77,78,80,82,83,84,85,86,87,89,92,94,95,97,98,101,102,103,104,105,107,108,109,111,113,116,119,121,122,125,127,128,129,134,136,138,140,142,145,147,149,151,153,154,156,159,161,164,166,168,169,172,174,175 "132";
133 183 0 5,7,9,12,14,18,23,38,41,44,46,47,50,54,55,58,59,63,65,66,69,73,75,78,82,83,90,97,99,102,109,114,115,117,118,120,122,125,130,132,137,139,140,148,149,154,157,160,164,167,168,176,180 "133";
134 28 0 54,62 "134";
135 62 0 0,7,9,10,11,14,19,24,27,34,35,37,40,41,43,54,58,61,69,72,81,83,88,89,95,96,103,104,111,113,114,118,120,122,124,125,127,128,130,132,139,144,149,151,154,159,162,165,169,173,180,181 "135";
136 3 1 3,8,9,16,19,22,24,25,31,37,38,40,42,53,57,59,63,65,68,69,72,77,83,85,87,89,91,93,95,97,98,102,106,108,109,112,122,127,128,132,134,140,142,144,146,147,158,161,163,164,166,171,172,176 "136";
137 154 1 2,6,8,9,10,12,18,21,22,25,27,29,30,34,35,37,38,40,42,43,46,48,49,51,54,55,57,59,63,67,68,70,71,72,74,76,79,81,82,84,86,88,91,93,94,97,101,110,112,115,116,119,129,131,135,136,137,139,143,146,147,149,151,153,154,156,158,159,164,167,175,176 "137";
138 95 0 1,3,4,5,7,8,11,12,14,15,18,21,23,25,27,28,30,32,34,38,41,43,45,47,49,52,55,57,62,65,66,67,71,73,75,77,79,81,82,85,86,89,90,93,94,96,98,102,103,108,110,112,114,116,118,121,122,125,126,128,129,131,133,134,137,139,141,143,148,151,153,154,156,157,164,167,169,170,172,173,175,176,178,180,182 "138";
139 159 1 7,34,55,61,68,79,87,98,113,176 "139";
140 93 0 4,5,10,11,19,20,22,38,47,50,51,52,54,55,63,66,67,79,82,87,92,94,96,98,100,103,107,113,115,119,121,129,131,137,145,146,157,159,161,165,167,173,175,178,181 "140";
141 141 0 2,9,11,12,17,19,22,27,28,30,33,40,48,51,52,54,56,57,60,64,67,68,75,79,81,85,87,88,92,100,102,103,105,107,109,111,113,115,116,118,135,139,142,145,147,151,161,162,169,172,173,174,176 "141";
142 98 0 11,22,23,74,80,82,126,137,157,177 "142";
143 142 0 1,2,4,6,11,12,15,16,19,22,31,34,40,53,56,62,64,66,67,69,71,75,80,82,85,90,91,94,96,102,112,118,122,126,129,131,132,140,144,145,156,160,166,170,171,173,177 "143";
144 21 0 1,2,4,6,8,11,18,20,23,24,27,30,34,37,38,40,43,44,47,50,52,54,56,59,61,62,63,73,78,79,80,85,90,92,95,98,101,102,107,108,113,114,116,119,122,126,130,133,135,137,140,141,143,146,150,152,158,162,169,171,174,176,179,180 "144";
145 128 0 1,5,7,9,11,13,16,18,20,23,26,34,36,38,41,43,44,46,48,51,57,62,63,64,65,67,71,72,74,78,81,85,86,87,91,92,95,98,100,103,106,110,115,117,120,121,122,124,126,128,130,131,136,140,143,144,148,151,156,158,161,162,164,165,169,174,176,182 "145";
146 152 0 10,13,15,27,30,49,53,55,76,79,82,85,108,116,130,132,144,152,160,161 "146";
147 167 1 2,3,5,7,9,15,17,18,24,26,30,31,32,33,36,40,41,42,49,56,57,59,61,63,64,65,68,71,73,75,79,82,83,86,88,89,92,94,95,98,102,104,107,108,110,111,113,115,117,118,122,124,125,128,130,131,132,134,135,140,143,147,149,151,154,155,157,161,164,167,169,175,177,178,180 "147";
148 74 0 13,22,36,45,47,71,90,91,95,111,121,126,137,138,148,154,160,161,168,171,173,174,181 "148";
149 169 0 2,4,6,7,9,11,18,24,26,28,31,33,36,47,50,52,54,57,60,62,63,64,65,69,71,83,87,92,104,105,107,113,114,117,119,122,123,124,127,128,134,137,141,144,145,147,148,150,153,156,162,170,172,173,175,180 "149";
150 27 0 3,4,8,15,17,22,25,29,32,33,35,37,40,41,44,49,61,69,71,72,77,80,81,84,85,88,90,92,95,96,98,100,103,104,108,109,113,117,118,122,124,128,129,131,132,135,142,145,146,147,150,152,154,158,161,163,164,166,169,174,175,177,178,181 "150";
151 51 0 9,11,16,19,23,27,34,46,48,52,58,64,67,75,85,88,92,95,101,106,110,113,114,119,121,127,134,136,137,142,145,147,148,156,159,165,166,168,173,178 "151";
152 48 1 5,11,15,21,28,36,41,43,56,87,107,110,112,119,125,133,149,173 "152";
153 120 1 4,6,10,15,21,26,30,34,36,37,40,43,45,46,47,50,51,56,60,62,67,75,78,82,90,95,100,102,105,106,109,114,118,124,125,128,130,135,138,139,141,145,151,154,157,159,162,169,170,174,176,177,179 "153";
154 46 1 13,19,31,38,45,49,69,76,86,87,97,100,121,134,137,141,152,165,166 "154";
155 12 1 0,3,7,9,12,15,16,17,20,23,24,26,37,39,40,42,44,46,48,50,51,53,57,59,61,62,65,66,70,73,75,76,78,80,82,86,88,92,95,98,99,102,103,104,108,109,111,113,114,116,118,121,122,124,129,132,133,135,136,141,145,147,151,154,155,156,158,161,164,165,166,168,169,171,172,175,176,179,180 "155";
156 23 0 1,6,9,10,12,14,15,19,22,25,29,32,33,36,38,39,40,44,46,48,50,54,61,62,63,70,73,75,77,79,81,83,85,87,89,91,96,100,103,105,106,107,113,115,116,118,119,127,130,132,136,137,138,144,147,148,158,160,162,164,165,168,171,173,174,178,180 "156";
157 145 1 1,3,5,7,8,9,11,13,15,16,19,22,23,28,30,33,35,37,38,40,42,45,48,52,53,55,56,58,60,62,64,65,69,71,72,73,75,76,78,80,82,83,86,87,88,89,93,95,96,98,100,102,104,106,108,109,110,112,118,120,123,124,125,129,131,132,133,135,136,137,140,142,145,148,151,153,157,159,160,162,164,167,169,171,172,174,175,177,179,181,182 "157";
158 68 0 6,8,18,30,35,38,50,55,66,72,77,87,111,133,142,180 "158";
159 137 0 0,1,4,6,9,13,17,18,20,23,24,26,35,37,40,44,46,48,50,53,56,58,60,62,63,64,66,67,69,70,72,73,75,77,80,84,89,91,93,94,100,101,103,106,107,114,118,123,127,128,131,135,136,139,141,144,146,148,149,151,154,155,160,163,165,173,177,179,182 "159";
160 91 0 0,2,5,9,13,17,18,27,32,34,37,48,51,58,63,65,69,72,74,78,81,82,83,86,88,90,92,94,96,103,107,109,111,115,120,122,124,129,139,149,151,158,163,166,168,173,177,179 "160";
161 76 1 1,2,4,5,10,12,13,16,17,21,25,31,32,34,36,39,40,46,47,50,52,54,56,58,60,61,63,64,65,67,69,71,72,74,75,77,80,83,87,90,92,93,94,95,97,100,102,103,104,107,108,112,113,117,121,122,123,126,129,130,131,133,134,136,137,140,141,142,145,146,148,150,155,156,160,161,162,164,165,167,168,170,174,176,181 "161";
162 60 0 0,4,5,9,10,12,20,21,23,26,30,31,33,38,41,44,45,46,49,53,56,57,63,65,68,71,76,80,83,85,93,95,98,101,103,106,115,123,125,127,129,138,143,145,147,149,153,160,166,169,171,173,176,181,182 "162";
163 108 0 0,1,4,6,7,9,10,11,13,15,17,21,23,24,25,26,30,33,37,39,40,43,44,46,48,49,51,53,55,56,58,59,61,65,66,68,72,75,77,79,80,83,85,86,89,91,93,97,100,101,103,104,106,109,110,111,117,120,122,126,127,130,133,137,138,141,142,145,146,148,152,158,160,162,165,166,168,171,172,176,177,179,182 "163";
164 158 1 0,2,4,6,7,9,12,13,14,16,19,20,23,25,26,28,31,35,36,37,40,42,43,44,46,48,52,54,58,60,63,64,66,67,70,72,73,74,76,79,80,81,83,84,89,91,93,95,97,102,105,108,110,114,116,118,119,121,122,124,129,132,133,134,136,139,142,144,145,146,150,152,153,157,160,163,166,168,170,171,172,174,176,178,181,182 "164";
165 179 1 6,8,14,19,23,24,29,38,43,48,51,60,72,78,83,84,88,91,93,100,103,106,110,112,123,125,127,135,136,138,142,148,154,156,162,170,176,181 "165";
166 156 0 1,3,9,13,17,19,21,25,29,33,37,39,40,44,49,51,54,56,59,61,64,80,84,85,89,90,94,100,102,108,110,111,112,114,119,120,124,126,128,129,131,134,137,139,148,152,155,156,158,160,164,165,169,171,172,177,178,180 "166";
167 182 0 4,6,11,13,14,16,17,19,20,24,29,36,37,40,44,48,49,51,56,57,60,64,67,70,71,73,76,79,80,85,88,90,99,106,113,121,122,129,131,133,141,144,151,164,166,169,177,181 "167";
168 58 0 3,8,9,11,14,17,18,20,25,27,31,36,49,52,53,56,61,76,82,84,86,87,94,97,100,103,104,113,116,130,132,135,139,145,146,149,152,157,159,161,163,165,166,169,170,173,175,178,180 "168";
169 102 0 8,10,14,16,18,23,28,33,34,38,43,44,53,55,57,59,61,62,65,75,83,84,90,91,93,100,105,108,124,128,131,136,141,144,146,151,155,158,160,163,165,168,170,172,178,181 "169";
170 151 0 0,2,6,10,12,14,17,20,23,27,30,32,34,36,37,40,41,42,47,50,54,57,58,59,61,63,65,66,68,70,74,75,76,78,82,84,85,89,93,95,97,99,100,104,106,108,110,111,113,115,116,120,121,124,125,129,137,139,140,145,147,148,149,151,153,155,157,158,160,164,168,169,172,174,178,181 "170";
171 102 0 1,4,12,13,21,30,32,35,43,45,51,52,53,57,70,73,79,83,86,87,95,96,98,101,103,105,112,115,118,119,120,124,126,129,130,142,147,152,154,157,159,161,162,166,167,171,174,176,182 "171";
172 161 0 1,10,13,18,36,41,58,63,74,93,96,99,106,114,121,141,167 "172";
173 6 1 0,1,3,5,7,10,11,14,22,25,29,31,35,38,42,46,48,49,51,53,56,58,60,63,64,67,68,71,77,82,84,87,88,90,92,94,97,99,101,102,104,105,106,108,112,114,115,122,123,124,127,132,138,141,143,150,151,152,154,158,159,162,164,169,174,176,177,180 "173";
174 120 0 110,146 "174";
175 129 0 0,1,4,5,7,8,11,14,16,21,23,25,26,27,30,31,33,36,40,41,43,44,46,48,50,53,55,57,59,61,62,64,66,67,69,70,71,73,76,80,82,84,85,94,96,99,100,102,105,106,108,110,113,116,118,120,122,123,125,126,128,129,130,132,134,136,138,140,141,143,149,152,154,155,157,158,161,163,164,166,170,172,178,180 "175";
176 96 0 0,3,8,10,13,15,17,19,21,24,26,28,32,37,39,40,42,44,48,50,51,53,55,56,61,62,63,64,66,69,72,74,75,77,78,80,82,83,85,87,88,90,92,93,95,97,98,99,101,103,105,107,110,113,115,117,120,122,124,126,128,129,131,132,134,137,139,140,142,143,146,148,149,151,153,161,162,164,165,166,168,171,173,175,178,181,182 "176";
177 49 1 0,5,11,18,30,35,43,49,56,58,60,62,63,65,66,68,72,73,80,85,88,91,95,104,106,110,115,116,119,126,128,131,137,143,144,146,148,154,156,165,166,173,176,179,180 "177";
178 163 0 1,5,6,9,10,14,16,18,20,22,25,27,29,30,38,40,42,45,46,49,50,51,53,56,59,60,62,65,67,75,79,84,86,87,90,92,95,99,102,105,110,112,116,120,125,126,133,134,137,141,142,145,147,149,150,153,155,156,158,159,161,164,165,172,174,176,179,181,182 "178";
179 157 1 14,87,131,144,157,159 "179";
180 97 1 23,44,56,67,68,84,102,117,128,132,136,170 "180";
181 94 1 0,3,4,6,7,12,13,15,18,20,22,24,26,28,32,33,34,42,44,46,50,51,54,56,58,61,63,65,66,68,69,70,76,80,82,83,87,88,90,92,96,98,99,100,102,104,105,107,108,110,116,117,119,120,121,123,126,130,131,134,136,140,141,142,143,145,146,150,151,152,153,155,158,162,165,167,170,171,174,181 "181";
182 164 0 0,13,16,19,21,24,28,33,37,40,42,43,46,52,62,65,66,68,73,75,80,89,90,93,98,100,106,108,110,113,118,119,122,133,135,137,148,160,162,163,169,178,180,182 "182";
