parity 91;
0 37 1 3,6,8,9,12,15,16,17,20,23,25,29,30,32,35,41,43,45,46,50,51,53,55,56,58,59,62,66,68,70,71,72,74,76,79,81,83,85,87,88,91 "0";
1 69 1 1,4,6,8,9,11,13,15,17,21,23,25,26,29,30,32,37,38,41,45,48,51,53,62,66,75,79,83,85,87,88,91 "1";
2 34 0 0,3,5,6,8,11,12,14,15,18,19,22,25,27,29,30,32,35,38,39,42,43,44,53,54,56,60,61,64,66,67,69,75,79,81,82,85,89,90 "2";
3 84 1 0,2,5,11,12,15,16,17,18,23,25,28,31,40,51,55,57,58,60,61,67,68,69,71,73,74,75,78,80,83,90,91 "3";
4 2 0 2,6,10,12,16,18,22,27,29,37,41,45,46,50,52,54,65,66,67,72,74,79,82,83,86,89 "4";
5 37 0 4,6,9,12,15,16,21,24,29,37,39,43,47,50,52,56,57,63,70,74,77,80,82 "5";
6 87 1 0,2,6,8,12,21,22,29,32,39,44,49,51,53,55,58,61,72,76,80,82,87 "6";
7 88 1 0,2,6,7,9,12,14,16,19,21,22,24,26,28,29,30,34,35,37,38,41,43,44,46,47,49,52,54,55,56,58,60,61,63,64,65,68,71,72,76,79,80,81,83,85,88 "7";
8 84 1 0,2,8,16,17,25,33,35,37,51,54,56,57,59,60,62,63,65,73,74,82,89 "8";
9 47 0 2,3,7,9,11,15,19,21,28,32,36,39,41,42,44,46,49,56,58,60,62,68,71,74,79,82,86 "9";
10 32 1 0,2,6,7,9,11,12,13,15,17,19,20,22,24,25,28,30,31,32,34,36,39,41,44,47,49,50,51,53,55,56,61,62,67,74,77,81,84,85,88,90 "10";
11 82 1 3,5,8,11,14,17,28,29,33,39,40,42,44,48,50,52,54,56,57,59,61,64,67,68,69,71,72,78,89 "11";
12 67 1 6,21,27,31,34,38,39,46,55,57,58,60,68,74,85,89,90 "12";
13 11 1 0,3,5,6,8,9,15,18,19,21,23,28,30,34,37,42,44,48,50,51,54,55,57,62,69,70,74,75,82,88,89,90 "13";
14 55 0 0,4,6,12,24,25,27,35,38,42,54,57,61,63,65,74,78,79,83,85,88 "14";
15 88 0 1,3,9,12,13,15,16,19,22,24,26,35,37,39,43,45,48,50,52,53,55,57,58,61,62,66,71,73,75,78,87,90 "15";
16 78 0 0,1,2,4,7,9,10,11,14,17,18,20,24,25,27,28,29,31,32,35,38,40,41,43,48,49,51,53,58,61,63,64,65,67,68,70,72,74,77,82,86,88,89 "16";
17 79 0 0,1,3,5,6,8,10,11,15,16,21,23,24,25,27,28,32,33,34,36,39,42,45,46,47,51,54,59,61,65,66,69,72,73,76,78,80,81,82,87,89,91 "17";
18 10 0 0,3,7,9,11,13,15,17,19,20,21,23,25,26,28,29,31,33,34,35,36,39,43,44,46,49,51,57,61,62,65,67,74,76,77,79,83,84,86,87,90 "18";
19 35 0 7,8,13,17,23,34,37,48,50,55,79,91 "19";
20 91 0 0,1,3,4,7,9,11,18,20,23,26,30,33,39,40,42,44,47,49,50,51,52,55,58,60,61,62,64,65,67,68,70,72,74,75,81,82,87,91 "20";
21 84 0 8,10,12,15,17,19,24,28,32,35,37,40,47,51,67,68,71,76,78,81 "21";
22 21 0 1,3,5,10,13,16,18,19,21,28,30,31,36,38,41,42,43,46,51,52,54,55,57,59,60,63,66,68,73,76,79,82,84,85,91 "22";
23 68 0 1,2,4,11,12,18,20,22,25,27,30,32,35,36,38,44,47,48,51,57,60,63,66,70,74,75,79,83,86,89,90 "23";
24 47 1 0,4,5,8,9,11,13,15,19,20,21,23,24,25,27,29,31,32,36,38,39,40,42,49,57,59,62,68,69,70,73,75,83,88,90 "24";
25 0 0 12,17,25,35,41,49,50,69,78,86 "25";
26 82 1 27,36,38,44,45,66,71 "26";
27 89 1 2,6,10,11,15,18,23,31,39,44,46,48,56,62,64,71,76,78,80,82,87 "27";
28 27 1 3,8,10,14,16,19,22,25,28,29,31,33,35,40,41,43,45,47,60,61,64,67,68,71,74,76,79,85,86,87,88,90 "28";
29 4 0 85 "29";
30 2 1 0,2,3,10,14,18,27,31,32,38,40,45,48,50,53,54,58,60,64,67,69,71,73,78,80,82,83,86,88,91 "30";
31 83 0 25,28 "31";
32 78 0 0,2,3,5,6,7,10,12,13,15,17,19,21,22,24,25,28,30,34,36,37,41,42,44,47,52,56,58,63,64,66,69,71,75,78,81,84,88,90 "32";
33 69 0 1,2,4,15,26,34,35,82,87,90 "33";
34 57 1 2,4,10,16,19,21,25,31,34,42,43,44,46,47,49,50,52,55,57,61,62,63,68,74,76,79,81,85,88,91 "34";
35 37 1 0,16,22,28,29,41,68,71,87 "35";
36 64 0 0,1,3,5,6,15,16,17,20,23,24,27,29,30,33,34,37,38,39,40,43,45,47,48,50,51,53,54,55,58,61,62,64,68,69,71,74,75,76,78,82,85,88,89,90 "36";
37 60 0 2,4,10,12,14,19,21,23,27,28,31,33,35,36,39,41,42,44,46,50,51,52,55,59,61,68,69,70,72,73,75,77,78,80,82,86,88,90 "37";
38 88 1 12,22,41,48,53,55,66,70,79,82,86,89 "38";
39 49 1 1,3,7,9,14,16,17,21,29,31,33,37,39,40,44,48,51,54,55,60,61,65,67,69,72,73,79,83,87,89 "39";
40 71 0 1,3,4,6,12,15,18,19,22,23,25,26,29,32,33,35,36,38,40,42,43,46,48,50,54,57,61,67,72,74,75,77,81,82,84,85,87,88 "40";
41 78 0 0,3,4,7,10,13,17,19,20,21,26,27,29,31,36,42,47,49,50,54,60,63,67,69,73,74,78,81,83,87,91 "41";
42 85 0 4,5,6,13,15,17,19,20,22,24,26,27,30,38,39,41,47,53,56,59,64,65,68,70,73,74,76,77,79,81,82,84,87,89 "42";
43 53 0 0,4,6,9,11,12,14,15,19,20,23,24,26,28,30,32,36,39,44,45,49,50,52,54,57,58,60,63,65,67,68,70,73,74,78,80,82,83,86,88,91 "43";
44 79 1 0,5,7,8,12,13,14,15,21,23,24,26,28,30,32,37,44,48,53,54,57,59,64,66,70,71,72,78,81,84,85,87,89 "44";
45 40 0 0,3,6,10,15,18,22,23,26,27,29,31,34,35,43,52,53,57,62,69,72,79,82,91 "45";
46 9 0 2,5,7,9,14,18,19,23,26,30,31,34,36,46,48,51,55,58,59,66,67,68,70,73,77,81,82,84,91 "46";
47 26 1 0,1,40,41,54,68,91 "47";
48 15 1 5,14,17,20,24,29,30,34,38,45,48,52,54,62,70,75,85,87,89 "48";
49 66 0 0,2,4,7,9,11,12,17,19,22,25,31,32,35,39,41,44,45,46,47,49,54,56,59,60,64,70,72,75,76,80,84,87,90 "49";
50 32 1 5,21,23,26,38,41,43,50,65,74,86 "50";
51 47 0 3,11,14,19,23,24,40,47,53,55,67,68,81,82,83 "51";
52 75 0 0,7,12,16,17,20,26,28,35,39,43,44,45,49,52,53,57,60,63,67,71,75,78,81,84,86,87 "52";
53 55 0 24,48,65,88 "53";
54 66 0 16,22,34,38,47,49,60,68,79 "54";
55 59 0 6,8,12,15,18,21,22,25,27,29,32,36,39,40,45,48,57,58,62,65,74,76,82,85,87,91 "55";
56 48 1 1,5,14,23,25,31,34,36,40,43,47,50,52,53,55,64,66,68,71,74,76,77,78,82,85,86,87,90,91 "56";
57 92 1 5,43,45,66,90 "57";
58 73 1 2,4,7,12,14,21,24,28,29,32,37,42,45,48,53,54,58,60,66,73,76,78,80,84,90,91 "58";
59 51 1 1,5,6,8,11,12,16,20,23,24,28,29,31,32,35,37,38,39,40,45,47,48,49,53,55,57,60,62,63,64,66,73,74,77,80,81,88,89,91 "59";
60 83 1 6,39,55,81 "60";
61 58 1 0,6,8,10,12,14,18,19,21,23,24,26,27,29,32,33,34,36,37,38,40,41,45,48,50,51,53,56,57,58,60,61,63,66,67,69,71,73,74,76,79,82,83,85,86,87 "61";
62 29 0 20,65,79 "62";
63 90 1 2,6,9,10,12,16,19,21,25,27,29,30,33,36,42,44,48,49,52,55,57,59,62,65,69,72,74,75,77,81,82,86,88,90,91 "63";
64 56 1 0,2,9,15,17,25,28,33,35,36,38,39,47,49,51,53,55,58,62,66,71,73,76,78,85,88 "64";
65 19 0 0,1,3,4,7,9,12,13,15,17,21,25,28,30,36,38,40,42,43,45,46,48,51,52,54,56,61,62,68,72,75,77,80,82,84,86,87,88,90 "65";
66 48 1 0,1,3,4,10,12,15,16,18,22,25,28,30,32,33,37,43,44,46,48,51,53,54,56,57,62,63,64,69,72,74,78,81,86 "66";
67 10 1 2,7,8,9,12,17,20,28,30,31,34,39,46,50,52,55,62,65,67,68,71,73,74,75,76,78,80,84,85,86,88,91 "67";
68 22 0 0,2,3,5,7,8,10,12,14,15,19,20,22,31,32,37,39,41,44,46,47,50,54,57,66,68,72,74,76,81,83,85,90 "68";
69 5 1 4,5,8,10,14,16,17,22,23,27,30,31,33,40,46,47,54,55,58,60,64,65,67,69,73,75,80,83,84,87 "69";
70 75 0 2,4,6,8,10,13,15,17,18,20,21,24,26,27,30,31,32,34,37,39,40,42,44,46,48,51,53,57,61,64,67,69,71,73,74,75,76,79,83,84,85,87,90,91 "70";
71 3 0 2,10,14,20,29,31,51,61,70,86,87,91 "71";
72 18 0 1,4,16,32,46,51,70,82,89 "72";
73 82 0 0,2,7,9,11,12,14,16,18,19,20,21,22,24,28,29,31,33,35,39,42,43,46,48,50,51,52,55,58,63,65,67,72,73,76,77,78,82,84,86,90 "73";
74 87 1 4,9,19,21,29,32,40,43,47,48,54,67,81 "74";
75 54 0 9,36,41,44 "75";
76 25 0 0,7,10,12,13,14,17,24,27,29,32,35,36,37,38,43,45,47,51,57,64,67,71,75,86 "76";
77 84 1 4,5,7,11,14,17,18,21,23,25,29,33,35,37,38,41,42,44,45,53,56,58,60,67,69,73,77,79,80,85,87,91 "77";
78 15 0 0,1,5,7,9,10,12,13,15,19,20,25,27,28,31,35,37,39,40,41,44,46,47,49,51,52,54,55,56,58,59,60,61,66,68,72,74,78,80,81,84,85,89,90 "78";
79 46 1 0,1,6,8,9,13,15,17,18,21,23,24,26,28,31,34,35,37,39,45,49,52,53,54,57,58,59,61,69,73,74,76,77,80,84,89,91 "79";
80 65 0 5,7,13,20,23,26,29,34,44,46,47,50,51,54,56,58,60,63,70,71,82,85,87,89 "80";
81 10 0 0,2,7,8,10,14,22,23,25,26,28,30,32,34,35,38,41,43,46,49,51,53,55,58,60,63,64,66,69,71,73,75,78,81,84,87,91 "81";
82 38 0 7,28,30,49,76,81,89 "82";
83 84 0 0,3,6,9,12,18,22,24,28,32,35,38,41,45,50,51,55,57,59,62,64,68,70,74,76,81,87,89,90 "83";
84 24 1 0,2,6,14,20,22,27,47,58,62,68,88 "84";
85 59 0 6,8,9,13,16,17,21,23,25,27,33,34,36,41,47,52,54,58,60,63,65,67,70,71,74,76,81,84,91 "85";
86 68 1 1,5,15,36,41,51,62,72,87 "86";
87 40 1 11,20,22,23,26,31,33,45,53,54,57,59,71,72,76,79,84,89 "87";
88 71 0 1,3,5,8,9,12,15,16,18,21,27,29,30,31,32,37,41,43,45,47,49,51,53,56,58,62,63,65,66,69,72,74,76,78,80,81,83,86,88,89 "88";
89 58 0 26,32,40,54,60 "89";
90 6 0 2,12,14,17,27,36,38,41,46,49,52,59,68,70,72,84 "90";
91 60 1 0,9,12,19,30,32,39,40,46,51,53,56,70,72,80,85,86 "91";
