parity 110;
0 15 1 55,67,74,86,101,108 "0";
1 58 0 2,5,7,9,11,12,14,16,17,20,22,25,30,32,34,37,40,41,43,44,46,47,50,51,53,55,59,60,64,66,69,74,76,77,78,80,81,82,85,87,88,97,99,101,102,104,106 "1";
2 93 0 0,3,4,5,7,9,11,13,14,18,19,21,23,25,27,38,39,41,42,45,47,50,51,53,58,59,63,64,68,72,74,80,93,95,97,100,102,105,106,109,110 "2";
3 58 0 0,3,4,7,13,18,19,22,24,25,28,31,33,35,45,49,53,54,56,58,59,61,63,68,70,71,72,82,83,85,91,96,99,105,106,110 "3";
4 109 0 2,3,4,7,8,10,16,20,21,22,24,25,27,28,29,31,32,34,37,42,44,50,52,53,57,60,64,65,69,71,73,74,77,80,82,86,87,89,90,93,96,97,100,101,105,108 "4";
5 41 1 0,5,19,20,22,27,41,43,49,54,55,65,73,76,99,110 "5";
6 103 0 33,40,42,51,63,88,94,95,108 "6";
7 52 1 7,12,17,39,47,57,60,79,88,99,101 "7";
8 81 1 9,12,15,21,24,25,30,31,37,39,47,62,63,68,76,87,104 "8";
9 48 0 0,6,23,25,27,37,41,45,51,55,59,62,66,69,78,79,84,86,88,90,92,96,99,101 "9";
10 94 1 0,2,5,7,8,13,15,18,23,31,35,38,40,42,44,47,52,54,56,59,60,62,63,68,70,72,76,77,81,87,93,94,96,100,101,103,105,106,110 "10";
11 67 0 28,38 "11";
12 109 1 3,12,13,14,21,26,29,41,43,47,53,56,59,60,62,65,67,73,77,80,82,86,90,92,98,102,105,108,110 "12";
13 79 0 0,1,3,5,6,8,9,11,12,13,15,17,18,23,26,30,33,41,42,46,48,52,56,57,59,61,65,69,72,73,75,77,79,81,82,84,87,90,92,93,95,96,98,99,101,103,106,108,110 "13";
14 68 1 1,5,10,12,17,18,20,24,25,27,28,33,35,38,40,49,51,53,56,63,65,70,71,79,82,84,91,94,103,106 "14";
15 46 0 1,4,5,7,11,12,15,17,26,27,30,34,36,38,39,43,46,48,50,52,55,56,58,60,61,64,65,68,69,71,72,73,78,79,81,83,86,87,88,91,93,95,96,97,104,107,108,110 "15";
16 99 1 5,9,25,31,37,46,49,51,64,65,67,74,76,87,89,94,100,107 "16";
17 87 0 0,6,9,13,15,16,23,28,31,35,38,42,44,47,50,53,54,61,64,67,69,71,74,76,81,84,89,90,95,99,101,107,109 "17";
18 78 0 1,7,9,11,13,15,18,25,27,32,34,43,45,53,56,65,69,71,75,82,88,90,98,101,104,107,110 "18";
19 73 0 0,3,8,9,14,16,20,21,30,34,36,40,43,51,53,56,60,61,66,72,93,94,107,108,109 "19";
20 12 1 0,2,10,14,15,16,18,20,27,30,35,39,41,43,49,51,74,76,81,86,88,93,96,99,101,105 "20";
21 3 1 1,9,13,15,16,18,20,23,25,27,30,32,33,35,42,44,45,47,54,56,57,59,60,62,64,65,70,71,74,76,77,80,84,85,88,89,93,95,98,99,101,103,105,106,109 "21";
22 15 0 4,6,11,12,14,21,25,28,32,36,42,44,45,50,53,59,61,64,69,77,78,86,92,98,102,105,107 "22";
23 55 1 0,8,28,29,34,37,38,40,44,45,48,51,52,54,57,58,60,61,65,70,75,78,80,87,95,97,102,104,110 "23";
24 3 0 2,6,8,10,11,13,15,17,22,23,28,29,33,38,42,43,46,50,59,60,63,66,70,71,73,75,77,81,87,89,99,104,106,109 "24";
25 41 0 1,3,5,10,14,16,18,19,20,32,33,36,39,43,48,50,51,52,58,59,62,63,67,70,72,76,77,78,81,83,85,86,90,92,95,96,99,102,104,106,108,110 "25";
26 27 1 24,31,86,98 "26";
27 54 1 0,6,14,16,18,21,23,26,38,39,49,52,53,55,86,88,89,95,100,102 "27";
28 71 1 0,4,7,11,42,44,51,78,86,95,97,105 "28";
29 105 0 1,3,5,12,15,19,20,24,26,29,30,31,37,39,41,42,43,46,48,49,50,52,55,56,60,63,69,70,77,86,87,91,94,96,98,99,103,105,106,108,110 "29";
30 17 1 1,5,6,9,12,16,17,22,27,29,30,34,36,39,41,45,46,50,51,54,57,60,64,67,71,78,81,82,85,86,92,95,97,103,108 "30";
31 12 0 9,33,41,55,58,66,72,104 "31";
32 20 1 0,21,40,44,48,56,81,84,90,96,105,106,107 "32";
33 48 0 78,95,96,102 "33";
34 1 1 2,4,5,12,16,18,21,26,36,37,42,46,58,61,63,64,80,95 "34";
35 61 1 1,8,9,11,12,14,15,20,25,26,27,28,35,47,51,52,53,61,65,66,70,72,80,83,85,93,95,99,103,106,107 "35";
36 104 0 5,8,11,13,15,19,21,24,27,29,32,34,36,37,39,41,42,45,52,53,56,59,63,73,78,80,82,85,89,91,93,95,96,98,100,101,103,104,107,110 "36";
37 62 1 0,2,3,7,10,12,13,14,18,20,21,24,26,29,31,33,36,41,44,46,48,50,51,52,56,57,59,63,65,66,68,72,74,75,77,79,86,87,90,94,98,99,100,108,110 "37";
38 40 0 0,2,4,12,13,16,19,23,24,25,29,30,32,35,39,51,52,54,55,58,60,63,67,69,70,74,76,77,80,85,88,91,97,99,101,103,104,106,109,110 "38";
39 16 1 19,42,44,45,56,57,63,81,86,90,92,98,99 "39";
40 92 0 2,18,22,23,37,46,56,64,67,83,101,104,109 "40";
41 105 0 2,4,10,11,14,28,31,35,54,72,77,79,89,102,103,105 "41";
42 47 1 0,1,5,11,12,13,16,18,20,21,22,24,25,28,32,33,35,37,38,42,44,45,47,49,50,52,54,55,58,60,63,65,66,70,74,75,77,79,80,82,85,86,88,91,93,94,98,103,105,107,110 "42";
43 38 1 13,41,44,49,62,97,108 "43";
44 15 0 0,3,6,9,11,13,17,20,24,28,33,37,38,40,43,46,50,52,58,62,64,67,68,70,73,75,76,78,83,85,87,88,90,93,94,96,98,100,101,107,108,109 "44";
45 69 0 13,34,40,65,70,75 "45";
46 14 0 1,3,5,6,8,13,15,16,18,19,22,25,26,31,33,35,38,40,42,43,45,46,47,50,52,53,58,59,61,63,65,68,70,72,73,77,78,79,84,85,87,90,91,93,94,96,99,100,102,106,107,108,110 "46";
47 97 0 0,1,8,11,13,15,16,19,22,28,31,32,34,36,37,39,41,43,48,49,51,55,58,60,63,68,70,73,76,81,85,86,89,92,94,95,97,99,102,104,105,106,108,109 "47";
48 107 0 0,9,11,13,18,20,25,28,32,35,43,45,49,50,54,56,59,61,63,66,68,73,76,78,79,82,83,84,89,100,104,109 "48";
49 52 1 1,8,11,13,14,17,18,21,25,26,28,31,35,37,39,41,42,44,45,47,48,51,54,57,59,65,67,68,70,74,75,76,78,80,83,87,94,98,99,100,101,103,105,106,109 "49";
50 102 1 1,2,6,7,9,10,14,17,18,20,21,23,26,28,29,31,33,34,35,37,40,42,44,45,46,52,54,56,57,59,61,62,64,66,69,71,72,74,78,79,81,83,84,86,88,89,94,96,98,100,102,103,105,109 "50";
51 78 0 0,2,5,6,8,11,14,17,19,20,22,24,26,31,33,35,39,40,44,46,47,48,50,53,56,58,60,61,64,69,72,74,78,79,83,86,87,90,92,93,96,104,107,110 "51";
52 85 1 0,5,16,20,23,27,53,57,59,67,73,75,83,93,99,102,107 "52";
53 14 0 2,3,10,35,47,56,58,62,64,66,84,104 "53";
54 13 0 0,5,8,17,32,37,42,44,54,59,63,75,82,85,86,91,93,95,99,102,106 "54";
55 107 1 0,2,4,12,15,16,18,23,25,26,28,29,32,33,35,43,49,50,61,65,71,73,80,86,90,95,104,106,108,109 "55";
56 6 1 0,2,6,16,18,23,29,32,35,37,40,42,44,47,51,56,57,58,63,70,73,74,75,77,80,82,85,87,88,90,94,99,102,105,107,109,110 "56";
57 10 1 1,2,4,7,8,11,12,15,17,19,26,29,31,33,35,38,43,45,47,50,53,54,55,58,59,61,64,73,74,80,83,84,89,92,95,96,97,100,102,104,105,106,108,109 "57";
58 70 1 1,6,10,11,13,16,17,19,24,25,27,29,30,33,35,36,38,39,41,42,44,45,47,50,55,57,59,61,64,66,68,70,75,77,79,83,87,88,90,94,95,98,101,105,106,108,110 "58";
59 33 1 8,11,13,21,24,26,30,32,35,36,39,40,44,53,57,58,59,62,66,67,76,77,80,81,84,87,90,91,94,100,101,105,107,109,110 "59";
60 92 0 3,8,9,18,20,24,26,28,41,43,54,55,61,62,66,72,75,84,88,90,91,95,98,102 "60";
61 51 1 2,5,15,19,27,30,32,50,56,60,73,83,92,95,96,99,105,108 "61";
62 42 1 2,3,4,6,9,12,14,15,17,19,20,22,24,25,28,31,34,40,41,42,44,49,53,55,56,58,59,63,66,68,72,78,81,83,84,86,87,89,93,94,95,97,101,102,104,109 "62";
63 26 1 0,2,3,4,7,9,10,14,16,17,18,21,22,24,25,26,31,33,35,36,38,41,42,46,47,50,51,52,53,57,58,59,61,62,66,70,73,74,76,77,78,80,83,86,90,98,100,103,106,108,109 "63";
64 1 0 0,5,13,23,36,43,50,58,78,83,88,90,101,105,110 "64";
65 108 0 8,9,18,24,28,34,58,64,70,74,81,84,87,89,91,94,96,100,103,109 "65";
66 33 0 7,29,50,76,99 "66";
67 21 0 0,11,16,23,25,28,32,37,41,45,48,67,82,92,95,98,99,101 "67";
68 7 1 1,3,5,6,8,12,14,16,18,20,22,24,26,27,29,31,32,35,38,41,43,46,47,50,51,58,60,63,67,68,69,70,74,76,79,81,82,83,84,85,87,89,91,92,93,95,97,98,99,100,102,107,108 "68";
69 80 1 4,12,14,16,19,32,37,47,49,51,62,74,81,84,90,91,93,98,101,103,105,106,108 "69";
70 67 1 1,3,6,12,14,16,17,19,24,28,30,39,41,42,46,47,51,57,59,61,62,65,69,73,76,77,80,83,88,91,93,94,96,99,102,105,106,108 "70";
71 82 0 9,16,26,35,47,59,63,65,75,93,98,110 "71";
72 82 1 0,5,6,8,11,13,14,19,26,34,36,37,41,43,44,47,48,56,58,63,67,69,71,73,77,78,80,83,89,91,97,98,102,105,106 "72";
73 62 0 2,3,4,6,7,11,15,19,21,24,25,31,33,38,40,41,44,49,50,52,57,60,63,66,72,74,75,78,79,82,84,85,88,89,100,103,107,109 "73";
74 58 0 1,2,3,5,8,10,12,14,16,18,21,24,28,29,36,41,43,44,50,51,53,56,58,62,68,70,72,75,81,84,87,88,91,94,97,98,100,102,106,109,110 "74";
75 9 1 0,2,4,6,7,9,11,13,18,20,22,24,26,28,32,36,38,39,42,45,47,49,50,52,57,58,64,66,72,76,82,83,85,86,90,92,93,103,106,108,109 "75";
76 35 1 10,41,45,60,70,77,103 "76";
77 44 0 5,14,25,47,50,53,58,68,85,92,101 "77";
78 3 0 0,1,2,5,7,10,12,15,16,18,20,21,23,27,30,32,34,36,38,40,42,44,46,49,52,53,55,58,60,62,64,66,67,70,71,73,74,75,77,78,79,81,83,85,87,88,90,92,94,95,97,101,102,105,108,110 "78";
79 98 1 7,27,73 "79";
80 23 0 2,3,4,7,9,14,16,21,22,23,26,28,31,36,37,39,40,43,47,49,52,55,59,63,64,69,70,73,77,78,83,86,89,95,98,102,106,109,110 "80";
81 62 0 48,86 "81";
82 64 0 0,16,18,29,31,41,59,63,68,77,78,88,91,104,107 "82";
83 21 0 0,4,6,9,11,13,15,18,21,26,28,29,31,32,34,35,37,44,46,48,50,51,52,54,56,67,70,77,81,85,91,98,101,107,108 "83";
84 36 1 1,4,6,8,10,14,15,17,25,26,28,30,31,33,35,38,42,45,48,50,52,56,58,63,64,66,69,71,72,74,78,82,85,90,95,98,99,102,110 "84";
85 37 0 0,2,4,6,7,13,14,19,20,22,28,31,34,36,38,40,45,46,48,52,53,57,67,69,70,72,74,75,78,85,88,92,95,96,99,103,110 "85";
86 15 1 6,13,30,38,45,55,56,64,67,74,79 "86";
87 52 0 0,1,6,8,9,18,19,21,25,30,32,36,38,39,41,49,56,60,63,69,70,72,73,75,78,80,86,90,96,98,102,105,107,108 "87";
88 13 0 0,5,7,10,12,14,15,17,18,22,24,26,27,28,32,34,37,39,41,42,47,49,50,52,55,56,57,62,63,66,67,73,75,77,78,83,87,90,94,96,98,100,103,106,107,110 "88";
89 48 0 3,14,17,26,30,34,46,47,70,78,83,88,92,94,107,110 "89";
90 22 1 1,17,26,34,40,42,44,47,54,55,57,58,65,67,68,74,78,81,88,91,95,104,107 "90";
91 23 1 2,5,6,7,10,15,17,22,25,26,28,31,33,34,35,40,41,43,46,51,52,53,56,61,62,63,65,68,69,71,73,74,76,77,82,83,85,87,89,91,94,95,97,99,103,106,108,110 "91";
92 7 0 0,2,3,10,11,14,19,22,23,32,44,45,47,48,50,52,53,54,56,57,60,62,64,66,69,70,74,76,77,79,80,83,85,89,93,94,95,100,101,102,104,105 "92";
93 5 0 4,6,8,9,12,15,17,19,21,24,28,31,33,41,42,44,46,54,55,57,60,63,80,84,87,89,91,94,99,102,104,107,109 "93";
94 107 1 1,2,4,5,8,9,10,12,15,17,18,20,21,23,26,27,29,31,32,34,35,37,39,40,43,44,45,47,50,51,54,57,60,64,71,72,75,76,78,81,83,84,87,88,91,93,95,97,99,100,101,103,105,106,108,110 "94";
95 32 0 0,1,4,6,11,15,19,21,23,29,32,38,42,44,46,48,51,55,58,60,62,63,67,74,77,79,83,85,87,91,96,99,100,103 "95";
96 46 1 13,29,30,34,51,67,98,102 "96";
97 36 0 2,10,21,26,28,31,35,39,41,42,45,46,54,57,60,63,65,69,70,72,85,89,91,93,98,101,106,108 "97";
98 15 1 2,6,8,12,16,23,29,33,41,42,47,52,54,62,63,91,93,95,100,105 "98";
99 83 1 2,6,18,20,22,23,27,29,32,35,38,40,42,45,47,48,50,55,56,58,59,62,64,69,71,74,76,79,80,85,86,90,94,96,98,100,102,104,109 "99";
100 88 1 13,25,34,41,50,53,57,72,99 "100";
101 13 0 3,10,14,22,26,27,30,31,37,38,43,46,56,58,60,62,66,71,74,77,82,86,88,98,102 "101";
102 86 1 0,2,4,10,15,16,19,20,22,23,24,27,30,32,35,36,39,42,43,44,46,47,52,55,57,59,62,63,65,67,70,71,80,81,83,85,88,89,91,93,94,97,99,101,104,107,109,110 "102";
103 40 0 4,6,7,8,11,17,20,31,36,40,43,45,47,50,51,53,55,58,61,66,68,69,71,75,77,82,90,97,99,101,103,106,110 "103";
104 3 0 2,3,5,8,10,11,12,14,16,17,19,20,21,26,28,30,35,36,38,41,42,44,47,49,51,53,55,56,57,61,62,67,69,70,72,74,80,84,85,87,89,93,96,97,99,100,102,103,106,109,110 "104";
105 5 0 0,4,6,11,14,15,17,19,25,27,29,32,35,36,42,47,51,53,54,58,63,65,66,72,78,80,86,92,95,107,108 "105";
106 86 0 3,5,6,8,11,12,19,20,30,33,38,42,44,46,47,49,50,52,54,55,57,59,62,65,66,67,71,76,79,80,81,83,90,91,92,94,96,99,101,102,104,107 "106";
107 81 0 13,23,32,44,50,56,95 "107";
108 60 1 4,6,8,15,17,18,20,23,29,32,36,38,41,42,44,51,52,56,58,61,64,66,68,72,74,79,86,96,102,107,108 "108";
109 11 1 1,2,8,11,14,15,23,28,31,34,39,41,42,44,59,60,62,66,69,71,73,74,79,82,92,98,101,103,105,108,110 "109";
110 18 1 0,6,7,8,11,15,17,20,23,28,29,32,33,40,45,55,57,60,62,70,90,94,96,98,101,103,105,107 "110";
