parity 26;
0 5 0 0,1,5,7,10,12,17,18,20,22,26 "0";
1 20 0 9 "1";
2 24 1 0,4,6,10,12,16,24 "2";
3 10 0 2,3,6,7,8,9,12,17,25 "3";
4 1 0 8,10,12,24,26 "4";
5 27 0 16 "5";
6 26 1 13 "6";
7 10 0 0,17,18,20,22,23,26 "7";
8 9 0 1,3,5,7,8,10,13,14,16,19,20,23,25,26 "8";
9 6 1 0,1,2,5,6,8,11,12,15,19,22,25 "9";
10 16 0 1,7,9,13,16,21,26 "10";
11 10 1 1,2,4,6,7,8,11,13,14,19,20,24,25 "11";
12 12 1 0,1,3,6,9,10,13,14,17,19,21,22,25 "12";
13 19 1 2,8,13,17,22,26 "13";
14 18 0 1,3,7,10,13,18,22,24,25 "14";
15 9 0 0,1,4,6,7,9,12,13,20,21,23,26 "15";
16 23 0 16 "16";
17 26 0 0,4,5,7,8,10,11,13,16,18,19,21,23,25 "17";
18 18 1 0,2,5,7,8,10,11,13,16,17,19,25 "18";
19 15 0 6,10,15,24 "19";
20 17 0 2,3,7,8,9,11,14,19,20,22,23,24 "20";
21 13 1 10 "21";
22 25 0 3,6,7,9,10,11,15,17,20,21,22,23,25 "22";
23 24 1 11,13,16,19,20,23 "23";
24 6 0 6,9,10,16,26 "24";
25 25 1 1,5,8,11 "25";
26 1 0 1,2,7,8,10 "26";
