parity 52;
0 5 1 1,2,4,6,7,11,14,15,17,19,20,22,25,27,28,31,33,34,36,39,42,43,45,46,49,50 "0";
1 20 1 0,1,4,7,9,10,11,13,17,21,22,25,26,29,34,35,36,39,40,43,46,49,52 "1";
2 46 0 2,4,6,8,11,12,14,16,17,19,21,24,28,30,32,38,39,44,46,48,50 "2";
3 17 0 0,2,3,6,8,9,13,17,18,21,22,24,25,26,29,30,32,33,36,38,39,41,42,46,49,51 "3";
4 38 0 0,1,6,7,11,12,13,15,16,18,21,23,24,27,29,30,33,35,38,39,40,42,44,46,48,49,51 "4";
5 24 1 17,19,21,24,25,31,33,40,41,46,48,49 "5";
6 20 1 2,8,12,14,21,22,23,26,29,31,36,40,41,42,46,52 "6";
7 15 1 0,2,4,6,8,11,15,17,19,20,21,24,26,30,31,33,35,36,38,42,44,47,49,50,52 "7";
8 12 0 3,5,7,10,12,17,22,24,27,32,38,40,42,45,47,48,51 "8";
9 44 1 0,2,5,9,10,12,15,17,19,21,23,26,28,30,31,33,36,37,39,42,43,48,50,52 "9";
10 27 1 1,2,3,6,10,12,13,15,17,18,20,21,23,26,27,33,34,36,37,39,41,42,44,45,48,50,51 "10";
11 5 0 0,30,52 "11";
12 51 1 2,3,6,10,11,13,14,16,18,19,21,24,29,31,35,37,38,43,46,51,52 "12";
13 47 0 42 "13";
14 12 0 1,9,11,16,18,24,25,26,27,29,36,37,41,42,44,47 "14";
15 38 0 3,6,10,14,21,22,28,41,51 "15";
16 14 0 0,1,3,4,6,8,12,13,14,20,22,25,28,30,32,36,39,41,42,44,45,47,48,50,51,52 "16";
17 4 0 0,4,6,10,14,18,25,27,30,33,42,49,51 "17";
18 29 1 9,11,44,52 "18";
19 36 0 0,1,6,8,10,13,17,22,24,25,28,30,33,48 "19";
20 36 0 0,5,16,17,18,20,24,37,39,45,48 "20";
21 23 1 4,10,14,17,20,23,27,33,44,51 "21";
22 35 1 0,2,4,7,9,11,13,14,16,17,19,22,26,27,29,30,35,36,37,41,43,44,47,48,52 "22";
23 48 1 0,5,7,11,17,18,20,23,28,29,31,33,38,40,47,49,51 "23";
24 51 0 2,8,15,20,24,26,28,32,35,36,38,44,46,49 "24";
25 8 0 5,6,9,11,17,21,24,26,27,29,31,33,36,37,39,42,45,46,47,49 "25";
26 11 0 0,1,7,10,11,13,15,18,21,22,23,24,25,28,33,34,36,40,41,43,45,49,50,52 "26";
27 25 1 33 "27";
28 5 1 0,6,7,8,10,13,15,17,18,20,21,27,29,30,31,35,36,38,41,43,44,49,52 "28";
29 38 0 1,2,4,8,9,11,15,19,20,22,27,29,31,32,33,34,36,38,39,44,51 "29";
30 28 0 5,8,10,12,15,17,18,23,25,27,28,30,31,34,37,38,40,42,45,49,50,52 "30";
31 15 0 4,6,9,12,17,22,25,30,36,39,40,44,46,48 "31";
32 52 1 0,2,9,12,13,17,18,21,23,25,27,33,36,43,44 "32";
33 25 1 0,5,7,8,9,11,12,14,15,17,18,20,21,24,26,27,30,32,34,38,40,41,43,47,50,52 "33";
34 14 1 3,6,8,11,13,18,20,23,24,26,27,29,31,33,39,42,44,46,52 "34";
35 6 1 2,10,14,21,22,26,31,39,42 "35";
36 41 0 0,3,4,8,9,11,12,15,18,21,23,25,27,29,30,36,40,42,46,48,51 "36";
37 25 1 0,2,6,9,12,13,15,17,26,29,32,34,36,37,42,44,47,49,52 "37";
38 12 1 1,4,5,7,9,12,14,15,16,20,23,25,26,27,29,32,34,36,38,44,46,48,49,51 "38";
39 22 0 0,2,5,7,9,17,22,27,28,32,34,38,39,42,44,49,51,52 "39";
40 36 1 2,3,5,7,9,10,14,16,18,20,24,26,27,30,31,34,35,40,41,44,45,47,48,51 "40";
41 1 1 7,19,29 "41";
42 36 0 0,3,5,7,9,10,13,14,15,19,21,23,24,27,28,34,35,38,39,41,46,48,51,52 "42";
43 3 0 0,2,4,7,10,11,13,14,18,19,21,22,28,29,31,35,39,40,42,44,48,50 "43";
44 11 1 32 "44";
45 31 1 8,14,17,25,32,33,40,45,48,50 "45";
46 42 1 2,14,35,36,52 "46";
47 45 1 4,6,9,11,12,14,15,17,18,20,22,25,27,28,30,33,34,38,39,40,43,44,45,48,49,51 "47";
48 0 0 0,1,3,6,8,11,13,17,18,20,27,29,31,34,38,40,46,48,50,52 "48";
49 31 1 1,4,10,11,13,16,19,23,28,29,32,37,38,40,47,52 "49";
50 16 1 2,8,12,21,50,52 "50";
51 51 1 8,12,13,26,33,40,43,46 "51";
52 3 0 1,3,5,7,9,11,13,22,25,30,31,33,35,38,43,48,49,52 "52";
