parity 63;
0 3 1 0,1,3,6,14,20,22,30,36,37,38,40,45,46,49,50,61 "0";
1 45 1 0,2,5,6,8,9,11,12,14,18,21,24,26,27,30,32,36,37,39,41,42,43,45,46,49,50,53,56,58,59,61,63 "1";
2 34 0 0,3,5,7,8,10,11,15,16,19,21,28,30,34,35,37,42,43,47,48,50,55,59,61 "2";
3 33 0 0,4,9,12,16,18,22,24,25,26,28,31,33,34,36,42,44,46,50,53,54,56,57,59 "3";
4 23 1 2,4,10,40,51,54 "4";
5 55 0 2,6,12,18,20,23,27,28,30,36,46,48,50,53,57,60 "5";
6 23 0 1,4,9,15,20,21,23,27,35,36,38,42,44,55,57,59,61,62 "6";
7 61 0 15,16,22,24,26,28,35,43,44,53,60 "7";
8 45 1 0,5,7,9,10,12,13,15,16,18,19,22,23,24,27,29,30,33,34,36,40,41,43,45,46,50,53,55,56,60,61 "8";
9 50 0 0,7,11,12,14,31,37,39,44,45,50,55,63 "9";
10 4 0 1,6,9,16,17,25,29,35,46,47,49,52,56,59 "10";
11 25 0 3,35 "11";
12 61 1 3,15,19,25,28,33,39,54,62 "12";
13 47 0 2,9,17,19,21,24,32,33,39,46,56,57,63 "13";
14 38 1 6,15,16,28,35,37,46,62,63 "14";
15 32 1 1,4,12,23,29,33,37,42,43,48,56,62 "15";
16 56 0 6,16,18,31,36,50,56 "16";
17 15 0 4,10,12,20,22,33,51 "17";
18 44 0 0,2,3,5,7,8,11,12,15,16,18,19,22,25,26,30,31,32,33,36,37,43,44,47,50,54,55,57,58,61,62 "18";
19 15 1 1,5,10,15,24,42,55 "19";
20 13 1 3,5,7,9,11,15,21,22,32,42,44,45,52,54,55,57,58 "20";
21 6 0 3,14,16,29,33,48,50,63 "21";
22 41 0 8,10,14,16,21,26,28,31,35,63 "22";
23 9 0 0,5,12,16,17,19,29,31,32,35,43,47,48,52,53 "23";
24 49 0 38,48 "24";
25 59 0 5,9,10,14,22,25,30,32,33,35,38,56,60,63 "25";
26 9 1 38,49 "26";
27 59 0 0,2,3,4,6,7,11,14,16,18,19,22,24,27,30,33,35,37,40,42,44,45,47,48,50,51,53,57,58,61 "27";
28 6 1 2,3,5,8,9,11,14,16,24,26,30,33,37,39,40,44,47,52,56,58,60,61,62,63 "28";
29 46 1 5 "29";
30 17 0 4,17,26,28,30,40,42,44,46,48,50,53,61 "30";
31 3 0 1,4,5,6,10,12,14,18,19,20,22,24,26,30,33,34,35,36,40,45,49,51,55,56,57,59,60,62,63 "31";
32 41 1 5,21,25,33,38,46,49,53,61 "32";
33 53 1 13,14,44,56 "33";
34 8 1 0,2,6,8,10,12,15,17,19,21,23,27,29,31,36,39,47,52,56,59,60,62 "34";
35 47 0 13,21 "35";
36 57 0 33,40,49 "36";
37 23 0 23,29 "37";
38 0 1 0,1,3,7,9,11,17,22,23,25,27,28,30,34,37,39,43,45,47,49,51,54,56,61,62,63 "38";
39 15 0 50,62 "39";
40 29 0 2,10,23,47,49,51,58 "40";
41 13 0 0,2,15 "41";
42 53 0 0,1,3,5,11,12,14,20,21,22,26,28,29,36,38,43,44,54,61 "42";
43 50 0 1,3,4,5,8,9,10,13,15,18,20,22,25,27,35,36,39,42,44,45,46,47,49,50,51,54,55,57,59 "43";
44 41 0 0,2,5,7,11,12,18,20,23,24,26,28,32,34,36,46,49,51,53,54,57,58,60 "44";
45 16 1 0,10,14,16,19,20,21,24,26,29,30,31,34,35,37,42,44,45,48,51,53,54,56,57,60,63 "45";
46 0 1 14,17,19,21,31,32,41,42,55 "46";
47 53 1 2,3,5,6,8,9,11,13,15,17,18,20,21,23,27,29,30,32,34,35,37,38,40,42,44,48,53,55,58,60,62,63 "47";
48 33 0 0,3,16,20,22,36,60,61,62 "48";
49 0 0 1,3,6,15,16,18,22,37,42,47,56,59,60 "49";
50 46 0 1,2,4,5,8,9,11,12,16,18,20,24,25,26,27,29,32,34,36,39,42,44,46,48,50,54,56,57,60,61,63 "50";
51 13 0 14,17,18,22,27,31,48,54,62 "51";
52 23 1 3,6,10,15,17,26,28,30,31,38,45,50,51,53,55,56,60 "52";
53 53 1 11,40,59 "53";
54 61 0 0,2,5,7,13,15,21,22,25,29,32,34,40,42,44,46,47,48,50,52,55,58,60,61,63 "54";
55 44 1 0,1,3,7,9,10,19,22,24,25,32,34,42,44,46,52,58,59 "55";
56 35 1 3,6,7,9,11,12,16,17,23,28,30,33,36,38,41,42,43,45,50,51,54,56,58,60,61,63 "56";
57 10 1 7,20,34 "57";
58 52 0 1,5,7,9,12,13,15,16,18,19,23,25,27,29,32,33,35,40,41,43,45,48,50,51,54,55,58,61,63 "58";
59 58 1 0,4,10,13,16,21,23,36,41,42,45,52,61,62 "59";
60 25 1 5,10,18,25,29,30,32,34,38,46,49,51,53,56,61,63 "60";
61 56 1 6,9,11,12,14,19,21,23,26,27,30,32,35,37,39,40,44,46,48,51,53,56,58,60,62,63 "61";
62 36 1 0,4,6,12,13,15,17,18,23,24,26,27,29,32,35,37,39,44,46,47,49,51,53,55,57,60,63 "62";
63 15 1 0,8,10,11,15,17,19,37,38,44,45,49,55,58,60,61 "63";
