parity 193;
0 32 1 4,16,22,27,37,40,47,80,82,88,91,103,135,149,179,181 "0";
1 160 1 5,6,9,10,15,19,21,23,25,26,31,34,37,39,43,45,49,55,57,59,60,61,63,68,71,73,77,78,80,83,88,90,93,94,95,100,103,104,108,111,118,119,121,124,125,127,129,131,136,137,141,144,146,147,149,150,151,153,154,160,162,163,166,170,173,176,178,180,181,185,190,192,193 "1";
2 107 1 0,1,9,12,17,23,29,34,35,36,41,43,45,53,61,65,68,73,80,86,87,91,99,104,108,113,118,123,126,131,134,143,150,163,169,171,172,179,182,187 "2";
3 49 0 2,6,20,25,30,37,39,42,47,56,58,63,73,86,95,105,110,114,119,123,124,127,135,138,140,150,162,187 "3";
4 76 0 18,41,85,90,113,155 "4";
5 176 0 0,9,12,25,29,33,35,42,43,47,60,65,73,77,78,79,87,91,92,101,106,126,129,133,138,140,147,155,164,166,178,181,190 "5";
6 144 0 5,29,48,53,54,68,87,97,98,168 "6";
7 131 1 10,19,20,23,24,27,31,38,41,49,50,53,70,73,80,84,86,87,91,92,94,98,100,104,106,109,111,114,125,130,134,140,143,152,154,160,163,165,167,169,173,178,181,184,185 "7";
8 77 1 1,6,8,9,20,22,23,26,27,29,31,32,34,36,39,41,43,45,53,58,59,62,73,75,76,79,80,83,85,93,94,99,100,102,105,107,110,112,114,115,120,122,124,126,132,134,135,136,144,145,152,153,155,156,162,163,165,168,171,176,177,180,183,187,189,190 "8";
9 23 0 3,4,7,8,13,15,17,20,27,31,32,36,44,50,54,59,62,66,69,71,73,74,78,81,83,91,93,95,98,99,101,103,108,109,111,114,115,119,120,127,133,134,135,136,141,144,148,150,151,155,158,159,160,162,164,165,167,169,171,173,174,175,178,182,184,188,189,193 "9";
10 110 1 3,13,16,21,34,38,53,62,68,75,86,90,91,99,105,131,135,145,153,155,159,163,187 "10";
11 106 1 2,4,9,10,13,15,19,23,24,29,31,35,40,42,46,51,52,53,56,58,60,64,69,71,74,78,80,86,87,93,94,103,104,106,110,115,117,119,125,127,133,135,138,143,144,146,149,150,151,153,154,156,158,160,163,164,166,167,170,171,173,176,185,188,191,193 "11";
12 177 0 0,1,4,7,8,9,12,14,16,19,21,22,23,26,30,34,37,39,43,48,51,53,55,56,59,61,66,67,70,71,73,76,89,91,95,97,99,100,104,112,116,118,121,122,125,130,133,136,139,143,145,147,151,153,161,165,167,169,172,177,184,186,188 "12";
13 121 0 0,3,4,7,11,12,13,15,23,25,28,30,32,43,45,46,49,53,55,56,61,64,67,71,74,81,82,85,86,88,89,91,92,94,99,102,103,106,109,112,115,119,121,126,129,137,138,141,144,149,153,155,159,161,164,166,167,174,175,179,184,185,188,192 "13";
14 106 0 0,2,4,5,7,10,11,12,14,15,16,18,20,21,23,24,26,33,34,36,37,40,42,43,45,47,51,52,55,57,59,60,62,64,66,68,71,73,75,77,80,81,82,86,88,90,91,93,94,97,99,100,101,105,106,108,110,112,114,115,116,118,119,121,122,126,127,131,133,138,140,141,143,144,145,148,150,152,154,156,158,160,161,163,169,170,172,176,179,180,181,182,188,190,191,192,193 "14";
15 24 1 1,2,5,7,8,12,17,20,35,38,40,51,54,57,63,64,66,68,71,76,86,90,95,102,109,112,114,118,126,129,131,132,139,142,144,149,156,160,163,164,166,170,171,173,176,178,180,187,190,193 "15";
16 179 1 6,8,15,17,20,23,32,37,41,44,49,55,63,68,75,76,86,89,92,93,95,100,104,107,114,116,121,126,127,130,143,148,149,151,152,157,160,162,165,176,181,188 "16";
17 7 0 0,1,3,6,7,11,13,18,19,22,23,26,28,31,32,34,37,38,40,42,45,47,49,51,54,55,59,60,64,69,73,75,76,77,79,80,88,90,91,94,95,96,103,105,106,108,110,114,116,118,119,123,124,125,127,128,131,133,136,138,142,144,146,154,156,158,159,162,164,165,166,168,169,170,175,176,179,182,183,185,186,189,190,193 "17";
18 171 0 4,5,11,14,16,20,22,27,30,32,35,38,39,43,44,49,53,60,63,65,74,76,85,86,92,102,110,112,120,124,129,131,135,146,150,151,153,156,158,160,164,174,177,187,189 "18";
19 193 1 1,2,5,10,12,14,16,21,22,30,34,35,37,38,42,44,46,47,50,52,54,56,57,62,63,64,65,69,70,74,75,78,81,82,85,88,90,92,93,95,98,100,102,104,105,109,112,113,116,118,120,122,124,126,128,131,134,136,137,139,140,143,144,145,149,150,153,154,158,161,163,164,165,167,173,177,178,181,183,185,188,189,191,193 "19";
20 145 0 1,3,4,8,10,14,20,22,26,31,35,41,45,48,49,57,61,65,72,76,83,90,91,93,95,100,103,107,110,112,115,116,118,124,133,135,139,142,147,149,151,170,176,177,183,185,189,190,191 "20";
21 174 0 4,9,15,17,24,28,31,34,36,37,43,47,48,51,52,58,62,64,65,69,70,74,78,83,84,87,90,111,114,115,116,119,121,124,128,131,135,137,140,144,146,152,159,177,184,186,189,193 "21";
22 180 0 0,4,5,9,10,17,18,21,27,29,32,33,35,39,42,44,45,48,53,56,59,64,65,70,75,84,86,88,91,96,97,104,107,108,110,114,115,116,124,125,135,138,144,147,148,154,155,158,160,162,163,164,166,172,174,176,179,184,185,187,188,191,193 "22";
23 127 1 2,4,7,8,12,13,15,16,18,19,20,22,23,26,28,30,34,36,39,41,43,49,51,53,56,58,59,61,65,67,69,70,71,77,80,81,82,83,85,89,91,94,98,100,101,104,105,110,112,113,117,118,121,123,124,125,127,129,131,132,133,135,136,138,140,142,143,145,148,156,160,162,165,166,168,171,172,173,174,181,182,183,185,186,187,190,191,193 "23";
24 93 1 7,9,12,13,16,18,20,24,28,30,33,37,40,41,45,48,49,50,54,56,63,64,66,68,69,71,73,89,90,93,97,98,100,102,105,106,107,112,114,118,121,124,125,127,129,130,132,136,138,142,146,148,150,155,157,159,161,169,173,174,178,179,184,186,191,192 "24";
25 163 0 1,3,6,12,13,17,26,28,30,33,36,38,40,48,49,51,56,60,62,64,67,70,75,77,82,87,90,94,96,97,99,100,102,106,108,110,112,114,116,119,121,125,128,133,135,138,143,147,150,156,157,160,163,164,165,167,169,170,173,175,177,180,183,188,190,192,193 "25";
26 46 0 53,60,85,87,99,108,122,131,151,165,172,186 "26";
27 153 1 0,3,5,9,12,18,21,22,24,25,30,38,46,48,49,57,61,63,66,93,99,101,102,103,116,121,124,137,140,141,142,145,148,151,161,164,169,181,182,184,186,187,188,190,192 "27";
28 42 1 13,35,53,60,99,180,181 "28";
29 192 1 3,14,25,35,37,45,54,58,61,73,80,82,88,92,94,114,129,161,173,191 "29";
30 172 0 1,5,11,22,32,56,58,64,66,70,74,81,112,122,128,130,132,134,138,146,148,150,152,153,156,166,167,189 "30";
31 154 0 0,2,5,7,9,10,12,13,17,21,23,29,31,34,42,45,48,53,57,60,61,64,70,75,81,84,88,89,90,93,97,100,103,105,107,108,112,114,117,120,127,129,133,137,140,144,149,152,156,160,161,163,164,165,166,172,176,178,179,183,185,189,191,192 "31";
32 62 1 0,1,3,6,7,10,12,13,14,17,19,24,28,31,35,41,43,44,45,47,48,52,55,59,63,67,71,72,74,76,80,85,86,88,91,95,97,103,106,107,113,115,117,118,120,123,128,132,135,142,145,147,150,158,161,164,166,169,172,177,182,185,189,191,192,193 "32";
33 82 0 17,40 "33";
34 147 1 7,9,12,14,20,25,26,30,32,39,41,43,49,52,74,78,84,86,88,91,97,112,119,127,132,135,137,139,141,147,155,160,162,169,171,177,179,184,188,192 "34";
35 161 1 2,6,9,11,18,20,25,26,27,32,33,35,36,38,39,40,41,43,47,48,49,50,52,54,57,59,62,66,67,69,70,73,77,81,82,83,86,89,90,91,94,95,100,104,106,107,109,110,112,114,115,116,117,119,120,123,125,127,129,130,131,133,134,135,137,138,139,140,142,143,145,147,149,151,152,154,158,160,161,163,165,168,169,170,172,173,175,177,178,179,182,183,185,186,188,189,193 "35";
36 41 0 0,2,5,8,9,10,15,16,18,23,25,29,30,35,43,49,51,52,56,59,61,64,65,67,69,72,78,79,80,82,83,84,86,96,99,101,106,107,111,120,123,124,126,128,129,138,140,142,146,150,152,153,157,159,162,166,168,170,174,177,180,185,190 "36";
37 69 0 0,1,4,6,9,13,15,17,19,22,23,25,29,33,35,38,41,44,45,46,52,53,54,55,59,64,67,68,72,73,75,77,82,83,84,85,88,90,92,98,102,104,105,116,119,121,124,125,127,128,130,132,134,135,138,140,142,144,145,147,150,151,153,155,163,164,166,168,171,172,176,178,180,182,184,186,187 "37";
38 152 1 10,17,18,66,86,90,147,174,178,183,187 "38";
39 72 0 0,2,4,15,17,20,23,35,40,43,48,55,60,66,75,77,82,84,87,92,125,130,135,136,147,151,154,162,164,174,177,181,186 "39";
40 177 0 2,4,11,23,32,42,49,63,66,68,74,79,91,96,100,112,113,124,133,138,143,146,161 "40";
41 118 1 1,18,24,29,30,38,50,53,59,68,75,83,103,105,115,119,121,127,129,132,139,145,155,156,166,176,182,186,187,191 "41";
42 115 1 8,11,33,39,43,53,55,57,58,60,69,74,75,77,82,83,89,98,100,121,122,132,141,144,148,153,159 "42";
43 96 1 3,9,13,18,19,32,38,40,43,44,45,53,54,56,60,61,66,69,76,79,81,83,85,88,95,97,117,122,123,125,126,128,132,138,142,147,150,152,154,156,162,169,172,175,181,182,191 "43";
44 84 0 1,2,3,5,8,10,12,14,15,16,20,22,23,25,26,29,32,33,35,38,40,44,46,48,54,56,57,61,63,65,71,74,76,78,80,84,86,88,90,92,100,102,103,104,105,107,109,111,113,119,120,121,123,128,130,132,133,134,136,140,144,145,147,152,154,157,159,161,162,164,165,166,168,171,173,174,176,178,179,182,185,188,190,193 "44";
45 138 1 0,3,4,8,9,13,17,19,20,23,24,29,30,32,34,36,38,41,44,46,48,51,52,54,58,59,60,63,66,68,73,76,82,84,87,89,91,93,96,99,101,103,104,105,110,113,115,116,121,124,128,129,132,133,134,135,137,141,143,145,146,147,148,150,151,156,157,159,162,163,165,167,169,170,172,174,176,178,181,183,184,185,188 "45";
46 53 0 2,16,19,21,26,27,35,39,49,53,61,72,78,88,92,96,108,116,146,159,165,169,174,183 "46";
47 131 0 0,11,16,17,19,27,29,31,34,39,40,43,45,48,50,52,54,56,59,62,67,70,71,72,79,83,85,90,97,100,102,109,111,114,116,117,120,123,124,126,130,133,136,143,152,154,161,172,175,177,189 "47";
48 132 0 1,6,8,12,14,15,16,18,19,22,23,24,25,26,28,30,32,33,36,37,41,43,45,47,50,51,53,54,56,57,58,60,61,63,67,69,71,72,73,74,76,79,83,85,87,91,93,95,97,100,101,102,107,111,113,118,121,123,125,128,129,131,133,135,136,138,140,141,143,145,146,147,153,155,158,159,160,161,162,163,165,168,170,171,173,174,176,180,181,183,184,186,188,189,190,191,193 "48";
49 28 0 4,11,15,21,27,49,64,70,78,84,90,101,104,121,123,127,131,143,147,153,162,165,169,177,182,190 "49";
50 7 0 13,23,29,39,46,52,55,56,64,66,68,82,89,99,102,108,111,113,117,124,131,137,142,146,151,155,160,162,177,181,186,188,190,191,193 "50";
51 189 0 4,8,12,14,15,16,19,24,40,45,47,48,51,65,68,69,72,78,80,83,87,88,93,96,98,107,110,117,119,121,123,129,133,135,150,162,166,167,169,175,178,179,187 "51";
52 164 0 14,15,18,23,26,45,51,63,65,68,72,81,87,93,108,111,125,130,133,154,158,160,164,180,181,192 "52";
53 178 1 1,3,5,8,11,20,22,24,25,27,28,32,35,37,42,44,46,48,53,55,57,65,69,70,71,73,78,79,82,84,86,90,92,95,96,98,99,100,103,104,105,107,109,110,113,116,117,126,129,131,133,138,143,149,151,154,157,160,161,163,166,171,172,174,177,181,185,188,191,193 "53";
54 120 0 0,2,3,5,9,13,14,15,18,20,23,25,26,27,30,32,34,35,38,39,41,43,45,48,49,53,57,59,62,63,65,66,69,70,71,72,74,75,78,79,81,85,87,89,90,93,95,99,103,104,106,107,109,111,114,121,124,126,129,131,132,133,135,137,138,140,141,147,152,156,162,163,165,166,167,171,174,179,184,189,190 "54";
55 91 0 1,2,7,10,12,14,15,16,18,20,21,23,24,26,27,30,33,34,38,39,44,45,47,49,51,52,54,56,57,59,60,62,65,66,73,77,81,82,83,88,90,92,95,99,100,105,108,109,113,114,119,121,123,124,128,130,135,137,143,144,146,148,151,153,155,157,159,161,166,168,170,173,176,178,179,185,187,189,190,191 "55";
56 37 1 0,4,7,9,10,15,16,19,22,29,31,32,35,36,37,41,47,50,51,53,55,57,58,60,61,64,65,67,70,72,74,77,79,81,83,85,89,91,93,96,97,101,102,105,108,110,113,115,116,119,121,123,126,127,132,133,136,139,140,141,144,149,151,155,157,164,169,170,171,174,175,177,180,181,183,184,188,190,192,193 "56";
57 11 1 0,4,6,8,9,12,14,15,17,19,20,22,24,26,28,29,33,35,40,41,44,47,52,54,56,59,60,63,66,69,71,72,76,80,83,86,87,90,91,92,94,96,99,100,103,106,107,109,110,111,115,116,124,125,126,127,130,131,132,135,137,139,142,145,146,149,152,153,155,158,160,164,167,168,170,172,173,176,178,179,183,187,188,189,190 "57";
58 71 0 89,154 "58";
59 125 0 0,3,5,8,10,11,15,17,22,27,30,36,38,42,43,45,47,50,52,55,56,58,62,66,68,73,78,82,85,86,89,96,99,100,103,105,111,112,114,116,118,120,123,126,128,131,136,138,139,148,149,153,158,159,160,166,171,173,188,192,193 "59";
60 73 0 2,6,11,21,23,31,41,45,51,58,61,64,72,78,85,97,102,105,106,108,113,115,122,125,130,132,139,146,150,153,156,157,166,169,171,185,191 "60";
61 162 0 0,2,3,8,11,13,17,33,34,37,45,51,53,60,67,69,70,71,76,79,80,82,83,84,86,94,97,100,104,108,110,113,114,117,120,124,126,129,131,133,143,150,155,159,161,165,168,171,173,178,181,183,186,187 "61";
62 177 1 1,10,14,15,17,21,45,87,103,109,129,135,148,176,177 "62";
63 79 0 3,5,10,16,18,20,22,24,33,37,40,47,49,55,61,73,82,94,110,114,117,125,129,131,150,155,165,168,170,176,178,179,182,186,191 "63";
64 66 1 0,2,4,7,8,10,12,13,15,17,19,21,24,26,28,29,32,33,36,38,44,46,48,51,53,57,60,63,64,66,68,69,70,71,74,77,82,84,86,89,91,93,95,97,99,101,103,105,107,108,112,114,117,125,126,131,132,133,135,136,140,149,150,151,153,157,163,166,169,170,172,175,179,180,184,189,191,193 "64";
65 153 1 3,7,11,13,15,27,30,32,42,48,53,62,63,66,67,81,83,89,96,97,100,106,108,126,127,133,142,148,161,163,165,169,172,182,191 "65";
66 38 1 10,19,28,81,97,105,137,155,159,162,168,176,192 "66";
67 150 0 1,2,5,7,9,12,13,15,18,19,21,24,26,30,32,34,35,37,38,39,41,43,44,46,48,54,55,56,59,61,64,67,68,70,71,73,75,76,78,80,83,85,86,88,89,93,96,100,104,105,106,108,110,112,114,116,118,119,120,122,123,125,127,129,130,133,135,137,138,140,142,143,145,148,150,156,157,160,161,162,165,166,168,169,171,175,176,180,181,183,185,186,188,190,191,193 "67";
68 25 0 0,16,28,40,47,51,62,67,77,83,92,100,102,113,122,123,126,128,133,138,153,155,173,176,190 "68";
69 49 0 6,10,11,14,18,21,23,32,34,35,37,44,45,49,51,54,55,57,58,64,65,67,68,70,71,75,76,80,82,85,87,89,90,95,99,103,105,108,110,111,112,115,119,124,125,126,136,139,141,142,145,147,149,151,156,157,161,162,165,166,167,177,181,187,189,191 "69";
70 37 1 15,28,36,128,145,162,178,187 "70";
71 92 1 0,9,14,20,24,25,28,37,39,42,46,48,53,58,61,62,65,66,70,76,78,82,84,87,90,94,97,101,104,105,112,114,117,121,125,127,128,131,136,138,139,141,153,160,161,164,169,172,178,179,183,185,187,188,190 "71";
72 60 0 28,36,52,68,75,119,168,170,177,183,185,192 "72";
73 123 1 6,8,9,10,12,13,16,18,22,24,30,32,37,38,42,45,48,50,52,54,65,67,69,71,73,75,78,83,85,86,88,96,98,105,110,111,113,114,115,116,118,120,123,125,129,131,133,138,146,149,151,153,154,156,158,162,164,167,172,177,179,181,182,183,186,190 "73";
74 50 1 0,1,9,10,16,18,20,21,25,36,37,40,43,45,50,51,55,58,66,67,71,73,79,83,85,87,90,91,95,98,99,105,107,112,113,118,121,129,131,135,136,138,140,142,148,157,159,163,165,166,171,173,175,178,181,184,186,188,190,192 "74";
75 191 1 5,9,13,14,15,18,24,26,27,30,31,34,38,42,43,45,50,52,53,54,62,65,67,68,70,71,72,75,76,77,80,87,92,93,96,97,99,100,104,106,110,113,115,122,125,128,129,136,138,140,141,143,145,147,151,153,155,157,159,160,162,165,166,170,172,176,179,185,188,190 "75";
76 184 0 3,5,13,15,17,20,26,29,31,32,36,41,42,51,53,54,61,64,71,73,76,79,80,82,85,89,91,93,97,98,101,106,119,123,126,137,142,143,145,148,152,159,161,165,169,174,176,177 "76";
77 99 1 3,9,14,15,17,20,21,24,36,39,41,45,54,56,58,60,65,75,79,82,83,88,91,95,96,99,101,105,108,109,110,112,113,116,118,119,124,143,154,157,160,166,174,179,183,184,188 "77";
78 92 1 1,15,18,27,45,53,55,60,63,68,75,102,106,113,114,120,126,129,138,142,147,151,156,158,160,170,172,175,189 "78";
79 40 0 18,30,37,41,46,52,67,68,71,80,83,86,94,106,108,117,123,135,139,142,143,155,161,169,182,189 "79";
80 138 1 22,23,24,40,64,71,86,109,118,126,143,158,162,164,165,173,181,188,189,191 "80";
81 111 0 14,16,17,22,25,27,29,34,40,50,55,59,62,77,79,84,86,87,89,91,101,108,112,116,117,122,125,127,128,136,138,141,142,143,146,150,153,160,162,164,167,168,170,173,174,176,178,179,181,186,187 "81";
82 184 1 3,12,14,19,26,30,32,46,48,58,61,66,78,83,91,95,109,119,125,133,143,147,153,160,164,176,184,192 "82";
83 3 0 1,16,44,59,92 "83";
84 93 0 17,18,24,33,35,45,46,50,66,75,82,85,93,96,102,105,112,116,120,128,133,145,149,151,165,168,185 "84";
85 113 1 0,2,3,8,16,21,22,28,31,38,42,44,46,49,52,53,55,57,60,63,66,69,72,73,76,77,79,81,85,86,87,92,94,96,99,102,105,110,114,116,117,120,122,123,125,127,128,129,131,133,136,137,139,141,145,146,147,150,151,153,156,164,165,167,170,171,172,176,177,179,180,185,187,189,190,192,193 "85";
86 137 1 0,1,5,11,13,17,18,20,22,28,31,33,37,38,41,47,49,50,55,57,58,59,61,63,64,67,68,69,70,73,76,77,82,87,95,97,99,103,105,109,111,114,115,118,119,123,130,133,136,143,147,148,150,154,156,162,163,165,168,170,176,178,180,184,185,186,187,191,193 "86";
87 118 0 73,92,110,130,137,160,174 "87";
88 182 1 0,1,13,14,19,23,27,31,33,40,44,45,48,50,52,53,56,57,62,66,70,71,93,95,101,103,109,111,112,119,122,124,126,127,153,156,162,171,172,176,178,187,191,193 "88";
89 141 1 16,20,24,41,48,53,58,75,81,90,103,105,117,119,122,123,129,136,137,142,156,171,182 "89";
90 53 0 4,7,12,13,15,17,18,19,29,30,32,34,38,43,48,56,62,65,71,74,77,78,80,82,88,90,95,99,100,102,105,108,110,113,116,121,127,130,135,140,143,144,148,153,155,156,157,161,167,168,171,173,174,177,180,185,187,188,190,192 "90";
91 161 0 1,2,4,10,14,18,20,21,25,27,32,34,35,36,38,39,40,42,45,52,54,56,57,59,66,67,70,71,74,76,78,81,85,86,89,92,94,96,98,99,101,103,105,109,111,113,115,117,125,126,129,131,134,138,142,159,163,166,169,170,173,176,179,181,188,191,192,193 "91";
92 83 1 1,7,9,14,15,20,29,31,35,36,44,46,50,68,84,89,93,99,105,112,124,126,131,132,137,141,145,146,161,163,165,170,181 "92";
93 138 0 0,3,9,11,17,22,25,27,34,37,38,44,48,51,58,60,67,70,80,83,85,86,88,89,91,92,94,97,99,103,106,114,132,137,142,150,152,159,162,163,168,169,171,173,175,181,191 "93";
94 8 1 42,49,52,63,76,81,86,109,119,120,125,127,137,144,155,156 "94";
95 95 1 5,11,14,18,21,27,29,31,32,41,44,61,64,66,74,80,81,89,90,94,106,119,129,132,135,137,144,150,161,163,174,176,189,193 "95";
96 189 1 8,13,14,16,22,24,25,28,29,31,33,42,47,60,62,65,66,68,69,70,72,73,80,82,84,85,88,89,92,94,95,96,100,106,107,116,124,125,126,129,131,137,143,145,152,153,157,159,162,168,184,186,190,191,193 "96";
97 129 1 7,10,14,22,37,42,47,50,53,57,59,61,64,80,82,84,90,99,101,112,115,118,123,129,148,149,151,152,154,163,164,166,170,172,176,180,183 "97";
98 20 0 0,17,18,25,31,35,54,62,68,71,83,96,137,139,149,155,156,184,190 "98";
99 4 0 46,69,71,79,83,89,91,123,136,149,165,176,177,181 "99";
100 55 0 0,2,3,6,7,10,12,14,15,16,19,20,26,27,31,33,34,39,40,43,44,45,51,54,55,57,59,61,66,67,68,70,71,73,76,80,81,82,85,86,87,90,92,93,96,100,103,104,106,109,111,113,116,117,118,121,124,126,130,132,134,136,141,142,143,147,149,152,157,160,162,169,171,173,174,175,176,177,179,180,181,183,187,189,191,192,193 "100";
101 108 0 0,2,3,5,8,9,12,13,24,26,29,33,34,36,37,39,41,43,51,62,67,70,72,74,76,79,86,87,91,99,100,103,106,113,116,117,120,124,126,134,136,138,140,142,145,147,155,162,165,168,173,177,178,182,187,189,193 "101";
102 73 1 6,46,97,189 "102";
103 70 0 22,41,45,47,55,67,82,89,96,99,101,109,115,117,124,128,176 "103";
104 42 1 0,2,8,16,20,23,26,28,32,35,39,44,47,49,50,52,53,56,58,60,69,82,85,90,94,98,109,115,118,131,138,140,148,152,154,162,164,165,172,176,179,180,187,193 "104";
105 134 0 7,11,12,17,22,27,44,45,48,49,52,57,66,84,101,106,113,119,124,143,151,152,156,159,163,179,182,193 "105";
106 26 1 3,6,9,13,15,17,21,23,25,33,36,41,51,53,56,58,65,72,75,86,91,93,101,102,107,109,111,116,118,123,124,126,128,136,141,148,149,151,153,155,156,158,160,162,171,174,182,183,185,186,188,190 "106";
107 8 0 4,7,15,16,23,50,55,57,58,72,97,98,109,123,131,138,145,162,171,187,190,192 "107";
108 164 0 7,10,14,21,34,35,40,49,53,77,83,87,113,141,143,156,160,161,171,177,184 "108";
109 94 0 1,2,4,7,9,13,15,16,17,20,22,24,25,29,30,31,37,39,40,41,42,45,47,49,50,53,55,58,60,64,66,68,70,73,74,75,76,82,83,87,89,95,98,99,100,102,104,105,108,112,113,115,118,120,125,129,131,132,134,136,139,141,142,144,147,148,150,153,154,161,166,169,170,172,173,178,181,183,188,191 "109";
110 29 0 0,7,12,13,16,19,21,27,53,63,105,112,117,122,130,136,141,146,151,152,154,158,181,187 "110";
111 40 0 0,2,4,7,8,10,11,12,13,15,18,21,23,24,26,30,32,33,34,35,37,41,43,46,48,49,52,56,59,61,63,65,70,73,74,77,79,80,84,85,86,88,90,92,94,97,99,102,106,108,110,111,114,118,121,123,124,126,128,132,133,135,137,140,142,145,146,148,151,152,153,157,159,160,161,162,164,166,167,168,172,175,176,178,179,185,187,188,192,193 "111";
112 39 1 4,10,14,16,18,23,28,29,33,35,45,50,56,60,75,80,86,87,89,95,96,103,105,110,112,131,141,144,148,150,154,159,162,163,177,178,184,187,190,192 "112";
113 39 0 0,1,3,5,8,10,15,19,23,25,27,29,30,32,35,39,41,43,44,47,51,55,56,63,65,67,68,70,71,75,77,82,83,85,87,88,90,94,97,101,104,105,106,108,113,115,117,118,120,126,129,131,135,137,139,141,143,144,148,149,151,155,158,161,165,166,168,169,171,172,173,179,183,185,188,190,193 "113";
114 78 1 1,19,28,29,33,93,102,137,149,156,164 "114";
115 173 1 12,28,80,100,109,146,151,173,186 "115";
116 62 0 0,3,6,8,10,11,16,17,18,20,24,26,37,41,43,45,48,51,57,60,63,66,68,74,77,78,80,82,87,88,91,93,95,97,98,100,102,104,105,107,108,114,117,119,120,122,123,127,129,132,135,139,141,146,147,152,154,157,163,165,168,170,173,179,181,182,187 "116";
117 29 0 2,5,7,11,19,30,37,40,54,55,57,60,66,67,69,77,91,98,101,103,115,121,134,136,137,140,143,145,148,150,155,156,160,164,168,174,180,190,193 "117";
118 151 1 1,10,13,18,19,35,40,43,45,50,52,60,61,63,65,73,88,92,104,108,116,122,126,130,133,134,136,149,168,169,171,183,186,190 "118";
119 82 1 12,14,32,74,85,105,111,121,132,150,166,167,185,193 "119";
120 35 1 6,28,29,37,46,65,69,93,112,127,136,143,145,159,164,169,175,177,188,193 "120";
121 2 1 8,10,17,27,34,68,72,86,87,94,102,130,159,177,179,181,186 "121";
122 17 1 1,16,17,19,22,31,32,36,43,61,63,66,77,79,81,94,115,117,126,133,142,148,157,166,169,177,179,185,192 "122";
123 132 1 32,45,70,86,89,135,147,150,151,179 "123";
124 130 1 0,4,15,17,25,28,32,54,67,72,79,83,88,91,92,104,114,119,129,135,136,144,166,171,174,177,178,188,192 "124";
125 68 0 1,4,6,7,11,15,18,21,24,25,27,31,33,36,37,38,45,49,50,55,57,58,61,64,66,68,70,73,75,76,77,79,83,84,87,93,94,96,97,98,101,102,108,110,112,114,115,118,120,123,125,127,128,132,134,136,139,140,143,145,150,151,154,157,159,162,163,165,168,170,173,176,178,180,183,185,187,188,192,193 "125";
126 52 1 0,3,4,8,9,11,13,16,17,22,27,28,32,33,36,47,50,51,55,57,60,62,67,68,71,77,79,80,88,92,94,97,100,103,104,110,112,114,117,118,123,125,127,129,131,135,147,150,155,158,160,163,168,169,170,174,179,181,182,184,188,189,191,193 "126";
127 4 1 2,7,15,18,19,20,35,37,50,64,74,82,83,96,100,108,111,117,119,162,185,190,193 "127";
128 15 1 12,21,29,43,57,81,121,122,137,157,175,192 "128";
129 30 0 2,57,95 "129";
130 120 1 0,6,8,12,17,19,20,22,24,29,31,32,34,36,38,41,42,44,46,47,49,52,55,59,61,64,67,68,71,73,75,76,81,83,85,87,88,92,94,96,107,115,117,119,121,127,130,137,138,141,142,145,148,149,151,152,156,157,159,160,162,166,167,171,173,174,177,180,184,186,187,189,191,192,193 "130";
131 176 0 5,8,13,19,24,35,43,45,56,60,62,71,73,78,87,90,94,107,113,116,126,130,133,134,139,142,145,150,164,170,174,187 "131";
132 41 1 0,2,7,8,10,12,13,16,18,19,21,25,28,30,32,33,35,37,39,40,41,44,46,48,50,51,52,54,56,58,61,62,65,69,73,74,77,79,80,82,85,87,89,90,93,96,97,100,102,103,104,106,108,112,114,115,116,120,121,123,124,126,130,133,137,139,140,142,146,148,149,150,152,154,155,156,158,160,162,165,166,168,171,172,176,178,180,182,185,187,190,192 "132";
133 77 0 0,1,2,4,10,11,13,15,17,19,24,26,30,32,33,37,40,41,43,44,46,48,50,52,55,58,60,63,64,65,70,71,74,80,81,83,84,87,88,92,97,99,101,107,110,111,113,114,117,118,120,123,126,130,131,132,135,136,137,139,142,143,144,147,149,151,154,155,156,158,159,162,164,165,170,173,175,176,178,181,182,183,185,187,190,191,193 "133";
134 85 1 5,8,56,67,71,92,99,111,158 "134";
135 113 0 3,4,6,10,12,14,15,19,21,24,25,30,32,33,35,37,40,42,43,44,45,48,51,52,54,58,67,68,71,72,75,78,81,82,84,86,89,91,93,94,96,98,100,102,105,107,112,113,115,119,120,124,131,133,136,140,141,143,145,147,149,152,154,156,157,159,160,161,163,164,166,169,170,172,173,176,177,181,187,190,191,193 "135";
136 124 0 0,17,20,21,23,25,28,31,35,37,39,44,47,52,65,68,70,83,86,87,89,92,102,109,115,123,130,132,142,148,149,151,154,159,165,168,182,183,192 "136";
137 50 1 0,2,4,5,9,10,12,15,19,21,22,24,25,28,32,35,38,40,41,43,53,56,57,59,61,67,71,75,76,78,80,82,83,84,85,87,89,94,96,97,99,100,103,105,109,112,119,121,122,124,127,129,135,137,138,140,141,142,144,147,148,149,150,152,153,155,156,158,161,164,165,169,172,174,176,179,180,183,185,186,187,190,193 "137";
138 173 1 12,14,23,28,37,40,42,47,55,61,69,74,75,80,81,85,92,96,98,105,107,109,117,124,131,133,135,150,152,154,156,160,169,171,173,175,179,188,193 "138";
139 123 0 0,2,3,9,10,13,15,16,17,19,20,24,25,27,28,29,31,32,34,35,37,40,41,43,46,48,49,50,51,53,56,62,63,67,69,70,71,74,75,76,77,80,81,83,86,89,91,92,95,96,98,100,102,103,104,105,106,107,109,112,115,118,120,123,125,127,129,131,133,136,137,140,143,145,147,148,150,153,155,156,158,160,162,164,167,169,171,175,177,178,180,184,187,188,189,191,193 "139";
140 157 1 7,13,35,38,41,68,74,77,108,135,156,160,176,187 "140";
141 120 0 0,5,6,10,13,14,18,20,22,25,26,34,36,38,40,43,45,46,47,49,50,51,53,58,60,63,65,70,71,75,77,78,83,87,90,94,96,100,102,103,105,108,109,111,114,116,121,126,129,131,132,133,136,138,139,143,145,146,148,149,155,161,167,171,173,175,176,180,181,183,185,186,189,190,192,193 "141";
142 24 1 2,4,5,6,10,12,15,17,20,23,25,27,28,30,31,33,35,36,38,41,43,46,47,49,52,54,58,60,65,67,69,71,79,81,82,87,88,92,96,102,103,104,106,108,111,112,113,117,121,123,125,127,130,134,137,142,143,144,146,147,149,154,155,157,159,165,168,170,174,175,179,181,184,186,188,190,192 "142";
143 155 1 16,32,41,66,69,73,90,102,105,112,127,132,134,136,158,181,183,192 "143";
144 135 0 76,115,151,161,193 "144";
145 46 1 2,8,9,13,15,19,21,27,29,31,34,42,49,53,60,62,67,72,79,85,87,94,97,99,102,105,111,113,121,128,132,133,136,140,141,143,144,147,155,156,159,162,167,179,182,189,191 "145";
146 160 1 9,13,15,16,21,24,27,33,36,40,43,46,48,51,52,57,58,59,63,71,75,79,81,82,106,109,115,116,121,126,129,131,136,138,139,141,163,167,174,179,183,186,190,191,193 "146";
147 124 0 1,2,5,7,9,11,12,13,15,18,19,24,26,32,35,38,39,41,44,45,46,48,52,53,57,58,60,62,63,65,67,68,72,78,79,82,84,86,89,94,97,100,102,103,107,108,110,113,117,120,121,126,128,130,132,133,138,139,141,143,145,147,149,152,153,155,158,160,162,164,165,172,174,175,178,181,183,184,189,193 "147";
148 181 1 0,2,4,6,7,9,11,12,13,14,16,19,22,24,26,28,30,31,32,34,37,39,40,42,46,47,49,52,55,58,59,61,63,65,66,68,69,71,73,74,79,81,82,87,89,92,93,95,98,101,104,107,109,111,112,114,115,117,118,120,122,124,126,131,133,134,135,138,141,142,144,145,146,148,149,152,153,154,155,157,160,161,163,164,170,171,174,176,178,181,186,189 "148";
149 49 0 2,14,17,20,42,49,51,53,58,69,74,81,83,98,102,105,111,117,142,150,151,155,174,177,192 "149";
150 113 1 1,3,5,9,10,12,14,16,17,18,21,24,25,27,28,31,35,36,39,44,45,47,49,51,52,54,56,57,58,61,62,64,65,67,69,76,78,80,81,83,85,86,88,89,91,92,94,96,98,100,102,110,111,113,114,116,117,119,120,121,122,124,126,127,129,132,134,136,138,139,141,143,145,147,149,150,152,154,158,159,160,162,166,168,169,174,176,177,180,182,183,184,188,190,191,192,193 "150";
151 7 0 4,11,12,15,17,19,30,32,36,40,42,44,46,49,50,52,58,59,61,67,70,72,74,76,82,86,87,92,93,95,99,101,105,115,123,130,132,133,138,141,154,160,161,164,169,174,179,182,185,188 "151";
152 62 1 3,22,24,29,31,35,37,41,48,53,54,56,61,64,77,79,84,92,94,100,103,109,111,116,126,136,140,150,153,162,168,170,173,176,179,182,190 "152";
153 38 0 2,5,8,10,15,19,23,25,27,36,38,41,42,46,49,53,54,57,60,61,62,65,66,68,71,75,77,78,81,83,85,92,94,96,101,102,104,113,121,124,127,132,138,141,142,145,148,151,152,157,159,162,164,166,168,172,174,176,178,181,184,186,189,190,192 "153";
154 35 1 2,4,5,10,11,12,14,15,17,20,24,26,27,29,31,34,35,36,38,40,42,43,46,47,48,49,52,57,58,61,64,66,68,71,74,75,77,79,80,85,87,89,91,93,94,99,100,102,105,107,110,113,118,122,123,126,128,129,131,132,133,134,138,141,146,147,154,155,159,162,164,166,169,172,174,176,177,179,183,185,187,188,190,193 "154";
155 101 1 0,5,10,18,19,21,22,30,31,32,34,38,39,44,46,48,50,54,61,62,64,72,76,80,83,84,85,91,95,105,106,107,110,112,114,118,121,123,127,129,134,139,140,142,145,149,151,153,157,158,159,170,171,173,174,176,181,186,189,190,193 "155";
156 89 0 2,26,35,38,43,64,73,129,131,134,157,159,168,185 "156";
157 61 0 4,6,51,92,103,108,121,127,129,130,137,145,153,154 "157";
158 151 1 4,5,12,18,21,22,23,25,29,31,35,38,39,41,43,48,50,51,55,57,61,64,66,69,72,74,79,81,83,85,89,91,98,104,107,111,115,116,119,125,128,130,131,132,133,135,140,144,146,148,151,152,154,158,159,160,161,169,175,176,178,181,183,185,187,189,191,192,193 "158";
159 5 0 0,4,7,9,11,12,16,19,21,23,26,31,32,36,37,42,43,47,48,50,51,54,56,57,59,61,63,65,66,67,71,72,74,75,79,84,87,88,89,92,96,98,102,103,104,106,108,110,112,116,117,120,122,125,127,129,132,134,137,141,144,146,148,153,154,156,157,159,160,166,167,169,173,174,175,180,181,182,188,190,192 "159";
160 170 1 3,5,6,9,11,12,14,18,21,23,24,27,32,35,37,42,45,47,51,57,58,60,61,64,66,70,80,81,85,88,90,92,94,95,96,97,104,107,108,111,112,115,117,122,123,125,126,127,128,130,132,134,137,140,145,147,151,152,160,162,167,169,171,175,177,178,179,181,185,191,193 "160";
161 14 0 0,3,18,19,25,26,41,43,59,61,62,64,86,95,106,113,115,127,130,133,150,155,165,173 "161";
162 8 0 0,8,11,16,21,24,37,42,48,50,51,56,58,63,65,66,68,71,80,82,86,96,100,105,107,108,110,114,119,132,134,142,144,146,148,155,156,161,169,177,180,182,183,185,187,190,193 "162";
163 146 1 3,4,8,30,37,53,62,64,77,80,82,91,108,114,136,145,152,158,166,168,172,180,183,190 "163";
164 185 0 0,3,4,7,8,9,12,14,17,19,20,22,25,28,29,31,33,35,37,39,43,45,48,49,51,52,53,56,57,60,62,64,65,66,67,69,70,72,73,75,76,79,80,86,88,92,94,95,97,98,99,101,104,107,108,110,112,115,116,117,120,122,125,126,127,128,131,133,136,138,140,144,145,148,150,153,154,155,157,158,160,162,163,168,171,173,175,178,180,183,186,187,189,191 "164";
165 121 0 73,102,104,111,128,130,132,145,192 "165";
166 63 0 5,8,11,24,31,32,35,37,40,42,45,46,48,50,52,55,62,68,72,78,82,84,87,89,95,96,100,103,109,111,119,123,125,132,134,140,144,148,151,156,163,165,170,176,186,188 "166";
167 98 1 4,5,10,14,15,22,29,30,32,34,39,42,49,50,52,58,60,62,66,70,76,78,79,85,91,94,95,99,102,108,111,114,118,124,125,127,131,134,135,139,145,146,150,152,153,158,162,169,178,185,189,191 "167";
168 68 1 9,33,45,57,65,97,105,112,121,135 "168";
169 129 1 21,28,45,63,69,70,112,122,126 "169";
170 57 0 0,4,7,10,17,20,26,30,31,33,35,37,38,44,47,48,50,56,62,66,70,72,76,77,79,82,83,86,91,93,95,98,102,105,106,108,111,114,115,122,127,129,130,132,133,134,136,138,140,141,142,143,145,147,148,150,151,152,154,160,162,165,176,177,182,190 "170";
171 137 0 1,2,4,5,9,15,18,19,21,22,25,28,30,31,32,36,37,39,48,49,53,58,61,65,71,73,77,78,79,82,92,99,105,109,110,111,113,116,118,120,123,127,131,139,144,146,148,150,156,158,161,164,166,167,169,170,172,173,178,191 "171";
172 102 0 0,3,4,10,17,20,23,24,26,27,31,32,35,37,39,41,43,45,48,52,54,55,56,63,64,66,67,70,75,78,79,80,81,83,84,87,89,90,92,94,96,98,99,102,103,105,106,110,111,112,115,119,120,123,125,126,129,130,132,137,141,142,144,145,149,151,154,156,157,160,162,164,166,168,169,171,173,175,178,180,182,184,185,189,191,192,193 "172";
173 99 1 2,4,7,8,10,14,19,24,31,33,34,35,46,48,51,53,56,57,61,63,66,69,72,77,78,83,87,94,98,100,103,106,109,111,116,118,120,124,126,127,129,133,139,147,148,153,154,162,163,169,171,174,181,188,191 "173";
174 93 1 0,1,4,6,9,11,18,19,21,25,31,32,34,36,38,42,44,45,46,49,51,52,54,56,57,60,62,65,66,69,71,74,76,77,78,81,82,84,87,89,90,92,93,95,98,102,105,108,110,114,115,118,119,120,122,123,124,128,129,130,131,133,135,137,138,140,142,144,145,148,150,154,155,157,158,160,162,165,168,169,171,172,174,176,177,179,181,183,185,186,188,190,191,193 "174";
175 6 1 5,9,13,22,23,27,37,54,71,86,114,144,167,170,175 "175";
176 131 0 1,2,12,15,27,32,35,38,39,51,68,70,75,76,89,92,95,100,103,105,113,116,119,124,134,137,143,157,180,184 "176";
177 130 0 2,7,9,13,14,17,20,22,24,26,29,36,37,41,43,47,50,52,54,56,57,64,66,70,78,80,81,85,87,90,93,96,98,101,111,113,115,117,119,124,126,129,130,133,136,146,147,148,150,153,157,158,160,163,165,168,172,174,177,179,182,191,193 "177";
178 71 1 1,4,6,10,24,25,27,28,30,32,35,41,46,47,50,56,58,60,63,67,71,73,78,84,87,90,92,93,94,96,108,114,116,117,121,122,124,127,130,131,132,135,136,139,144,146,148,149,154,157,159,165,174,178,180,184,186,187 "178";
179 98 1 1,3,9,11,15,18,19,20,24,30,31,33,36,39,40,44,46,47,49,54,56,57,58,63,65,68,72,74,75,77,79,82,85,88,90,92,95,97,99,102,105,109,110,114,115,117,118,122,123,126,131,133,135,138,140,141,143,147,152,154,155,158,160,166,168,171,172,174,180,183,188,191 "179";
180 146 0 0,2,4,6,9,11,12,14,15,17,20,23,26,29,33,35,36,39,40,41,48,50,55,56,58,63,65,66,68,70,72,73,74,76,77,78,79,81,82,86,88,89,90,92,93,94,98,100,102,104,106,107,113,114,115,117,118,119,121,122,124,126,127,128,129,131,133,134,136,137,139,142,144,145,147,148,149,150,153,154,155,156,158,160,164,169,172,175,182,186,190 "180";
181 96 0 34,77,146,151,180,185 "181";
182 153 0 0,1,2,6,7,9,10,12,15,18,20,21,23,24,29,30,38,39,40,42,43,48,49,52,58,59,60,61,65,71,73,75,77,79,82,83,85,87,88,89,91,94,102,103,106,108,110,112,114,119,120,122,124,125,127,133,135,136,137,139,140,143,146,147,151,155,158,159,160,164,165,170,171,174,177,178,184,187,189,193 "182";
183 122 1 5,8,12,18,20,21,25,31,36,40,44,50,51,60,68,74,81,83,85,89,94,103,104,108,114,116,118,122,124,126,130,131,134,136,138,139,143,147,151,152,154,164,166,169,170,177,179,193 "183";
184 91 0 14,20,21,23,25,28,51,61,71,74,78,79,80,85,87,90,92,97,100,112,114,115,118,124,128,133,138,141,144,148,149,156,158,167,172,175,179,182,187 "184";
185 132 0 3,12,31,40,55,99,132,138,142,157 "185";
186 50 0 0,6,9,11,12,14,15,18,19,22,26,28,29,33,35,39,40,42,44,46,47,49,50,53,56,58,60,65,71,72,76,78,81,82,84,85,88,92,93,95,97,98,99,103,104,107,111,116,119,123,127,129,131,133,138,140,145,151,155,156,157,160,161,164,168,173,175,180,181,184,186,188,190,192 "186";
187 133 1 1,11,21,26,28,31,35,39,46,48,52,55,64,69,81,86,95,98,100,103,106,113,122,124,127,138,141,153,154,157,162,164,166,171,185,188,192 "187";
188 178 1 3,8,12,14,15,16,18,20,23,33,37,39,41,43,45,50,51,55,56,58,61,63,64,65,67,70,72,77,84,90,94,103,105,107,109,110,114,116,120,121,128,131,133,137,142,144,147,149,152,154,156,157,160,161,163,164,174,176,177,179,181,189,190 "188";
189 110 0 30,32,123,160,192 "189";
190 127 1 0,1,3,5,6,8,14,16,18,19,22,23,24,25,29,30,31,35,36,41,43,45,47,48,50,52,53,55,59,61,62,64,67,69,70,72,75,77,79,81,82,84,86,88,89,90,92,93,96,99,100,101,103,105,106,107,109,110,111,116,120,121,122,125,127,128,133,135,137,138,142,144,146,147,149,150,152,155,157,159,160,161,164,166,169,171,172,175,180,183,184,185,187,188,190,191,193 "190";
191 164 1 0,3,4,7,9,10,17,22,25,32,39,43,50,51,53,55,62,65,70,75,76,86,90,97,100,101,102,104,106,118,125,155,164,166,168,171,180,181,186 "191";
192 40 1 61,112,186 "192";
193 160 1 1,4,6,9,12,13,24,26,31,36,41,43,46,49,53,57,60,62,64,66,71,72,73,78,83,92,94,97,102,103,104,110,112,114,116,120,124,126,130,136,138,139,144,145,156,159,160,164,166,171,173,176,178,185,191,193 "193";
