parity 34;
0 6 1 3,4,6,7,9,10,13,14,15,17,18,20,22,24,29,31,33,34 "0";
1 14 1 0,2,5,6,11,13,16,17,18,23,25,28,31,34 "1";
2 15 1 2,5,7,12,18,21,25,27,33 "2";
3 18 1 13,16 "3";
4 11 0 0,5,7,9,12,26,29,33 "4";
5 18 0 8 "5";
6 13 1 0,2,4,6,11,12,14,17,18,22,24,29,32 "6";
7 31 0 7,18,25 "7";
8 18 0 3,8,10,13,31 "8";
9 25 0 7,9,11,17,20,26,27,30 "9";
10 5 1 1,3,4,7,8,12,14,15,16,19,21,22,23,25,27,28,30,32 "10";
11 0 1 10,22,23 "11";
12 4 1 1,3,6,7,10,14,20,23,28,30,32,34 "12";
13 24 1 3,6,7,29 "13";
14 8 1 1,8,13,17,21,24,28,30,32 "14";
15 19 0 0,2,4,6,7,9,11,12,15,18,21,24,29,34 "15";
16 8 0 2,3,6,7,9,13,16,18,19,20,22,27,29,30,33,34 "16";
17 23 1 0,5,6,11,13,14,17,19,20,22,24,26,27,30,32,33 "17";
18 30 0 15,18,26,32 "18";
19 22 1 12,21,22,29 "19";
20 5 1 3,5,15,32 "20";
21 21 1 3,5,13,31 "21";
22 30 1 0,2,8,12,13,16,18,20,22,23,26,28,30,32,34 "22";
23 8 1 0,2,4,5,7,9,12,14,16,17,19,23,26,27,33,34 "23";
24 20 0 0,2,4,6,9,10,13,16,19,20,23,26,27,29,32 "24";
25 24 0 1,2,4,5,6,9,11,23,27,28,29,31,34 "25";
26 1 1 0,2,3,5,6,8,10,11,16,17,20,23,24,27,30,31 "26";
27 10 0 10,17,24,26,28,31 "27";
28 17 1 5,17 "28";
29 29 0 7,33 "29";
30 28 0 3,6,10,12,14,15,16,20,23,24,28,30,31,34 "30";
31 18 1 0,19,26,28 "31";
32 13 0 5,7,10,13,16,18,19,28,33,34 "32";
33 15 0 7,9,11,12,29,31,34 "33";
34 27 0 5,6,24 "34";
