parity 155;
0 24 1 7,26,28,39,42,44,46,58,60,64,70,77,95,96,109,115,118,124,128,150 "0";
1 27 0 2,13,14,29,53,57,58,63,66,78,92,95,103,117,128,145,148,155 "1";
2 127 0 49,50,59,128,142,145 "2";
3 99 0 0,1,2,3,5,6,8,10,11,14,18,19,20,22,25,28,31,33,34,35,36,38,40,41,44,45,48,53,54,56,57,58,60,61,62,67,72,73,75,78,82,83,84,86,87,89,92,94,95,102,104,106,108,111,113,114,116,118,119,126,127,129,130,132,135,136,137,139,140,142,146,147,151,152,153,155 "3";
4 156 0 1,2,5,7,8,10,12,13,14,16,17,19,21,24,27,30,33,35,36,39,41,43,47,50,54,56,57,60,63,64,66,69,70,71,73,74,76,77,80,81,86,91,92,93,96,98,99,101,102,104,108,110,112,113,115,118,119,120,122,123,127,129,131,133,135,138,139,141,142,143,145,147,149,153 "4";
5 46 0 0,2,3,5,8,13,16,17,21,22,28,30,36,41,42,46,48,52,56,57,61,64,65,68,70,72,74,77,79,80,81,82,85,87,89,92,93,94,101,106,108,110,111,115,117,120,122,125,134,138,140,147,153,154 "5";
6 99 1 11,41,50,52,55,57,64,93,106,110,122,137,149,151 "6";
7 150 1 3,7,10,14,19,29,40,43,49,53,65,66,68,76,83,87,89,92,93,99,106,108,110,124,126,133,137,145,147,150,153 "7";
8 93 1 4,6,8,10,11,13,18,19,20,22,23,28,30,33,35,39,41,45,47,49,50,52,54,59,63,64,66,71,73,76,81,84,86,87,90,94,95,98,102,105,107,108,110,115,116,118,120,123,127,129,132,138,139,144,147,149,152,155 "8";
9 111 1 3,15,22,24,27,28,34,36,38,40,56,59,66,68,70,73,78,81,97,104,106,108,112,119,125,133,137,139,140,141,144,147,150,154 "9";
10 120 0 6,23,33,49,57,60,75,80,83,89,96,116,128,134,148 "10";
11 136 1 77,117,142,153 "11";
12 142 0 4,5,8,9,12,14,16,17,18,20,23,27,29,30,32,33,34,37,38,40,42,43,45,46,50,51,53,55,58,60,61,62,63,66,70,73,74,77,80,82,83,85,86,87,90,93,94,95,96,99,101,102,104,105,109,110,115,117,120,121,125,126,128,129,131,133,135,136,137,139,143,148,149,151 "12";
13 127 0 15,44,47,69,87,117,152 "13";
14 40 0 9,10,15,53,62,87,97,107,108,109,113,130 "14";
15 85 1 0,3,8,10,12,14,15,17,18,21,23,25,27,28,31,33,35,36,39,41,43,44,47,48,50,51,53,56,59,61,62,64,65,70,71,75,77,78,79,81,83,86,88,90,91,94,97,100,101,102,104,107,109,110,113,116,118,120,121,123,124,126,130,133,136,140,142,144,145,148,150,153,154 "15";
16 39 1 8,9,16,20,23,30,32,33,37,39,43,52,57,58,62,70,73,77,84,88,92,104,106,111,113,123,128,133,136,140,142,144,145,152,154 "16";
17 33 1 0,4,38,57,73,92,133,149,155 "17";
18 21 1 1,2,4,6,7,10,11,13,15,19,20,23,26,28,30,32,33,34,38,40,42,43,45,49,51,52,56,60,61,64,68,72,74,76,78,80,83,85,86,92,95,96,97,99,103,108,109,113,117,119,122,125,128,131,134,135,136,142,145,146,149,150,151,153 "18";
19 155 0 1,6,7,9,10,11,16,18,23,30,33,36,41,42,44,49,51,61,63,66,68,69,78,80,82,85,87,93,94,98,101,102,104,106,110,112,114,116,118,121,123,124,127,128,132,135,136,138,142,145,147,150,153,155 "19";
20 138 0 0,1,3,4,5,7,9,13,17,19,21,24,27,28,30,34,35,36,38,41,42,44,46,47,49,51,52,55,56,57,59,60,62,65,68,70,72,78,81,82,84,85,87,88,90,93,97,98,100,102,103,105,107,108,110,112,114,115,117,119,121,122,123,126,128,132,133,134,138,140,143,145,147,149,151,152,154 "20";
21 73 0 19,74,101,141,144,155 "21";
22 63 0 0,4,5,8,9,11,13,15,17,18,20,22,27,30,31,32,34,36,41,42,45,47,50,55,56,61,63,64,66,68,69,78,84,85,87,89,91,94,97,98,99,102,104,105,107,108,111,112,113,116,117,124,125,127,128,130,131,133,134,139,141,142,144,145,146,148,149,152,154 "22";
23 67 1 5,28,39,46,73,94,107,113 "23";
24 150 0 0,1,4,6,7,9,13,14,15,17,18,20,25,27,28,32,33,35,39,41,45,47,49,53,55,57,61,62,64,67,69,70,72,73,74,76,77,78,80,81,84,85,88,89,96,97,100,102,103,105,106,108,109,111,112,113,115,116,117,121,122,124,126,130,133,135,136,140,141,142,145,148,149,152 "24";
25 102 1 7,37,39,47,61,81,85,125 "25";
26 42 0 4,7,8,14,16,17,18,25,27,30,32,35,36,38,42,45,50,54,56,59,61,65,69,71,73,74,79,81,82,85,86,95,99,107,114,117,119,121,125,127,129,131,133,139,140,143,146,150,153 "26";
27 102 1 1,7,11,13,16,24,26,43,44,45,52,56,57,60,62,64,76,82,85,95,97,100,102,113,117,121,122,127,129,130,132,133,143,149,151,155 "27";
28 109 0 0,2,3,4,6,9,12,17,18,21,22,23,24,31,33,35,37,39,40,41,43,45,47,52,55,58,60,61,64,67,70,72,75,79,83,85,87,91,92,94,97,98,99,101,102,104,105,107,109,110,115,118,120,123,124,126,127,129,130,131,133,135,137,139,140,143,144,146,150,152,154 "28";
29 12 0 2,4,5,11,12,15,26,33,41,49,56,62,65,68,69,76,77,84,86,89,91,97,101,102,110,118,133,138,142,148,151,155 "29";
30 144 1 2,4,6,7,8,10,13,14,24,31,32,35,37,38,43,44,46,48,51,53,55,56,58,59,60,61,63,65,68,69,71,73,77,80,86,88,95,96,102,104,108,110,111,113,116,118,120,122,123,124,126,128,129,130,132,134,137,139,140,142,143,145,146,147,149,151,155 "30";
31 63 0 1,3,6,8,9,11,13,22,25,27,29,34,38,44,45,47,48,54,55,57,60,63,64,66,67,81,83,85,89,91,95,99,102,109,110,112,117,119,122,123,125,136,139,147,148,151 "31";
32 25 0 2,4,5,6,8,9,11,13,15,18,22,24,26,27,32,37,39,40,44,47,53,58,61,63,65,67,69,71,75,76,79,80,82,85,89,90,92,94,95,97,100,101,102,104,105,107,109,111,113,115,118,119,121,126,127,131,133,135,137,138,141,144,145,147,149,150,155 "32";
33 44 1 0,3,4,9,10,11,13,15,17,18,21,23,29,31,34,36,38,44,46,47,48,51,52,54,58,61,62,65,67,70,71,74,75,76,78,80,83,84,85,87,88,90,91,96,97,99,101,103,105,106,108,111,112,117,119,121,122,124,127,128,130,131,132,134,136,138,140,142,144,145,146,149,150,152,155 "33";
34 5 1 14,26,33,40,41,43,67,78,128,153 "34";
35 36 1 2,4,9,15,20,23,24,33,36,42,51,56,60,61,62,64,66,71,77,82,86,88,91,94,101,112,119,127,130,134,135,140,150 "35";
36 61 1 4,20,26,29,31,35,36,43,49,54,55,59,67,69,75,79,81,84,85,87,93,101,102,103,107,111,113,115,121,123,125,127,133,137,138,140,141,155 "36";
37 55 1 3,5,7,9,12,14,15,18,21,22,24,27,30,32,34,37,38,40,44,46,48,51,53,54,58,60,62,63,65,67,69,70,75,77,80,81,83,84,87,88,92,99,103,107,111,112,114,117,121,124,126,127,128,130,133,135,136,138,139,141,143,147,150 "37";
38 66 1 26,28,62,72,91,94,102,114,125,131 "38";
39 155 1 14,24,35,49,62,63,65,78,81,110,115,117,129,146,148,151 "39";
40 118 1 13,24,26,28,33,39,53,56,61,63,65,72,75,92,96,100,103,106,111,112,118,125,130,144,152,154 "40";
41 96 1 1,5,7,12,14,22,23,29,32,33,35,49,52,56,58,61,71,74,75,90,97,99,106,109,117,120,129,144,145,150,155 "41";
42 135 1 4,8,11,13,25,27,31,34,37,47,51,66,68,73,82,93,104,109,111,112,113,119,125,129,136,139,142,146,149,153 "42";
43 43 0 9,10,17,19,29,31,39,60,63,68,72,78,80,85,90,98,103,105,112,118,124,128,140,145,152 "43";
44 154 0 0,2,8,19,22,25,26,29,32,41,43,50,51,57,61,64,66,70,72,76,79,81,86,88,90,93,95,98,102,108,111,117,119,131,134,136,138,140,145,147,152,154 "44";
45 50 0 6,118 "45";
46 148 0 2,8,15,17,28,30,34,39,43,53,59,61,63,74,82,85,87,90,94,102,108,118,121,126,133,135,137,142,144,145,154 "46";
47 34 1 8,17,19,21,23,24,29,31,41,42,45,49,50,62,71,73,76,81,85,86,97,100,112,117,125,130,134,137,143,144,147,153,155 "47";
48 68 1 5,31,79,122,124,135,153 "48";
49 111 0 0,10,41,46,47,62,65,107,111,124,135 "49";
50 9 0 0,6,11,15,27,31,32,42,44,46,49,55,56,59,62,63,66,68,75,78,81,83,92,95,99,100,103,105,107,115,118,120,125,127,130,140,143,146,154 "50";
51 63 1 2,5,8,12,15,19,21,24,26,28,29,33,37,38,39,41,46,48,50,52,56,57,65,67,70,72,74,79,81,84,86,87,88,96,98,100,102,108,110,112,114,115,118,124,126,129,138,140,141,144,145,147,148,150,152,154 "51";
52 34 0 1,4,5,10,11,13,18,20,24,25,27,28,29,33,34,36,39,40,41,44,47,51,52,54,56,57,66,68,71,73,75,78,80,81,83,86,88,93,94,96,97,99,100,102,104,106,107,108,110,112,114,119,120,121,123,124,126,127,128,129,133,134,135,140,146,147,149,151,153,154,155 "52";
53 64 1 9,29,33,37,43,51,53,58,72,74,87,91,96,103,108,121,125,129,130,134,146,153 "53";
54 152 0 0,7,23,27,37,43,62,66,69,73,85,86,108,115,125,132,135,142,151 "54";
55 114 1 1,4,5,6,8,10,13,18,20,21,23,26,29,32,33,35,36,37,39,40,43,45,50,51,55,57,58,60,63,65,67,69,74,78,79,80,82,86,88,90,93,94,98,101,102,104,106,110,113,114,115,117,118,120,124,127,131,133,134,136,142,144,147,151,154 "55";
56 88 1 1,4,9,14,17,22,26,29,31,32,34,36,39,40,41,42,46,50,51,54,57,58,61,67,68,70,74,79,81,82,84,85,87,89,99,103,104,108,109,111,112,114,116,117,122,123,124,127,133,137,141,143,146,148,149,155 "56";
57 27 0 0,3,5,7,9,10,12,13,15,17,19,22,23,24,26,28,31,33,34,35,38,41,49,52,53,55,56,57,58,61,62,63,66,68,71,72,74,76,78,81,83,85,86,90,91,93,94,97,99,100,103,104,106,109,110,113,116,117,119,122,123,125,126,127,131,132,134,136,138,140,142,144,145,146,149,150 "57";
58 109 1 2,7,8,9,13,15,18,19,22,25,29,31,33,35,40,42,52,53,56,59,71,75,79,82,85,93,95,99,100,101,104,106,108,116,118,121,126,130,131,134,143,152,153 "58";
59 52 0 2,5,11,15,19,24,28,33,37,38,44,45,56,61,66,78,82,90,96,103,105,126,142 "59";
60 9 1 9,23,29,37,45,58,72,76,114,140,143,148,150 "60";
61 123 1 13,16,23,28,30,34,52,67,71,76,81,82,97,107,119,120,127 "61";
62 97 1 0,2,3,9,12,14,16,18,20,22,26,27,29,31,33,36,38,40,41,43,44,46,48,49,51,53,55,57,59,61,63,64,65,66,70,76,80,84,85,86,87,88,90,91,93,95,96,99,100,101,102,109,111,113,117,119,121,122,124,127,128,130,131,133,134,136,138,139,140,142,144,145,146,147,149,150,151,153 "62";
63 128 1 6,8,10,17,19,22,26,29,37,43,45,55,61,65,74,75,77,78,80,85,87,94,96,97,98,99,104,109,117,121,122,125,127,129,135,139,141,148,152 "63";
64 134 1 0,3,4,11,14,17,19,21,22,24,28,32,33,36,38,39,44,45,46,51,52,54,56,59,64,67,69,70,72,74,76,80,83,85,86,88,91,96,97,99,102,104,105,107,108,112,115,116,119,123,124,126,128,130,131,133,137,138,147,150,152 "64";
65 73 1 0,4,5,14,23,36,39,43,51,52,73,77,81,82,104,113,115,117,123,127,145 "65";
66 71 1 38,75,122 "66";
67 58 0 9,12,16,29,30,33,38,40,45,50,64,66,71,76,89,91,99,116,123,124,129,138,143,148,149 "67";
68 153 1 1,2,3,14,19,28,29,34,36,41,43,48,52,55,59,61,65,68,72,75,78,81,85,88,90,94,96,98,100,101,104,106,109,111,113,115,118,120,126,129,133,136,138,140,142,143,144,146,147,148,151,155 "68";
69 0 0 5,6,16,27,46,61,64,66,75,98,105,124,129,134,147,153 "69";
70 26 0 1,3,4,9,10,12,20,22,26,29,30,34,43,44,48,51,54,58,62,64,67,70,72,73,74,84,85,88,90,92,93,96,98,100,102,103,106,110,112,115,121,124,127,132,133,135,139,141,143,146,147,149,150,152,155 "70";
71 152 0 0,8,12,13,14,16,18,21,23,24,26,29,30,32,35,37,40,49,51,54,55,57,61,63,66,68,70,75,76,77,79,84,86,88,90,96,98,104,106,107,111,118,120,125,129,131,133,137,138,139,141,145,146,149,150,152,154,155 "71";
72 42 1 1,3,5,8,12,17,18,21,24,25,27,30,31,35,36,38,40,42,43,45,47,51,52,54,59,61,64,68,77,79,81,87,92,95,99,102,105,106,108,119,121,123,126,128,132,134,135,140,142,143,144,148,149,150 "72";
73 104 1 2,3,4,10,15,21,22,25,27,29,33,36,39,40,43,47,58,61,65,67,70,72,78,79,80,85,90,97,99,104,106,108,110,112,115,120,125,127,134,144,145,148,151 "73";
74 120 1 40,45,51,87,92,93,111,129,136,145 "74";
75 116 1 10,47,57,90,143,150,154 "75";
76 96 0 51,83,118,145 "76";
77 82 1 0,3,5,8,10,13,14,16,17,20,21,24,26,29,30,33,35,37,38,41,42,43,46,48,49,51,52,53,55,57,58,60,62,63,64,65,67,70,71,74,76,79,80,84,86,88,89,91,92,96,97,99,100,105,106,108,109,112,115,116,120,122,124,126,127,129,131,133,135,136,137,139,141,144,147,149,152,155 "77";
78 145 1 0,1,6,13,14,18,20,21,24,26,30,38,41,44,46,47,48,50,52,55,57,58,59,62,66,68,70,72,75,78,80,83,86,89,91,95,100,103,105,106,108,109,111,114,117,119,121,123,125,128,129,131,133,135,137,142,144,145,148,150,151,152,154 "78";
79 1 1 2,5,7,8,10,13,15,17,20,22,27,30,32,35,37,43,46,49,53,56,58,60,62,64,67,68,71,73,76,80,87,91,94,97,98,100,103,105,106,110,113,115,117,118,127,128,129,132,135,137,140,144,148,149,152,153 "79";
80 68 1 64,151 "80";
81 49 0 2,4,7,10,12,14,24,25,31,32,34,37,41,42,44,57,59,61,63,65,67,69,70,73,74,76,77,78,79,81,82,87,91,93,98,100,104,105,106,109,110,111,112,114,115,117,119,122,123,124,125,130,134,137,139,142,144,148,150,152,154,155 "81";
82 59 0 2,3,7,13,19,20,25,27,28,29,32,40,41,42,44,46,47,48,51,52,53,55,58,61,62,65,70,72,74,76,77,79,81,82,86,88,90,93,94,97,98,99,101,103,105,106,108,109,112,114,115,116,122,123,126,132,133,135,136,140,141,143,145,150,152,153,155 "82";
83 98 0 1,4,14,20,22,25,27,29,31,36,38,41,43,47,48,50,51,57,63,64,68,71,78,80,82,88,90,91,96,100,102,104,107,109,114,116,118,121,122,126,129,131,134,136,139,142,143,144,154 "83";
84 103 0 0,1,5,6,10,11,13,16,19,21,22,23,25,26,29,31,33,34,40,42,44,45,48,49,50,55,56,61,63,64,67,68,70,71,73,76,79,80,82,85,88,90,93,95,98,99,101,104,105,108,109,110,112,113,114,116,117,119,121,123,126,127,128,131,132,133,134,136,139,141,142,145,147,148,151,152,153,155 "84";
85 39 1 0,3,5,8,10,12,14,15,18,20,22,23,25,27,28,29,30,31,34,37,38,41,42,44,45,48,49,51,53,55,58,60,64,68,69,72,73,75,77,80,81,83,86,87,91,94,96,101,103,105,107,110,112,113,116,120,121,123,125,129,131,133,138,140,142,145,147,148,150,151,152,154 "85";
86 70 1 3,4,8,9,12,17,19,21,23,26,32,33,34,37,39,40,46,49,51,57,58,60,65,67,69,71,74,76,80,83,84,87,90,95,97,98,101,104,105,107,110,111,113,116,117,119,121,122,124,126,127,132,135,136,140,142,144,146,148,150,151,155 "86";
87 47 1 45,123,155 "87";
88 111 0 23,35,51,72,95,113,120,121,128,132,146 "88";
89 65 0 0,22,37,51,60,80,86,94,106,131 "89";
90 36 0 3,4,6,7,10,16,19,20,24,26,29,31,33,34,38,44,48,53,58,60,62,65,69,70,72,75,77,78,80,82,88,89,91,93,98,101,106,115,116,118,121,127,129,130,131,132,135,137,141,144,145,148,149,150 "90";
91 22 1 1,4,6,8,9,10,17,19,25,28,32,33,38,41,42,44,48,49,50,52,54,56,58,61,62,63,67,74,79,81,86,90,92,94,98,99,102,103,107,111,113,115,117,119,122,126,127,129,131,133,135,137,138,140,146,149,152,155 "91";
92 71 0 3,5,7,13,15,18,20,27,29,30,32,34,35,37,42,43,45,46,48,49,50,54,59,60,62,66,75,77,80,83,95,98,103,110,113,114,118,121,128,134,140,143,147,151,153 "92";
93 86 1 0,6,8,13,16,22,26,35,37,42,44,50,54,59,60,62,67,69,74,76,79,80,82,83,85,87,91,107,119,120,122,123,124,130,137,142,145,149,154,155 "93";
94 49 1 1,2,4,5,7,9,10,12,16,17,19,20,22,24,26,27,29,30,32,35,38,40,43,45,47,48,50,53,56,58,60,61,62,66,68,71,73,74,79,82,84,86,88,90,94,98,101,103,105,106,110,113,114,115,116,118,122,124,125,126,129,132,134,136,138,141,144,145,146,148,150,151,152,154 "94";
95 137 0 2,7,9,12,13,16,20,24,26,28,29,31,33,34,36,37,38,44,45,46,51,56,58,60,69,73,79,83,86,94,104,109,123,124,130,135,139,141,143,149,152,154,155 "95";
96 103 0 0,1,3,8,10,12,14,15,17,18,20,21,23,25,27,30,31,33,34,43,45,47,49,51,53,57,59,62,63,65,68,69,71,77,80,81,82,86,89,94,97,99,101,102,106,109,111,115,118,122,123,124,125,127,129,131,134,136,138,139,141,143,145,147,149,151,153 "96";
97 90 1 7,9,12,14,16,19,20,22,27,30,31,36,38,41,44,47,52,54,59,63,66,69,72,75,78,80,82,83,86,106,110,114,131,135,137,141,142,147,150,154,155 "97";
98 81 0 11,13,15,20,22,27,32,33,36,37,43,52,63,76,83,88,92,94,98,101,106,111,118,129,142,144,151 "98";
99 98 0 0,1,6,7,10,13,17,20,24,25,32,35,36,49,56,57,68,69,72,77,79,80,82,87,94,95,99,103,108,109,119,122,123,127,128,132,136,138,139,141,145,151 "99";
100 1 0 1,3,4,6,13,19,24,25,29,42,44,50,54,55,69,73,74,79,83,85,90,91,93,95,96,100,114,130,134,137,144,147,149,151,153 "100";
101 81 1 0,2,5,6,8,10,11,14,20,21,22,24,26,28,35,38,40,45,49,51,52,54,57,58,59,62,63,65,69,75,78,79,91,93,97,99,102,106,111,113,114,122,126,127,129,133,137,139,141,143,144,148,149,154,155 "101";
102 21 1 1,2,4,8,11,13,15,22,27,29,30,31,33,35,37,39,40,41,43,45,47,48,52,55,56,60,62,63,66,68,73,74,76,78,84,85,88,89,90,92,94,95,97,98,101,105,107,109,111,115,117,118,120,121,122,123,125,128,129,133,135,137,140,142,144,146,147,149,151,152,153,155 "102";
103 88 1 4,9,13,14,34,50,51,52,61,82,85,87,90,91,105,108,112,114,127,129,131,134,136,140,147,150,153 "103";
104 111 0 22,23,25,36,39,44,47,48,52,67,69,74,77,81,84,90,99,105,120,122,126,130,134,135,154 "104";
105 76 1 3,4,7,9,21,22,23,25,28,31,32,34,37,38,44,48,49,51,54,61,66,68,71,75,77,83,88,92,93,97,99,102,106,111,114,116,120,124,125,128,130,131,133,134,135,137,138,140,143,145,146,147,149,151 "105";
106 58 1 1,3,7,13,25,27,28,29,47,49,54,59,63,83,87,92,98,102,104,108,113,115,117,128,135,137,142,144,155 "106";
107 14 1 0,2,4,5,6,10,16,17,20,23,33,37,38,40,41,44,45,48,49,52,59,61,62,66,67,71,74,76,78,81,83,85,87,91,94,103,105,106,110,113,117,119,122,124,126,128,130,137,141,143,146,151 "107";
108 2 0 45,50,53,55,64,74,86,105,116,126,136,143,148 "108";
109 106 1 1,4,7,9,11,17,25,26,29,32,40,46,50,51,54,58,65,66,68,73,77,80,88,102,112,117,118,121,123,128,130,132,136,151 "109";
110 88 0 8,10,12,13,16,18,20,21,24,25,26,33,37,39,43,47,50,55,58,62,65,66,68,73,83,86,88,89,91,92,95,99,103,105,109,110,114,116,121,123,126,129,138,139,140,142,144,146,154 "110";
111 31 1 0,2,4,5,7,8,9,12,14,17,18,20,22,24,27,30,32,33,34,36,37,40,41,43,44,45,46,48,49,51,53,55,56,57,59,61,62,63,65,67,71,74,75,76,77,81,82,85,87,90,92,97,105,107,111,113,114,116,117,119,120,123,124,127,128,130,132,133,135,136,139,141,143,145,148,152,154,155 "111";
112 61 0 0,10,16,19,24,26,29,48,49,51,52,54,57,58,66,85,91,93,95,98,103,110,120,144,148,154 "112";
113 29 1 0,4,5,12,26,27,29,33,37,38,40,44,46,50,60,62,64,69,72,74,79,81,83,86,89,92,93,96,100,102,104,106,109,114,121,123,128,135,137,140,141,145 "113";
114 129 0 1,10,11,15,24,31,35,46,50,52,57,62,64,71,73,77,79,90,95,98,109,110,121,124,125,139,141,145,147,155 "114";
115 107 0 2,5,7,11,13,14,16,17,19,21,22,24,29,32,35,38,40,42,49,52,53,57,59,60,62,66,69,70,73,75,79,82,93,96,97,101,104,106,109,111,113,117,120,127,128,130,133,141,151,154,155 "115";
116 93 0 1,10,22,27,31,33,37,41,51,63,71,82,84,86,97,112,114,119,120,129,133,134,139,140,146,154 "116";
117 51 1 0,2,4,8,12,13,17,20,21,22,26,31,34,38,41,52,57,59,61,66,67,69,71,77,80,82,85,88,91,94,95,102,107,108,111,112,117,121,126,127,134,139,143,151 "117";
118 116 0 1,2,14,17,21,25,27,31,32,34,38,45,48,49,58,63,67,69,73,80,83,93,95,96,102,108,112,118,138,142,152 "118";
119 121 0 4,16,20,41,47,49,93,102,119,122,133,137,141,142,151,152 "119";
120 123 1 0,2,6,9,11,13,15,17,20,22,23,24,27,28,31,33,34,35,37,38,40,43,48,49,51,52,57,58,60,62,63,65,70,71,73,75,77,80,81,83,84,85,89,90,92,95,97,100,103,104,105,108,110,111,114,118,120,125,128,130,132,133,135,136,140,143,144,145,147,148,150,153,155 "120";
121 10 1 0,2,4,6,10,11,13,17,19,20,24,26,27,29,31,32,34,36,39,41,43,46,47,49,51,53,55,59,63,68,70,71,77,79,80,84,86,90,92,95,96,99,103,105,110,111,117,118,120,124,127,128,130,132,134,137,138,139,141,143,145,146,148,149,153,154,155 "121";
122 17 0 0,1,2,4,6,7,9,11,12,14,17,18,20,21,23,24,25,26,28,30,33,35,37,38,39,42,45,46,48,54,57,58,60,63,66,68,70,71,72,73,78,80,82,84,86,89,91,93,94,96,98,101,103,108,110,113,114,116,120,124,126,127,129,132,133,134,136,138,140,141,144,146,149,152,155 "122";
123 152 0 5,8,10,12,16,24,29,31,38,43,47,48,54,57,60,81,83,95,107,116,123,133,146,150 "123";
124 105 0 9,11,50,54,57,64,86,100,109,124 "124";
125 49 1 9,47,70,139,154 "125";
126 13 1 0,2,8,11,18,21,25,29,30,37,39,43,44,53,55,58,59,64,69,72,74,77,78,79,83,89,91,100,106,111,116,119,120,130,132,135,140,142,152,154 "126";
127 25 0 4,37,49,50,56,67,75,82,90,91,101,108,133,138 "127";
128 114 0 1,4,6,11,15,18,20,28,29,31,35,37,39,44,49,53,54,58,59,61,65,69,71,74,76,79,81,86,89,93,96,99,101,102,105,110,113,122,125,127,129,133,134,137,142,143,145,148,149,152,154,155 "128";
129 23 0 3,6,9,11,13,19,21,24,26,30,35,37,38,45,49,51,53,64,68,70,71,73,76,79,80,82,84,89,94,98,100,102,104,105,108,109,112,114,116,121,125,129,133,135,136,137,139,141,143,144,146,150,154 "129";
130 13 0 0,4,11,15,16,21,22,23,25,35,42,48,52,53,54,60,61,65,70,84,87,94,97,99,107,110,112,118,123,125,127,134,135,139,144,147,149 "130";
131 127 1 4,5,9,12,14,17,22,25,26,29,34,35,36,37,39,42,43,46,48,51,57,61,63,64,66,68,69,70,74,77,79,83,84,85,91,92,94,95,99,104,105,107,108,113,114,116,118,121,125,129,132,135,140,142,146,147,149,151,153 "131";
132 9 0 1,3,7,8,14,21,28,30,32,37,38,43,52,53,55,64,66,74,85,86,88,90,91,94,99,100,103,104,107,108,110,113,115,120,123,125,127,129,131,137,138,143,144,145,149,152 "132";
133 14 1 2,5,12,15,23,26,30,39,41,46,51,53,55,58,59,63,65,68,70,71,78,80,81,84,93,95,107,109,115,117,125,130,144,147,155 "133";
134 139 0 5,13,24,34,36,52,55,61,63,67,82,83,88,96,100,102,105,118,121,125,127,132,133,138,141,151 "134";
135 76 1 8,25,27,32,34,36,37,41,46,48,60,63,64,67,77,78,80,86,89,102,110,112,114,116,123,130,139,144,150,151,155 "135";
136 7 1 0,2,4,5,7,13,14,18,20,22,28,29,36,37,40,44,46,48,51,54,56,61,63,65,68,73,74,76,78,82,83,84,86,88,93,95,97,105,109,110,112,115,119,120,122,124,126,127,129,130,132,138,140,146,147,148,152,153 "136";
137 61 1 0,2,3,5,7,10,12,13,16,17,21,23,25,26,28,29,31,33,34,35,36,38,39,42,44,46,47,49,51,52,54,55,57,59,61,63,69,71,72,74,75,78,79,84,89,91,93,94,95,97,100,102,103,106,109,118,121,122,124,125,129,131,132,133,135,140,142,144,147,149,150,154 "137";
138 45 0 0,4,9,10,14,18,37,49,71,73,76,79,81,86,92,95,97,104,111,113,118,145,146,155 "138";
139 143 0 36,50,53,57,67,80,85,89,91,108,115,124,126,133,141,147 "139";
140 126 1 2,4,8,12,14,16,17,18,20,23,25,27,28,30,34,43,46,48,50,57,60,61,64,66,67,71,72,75,77,83,85,87,91,105,110,113,115,118,120,123,127,129,132,135,139,140,143,144,145,147,148,150,152,154,155 "140";
141 5 0 1,3,5,6,9,13,15,18,19,21,22,23,25,28,29,30,33,34,35,37,38,40,42,44,46,48,50,51,52,56,57,61,62,64,66,67,68,72,74,76,77,79,80,81,85,86,90,92,93,94,97,98,101,104,106,111,114,116,118,120,121,123,128,129,131,132,134,141,142,143,149,150,152,154,155 "141";
142 128 0 0,16,17,18,33,43,48,51,55,58,60,62,67,70,79,97,102,104,106,124,130,135,146,150,154 "142";
143 75 0 1,3,5,11,16,20,23,26,27,29,31,36,38,40,45,49,50,51,53,54,56,57,60,61,64,67,68,69,72,76,77,79,80,81,85,86,90,94,95,96,97,102,103,104,105,106,108,110,112,114,121,122,126,129,130,131,133,135,138,146,148,151,154 "143";
144 44 0 0,3,6,10,12,16,20,26,30,31,34,37,42,46,49,56,57,58,64,65,66,68,71,74,77,78,79,81,86,88,96,97,101,107,110,114,115,117,120,124,126,128,129,131,137,140,141,143,145,149,151,153 "144";
145 146 1 3,6,12,23,28,42,61,75,85,94,105,108,122,144 "145";
146 103 0 21,26,38,42,56,71,85,87,96,123,152 "146";
147 0 1 3,10,20,25,28,37,40,41,55,60,72,74,79,82,84,88,109,126,130,135,140,146,147,153 "147";
148 129 1 13,34,36,39,43,46,51,60,79,99,104,120,141 "148";
149 20 0 3,6,10,12,13,15,16,17,19,21,22,24,27,30,34,35,38,39,42,44,48,50,54,56,58,59,63,65,69,72,76,79,82,84,87,90,92,94,97,101,108,110,114,117,121,123,124,126,128,130,131,133,138,140,141,143,149,150,152,155 "149";
150 6 0 27,28,33,40,44,55,58,65,67,79,82,95,102,111,117,124,129,143,144,146 "150";
151 79 1 0,5,6,8,10,12,14,19,21,25,28,33,34,40,41,43,44,46,48,50,52,53,54,58,61,63,66,67,68,70,71,76,78,80,81,84,86,88,89,91,94,95,97,99,101,105,107,109,112,114,118,122,124,126,128,129,135,137,139,141,143,150,151,153,155 "151";
152 146 0 0,3,6,9,11,13,18,22,24,27,29,30,32,35,37,39,41,46,49,52,56,60,63,64,66,68,70,73,86,87,89,92,94,99,102,107,109,112,113,115,118,122,127,135,140,142,144,148,151,154 "152";
153 3 1 0,4,7,9,12,23,30,34,37,39,40,42,45,49,51,63,67,69,82,87,97,98,109,114,119,124,127,130,132,137,144,151,154,155 "153";
154 54 0 4,14,15,31,37,38,47,53,58,59,63,66,69,73,74,76,79,84,89,94,95,98,105,114,117,121,127,131,132,141,143 "154";
155 70 0 0,1,8,10,12,13,17,20,21,23,25,28,32,37,39,41,45,46,48,51,57,59,60,62,65,66,67,72,74,75,79,80,86,89,91,94,98,99,100,102,106,108,110,112,115,118,119,124,126,129,131,134,137,139,140,143,144,147,151,152 "155";
