parity 174;
0 61 1 4,5,7,17,19,22,25,27,28,32,54,59,64,70,73,76,85,87,88,90,96,100,109,119,122,124,143,147,158,159,161,164,173 "0";
1 120 1 5,40,52,60,66,90,103,105,107,132,143,148 "1";
2 142 0 1,2,4,7,10,12,13,14,16,18,20,24,27,29,34,36,38,39,40,42,47,50,51,58,60,63,68,71,72,74,76,77,79,83,84,85,87,88,89,92,93,96,97,99,100,101,103,105,111,112,114,117,122,123,125,128,133,135,137,141,144,145,147,150,151,153,156,158,159,162,164,165,167,168,169,171,174 "2";
3 109 0 1,12,22,24,25,29,31,38,44,53,55,58,60,64,72,82,97,100,107,114,119,130,132,137,146,149,156,162,172 "3";
4 115 1 0,6,8,10,18,19,23,25,27,29,33,37,40,42,44,46,49,52,55,56,57,58,60,63,66,68,69,72,73,78,80,81,84,88,89,90,92,93,96,97,99,100,102,106,108,109,113,115,119,122,124,127,131,134,135,137,139,141,142,144,145,149,151,153,157,160,163,164,166,167,168,170,172,174 "4";
5 2 1 0,1,4,8,10,12,14,15,17,18,19,21,26,28,29,31,34,36,37,38,41,44,47,49,52,54,55,59,60,64,65,67,68,71,74,78,80,82,83,85,89,90,93,95,97,99,103,106,108,111,115,117,119,122,125,126,127,129,130,134,136,137,140,142,143,146,147,149,150,152,157,162,164,166,168,169,171,173 "5";
6 138 1 0,3,7,9,10,11,13,19,22,26,27,34,42,45,47,51,53,54,60,67,69,70,72,77,80,82,85,86,93,94,100,101,103,104,112,113,117,121,123,125,126,128,130,135,137,140,146,154,158,162,165,166 "6";
7 26 0 3,6,9,12,45,46,48,57,64,71,72,82,103,110,112,119,140,144,152,161,163,167 "7";
8 151 1 11,32,35,48,52,54,57,65,68,73,82,85,89,91,98,100,101,107,133,145,151,158,164,169 "8";
9 90 1 0,2,4,9,11,13,16,18,19,21,23,24,25,27,28,32,36,38,40,41,43,47,49,51,54,56,58,62,63,66,73,75,79,80,82,84,87,89,92,94,96,99,100,105,107,112,114,115,118,125,130,133,135,140,142,146,150,151,152,154,155,159,162,164,171,172,173 "9";
10 171 1 5,28,45,50,52,59,65,79,84,85,96,99,170,171,173 "10";
11 111 0 3,6,11,16,25,29,35,38,40,41,42,45,50,53,54,58,60,63,65,67,68,70,73,75,76,80,83,88,90,91,103,104,105,107,109,112,114,119,120,121,123,124,126,131,132,136,143,145,146,149,151,153,157,158,164,166,169,171 "11";
12 82 1 1,3,7,10,12,14,15,18,21,23,24,28,29,31,32,35,41,42,45,49,54,65,67,70,72,75,76,79,84,85,87,90,91,92,95,99,100,104,106,108,110,111,112,115,116,119,122,125,126,132,133,136,138,140,143,146,150,152,155,157,159,160,164,165,169,170,172,174 "12";
13 53 0 0,2,6,7,9,11,13,14,19,20,22,24,26,29,31,33,37,42,45,46,50,52,58,59,61,63,64,70,74,76,78,84,86,89,92,95,97,101,102,104,106,109,111,115,116,128,131,133,134,135,138,140,142,144,150,152,153,162,163,168,172,173 "13";
14 43 0 1,2,4,5,7,11,15,17,18,23,29,31,33,34,38,40,42,43,46,48,49,50,52,53,56,57,63,66,68,70,73,75,77,78,79,80,83,85,89,91,94,95,96,98,103,104,108,110,112,114,115,118,119,126,127,128,129,131,132,137,139,143,144,146,147,150,154,156,158,161,162,164,165,167,168,170,171,174 "14";
15 129 1 3,7,10,12,17,19,22,32,35,39,45,52,55,60,76,77,87,89,99,101,103,106,107,113,122,128,130,139,144,147,148,155,157,165,169,173,174 "15";
16 4 0 0,2,4,7,10,11,12,14,18,26,31,33,40,44,48,51,53,54,57,59,60,65,73,75,78,81,86,89,90,91,95,98,99,101,103,107,109,115,116,118,125,129,135,137,142,144,147,148,150,151,153,156,166,168,172 "16";
17 158 1 1,3,9,13,28,30,41,47,55,57,59,61,82,89,92,93,95,99,102,103,106,109,110,115,127,132,135,137,142,150,152,159,165,167,172 "17";
18 142 1 6,10,15,27,29,37,39,40,43,44,48,50,53,54,59,66,69,71,78,79,83,84,86,88,90,93,94,98,103,105,110,116,117,118,125,127,129,131,135,138,142,146,153,158,159 "18";
19 139 0 1,4,14,16,20,21,23,28,29,33,38,43,44,49,50,52,55,58,61,64,67,70,73,75,78,84,86,91,92,93,95,96,100,102,105,109,111,114,115,119,121,126,131,133,135,136,138,142,143,146,149,157,158,161,162,164,171,174 "19";
20 122 1 0,2,4,11,14,16,18,22,26,27,29,32,38,40,44,45,46,48,51,58,59,61,63,64,68,69,73,79,83,85,86,87,89,92,95,96,97,99,103,104,108,113,120,121,122,127,131,142,144,146,150,154,157,159,165,167,168,170,173 "20";
21 168 0 21,32,50,74,75,78,85,96,98,105,113,117,120,124,126,135,144,145,174 "21";
22 165 0 3,5,7,14,20,25,28,31,35,37,40,42,45,54,56,59,60,63,66,71,74,75,79,81,83,85,89,92,95,97,98,102,107,109,114,116,118,120,123,124,125,130,131,132,136,139,142,147,150,156,157,162,166,168,171,174 "22";
23 89 1 1,3,5,27,32,33,37,39,46,48,58,60,75,80,81,84,99,102,104,105,110,117,128,129,130,134,138,149,151,161,165,167,168,169 "23";
24 104 1 2,4,6,10,13,14,17,20,24,25,28,29,35,37,38,41,42,44,47,49,52,54,55,60,61,63,66,67,78,85,88,91,95,97,100,101,106,107,108,112,114,115,118,121,122,128,130,133,140,145,147,149,151,153,154,156,158,164,166,168,171,173 "24";
25 62 1 13,20,23,25,52,67,79,83,84,102,107,111,141,142,147,153,162,163,164,167,169,172 "25";
26 106 1 0,2,4,7,8,10,12,14,16,18,19,21,25,33,35,37,38,40,41,48,52,56,58,60,61,63,65,68,71,73,78,79,82,83,87,88,90,91,92,95,101,103,106,108,110,112,114,116,117,119,121,122,123,125,126,130,132,134,136,143,148,150,155,158,160,161,163,164,167,169,171,174 "26";
27 139 1 2,3,5,7,9,12,17,18,20,22,24,25,26,30,32,33,34,38,41,42,43,44,46,48,50,52,53,55,57,60,61,63,65,66,67,69,70,75,78,80,81,84,86,87,89,91,93,94,98,101,104,105,108,109,113,114,115,117,121,122,124,127,128,129,130,136,137,141,144,145,147,150,152,154,155,157,158,160,162,164,166,167,168,171,172,174 "27";
28 124 1 1,8,10,12,13,16,19,20,30,34,46,47,49,52,55,58,64,68,71,74,75,80,82,84,93,99,101,103,108,116,117,118,131,137,139,143,150,153 "28";
29 66 1 4,19,27,40,42,44,62,64,72,74,86,96,100,106,124,128,138,149,153 "29";
30 65 1 2,4,12,16,18,26,29,31,35,38,40,47,52,53,58,60,67,69,71,73,78,82,83,86,87,95,97,104,106,108,109,111,113,115,122,124,125,127,134,135,136,138,143,146,151,153,157,159,160,163,167,169 "30";
31 88 1 0,7,11,13,15,18,20,22,24,25,30,35,37,50,56,57,59,61,62,64,69,72,77,83,85,88,96,98,103,105,108,110,111,132,133,138,139,140,144,145,147,152,159,161,165,166,167,173 "31";
32 4 0 2,5,11,14,18,20,21,22,26,28,32,33,34,37,39,41,42,44,47,50,52,55,58,59,60,61,62,66,68,69,71,72,74,75,79,82,86,88,90,92,93,103,104,106,107,108,110,112,114,117,119,123,124,128,132,137,140,141,145,149,150,151,153,154,158,160,163,165,166,168,170,171,173 "32";
33 131 0 12,18,20,23,40,44,52,54,61,62,76,97,107,112,113,115,119,127,153,155,161,163,168,172 "33";
34 137 1 3,5,7,8,9,12,15,16,18,19,22,23,26,28,31,39,40,43,45,51,52,54,58,59,61,63,68,71,75,79,80,83,86,92,94,97,100,107,110,112,114,121,124,126,131,132,134,138,140,142,144,149,154,158,160,161,164,167,170,172,173,174 "34";
35 99 0 5,10,21,23,31,36,38,43,50,64,73,77,79,80,81,89,90,92,94,103,105,108,117,121,124,126,128,130,142,144,147,156,158,162,172 "35";
36 162 1 0,1,3,5,8,10,16,17,21,26,28,30,32,34,37,38,39,41,42,43,44,46,47,51,52,54,58,60,70,73,76,80,84,88,93,95,102,107,112,115,116,117,120,122,124,126,127,132,138,140,141,142,147,149,150,152,154,161,164,167,170,173 "36";
37 158 1 6,10,38,51,54,57,59,77,87,94,97,110,117,122,135,136,143,145,149,152 "37";
38 131 0 0,1,4,5,8,11,12,15,18,19,23,24,28,29,31,32,35,37,39,41,42,44,46,48,52,54,58,60,64,65,67,68,70,72,74,76,80,82,83,85,86,88,89,92,93,94,96,97,99,101,103,104,107,108,111,113,114,116,118,119,120,124,131,132,134,135,138,141,143,145,148,150,152,154,156,157,159,161,164,166,168,169,170,171,172 "38";
39 39 1 2,3,7,23,25,29,35,36,38,40,44,45,52,53,55,59,60,62,67,70,84,87,88,92,95,99,101,103,107,109,111,113,114,116,123,127,142,148,150,152,154,157,160,167,170,172,174 "39";
40 53 0 3,5,9,11,14,16,21,23,25,28,30,32,34,35,38,39,41,42,44,45,47,49,51,62,64,68,72,73,75,82,84,89,92,94,96,98,99,101,103,107,110,111,116,121,122,123,125,127,129,130,132,134,138,139,142,145,149,151,154,155,158,162,164,166,168,169,171,173,174 "40";
41 142 0 0,9,13,17,19,22,23,26,27,29,31,33,34,35,41,45,51,58,61,63,66,70,75,81,83,90,94,97,101,102,106,108,121,122,126,129,137,144,145,148,152,153,155,157,159,161,163,166,168,169,170,172 "41";
42 40 1 5,9,15,23,26,30,32,36,39,40,43,46,49,51,58,73,74,83,84,99,102,113,116,120,125,130,135,141,144,146,153,156,159,161,167 "42";
43 134 1 2,6,7,9,10,15,18,28,30,37,39,43,45,47,49,55,57,62,64,65,67,73,76,78,79,82,84,88,91,92,99,101,103,108,109,111,112,120,121,123,126,129,130,138,140,150,153,160,164,168,169,173,174 "43";
44 148 0 1,6,16,21,24,25,30,31,33,35,36,39,41,43,47,48,52,54,58,59,72,74,77,85,87,91,94,95,100,102,105,112,119,125,137,139,141,143,144,146,148,155,157,164,168 "44";
45 102 0 6,11,18,21,28,31,34,36,38,45,46,54,57,58,63,70,72,80,89,93,99,104,120,124,137,141,156,166,170 "45";
46 23 0 1,3,6,11,14,16,20,23,26,28,30,39,43,52,56,63,65,74,75,79,82,90,92,95,100,103,108,110,114,120,126,132,133,135,137,142,148,151,159,161,162,167,169,171,173 "46";
47 104 0 2,5,6,9,12,18,20,23,28,32,35,37,38,43,47,49,51,55,57,61,62,68,71,74,77,80,85,88,92,93,94,97,100,105,106,114,116,120,123,125,126,128,130,131,137,141,145,147,152,158,160,166,173,174 "47";
48 93 0 0,3,5,9,12,15,19,20,21,23,26,27,28,30,31,34,37,38,40,42,45,48,49,51,53,54,56,58,60,62,65,67,68,69,73,75,78,80,82,87,91,92,94,96,97,99,103,106,108,109,111,115,116,120,126,129,133,135,136,138,139,141,142,144,145,147,149,154,157,158,161,162,165,167,171,173 "48";
49 95 1 1,15,18,35,37,44,51,84,111,128,149,153,155 "49";
50 82 0 1,2,5,7,9,11,18,20,23,25,29,36,38,40,46,48,50,51,57,60,63,65,67,69,70,75,76,88,90,92,95,96,99,106,110,114,116,120,124,129,131,135,138,139,140,142,143,146,149,151,157,159,171,173 "50";
51 59 1 0,14,16,19,24,30,33,36,49,51,55,57,63,66,72,79,86,90,91,99,105,108,117,129,137,140,150,153,154,161,166,170 "51";
52 41 0 8,15,18,21,24,29,40,49,52,56,62,66,68,70,75,84,88,91,92,95,99,107,110,112,113,118,121,124,125,127,133,134,135,140,148,169 "52";
53 172 0 14,29,122,129,156 "53";
54 168 1 5,7,9,13,19,20,28,36,41,44,46,48,49,50,53,56,59,60,62,67,69,73,76,81,91,96,99,100,104,107,113,120,125,126,128,134,135,139,145,146,156,157,160,166,169,170 "54";
55 132 1 0,1,2,3,6,7,8,11,13,15,18,20,24,27,28,31,32,34,39,41,43,45,47,48,49,51,52,58,59,60,61,63,64,65,68,69,74,75,77,78,79,80,81,85,86,88,90,91,93,97,99,105,108,110,112,115,118,122,124,127,128,129,133,135,136,141,143,145,146,148,150,151,154,158,160,163,165,168,169,170,173,174 "55";
56 26 0 2,13,18,19,33,34,36,37,45,46,48,50,54,56,66,67,70,72,74,83,84,87,89,99,101,114,116,126,134,155,163,165,173 "56";
57 38 1 9,14,24,30,33,36,39,41,44,50,79,88,91,102,107,131,136,141,145,148,150,153,156,158,160,166 "57";
58 115 1 0,1,4,6,9,11,13,20,21,24,26,27,32,34,35,37,43,45,47,48,51,52,54,57,59,60,63,67,68,70,76,78,80,82,85,86,88,90,93,94,95,99,100,101,102,104,110,111,114,120,123,130,139,142,143,147,149,151,152,154,155,158,160,161,162,167,169,170,171,172,174 "58";
59 134 0 1,4,15,20,22,24,27,28,35,42,44,45,48,51,54,59,68,70,72,80,83,93,98,101,105,106,109,112,116,122,126,129,130,133,135,140,144,146,147,150,154 "59";
60 47 1 0,3,7,8,13,16,18,19,21,23,25,36,39,43,46,50,53,54,56,57,63,67,74,78,82,83,85,86,90,98,104,105,106,108,111,115,118,121,125,130,137,142,144,151,154,157,160,163,168,170,173,174 "60";
61 124 1 1,2,3,5,8,10,12,14,16,19,20,21,23,24,25,28,30,32,34,35,36,40,41,43,46,47,49,50,51,53,55,58,62,63,65,68,69,70,72,73,76,77,78,79,80,82,84,91,93,97,98,100,101,103,104,106,108,110,112,113,116,118,120,123,124,126,128,129,132,134,135,137,139,141,144,145,148,151,154,155,156,158,161,164,167,169,173,174 "61";
62 159 0 22,26,30,52,61,83,86,102,104,107,110,119,122,124,125,131,146,151,156 "62";
63 171 1 50,76,93,102,104,113 "63";
64 100 1 3,5,7,8,14,19,23,34,35,39,45,48,50,54,57,65,73,76,83,84,86,87,89,90,91,101,106,109,113,120,121,124,125,126,128,129,131,136,139,140,142,144,146,148,151,153,155,156,157,160,167,170,174 "64";
65 136 0 0,1,3,4,8,10,11,13,16,18,19,24,27,29,33,35,37,39,40,41,43,50,51,52,54,58,59,61,63,65,68,71,73,76,77,78,81,85,86,88,90,92,94,96,98,99,101,103,105,108,110,113,115,116,118,120,122,123,125,126,127,130,132,134,136,137,138,139,141,144,145,148,150,155,158,159,160,162,163,166,168,169,172,174 "65";
66 42 1 3,6,8,13,16,18,19,20,26,37,38,40,43,51,54,60,62,64,67,72,80,85,90,95,96,98,106,111,123,124,125,129,131,132,133,136,143,144,148,155,171 "66";
67 11 0 24,41,84,173 "67";
68 126 1 0,2,4,5,7,8,9,12,14,16,32,35,40,41,44,45,50,55,57,61,62,64,66,72,75,77,81,83,85,86,88,92,95,97,98,100,103,105,107,110,113,116,118,120,125,127,130,131,135,137,139,141,142,144,147,149,151,153,154,161,163,164,170,172,174 "68";
69 103 1 3,6,8,10,17,20,22,29,33,35,43,53,57,63,72,75,76,79,84,88,89,93,95,97,99,101,123,130,131,133,137,138,141,151,161,163,165,170,171 "69";
70 72 0 1,7,11,15,18,21,28,33,38,43,45,47,50,53,60,62,69,72,76,79,81,84,86,88,91,95,98,99,100,102,105,110,111,113,119,121,124,126,127,131,132,135,139,142,145,156,157,160,163,165,169,173 "70";
71 11 1 1,4,5,6,8,11,13,15,17,18,20,22,25,26,30,32,33,34,35,37,38,40,44,45,47,48,50,53,55,57,58,59,62,64,69,70,72,73,75,78,79,83,85,86,89,91,92,94,96,97,99,100,102,106,109,112,118,120,122,124,126,127,129,133,135,137,139,143,147,151,157,159,160,162,163,165,167,169,172 "71";
72 29 0 2,12,42,56,60,62,68,70,74,80,93,94,102,118,120,122,132,146,156,165,171 "72";
73 158 1 0,2,3,7,9,12,13,17,19,22,24,26,28,30,31,33,36,37,38,40,42,43,45,47,48,50,53,55,57,62,65,67,68,70,73,74,75,78,84,85,87,88,89,91,92,93,95,98,103,105,107,108,110,112,113,114,117,118,119,122,124,126,127,128,129,133,134,136,141,142,144,146,149,150,153,155,160,161,163,164,165,166,168,171,172 "73";
74 10 0 4,5,9,14,18,21,23,29,31,37,40,43,45,54,62,65,67,69,74,75,78,79,80,82,85,87,90,91,92,98,100,106,109,110,113,115,116,118,119,125,126,129,131,134,138,141,144,145,149,150,160,163,167 "74";
75 57 1 4,16,18,19,29,44,53,55,59,64,79,92,99,111,114,121,139,149,152,157,161,164 "75";
76 128 1 0,4,6,7,9,11,12,13,19,21,24,26,34,35,37,39,46,49,51,52,54,55,56,57,59,60,62,66,67,71,74,76,79,80,82,84,86,88,91,92,95,96,98,99,101,103,105,109,112,114,116,117,118,120,122,124,126,130,133,134,135,137,140,141,143,144,148,149,154,156,161,163,165,168,170,172,173 "76";
77 86 1 1,6,11,12,18,20,22,26,32,34,36,40,47,48,51,70,72,76,83,88,95,97,100,101,105,107,116,118,122,124,125,127,129,131,132,139,143,145,151,152,157,158,163,164,174 "77";
78 55 1 0,2,4,9,10,13,14,16,17,22,32,37,38,41,44,47,48,52,57,59,60,64,66,70,71,79,80,84,88,93,94,98,100,104,110,116,118,121,130,132,134,136,138,142,145,148,151,153,155,157,165,167,171,173 "78";
79 107 1 1,47,102,104,121,136,143,149 "79";
80 18 1 3,5,10,13,14,22,24,30,37,39,50,54,61,65,68,72,75,77,84,90,91,96,98,100,107,109,115,131,137,152,153,157,170,172,174 "80";
81 115 1 0,2,4,6,7,8,11,12,14,15,16,17,19,22,24,27,28,29,31,33,36,38,39,42,44,51,53,55,59,60,62,64,65,68,69,70,72,73,75,76,78,80,81,84,86,88,90,92,94,95,97,100,102,104,105,106,108,110,114,119,120,122,125,126,128,130,133,134,135,136,138,139,141,142,147,149,151,153,159,160,162,165,167,168,170,171,173 "81";
82 72 0 4,9,11,16,28,30,34,48,53,77,84,94,96,100,129,141,152,163,166 "82";
83 41 1 3,5,6,9,10,14,15,16,17,20,22,24,28,29,32,34,35,40,42,43,46,47,51,53,55,57,60,61,63,64,66,67,70,74,78,80,82,86,91,92,94,97,99,100,103,107,109,115,118,119,120,122,123,125,126,130,132,134,137,138,140,143,145,146,148,149,151,152,155,157,158,162,165,166,169,171,173,174 "83";
84 96 1 19,21,43,60,67,93,107,109,134,153,165,169 "84";
85 94 1 5,10,14,27,30,50,54,62,67,72,88,99,102,112,114,130,133,136,151,157,159,166,170 "85";
86 13 0 0,2,3,4,6,11,13,15,16,18,20,22,23,27,28,31,33,36,38,39,41,48,49,50,51,52,56,57,58,60,61,62,63,65,67,68,70,71,72,76,78,84,86,87,89,92,94,96,97,99,101,103,104,106,111,112,113,116,117,120,121,123,127,128,129,131,133,135,139,145,149,152,155,156,158,160,161,163,165,166,170,171,174 "86";
87 55 1 5,8,9,11,12,14,15,19,20,22,24,27,28,31,33,35,37,38,40,48,50,57,60,61,64,68,71,73,74,75,77,78,80,82,84,87,88,91,94,97,99,107,109,111,112,113,116,117,119,121,125,129,131,133,136,137,144,145,148,149,151,152,156,167,169,171,173 "87";
88 156 1 0,2,4,8,11,14,16,19,21,22,26,28,31,33,36,37,38,41,45,47,51,53,54,55,57,58,60,62,66,67,69,73,74,76,78,80,81,83,86,88,91,93,95,96,97,99,101,103,107,112,114,115,117,119,120,124,130,131,133,138,139,145,148,150,155,157,159,160,163,166,170,172,174 "88";
89 82 1 4,5,9,10,18,19,21,25,36,38,43,44,45,47,48,53,60,62,73,74,76,80,84,87,97,99,108,110,116,123,127,129,134,136,143,149,153,155,160,163,166,168,169,170,172,174 "89";
90 40 0 1,2,3,5,6,9,12,13,15,16,18,19,23,25,27,28,29,31,32,33,36,39,41,42,44,46,49,51,52,53,56,61,62,64,66,67,69,70,74,77,83,85,87,88,93,94,96,97,104,105,107,109,110,112,113,115,116,121,123,124,126,128,129,131,132,134,135,137,138,140,142,146,148,149,150,154,156,159,163,164,165,167,169,170,172 "90";
91 15 1 20,26,33,48,51,62,78,86,101,115,127,139,165,170,174 "91";
92 32 0 0,6,7,9,10,12,14,23,25,29,30,31,35,37,40,42,43,45,47,50,52,55,58,60,62,63,68,69,71,73,76,79,80,81,83,84,88,91,95,96,98,101,103,104,107,109,111,112,116,118,119,121,122,125,128,130,132,133,134,137,138,139,142,146,148,151,153,154,156,165,167,168,172,174 "92";
93 135 1 1,2,4,5,7,8,9,14,18,22,30,32,34,37,39,40,43,45,47,48,49,51,54,55,56,58,60,61,62,64,65,67,71,75,78,79,82,83,87,89,93,96,98,100,102,108,112,113,116,119,122,128,130,131,132,134,136,139,140,145,147,152,155,156,158,161,165,166,168,170,172 "93";
94 133 0 1,4,10,12,14,15,17,20,21,24,28,29,31,34,37,39,40,46,51,53,55,59,62,66,67,70,72,74,75,76,79,82,90,91,94,96,97,100,104,106,108,110,113,115,119,120,121,124,126,128,131,132,140,145,147,150,152,156,161,163,170,172,173 "94";
95 53 0 2,4,7,9,10,13,16,22,26,37,39,48,53,57,61,64,65,68,69,71,75,76,78,80,83,88,90,92,96,99,105,109,111,112,114,121,128,130,132,134,136,138,140,144,146,153,156,157,160,165,167,168,170,172,173 "95";
96 55 1 0,1,3,4,5,7,9,12,13,14,16,17,18,21,23,25,26,27,31,36,39,41,42,44,45,46,47,49,50,52,54,56,57,63,65,66,68,70,71,74,75,77,79,82,87,90,91,95,97,99,101,103,105,106,111,113,114,121,124,126,127,129,130,131,133,134,135,137,139,140,145,147,149,152,153,154,156,158,159,163,165,167,168,171,174 "96";
97 175 1 1,3,8,13,15,18,20,22,23,26,27,29,32,33,34,38,39,43,46,49,50,51,53,54,56,58,60,61,63,65,66,67,68,70,71,76,77,80,82,83,88,91,96,97,99,103,105,107,110,111,113,115,117,119,121,123,130,132,134,136,137,139,147,148,150,153,155,158,163,165,168,171,172,174 "97";
98 8 1 38,67,152,157,170 "98";
99 144 0 0,5,6,11,23,28,36,39,44,54,58,59,62,67,70,74,75,80,91,96,103,108,111,119,121,132,142,145,153,155,156,172 "99";
100 158 1 0,2,3,7,15,18,21,25,26,29,30,35,37,45,46,51,54,61,63,66,81,84,93,95,97,102,105,107,109,111,113,124,129,130,132,134,144,149,152,154,156,157,165,169,171,173,174 "100";
101 156 1 2,43,48,52,68,70,73,127,141,150,160 "101";
102 170 0 3,7,11,14,16,19,23,25,28,29,51,52,54,55,57,62,65,66,69,77,81,83,84,91,93,97,104,106,110,115,118,119,125,135,139,148,170,174 "102";
103 154 0 0,3,4,7,9,11,13,14,17,23,25,28,29,32,35,37,39,40,42,43,46,48,50,52,53,54,57,59,61,62,64,66,67,69,71,72,74,76,79,80,82,83,84,86,87,89,93,95,97,98,100,103,105,107,108,112,116,117,119,120,122,124,126,127,131,133,135,137,138,141,142,144,146,148,150,152,153,154,156,157,161,163,167,168,171,172,174 "103";
104 175 0 4,5,10,11,13,14,16,18,19,22,24,25,28,29,33,38,41,43,44,46,47,49,51,54,57,60,62,69,70,72,74,75,78,82,85,86,88,89,91,96,98,107,108,109,112,118,119,120,122,125,126,128,132,135,138,140,142,143,145,146,148,150,153,155,160,161,164,166,168,169,171,173 "104";
105 76 1 1,15,18,21,24,25,26,29,32,33,37,38,40,41,47,50,52,56,57,60,64,68,72,74,76,78,90,93,94,96,97,98,100,101,102,103,108,111,115,117,127,129,130,133,135,137,141,142,144,147,148,150,158,162,163,167,168,172 "105";
106 17 1 1,2,3,6,7,10,14,16,20,22,24,25,27,28,30,32,33,35,36,37,38,41,42,44,45,47,49,51,53,55,56,62,64,71,73,75,78,79,80,81,83,85,86,87,89,90,91,95,98,99,105,107,108,110,112,114,115,116,117,119,123,124,127,128,129,131,132,133,136,138,139,141,144,145,147,149,152,154,156,157,160,161,162,164,168,170,173,174 "106";
107 149 1 2,33,36,40,61,69,77,95,103,117,142 "107";
108 90 0 0,4,6,13,14,17,18,19,27,29,31,33,36,38,39,41,43,45,46,49,51,53,55,60,63,66,68,70,76,80,81,85,91,92,93,95,97,99,101,104,108,110,111,113,114,116,117,121,123,127,130,132,134,135,137,138,140,142,143,144,146,148,149,151,153,156,158,160,161,163,164,170,172,174 "108";
109 87 1 0,2,6,8,9,11,12,14,16,19,20,21,22,25,26,28,29,33,35,39,41,42,43,46,48,49,51,53,54,58,60,62,63,65,67,69,73,74,76,78,81,83,85,87,89,91,93,94,96,98,99,101,103,105,106,108,109,113,116,118,120,122,125,126,127,129,132,133,138,141,143,146,147,150,152,154,155,157,160,161,163,165,167,168,171,173,174 "109";
110 142 0 22,32,41,49,57,60,69,79,83,90,93,94,109,113,118,120,127,131,132,135,146,149,158,159,161,162,168,174 "110";
111 134 1 2,4,6,7,9,10,13,16,19,22,23,25,26,29,32,34,36,38,40,41,43,45,46,47,48,49,55,57,61,62,63,67,68,72,74,75,77,78,81,87,88,89,91,93,95,97,98,99,100,102,104,105,106,109,111,112,114,117,119,120,123,125,128,129,130,132,133,135,140,142,143,144,146,148,152,154,157,158,160,161,162,165,168,169,172,173,174 "111";
112 162 0 3,5,6,7,10,18,22,23,24,26,30,31,33,35,37,40,42,44,45,47,49,51,53,54,58,59,60,63,65,66,69,71,73,74,76,77,80,85,88,90,92,93,95,97,98,100,104,106,110,111,112,115,117,118,120,123,124,126,127,129,130,131,132,134,136,138,139,141,143,144,145,149,151,157,159,161,164,167,168,169,171,172,173,174 "112";
113 24 1 0,1,5,7,12,15,19,33,36,39,44,46,49,52,57,65,71,72,74,78,84,91,95,97,107,108,116,121,126,127,143,147,149,153,154,159,160,165,168,172 "113";
114 127 1 0,2,5,6,7,12,13,14,15,18,21,23,25,26,27,29,31,32,37,39,41,43,45,47,48,50,52,55,56,58,60,62,63,66,67,68,70,74,80,81,82,85,87,90,92,94,98,102,103,104,105,108,110,114,116,118,119,123,124,125,126,128,131,132,133,135,137,138,141,143,145,146,149,150,151,152,155,158,159,162,163,166,167,170,171,173,174 "114";
115 78 1 5,9,17,21,26,30,32,43,49,51,59,61,63,66,68,72,73,77,85,96,105,112,119,122,123,127,134,139,143,145,146,151,157,160,162,171,173 "115";
116 41 1 1,3,6,10,12,15,20,23,24,28,32,33,36,39,43,45,47,48,51,53,56,58,61,62,64,65,67,70,71,76,79,81,83,86,87,88,89,92,93,95,98,101,102,104,106,108,110,115,116,117,119,121,123,124,126,127,130,131,132,136,137,141,144,146,148,149,151,157,158,161,165,166,167,168,172 "116";
117 23 0 1,2,4,7,9,10,14,18,21,23,24,25,27,29,31,33,34,36,37,39,40,41,45,47,49,51,52,54,57,59,60,65,68,70,71,73,75,77,80,81,82,84,85,86,87,89,92,94,95,98,102,104,108,114,117,118,119,121,123,124,126,128,130,132,136,137,140,144,146,152,155,156,158,162,167,169,170,172,174 "117";
118 3 1 9,12,16,19,25,26,30,32,33,36,42,44,45,50,55,60,61,64,66,70,75,76,79,80,82,85,94,103,109,110,112,115,121,125,130,135,137,139,143,146,150,151,154,158,161,163,164,167,168,174 "118";
119 123 0 3,5,8,9,12,17,18,19,20,24,27,33,34,36,38,39,44,46,48,50,55,57,63,65,66,70,72,75,76,79,81,82,84,86,87,89,91,100,103,105,107,112,117,120,123,128,129,132,134,137,142,145,146,148,150,152,156,158,161,163,167,171,174 "119";
120 60 0 8,23,24,25,28,32,38,40,42,43,58,60,62,65,73,76,78,81,83,84,92,96,98,100,102,107,108,110,113,114,116,117,119,123,128,130,132,136,139,140,145,146,153,154,160,161,163,165,168 "120";
121 29 1 9,14,31,40,46,57,70,80,91,101,104,109,117,134,138,140,165 "121";
122 149 0 0,5,11,13,15,16,19,38,48,50,52,59,69,74,79,85,94,95,97,110,113,137,141,148,153,164,168 "122";
123 11 0 0,1,4,6,7,11,20,22,23,25,28,30,33,36,48,51,52,54,57,60,62,65,69,74,75,79,83,84,88,89,95,97,100,102,112,115,116,117,119,120,125,126,130,132,134,137,142,144,146,148,152,154,157,159,160,162,164,168,173 "123";
124 103 1 4,12,19,26,34,40,45,62,67,68,79,97,99,105,119,142,148,164,171 "124";
125 69 0 2,6,8,11,13,18,22,25,26,27,29,32,35,37,49,54,59,62,64,70,73,77,81,83,99,100,104,108,113,117,121,127,132,137,139,140,146,154,156,164,165,171,173 "125";
126 16 1 6,26,30,43,44,49,53,54,62,71,81,94,98,99,100,107,108,111,122,125,136,154,160,161,167 "126";
127 77 0 1,2,6,11,15,16,17,18,25,29,30,31,34,41,45,50,52,55,60,65,67,70,72,74,78,80,82,84,88,89,90,93,94,96,98,99,100,102,105,108,110,112,113,114,116,119,122,123,128,129,130,132,139,147,152,155,157,159,164,167,168,170,174 "127";
128 126 0 13,15,17,32,43,47,51,52,53,63,68,70,72,90,97,99,102,108,110,111,113,124,129,137,138,152,160,162,167,174 "128";
129 13 1 2,7,14,16,18,23,24,28,33,39,42,46,56,58,61,74,85,93,95,96,103,122,124,129,133,136,139,145,147,167 "129";
130 86 0 0,1,3,12,16,22,24,25,31,34,36,47,51,54,61,62,65,70,75,78,81,84,88,91,97,98,103,106,110,118,120,122,125,127,128,135,137,139,146,150,153,158,161,164,168,170,172 "130";
131 69 1 21,59,78,127,149 "131";
132 148 1 31,79,93,101,103,108,137,160,170 "132";
133 12 1 3,7,11,12,13,18,19,21,22,23,25,27,29,30,32,33,37,38,40,41,43,44,46,47,48,50,51,55,56,57,59,60,63,65,66,68,69,72,73,75,76,78,79,81,82,84,86,88,89,90,93,96,100,102,103,105,108,110,111,113,116,117,118,123,130,131,135,138,139,141,143,145,146,148,151,153,154,156,161,163,166,167,169,171,172,174 "133";
134 122 0 12,24,28,32,46,52,67,78,86,112,132,140,147,169 "134";
135 173 1 6,9,16,32,47,51,71,94,96,98,113,118,120,138,139,142,144,145,161,163,165,172 "135";
136 150 0 9,27,61,67,89,94,107,145,156,169 "136";
137 21 1 0,2,4,8,9,10,13,15,17,18,21,22,26,28,30,31,33,36,37,38,40,41,43,45,46,51,52,55,56,57,59,63,64,66,71,73,74,77,79,80,81,83,85,87,91,93,95,97,100,102,103,106,109,112,114,117,119,120,122,123,124,125,126,128,129,130,135,136,137,140,144,147,150,151,153,157,160,163,165,167,169,171,173,174 "137";
138 1 0 1,4,9,12,16,22,23,26,28,33,35,36,42,47,48,50,53,56,58,60,63,67,69,74,76,81,82,85,89,93,96,97,99,101,106,113,115,116,118,123,124,127,132,135,140,144,145,154,157,158,160,165,167,169,172,174 "138";
139 7 1 0,10,18,22,26,28,35,38,40,58,63,64,66,70,81,85,87,90,95,97,99,101,107,110,112,115,119,121,122,125,128,134,137,143,151,153,160,163,165,169,170,171,174 "139";
140 59 1 0,5,6,8,19,23,26,28,34,35,39,40,41,48,57,59,66,70,80,82,87,94,96,98,104,110,114,116,117,123,134,136,140,142,152,158,160,168 "140";
141 64 1 3,4,6,7,9,11,17,19,21,24,29,32,35,37,40,42,44,45,48,51,54,55,58,66,67,70,74,77,79,81,83,86,87,91,93,97,99,103,106,109,110,114,119,123,125,130,131,133,135,136,138,140,144,146,148,152,154,160,165,171,174 "141";
142 72 0 9,18,21,29,31,46,50,57,62,67,70,72,75,77,82,86,92,93,97,104,112,134,144,158,165,170 "142";
143 163 1 0,4,5,9,11,14,16,18,19,23,25,29,30,31,33,35,38,39,41,43,44,45,46,48,50,52,54,56,57,59,61,65,67,70,72,77,78,80,82,83,85,86,90,91,92,94,96,97,102,105,107,108,111,113,115,116,120,121,123,124,125,126,128,130,131,133,134,139,144,146,147,148,150,151,153,157,159,162,163,165,166,167,169,170,172,173,174 "143";
144 6 0 0,2,4,6,9,10,12,14,16,17,20,22,23,24,27,32,35,39,41,42,43,51,52,53,56,58,60,61,62,64,65,66,68,69,71,77,78,80,81,84,89,90,91,93,94,95,99,101,103,105,106,108,111,112,115,117,119,120,122,124,126,127,130,133,135,136,143,146,148,149,151,152,156,158,160,163,164,166,168,171,172 "144";
145 126 1 0,3,5,6,7,9,11,12,14,16,18,25,29,33,35,37,40,43,45,47,50,51,52,56,58,61,63,66,69,72,74,76,77,79,80,81,83,84,87,89,90,91,93,96,98,100,102,106,107,108,110,111,113,114,115,117,118,122,124,126,127,128,130,132,134,135,137,141,142,144,145,150,152,153,155,157,159,160,162,163,165,166,169,170,172,174 "145";
146 24 1 7,12,16,20,25,26,31,33,36,42,46,48,52,54,56,64,65,67,72,75,82,86,88,90,93,106,107,109,112,114,117,121,125,129,139,145,146,150,153,157,159,165,169,172,173 "146";
147 3 0 10,18,22,26,30,35,36,39,42,43,48,49,53,60,66,68,72,93,96,101,104,106,117,120,122,126,129,131,134,136,137,141,144,146,150,153,155,164,168,172,173 "147";
148 70 0 0,7,10,12,15,21,23,25,29,33,36,44,48,51,55,67,69,71,82,85,87,90,91,95,98,99,101,103,107,114,117,125,130,133,134,139,141,152,154,158,159,166,168 "148";
149 138 0 1,2,4,6,7,8,10,14,16,18,21,23,24,26,27,31,33,35,42,43,45,49,50,51,53,57,59,64,66,67,70,71,73,78,81,85,87,88,91,93,95,97,99,101,102,105,107,108,109,111,112,114,115,116,119,121,123,127,130,131,134,136,141,143,145,148,151,152,153,159,162,163,164,166,167,171,174 "149";
150 124 1 4,7,8,10,12,15,17,20,22,23,30,32,33,36,38,40,42,44,46,48,50,51,52,54,57,59,61,63,64,66,67,70,73,75,79,82,87,90,93,95,97,100,103,105,106,107,109,112,117,119,120,121,124,127,129,130,131,132,134,136,138,142,144,146,148,150,151,161,163,164,167,172,173,174 "150";
151 146 0 0,5,6,12,14,16,19,29,31,33,36,40,42,46,49,50,52,53,59,60,64,68,74,75,78,86,88,90,93,95,99,102,103,105,107,109,112,120,123,126,129,130,135,136,141,150,153,155,158,159,164,167,174 "151";
152 17 0 1,3,4,6,8,11,15,20,31,32,34,35,38,42,49,53,55,62,63,66,67,69,70,72,75,76,79,81,84,87,90,93,96,97,99,101,104,108,110,111,114,116,119,120,124,126,128,132,135,136,139,142,143,145,148,149,150,152,157,158,159,161,163,170,171,173,174 "152";
153 70 1 1,17,20,27,30,31,33,40,42,44,45,51,57,69,70,73,77,83,84,88,89,99,101,105,106,108,114,121,124,125,130,131,133,135,137,140,144,148,151,159,161,163,167,168,170,172 "153";
154 29 0 0,1,4,7,8,9,11,12,20,24,26,32,35,36,39,48,51,53,54,57,61,64,69,74,76,79,81,84,86,88,89,94,98,107,109,111,113,115,116,118,122,124,125,132,133,137,140,142,145,148,152,158,163,164,165,167,170,172,173 "154";
155 30 1 2,6,8,15,25,29,33,42,44,47,48,50,58,60,72,75,77,78,82,87,89,93,102,103,104,107,110,113,118,122,124,127,129,133,135,136,140,147,148,151,157,159,162,163,170,171 "155";
156 11 1 4,6,11,12,13,17,18,23,27,29,31,33,34,36,40,45,47,48,50,54,57,65,69,73,76,77,80,81,86,90,92,94,97,99,102,104,107,109,113,115,117,119,122,124,126,127,130,137,149,150,152,155,160,163,164,166,168,169,171,173 "156";
157 157 0 27,81,82,84,109,122,148 "157";
158 154 0 0,3,6,7,10,12,14,16,20,25,34,36,38,41,47,55,59,61,63,74,77,80,82,83,86,88,91,93,97,102,105,106,107,108,111,112,119,120,128,135,137,141,143,148,149,154,155,161,165,167,171,173,174 "158";
159 113 0 0,2,4,6,9,11,15,16,19,21,25,27,29,30,32,35,36,38,39,42,45,50,53,55,58,59,61,63,64,66,68,72,73,76,78,79,80,82,86,88,89,93,94,96,98,99,101,104,106,108,110,111,113,116,117,120,122,124,128,131,139,141,144,147,148,149,156,160,162,166,167,169,173 "159";
160 84 0 23,33,50 "160";
161 32 0 2,3,5,13,15,18,21,22,23,25,27,31,36,39,43,49,52,54,56,57,59,67,68,72,75,77,79,84,86,89,92,95,100,103,108,114,115,116,125,128,133,140,141,143,147,154,157,165,166,169,173 "161";
162 135 0 2,3,17,18,50,55,65,67,69,73,77,81,86,97,111,119,122,126,134,136,160 "162";
163 135 0 2,9,10,20,24,34,42,46,51,54,70,72,73,76,83,85,89,91,92,95,96,102,108,114,116,125,126,128,131,141,145,149,151,152,161,163,164,169,174 "163";
164 99 1 4,10,19,27,32,34,43,47,50,53,58,62,74,76,79,83,88,99,100,102,106,107,124,126,131,132,133,135,137,140,147,157,162,172,173 "164";
165 12 1 1,5,7,9,12,14,21,22,30,32,40,44,45,71,82,85,87,95,96,98,102,103,112,119,120,123,126,130,136,137,140,141,149,155,156,159,163,166,169,171 "165";
166 135 0 0,21,27,41,59,103,121,125,150,151 "166";
167 47 1 11,23,30,64,67,72,84,117,124,126,130,136,138,143,145,149,154,155,158,168,173 "167";
168 54 0 30,54,66,70,78,82,87,95,100,102,115,123,126,128,130,131,138,140,141,143,151,159,163,171 "168";
169 73 1 0,1,2,5,7,9,12,15,17,21,25,30,32,33,35,37,41,44,46,47,48,53,54,59,62,64,66,67,69,72,74,80,82,83,84,87,90,92,97,101,103,105,107,109,111,113,114,115,117,119,122,123,124,125,129,130,137,140,143,145,146,152,154,157,162,163,164,166,167,172,174 "169";
170 81 1 13,32,36,39,44,88,91,113,120,128,146,166,168,171,172 "170";
171 102 0 2,4,11,12,20,24,31,36,44,46,48,59,60,72,85,105,122,132,134,138,141,145,152,155,162,168 "171";
172 87 0 0,1,3,5,6,9,11,13,15,17,20,21,22,24,28,31,32,34,36,37,40,42,44,45,50,51,52,55,57,61,70,74,75,77,78,82,86,89,91,93,97,98,100,102,107,113,114,115,118,120,122,123,125,130,131,134,137,138,141,143,145,146,149,153,154,155,157,159,161,162,164,166,167,169,170,172,174 "172";
173 112 1 0,2,4,8,10,13,15,19,20,23,29,31,37,38,41,43,46,48,49,51,54,67,69,72,74,76,77,81,83,86,92,93,95,97,100,102,106,113,116,117,122,126,128,131,133,137,140,143,144,146,148,150,151,152,154,159,161,163,164,165,171 "173";
174 146 0 2,5,8,14,16,19,21,23,25,27,30,33,37,49,51,52,56,58,59,61,65,69,72,74,75,87,89,91,96,99,101,105,111,116,118,120,123,126,128,132,135,137,143,145,148,150,153,156,158,160,164,167,170,173 "174";
