parity 121;
0 52 1 2,8,9,13,15,17,20,21,27,29,30,33,35,36,38,41,45,46,48,51,55,56,57,60,61,63,69,71,75,78,82,85,86,92,94,96,98,100,101,107,112,113,116,117,118,121 "0";
1 103 1 1,3,7,10,12,14,16,20,22,24,26,27,29,30,35,37,40,44,46,49,50,52,54,55,57,59,61,65,67,69,70,71,73,75,76,77,82,83,87,88,89,92,93,95,96,98,102,103,105,108,109,112,113,117,119 "1";
2 120 1 15,25,29,41,46,55,57,73,79,85,87,106,110,117 "2";
3 69 1 0,2,4,6,9,11,13,15,16,19,22,25,26,28,30,31,33,34,36,38,39,40,41,45,47,50,53,56,58,59,62,65,66,70,71,75,77,80,81,82,85,88,90,91,92,93,94,96,98,100,102,106,109,113,115,118,121 "3";
4 110 0 7,9,12,15,17,22,24,25,31,35,37,41,43,44,46,48,50,56,60,62,65,68,70,72,75,76,78,81,82,90,92,94,100,102,106,108,110,112,116,119,121 "4";
5 91 0 0,2,4,8,9,12,14,18,20,22,23,24,26,29,31,33,34,36,43,44,45,47,49,50,52,53,54,55,59,60,62,64,68,70,74,76,79,80,81,83,84,86,87,88,90,92,93,98,100,101,102,107,108,110,117,119,121 "5";
6 78 1 19,30,35,74,76,85,116 "6";
7 67 0 0,7,8,10,18,24,26,39,40,42,44,50,52,63,78,81,86,87,88,92,95,97,99,103,105,109,113,118,121 "7";
8 77 0 1,4,5,8,11,16,17,19,22,24,28,31,35,41,43,45,46,48,50,53,55,56,57,59,62,63,66,70,73,78,83,85,87,88,89,91,92,98,103,104,106,108,110,114 "8";
9 65 0 0,20,34,45,49,55,62,72,87,93,110 "9";
10 19 0 4,6,12,14,22,23,30,32,35,38,42,43,46,47,52,57,60,63,64,66,70,77,79,82,87,90,93,101,102,104,115,118 "10";
11 62 0 0,3,5,8,11,13,14,19,20,22,24,26,29,31,33,35,38,40,41,44,45,47,50,51,54,55,62,63,64,67,68,72,74,75,77,79,81,85,86,89,90,93,96,98,99,100,102,103,109,110,112,114,119,121 "11";
12 109 1 5,19,26,31,35,42,45,61,66,71,82,93,94,102,112,118,120 "12";
13 118 0 4,5,7,10,18,20,22,23,27,32,35,40,41,45,47,48,55,58,60,64,65,70,78,79,81,82,85,89,90,94,97,101,102,104,106,110,113,114,117,121 "13";
14 42 1 0,3,4,5,7,9,12,13,17,18,21,24,27,31,33,34,38,39,40,42,44,45,47,50,51,52,55,57,59,60,62,63,65,70,71,77,78,80,81,83,85,87,88,90,92,93,94,96,99,102,103,105,108,109,113,115,117,121 "14";
15 41 1 0,2,5,9,15,16,18,20,22,25,28,29,31,33,34,36,40,41,42,44,45,48,50,51,52,56,59,61,67,68,70,71,77,80,81,83,87,90,95,102,107,108,110,114,116,119,121 "15";
16 108 1 15,17,25,47,62,70,81,84,102,110 "16";
17 80 1 0,2,3,8,9,10,12,13,17,19,20,22,23,25,26,29,32,34,37,38,40,42,43,45,47,51,52,54,57,62,64,66,68,69,71,73,74,80,81,84,86,87,90,91,96,98,100,101,102,105,106,108,112,114,115,120 "17";
18 61 1 6,18,23,27,34,41,52,67,79,98,106,118 "18";
19 85 1 5,8,9,21,29,33,38,63,66,71,74,75,77,81,88,93,101,105,108,120,121 "19";
20 58 0 1,14,26,28,45,66,75,76,81,87,90,93,95,104,107,111,113,116,120 "20";
21 31 1 0,1,3,4,7,10,13,15,18,19,21,24,25,27,28,30,34,40,41,43,44,48,49,53,55,59,60,61,63,64,65,67,72,73,74,76,77,78,80,83,85,87,89,90,94,97,98,99,101,102,104,107,108,110,111,114,115,117,118,120 "21";
22 44 0 0,2,4,7,9,12,13,14,16,18,22,23,27,28,30,32,34,37,38,39,41,43,45,48,49,51,53,54,56,58,59,60,62,65,67,70,72,75,77,81,83,85,87,90,92,94,95,98,100,101,103,107,108,110,111,113,115,118,120 "22";
23 31 1 14,26,85,94 "23";
24 0 0 1,2,5,7,15,17,18,20,24,26,29,30,32,34,45,46,49,51,53,56,60,64,67,69,70,71,72,74,78,80,83,88,89,105,115 "24";
25 112 1 0,1,5,6,9,12,14,17,20,28,31,32,34,38,40,43,44,45,51,53,57,63,72,74,76,78,81,83,85,87,90,93,95,105,109,114,117,121 "25";
26 103 0 1,3,21,22,26,31,35,38,55,59,66,71,80,84,86,89,92,94,99,107,109,117,120 "26";
27 53 1 4,5,10,13,15,22,31,32,34,45,51,54,57,68,81,83,85,90,92,95,101,103,108,111,112,117,119,120 "27";
28 22 1 1,2,3,6,10,12,13,15,16,19,24,27,29,32,35,37,39,40,42,48,49,54,55,57,61,63,64,68,72,73,88,93,94,97,99,100,102,103,104,108,109,110,113,115,118,119 "28";
29 90 1 0,3,7,8,10,12,15,18,19,20,24,26,29,31,32,34,36,37,40,42,46,49,54,56,61,68,70,72,73,75,78,82,86,91,92,93,95,96,98,101,107,109,114,115,118 "29";
30 48 0 3,5,12,14,16,25,30,31,35,39,46,52,55,56,57,60,64,67,69,73,75,77,82,83,85,93,96,98,103,104,108,110,112,117,120 "30";
31 46 0 0,3,4,5,8,11,13,15,21,23,25,27,28,33,36,37,45,46,48,50,52,57,58,62,63,67,72,74,77,78,81,82,85,88,92,94,98,100,103,106,110,116,118 "31";
32 121 1 1,4,10,12,15,17,19,20,22,23,26,27,29,31,34,37,38,41,44,46,47,49,51,55,56,60,61,63,65,67,69,71,73,75,77,81,84,85,88,90,93,95,97,99,102,103,106,108,111,113,115,118,121 "32";
33 36 0 0,2,8,10,12,14,23,27,36,47,49,50,58,62,65,68,70,71,74,79,82,83,91,93,95,101,104,107,111,114,116,120 "33";
34 40 1 0,1,2,8,10,12,16,20,24,27,29,30,32,34,35,36,38,40,42,43,44,46,49,51,53,55,58,62,64,69,70,72,74,75,77,79,81,83,87,90,96,97,101,103,105,106,107,109,111,114,116,117,118,120 "34";
35 34 0 26,34,36,117,121 "35";
36 3 1 0,1,3,6,7,10,11,15,17,21,24,27,36,41,43,45,53,56,64,67,68,76,77,78,81,86,88,92,94,99,110,111,113,114,119,121 "36";
37 90 1 25,54,59,68,75,84,111 "37";
38 3 1 2,5,89,93,99,112,115 "38";
39 96 1 36,41,103,109,112 "39";
40 51 1 1,2,4,10,11,14,16,23,28,31,32,40,44,53,54,58,59,63,70,73,79,81,88,95,100,104,111,113,115 "40";
41 77 0 55,103 "41";
42 44 1 5,8,11,17,36,41,47,59,61,95,100,112,119 "42";
43 31 1 0,7,9,12,14,17,20,24,31,33,38,42,43,45,49,57,64,66,82,83,87,105,107,111,114,116,119,120 "43";
44 113 0 8,11,16,17,18,22,25,27,29,37,41,44,46,50,54,57,60,61,62,64,68,71,76,78,86,88,98,102,107,109,114,121 "44";
45 71 0 0,2,4,5,6,9,12,23,31,32,34,37,39,43,44,47,50,52,55,56,59,61,63,64,66,69,71,77,80,82,85,88,92,93,97,98,104,110,115,117,118,121 "45";
46 9 0 1,3,5,8,11,16,21,23,26,28,31,33,34,36,39,44,45,47,49,52,55,56,60,61,65,66,68,69,71,76,84,85,87,90,91,94,99,106,108,109,110,116,117,118 "46";
47 30 0 9,15,19,21,28,32,34,37,46,47,48,50,53,55,57,59,67,69,72,73,78,79,82,89,91,94,95,97,105,106,109,112,116,118,120 "47";
48 63 1 0,3,10,12,16,17,22,24,28,33,41,45,55,58,61,64,65,69,70,73,74,81,82,84,86,87,88,91,97,98,104,111,112,114,117 "48";
49 16 0 5,6,8,12,16,19,24,26,29,30,32,36,38,44,48,59,60,70,71,78,83,86,88,90,92,96,100,103,106,110,111,114,116,118 "49";
50 86 0 0,4,11,14,16,31,32,34,38,42,46,48,51,56,58,61,63,68,70,76,79,83,85,92,93,95,96,99,100,104,105,106,107,111,112,113,118,120 "50";
51 25 0 0,1,2,5,7,8,10,13,15,17,18,19,22,23,24,27,30,32,33,36,41,42,50,51,52,55,57,61,64,66,68,69,73,74,75,77,84,86,88,93,94,95,98,99,102,104,106,107,108,109,111,112,114,118,120 "51";
52 73 0 1,5,12,13,26,33,36,38,41,52,53,54,57,59,61,65,71,78,81,83,85,87,90,92,96,106,111,115,116,119,120 "52";
53 34 1 1,9,12,14,16,17,21,23,25,31,32,34,37,39,40,43,44,45,47,51,54,57,58,60,64,65,70,72,73,75,76,79,80,81,83,87,88,91,93,95,99,103,104,107,110,111,113,116 "53";
54 37 1 0,2,4,9,12,14,16,17,21,22,24,26,28,29,31,32,35,37,40,43,44,45,47,49,54,57,60,62,67,69,70,71,73,75,77,79,82,83,85,86,88,90,92,93,95,96,98,102,104,111,112,116,118,119 "54";
55 47 0 1,2,4,5,6,9,13,14,17,19,22,24,25,29,30,33,35,36,37,39,40,44,46,49,50,58,61,62,64,66,67,69,71,72,75,77,81,83,85,87,88,89,91,95,97,99,106,108,109,111,116,118,120 "55";
56 55 0 2,4,11,12,18,19,20,28,29,33,36,37,40,48,54,56,60,66,68,71,75,76,78,79,81,83,93,100,105,106,110,112,118 "56";
57 30 1 0,2,3,8,9,10,13,15,17,18,19,21,22,24,27,29,32,34,37,41,44,46,47,49,51,52,55,59,60,63,69,71,74,75,76,79,80,83,84,88,89,94,95,98,101,103,105,107,108,109,110,114,116,118,120 "57";
58 89 0 2,4,7,12,16,19,21,22,26,28,32,34,36,37,39,40,48,50,51,56,65,67,71,74,78,79,83,84,89,93,96,98,104,106,110,114,116,117,121 "58";
59 9 0 0,2,3,5,7,9,10,13,17,18,21,25,26,29,30,33,35,37,42,44,46,48,50,52,55,57,58,60,64,67,70,72,75,77,79,82,83,85,87,90,92,94,96,97,100,102,103,104,105,110,113,115,116,119,120,121 "59";
60 89 0 4,6,11,16,17,19,20,22,27,29,32,35,44,48,49,52,56,58,61,62,65,66,68,69,70,76,81,83,85,88,91,95,97,99,104,106,114,117 "60";
61 19 1 0,3,6,8,10,13,15,16,18,24,28,31,35,37,38,41,42,46,48,49,52,53,55,57,59,61,63,65,68,71,73,77,79,82,86,91,94,96,98,99,100,105,107,109,112,113,115 "61";
62 37 0 0,4,5,7,9,11,15,19,21,27,29,31,33,35,36,38,39,40,41,43,45,46,47,49,50,52,55,58,62,63,65,67,69,71,72,74,77,81,87,88,89,91,93,96,97,102,103,104,105,107,108,109,114,116,117,119,121 "62";
63 48 0 14,24,26,29,50,58,63,74,76,77,89,98,109,119,120 "63";
64 6 1 1,20,25,27,34,39,46,49,60,64,65,66,72,74,76,77,79,87,96,98,99,104,109,114,118 "64";
65 63 0 9,11,12,14,19,25,31,33,36,38,43,48,50,52,58,60,62,63,66,67,68,74,76,80,82,84,86,87,90,91,94,97,104,107,108,110,111,112,117,119 "65";
66 0 1 1,5,7,10,14,15,21,24,29,31,35,37,39,40,41,44,46,47,51,55,59,73,76,83,85,87,88,90,92,96,97,99,105,106,107,110,113,116,119,120 "66";
67 20 1 5,8,14,16,20,22,25,28,32,33,35,37,38,40,42,43,46,48,51,52,62,65,68,70,72,74,75,78,81,83,89,91,92,95,97,99,100,102,105,107,108,110,111,113,114,118,119,120 "67";
68 8 0 1,3,5,9,13,14,15,17,19,20,21,23,26,28,31,35,37,38,40,41,43,44,47,48,50,54,56,57,58,61,64,69,70,71,73,76,78,79,82,83,84,87,89,90,91,93,95,96,98,102,104,105,106,108,110,113,116,118 "68";
69 18 0 2,8,13,17,20,25,27,38,42,47,50,53,56,57,58,61,62,70,72,76,79,93,96,102,105,109,113,117 "69";
70 88 0 4,6,7,11,13,19,21,23,25,27,29,30,33,36,40,42,43,47,49,51,53,54,56,58,59,63,64,66,68,69,72,75,77,80,83,84,90,92,99,111,114,115,118,121 "70";
71 109 0 2,8,10,14,17,18,25,35,39,40,45,47,52,55,61,62,69,72,84,89,92,93,97,102,104,106,110,112,116,121 "71";
72 52 0 14,21,51,86,97,114 "72";
73 6 0 0,2,3,5,7,8,10,11,16,17,19,21,22,24,27,31,33,35,36,37,39,42,45,48,53,54,56,58,59,61,63,67,68,72,76,78,80,82,87,90,97,100,102,104,108,109,113,115,116,119 "73";
74 119 0 4,10,13,15,17,26,30,32,33,34,44,45,50,55,56,64,68,71,75,78,80,88,90,92,93,96,103,107,110,116 "74";
75 62 1 0,4,9,14,27,34,38,39,42,44,45,48,51,53,57,59,65,67,72,73,82,83,84,86,90,91,96,98,99,104,107,110,115,120 "75";
76 99 0 1,3,4,9,10,13,14,17,18,20,21,22,24,26,28,30,31,34,38,40,42,45,46,47,49,50,51,52,54,58,61,63,66,67,68,69,71,74,75,79,81,83,85,86,88,91,92,93,96,97,99,100,101,104,108,111,116,119,120 "76";
77 43 0 20,37,45,46,48,50,55,70,73,75,77,87,101,112,121 "77";
78 83 1 32,93 "78";
79 52 0 8,39,49,53,68,89 "79";
80 60 1 24,42,57,80,111 "80";
81 121 0 3,5,15,16,19,26,28,31,33,35,38,40,41,43,45,47,49,52,53,54,59,60,65,66,68,70,75,77,83,84,86,88,89,91,94,96,97,100,105,107,109,111,113,114,119,121 "81";
82 102 0 1,2,7,11,13,14,16,17,19,22,25,29,32,36,40,42,43,45,46,47,49,52,56,58,59,61,62,63,65,71,72,74,75,77,78,80,81,83,85,86,88,90,91,92,94,96,98,99,101,103,105,107,108,110,112,115,118 "82";
83 118 1 9,12,17,23,35,44,48,49,52,53,64,70,74,77,91,94,95,97,111 "83";
84 27 0 1,5,6,10,12,13,16,17,19,21,23,24,29,30,32,34,36,37,38,41,43,45,49,51,52,54,56,57,60,64,65,66,68,70,73,74,76,78,81,83,84,85,88,89,91,99,103,104,106,107,110,111,118,119,121 "84";
85 79 0 2,4,6,10,13,15,16,17,20,21,25,27,29,32,33,36,37,38,41,42,43,45,47,49,55,57,58,59,62,64,65,66,68,70,72,74,76,78,81,82,83,85,88,90,95,97,98,100,102,104,107,108,111,113,116,119,120 "85";
86 42 0 5,6,11,13,15,17,20,22,24,25,27,28,32,35,37,38,39,43,44,45,47,49,51,52,54,55,58,61,70,72,73,75,78,80,81,83,85,86,91,93,101,105,112,114,118,121 "86";
87 37 0 0,4,33,45,62,101,113 "87";
88 20 0 4,10,12,20,34,57,70,95,96,102 "88";
89 33 0 0,4,8,15,22,28,34,40,43,44,51,61,62,66,85,97,100,117,119 "89";
90 100 0 2,4,15,20,21,23,25,27,28,34,36,39,46,48,51,57,62,64,65,67,69,70,74,76,83,86,87,91,94,109,110,112,118 "90";
91 85 1 2,9,31,36,40,42,46,47,49,58,60,64,69,73,78,88,97,100,103,121 "91";
92 48 1 0,6,12,14,21,22,24,26,30,31,36,39,40,42,47,51,53,56,57,59,61,64,69,71,73,74,76,77,79,82,83,85,86,89,92,96,98,110,112,114,117,119 "92";
93 94 0 0,3,5,8,9,12,14,16,18,21,29,33,41,46,48,53,54,57,64,68,74,79,82,83,85,86,88,89,91,94,96,98,101,105,109,112,118,121 "93";
94 97 1 1,4,6,9,15,16,17,18,21,22,24,26,31,36,38,39,41,43,45,50,64,71,72,74,77,78,79,81,85,90,96,100,107,110,112,113,114,116 "94";
95 102 0 1,4,5,7,9,11,14,15,17,18,21,23,25,26,30,35,37,38,40,42,44,46,47,51,53,55,57,59,63,65,67,69,70,73,76,78,80,81,84,87,91,94,95,96,99,101,103,104,105,109,110,112,113,116,118,120,121 "95";
96 18 0 6,13,14,31,37,48,58,63,67,85,88,96,99,103,105,107,121 "96";
97 120 0 0,1,8,10,12,14,17,18,20,22,24,26,28,30,31,34,36,38,40,41,44,46,47,49,52,54,56,58,61,63,65,67,70,72,74,75,79,81,86,88,90,93,96,97,98,104,106,108,112,116,118,121 "97";
98 85 0 2,15,29,30,33,40,41,43,59,68,70,95,98,116,121 "98";
99 8 1 1,7,9,10,15,19,20,21,27,31,36,39,41,45,47,48,51,53,56,60,62,63,68,72,79,82,84,87,89,93,95,99,105,107,111,113,114,118 "99";
100 26 0 6,10,12,14,19,23,27,29,30,35,36,39,42,47,49,52,54,55,58,65,71,79,84,91,99,103 "100";
101 98 1 1,4,7,10,12,13,14,16,17,20,24,26,27,29,34,35,38,40,41,42,43,46,47,49,50,52,55,56,59,61,63,69,71,74,75,77,79,80,84,85,88,89,90,96,99,100,103,107,110,112,115,117,118,119,121 "101";
102 113 0 1,4,5,9,11,15,16,20,22,23,27,30,33,34,36,37,40,42,45,46,50,51,54,55,57,60,62,64,66,67,74,77,78,80,84,90,92,94,96,97,98,99,102,104,109,112,114,115,118,121 "102";
103 98 0 5,8,9,11,12,14,16,18,20,21,26,28,34,36,37,38,41,42,43,44,45,47,51,52,54,55,56,58,60,63,64,66,70,74,75,76,77,79,81,83,84,87,89,91,94,97,100,101,102,103,105,107,108,110,116,117,118,120,121 "103";
104 87 1 2,5,6,13,14,19,26,29,31,33,37,42,46,47,49,51,52,55,59,63,69,70,71,75,78,79,80,82,84,89,90,95,97,98,100,102,105,108,110,114,121 "104";
105 121 1 10,28,31,48,53,63,72,75,77,91,96,109,118 "105";
106 65 1 0,1,3,5,8,11,15,16,17,18,20,21,23,26,28,29,33,39,42,44,45,49,51,52,53,55,57,59,61,62,65,67,68,70,74,76,77,79,83,85,86,88,90,92,96,97,99,102,104,105,106,109,112,116,119,121 "106";
107 62 1 0,1,3,10,16,18,23,40,47,52,62,88,89,92,103,106,108,114,116,120 "107";
108 75 1 6,8,9,13,16,18,23,26,41,45,61,64,68,70,74,77,82,88,95,101,102,112,115 "108";
109 32 1 1,9,20,23,27,28,39,42,46,48,49,50,55,58,63,65,72,74,75,78,80,84,85,87,97,98,103,107,112,114,116,120 "109";
110 46 0 7,9,10,25,35,40,46,58,75,76,81,83,85,92,97,101,105,110,111,112,113 "110";
111 78 1 2,17,21,25,31,32,34,36,37,38,42,43,52,56,59,60,64,79,84,88,94,98,101,103,109,110,114,115 "111";
112 96 0 0,5,7,8,10,11,12,13,14,17,18,21,24,25,31,33,34,35,38,39,41,42,45,46,48,50,51,53,54,56,59,60,61,63,64,67,71,75,76,77,80,82,85,87,89,95,97,100,102,105,107,111,112,113,114,116,117,119,121 "112";
113 62 1 9,11,22 "113";
114 54 1 0,3,7,9,11,12,14,19,20,23,24,28,29,31,34,40,41,43,47,48,50,53,55,59,60,62,69,71,76,79,80,83,87,89,91,93,94,96,98,100,101,104,111,114,116,119,120 "114";
115 117 1 0,3,5,7,9,11,14,16,18,21,23,25,27,28,29,31,37,38,41,45,46,49,53,55,58,62,64,67,71,76,78,85,92,93,97,100,106,108,109,112,115,116,118,120,121 "115";
116 121 1 16,41,60,63,98,104,111 "116";
117 86 0 4,7,10,12,14,17,18,20,22,28,32,33,36,37,40,42,46,47,48,51,54,62,67,68,73,79,80,82,87,88,89,93,97,102,104,107,109,113,118 "117";
118 60 0 26,28,30,52,66,81,89,106,113 "118";
119 118 0 5,8,12,13,15,17,22,24,26,27,31,32,35,36,37,44,46,48,52,55,58,61,63,66,68,69,73,77,82,84,86,89,90,92,93,97,98,100,103,109,112,113,116,117,119,121 "119";
120 96 0 0,3,4,5,10,13,16,22,26,27,31,32,34,36,39,44,45,47,56,58,59,61,68,74,76,79,82,84,86,90,95,101,106,108,114,117 "120";
121 39 0 4,14,21,32,50,72,108,111,114,117 "121";
