parity 138;
0 50 0 2,9,18,28,30,38,49,61,69,71,73,83,87,97,99,117,122,137 "0";
1 74 1 3,45,49,60,74,79,125 "1";
2 124 1 1,32,47,58,68,102,131 "2";
3 113 1 5,9,13,14,18,20,25,28,33,34,35,38,40,42,44,46,47,49,53,54,58,61,63,64,70,75,77,79,81,85,88,92,93,95,98,99,101,108,109,111,116,117,118,119,124,126,128,129,132,136 "3";
4 66 1 9,11,16,22,33,39,52,57,60,72,76,85,93,115 "4";
5 43 0 2,11,13,17,20,34,41,43,45,48,49,52,54,55,58,65,68,78,86,89,93,94,97,101,104,107,110,114,118,129,131,132,133,135,137 "5";
6 109 1 1,2,3,6,9,14,16,17,19,20,22,28,29,31,32,34,35,37,38,46,50,52,53,55,60,68,70,73,76,78,83,87,88,96,100,103,108,111,113,115,120,122,125,129,133,138 "6";
7 78 0 6,10,11,29,33,40,50,53,58,62,63,65,71,73,82,87,90,96,99,101,104,111,114,115,119,126,130,137,138 "7";
8 119 1 1,5,8,10,13,17,24,30,36,42,45,49,50,52,53,56,58,61,67,68,76,78,92,100,101,105,109,111,114,117,120,127,136 "8";
9 87 1 15,96,136 "9";
10 97 1 4,7,8,16,19,20,22,28,30,34,41,44,46,49,50,54,57,63,71,74,76,78,88,89,91,96,101,105,107,113,116,123,126,128,132,136,138 "10";
11 75 1 0,1,3,5,6,8,10,11,12,14,16,20,25,29,30,33,35,36,38,40,41,42,44,45,47,50,54,55,57,60,63,67,68,71,73,75,76,78,81,82,84,87,93,95,96,98,103,106,107,109,113,114,115,118,120,122,128,130,132,133,134,135,137,138 "11";
12 104 0 0,1,3,7,21,22,29,37,44,57,59,71,92,104,110,113,138 "12";
13 94 0 18,26,28,32,35,42,59,67,69,112,117,122 "13";
14 77 0 0,2,8,10,14,20,26,27,33,36,41,42,44,46,49,58,60,66,69,71,73,74,79,80,87,89,91,100,104,107,111,116,117,125,128,137 "14";
15 88 1 0,3,4,8,11,12,14,16,20,24,28,31,32,37,41,42,46,48,51,55,64,68,71,73,75,79,81,89,93,95,97,100,105,107,108,111,113,115,117,122,123,126,128,132,137,138 "15";
16 128 1 0,7,15,17,19,22,24,25,29,32,36,38,39,47,48,49,50,53,55,56,60,67,69,73,74,77,87,93,96,97,99,100,104,114,115,119,123,126,131,134,137 "16";
17 9 0 20,29,46,61,88,103,109,125 "17";
18 104 0 0,13,17,26,32,39,40,42,45,50,53,54,58,62,64,67,72,83,86,93,99,101,103,106,112,119,120,125,126,130,134,138 "18";
19 13 0 2,4,7,12,16,26,31,35,37,48,53,62,68,74,76,79,81,82,85,94,101,104,128,138 "19";
20 88 0 1,2,25,30,39,49,53,68,74,75,77,82,89,91,93,97,101,106,124,128,136 "20";
21 47 1 10,12,15,16,23,25,31,35,39,41,46,48,49,51,56,60,61,66,67,70,71,75,80,86,93,94,98,100,104,106,108,110,111,113,117,119,121,128,130,131,132,134,136 "21";
22 33 1 0,1,3,4,6,8,10,12,15,16,18,21,22,24,25,27,30,31,32,38,40,43,45,47,50,54,56,57,62,64,67,68,69,71,72,74,79,81,85,89,90,91,95,97,101,102,104,108,109,113,122,124,126,129,132,135,137 "22";
23 108 1 11,13,18,21,27,34,37,42,49,60,62,68,70,75,80,81,83,88,93,97,103,108,109,112,114,119,123,125,127 "23";
24 74 1 0,1,2,5,9,12,13,15,16,18,19,21,24,26,29,30,31,34,36,39,40,42,44,48,49,50,52,56,57,61,64,65,67,68,70,71,73,75,78,80,82,84,86,88,92,96,97,99,102,105,107,109,111,112,116,120,122,131,135,137 "24";
25 47 0 2,4,19,29,32,38,42,58,59,65,67,79,83,87,98,101,105,116,120,125 "25";
26 62 0 9,10,24,82,86 "26";
27 92 0 2,10,23,31,37,43,52,55,56,61,63,64,66,69,71,76,81,84,85,90,97,102,103,116,117,119,121,123,127,129,131,132,138 "27";
28 108 1 0,2,4,5,11,12,14,16,18,21,23,26,29,30,39,42,45,47,48,51,53,55,58,60,62,65,69,75,79,81,82,85,88,91,93,95,97,98,102,103,107,109,112,118,119,122,124,127,129,132,134,135,136,138 "28";
29 97 1 4,7,14,19,22,24,25,28,38,42,43,45,48,49,52,57,72,77,78,80,83,86,98,100,103,104,107,108,112,117,118,126,133 "29";
30 128 1 1,2,4,12,13,16,18,22,26,30,33,35,37,39,41,43,48,49,52,54,56,59,63,69,70,72,76,81,83,94,95,98,100,101,106,107,115,118,122,123,125,127,130,134,135,136,138 "30";
31 33 0 0,9,10,14,17,18,24,33,37,40,52,63,65,66,74,84,92,102,105,114,115,120,122,137 "31";
32 32 1 5,9,12,13,18,23,29,33,35,36,39,42,44,46,49,51,54,56,63,65,67,73,79,81,87,91,95,99,101,112,114,121,124,126,130,131,132,134,137 "32";
33 93 0 3,4,7,8,9,12,13,16,19,24,25,26,28,30,32,38,41,43,44,45,47,48,50,52,54,55,56,58,60,62,63,64,66,68,70,77,80,82,83,87,89,98,100,102,104,107,108,109,112,114,117,119,120,121,124,132,134,136,137 "33";
34 82 0 4,7,11,17,22,25,29,31,40,46,52,54,55,61,64,69,80,81,83,84,86,90,99,101,110,113,117,119,120,133,135,138 "34";
35 46 1 24,43,45,47,93,94,119,121,124,134,135,136 "35";
36 46 0 2,3,6,8,9,10,13,14,15,20,22,23,25,27,29,30,31,34,35,36,39,41,43,45,47,49,50,55,59,63,64,65,67,68,75,76,78,80,81,84,88,89,93,94,96,98,101,104,106,107,111,113,114,115,119,120,121,124,126,128,130,131,133,134,135,136,138 "36";
37 87 0 5,7,9,10,15,22,24,28,31,34,38,39,41,44,51,56,60,63,65,73,75,77,79,97,107,108,113,118,120,124,126 "37";
38 113 0 0,1,2,3,5,6,8,9,10,12,14,16,18,20,21,24,25,27,28,31,32,37,38,41,45,47,48,50,51,52,55,58,61,63,66,67,73,74,75,79,80,83,84,86,89,90,92,98,100,103,105,106,108,110,112,113,115,117,118,120,121,126,127,130,131,133,136 "38";
39 19 1 0,1,2,3,7,8,9,11,12,14,17,19,23,25,27,28,30,31,32,35,37,40,44,46,49,52,55,56,57,58,59,61,63,64,67,70,71,73,74,75,76,79,80,82,84,85,86,90,94,95,98,100,101,104,106,108,109,112,113,116,117,119,120,121,124,126,130,131,133,137 "39";
40 66 1 32,39,56,71,91,104,111,128,137 "40";
41 25 0 2,5,13,14,20,22,25,29,35,40,44,47,50,51,55,57,61,70,71,75,76,78,101,103,105,110,119,121,122,127,129,132,134,135 "41";
42 112 1 3,5,9,23,44,48,54,57,77,87,100,101,118 "42";
43 0 1 0,17,21,25,34,40,48,53,56,69,73,106,109,112,120,123,129,136 "43";
44 95 0 2,4,10,12,16,18,24,28,30,37,39,42,45,55,59,61,64,68,76,80,81,91,93,96,100,103,105,106,108,115,116,122,124,125,130 "44";
45 63 0 4,10,19,23,26,33,47,55,71,72,73,81,102,116,117,124,128,130,135 "45";
46 53 0 2,6,7,9,10,13,14,17,20,22,26,32,33,35,37,39,41,42,45,47,50,52,55,59,61,63,64,69,72,74,75,77,78,81,83,90,93,95,96,101,103,106,107,108,115,118,119,121,122,129,130,134,136,138 "46";
47 27 0 10,79,85,112,116 "47";
48 22 1 11,18,21,23,44,75,78,79,95,128 "48";
49 31 1 12,18,54,62,76,92 "49";
50 130 1 11,15,27,32,45,47,51,55,60,67,70,75,80,85,89,92,113,114,116,125,128,135,136,138 "50";
51 70 0 12,23,41,50,63 "51";
52 77 1 6,12,65 "52";
53 134 1 3,7,9,11,14,16,20,21,30,35,37,39,45,47,50,51,56,70,74,80,82,89,96,98,101,105,111,122,123,125,135 "53";
54 116 0 1,5,7,8,12,13,17,23,25,26,28,30,32,34,36,38,39,40,41,42,44,47,51,53,55,56,58,60,62,63,66,68,75,79,81,83,85,86,93,94,97,100,101,103,104,108,110,113,119,122,126,128,131 "54";
55 128 1 8,9,17,24,26,29,30,33,46,60,62,69,82,126,127 "55";
56 68 1 0,1,3,10,12,13,14,15,18,20,21,24,25,26,28,30,31,33,34,36,37,41,45,46,48,49,52,57,58,61,62,64,65,67,72,73,75,77,81,85,86,87,91,92,94,97,99,101,103,105,106,107,111,112,114,116,118,119,120,121,122,125,126,127,129,132,135,136,138 "56";
57 16 0 0,3,12,13,15,19,20,21,24,26,29,32,35,36,38,40,42,44,47,49,51,52,55,56,59,66,68,70,72,74,77,79,80,85,87,89,90,96,99,101,104,106,110,113,114,116,117,119,122,123,127,134,135 "57";
58 49 1 0,1,3,5,6,9,10,12,14,15,16,18,23,24,26,27,29,31,32,33,35,36,39,40,42,44,46,49,50,52,56,58,59,62,64,65,67,71,75,78,81,84,87,88,90,93,96,99,100,101,103,106,107,108,110,111,112,113,115,118,120,122,123,124,126,129,132,134,135,137 "58";
59 71 0 2,13,17,24,26,31,33,39,43,44,49,60,63,69,70,72,79,82,90,91,93,100,101,110,119,120,123,125,130,132,134,135,138 "59";
60 63 0 3,5,19,25,31,37,42,44,52,62,80,84,104,114,124,125,128 "60";
61 106 1 5,7,10,12,19,21,23,24,26,27,29,30,32,36,38,40,45,48,50,52,55,59,62,65,66,67,69,75,78,80,81,83,85,87,90,91,92,93,96,97,103,106,107,111,113,114,119,120,121,124,126,127,128,131,134 "61";
62 12 0 0,2,11,14,15,22,27,31,35,46,51,55,60,61,64,74,79,80,86,94,96,98,101,104,109,111,113,118,122,124,128 "62";
63 69 0 0,1,2,3,5,8,9,14,15,17,18,20,21,23,30,35,39,40,44,45,48,49,51,52,54,55,57,60,64,66,67,69,71,73,78,81,82,83,88,89,91,92,94,95,97,99,101,103,105,108,112,114,115,116,118,122,123,125,128,131,132,133,135,137 "63";
64 18 0 1,3,9,12,13,15,16,18,23,24,31,33,40,42,44,47,52,54,56,58,59,63,68,73,74,77,78,80,85,87,89,91,94,96,97,101,103,107,110,111,113,116,118,119,122,124,129,133,135,137,138 "64";
65 72 1 0,2,5,10,11,15,16,20,22,23,25,29,34,36,41,42,45,52,56,60,66,68,72,74,81,85,86,88,90,99,105,110,115,119,122,130,138 "65";
66 60 1 10,13,15,20,24,34,35,40,49,57,62,64,68,70,72,76,89,94,97,102,104,105,108,131,134,137 "66";
67 3 0 6,11,14,16,18,20,27,30,31,35,36,38,43,50,57,59,62,67,70,71,72,74,75,79,80,82,86,90,93,104,107,108,111,113,115,116,119,120,122,124,125,128,135 "67";
68 116 1 1,3,6,8,11,12,14,15,17,23,25,26,27,32,35,36,41,50,51,54,55,57,60,61,63,75,78,83,84,86,88,90,94,100,101,104,107,112,113,115,116,118,120,128,130,131 "68";
69 88 1 1,2,4,5,8,11,12,15,17,19,23,24,35,36,41,43,45,48,51,58,59,60,65,66,71,74,75,77,81,82,84,85,90,95,97,100,105,110,112,114,116,117,118,121,127,130,132,138 "69";
70 126 0 1,7,19,26,36,46,56,67,73,78,82,105,108,111,117,134,138 "70";
71 90 0 0,1,7,9,11,12,13,16,17,26,29,32,37,41,42,43,45,47,49,50,51,53,55,57,58,59,61,62,63,66,67,69,71,73,75,78,81,82,84,87,88,90,92,95,99,101,104,105,107,108,110,112,113,114,120,123,124,125,126,128,129,132,134,135,136 "71";
72 24 1 2,6,9,10,12,13,16,18,20,22,23,25,27,35,36,40,45,46,50,59,62,63,65,66,69,72,73,75,79,82,84,87,88,92,96,98,99,101,104,106,108,110,112,116,117,119,120,125,129,130,131,136,138 "72";
73 111 1 2,5,10,27,32,35,54,60,62,65,71,75,84,86,90,97,99,103,109,112,113,120,121,123,124,134,135 "73";
74 75 1 12,19,25,69,88,138 "74";
75 128 0 1,2,8,13,16,20,22,29,32,34,37,51,53,54,56,60,64,68,72,76,84,93,96,104,106,113,120,126,129 "75";
76 134 1 19,22,25,35,54,77,90,104,109,112,130,138 "76";
77 80 1 0,4,6,8,12,19,22,25,27,28,29,34,36,43,46,51,53,55,58,60,64,65,78,82,83,86,87,90,91,92,99,102,103,104,107,109,112,113,114,116,117,119,120,122,124,127,129,131,135,137 "77";
78 77 1 40,128,138 "78";
79 108 1 2,3,11,13,15,18,20,21,23,25,26,33,37,39,41,42,45,48,51,52,57,59,62,65,69,72,76,80,81,83,86,88,92,94,95,97,99,101,103,106,107,109,117,118,120,123,124,126,128,129,132,134,137 "79";
80 101 1 2,3,5,8,9,11,14,16,18,19,21,22,28,30,32,35,37,43,50,53,56,58,60,62,64,65,67,68,70,72,74,75,76,79,81,86,88,91,92,95,97,99,101,103,104,106,112,115,116,118,119,123,125,129,131,135,136,138 "80";
81 61 0 104,106,135 "81";
82 135 0 0,3,4,6,10,12,17,18,20,26,27,29,31,35,36,38,42,45,48,49,52,54,55,60,68,69,80,83,84,87,89,90,96,97,98,102,107,109,110,112,119,120,122,127,129,131,133,134,136,138 "82";
83 41 0 4,24,43,46,48,61,63,73,82,85,90,93,95,105,108,110,113,115,118,127,129 "83";
84 69 0 1,3,5,7,9,10,12,15,17,19,21,22,25,31,33,36,41,44,46,48,50,52,58,59,64,66,68,69,71,73,75,77,80,81,82,85,86,88,89,92,93,100,102,103,104,106,109,111,113,116,117,120,121,122,123,124,126,127,131,133,135,138 "84";
85 42 0 0,2,7,10,12,13,17,20,21,28,31,32,34,37,44,49,51,55,62,67,70,75,79,87,90,92,94,107,108,110,115,119,122,123,125,126,130,135,138 "85";
86 46 0 1,4,6,9,12,40,52,56,57,77,82,101,103 "86";
87 53 0 0,1,2,3,7,9,10,18,20,24,30,31,34,36,39,41,42,44,49,51,55,58,60,61,63,64,69,71,79,81,83,88,91,96,101,102,106,108,109,111,114,117,119,121,123,125,127,132,134,136 "87";
88 36 0 3,23,48,54,56,65,96,120,131 "88";
89 90 0 7,12,15,31,39,42,44,58,61,62,64,68,72,79,92,93,94,107,112,115,117,120,122,125,127,129,131,138 "89";
90 113 0 11,76,117 "90";
91 40 1 6,12,13,15,18,21,28,36,42,46,53,57,59,65,70,77,80,82,88,92,98,108,113,118,120,121,131,135 "91";
92 110 0 3,7,11,18,21,22,25,26,37,45,46,49,50,51,54,56,58,61,63,64,67,69,70,73,74,76,78,80,82,84,86,88,89,92,93,94,97,102,105,106,107,109,111,112,114,116,118,119,121,123,127,129,134,136,137 "92";
93 125 0 1,2,3,6,8,10,14,15,19,21,22,26,27,29,35,38,39,41,43,51,52,54,55,59,61,63,64,66,68,70,71,73,74,84,88,92,94,96,97,100,102,111,112,116,118,119,122,125,127,128,130,132,133,135,136,138 "93";
94 134 0 3,5,6,11,13,14,17,18,22,30,36,37,42,43,46,49,52,55,58,61,63,69,71,72,74,75,76,85,87,90,92,94,100,101,104,108,112,114,115,120,123,124,126,127,130,133,136,138 "94";
95 137 1 2,3,6,15,17,18,23,28,30,33,36,37,40,41,55,57,58,64,66,70,72,74,75,78,79,84,89,97,101,107,109,121,124,127,130,136 "95";
96 42 0 1,4,8,11,14,15,17,19,20,23,27,29,30,33,36,38,40,44,46,48,49,51,53,55,58,59,61,62,63,64,66,71,74,75,78,79,81,83,84,86,87,88,90,92,93,96,99,103,110,112,114,115,116,118,119,121,122,124,126,127,128,129,131,132,135,137 "96";
97 128 0 0,1,3,5,7,9,10,17,19,21,23,24,27,28,29,31,33,35,39,41,43,44,47,49,50,53,54,56,59,60,62,63,66,67,69,71,75,77,78,80,82,83,85,86,87,88,91,93,96,98,100,101,103,105,108,109,113,115,120,121,123,124,125,127,129,131,133,134,136,137 "97";
98 71 1 3,17,19,25,31,35,38,40,45,55,57,61,66,69,73,85,88,95,98,100,104,105,111,127,131,132,136 "98";
99 94 1 10,16,41,44,47,53,76,82,88,93,95,121,130,132,136 "99";
100 109 1 7,10,19,21,32,34,36,38,39,49,54,55,58,61,69,73,79,81,82,83,88,95,99,103,104,106,109,127,131,132,134,138 "100";
101 1 1 1,2,4,11,20,27,33,35,36,39,46,49,72,78,83,89,99,103,105,107,109,110,111,113,114,125 "101";
102 4 1 13,15,19,22,30,46,73,82,89,98,103,105,107,115,122,133 "102";
103 130 1 1,9,14,17,19,21,24,33,42,44,46,51,57,58,59,61,63,70,73,76,79,81,84,86,92,97,103,105,108,113,115,117,121,124,126,128,131,132,138 "103";
104 8 1 1,8,40,43,46,53,68,79,91,95,98,107,116,128 "104";
105 35 1 1,3,5,7,8,9,10,14,17,18,19,21,24,26,27,29,31,34,35,37,39,43,44,47,49,50,52,54,58,59,61,62,63,66,67,69,72,73,75,79,82,84,88,89,91,95,96,99,101,106,110,112,114,117,119,120,122,124,127,128,130,131,133,136 "105";
106 136 1 1,4,5,7,8,10,12,14,17,18,19,23,26,28,30,34,35,37,39,44,46,47,48,49,52,53,54,59,62,67,69,71,72,74,76,78,80,81,82,85,88,90,92,93,97,99,100,101,103,104,107,110,113,115,117,121,124,125,127,129,132,133,134,135,137,138 "106";
107 40 1 8,11,14,18,20,23,32,33,34,37,39,46,50,51,53,57,58,64,70,90,94,98,100,103,106,123,131,138 "107";
108 119 1 8,9,22,27,29,33,43,65,73,104,119,131,135 "108";
109 67 0 10,11,22,31,45,55,58,65,69,82,83,92,93,96,106,111,112,115,118,136 "109";
110 128 0 3,5,7,10,13,15,17,18,19,23,25,31,33,34,37,40,43,44,45,50,51,53,56,57,58,63,64,66,68,71,73,75,77,78,85,86,88,91,97,99,100,101,103,105,107,109,114,118,123,124,126,129,132,134,135,136,138 "110";
111 36 0 0,4,9,10,11,14,15,18,26,29,32,36,40,43,46,50,54,58,60,61,63,66,67,69,71,82,83,87,88,93,95,100,103,106,108,113,119,120,121,126,128,132,136,138 "111";
112 108 0 0,1,4,6,9,13,16,20,26,30,34,37,38,41,43,44,47,52,54,58,59,61,65,73,75,76,80,82,83,88,89,91,94,96,98,99,101,104,105,107,109,114,119,123,125,129,130,132,133,137 "112";
113 137 1 4,6,10,13,15,17,19,21,22,24,28,29,32,33,36,37,38,41,43,46,48,49,50,53,56,62,63,66,69,71,76,77,79,81,84,85,87,89,91,94,95,98,103,107,110,112,116,118,120,122,125,128,130,133,134,135,137 "113";
114 47 1 5,6,14,19,25,41,49,50,63,86,91,103,119,129,131 "114";
115 65 0 6,19,21,24,25,31,37,65,66,70,87,127,129,132 "115";
116 49 0 0,2,7,9,11,13,15,17,19,23,24,28,29,31,35,38,40,51,53,57,62,63,65,69,73,76,83,86,88,90,91,96,98,99,104,107,109,112,116,123,124,125,129,132,135,138 "116";
117 138 0 13,17,31,46,49,57,66,70,78,79,82,90,91,95,97,99,100,110,117,120,124,126,134 "117";
118 9 1 0,7,8,11,12,16,19,20,23,26,32,33,36,37,39,40,43,47,49,50,52,54,57,59,61,62,64,66,67,68,69,72,73,74,76,78,85,86,88,90,91,96,97,99,102,103,107,111,112,115,116,118,120,123,127,128,132,134,136,138 "118";
119 41 1 33,43,60,82,96,98,101,127,131 "119";
120 121 0 0,6,8,9,10,13,14,16,17,19,21,24,26,33,42,47,48,49,53,55,60,64,66,67,69,71,74,77,81,86,87,90,92,95,97,98,99,104,108,110,112,115,118,120,123,124,125,135,136 "120";
121 139 0 1,4,5,7,9,11,14,17,21,23,27,29,31,35,37,39,41,45,46,49,51,52,57,59,62,64,67,69,71,72,74,75,77,78,79,83,88,89,91,92,95,96,98,99,101,103,105,107,108,109,111,113,115,118,120,123,125,128,129,132,134 "121";
122 115 1 0,3,4,5,7,8,9,14,16,18,22,26,29,31,35,36,39,41,42,44,45,46,50,52,54,55,57,59,63,69,74,77,79,84,86,89,93,94,97,99,100,102,103,105,106,108,110,113,114,119,120,122,124,128,129,133,137 "122";
123 7 1 4,17,18,34,35,73,82,85,87,89,96,107 "123";
124 25 0 1,2,5,6,8,10,13,14,16,21,23,26,30,32,34,36,37,39,41,44,45,47,56,59,61,62,63,66,71,72,75,76,77,79,80,85,89,91,96,97,108,110,113,121,124,126,127,138 "124";
125 99 0 6,12,13,15,17,26,28,31,34,43,44,47,52,53,54,65,69,77,81,85,90,95,99,103,105,115,117,118,126,129,134 "125";
126 44 0 1,2,8,9,13,16,17,19,20,23,24,25,27,29,30,32,33,36,39,41,44,47,49,51,53,54,55,58,61,62,64,67,71,75,78,80,81,87,89,91,95,97,98,102,103,104,107,110,112,113,115,117,118,120,121,123,125,127,128,130,132,133,135,138 "126";
127 108 1 1,4,7,8,9,10,12,18,23,24,27,28,32,35,37,42,44,49,53,55,63,64,66,69,74,75,77,79,81,82,86,87,88,90,91,93,94,98,99,101,104,106,109,116,117,119,121,129,134,137,138 "127";
128 137 0 9,11,47,54,55,64,82,99,108,109,112,122 "128";
129 12 1 1,2,4,5,7,8,10,11,13,15,18,19,20,21,23,25,26,30,33,34,36,39,41,42,43,46,51,53,55,58,60,62,66,67,69,71,73,75,81,83,84,85,90,92,99,101,102,103,106,109,112,115,119,120,130,132,133,134,138 "129";
130 132 1 0,1,3,6,10,12,15,16,17,21,22,24,27,28,31,33,35,39,42,44,45,46,48,50,51,53,57,59,66,69,72,81,85,87,88,90,91,92,95,98,99,102,105,107,108,110,113,114,118,120,124,126,128,131,132,136 "130";
131 18 0 5,7,14,16,17,25,28,29,32,34,35,37,39,41,43,44,49,60,62,63,73,80,82,83,85,87,91,95,96,99,100,103,107,108,109,114,116,119,121,124,125,126,138 "131";
132 110 1 0,1,2,5,6,8,11,13,15,17,20,22,23,25,29,30,33,36,37,39,41,42,43,45,47,48,49,51,52,54,55,56,58,59,60,62,64,66,68,69,71,73,75,78,80,84,87,89,91,92,94,96,97,101,102,106,107,109,111,113,115,119,120,122,127,130,132,134,135,137 "132";
133 64 0 3,7,13,22,40,50,51,52,60,65,82,93,99,106,110,115,120,132 "133";
134 60 1 3,4,7,15,16,18,19,23,26,27,37,40,45,47,48,51,52,54,59,60,62,65,71,75,78,85,88,91,92,96,98,101,104,107,116,117,119,122,128,130,134,137 "134";
135 44 0 1,7,19,32,50,57,68,79,82,88,91,99,104,126,132,138 "135";
136 97 1 3,5,14,19,30,33,34,36,37,40,46,57,61,63,72,73,77,79,80,82,86,89,94,98,114,120,121,124,129,132,135 "136";
137 40 1 0,1,2,5,7,9,13,14,15,18,24,27,30,32,33,35,36,42,43,46,48,49,50,52,56,57,58,61,65,66,69,70,73,77,78,80,82,85,87,92,95,100,101,103,106,108,111,112,115,117,120,125,129,133,136 "137";
138 10 0 0,1,3,6,10,12,14,17,18,22,25,34,37,41,42,45,51,55,56,61,65,66,72,80,81,82,86,94,99,100,102,104,106,109,112,113,116,126,132,134,135,138 "138";
