parity 54;
0 51 0 2,5,9,12,15,20,21,23,25,28,31,34,39,42,48,50,53 "0";
1 45 1 19 "1";
2 54 1 3,17,19,28,31,35,43,45,46,48,52,54 "2";
3 29 1 2,7,9,10,16,17,19,20,24,25,30,32,49,54 "3";
4 18 0 4,9,22,25,28,30,33,37,44,51,54 "4";
5 43 0 4,9,10,15,16,22,24,30,32,34,36,38,43 "5";
6 38 1 4,6,9,11,12,15,17,18,19,22,23,25,28,30,31,32,34,38,40,42,43,45,46,48,49,51,53,54 "6";
7 5 0 4,6,9,16,18,20,22,24,26,27,34,39,40,43,50,51,54 "7";
8 30 1 2,7,11,14,16,27,29,31,34 "8";
9 47 1 2,7,13,15,22,23,27,31,33,46,51 "9";
10 6 0 2,9,11,14,20,23,24,35,36,38,43,52 "10";
11 27 0 1,2,5,6,7,9,14,15,16,18,19,22,23,26,27,28,29,32,34,35,37,41,43,47,49,52,54 "11";
12 45 1 0,1,4,6,9,13,16,18,19,24,25,27,29,31,32,34,36,37,38,40,41,43,45,47,49,52,54 "12";
13 27 0 0,5,7,8,13,14,17,18,20,22,26,27,31,32,34,37,41,42,43,45,46,49,50,51 "13";
14 1 1 0,3,6,7,10,15,16,17,20,23,30,32,35,40,43,47,49,52 "14";
15 15 0 4,5,7,9,11,12,15,16,18,20,25,33,35,38,41,46,48,49 "15";
16 34 0 3,7,17,19,46 "16";
17 6 0 5,11,28,38,40,43,45,52,53 "17";
18 0 0 19,45,49,53 "18";
19 42 0 2,11,13,17,31,48,52 "19";
20 27 0 0,2,4,5,7,8,10,12,13,20,22,23,26,33,40,42,44,46,47,50,52 "20";
21 19 0 0,6,7,12,15,23,34,41,46,49,53 "21";
22 22 0 8,11,12,20,26,30,38,43,44,46,50,53 "22";
23 31 0 2,8 "23";
24 33 1 4,7,9,10,12,13,16,17,19,21,25,26,29,32,36,37,45,48,49,53 "24";
25 44 0 0,3,7,9,23,29,37,48 "25";
26 54 0 18,27,42,44,49,51 "26";
27 33 0 1,3,5,7,8,10,11,13,15,17,19,21,23,24,26,28,29,32,34,35,38,41,44,46,48,50,51,54 "27";
28 3 0 0,4,6,10,13,15,17,21,24,25,26,29,30,31,34,37,39,40,42,43,44,46,47,48,49,51,54 "28";
29 41 0 12,43,53 "29";
30 25 0 0,3,8,10,12,15,18,20,21,22,24,26,28,32,34,37,39,40,42,44,47,48,49,51,52,54 "30";
31 35 0 8,43,51 "31";
32 21 0 8,13,14,16,19,21,25,28,31,32,36,37,39,41,46,48,51 "32";
33 35 0 24,26,51,54 "33";
34 9 1 1,8,13,14,21,22,27,33,35,37,44 "34";
35 31 1 3,28,32,42,45,52 "35";
36 14 0 6,8,9,14,16,18,20,23,25,28,30,33,35,38,39,44,45,47,50,52,54 "36";
37 3 0 3,10,16,18,19,21,22,23,27,29,31,34,35,36,42,43,45,47,48,53 "37";
38 40 0 0,1,4,5,7,8,9,12,14,17,19,22,24,26,27,28,36,37,39,40,42,43,45,46,50,51,52,54 "38";
39 13 1 0,2,5,9,10,12,16,18,20,25,30,31,33,35,37,40,41,44,50 "39";
40 45 1 13,47,50 "40";
41 3 0 0,2,4,5,6,9,10,12,16,17,22,27,28,31,33,34,38,40,41,43,44,45,49,50,52,53 "41";
42 4 0 2,10,15,17,19,21,25,40,43,51 "42";
43 47 1 11,24,29,32,34,39,42,46,47,53 "43";
44 39 0 0,2,5,8,10,20,27,28,31,35,38,42,46 "44";
45 50 1 2,4,5,7,8,10,11,14,15,17,18,20,21,27,30,32,33,35,36,37,39,40,41,42,47,52,54 "45";
46 12 0 0,1,3,8,14,20,23,28,29,31,35,41,43,45,46,47,51,54 "46";
47 14 0 0,23,24,28,30,33,35,40,45 "47";
48 46 0 3,5,6,9,11,14,15,16,20,21,23,24,25,26,28,29,31,33,37,40,45,47,50,52,53 "48";
49 29 1 2,5,6,9,12,14,20,25,26,29,31,34,37,38,40,43,47,49,54 "49";
50 12 1 5,7,9,14,16,17,18,19,23,28,30,38,46,47,49,51,54 "50";
51 18 0 3,5,14,20,27,33,36,44 "51";
52 35 0 14,25,37,41 "52";
53 28 1 7,10,11,13,17,22,31,32,33,37,40,48,50 "53";
54 2 0 0,7,15,16,19,21,23,26,30,35,38,40,44,53,54 "54";
