parity 92;
0 23 0 1,12,14,20,22,23,27,29,31,32,34,38,39,42,43,46,47,49,52,54,55,57,59,62,64,65,67,72,73,75,78,80,83,84,86,89,90,92 "0";
1 62 1 3,4,16,19,21,23,24,29,32,35,36,38,41,42,44,46,48,52,54,55,56,60,64,67,68,73,74,78,79,80,85,87,89,90 "1";
2 9 0 0,4,9,10,12,13,14,19,25,26,29,31,33,36,38,40,42,44,45,47,49,51,53,58,60,62,64,65,68,71,74,75,76,78,80,82,84,85,87,89,90,92 "2";
3 63 1 0,2,8,9,11,14,19,26,29,33,38,40,42,47,49,50,51,52,54,60,64,66,68,72,77,80,87,88,90 "3";
4 50 0 2,18,24 "4";
5 93 0 1,13,21,23,31,32,37,39,41,45,47,49,55,59,62,78,86,87 "5";
6 62 0 0,3,8,9,12,18,19,22,36,48,50,52,61,68,72,75,88,91,92 "6";
7 8 1 2,5,6,13,35,52,53,65,68,69,71,77,81,86,87,90 "7";
8 93 1 0,20,21,22,35,39,51,53,54,64,67,81,87,92 "8";
9 8 0 11,13,16,24,28,31,35,50,55,59,61,64,74,77,81,86 "9";
10 81 1 44,78 "10";
11 6 1 4,5,8,11,12,18,20,21,26,28,35,45,50,52,57,62,65,70,71,73,75,78,83,86,91 "11";
12 46 1 0,1,2,4,7,15,18,21,22,26,34,40,44,50,52,56,64,65,68,70,72,76,78,82,91 "12";
13 69 1 5,11 "13";
14 83 0 6,29,38,42 "14";
15 93 1 0,5,8,9,11,24,27,36,38,43,45,48,49,51,53,57,64,65,67,71,73,80,88 "15";
16 30 1 6,8,13,17,22,23,25,27,29,30,32,33,35,37,42,46,48,50,53,57,60,63,73,76,79,82,88,90 "16";
17 26 1 0,3,5,7,10,11,12,14,15,17,21,24,26,28,30,32,35,36,38,40,42,45,47,49,51,52,54,56,58,59,60,63,65,67,73,75,76,78,79,81,82,84,85,87,89,90,92 "17";
18 9 0 0,3,4,14,21,31,32,38,48,52,56,57,60,65,67,68,70,72,77,83,85,89,91 "18";
19 42 1 1,10,18,25,28,29,33,36,47,54,56,64,76,77,79 "19";
20 82 0 0,5,10,14,19,29,31,34,36,46,56,61,65,67,71,73,77,81,85,87,92 "20";
21 22 0 2,32,37,45,47,56,60,73,81,83,86,89 "21";
22 10 1 1,2,5,9,10,11,15,21,22,26,30,34,35,37,39,45,50,52,53,57,58,62,63,67,70,71,74,77,81,85,88,92 "22";
23 30 0 1,4,10,12,14,16,17,20,22,25,26,27,30,31,33,34,38,41,44,50,55,58,60,61,64,67,69,71,72,74,75,76,79,81,84,85,87,89,91,92 "23";
24 13 0 0,3,9,10,11,14,16,18,19,20,24,29,30,36,37,39,41,51,52,54,55,59,60,68,69,71,75,76,78,79,81,83,88,89,91,92 "24";
25 52 1 53 "25";
26 58 1 1,3,5,6,9,11,12,14,20,24,27,29,30,37,41,44,50,56,59,60,61,64,66,69,73,75,79,83,84,89 "26";
27 51 0 0,1,3,4,7,9,10,12,16,18,20,21,23,25,27,30,33,34,36,39,41,43,44,46,47,48,50,53,54,55,56,58,59,63,64,67,68,70,74,79,81,82,85,87,88,90,91 "27";
28 89 0 16,19,24,53,89 "28";
29 4 0 1,2,4,5,11,16,19,25,29,35,38,49,52,63,73,75,89 "29";
30 5 1 1,14,17,18,20,21,23,29,33,53,58,63,68,70,91 "30";
31 4 1 0,1,4,5,7,8,9,12,15,17,20,22,24,26,28,29,30,34,35,37,39,41,43,46,48,54,55,57,59,62,63,65,69,71,72,74,77,78,80,81,82,84,86,91,92 "31";
32 60 0 1,2,25,26,31,41,42,67,68,77,80 "32";
33 74 0 8,11,14,23,24,28,31,33,41,42,46,48,53,56,59,62,69,75,82,85,87 "33";
34 39 0 2,9,11,28,79 "34";
35 40 1 4,5,8,9,11,13,15,17,19,20,21,24,26,28,29,32,33,35,36,37,38,41,42,44,45,48,50,52,61,64,66,68,70,71,72,73,77,78,80,83,85,86,87,90,91,92 "35";
36 57 0 0,1,4,7,9,11,14,16,18,20,21,23,25,26,27,29,34,36,40,41,43,44,47,50,51,56,57,58,63,66,68,72,74,77,81,82,84,88,89,90,92 "36";
37 74 1 6,12,19,25,27,54,64,74,84 "37";
38 10 1 0,2,9,12,15,17,22,24,27,29,30,34,37,38,40,42,43,47,50,52,54,57,58,63,65,77,78,80,91 "38";
39 53 1 2,8,10,15,17,22,23,26,27,31,34,36,37,39,40,42,43,45,47,51,55,57,60,61,67,70,75,77,80,85,86,88,92 "39";
40 37 1 1,5,9,10,12,14,15,16,17,19,23,25,27,30,33,34,37,38,40,43,45,48,53,54,55,56,58,59,61,63,65,67,68,74,76,77,79,80,82,83,85,86,88,89,92 "40";
41 47 0 0,3,4,9,10,13,16,17,21,24,27,28,33,35,36,38,39,42,44,47,50,52,54,55,56,61,63,66,68,69,71,72,74,76,79,80,81,84,85,86,87,89,90 "41";
42 66 0 1,4,5,8,11,13,15,16,18,22,26,31,32,34,38,39,43,45,48,50,52,55,56,57,59,61,62,64,66,68,69,72,75,76,78,80,85,86 "42";
43 66 1 2,5,7,8,10,17,18,22,24,26,33,35,37,39,43,44,46,48,50,52,53,56,60,62,63,65,67,68,70,71,72,74,76,78,80,82,83,84,86,89 "43";
44 26 1 1,3,4,9,12,15,16,19,20,24,28,30,31,34,37,49,51,55,56,57,59,61,62,63,65,67,70,74,78,79,82,89 "44";
45 89 0 2,5,6,8,9,13,17,19,23,25,26,28,32,33,38,39,40,44,46,47,48,52,54,56,61,62,63,65,69,77,81,87,88,89,91 "45";
46 72 0 0,1,2,4,6,10,13,16,17,24,25,32,33,36,37,40,42,43,45,47,49,51,52,54,56,60,62,67,70,71,73,74,78,79,82,84,86,88,90,92 "46";
47 37 0 67,87 "47";
48 29 1 4,8,13,16,18,24,26,50,53,55,63,65,71,72,75,78,88 "48";
49 9 1 0,6,10,13,15,21,26,27,28,37,38,41,42,46,47,56,62,63,68,69,74,76,86,91 "49";
50 12 1 1,3,6,7,13,21,23,25,27,28,38,40,42,46,52,54,56,59,60,62,65,69,72,76,77,79,82,86,88 "50";
51 8 0 9,17,19,26,32,44,66,68,87,90 "51";
52 67 1 16,21,25,27,38,42,47,57,61,65,66,71,75,78,84,91 "52";
53 35 0 0,3,11,13,17,21,24,29,35,37,41,42,44,45,47,49,51,55,63,65,67,73,74,76,77,85,87,89,92 "53";
54 79 1 1,2,5,6,7,9,12,14,16,18,20,22,25,27,28,30,31,32,34,38,39,40,43,45,47,48,49,52,55,58,59,62,63,65,67,68,72,73,78,80,81,84,85,87,91,92 "54";
55 71 0 2,13,14,17,18,26,29,42,43,48,50,52,55,59,60,66,70,72,75,81,90 "55";
56 64 1 1,2,4,7,8,10,12,13,14,16,17,19,20,22,24,25,27,31,36,37,40,41,43,45,46,48,51,53,57,60,61,62,65,67,68,70,72,74,76,80,81,83,85,87,88,90,92 "56";
57 34 0 1,4,8,12,14,19,32,33,44,45,50,53,55,64,69,71,78,81,87,91 "57";
58 38 0 1,5,7,13,15,17,19,24,33,44,45,48,52,55,61,67,71,73,83,87,89,92 "58";
59 2 1 1,2,4,6,7,12,14,15,17,19,21,22,26,29,30,32,35,36,37,39,41,42,43,47,48,50,51,53,59,60,63,65,66,68,70,74,75,79,82,84,87,90,91,92 "59";
60 30 0 4,7,9,12,15,19,23,29,50,54,57,59,69,72,82 "60";
61 89 1 0,5,10,13,14,21,23,24,31,34,35,37,41,44,53,55,57,62,64,65,69,71,77,86,87,89 "61";
62 22 0 1,2,4,5,6,7,8,11,13,14,20,25,26,31,33,35,36,38,42,44,45,48,54,57,59,64,72,75,77,79,80,82,84,89,92 "62";
63 16 0 10,18,24,26,56,58 "63";
64 88 1 2,6,8,9,13,15,16,19,20,24,27,30,31,32,34,37,38,41,43,44,48,50,52,54,57,59,60,67,70,72,74,76,79,81,84,85,87,89 "64";
65 12 0 1,3,11,13,19,39,48,50,55,57,74,79,92 "65";
66 17 1 0,5,7,8,10,13,17,19,22,23,35,38,40,48,56,59,60,65,71,76,78,81 "66";
67 8 0 4,12,29,31,48,66,86 "67";
68 7 1 2,14,37,76,79,89 "68";
69 72 1 1,2,4,5,6,11,20,22,23,29,31,33,37,38,42,46,47,48,50,52,53,54,56,62,65,67,71,72,73,75,78,80,83,84,86,89,91,92 "69";
70 71 1 0,2,4,8,12,18,24,36,41,51,57,59,62,64,68,76,79,81,88,89 "70";
71 83 0 0,3,6,8,11,12,16,20,23,24,26,27,30,32,33,36,44,47,49,51,53,55,56,59,60,62,65,68,71,72,77,78,81,84,88,92 "71";
72 10 1 0,23,30,70,75 "72";
73 13 0 3,5,9,10,20,21,23,27,28,29,33,34,36,37,39,42,45,49,53,57,60,61,63,68,70,72,75,79,83,88,91 "73";
74 74 0 0,3,5,7,9,10,13,18,19,22,25,27,31,34,36,40,41,43,44,49,52,54,56,58,59,61,66,69,74,75,76,78,79,80,82,84,86,87,89 "74";
75 79 1 7,16,22,35,43,74 "75";
76 75 0 2,9,12,13,15,19,21,22,27,28,30,33,35,38,43,44,46,47,48,49,51,53,55,57,59,60,63,65,66,69,72,75,78,79,82,85,88,91,92 "76";
77 77 1 3,4,5,7,9,10,11,16,18,20,22,24,26,29,30,32,34,37,41,42,46,48,49,51,53,55,57,60,62,63,64,68,70,74,75,77,83,86,89,92 "77";
78 22 1 0,4,6,8,11,13,15,16,17,20,21,24,26,28,31,33,36,40,43,45,48,50,52,54,56,57,58,59,61,64,66,69,71,73,78,79,80,84,85,87,91 "78";
79 12 1 71,76 "79";
80 38 1 1,4,5,8,9,12,15,17,19,20,21,26,27,34,37,39,41,43,44,56,57,60,62,64,67,69,74,77,79,80,84,86,92 "80";
81 27 1 1,3,5,8,9,11,14,19,20,22,25,28,30,32,33,34,37,38,39,42,43,45,47,48,50,52,53,55,56,58,59,61,64,65,66,68,69,70,72,73,74,82,86,88,89,90,92 "81";
82 85 1 0,1,4,6,7,9,11,15,20,23,25,29,31,35,37,39,42,45,47,49,51,55,60,63,68,71,75,79,81,83,88,92 "82";
83 24 1 19,28,30,45,47,53,67,91 "83";
84 31 1 11,14,32,62,64 "84";
85 23 0 1,2,13,14,19,27,29,32,33,35,37,41,43,45,50,53,56,57,60,62,64,66,71,75,76,82,84,87,89,92 "85";
86 55 1 9,12,15,22,24,26,34,36,38,44,45,46,49,51,52,55,61,62,68,70,74,78,84,85,92 "86";
87 88 0 0,2,5,6,12,19,21,27,29,33,37,40,42,46,50,52,57,58,62,68,70,73,74,78,88,91 "87";
88 56 0 2,4,6,8,9,11,13,15,19,24,27,34,37,39,40,43,45,48,52,60,61,64,67,71,74,76,77,79,82,84,87,88,89 "88";
89 20 1 0,4,8,11,13,16,18,19,20,22,24,27,28,31,32,34,37,39,41,44,45,47,48,50,53,56,59,62,64,72,73,74,76,79,80,82,86,87,88,91 "89";
90 52 0 0,12,59,77 "90";
91 85 0 3,5,8,10,12,20,23,29,35,36,38,46,47,49,52,53,56,57,59,63,67,71,73,74,77,84 "91";
92 86 0 0,1,3,5,7,9,10,12,17,27,39,47,48,52,57,62,69,73,76,81,84 "92";
