parity 98;
0 21 0 3,8,12,19,22,24,25,27,28,31,34,36,37,39,40,42,45,47,48,49,50,52,55,56,57,64,66,67,70,76,78,79,80,85,91,94 "0";
1 62 1 1,4,9,17,27,41,45,52,68,69,75,76,78,81 "1";
2 68 0 4 "2";
3 60 0 9,18,35,42,48,51,60,69,80,91,95,98 "3";
4 56 1 2,4,16,22,24,27,32,34,35,40,42,44,48,57,59,62,63,64,66,69,72,74,77,78,89,92,96,98 "4";
5 79 1 25,42,62,71,76,82,88,91 "5";
6 37 1 11,25,33,77,85,96 "6";
7 50 0 22,24,26,30,33,43,46,51,55,58,60,63,69,76,80,84,96 "7";
8 66 0 2,6,13,32,53,54,60,74,82,84,89,98 "8";
9 30 0 9,12,13,22,23,35,41,44,48,55,57,58,62,72,76,79,84,88,97 "9";
10 24 1 2,7,8,10,17,20,24,40,46,48,50,55,56,76,87,90,92 "10";
11 32 1 0,3,5,9,10,12,13,19,21,22,25,36,38,40,42,46,49,53,60,61,64,67,71,75,76,78,83,84,86,87,89,94,98 "11";
12 42 0 5,9,32,35,38,46,51,65,68,75,81,91,97 "12";
13 58 0 0,2,4,17,32,42,49,50,55,62,64,75,80,82,87,90,95,98 "13";
14 23 0 2,8,10,17,19,20,22,24,27,34,35,41,44,53,59,60,66,67,71,73,75,76,79,87,90,94,95,98 "14";
15 30 1 0,6,12,15,28,29,30,32,33,37,39,46,53,55,58,59,65,78,81,88,91 "15";
16 38 1 0,16,27,35,45,47,50,54,58,60,73,75,84,96 "16";
17 7 1 6,8,11,13,14,15,19,22,23,24,25,27,29,30,31,40,45,46,47,48,50,51,55,56,61,62,65,66,69,70,71,73,76,82,84,88,89,90,92,94,97 "17";
18 97 0 4,8,10,16,21,27,31,40,41,43,47,51,52,55,60,61,64,66,72,75,77,78,84,90,92,95 "18";
19 29 0 0,2,6,8,9,18,25,30,41,44,45,48,51,53,60,72,74,87,88,91,98 "19";
20 38 0 0,1,6,11,13,16,21,23,24,28,33,35,39,41,45,47,49,50,53,54,56,57,61,65,68,70,71,75,81,91,92,95 "20";
21 73 0 0,2,3,7,9,13,17,18,20,22,24,25,27,31,33,35,36,37,38,40,42,44,46,47,49,50,52,53,55,56,58,60,63,66,68,69,71,76,78,81,83,84,86,87,88,89,91,94 "21";
22 41 0 0,2,4,5,8,9,11,17,24,29,39,43,44,47,50,53,56,61,63,64,66,72,75,80,83,87,89,93,94,95,97 "22";
23 44 0 0,8,12,14,24,26,29,32,44,47,50,57,60,62,66,80,82,86,88,89,94 "23";
24 53 1 2,12,18,23,24,43,47,57,60,62,63,83,84,92,93,94 "24";
25 61 1 1,5,6,9,10,12,23,28,31,33,34,36,49,51,56,60,64,67,69,70,71,76,78,79,84,87,91,96,98 "25";
26 56 1 2,6,7,15,21,23,27,32,36,41,44,47,57,59,62,65,67,68,71,72,74,75,79,82,85,90,98 "26";
27 46 1 2,4,7,11,14,15,17,20,21,22,29,31,32,34,35,37,41,42,44,47,50,53,54,58,62,64,76,78,80,82,83,84,88,90,91,92,93,98 "27";
28 2 1 3,8,12,15,17,18,22,23,30,33,39,40,41,45,46,48,53,55,56,59,60,62,64,70,75,76,78,80,88,91,92,94,97,98 "28";
29 57 1 0,2,3,4,6,8,12,13,17,21,22,25,27,29,30,32,38,40,42,45,47,55,58,69,70,72,84,85,87,88,90,96,97 "29";
30 43 0 0,3,5,7,8,9,10,11,13,14,19,21,22,25,27,29,32,33,35,37,40,41,43,44,50,51,55,58,61,62,64,66,67,68,70,73,75,77,79,80,83,84,86,89,90,92,94,95,96,98 "30";
31 92 0 1,3,5,7,15,20,22,25,33,36,37,38,41,46,49,53,59,61,66,73,75,78,81,85,86,88,97 "31";
32 89 1 3,4,5,7,10,11,15,17,23,25,29,32,33,35,37,41,44,45,48,49,52,56,57,60,61,62,64,66,72,73,75,78,79,81,83,86,87,88,91,92,97,98 "32";
33 41 0 0,4,5,6,8,9,11,13,15,16,18,20,21,25,26,28,30,32,34,36,38,41,44,45,47,51,53,55,56,58,61,63,65,67,68,69,71,73,76,78,81,83,84,86,89,90,94,96,98 "33";
34 62 0 1,3,4,6,8,10,11,15,16,19,20,21,23,25,26,29,31,33,36,38,41,44,46,47,48,51,52,54,55,60,62,65,67,69,73,76,78,79,82,84,89,91,92,95,97 "34";
35 85 1 0,2,8,9,17,24,26,28,33,38,41,47,51,64,66,74,75,78,81,86,87 "35";
36 34 0 29,62,88 "36";
37 38 0 1,3,8,11,13,14,18,21,22,25,27,30,37,42,48,50,52,63,67,72,75,77,86,88,89,98 "37";
38 91 0 1,4,5,6,9,13,15,17,20,23,25,28,30,31,33,34,36,38,40,41,46,47,49,51,54,55,56,57,60,61,63,64,66,68,69,72,75,77,81,84,86,87,89,91,93,95,97,98 "38";
39 67 0 0,5,8,13,15,18,19,39,48,50,57,62,67,69,72,79,92,95 "39";
40 34 0 87 "40";
41 18 1 0,1,2,7,9,11,13,21,23,26,39,41,43,44,48,57,58,60,65,69,74,77,78,84,86,89,94,97,98 "41";
42 41 1 0,1,5,7,15,17,19,20,27,28,29,31,34,35,36,38,41,42,45,49,54,56,66,71,75,80,87,95,98 "42";
43 43 0 12,15,25,33,72,75,85 "43";
44 77 0 0,2,5,6,10,11,15,16,17,18,20,25,27,29,31,33,35,37,40,42,51,52,56,57,58,59,61,63,65,66,68,70,72,74,77,78,80,83,84,85,86,89,90,92,93,95,96 "44";
45 78 0 0,1,4,8,10,11,12,14,15,17,19,21,24,25,27,29,30,32,33,35,37,38,39,41,44,45,47,49,50,51,53,55,57,61,62,63,71,72,76,78,79,82,84,85,88,92,94,96 "45";
46 28 0 0,3,5,8,14,17,32,33,39,41,44,51,55,56,72,75,78,83,86,92,93,95,97 "46";
47 0 1 2,4,5,7,9,15,19,25,26,29,36,42,44,55,56,60,62,63,65,66,67,69,74,76,80,82,86,88,94,95 "47";
48 5 1 1,4,5,6,9,10,12,15,19,27,28,32,34,36,38,41,44,45,47,48,50,52,55,58,60,63,66,68,71,73,74,76,78,81,85,88,91,94,96,98 "48";
49 61 1 4,8,9,15,17,18,21,24,28,29,33,34,44,45,47,48,50,51,53,57,62,64,66,72,75,82,88,91,92,96 "49";
50 14 0 3,25,32,37,40,48,50,57,60,74,79,85,88,91,94 "50";
51 16 1 1,2,3,4,7,11,14,17,19,20,21,22,25,27,30,32,33,36,37,40,43,48,50,52,54,56,57,59,60,62,65,67,72,74,76,82,84,86,88,91,97 "51";
52 68 1 10,13,30,32,36,45,57,60,66,79,87,93,97 "52";
53 45 1 4,5,7,9,11,13,17,20,21,23,25,28,32,34,36,39,40,43,45,46,48,53,55,56,59,63,66,71,72,73,75,76,78,80,82,84,86,87,90,91,94,95 "53";
54 17 0 5,13,33,46,73,81 "54";
55 86 1 6,9,13,29,30,39,41,46,48,50,54,58,80,83,85,90 "55";
56 25 0 3,9,25,48,51,59,66,67,88 "56";
57 63 0 0,5,8,10,12,16,19,23,26,29,33,35,36,38,39,46,48,50,52,53,56,58,60,61,62,65,67,69,71,73,76,78,80,82,83,85,89,90,91,93,96,97 "57";
58 5 1 27,37,44,72 "58";
59 70 0 2,4,6,8,10,11,14,15,18,21,26,27,29,32,36,38,40,43,44,46,50,51,52,53,55,59,63,67,69,71,73,74,76,79,82,87,89,91,93,94,98 "59";
60 53 0 9,10,19,39,42,43,44,46,51,53,56,58,64,65,67,70,72,78,80,81,89 "60";
61 22 1 3,7,8,10,14,18,19,21,23,25,31,34,35,37,38,40,41,44,46,52,53,55,57,59,60,63,65,66,73,76,78,80,84,87,89,92,95,98 "61";
62 39 1 19 "62";
63 45 1 2,8,10,12,20,22,24,27,30,34,35,37,40,41,43,45,46,48,50,55,57,59,60,62,64,66,68,70,72,75,79,81,83,84,85,86,88,92,96,97 "63";
64 31 1 0,2,8,9,11,12,14,16,17,18,20,23,24,27,31,33,35,37,41,42,43,45,52,54,57,59,60,63,65,68,69,71,72,74,76,78,80,81,84,86,88,90,91,93,96,98 "64";
65 89 0 1,19,24,42,44,47,54,61,63,89 "65";
66 10 1 2,5,6,8,10,12,14,19,23,26,27,31,33,34,35,36,38,40,41,42,44,46,47,49,51,53,55,57,58,59,63,64,67,68,72,74,79,80,83,85,87,89,91,92,93,96,98 "66";
67 45 1 83 "67";
68 34 1 0,10,18,20,22,27,34,36,39,42,47,49,62,66,68,70,71,72,73,75,76,82,86,87,89,90,98 "68";
69 62 0 0,1,3,4,8,9,12,14,17,21,25,27,30,33,36,41,42,45,47,50,52,56,62,64,66,71,72,76,77,79,81,82,84,86,90,92,97 "69";
70 66 0 16,20,28,30,42,52,58,71,79,81,90 "70";
71 57 0 6,8,10,19,21,25,31,32,35,39,42,46,52,57,59,61,64,70,79,85,86,92,94,98 "71";
72 56 0 2,3,6,12,13,15,17,19,21,22,24,25,26,27,28,29,31,34,35,36,39,40,42,45,47,48,50,53,55,57,59,61,62,63,67,68,71,75,77,78,81,82,83,92,94,97,98 "72";
73 12 1 2,4,5,6,8,10,13,15,19,21,23,24,26,27,28,30,32,34,36,41,42,45,47,48,49,51,53,54,56,57,63,64,66,68,69,74,78,81,82,84,86,87,89,92,95,97 "73";
74 13 0 10,12,19,26,51,52,66,90,98 "74";
75 54 0 4,8,13,16,19,20,22,26,28,30,31,45,62,65,72,74,80,84,86,87,89,92 "75";
76 37 1 0,1,3,5,7,8,10,11,15,18,20,23,26,29,30,33,34,35,37,39,42,44,45,47,49,51,52,55,59,60,63,68,70,75,77,82,83,86,89,91,92,93,96,98 "76";
77 56 0 1,2,8,12,14,18,19,21,24,25,26,28,31,34,35,37,38,42,43,48,52,53,56,58,63,64,66,67,69,70,71,73,74,76,77,80,84,86,90,93,98 "77";
78 7 1 9,32,49,54,56,59,60,72,77,80,87,93 "78";
79 7 0 1,6,7,9,14,16,18,20,21,23,30,32,34,37,42,43,46,47,52,54,55,62,63,65,68,71,73,75,80,81,89,90,96,98 "79";
80 1 0 5,11,38,50,60,67,70,89,91,94,97 "80";
81 65 0 0,3,8,16,17,22,23,24,27,34,36,38,40,42,43,45,48,50,52,55,62,65,71,79,80,85,86,88,92,93,95,97,98 "81";
82 57 0 0,9,16,22,23,26,32,33,38,45,50,54,63,68,69,76,80,86,91,96,97 "82";
83 84 1 2,6,11,18,23,26,29,31,52,58,66,69,75,85,92,93 "83";
84 19 1 1,4,5,9,10,13,15,17,18,21,23,26,31,33,34,36,38,39,44,47,49,50,53,55,58,62,63,64,66,68,72,74,75,76,79,80,83,85,86,89,90,92,94,98 "84";
85 46 1 0,3,5,7,9,10,13,19,22,25,26,31,35,37,40,41,43,45,47,49,52,55,58,62,63,65,68,72,75,81,84,90,92,94,95,97 "85";
86 33 1 6,11,16,29,37,42,55,60,68,84,94 "86";
87 93 0 0,1,2,4,5,7,8,10,11,13,14,19,21,22,24,26,27,29,33,35,37,39,40,42,45,47,51,58,60,61,66,70,75,78,80,84,87,91,93,95,98 "87";
88 55 1 1,3,5,6,7,8,11,12,14,15,16,22,23,25,26,28,31,32,43,44,46,47,48,50,55,56,57,58,60,61,64,65,69,71,73,76,79,80,82,83,86,88,89,91,92,95,97,98 "88";
89 13 0 4,15,22,28,31,38,45,72,84 "89";
90 31 0 0,3,13,20,24,26,28,30,33,36,37,43,47,49,55,57,58,60,62,63,64,66,68,71,73,75,76,84,86,91,97 "90";
91 55 0 4,10,13,23,28,35,36,40,51,54,55,61,67,73,77,79,83,90,98 "91";
92 73 0 0,3,5,7,12,14,16,18,21,23,25,27,31,33,36,38,40,42,43,47,48,50,53,54,58,60,62,64,65,67,69,72,75,81,82,85,86,90,94,95,98 "92";
93 74 1 2,7,11,13,19,22,27,37,41,43,49,50,53,55,58,69,72,75,86,94,98 "93";
94 4 0 0,1,5,11,12,14,15,16,18,20,22,25,27,30,33,35,37,41,42,44,47,49,50,51,55,61,62,67,71,74,76,83,89,91,94,95 "94";
95 18 0 0,10,19,22,23,27,29,35,37,49,54,70,72,74,75,83,85,96 "95";
96 62 0 1,3,11,18,20,23,26,29,31,33,35,36,40,41,43,44,49,51,52,53,55,58,60,62,65,68,70,73,78,79,83,87,89,90,92,94,98 "96";
97 76 0 1,4,5,11,14,16,21,23,24,26,30,32,33,38,42,43,45,56,57,65,69,70,74,77,78,82,84,86,88,92,93,94,95,98 "97";
98 31 1 15,18,22,24,26,30,34,35,40,43,56,60,66,67,69,70,73,74,77,91,92,94,96 "98";
