parity 153;
0 127 1 2,3,6,15,19,24,28,34,39,43,45,46,57,59,65,66,70,72,74,77,79,81,82,84,85,86,90,98,99,106,111,113,116,119,123,124,128,135,141,143,145,149,151 "0";
1 110 0 1,2,6,7,8,10,12,14,19,23,24,25,28,29,30,32,33,34,36,37,39,40,41,42,45,48,50,52,54,56,60,61,64,67,69,71,74,76,77,80,83,84,85,86,88,90,93,98,99,102,103,106,107,109,110,112,114,116,117,120,122,124,126,128,131,132,134,136,137,141,147,149,150,152,153 "1";
2 2 0 0,1,4,5,9,11,12,14,16,18,23,27,32,34,35,36,38,40,41,44,46,47,48,51,52,54,55,57,59,60,61,64,69,72,74,75,78,80,83,84,85,86,88,91,99,105,108,110,112,113,119,120,122,130,132,134,136,137,139,141,143,145,150,151,153 "2";
3 33 0 0,2,5,9,12,13,16,17,19,21,26,31,32,34,36,44,45,46,49,50,51,53,56,58,59,62,66,67,69,70,72,73,75,78,83,85,87,91,92,98,100,101,103,104,106,108,110,112,118,119,122,124,126,127,130,132,135,136,141,142,143,145,147,151 "3";
4 52 0 3,4,7,13,17,21,23,26,33,36,38,41,43,44,45,51,53,58,60,63,66,69,72,73,74,75,76,80,83,85,90,96,99,102,103,105,108,110,112,115,116,119,122,126,128,134,135,137,138,139,142,144,145,150,153 "4";
5 118 0 5,12,26,36,41,47,51,61,78,118,132 "5";
6 153 1 1,2,3,7,10,13,15,16,17,19,23,24,26,27,30,33,36,42,44,47,48,50,55,65,67,70,72,75,77,80,81,82,83,85,86,88,90,94,99,101,106,107,109,116,118,119,121,123,124,128,132,133,136,138,140,142,145,147,149,153 "6";
7 20 1 0,5,6,12,13,15,19,22,24,25,31,38,40,54,56,67,82,83,87,106,116,123,126,136,148,152 "7";
8 85 1 23,26,29,35,47,51,54,59,72,96,99,110,121,143,148,153 "8";
9 94 0 1,3,5,7,9,17,23,25,27,30,32,35,44,48,50,56,58,60,66,67,70,72,74,79,89,92,94,96,103,105,108,111,113,121,126,130,135,139,142,145,146 "9";
10 71 1 8,14,15,37,44,49,55,60,76,78,85,88,92,95,98,106,110,112,113,120,121,126,128,130,133,135,143,144,151 "10";
11 104 1 0,4,6,8,11,17,21,22,40,43,49,52,54,59,62,64,66,69,75,78,95,99,104,107,115,121,126,127,132,140,147,149,152 "11";
12 26 0 3,8,48,60,63,87,100,110,113,123,149 "12";
13 85 1 10,13,21,22,29,36,39,40,45,46,48,51,53,54,56,59,63,71,75,78,84,85,88,89,91,94,97,101,102,107,110,112,113,118,123,125,126,128,129,136,139,140,142,143,149,151,152 "13";
14 81 0 0,2,4,10,12,14,16,17,19,20,22,25,27,32,35,38,43,44,48,49,53,54,55,60,62,64,66,68,69,70,73,75,82,85,87,89,90,91,93,97,99,101,103,106,107,108,110,112,113,116,119,122,124,128,129,132,135,136,138,140,143,148,150,153 "14";
15 99 1 0,3,8,11,25,32,35,39,61,63,69,86,93,98,103,110,121,133,136,137,140,142,152 "15";
16 113 0 0,19,21,58,68,77,83,85,87,89,94,97,99,100,106,113,145,147,152 "16";
17 99 0 1,3,7,9,12,13,19,27,28,33,34,36,40,43,45,46,49,52,54,56,58,64,67,68,74,76,79,83,86,96,98,100,101,103,105,106,108,112,115,117,118,119,123,126,128,130,131,139,141,142,144,146,149,153 "17";
18 30 0 0,2,4,7,8,10,13,15,16,17,19,22,24,27,29,30,31,33,35,36,37,38,42,44,46,49,52,53,55,56,58,61,62,64,66,68,70,72,73,75,78,80,81,82,84,85,88,90,92,94,98,100,103,105,107,110,112,115,117,118,121,122,123,125,127,128,134,136,138,139,143,144,146,147,149,151 "18";
19 16 1 1,3,5,9,10,12,14,23,24,26,28,30,31,32,33,37,38,39,43,45,47,50,52,54,57,59,61,64,65,67,68,69,72,75,76,77,79,83,85,86,88,90,91,93,99,101,102,105,108,110,114,116,118,120,121,123,125,127,129,132,133,134,137,138,141,144,146,149,151 "19";
20 113 0 0,1,4,6,7,9,13,17,19,22,24,25,28,30,32,34,36,38,43,45,53,57,60,62,65,67,69,72,74,75,77,80,85,87,93,95,98,100,101,104,105,109,115,116,119,120,122,125,127,129,131,133,134,138,141,147,149,151 "20";
21 76 0 3,8,12,14,16,25,32,37,39,41,43,45,46,47,51,54,56,57,59,63,65,71,72,77,84,88,90,91,94,96,98,102,103,110,111,116,119,122,125,127,129,133,134,136,143,145,149,153 "21";
22 82 1 3,17,24,32,36,42,51,66,70,88,92,104,105,111,125,127,133,138,145 "22";
23 121 0 0,1,4,5,6,10,14,15,16,18,21,22,26,27,29,33,35,36,40,41,43,47,50,51,53,57,58,61,63,64,66,68,70,73,74,76,80,81,84,87,90,91,93,97,98,103,104,106,108,111,119,122,126,129,133,136,138,140,142,144,145,147,149,152 "23";
24 123 0 1,5,6,10,26,29,41,48,56,58,64,70,76,84,90,95,97,106,111,116,118,122,123,125,128,133,136,144,150,151 "24";
25 102 1 11,13,16,37,57,65,78,91,101,103,130,145,148 "25";
26 107 0 32,47,63,66,145 "26";
27 56 1 2,5,6,7,9,11,13,17,21,23,27,29,31,33,35,37,40,43,45,47,50,51,52,53,57,59,65,67,68,69,75,77,82,83,86,87,89,93,94,99,100,104,107,111,112,114,116,117,119,121,124,128,130,131,134,136,140,142,145,146,149,150 "27";
28 153 1 0,17,25,31,33,34,68,75,88,95,98,100,106,109,110,125,139,144,145 "28";
29 38 1 10,38,41,71,76,90,106,111,116,134 "29";
30 33 0 1,2,3,6,8,9,12,15,16,17,20,22,25,27,29,30,32,34,35,37,38,42,45,46,49,51,54,55,56,58,63,64,66,67,70,71,74,75,76,77,80,82,84,85,87,90,93,94,99,101,103,105,106,109,111,113,116,117,119,121,124,125,127,128,130,131,133,137,138,139,142,144,147,148,150,153 "30";
31 122 0 75,138 "31";
32 115 0 8,21,28,29,49,50,52,55,69,77,78,90,95,99,101,106,108,119,138,152 "32";
33 152 1 3,7,8,11,18,22,24,25,28,31,32,34,47,48,66,67,68,74,76,78,80,82,89,91,101,103,110,112,114,115,120,121,128,139,140,143,145,150,153 "33";
34 94 1 1,6,7,9,11,14,16,17,19,20,24,26,27,29,31,33,34,36,38,40,42,43,45,47,49,51,52,54,55,57,59,61,64,68,70,73,75,77,78,79,81,84,85,87,90,92,93,94,97,99,102,103,106,109,111,114,116,118,119,120,124,126,127,129,130,132,134,136,138,139,141,145,149,151,152,153 "34";
35 95 1 4,23,42,58,68,79,83,84,109,119,126,128,153 "35";
36 80 0 11,36,43,46,48,51,52,55,58,69,71,76,84,91,97,98,104,108,110,113,120,138,141,149 "36";
37 130 0 7,27,30,47,51,54,76,80,82,98,110,114,122,135,146 "37";
38 33 1 0,5,7,8,11,14,15,23,28,34,38,44,45,46,56,59,60,63,66,68,71,73,76,79,81,84,87,90,96,99,102,103,105,109,116,121,124,125,130,132,133,136,143,146,147,149,151,152,153 "38";
39 79 1 2,3,4,6,11,16,17,20,22,25,29,30,32,35,36,41,43,45,49,50,55,56,58,59,63,66,68,70,74,77,80,83,86,90,95,96,105,115,117,119,121,124,126,128,130,131,132,134,138,142,143,145,150,152 "39";
40 63 1 0,4,6,8,18,22,24,26,28,31,35,36,42,48,51,54,59,62,65,68,69,71,73,77,78,81,85,88,90,92,98,99,101,107,109,110,112,113,127,131,132,134,139,146,149,151,152,153 "40";
41 88 1 0,5,8,10,12,13,15,17,21,23,29,30,31,35,37,39,40,42,44,46,48,49,51,53,54,58,62,64,66,68,72,74,75,76,77,79,81,85,87,93,95,97,99,103,107,108,110,111,113,114,117,119,120,122,124,131,133,134,136,137,139,140,144,148,153 "41";
42 114 1 2,3,6,9,11,13,15,17,21,22,26,27,31,38,39,41,43,46,50,54,59,62,64,67,68,69,71,72,73,76,78,79,80,81,84,86,87,90,92,93,94,96,103,105,107,111,113,115,117,118,121,124,126,127,128,131,136,137,140,141,142,146,147,148,151 "42";
43 133 1 6,11,17,19,22,23,25,32,35,44,45,51,52,59,61,74,85,88,103,107,113,125,128,130,132,147,151,153 "43";
44 125 1 11,14,51,56,65,69,78,84,90,93,96,98,109,131,134,137,139,143,151,153 "44";
45 106 1 1,2,8,11,13,15,18,22,24,26,28,29,33,35,36,48,49,52,56,58,64,68,72,76,83,84,86,91,97,100,105,106,108,109,110,115,116,124,130,132,136,138,147,153 "45";
46 32 0 3,17,24,25,27,29,31,33,35,37,38,39,42,46,53,55,61,67,68,72,78,79,83,88,90,97,100,102,103,108,111,113,119,122,125,132,134,138,141,149,153 "46";
47 5 1 0,3,5,8,15,17,18,22,24,26,29,30,32,33,34,37,39,41,42,44,48,50,51,53,55,57,59,60,62,64,69,71,72,73,76,77,78,80,81,82,87,92,94,96,97,99,102,103,107,108,109,111,112,113,116,117,118,119,120,122,123,124,126,128,133,135,138,143,145,146,147,149,150,151,153 "47";
48 1 0 5,15,16,23,25,26,38,48,50,59,62,66,67,70,72,80,81,83,85,87,89,91,98,100,103,107,109,111,113,120,122,123,125,132,136,143,148,151,153 "48";
49 104 0 9,31,79,84,105,119,124,136,142,146 "49";
50 103 1 14,34,36,55,78,80,109 "50";
51 100 1 22,27,40,51,118,128,149 "51";
52 92 1 2,3,6,8,9,10,12,14,15,17,19,22,25,27,29,30,33,38,39,41,45,47,48,50,51,54,55,57,62,64,65,67,70,72,75,78,83,84,88,92,93,95,96,98,100,103,104,105,107,108,110,112,114,116,118,120,121,123,125,128,129,131,136,138,139,142,143,146,151 "52";
53 109 0 1,4,9,18,20,21,35,41,53,56,57,64,65,68,72,79,93,96,108,113,116,121,124,131,142,144,146 "53";
54 80 1 6,12,20,41,49,78,80,92,96,99,104,108,119,124,127,141,148 "54";
55 114 0 0,2,4,5,9,10,14,15,16,17,21,23,26,27,29,33,34,37,39,44,46,47,49,52,53,55,57,59,60,65,67,69,70,72,74,75,76,80,82,85,86,89,90,93,95,97,100,103,106,107,109,111,112,113,117,119,121,122,123,132,133,134,135,136,140,141,143,144,148,149,153 "55";
56 38 1 2,3,4,8,9,11,14,15,17,22,24,26,27,31,39,41,43,45,47,51,54,55,59,60,63,65,70,71,73,75,78,79,80,81,83,86,87,88,89,94,96,98,99,100,102,107,108,112,118,121,126,127,128,131,133,135,137,138,140,142,146,148,150,151 "56";
57 26 0 1,4,13,25,33,37,70,87,90,97,110,118,126,142 "57";
58 26 1 0,1,3,4,5,7,9,12,14,16,20,22,23,24,30,32,33,35,38,39,41,42,46,48,49,51,52,53,54,57,59,63,64,67,68,78,79,81,84,86,87,89,91,93,94,99,102,104,107,108,109,112,114,116,118,120,122,123,125,126,128,131,137,146,150,151 "58";
59 115 1 3,4,7,8,13,18,19,22,23,25,28,30,32,34,39,40,42,43,47,49,50,52,55,57,62,63,66,70,74,80,82,86,90,102,104,105,108,109,112,116,117,119,120,124,126,135,138,141,142,144,145,148,151 "59";
60 84 0 0,1,10,11,12,15,18,19,21,22,27,28,30,32,33,35,37,39,41,42,45,47,48,50,54,56,57,60,62,66,67,69,73,75,79,82,86,87,90,92,94,96,97,101,103,106,108,113,116,117,119,121,123,124,125,127,128,130,133,134,135,137,138,139,142,144,146,147,149,150,151,153 "60";
61 57 0 6,9,11,12,13,14,16,17,19,21,23,29,31,32,34,35,37,41,42,43,47,49,50,51,53,55,56,61,65,66,68,70,72,73,75,78,79,81,83,84,87,89,90,92,99,101,103,104,106,108,109,115,116,118,119,122,126,132,134,135,137,138,140,142,143,146,149,152 "61";
62 127 1 13,26,43,49,59,66,76,83,90,94,99,103,115,118,121,134,150 "62";
63 12 0 18,32,35,36,67,71,90,113,135,141,147 "63";
64 133 0 1,5,7,11,16,18,22,26,30,31,33,36,42,48,49,65,71,72,83,86,89,92,95,97,103,105,109,110,115,117,120,121,125,130,131,136,138,141,143,145,150 "64";
65 7 1 1,3,5,6,7,8,10,12,13,14,20,22,26,28,30,31,33,34,35,38,41,43,45,47,48,50,52,54,55,57,59,61,63,64,68,70,72,74,76,78,79,81,83,85,87,90,91,96,97,99,101,104,106,108,109,110,112,114,118,121,124,126,127,128,129,131,132,137,138,142,143,147,151 "65";
66 68 1 0,1,4,7,14,18,19,21,22,29,30,31,34,41,43,44,46,47,48,51,55,58,60,62,66,68,75,77,79,83,87,94,97,100,101,105,111,113,117,125,126,128,132,136,143,145,150,151,153 "66";
67 7 0 0,1,5,11,13,14,17,18,20,22,28,31,33,38,41,42,46,48,52,56,60,61,66,67,70,71,72,77,81,86,92,95,97,99,100,103,106,109,112,113,114,116,120,123,124,125,128,130,132,134,136,141,142,144,147,148,150,152,153 "67";
68 80 0 3,18,22,34,35,44,49,68,71,72,74,75,81,90,105,107,127,137,149,152,153 "68";
69 130 0 2,15,26,64,74,132 "69";
70 86 0 4,6,8,20,25,28,30,39,42,43,45,46,47,49,51,53,63,67,75,77,81,83,84,87,89,91,96,101,106,114,115,119,120,123,124,129,133,140,144,146,152 "70";
71 5 1 2,6,12,17,19,28,30,34,40,41,44,55,62,66,68,70,72,79,83,87,92,93,95,98,99,103,109,114,128,143,145,149 "71";
72 115 0 7,11,27,28,32,52,65,70,82,85,98,142 "72";
73 123 1 5,8,11,12,13,17,19,21,22,25,29,31,36,37,42,43,48,51,52,55,62,63,66,71,75,76,77,79,82,85,87,94,98,101,108,113,128,133,134,137,139,140,146,147,149,153 "73";
74 77 0 3,4,6,10,11,13,19,23,26,28,32,37,40,41,43,47,49,52,54,56,58,62,64,65,67,69,72,74,78,79,82,85,87,91,93,94,95,96,98,100,101,103,104,106,108,109,111,112,114,116,120,125,126,127,129,130,132,133,139,140,142,144,146,149,151,153 "74";
75 83 0 2,6,8,10,15,16,18,20,22,23,32,33,36,41,44,46,49,52,53,54,56,60,61,64,65,67,69,72,74,77,79,83,90,91,94,97,100,101,108,113,117,122,126,128,130,136,138,147,148,151,153 "75";
76 53 0 2,7,8,11,12,15,23,25,30,35,37,39,40,43,49,51,54,61,62,64,71,73,75,78,82,86,87,88,104,109,115,121,126,128,131,138,140,142,145,150 "76";
77 144 0 6,9,11,19,32,36,44,59,72,74,87,95,100,118,132,152 "77";
78 107 0 1,52,75,86,139,145 "78";
79 153 1 0,1,6,9,10,12,13,16,17,20,22,24,25,28,29,31,34,37,39,41,42,46,47,49,50,53,55,59,60,64,66,67,68,73,74,75,77,79,88,90,92,93,94,96,99,101,106,108,112,114,116,118,119,122,125,127,128,132,133,135,138,139,141,142,150,151 "79";
80 126 0 1,9,10,17,19,20,27,40,55,56,63,65,67,69,70,75,80,85,89,90,95,100,107,117,120,124,129,131,140,150 "80";
81 62 0 1,4,6,12,13,17,18,26,28,30,32,34,36,41,42,44,45,49,59,61,64,67,72,78,83,91,93,101,104,110,113,115,117,118,121,125,127,130,135,136,140,141,144,146,148,150,152 "81";
82 95 1 0,2,8,14,18,19,20,24,26,30,33,37,48,50,52,53,58,61,64,67,69,71,74,78,80,87,89,91,97,102,104,105,108,118,121,124,127,128,135,139,141,142,144,145,149,152 "82";
83 17 1 108,110 "83";
84 54 1 0,3,5,11,14,15,16,19,23,24,26,28,29,30,32,33,35,36,38,39,41,45,47,49,51,52,54,56,59,62,63,65,67,70,71,76,81,82,85,90,92,95,97,98,100,101,102,103,104,108,110,114,116,117,122,123,124,127,129,132,133,135,137,138,142,146,148,150,151,153 "84";
85 130 1 13,39,46,62,78,79,85,92,112,114,136 "85";
86 82 0 6,8,11,13,15,17,20,22,24,27,36,40,41,43,45,46,48,50,55,56,58,64,65,69,71,80,82,89,91,95,96,100,103,106,111,119,125,127,128,132,137,138,141,142,146 "86";
87 150 1 12,21,26,45,57,59,75,81,93,111,130,135 "87";
88 14 0 0,2,4,5,8,11,13,14,16,17,19,22,27,28,31,32,33,35,36,39,45,46,48,50,53,57,59,62,65,67,68,70,74,76,77,80,82,84,85,87,88,97,98,101,103,105,107,110,113,116,119,121,123,124,127,130,131,132,136,139,140,143,144,145,147,150,153 "88";
89 10 1 3,4,10,11,17,22,26,28,29,34,37,38,39,42,46,55,62,65,68,70,71,73,77,84,87,89,92,94,97,98,101,106,108,113,118,119,121,122,125,127,128,131,139,140,145,147,152 "89";
90 60 1 0,5,6,7,10,16,18,20,21,23,27,29,31,33,35,37,39,42,45,48,50,53,55,60,61,64,67,69,70,71,73,76,79,81,84,87,89,91,92,98,99,102,103,111,113,115,118,121,123,124,126,130,139,143,145,147,148,150,153 "90";
91 103 1 2,6,9,11,12,14,18,20,21,31,33,34,37,39,43,47,48,49,50,53,54,55,58,60,65,67,70,72,75,76,77,83,87,93,95,96,104,105,106,108,113,116,117,120,121,122,124,127,128,130,131,133,135,137,140,141,145,146,151,153 "91";
92 150 0 0,2,4,6,12,18,22,29,31,33,42,46,47,53,62,63,66,69,73,78,83,89,90,94,103,105,111,112,113,115,116,127,131,134,140,144,146,148,151 "92";
93 53 0 0,8,11,12,14,21,25,31,32,35,37,46,48,50,67,69,70,77,83,86,94,100,109,111,114,117,128,132,137,139,151 "93";
94 55 0 12,14,17,19,21,22,28,29,32,35,39,41,43,51,61,63,67,70,72,73,75,76,79,83,84,89,91,93,101,103,105,117,118,120,126,129,133,134,136,142,150,152 "94";
95 144 0 3,22,26,29,36,41,43,44,45,54,65,72,73,89,92,96,103,111,113,122,129,132,133,146,151 "95";
96 1 0 1,4,7,9,13,16,21,24,26,29,31,37,38,40,44,47,54,61,62,64,66,69,73,83,85,89,90,92,93,96,98,100,101,106,111,113,116,121,125,130,136,138,140,144,147,148,150 "96";
97 154 0 0,3,5,11,13,14,19,21,24,25,28,29,30,34,35,38,39,45,47,49,53,56,57,58,59,65,67,69,71,76,77,78,83,86,91,95,97,102,113,114,119,121,122,124,128,131,135,136,141,144,145,146,148 "97";
98 117 0 3,4,7,12,16,18,19,22,24,25,30,33,35,37,38,40,42,43,45,47,49,51,58,59,61,63,66,68,69,70,73,77,78,84,88,90,91,96,98,102,107,109,111,117,119,121,124,126,127,137,142,144,148,150,152 "98";
99 101 0 11,15,20,32,141 "99";
100 8 0 0,2,4,5,7,10,12,14,16,17,22,24,28,30,33,35,41,43,44,48,49,50,52,55,57,59,60,62,65,66,71,72,73,76,79,80,82,89,90,91,92,93,95,99,103,105,107,108,110,113,114,116,119,121,123,124,126,129,130,132,140,142,145,147,149,151 "100";
101 106 0 33,34,38,43,46,50,57,60,68,69,77,78,82,86,91,92,95,108,110,114,117,122,126,129,131,135,152 "101";
102 56 0 0,2,3,5,8,11,14,15,17,18,22,25,27,28,31,35,36,38,39,40,43,44,47,48,54,56,63,64,66,67,69,71,72,76,85,88,94,98,100,102,104,106,107,108,111,115,118,120,121,122,125,128,133,136,137,138,140,141,142,144,145,147,153 "102";
103 99 1 7,11,13,16,23,24,27,29,31,39,40,44,46,53,57,62,69,71,72,77,78,80,85,87,90,95,96,98,100,102,104,107,108,110,113,122,125,126,128,130,131,134,135,140,143,147,153 "103";
104 141 0 1,2,6,8,10,13,16,18,19,24,26,28,33,34,36,39,40,42,47,51,56,57,58,59,62,63,66,67,68,81,84,85,87,88,90,93,94,100,103,107,109,110,119,121,127,130,132,133,136,137,138,141,144,145,147,150 "104";
105 11 1 7,10,14,16,19,22,24,27,28,30,31,32,34,36,37,38,39,40,44,46,48,49,51,55,57,60,62,64,65,66,69,70,72,74,79,81,84,89,91,92,93,96,97,99,102,104,105,106,107,110,113,116,118,119,124,125,126,128,131,132,135,138,141,142,148,149,151,153 "105";
106 21 1 12,13,24,31,43,47,49,51,59,61,91,93,97,104,108,111,134,145 "106";
107 30 1 1,2,18,23,25,30,36,40,46,49,50,52,59,64,74,82,89,94,97,100,102,103,107,115,117,119,129,136,140,150 "107";
108 153 0 57,93,110 "108";
109 36 1 1,6,9,13,16,17,26,32,34,43,45,46,49,53,54,62,63,66,68,70,75,78,83,88,95,97,103,105,112,114,118,119,128,132,141,144 "109";
110 6 0 0,8,10,11,12,17,19,22,23,26,28,29,31,35,37,38,44,45,48,50,53,56,58,59,61,62,64,65,68,70,71,74,75,77,78,82,83,86,88,90,95,97,99,102,104,106,107,109,110,112,114,115,118,119,120,122,125,129,134,136,137,139,143,147,149,150,152 "110";
111 99 0 0,3,5,6,8,11,14,17,18,23,24,30,32,34,37,40,42,44,45,46,48,49,52,53,56,58,60,62,63,67,68,71,74,76,77,79,81,82,84,85,86,88,89,93,95,97,98,100,102,105,107,109,113,115,117,118,120,121,122,124,126,127,129,131,133,135,137,139,141,143,144,145,147,150,152 "111";
112 19 1 3,4,5,7,9,11,13,14,18,20,22,23,25,26,31,35,36,37,40,42,44,46,49,50,52,54,55,56,58,60,62,63,66,69,71,73,75,76,78,83,86,87,91,92,94,96,97,99,100,101,104,106,109,110,113,115,118,119,121,124,125,127,129,130,133,140,143,145,146,148,150,151,152 "112";
113 25 1 14,16,21,24,29,49,54,104,115 "113";
114 127 0 1,4,8,13,17,21,25,34,36,39,41,46,51,56,59,61,65,66,68,70,72,73,74,77,78,83,84,87,89,98,100,103,106,112,116,119,124,129,131,132,133,136,139,141,144,148,150,152,153 "114";
115 142 0 6,10,32,51,62,78,85,111,114,120,144,148 "115";
116 37 1 0,2,3,5,8,10,11,14,16,20,24,25,26,29,31,33,36,39,40,43,46,47,50,51,52,55,58,59,62,64,65,68,71,73,74,75,78,80,84,88,89,90,91,94,96,101,102,104,107,111,115,116,119,121,126,132,142,147,150,151 "116";
117 152 1 1,6,12,15,18,22,24,30,37,39,44,46,48,58,64,69,72,77,82,83,88,97,103,104,105,108,111,113,115,122,126,134,137,143,146,149,151,153 "117";
118 63 0 0,3,6,13,21,24,26,29,41,50,57,59,60,65,69,71,77,78,87,89,93,94,96,103,108,115,123,126,129,135,138,142,145,147,153 "118";
119 42 1 5,19,23,24,29,35,39,46,61,63,67,72,79,95,125,128,146 "119";
120 26 0 0,3,4,6,7,9,10,14,16,18,20,21,23,25,27,28,32,33,34,37,39,40,43,48,50,53,54,56,58,59,60,65,68,69,71,72,73,75,77,79,80,84,85,86,89,90,91,94,95,102,107,109,110,112,114,116,119,121,123,125,128,129,132,133,135,136,138,141,143,144,146,147,150,151,153 "120";
121 31 0 0,1,3,4,10,16,17,20,22,24,33,37,41,43,47,50,52,70,72,81,88,96,99,105,107,113,116,123,124,132,135,136,138,144,151 "121";
122 130 1 1,2,5,8,10,11,12,15,23,25,28,32,34,35,41,42,45,48,49,50,52,54,56,57,60,64,67,72,73,75,79,84,85,87,89,93,103,105,109,111,117,119,121,123,125,131,135,136,139,144,147,150,152 "122";
123 153 0 0,3,5,6,9,10,11,14,17,19,20,22,24,26,29,31,35,42,45,49,55,58,61,64,67,68,71,75,76,79,82,84,87,91,94,98,100,104,107,110,112,113,117,119,121,122,125,126,128,130,132,134,137,139,141,143,145,147,149,151,152 "123";
124 61 1 1,3,4,6,8,9,10,12,15,17,22,24,25,29,37,39,42,44,47,49,54,56,57,58,60,61,63,64,66,68,70,74,75,76,78,79,80,84,86,91,94,99,100,101,103,105,106,109,112,118,120,123,124,130,133,136,138,144,146,148,149,151,152 "124";
125 33 0 0,8,9,13,15,19,25,27,28,35,36,38,53,56,61,65,69,71,74,75,81,83,84,88,89,91,95,96,101,105,112,113,120,126,128,129,131,136,144,146,149,150,152 "125";
126 24 1 1,4,34,54,80,91,99,108,122,124,149 "126";
127 3 0 0,4,7,8,25,30,31,36,39,41,42,68,69,76,79,89,91,93,104,109,121,126,137,140,141,151,153 "127";
128 151 1 1,3,4,8,10,13,16,18,20,21,23,26,28,29,30,32,34,38,40,43,45,49,50,56,57,59,60,61,63,67,68,70,72,73,78,80,82,84,86,87,88,90,91,92,95,97,98,101,102,105,107,109,111,113,114,116,117,118,120,122,124,126,131,133,135,136,139,141,144,148,151,153 "128";
129 56 1 2,5,9,14,17,18,21,24,25,30,32,37,38,40,42,44,46,47,50,53,54,56,58,60,62,63,68,72,76,78,83,85,87,89,92,93,95,98,100,104,106,109,110,111,115,117,118,122,124,127,131,133,137,139,143,148 "129";
130 134 0 3,9,14,18,21,24,35,46,51,54,60,77,80,89,90,96,98,106,108,113,121,137,139,144,150 "130";
131 86 0 4,9,10,12,14,15,17,19,22,25,26,27,30,34,36,37,39,45,47,50,52,56,60,61,64,66,68,71,74,76,78,87,89,90,91,94,95,96,99,103,105,106,108,111,116,121,133,135,137,139,140,145,147,149 "131";
132 85 1 0,5,8,11,14,18,21,25,27,30,31,32,34,36,37,40,42,48,51,53,54,55,58,61,63,67,69,76,80,90,94,101,106,113,117,122,123,125,129,132,134,137,139,145,148 "132";
133 17 0 0,4,16,70,72,80,110,139,141 "133";
134 62 1 10,46,48,50,62,78,82,96,104,105,107,110,118,132,141,145 "134";
135 86 0 2,3,6,7,10,11,12,15,16,17,18,20,21,22,24,25,26,27,28,31,33,34,37,40,43,46,48,49,51,52,54,59,60,66,67,69,71,73,74,76,78,81,84,89,91,93,94,97,100,102,103,106,112,116,117,118,120,121,123,124,127,132,134,135,137,139,140,143,144,146,151 "135";
136 104 0 17,20,68,102,115,118,127,132,135 "136";
137 48 1 0,2,5,6,7,10,11,14,20,21,24,26,28,32,34,36,37,39,40,44,47,49,50,53,55,62,63,64,67,68,70,72,75,79,81,82,84,86,88,90,92,94,95,96,99,102,104,106,108,109,111,113,115,116,120,121,123,127,129,130,132,134,135,139,141,143,144,146,148,150,151,153 "137";
138 8 1 2,5,10,12,15,17,18,23,27,30,31,35,37,43,49,55,56,60,63,69,70,73,74,77,78,80,82,84,86,90,92,94,95,97,98,100,104,106,109,113,115,118,121,122,124,125,127,129,134,140,144,145,149,153 "138";
139 96 1 7,39,41,55,58,76,83,92,94,127,147 "139";
140 138 1 52,74,94,109,122,130,137,140,151 "140";
141 49 1 0,2,3,6,9,10,11,12,16,18,19,22,23,27,28,30,32,33,37,41,42,45,48,52,54,55,56,58,61,62,64,66,69,70,71,73,74,76,78,81,83,84,85,88,90,96,98,103,105,107,108,110,112,113,114,115,117,119,120,121,124,125,126,127,129,134,138,140,142,143,145,146,147,149,150,152 "141";
142 154 0 4,12,13,16,39,58,60,65,68,71,75,77,86,93,99,101,116,120,122,128,143,144,152 "142";
143 139 0 3,37 "143";
144 92 0 7,15,17,18,22,24,25,28,31,35,39,41,44,46,53,54,65,66,68,72,74,91,101,106,108,112,117,119,124,129,131,134,140,145,148,149 "144";
145 125 1 2,4,6,11,12,14,16,19,22,24,26,27,29,30,33,34,36,37,39,40,42,44,45,46,49,52,57,58,59,61,62,65,67,70,72,73,75,80,81,82,83,85,86,87,89,91,93,94,97,99,100,103,104,106,108,110,112,113,115,117,120,122,126,127,129,131,132,135,137,139,144,145,146,148,149,152,153 "145";
146 89 1 6,22,26,35,38,41,69,70,74,75,94,97,112,115,133,137,145 "146";
147 108 0 0,1,7,10,12,13,14,15,20,23,24,28,31,32,34,41,46,49,51,54,56,62,65,74,75,77,78,80,83,84,90,91,93,95,99,100,104,106,114,118,119,120,123,126,128,131,135,137,140,144,147,149,151,153 "147";
148 96 1 47,49,80,95,106,118,129,135,139,141,145,149,152 "148";
149 45 0 1,20,22,27,32,36,40,46,56,64,71,79,86,88,91,110,130,132,133,135,140 "149";
150 149 0 2,15,18,21,23,24,26,33,35,37,39,40,45,49,50,53,55,56,60,61,63,66,71,85,87,91,99,101,104,106,112,114,116,117,119,120,122,125,126,129,135,140,141,144,145,147,149,152 "150";
151 35 1 0,2,4,5,6,8,10,12,13,15,16,18,20,21,24,28,30,33,34,36,37,39,40,41,43,45,47,50,51,53,56,59,63,64,65,68,70,73,75,77,80,82,84,86,88,89,91,93,95,97,99,104,105,106,109,111,112,115,122,127,134,137,139,141,143,144,146,150,151,153 "151";
152 48 0 3,8,13,15,16,20,21,26,29,33,42,45,49,54,72,75,78,82,84,85,90,97,103,105,120,122,124,126,128,129,135,144,146,147,150,152 "152";
153 5 0 0,3,6,8,9,11,13,20,31,37,40,41,46,47,56,62,65,75,80,87,88,90,93,100,107,109,110,116,117,119,126,127,130,137,141 "153";
