parity 112;
0 103 0 7,11,13,15,18,21,22,27,29,32,43,46,54,57,61,66,72,73,75,76,79,82,84,85,87,89,102,107,111 "0";
1 38 0 2,4,6,7,9,30,34,38,40,43,45,48,54,60,62,63,68,76,79,89,92,94,96,99,104,111 "1";
2 55 0 1,6,10,15,20,22,24,34,43,45,46,49,52,60,61,62,64,66,68,69,74,76,77,79,81,88,90,94,105,109,111 "2";
3 36 1 6,15,19,26,31,34,46,49,64,75,80,99,112 "3";
4 57 1 2,6,19,38,47,104 "4";
5 43 1 3,9,12,14,26,35,44,84,87,89,99,100,106,111 "5";
6 27 1 6,7,10,12,18,21,26,27,32,36,38,43,48,49,50,52,60,62,65,76,78,80,82,84,87,92,93,104,106,108 "6";
7 61 0 1,8,9,10,15,17,19,21,23,24,26,29,32,34,40,41,43,45,46,51,57,58,61,64,67,70,73,79,82,87,92,93,102,111,112 "7";
8 108 0 5,9,15,16,18,28,32,36,38,41,47,51,56,59,60,65,86,91,95,99,100,108,109 "8";
9 101 0 0,4,8,12,16,18,21,23,25,29,30,33,34,35,38,39,41,43,44,46,47,50,51,52,54,56,60,61,62,64,65,67,68,70,71,73,76,80,81,85,87,89,93,94,98,100,101,104,106,108,110,112 "9";
10 29 1 0,1,3,5,6,7,8,11,16,18,19,21,23,25,26,28,30,34,35,37,39,42,44,46,47,48,50,51,54,56,59,61,65,68,69,74,76,78,79,81,82,86,88,89,90,92,96,98,99,101,103,106,108,109,111,112 "10";
11 26 0 10,14,17,19,23,29,32,53,60,65,82,92,97,103 "11";
12 83 1 1,2,4,5,7,9,10,14,15,17,21,22,24,27,31,33,34,36,38,46,47,49,50,52,53,55,63,64,66,68,70,71,73,74,78,80,81,83,85,87,88,90,91,94,96,97,102,104,106,108,112 "12";
13 51 1 17,19,20,21,58 "13";
14 81 0 0,11,13,51,58,64,70,83,94,106,111 "14";
15 33 0 3,6,8,10,13,17,20,28,31,34,37,38,40,43,48,49,53,54,55,60,61,63,67,69,73,75,78,79,86,88,90,92,95,98,99,104,105,107,110 "15";
16 23 1 0,2,4,5,6,9,11,12,13,16,20,22,26,27,32,40,42,51,53,58,60,63,65,68,72,75,76,80,83,85,86,90,91,93,97,102,104,109 "16";
17 81 0 0,1,6,8,10,18,20,26,34,37,39,41,43,47,54,57,59,66,70,82,85,94,98,100,104,105,109,111 "17";
18 57 1 32,47,59,66,67,91,96,98,107 "18";
19 83 1 3,7,14,26,41,50,55,64,67,82,90,91 "19";
20 85 1 4,26,34,49,52,53,56,70,79,87,99,104 "20";
21 71 0 2,3,4,5,8,14,18,22,24,27,29,35,37,39,43,48,49,51,53,56,57,68,70,71,75,77,80,91,93,98,106,110,112 "21";
22 14 0 10,24,36,70,85,103 "22";
23 15 1 0,1,2,9,10,12,15,17,19,21,24,27,31,34,36,40,46,49,50,52,57,59,60,62,71,74,75,77,79,80,82,84,87,92,93,98,101,104,105,106,112 "23";
24 94 0 4,5,6,11,14,25,28,29,31,32,38,40,47,49,53,63,64,66,72,73,74,76,79,82,83,84,92,93,97,101,110,112 "24";
25 9 0 4,6,8,14,16,18,22,24,26,31,34,37,44,46,54,68,70,79,81,84,87,88,94,108,110 "25";
26 23 1 0,1,3,5,8,13,14,16,20,21,23,25,27,28,30,35,40,42,49,50,51,53,55,57,58,62,63,66,68,74,76,78,82,84,89,91,92,94,96,97,101,106,107,109,112 "26";
27 77 0 14,25,36,54,69,73,79,86 "27";
28 74 1 10,16,18,29,30,36,42,43,58,64,66,71,78,93,98,103,104,107,111,112 "28";
29 53 0 3,4,6,8,12,17,19,24,27,30,33,36,38,44,46,48,55,60,62,67,73,75,80,85,86,90,95,96,98,100,101,106,109 "29";
30 21 1 2,7,11,12,14,15,19,21,22,24,26,32,34,35,39,40,41,43,45,47,53,55,56,60,64,67,69,71,77,78,81,83,85,86,88,93,95,96,98,99,103,105,107,111,112 "30";
31 7 1 1,4,6,7,9,10,16,20,21,27,34,39,42,44,51,53,55,57,60,62,64,66,70,72,75,77,87,93,99,101,102,109 "31";
32 103 1 2,4,5,8,10,14,16,18,27,28,34,37,38,39,46,48,51,56,57,59,61,65,66,70,77,79,81,84,85,90,92,94,95,103,105,107,108,110,112 "32";
33 15 0 0,2,4,7,10,15,16,17,19,21,24,31,32,34,36,38,39,43,44,45,46,53,54,56,58,60,62,64,66,68,70,71,73,75,77,78,80,82,84,86,88,89,91,93,98,99,100,102,103,105,107,108,110,112 "33";
34 89 1 3,7,8,10,13,17,18,22,28,34,37,39,40,42,44,45,47,48,49,51,57,59,61,65,69,70,73,74,76,78,79,80,83,88,89,90,97,99,100,102,106,111 "34";
35 108 1 15,17,19,21,23,70,73,76,79,95,96,107 "35";
36 106 0 2,11,23,27,28,29,31,33,36,37,46,49,51,63,66,67,69,72,75,80,84,92,102,110,111 "36";
37 53 1 4,16,17,19,25,37,44,47,48,57,62,64,65,66,74,77,83,84,88,103,106 "37";
38 96 1 1,8,12,16,18,24,27,31,34,46,48,61,62,66,71,73,74,80,82,84,87,96,104,105,111 "38";
39 113 0 5,7,21,23,24,26,27,31,33,38,42,51,54,62,79,82,84,86,89,92,96,100,106,110 "39";
40 29 0 2,3,4,6,12,14,22,26,28,30,33,34,36,38,40,43,48,50,51,53,55,57,60,63,65,67,69,70,74,75,77,78,79,81,84,85,92,94,95,99,101,103,104,106,110,112 "40";
41 92 1 3,5,6,9,11,12,16,18,23,24,25,28,34,36,39,44,46,48,51,52,55,61,63,64,69,70,73,78,80,81,85,89,92,94,99,104,108,109,112 "41";
42 36 1 3,9,14,15,17,22,24,26,28,30,31,32,34,37,39,41,47,49,52,53,58,60,62,63,66,68,70,74,77,81,89,90,91,93,95,97,98,100,104,107,109,110,112 "42";
43 21 1 24,33,50,78,79,83 "43";
44 52 0 3,4,5,7,8,10,13,14,15,18,19,23,27,30,35,41,44,46,47,50,53,57,59,60,62,64,65,66,70,71,73,77,79,81,82,84,87,88,90,92,93,94,96,97,102,105,108,112 "44";
45 59 0 0,3,5,11,13,14,16,20,22,24,26,27,29,34,36,40,41,44,47,48,53,55,56,59,61,63,78,79,81,85,87,89,95,99,100,105,107,108 "45";
46 42 0 3,25,31,41,47,56,69,71,72,77,80,90,101,105,109 "46";
47 84 1 3,4,6,9,12,14,18,20,24,26,28,29,31,32,34,37,39,42,46,48,49,50,52,55,57,58,59,60,61,63,65,67,69,71,73,75,77,78,79,80,82,84,85,87,88,95,96,98,99,103,104,106,110 "47";
48 14 0 2,3,10,14,15,17,22,25,26,31,32,34,39,40,43,46,48,54,56,57,61,62,65,69,70,74,76,77,78,79,83,88,90,92,94,95,97,99,100,102,103,107,108,110 "48";
49 21 0 0,1,3,6,8,11,12,13,15,17,19,20,26,28,33,36,38,40,42,44,46,49,51,53,56,59,62,63,65,66,69,70,71,73,75,77,78,80,81,84,85,90,92,97,99,100,106,107,112 "49";
50 17 1 1,2,3,5,9,11,18,25,28,34,36,37,40,41,44,46,50,52,54,56,61,62,63,65,66,70,71,74,75,77,79,80,86,89,91,93,95,98,101,104,109,110 "50";
51 89 0 1,4,8,11,12,15,16,21,24,27,28,31,32,33,36,42,45,47,49,50,52,53,55,59,60,72,74,76,77,79,90,94,96,98,99,100,105,111 "51";
52 0 0 0,1,4,5,8,10,12,13,15,18,22,24,25,27,28,29,30,32,35,37,38,40,41,44,46,47,50,51,54,57,59,62,65,68,69,71,73,77,79,80,81,82,83,85,86,89,90,93,97,99,101,103,106,107,109,111,112 "52";
53 25 1 6,18,21,24,28,35,44,46,53,57,60,68,81,82,108 "53";
54 73 0 0,9,25,27,32,34,36,37,42,48,56,57,64,67,84,92,95,98,99,103,106,110 "54";
55 19 1 0,3,8,10,12,13,17,18,26,27,29,31,33,37,41,43,44,48,56,57,63,64,66,68,69,70,72,74,76,81,84,85,87,89,94,96,98,99,101,102,103,105,110 "55";
56 89 0 1,5,6,11,12,15,16,17,19,21,25,26,29,31,35,37,38,39,42,45,46,47,50,52,54,56,59,61,63,64,65,68,72,73,76,78,79,81,84,85,86,87,89,91,94,95,97,99,101,103,108,110,112 "56";
57 30 1 4,5,12,13,21,24,25,29,37,43,50,52,56,58,61,73,83,87,92,102,104,108 "57";
58 49 1 0,11,28,36,39,43,53,74,85,86,109,111 "58";
59 5 0 23,25,36,44,59,70,87,98,105 "59";
60 93 1 2,5,11,12,27,29,35,58,76,78,79,85,108 "60";
61 25 1 1,7,14,16,20,29,33,53,64,69,80,82,84,100,105,106,109,112 "61";
62 63 0 5,10,11,14,15,16,20,25,27,29,30,42,51,53,55,62,63,67,71,77,79,83,88,93,104 "62";
63 82 1 22,35,39,42,48,53,68,79,93,99 "63";
64 36 1 1,3,6,13,16,17,21,23,31,33,35,37,44,46,51,52,60,66,69,78,82,83,85,93,94,97,98,100,102,104,106,111 "64";
65 92 0 0,5,7,12,18,23,36,38,40,46,48,53,61,64,68,79,95,101 "65";
66 63 1 2,7,16,23,28,33,43,48,51,57,61,63,65,67,69,90,92,96,98,99,100,102,105,106,108 "66";
67 89 0 1,19,54,68 "67";
68 34 0 1,2,4,5,6,8,9,11,12,15,16,23,26,28,30,33,35,37,38,39,41,45,47,48,50,54,55,57,58,61,63,65,68,70,75,76,79,82,84,87,88,90,92,93,94,95,97,100,102,103,106,109,110,112 "68";
69 10 1 0,9,44,75,97 "69";
70 38 1 0,2,4,8,11,12,14,16,18,19,22,29,30,32,33,35,36,38,39,40,44,45,46,48,50,51,53,55,58,61,63,66,68,70,75,76,78,79,80,82,84,85,87,89,90,94,96,97,98,99,102,104,108,111 "70";
71 50 1 4,7,9,12,13,17,21,27,33,40,42,49,52,54,56,58,62,63,65,69,72,74,75,76,77,81,82,96,101,105,110,111 "71";
72 70 0 0,3,4,5,7,10,12,16,27,28,30,34,37,38,39,41,42,43,44,46,47,50,52,55,56,58,60,62,64,66,68,69,70,72,74,78,79,81,83,86,88,91,95,96,98,99,101,103,105,107,109,110,112 "72";
73 105 0 0,17,19,22,25,36,41,48,56,60,64,67,75,78,83,85,104,106 "73";
74 95 1 3,7,9,13,18,20,28,38,45,52,57,58,62,73,77,80,81,89,90,92,103,110 "74";
75 45 0 25,28,32,34,37,41,65,75,88,102,103,107,110,112 "75";
76 93 0 8,10,12,15,17,22,38,39,44,46,52,53,56,59,62,67,69,73,80,82,83,87,90,91,93,94,97,104,105,112 "76";
77 8 0 13,21,48,50,102,105 "77";
78 57 1 3,6,7,13,16,19,22,24,26,28,31,32,34,36,38,40,46,48,50,51,53,54,59,61,62,65,66,67,71,72,74,76,79,81,84,88,90,96,97,98,103,107,109 "78";
79 110 0 3,4,7,10,11,13,17,18,20,22,24,28,29,34,35,36,37,42,43,52,54,58,60,63,65,66,69,71,73,75,77,81,82,86,88,94,96,100,103,106,110,111 "79";
80 20 0 0,3,15,22,24,46,51,55,64,68,70,71,78,85,86,91,95,102 "80";
81 49 0 3,6,8,11,13,15,18,21,23,25,28,29,34,37,40,43,48,55,56,59,65,68,70,71,76,78,83,84,89,90,93,96,99,100,106,108,109,112 "81";
82 5 1 7,8,18,22,25,28,32,36,53,57,59,64,67,72,77,84,90,95,105,107 "82";
83 107 0 0,4,7,9,18,19,21,22,24,27,30,32,34,36,38,46,48,50,53,55,60,66,67,69,71,73,79,81,83,92,104,106,107,111 "83";
84 75 0 0,1,5,6,9,10,12,14,19,20,22,27,31,38,43,45,47,51,52,55,59,61,62,63,65,66,69,73,74,81,83,84,85,91,95,99,102,104,107,112 "84";
85 70 0 0,2,5,7,8,11,13,15,17,18,22,25,26,29,30,33,38,39,40,42,43,44,46,49,52,54,56,62,64,67,70,71,74,75,77,79,80,82,83,84,85,90,95,98,100,104,107,108,110,112 "85";
86 3 0 2,9,17,25,29,39,59,62,65,75,78,87,102,108 "86";
87 48 1 2,3,5,6,9,10,11,15,16,24,28,32,34,36,41,43,45,48,50,53,55,60,62,76,77,78,80,84,87,88,90,91,92,96,97,99,102,104,105 "87";
88 70 0 3,5,6,8,9,11,13,16,18,19,20,22,23,25,27,28,30,31,35,36,38,39,41,44,47,49,51,52,54,56,59,60,62,66,68,69,71,72,73,74,76,82,83,86,88,89,91,93,95,96,97,99,101,104,107,108,110 "88";
89 92 0 1,2,5,13,17,21,23,30,33,35,49,54,55,69,85,88,93,96,98,103,111 "89";
90 58 0 40,48,51,61,67,71,87,96,101,109 "90";
91 67 1 0,9,17,24,38,41,46,79,96,98,100,110,111 "91";
92 106 1 1,4,5,7,12,14,17,18,24,28,30,37,39,41,46,51,54,57,59,62,64,67,69,70,72,73,75,77,79,82,83,89,90,93,98,101,103,105 "92";
93 48 0 3,5,6,11,12,14,15,17,19,20,21,23,26,29,30,32,36,37,38,41,43,44,46,47,48,50,51,54,56,58,59,61,66,69,72,75,77,78,80,81,85,86,92,94,98,99,102,105,109,110,111 "93";
94 26 0 3,6,10,16,21,23,26,27,32,34,46,49,53,60,63,70,75,80,83,84,87,106,111 "94";
95 108 1 0,1,3,6,7,9,11,13,15,17,18,20,23,26,27,29,30,34,35,36,38,40,41,43,44,47,50,51,52,58,60,61,63,65,69,71,74,75,78,79,81,82,84,85,86,90,92,94,96,98,100,103,105,108,111,112 "95";
96 104 0 0,1,8,10,13,16,21,22,24,26,29,32,34,36,40,43,48,51,57,61,64,70,77,79,81,87,100,105 "96";
97 90 1 6,8,9,11,12,20,21,24,30,32,39,46,50,52,53,56,58,61,65,68,71,73,75,79,83,84,87,96,101,103,107 "97";
98 17 1 0,6,10,11,15,17,21,23,24,31,32,35,36,41,44,46,48,50,53,57,59,61,63,66,69,72,76,78,90,98,102,106,108 "98";
99 41 0 3,9,15,31,38,41,50,56,64,68,72,76,87,90,105 "99";
100 65 1 3,7,9,11,12,16,17,20,33,34,38,42,50,64,67,75,76,85,90,91,95,96,99,105,107,109 "100";
101 113 0 1,5,7,11,15,17,19,20,23,27,30,31,33,34,35,36,38,47,51,52,55,56,58,63,65,67,69,74,75,78,79,81,86,88,89,92,94,96,98,101,105,108,110,112 "101";
102 111 1 1,5,7,9,11,12,15,17,19,26,27,30,31,34,37,39,46,48,50,53,54,55,56,62,63,65,67,68,69,71,73,75,77,79,80,82,84,87,88,91,93,95,96,98,102,103,108,109,112 "102";
103 105 0 36,37,89,95,101 "103";
104 74 0 0,5,7,11,14,16,20,22,30,31,34,36,37,38,39,41,46,47,48,52,53,55,61,62,65,67,69,73,74,76,80,83,85,88,89,93,99,102,105,108,109,111,112 "104";
105 37 1 3,16,61,90 "105";
106 50 1 0,1,3,4,6,7,10,11,14,15,17,21,22,24,26,30,34,36,38,40,41,44,45,47,49,50,51,52,55,56,58,64,66,73,74,76,80,83,87,89,90,91,93,94,95,97,101,102,104,108,112 "106";
107 102 1 35,49,80,81,84 "107";
108 7 1 16,23,56,68,86,103 "108";
109 94 1 26,41,49,55,104 "109";
110 101 0 4,22,27,35,55,63,75,91,101 "110";
111 83 1 1,4,6,7,10,11,13,16,17,18,21,24,28,30,32,34,35,36,38,39,42,43,48,49,51,53,54,56,64,67,70,73,78,80,81,82,85,88,89,91,92,94,96,97,99,100,103,111 "111";
112 71 0 0,8,23,24,28,32,43,53,63,95,97,102,106,108 "112";
