parity 29;
0 17 0 0,3,5,6,8,9,12,13,15,16,19,21,23,25 "0";
1 19 0 0,3,8,10,13,17,19,23,25,29 "1";
2 16 1 0,3,6,12,14,16,18,25,29 "2";
3 30 0 0,2,3,7,11,13,15,20,21,24,26,27,29 "3";
4 22 1 0,2,10,14,15,19,20 "4";
5 30 1 7,10,15,19,23,29 "5";
6 17 1 6,23 "6";
7 10 1 1,2,4,5,7,9,11,12,14,17,20,21,26,28 "7";
8 13 1 2,7,12,22,27 "8";
9 2 1 1,5,9,11,13,15,16,19,20,23,26,28,29 "9";
10 1 1 0,2,5,8,10,12,13,15,19,20,22,25,26,29 "10";
11 24 0 10,18,20,29 "11";
12 4 1 2,6,9,11,12,14,16,17,19,21,24,26,27 "12";
13 23 0 1,3,4,5,7,10,11,14,20,23,24,28,29 "13";
14 20 0 1,3,6,9,11,12,15,16,17,19,23,24,27,28 "14";
15 13 1 4,13,15,17,22 "15";
16 6 0 3,6,8,10,12,15,17,19,20,21,22,24,29 "16";
17 19 0 0,3,6,8,12,15,18,23,25,27,28 "17";
18 1 1 2,4,6,8,11,13,16,17,19,21 "18";
19 22 1 1,2,5,6,7,9,11,12,14,16,18,21,23,25,27 "19";
20 4 1 10,15,16 "20";
21 29 1 8 "21";
22 16 0 0,5,13,15,17,19,24,27 "22";
23 17 0 8,14,27 "23";
24 28 0 1,5,7,8,10,12,14,15,16,19,21,24,28,29 "24";
25 11 1 1,7,9,11,13,16,19,21,23,25,28 "25";
26 24 0 0,2,3,4,7,9,10,12,13,20,22,23,25,28 "26";
27 1 0 0,1,5,10,12,14,16,18,20,22,24,25,26,28,29 "27";
28 29 0 4,7,9,12,13,23,25,28 "28";
29 30 0 1,3,8,9,12,16,17,24,25,27,29 "29";
