parity 176;
0 90 1 0,2,4,6,10,11,13,14,16,17,18,22,24,25,28,31,33,34,38,39,43,44,48,50,53,55,56,58,60,64,65,70,75,76,78,80,83,84,87,89,90,91,92,94,97,98,101,102,103,105,107,110,113,115,120,122,123,125,126,128,129,131,134,135,138,140,142,145,147,148,149,150,153,157,161,162,164,165,167,168,169,171,172,175,176 "0";
1 149 0 0,2,3,4,9,11,13,16,17,20,22,23,25,29,31,33,34,36,37,39,41,42,43,45,48,49,51,52,54,56,58,60,63,65,69,72,77,79,81,82,84,86,89,94,95,98,100,104,105,106,110,112,113,114,119,121,125,126,128,129,131,132,134,135,138,139,141,142,146,150,152,156,158,159,160,163,164,165,169,170,172,173,174,176 "1";
2 38 1 9,13,15,19,28,30,31,35,39,44,45,48,49,51,55,68,89,91,92,94,104,109,115,127,129,134,141,145,153,156,159,163,166,170,175 "2";
3 27 0 9,12,14,15,16,17,20,23,26,28,31,32,36,42,46,48,52,57,58,60,62,64,66,68,71,73,79,82,84,87,91,95,97,99,103,105,108,109,116,123,124,126,129,131,134,137,138,141,146,148,150,159,166,168,169,170,174,176 "3";
4 160 1 13,29,30,42,44,48,56,66,68,94,95,97,126,127,162,167,172 "4";
5 14 0 0,10,11,13,18,19,20,22,24,26,28,30,32,33,39,40,47,52,54,58,60,61,64,66,72,74,77,78,80,84,87,89,92,96,98,99,101,103,106,109,111,113,114,119,122,125,127,129,132,142,144,147,152,154,156,158,161,165,166,169,170,173,176 "5";
6 102 1 0,1,2,4,7,8,10,14,15,18,20,21,23,26,30,32,35,37,38,42,44,45,48,50,52,54,57,58,60,62,63,65,67,68,69,72,75,76,78,80,82,83,87,89,91,97,101,102,105,108,109,110,113,114,117,119,120,125,129,131,132,136,137,140,143,144,145,148,151,154,160,161,163,167,169,171,172 "6";
7 171 0 0,1,3,4,6,9,14,16,18,19,21,22,29,32,34,40,41,42,43,46,48,49,53,55,56,59,64,65,71,76,80,83,87,90,91,92,94,95,99,101,106,108,110,112,113,114,117,118,120,124,131,133,135,138,142,143,147,152,158,163,164,166,168,169,175 "7";
8 151 0 2,13,30,34,54,104,118,122,126,153,162 "8";
9 124 1 8,18,21,22,55,107,140,150 "9";
10 17 1 1,3,5,6,10,18,20,25,26,29,31,33,34,39,41,43,45,46,53,55,56,57,60,64,67,68,71,73,74,76,79,85,88,91,93,94,96,98,100,102,105,106,111,113,115,120,123,124,126,128,132,135,138,141,143,144,151,155,156,160,162,165,166,168,169,170,172 "10";
11 101 0 0,2,5,6,9,10,13,16,21,24,25,29,32,35,40,41,50,54,56,60,61,64,66,70,78,81,84,86,90,94,98,103,105,108,109,111,113,118,120,122,126,127,129,134,137,140,141,144,146,148,150,151,152,155,156,158,159,161,163,165,166,168,170,176 "11";
12 161 1 0,17,31,34,55,79,96,101,111,117,132,175 "12";
13 164 0 3,10,11,15,18,26,40,42,48,52,53,67,80,82,84,88,97,99,102,112,122,130,131,138,151,157,160,162,171,173 "13";
14 23 0 0,2,4,5,6,7,10,12,15,17,20,24,28,30,34,37,38,43,45,46,47,55,57,60,65,69,72,73,78,81,87,90,92,94,102,103,107,111,118,121,124,128,130,134,142,144,145,148,149,152,156,158,159,161,164,170,172,174,176 "14";
15 74 0 0,2,3,6,8,10,12,13,14,16,20,22,23,29,32,35,37,39,42,46,50,51,54,55,56,59,61,63,64,66,72,74,79,81,83,84,87,89,91,93,95,99,102,103,105,107,109,112,114,116,118,119,121,123,125,128,129,136,137,138,141,143,145,148,150,152,153,156,158,159,169,170,172 "15";
16 7 1 4,5,8,11,13,23,24,27,33,35,36,44,48,49,52,58,62,70,72,76,77,80,82,87,90,95,107,113,114,120,122,130,132,140,149,150,163,165,169,175 "16";
17 99 0 2,7,12,13,19,21,22,27,30,32,34,38,39,41,44,48,50,52,53,55,56,58,61,63,65,66,70,71,73,74,80,84,90,92,93,95,99,103,112,116,117,119,120,122,125,127,128,132,133,135,138,143,145,146,147,150,154,155,156,158,161,162,165,167,171,173,175,176 "17";
18 21 1 0,8,14,23,26,27,30,39,44,46,61,64,85,88,89,91,92,96,104,108,110,125,129,132,140,142,144,147,156,163,169,170 "18";
19 132 0 0,4,27,37,64,66,68,70,98,101,106,119,123,126,137,146,168 "19";
20 71 0 3,4,18,20,23,24,28,31,32,39,42,45,49,53,55,58,65,70,73,77,79,88,90,92,97,103,106,109,115,121,125,128,132,134,141,150,161,166,168 "20";
21 86 1 1,4,6,9,10,11,15,17,20,27,30,31,34,35,39,40,42,45,46,48,50,52,53,55,57,67,70,72,74,76,80,83,87,89,94,96,99,100,103,107,108,110,113,115,121,135,141,144,145,147,148,154,159,161,167,168,173,174,176 "21";
22 66 1 0,8,16,25,34,41,45,47,50,82,87,133,149,154,162,169 "22";
23 71 0 0,3,6,7,8,10,12,14,15,18,20,23,26,28,34,35,37,39,40,42,43,45,47,49,50,53,56,57,58,60,62,63,67,68,70,73,74,76,77,78,80,82,83,87,88,90,91,95,99,102,107,108,110,111,113,114,115,117,118,120,121,123,124,129,130,132,133,138,141,143,144,146,148,152,153,155,156,157,158,161,164,166,171,175,176 "23";
24 111 1 3,26,36,40,42,44,47,52,64,65,76,77,79,80,82,84,100,101,102,108,110,111,113,117,125,127,129,131,138,142,153,155,160,169,170,173,175 "24";
25 157 1 6,9,10,11,13,16,18,22,23,29,39,41,42,44,49,53,56,58,63,69,75,79,82,84,85,90,93,101,104,105,106,109,110,112,113,120,123,129,130,135,138,141,143,145,153,155,160,162,165,167,170,173,175 "25";
26 149 1 1,11,19,24,25,30,32,34,36,41,56,60,70,76,79,89,95,97,99,101,106,110,113,122,125,127,131,135,138,142,152,154,155,161,162,166,171 "26";
27 161 0 10,14,23,27,28,31,33,34,36,39,42,51,56,62,66,69,71,77,79,81,85,98,101,106,109,113,115,119,120,121,122,125,126,127,132,138,139,147,148,150,151,153,155,157,163,172 "27";
28 15 1 41,66,71 "28";
29 151 1 2,13,25,28,36,51,64,67,80,83,99,139,148,157,161,163 "29";
30 113 0 3,6,11,15,17,23,26,29,32,35,38,43,49,51,52,59,61,63,64,67,72,77,80,84,87,94,96,103,114,118,125,134,139,141,145,148,151,152,155,157,165,166,170,171,173,174,175 "30";
31 113 1 2,6,8,13,14,16,18,20,21,24,31,35,38,41,44,49,50,53,54,56,65,68,69,71,74,77,79,80,81,89,91,99,107,109,126,127,129,132,133,135,138,139,143,145,148,150,152,153,159,161,166,168,172,174 "31";
32 131 1 1,4,6,15,16,20,22,26,30,34,40,42,43,44,49,51,54,58,63,68,70,72,75,85,89,95,99,104,105,109,113,117,119,130,131,133,134,146,149,150,154,155,166,170,175 "32";
33 22 0 2,3,4,6,7,8,10,13,16,20,23,25,27,31,33,35,36,38,41,43,46,47,48,50,52,54,55,58,59,60,63,64,66,69,71,75,77,79,81,82,85,87,88,92,93,94,97,98,99,103,105,108,111,114,116,117,118,120,121,123,125,127,129,131,132,133,136,138,140,141,145,146,147,148,149,151,153,154,158,164,166,168,169,173,176 "33";
34 125 1 1,3,4,5,7,9,15,18,20,21,25,27,28,29,36,42,44,48,50,56,64,72,73,75,80,84,85,86,89,92,93,95,97,100,101,104,105,109,117,126,132,133,137,140,144,147,148,153,155,164,168,171,174 "34";
35 0 0 15,29,39,45,46,110,127,139,143,146,153,158,166,173 "35";
36 173 0 0,2,5,14,28,35,41,50,51,52,56,58,68,72,76,78,83,88,92,94,98,116,125,130,134,136,144,154,157,159,170 "36";
37 30 0 0,5,6,9,12,17,19,22,24,26,34,36,43,46,48,58,60,67,69,71,74,76,79,90,94,95,96,101,104,109,110,111,116,123,126,127,130,132,133,143,144,146,149,154,155,160,162,164,172 "37";
38 84 0 4,7,9,11,13,16,17,18,22,23,24,26,31,32,34,36,37,41,43,45,46,47,51,53,56,61,62,65,67,70,72,74,75,79,81,82,85,88,90,94,95,100,106,107,109,110,112,114,116,119,120,124,131,135,139,140,143,146,147,149,153,155,157,159,162,164,171,173,174 "38";
39 128 1 29,37,41,70,100,124,132,139,146,160 "39";
40 59 0 15,27,31,34,50,53,65,69,80,84,86,88,91,102,109,114,123,131,132 "40";
41 148 1 0,1,4,5,7,8,10,11,14,16,17,18,20,21,27,29,32,34,37,39,40,41,43,44,45,47,48,50,52,56,57,59,61,62,65,66,68,70,71,72,74,79,81,83,88,90,92,95,97,98,99,100,103,104,106,107,109,111,115,117,120,125,126,129,132,134,135,136,139,140,141,143,144,145,147,150,153,157,159,160,164,166,167,168,171,175 "41";
42 58 0 3,6,7,10,11,12,15,16,18,19,21,24,29,32,33,34,36,38,40,41,43,45,47,48,50,54,56,57,59,61,62,66,67,69,71,72,74,76,77,79,81,82,84,88,89,90,93,94,95,97,99,103,105,106,110,113,115,116,119,120,121,122,124,128,130,131,132,135,136,139,141,143,144,146,150,151,153,157,158,161,162,163,165,168,170,172,176 "42";
43 43 0 1,9,18,23,24,28,34,37,41,44,52,54,59,62,65,70,76,78,80,81,85,86,94,96,99,103,106,108,109,118,123,124,126,128,139,150,151,154,156,165,174,176 "43";
44 122 1 5,16,40,58,74,91,144,145,150,154,172 "44";
45 141 1 0,1,5,8,9,12,14,19,20,22,24,25,28,31,32,35,37,40,42,44,46,47,49,51,53,58,60,64,65,70,72,76,77,78,80,83,85,88,90,92,94,95,96,98,101,103,108,110,112,114,115,116,123,124,127,128,130,134,136,140,143,145,146,149,153,160,161,163,165,166,167,169 "45";
46 142 0 5,14,21,23,24,32,35,41,44,55,56,58,61,63,65,67,75,76,79,81,88,89,90,92,95,108,112,115,127,132,139,145,146,149,153,156,160,164,166,172,174 "46";
47 92 0 0,1,5,7,11,12,14,17,19,20,22,26,28,31,38,42,44,49,51,55,58,60,61,63,65,66,74,77,78,82,83,87,89,91,94,95,97,99,100,102,104,109,111,113,115,117,119,123,125,131,132,135,137,140,144,147,149,151,154,165,168,169,172,174 "47";
48 163 0 64,76,93,117,121,127,144,154,173 "48";
49 63 0 0,3,5,10,13,15,17,21,23,25,30,32,34,35,38,40,42,50,52,53,55,56,60,63,64,66,67,68,70,71,75,79,80,82,84,86,87,89,91,93,95,98,99,100,102,106,109,113,114,117,120,126,128,130,132,134,136,137,139,140,145,146,147,148,149,153,155,157,159,162,164,166,167,168,169,171,173,175,176 "49";
50 95 0 5,7,17,19,25,27,29,32,33,34,36,38,39,45,48,49,59,62,64,72,73,74,84,85,91,95,99,103,107,115,116,119,121,128,130,133,135,138,140,147,148,155,161,163,165,166,171,175 "50";
51 97 0 1,3,6,9,10,12,19,20,25,29,30,32,34,35,39,46,47,50,51,53,55,56,64,65,68,73,74,75,76,79,80,83,84,85,89,90,92,94,102,104,106,113,114,116,117,118,120,122,123,126,129,132,137,138,139,143,147,149,150,152,153,155,158,159,164,168,169,171,172 "51";
52 29 0 1,18,24,46,48,59,65,79,95,114,137 "52";
53 69 0 0,1,2,4,6,9,11,13,15,17,18,21,22,26,31,32,34,35,36,37,40,42,44,47,50,52,55,57,58,60,61,62,65,68,71,72,75,78,80,81,84,85,86,87,89,90,91,94,95,99,100,102,103,106,107,108,111,113,114,117,119,121,124,125,127,130,132,134,135,137,138,140,141,143,144,148,152,153,154,157,159,160,163,167,168,169,171,173,176 "53";
54 30 1 0,8,20,22,27,28,31,35,39,43,51,61,62,64,73,86,92,93,94,101,105,107,110,115,122,124,127,132,141,145,155,159,161,162,169 "54";
55 173 0 2,3,13,17,30,85,91,97,105,137,145,158 "55";
56 82 0 1,3,4,6,7,9,10,13,15,18,24,32,33,35,40,43,51,52,64,66,72,75,79,80,82,86,89,97,98,102,109,117,122,129,132,135,138,143,148,150,158,160,162,169,170,174,176 "56";
57 30 0 1,4,7,9,12,17,21,22,27,29,34,36,38,40,42,45,46,48,50,52,53,57,60,61,62,63,68,70,72,74,75,77,78,80,81,87,89,91,93,95,96,99,101,103,104,107,108,111,113,115,119,121,122,127,129,131,134,138,140,141,142,144,151,155,158,159,160,162,165,167,170,173,175 "57";
58 2 1 3,6,9,11,15,18,20,21,23,25,28,30,33,39,41,43,46,48,50,51,53,58,60,62,66,67,68,70,74,77,79,88,89,91,94,96,102,105,109,110,111,113,119,121,122,124,126,131,132,138,140,146,148,151,154,158,160,169,173,174,175 "58";
59 176 0 1,6,17,19,23,25,36,44,51,66,69,72,74,78,79,81,84,85,88,91,95,99,100,103,106,122,126,135,139,142,144,146,147,149,164,171,173,174,175 "59";
60 16 1 1,2,3,8,10,16,21,44,49,56,59,60,62,66,77,82,86,88,91,93,100,115,121,127,129,137,141,143,150,151,154,159,160,167 "60";
61 7 1 7,25,37,49,79,84,102,110,147,150,173,174 "61";
62 81 0 15,18,22,28,33,35,37,40,43,48,53,61,63,68,74,90,92,102,120,125,129,133,140,147,158,161,164,165,167 "62";
63 31 0 3,11,14,17,21,25,29,32,34,38,46,52,53,57,64,65,70,71,74,75,87,91,93,94,98,99,104,108,110,116,120,125,130,135,142,147,149,151,154,156,162,165,168,173,174 "63";
64 16 0 1,10,11,12,14,16,18,19,20,23,25,27,33,36,38,40,43,44,46,48,50,55,67,69,71,72,74,77,78,80,81,84,91,92,93,96,100,101,103,104,105,107,109,111,113,114,120,123,125,126,131,133,134,139,141,143,145,146,148,149,151,153,154,156,158,161,163,164,165,167,169,171,172,174 "64";
65 42 0 3,8,21,40,61,65,92,110,133,137,138,152,163,165 "65";
66 172 0 1,9,11,16,19,21,25,27,28,29,30,35,40,45,48,50,53,55,58,66,70,77,78,80,85,88,94,100,103,107,108,109,118,119,122,123,128,130,131,133,137,144,150,153,158,160,163,167,172,175,176 "66";
67 133 0 2,6,13,18,21,29,31,38,43,44,46,54,55,58,64,66,68,69,73,74,80,81,82,83,85,90,92,93,100,101,105,108,111,113,114,119,122,123,124,127,133,135,138,146,147,151,152,156,159,162,163,166,167,173,174,175 "67";
68 166 1 0,8,28,30,65,70,73,88,97,103,118,126,138,172 "68";
69 108 0 1,17,24,36,39,47,48,52,54,55,57,62,64,70,74,89,93,100,103,105,111,119,129,139,141,142,152,155,157,160,162,164,166,168,175 "69";
70 35 1 1,9,14,18,27,38,71,89,98,112,122,127,133,134,141,142,150,158,159,174 "70";
71 107 0 5,8,11,28,65,67,68,71,92,100,122,124,129,133,136,141,147,162,163,166,172,173 "71";
72 37 0 4,5,8,11,17,20,24,28,35,40,41,45,46,47,54,59,63,65,66,69,72,75,79,80,86,89,91,99,106,108,109,118,126,131,133,136,145,147,152,153,157,163,172 "72";
73 159 0 3,12,46,56,58,65,77,82,92,97,103,134,135,139,145,148,162,164,173,175 "73";
74 135 1 3,33,46,98,102,148,162,163 "74";
75 33 1 5,10,36,37,39,59,72,93,96,98,100,102,113,120,123,148,164 "75";
76 73 1 52,152 "76";
77 121 1 0,2,8,11,13,15,23,26,28,30,32,34,38,40,44,46,48,51,54,58,59,61,63,67,69,71,73,78,87,89,92,94,97,100,104,106,107,110,112,114,115,116,119,121,124,128,131,137,139,145,148,149,153,155,156,160,166,168,172,173,176 "77";
78 152 0 0,18,25,40,49,63,64,68,70,72,73,80,95,105,110,115,131,136,151,153,164,171 "78";
79 140 1 3,12,16,19,23,27,28,33,36,40,41,48,52,58,61,63,71,78,82,89,93,96,98,100,114,118,131,142,148,150,153,160,163,167 "79";
80 6 1 0,2,6,9,10,12,15,18,19,20,27,28,31,32,33,34,38,45,47,48,50,52,54,58,59,61,62,63,64,65,67,69,72,77,78,81,84,86,87,88,90,93,94,98,99,103,106,108,109,111,112,113,117,119,120,123,125,127,129,131,132,133,135,137,139,140,143,145,146,148,149,151,153,154,155,157,159,161,163,164,166,169,171,174,175 "80";
81 44 0 10,41,82,88 "81";
82 108 0 8,14,17,24,29,47,68,79,88,100,105,108,116,117,126,129,130,150,157,162,174 "82";
83 50 0 68,109 "83";
84 132 1 2,4,6,14,16,20,30,34,38,41,43,44,47,54,59,68,70,73,74,84,86,88,90,93,98,99,109,111,113,116,119,121,123,129,134,135,139,141,147,151,153,159,161,165,168,172,174,176 "84";
85 31 0 1,10,26,32,39,43,52,56,58,60,70,77,79,87,93,99,102,105,112,115,120,129,137,142,144,148,154,160 "85";
86 119 1 0,1,2,3,5,9,10,11,13,16,18,20,24,27,28,30,31,34,36,38,41,43,46,47,49,50,53,54,58,63,67,72,74,75,79,82,87,89,93,96,97,101,103,104,108,111,113,118,119,122,125,127,133,135,138,146,148,149,154,158,160,162,166,168,169,171 "86";
87 21 1 0,21,42 "87";
88 7 0 3,4,20,51,55,63,99,101,111,126,135,137,166,169 "88";
89 12 1 0,6,20,22,30,38,41,54,55,61,65,79,87,89,92,95,111,112,119,122,125,129,138,142,143,148,149 "89";
90 85 1 0,1,3,4,6,7,10,11,13,14,16,19,21,24,25,27,30,31,35,36,41,42,44,47,51,55,58,60,62,64,65,66,68,73,74,76,78,79,80,81,83,86,88,91,93,97,99,101,104,105,107,111,114,116,117,119,121,122,125,126,128,130,133,136,138,143,144,149,152,154,158,162,164,165,169,171,173 "90";
91 67 1 9,16,17,33,38,39,41,55,69,70,73,80,83,84,88,97,98,100,106,107,124,126,130,133,134,137,144,146,148,154,162,164,166,168,171,174 "91";
92 155 0 1,6,7,9,23,24,26,28,30,32,36,37,40,44,46,47,50,53,54,56,59,62,63,65,69,73,78,85,90,97,105,109,112,122,123,124,126,128,131,132,135,137,143,144,146,148,150,159,161,164,166,168,172,173,176 "92";
93 4 0 0,1,2,3,4,8,12,14,16,17,20,26,27,31,33,34,37,38,41,44,47,50,53,55,57,58,59,65,66,69,73,78,80,82,84,86,89,93,96,98,99,100,102,104,109,110,112,114,117,119,121,122,123,125,127,129,130,134,135,136,139,140,141,145,146,148,151,154,156,157,158,160,161,165,166,170,171,173,174 "93";
94 28 0 0,2,5,7,9,10,14,18,19,22,27,30,38,40,44,49,51,56,59,60,63,65,68,69,71,76,78,80,81,84,86,89,90,92,93,94,97,101,104,106,112,115,116,118,120,122,124,126,131,133,136,139,140,143,145,148,151,156,157,160,167,168,171,172,174 "94";
95 117 0 2,6,8,9,20,21,24,30,37,46,49,50,52,54,56,60,64,68,71,73,76,78,88,89,108,112,113,119,120,124,129,130,141,143,150,159,162,164,166,168,172,176 "95";
96 24 1 1,9,14,28,31,34,37,47,48,56,63,65,69,75,76,82,84,95,116,117,121,123,128,137,142,147,151,152,156,162,167,174,176 "96";
97 132 1 3,14,23,35,37,42,44,53,55,60,62,65,76,78,82,95,98,102,109,112,114,121,123,127,137,149,156,160,169 "97";
98 99 1 2,6,17,56,69,75,141,144,150,166,167 "98";
99 92 0 4,6,11,14,25,56,59,64,68,70,92,96,126,136,152,166,169 "99";
100 132 0 0,1,3,8,14,17,19,23,29,30,31,34,35,37,39,41,42,43,45,47,48,53,55,56,59,61,63,64,67,70,79,83,84,87,91,92,93,98,102,103,106,111,120,122,124,126,128,130,131,133,135,138,139,141,144,146,148,149,151,153,154,155,157,158,162,165,167,168,172,173,174,176 "100";
101 48 1 2,8,10,18,24,27,36,38,40,42,45,47,48,50,58,60,61,67,68,70,75,79,82,86,88,99,100,104,115,116,118,131,133,141,144,146,150,152,158,160,162,164,166,169,174 "101";
102 110 0 0,2,4,6,8,13,15,17,20,21,28,30,33,35,36,38,40,41,46,49,53,55,60,68,70,72,74,75,76,78,82,84,86,87,92,93,98,100,102,105,108,111,113,116,117,121,124,125,131,133,136,142,144,147,148,151,152,157,161,164,168,169,171 "102";
103 156 0 3,4,7,10,12,16,21,22,24,30,32,38,45,46,48,49,51,53,55,60,62,64,69,74,75,78,80,84,85,88,92,95,97,98,105,108,112,114,119,122,128,130,131,137,140,145,146,150,151,153,156,158,167,174,175 "103";
104 96 1 0,2,3,7,8,12,13,14,16,18,22,24,25,29,31,33,35,36,38,40,42,44,46,48,52,54,57,59,63,68,71,72,74,78,80,81,82,84,85,90,93,99,100,102,105,106,107,109,110,111,112,117,120,122,125,127,128,131,134,136,138,139,140,143,145,146,149,150,151,156,157,159,162,164,166,170,172,175 "104";
105 83 0 3,5,6,8,10,12,15,17,18,26,32,34,36,43,47,49,55,59,60,62,66,68,71,73,77,87,90,93,103,107,108,113,114,116,128,130,131,133,135,141,142,144,148,153,156,158,159,160,163,165,168 "105";
106 99 1 7,8,28,29,32,36,39,44,53,60,75,76,90,94,106,111,114,126,128,137,145,153,165 "106";
107 112 1 0,1,3,11,13,17,20,23,26,27,31,38,40,42,47,53,54,55,58,60,65,70,71,74,76,78,82,85,87,89,91,94,96,100,104,107,108,110,112,115,116,118,119,123,125,130,137,140,144,147,148,151,153,155,160,163,164,168,172,173,174,176 "107";
108 74 1 0,1,6,8,15,21,25,28,32,37,39,47,48,50,59,63,67,69,72,75,83,93,104,107,109,111,122,123,125,130,132,137,141,143,147,149,155,160,165,166,170,171,174 "108";
109 21 0 0,1,3,5,7,11,13,14,15,17,20,24,28,31,33,35,37,39,43,48,50,51,54,56,58,59,61,63,64,65,70,73,75,77,79,81,83,85,88,90,92,95,102,104,106,108,111,113,114,115,120,122,123,127,128,129,132,133,136,138,139,146,149,151,152,154,156,157,161,164,166,167,169,176 "109";
110 6 0 0,2,6,7,9,15,17,19,21,23,25,28,30,32,36,37,39,41,45,46,50,51,52,54,56,59,61,64,65,66,68,69,70,71,73,74,77,78,79,82,84,87,88,90,91,94,97,99,101,103,105,106,108,110,112,114,118,120,124,126,127,130,134,136,139,142,144,147,150,152,153,155,156,157,158,160,161,163,165,166,170,171,175 "110";
111 75 0 10,14,18,23,67,92,95,116,144,147,151,154 "111";
112 177 0 5,8,16,39,49,77,80,84,100,110,122,152 "112";
113 103 1 0,3,7,8,10,12,14,16,18,22,24,27,28,33,35,39,40,41,42,44,46,48,52,54,56,58,60,61,65,66,69,71,77,79,82,83,85,88,95,99,102,103,105,107,110,111,113,115,117,118,125,128,129,132,134,136,140,142,144,146,153,154,156,161,163,165,167,169,170,172,174 "113";
114 119 1 1,4,6,9,10,15,16,19,22,25,28,29,32,34,35,37,38,40,43,44,47,49,51,52,55,60,61,63,65,67,70,74,77,85,87,91,93,94,99,101,102,107,108,110,114,116,122,125,133,134,135,136,142,144,147,149,151,152,155,157,159,161,162,164,166,174,175 "114";
115 18 1 1,2,4,5,7,9,10,13,16,19,22,23,28,30,32,35,38,39,41,42,43,46,47,49,50,52,56,59,61,66,68,69,71,73,74,75,77,78,81,85,87,89,91,93,96,97,100,103,108,109,110,112,115,117,120,121,124,125,127,128,130,133,135,136,138,139,142,143,145,146,147,148,151,153,155,157,158,160,163,164,165,166,169,170,171,176 "115";
116 82 1 3,5,8,9,15,19,20,22,24,30,31,33,36,37,39,41,43,44,56,60,65,67,68,69,72,74,75,78,80,81,89,90,93,95,96,97,103,108,109,112,115,121,122,125,130,132,136,137,139,144,147,148,156,160,163,166,169,170,176 "116";
117 134 1 0,6,9,13,20,23,35,45,54,58,76,77,82,87,88,110,120,122,123,125,127,137,139,141,145,150,153,171,173,176 "117";
118 92 0 0,1,2,5,7,8,12,14,16,19,20,21,22,24,28,30,31,35,37,39,41,42,45,46,50,53,54,56,59,61,63,64,67,70,74,76,77,79,80,82,85,86,87,88,89,96,98,100,103,104,110,111,112,114,117,118,119,121,123,124,125,132,137,140,141,143,148,151,156,161,162,165,166,167,169,171,174 "118";
119 58 1 0,1,12,15,21,22,24,30,34,36,39,42,46,51,52,58,60,61,63,65,66,67,69,70,72,75,77,78,80,81,83,88,91,94,96,99,100,101,104,106,113,114,116,118,121,123,126,129,130,135,136,140,142,143,147,150,152,156,158,162,163,166,168,169,173,175 "119";
120 68 1 0,1,4,5,8,10,11,13,17,21,25,31,35,36,38,41,44,47,48,51,53,59,61,65,67,68,71,73,74,77,79,81,83,86,87,90,93,96,98,99,101,103,105,107,109,111,113,114,116,118,119,122,124,126,130,134,135,139,142,143,146,147,156,161,163,165,166,168,171,172,175,176 "120";
121 87 1 0,8,9,16,18,20,22,25,28,30,31,35,36,37,39,42,43,45,47,48,50,52,54,56,57,59,61,63,65,67,70,73,74,75,79,81,82,86,87,89,92,94,95,98,100,102,104,106,110,112,116,117,119,121,124,126,129,130,132,137,138,139,143,144,147,149,150,152,156,161,164,166,167,172 "121";
122 20 0 0,12,17,38,48,53,57,61,62,72,73,81,83,86,104,106,119,122,126,139,154,156,158,160 "122";
123 177 1 0,4,6,9,11,18,21,22,24,29,38,40,43,46,48,51,52,53,57,65,68,71,74,79,80,94,95,102,103,106,108,111,112,116,118,122,124,127,128,129,132,133,136,142,144,145,152,153,158,161,163,167,168,171,174 "123";
124 1 1 0,1,8,17,22,30,43,44,57,63,67,76,93,96,114,132,145,147,152,167 "124";
125 29 1 5,48,90,108,162,163,172 "125";
126 95 0 1,29,65,81,98,117,125,128,137,141,157,160,164,166 "126";
127 155 0 1,16,95,110,125,154,166,170,174 "127";
128 74 1 13,15,17,20,33,34,41,68,74,88,114,121,122,130,133,135,141,151,159,161,164,169 "128";
129 65 1 0,3,4,6,10,13,14,17,19,20,23,26,27,28,32,41,44,46,48,52,53,57,59,61,63,66,68,72,75,78,79,81,82,84,85,90,92,97,99,100,103,104,106,109,111,112,114,115,117,121,130,134,136,137,143,150,152,154,155,156,160,162,164,165,168,172,173,175,176 "129";
130 131 1 0,3,5,6,9,12,13,16,17,18,20,22,23,24,30,32,33,36,37,39,40,41,44,46,48,50,51,52,55,57,59,60,62,63,65,68,69,71,74,75,77,79,80,81,84,86,88,90,92,94,95,97,98,100,103,105,106,109,112,114,116,118,120,124,126,129,130,132,136,139,140,142,143,144,148,151,152,154,155,158,160,162,163,165,167,170,171,174,176 "130";
131 156 0 0,2,5,10,11,15,16,18,22,27,33,34,37,38,40,42,44,48,50,52,53,55,56,58,60,61,62,63,67,68,72,73,75,79,81,84,90,91,94,96,101,102,104,105,107,109,111,113,115,116,118,120,122,123,132,134,135,136,137,140,141,146,149,154,155,159,161,162,164,167,170,173,175 "131";
132 71 0 0,1,3,5,7,10,11,12,14,17,18,23,24,27,32,35,38,40,41,42,49,50,54,58,61,63,64,66,69,70,73,75,77,80,83,84,85,87,88,90,93,95,96,98,99,101,103,105,109,110,112,114,115,117,118,121,123,125,129,130,134,138,139,140,143,144,148,149,151,157,159,160,161,162,163,165,167,170,173,175,176 "132";
133 80 0 1,3,4,7,12,13,15,17,20,26,27,28,30,31,35,37,38,40,42,43,45,48,51,53,56,57,60,61,62,64,66,69,72,75,76,79,81,87,89,91,95,97,99,100,102,103,105,107,108,110,112,113,115,116,118,122,123,125,126,127,129,132,133,134,136,137,139,140,142,145,146,147,148,150,153,155,160,165,168,171,172,174,176 "133";
134 27 0 3,7,10,11,14,15,25,30,33,35,37,41,47,50,51,57,59,62,66,70,72,74,77,80,82,83,87,93,94,96,100,102,103,106,108,114,116,118,121,123,126,127,130,131,133,134,136,138,139,144,145,147,150,159,160,163,166,174 "134";
135 76 0 0,4,8,11,16,19,21,22,23,29,31,32,33,34,35,37,41,44,47,50,51,53,55,57,58,60,61,63,65,66,68,70,71,72,76,77,79,81,82,85,88,89,91,94,95,97,100,103,105,110,111,113,114,117,118,119,124,125,127,130,133,135,137,138,140,142,144,146,147,148,152,154,156,159,160,163,165,170,171,174,175,176 "135";
136 44 1 48,62,63,83,131,134,136,140,145,168 "136";
137 133 1 6,7,11,12,14,16,19,29,31,33,35,37,39,41,46,54,57,58,60,69,72,75,76,78,84,87,88,92,95,97,101,105,109,110,114,116,125,126,127,128,137,139,147,150,152,153,159,163,165,167,168,172,174 "137";
138 102 0 1,3,7,11,13,15,16,24,29,31,32,34,36,45,47,50,52,54,58,59,60,64,69,74,80,88,90,93,96,101,105,106,108,110,112,116,118,121,123,128,131,134,136,140,142,144,149,153,155,157,160,162,165,166,169,170,171,172,175,176 "138";
139 151 1 3,5,13,14,16,26,34,36,42,58,66,68,71,75,77,79,98,108,125,134,145,150,151,158,160,162,168,169,173,175 "139";
140 79 1 0,2,5,10,12,13,17,19,20,25,26,31,33,35,37,41,44,47,51,58,60,62,65,67,68,70,73,78,84,85,87,90,91,96,102,109,114,117,121,125,130,132,134,141,143,144,147,148,152,154,158,159,163,168,171,175 "140";
141 95 1 45,47,58,159 "141";
142 127 0 15,21,30,32,33,34,42,46,65,86,91,122,143,156,172 "142";
143 136 0 5,6,8,9,12,15,19,24,28,30,33,35,37,40,43,45,46,48,49,50,54,56,67,69,73,77,78,80,82,87,89,91,95,98,99,103,109,114,121,127,130,135,137,138,143,144,145,148,150,153,154,164,165,167,169,171 "143";
144 102 0 0,1,2,4,5,12,13,15,17,19,20,21,24,25,28,31,33,37,39,41,43,45,47,49,50,52,53,54,62,66,67,68,71,73,75,78,82,84,89,94,96,97,99,100,102,104,106,110,112,113,115,118,120,124,125,127,129,131,134,135,137,138,139,141,143,145,146,148,150,151,155,156,160,161,162,163,168,169,172,175 "144";
145 50 0 5,8,14,15,18,19,21,22,24,26,28,30,31,32,34,37,39,42,48,51,52,54,55,57,64,66,68,71,73,76,77,79,80,83,84,87,94,105,112,114,117,118,120,125,127,134,137,142,144,147,150,155,160,163,168,171,176 "145";
146 27 1 1,3,19,34,41,44,46,52,54,57,58,61,65,66,68,73,74,80,82,85,91,92,94,95,99,101,103,105,107,108,111,117,122,125,126,128,131,146,155,158,165,166,169,171,176 "146";
147 134 1 0,3,7,11,13,17,19,25,26,28,36,41,44,47,49,51,53,55,56,59,60,65,67,73,75,79,80,84,87,88,90,94,101,103,107,109,114,116,119,121,124,128,130,137,140,141,144,148,149,152,153,154,156,157,161,165,173,174,176 "147";
148 37 0 8,11,18,21,24,25,34,36,40,43,48,49,51,74,78,82,84,93,100,101,102,117,126,128,133,138,142,155,157,160,162,168,176 "148";
149 52 1 0,1,4,7,14,15,16,18,21,22,24,26,27,29,30,32,33,37,39,40,42,44,49,51,55,56,58,61,64,66,69,71,74,77,79,81,82,84,85,87,88,95,98,99,101,103,105,108,110,116,119,121,122,125,127,132,134,138,140,142,143,145,146,148,151,152,154,156,159,162,165,167,170,172,173,174 "149";
150 158 1 1,4,5,7,17,26,30,36,39,40,41,45,50,52,54,56,59,60,61,65,69,71,73,75,78,82,90,93,97,99,103,113,114,115,117,122,124,136,138,141,143,148,150,154,161,164,169,171,174,176 "150";
151 140 0 0,6,9,14,15,19,21,23,26,28,36,45,47,51,60,64,66,70,71,74,78,92,99,100,103,104,105,106,107,111,112,113,115,117,122,129,132,135,137,140,144,150,152,155,160,161,162,165,167,168,170,171,173 "151";
152 166 0 0,4,10,12,16,18,20,23,27,30,37,42,49,56,57,60,61,66,68,73,79,83,84,87,88,90,93,99,106,109,112,113,116,123,130,131,133,137,148,149,151,156,159,161,165,166 "152";
153 81 0 4,8,17,18,20,36,38,40,46,48,55,60,63,67,71,79,99,102,106,123,127,147,150,152,153,161,164,168,173 "153";
154 44 1 2,3,5,6,10,14,16,17,23,25,30,31,32,35,38,41,47,50,54,57,59,64,72,74,80,82,86,88,90,94,95,100,102,104,113,118,119,120,122,125,133,137,140,142,146,150,153,155,160,162,165,168,172,176 "154";
155 106 0 7,10,24,32,39,54,57,59,114,118,155,162 "155";
156 66 1 1,6,7,12,14,18,19,21,24,29,31,34,35,39,47,52,56,58,60,63,66,67,71,73,75,77,79,83,85,89,92,95,101,105,108,113,116,118,119,122,124,126,129,133,138,141,156,166,170,172,174 "156";
157 169 1 1,4,5,9,12,17,24,25,27,29,30,32,34,36,38,39,41,42,46,47,51,53,54,58,60,65,66,68,74,75,78,79,85,92,94,100,104,107,109,110,112,118,119,124,127,128,132,135,142,152,156,158,161,163,167,174,176 "157";
158 97 0 1,2,4,6,7,8,10,12,17,19,22,23,26,33,36,38,40,41,43,46,48,50,52,53,56,58,59,64,66,68,69,71,73,75,77,78,81,86,89,91,95,96,99,102,104,106,108,109,113,114,118,122,124,126,129,131,133,135,136,137,138,139,140,144,146,147,149,150,152,153,155,156,157,159,162,164,165,168,170,172,173,176 "158";
159 56 1 1,9,10,12,13,15,16,18,19,21,26,29,33,38,40,42,45,46,47,49,50,55,59,61,63,68,70,71,74,75,77,79,82,84,86,87,90,91,92,94,96,97,99,102,103,105,107,108,112,114,121,124,126,129,130,136,138,141,143,145,148,150,152,155,157,158,159,162,163,166,167,170,172,175 "159";
160 59 1 26,33,37,52,69,81,113,115,118,127,130,133,137,154,161,176 "160";
161 88 0 2,3,4,6,7,9,14,22,26,30,33,37,38,41,44,46,49,53,54,58,61,65,66,75,82,91,94,95,99,102,104,106,107,109,112,115,116,118,119,127,131,136,139,141,143,144,159,164,168,171,173,176 "161";
162 1 1 0,2,3,6,8,9,11,13,15,18,22,23,29,34,37,38,40,42,45,47,50,52,54,58,59,63,67,69,71,72,74,77,78,80,81,85,86,88,89,92,95,98,101,104,106,109,110,112,113,115,118,120,126,127,130,132,134,136,140,144,147,149,150,155,156,158,159,161,163,165,167,169,171,176 "162";
163 84 1 4,12,28,30,40,60,67,73,93,96,97,112,117,127,155,157,161,165,168,175 "163";
164 119 1 7,13,16,18,24,27,30,31,39,40,67,77,94,95,97,109,114,118,136,138,143,147,148,156,159 "164";
165 18 0 0,2,3,4,8,11,13,19,20,22,23,26,27,29,32,35,37,38,40,43,45,47,50,52,53,57,60,62,65,68,70,71,73,75,78,80,81,83,88,91,92,96,103,104,109,112,114,115,120,122,123,124,126,128,129,132,135,136,139,140,143,145,148,153,155,156,157,161,163,165,168,172,173,175 "165";
166 25 0 2,11,14,15,18,20,25,29,32,34,38,39,41,44,45,47,49,52,54,55,58,59,63,65,68,72,74,77,82,84,88,90,91,92,95,99,106,108,112,114,117,120,123,126,128,130,132,138,141,143,147,154,157,160,166,168,170 "166";
167 139 0 0,2,3,6,9,10,11,14,16,17,19,20,22,23,25,28,29,34,35,37,43,45,48,50,51,52,54,55,60,62,64,66,67,70,72,74,76,78,81,83,84,85,87,89,91,92,94,95,96,104,106,110,111,113,115,118,119,122,125,127,130,131,135,137,139,142,146,150,152,153,154,158,160,161,163,166,167,169,173 "167";
168 35 0 2,5,13,14,17,20,21,23,25,27,30,34,35,36,39,41,43,44,46,48,52,55,58,60,61,64,65,68,70,71,72,75,76,78,79,83,85,89,91,92,96,98,100,102,103,110,113,116,117,119,121,123,124,128,129,130,134,136,137,139,142,144,146,148,149,153,154,157,162,163,168,169,174,175,176 "168";
169 98 0 4,13,35,39,48,57,58,83,91,121,149,157,167 "169";
170 25 0 2,9,11,15,20,21,23,27,30,33,34,44,48,49,51,52,55,57,60,61,70,71,80,83,87,99,103,109,112,113,116,122,124,127,128,129,131,132,142,145,151,153,157,158,162,163,166,167,171,173 "170";
171 69 0 1,5,11,13,14,16,17,18,22,25,31,45,47,55,57,65,68,77,81,83,87,89,99,102,105,111,113,118,120,127,131,133,140,144,147,156,160,167,168 "171";
172 156 0 0,3,4,6,9,10,13,15,18,20,22,24,27,29,32,35,37,38,39,41,43,45,49,51,56,58,59,60,62,64,65,66,68,69,71,75,77,78,81,84,86,88,89,92,94,96,99,101,106,107,109,110,112,114,117,121,124,129,130,131,133,135,139,145,146,147,153,155,158,159,163,166,169,170,174 "172";
173 175 1 0,8,11,13,15,17,20,24,26,29,31,33,38,41,42,44,49,54,56,58,60,62,67,68,72,74,82,83,84,87,90,91,93,94,99,100,103,105,106,113,115,117,122,123,125,127,131,132,133,135,138,140,149,151,157,163,168,170,174 "173";
174 86 0 1,2,4,6,8,13,14,16,18,20,21,22,26,29,33,37,40,41,42,45,47,50,51,52,54,56,57,59,61,64,65,68,69,72,74,76,80,81,82,86,88,90,91,95,96,98,100,101,104,105,108,110,112,113,115,117,121,123,124,126,127,129,131,133,134,137,140,143,145,146,150,152,154,156,160,162,163,165,166,168,169,172,174,176 "174";
175 36 1 2,5,11,16,18,27,35,36,38,40,42,43,46,49,50,57,62,68,72,73,77,84,86,90,92,95,99,101,102,104,105,109,112,114,119,121,124,128,131,134,137,138,140,147,148,151,157,159,164,172,175 "175";
176 15 1 3,23,26,28,57,60,61,78,87,90,99,127,132,152,165 "176";
