parity 45;
0 44 1 10,14,17,20,24,25,31,37,44 "0";
1 24 1 0,9,21,26,37,45 "1";
2 3 0 9,15,19,22,30,36,38,40 "2";
3 43 1 4,20,22,34,41,45 "3";
4 3 0 2,3,4,7,14,15,21,26,28,31,34,37,39,40 "4";
5 33 0 0,1,3,5,7,10,11,15,17,20,21,23,24,26,31,33,34,36,37,39,40,43,45 "5";
6 20 1 5,6,7,9,14,18,20,25,28,30,34,43 "6";
7 23 1 4,12,14,18,23,30,39 "7";
8 15 0 15,16,21,31,36,43 "8";
9 46 0 0,3,6,11,13,14,16,30,38,40,44 "9";
10 25 1 0,23,34,40 "10";
11 40 1 2,13,17,19,20,24,26,28,36,37 "11";
12 10 1 1,2,4,11,20,24,25,30,35,38,40 "12";
13 39 1 1,31 "13";
14 40 0 1,2,4,6,7,9,10,13,14,17,18,20,23,25,27,28,32,33,38,40,42,44 "14";
15 43 0 0,2,5,7,10,11,13,15,17,18,21,22,24,25,27,30,33,37,39,40,42,45 "15";
16 23 0 2,3,4,6,7,11,17,22,25,27,30,34,38,40 "16";
17 20 1 18,19,34 "17";
18 1 1 0,3,5,6,8,13,15,18,21,24,25,26,29,31,34,36,37,41,44,45 "18";
19 36 1 0,3,6,8,12,18,20,26,30,36,38,40,42,45 "19";
20 30 1 0,1,3,4,8,12,14,15,16,17,21,23,24,26,27,30,34,36,38,40,42,44,45 "20";
21 2 0 19,36 "21";
22 26 0 1,5,10,12,14,20,23,24,25,27,29,31,33,34,36,39,41,42 "22";
23 12 0 3,4,5,8,9,11,15,17,18,23,24,26,33,36,41,43 "23";
24 6 1 5,11,14,22,26,29,37 "24";
25 33 0 8,31,33,36,38,42,43 "25";
26 8 1 0,5,7,10,13,22,23,29,36,42 "26";
27 26 1 0,1,3,7,9,11,13,17,18,21,25,32,36,38,42,43,45 "27";
28 22 1 0,4,10,12,13,15,19,21,22,30,35,37,38,41,44,45 "28";
29 5 1 2,9,13,14,16,25,42 "29";
30 38 0 0,2,3,5,13,15,16,23,24,29,36,38,39 "30";
31 2 1 1,4,6,8,18,20,21,23,25,27,29,34,36,38,40,45 "31";
32 12 0 12 "32";
33 3 1 1,3,6,9,10,17,20,22,23,25,29,31,35,41,42 "33";
34 24 0 1,36,42 "34";
35 39 0 0,2,4,5,8,11,15,17,18,21,23,24,25,27,29,31,32,34,35,36,38,43,44 "35";
36 11 0 0,3,5,6,14,20,23,25,28,29,31,34,36,37,43,45 "36";
37 46 1 3,7,9,10,14,16,17,19,24,30,33,34,37,41,44 "37";
38 33 0 4,8,10,13,20,28,30,34 "38";
39 18 1 6,9,14,20,23,25,28,30,34,38,40,41,43,45 "39";
40 20 1 30,42 "40";
41 18 0 20 "41";
42 29 1 2,7,11,16,25,26,31,33,36,39,43 "42";
43 20 1 2,7,10,19,21,28,30,32,35,40,43 "43";
44 44 0 7 "44";
45 28 1 4,5,11,13,16,17,19,20,22,23,25,27,29,30,32,33,36,38,39,41,42,44 "45";
