parity 89;
0 32 1 4,11,19,22,24,50,57,60,62,81 "0";
1 64 0 1,4,10,16,17,20,23,26,30,32,35,38,39,44,46,50,51,56,63,65,72,73,78,79,83,84,87 "1";
2 56 1 4,8,13,14,18,20,24,30,35,37,41,52,58,63,70,73,81,86,89 "2";
3 79 1 0,6,12,16,19,20,36,45,50,55,57,65,67,77 "3";
4 72 0 1,7,16,18,20,25,28,32,34,42,46,51,56,60,65,66,70 "4";
5 70 0 0,1,15,16,24,27,28,33,34,35,44,46,48,51,57,58,66,70,73,74,77,81,87 "5";
6 9 1 28,57,60,75,86 "6";
7 34 1 2,3,5,6,7,9,11,15,16,18,19,22,24,26,28,31,33,35,36,37,38,39,41,42,44,46,49,51,57,59,60,61,64,66,68,72,74,81,82,83,84,85,86,88 "7";
8 77 0 0,3,5,10,12,13,15,16,17,20,23,25,28,31,32,35,39,40,42,45,46,47,50,51,54,55,57,58,60,61,65,67,68,70,73,76,78,79,81,83,85,87,88,89 "8";
9 10 1 44,57 "9";
10 35 1 4,6,13,15,18,22,25,31,36,37,39,49,50,52,73,79,85,88 "10";
11 1 1 8,19,22,27,29,30,31,34,43,48,49,51,55,56,57,58,63,76,79,81,86 "11";
12 68 1 0,11,21,22,30,34,40,43,47,52,59,61,67,70,78,89 "12";
13 0 0 2,4,6,14,18,21,31,36,46,50,58,61,71,78,85,87 "13";
14 17 0 10,19,31,34,35,39,43,48,54,64,70,78,81 "14";
15 66 1 0,3,7,9,11,14,15,17,20,23,28,30,31,35,38,40,42,43,45,48,50,51,53,54,55,61,62,65,67,68,70,72,76,77,78,82,84,86,87,89 "15";
16 29 0 0,2,3,5,8,9,11,13,14,16,20,22,23,25,27,28,30,31,33,34,36,39,40,41,44,48,51,52,60,63,64,66,68,71,72,74,75,78,80,82,84,86,87,89 "16";
17 79 1 2,3,5,7,9,10,12,14,15,17,19,23,24,25,27,29,30,32,39,41,42,44,45,48,50,53,55,58,61,66,68,69,71,72,74,75,78,80,82,84,86,87 "17";
18 51 0 4,7,11,13,15,21,24,25,27,29,31,36,38,40,47,49,54,62,63,69,77,79,81,83,89 "18";
19 26 1 3,19,64 "19";
20 14 0 7,14,16,18,22,24,33,39,46,50,59,65,73,80 "20";
21 74 0 0,7,12,16,19,20,21,23,25,26,34,36,39,44,46,55,71,77,79,83,87 "21";
22 72 0 5,22,23,54,72,82 "22";
23 85 0 0,3,5,8,14,16,18,20,28,31,44,45,46,49,50,54,56,57,59,60,62,64,74,79,81,88 "23";
24 13 1 2,4,11,14,21,23,25,27,32,39,40,43,45,49,50,53,59,68,72,77,78,82,84,86,88 "24";
25 77 0 21,22,39,40,45,47,53,55,56,58,63,74,79,82,84,85 "25";
26 51 0 17,57,60,85 "26";
27 22 1 3,7,19,57,87 "27";
28 83 0 1,3,6,11,13,47,60,64,72,76 "28";
29 17 1 1,8,12,30,60 "29";
30 88 1 0,2,3,5,7,8,12,13,15,17,21,24,26,29,30,32,39,40,43,50,53,56,57,60,63,67,74,75,77,78,79,82,87 "30";
31 39 1 3,7,8,12,13,15,18,20,24,35,45,52,56,58,71,74,76,80,83,86 "31";
32 30 0 0,1,6,8,12,14,16,18,21,23,25,26,28,31,33,36,39,44,49,58,59,61,65,71,73,78,80,82,83,85,89 "32";
33 67 1 0,4,6,9,11,18,20,21,26,27,30,32,34,36,39,42,47,49,51,54,55,56,59,61,62,64,66,72,73,74,77,82,85,89 "33";
34 8 1 1,4,8,13,15,16,18,19,21,27,28,30,32,36,37,38,41,42,43,48,50,52,53,55,56,60,61,62,65,68,69,72,74,77,81,84,85,86,89 "34";
35 3 1 4,7,23,25,32,48,54,61,62,72,83 "35";
36 41 0 0,1,2,5,7,9,11,13,15,17,18,20,24,25,31,33,35,36,37,39,41,44,46,47,49,51,52,54,57,58,60,63,64,67,69,71,75,79,80,82,85,87,88 "36";
37 21 1 1,3,4,8,9,11,14,15,16,18,21,23,24,26,29,32,33,35,37,38,40,41,43,45,48,51,55,57,58,61,63,65,69,71,72,74,77,81,83,84,86,87 "37";
38 87 0 2,5,7,10,18,20,27,29,54,71,80 "38";
39 38 0 1,4,13,19,20,24,29,37,41,46,50,54,63,66,69,82,84 "39";
40 45 1 4,25,41,50,59,61,65,68,82 "40";
41 24 0 0,1,7,9,11,19,20,23,28,30,31,33,39,40,42,43,45,47,52,54,56,58,60,63,70,71,73,75,84,88,89 "41";
42 65 1 0,8,13,18,24,29,39,43,55,65,69,84,86,89 "42";
43 80 1 1,2,4,5,27,32,35,37,39,49,51,77,89 "43";
44 88 1 1,4,6,9,10,12,17,21,22,24,28,29,34,35,36,39,43,44,48,50,51,53,54,56,58,60,62,64,67,68,70,73,75,77,79,80,82,84,86,87 "44";
45 43 0 9,12,15,23,25,33,40,44,60,63,76,77,78,85,88 "45";
46 45 1 2,4,6,9,12,15,16,18,20,23,25,26,28,30,32,33,34,38,40,41,43,47,50,56,57,61,62,65,68,70,71,74,77,79,81 "46";
47 5 1 0,1,5,6,8,10,12,14,15,17,20,23,26,27,30,32,33,34,36,37,39,41,42,46,47,53,55,56,59,61,64,65,67,70,71,73,74,75,77,80,86,87,89 "47";
48 69 0 2,8,29,34,48,54,69,73,82,86 "48";
49 46 1 11,13,19,20,26,32,35,37,40,41,43,44,48,49,50,52,56,60,67,71,81,86,88,89 "49";
50 83 1 0,1,8,10,15,17,22,23,24,26,28,34,36,38,41,43,45,47,55,58,60,64,66,68,70,73,75,83,86 "50";
51 75 0 2,11,51,53,57,67,74,87,89 "51";
52 51 0 0,1,2,4,6,9,11,13,14,17,18,22,27,29,32,37,39,43,45,46,48,49,54,56,57,59,61,64,66,70,72,74,76,77,80,81,85 "52";
53 81 0 12,30,31,42,43,49,52,70 "53";
54 60 1 1,5,8,13,16,19,21,24,26,29,30,35,38,40,41,43,49,52,55,58,64,66,67,70,72,74,75,77,81,82,88 "54";
55 64 0 6,42,62,78 "55";
56 40 1 2,4,7,8,9,13,17,21,23,26,27,29,31,33,36,38,39,41,42,43,45,47,49,50,51,55,56,59,62,63,64,66,68,72,74,75,81,82,84,86,89 "56";
57 75 0 34,43,44,56 "57";
58 31 0 2,10,38,63,87,89 "58";
59 51 0 2,6,10,12,15,17,25,26,28,35,42,46,48,50,57,69,75,78,87 "59";
60 36 1 0,2,4,7,11,12,15,16,25,26,32,36,38,40,47,48,54,58,59,62,65,68,88 "60";
61 87 1 1,3,7,8,11,13,17,19,22,24,25,27,30,32,34,36,38,41,42,43,45,47,48,51,52,54,55,57,59,62,64,66,70,72,75,76,79,80,83,85,87,89 "61";
62 74 0 21,30,33,39,51,58,64,72,75,77 "62";
63 80 0 2,25,30,35,41,44,48,51,53,55,58,59,63,65,67,73 "63";
64 85 1 0,2,3,9,11,13,16,17,21,24,25,27,28,30,31,32,34,36,38,40,42,44,45,47,49,52,55,57,60,61,64,65,66,69,70,73,77,79,82,83,85,86,88,89 "64";
65 20 1 8,11,22,30,31,35,41,43,50,83 "65";
66 76 0 0 "66";
67 65 0 1,3,6,9,11,13,14,17,19,26,29,31,33,35,36,45,52,54,62,65,67,71,72,73,75,76,79,82,84,85,87,89 "67";
68 74 0 2,5,7,8,10,14,17,21,24,25,27,28,30,33,36,38,40,42,43,45,47,49,51,52,55,57,59,61,63,64,68,71,72,73,76,78,81,82,84,85,86,88 "68";
69 62 0 0,2,4,10,12,14,17,19,20,21,23,26,28,30,38,43,44,47,48,52,55,56,57,63,64,68,71,73,75,76,81,85,88 "69";
70 13 0 0,28,43,65,81,83,85,87 "70";
71 52 1 3,9,10,12,13,17,23,26,27,28,40,44,53,56,59,61,62,67,72,75,78,80,86,89 "71";
72 24 1 1,4,6,9,10,12,14,17,20,23,25,27,28,30,31,35,38,39,41,42,45,50,53,55,56,58,61,62,65,69,72,78,79,82,84,88 "72";
73 79 0 0,2,6,10,12,14,17,19,21,24,26,27,30,33,36,40,45,47,48,50,54,59,61,63,66,69,70,72,74,76,79,82,83,88 "73";
74 0 1 0,3,10,13,28,29,32,33,37,39,46,49,55,57,60,66,69,71,75,81,84,85,88 "74";
75 24 1 0,1,2,3,5,6,8,9,10,12,14,15,16,18,20,23,25,28,31,32,39,41,43,46,49,50,52,54,56,58,60,62,64,66,67,74,75,80,81,82,84,86,87,89 "75";
76 9 1 7,10,13,15,18,21,24,25,27,28,40,44,45,47,53,60,62,65,68,73,74,76,78,83,86,88 "76";
77 11 0 3,8,9,10,13,15,16,18,22,23,24,27,28,31,32,36,38,39,40,43,45,52,55,58,60,62,63,65,67,69,70,72,73,74,77,79,81,82,84,87,88,89 "77";
78 66 0 0,1,3,5,7,8,10,11,12,15,18,23,24,28,30,31,37,39,40,41,42,45,47,51,53,54,58,60,62,64,65,66,69,70,71,75,81,83,84,86,88,89 "78";
79 90 1 0,4,7,8,11,15,16,20,21,23,25,27,28,29,31,40,45,49,51,53,55,60,63,65,67,69,70,71,73,74,78,79,81,83,85,86,88 "79";
80 74 1 1,5,10,14,16,17,20,30,33,41,51,53,55,60,63,68,72,73,86,88 "80";
81 60 0 39,44,89 "81";
82 41 0 0,2,7,9,11,14,16,26,27,29,30,36,44,47,49,52,65,78,84,86 "82";
83 65 0 1,6,10,14,29,32,37,38,50,56,59,61,63,66,69,72,73,87 "83";
84 68 1 0,2,6,7,15,20,25,27,28,31,33,38,52,61,71,75,79,82,84 "84";
85 87 0 0,4,7,15,24,34,42,59,71,73,79 "85";
86 89 0 18,21,25,48,72 "86";
87 42 0 0,3,7,8,11,13,14,16,19,20,24,26,29,31,35,36,39,42,46,52,57,64,70,72,82,84,87 "87";
88 10 0 5,66,80 "88";
89 39 1 1,2,4,6,7,9,12,14,18,22,23,27,29,31,35,36,38,40,42,44,45,46,48,50,53,56,60,61,63,65,68,69,70,74,77,78,80,84,85,88,89 "89";
