parity 160;
0 143 0 0,1,4,5,7,10,11,13,14,17,20,24,25,26,29,33,35,36,39,43,44,45,51,53,56,57,59,65,68,69,70,72,73,76,79,81,82,84,86,87,90,91,92,93,95,96,97,99,104,105,107,112,113,115,116,118,120,121,125,127,128,130,132,134,137,141,143,145,149,150,152,156,157,159,160 "0";
1 69 1 2,3,5,8,10,12,14,15,17,19,20,22,23,26,29,31,33,34,35,38,40,44,46,48,49,54,55,58,60,61,63,64,66,69,70,72,73,74,77,79,81,82,84,85,88,90,91,93,96,98,100,101,103,105,106,108,110,114,116,117,119,121,122,124,125,127,129,130,133,134,136,137,139,143,144,147,149,152,153,157,159 "1";
2 93 1 0,1,3,13,15,16,17,19,23,24,25,26,33,34,38,40,46,49,51,52,54,56,58,65,68,70,72,75,76,82,84,85,87,91,92,93,98,100,103,110,115,118,125,126,128,131,132,135,146,148,150,151,155,160 "2";
3 57 1 7,9,10,16,40,49,62,65,70,79,105,108,116,127,132,137,139,149,154,159 "3";
4 10 0 2,4,5,8,9,13,15,17,20,22,24,27,29,30,35,36,37,38,39,41,43,45,47,48,51,52,55,57,58,61,64,66,68,71,72,74,76,80,81,82,84,85,88,92,96,100,102,104,105,107,108,109,110,112,113,117,118,126,127,130,133,136,139,140,142,144,148,150,152,154,157,158,160 "4";
5 20 0 2,3,6,8,9,10,12,18,38,45,47,48,50,53,55,56,57,63,66,73,74,75,81,82,84,91,102,106,107,108,111,113,115,118,120,124,128,131,136,138,142,143,145,148,151,153,154,156,160 "5";
6 6 0 2,4,6,7,10,13,17,18,20,22,23,25,27,29,37,39,42,48,54,55,58,59,66,70,71,73,79,80,82,84,86,88,91,93,95,99,102,107,109,112,113,115,118,120,121,123,126,131,132,135,137,140,142,145,146,150,154,159 "6";
7 54 1 2,5,6,8,11,12,22,25,26,30,32,34,42,47,49,50,52,55,56,58,69,73,74,77,82,84,87,89,94,99,101,111,116,124,129,135,137,141,145,146,150,152,154,155,157,160 "7";
8 105 1 0,5,19,24,28,31,32,34,48,52,55,62,64,66,67,69,71,72,74,85,87,91,93,95,98,101,104,105,108,111,117,119,122,124,126,130,134,137,141,142,144,146,148,159 "8";
9 4 0 3,4,6,11,13,16,18,21,23,26,27,31,34,37,43,47,51,59,62,66,69,71,72,74,75,79,82,83,88,90,95,97,99,100,102,103,107,113,117,119,122,126,128,130,132,135,147,148,150,152,154,156,157,158,160 "9";
10 149 0 0,2,5,6,7,9,11,14,17,19,20,21,23,24,25,26,32,34,36,37,42,43,45,47,51,53,55,56,57,58,61,63,65,69,71,80,82,84,88,89,91,94,96,99,101,103,104,105,106,108,112,115,117,119,121,122,123,126,127,128,130,131,134,135,136,139,142,144,146,147,149,150,152,154,155,156,158,160 "10";
11 46 1 10,12,30,43,48,51,53,55,59,66,68,70,83,85,88,93,104,108,111,117,118,123,130,132,141,148,151,153,157,160 "11";
12 107 0 2,5,6,9,11,16,25,28,35,40,46,47,49,51,53,57,58,64,68,70,71,73,76,78,79,81,84,85,87,90,95,109,111,115,116,120,126,127,132,146,149,154,157,160 "12";
13 111 1 0,2,3,4,6,8,9,11,13,14,17,18,20,21,24,25,28,29,30,32,38,39,41,47,49,50,52,56,59,60,63,66,69,71,72,73,75,77,80,85,87,88,89,93,97,99,102,103,108,113,118,121,122,123,126,127,129,130,132,134,135,136,139,140,142,145,146,147,152,153,154,157,158 "13";
14 70 0 57,63,76,83,141,148 "14";
15 14 0 2,4,6,9,12,16,18,20,28,29,33,39,42,58,61,63,64,67,68,70,73,74,78,79,86,90,95,96,98,100,106,110,130,131,137,139,142,147,150,153,156 "15";
16 49 0 0,3,5,7,8,10,12,13,16,17,19,23,26,28,31,33,34,36,37,39,43,46,49,50,54,55,56,59,60,62,63,65,66,69,71,73,74,76,78,80,82,84,85,89,92,95,97,101,106,107,109,111,112,117,120,123,124,126,129,131,134,135,137,138,139,141,142,145,146,147,150,151,156,158,160 "16";
17 121 1 1,4,9,16,22,26,32,39,41,51,54,56,62,64,69,73,81,83,85,90,93,100,104,116,119,128,133,142,149,153,158 "17";
18 68 1 0,4,8,10,12,14,17,18,22,25,27,28,34,36,37,40,43,45,46,49,53,60,61,73,76,79,82,85,88,90,92,95,98,101,106,107,116,120,121,127,130,137,139,141,142,144,146,151,154,156,158,160 "18";
19 14 1 23,40,48,62,90,103,159 "19";
20 97 0 1,4,56,83,85,110,125,157 "20";
21 152 1 4,11,20,25,35,37,56,67,72,74,77,100,106,117,118,121,122,123,135,138,147,153,155,160 "21";
22 72 0 1,2,6,7,9,11,13,19,21,24,25,27,28,30,33,36,38,42,46,48,49,50,52,54,56,58,59,61,63,64,66,67,69,70,73,74,78,83,85,86,87,89,91,93,94,95,99,102,104,106,108,110,112,115,116,118,120,121,123,131,133,135,137,139,140,141,142,145,146,148,150,151,154,158,159,160 "22";
23 110 1 3,12,14,15,21,25,34,35,43,48,50,53,54,69,70,77,81,83,87,90,100,106,121,122,124,131,136,137,148,155 "23";
24 100 1 0,8,12,18,21,22,24,25,28,30,33,34,37,39,40,42,43,48,49,50,52,56,59,60,66,73,75,77,80,82,85,89,92,97,100,102,103,106,109,114,116,119,131,132,137,139,141,143,145,147,151,152,154,157,158,160 "24";
25 70 0 2,4,7,11,14,17,23,27,29,31,33,37,42,47,49,51,52,55,60,64,69,71,73,74,77,78,81,82,84,90,95,97,100,102,104,107,109,111,114,117,119,124,131,132,138,140,141,143,146,147,153,155,157 "25";
26 71 1 4,12,15,19,25,29,31,32,34,35,44,46,56,58,61,63,64,67,71,73,79,82,87,91,94,95,96,98,108,113,115,126,131,132,135,154,156,160 "26";
27 44 0 0,3,16,18,23,25,32,41,42,49,51,52,54,57,59,61,67,76,79,84,97,99,113,114,121,139,145,147,149,151,154,157,158 "27";
28 87 1 0,8,9,12,16,18,24,39,41,43,54,62,68,72,79,81,87,109,114,117,121,129,133,135,137,144,145,149 "28";
29 97 1 0,2,5,6,10,12,15,17,21,22,26,35,36,38,42,43,46,50,52,54,56,61,62,63,65,67,70,71,74,76,78,79,80,82,85,90,93,95,97,100,101,104,105,106,111,114,115,118,121,123,128,129,135,138,145,146,148,152,153,155,156,158,160 "29";
30 54 1 8,9,10,17,22,24,26,27,29,36,38,41,46,48,57,64,66,69,72,73,82,89,94,95,97,99,101,108,111,112,115,120,121,124,125,128,130,141,144,148,150,158 "30";
31 153 1 2,4,6,8,10,11,12,14,15,16,17,19,21,22,25,26,27,31,32,35,38,40,42,43,45,48,50,51,53,57,59,60,63,65,68,71,73,76,77,78,80,82,83,85,86,90,92,95,96,98,100,101,103,105,107,109,110,112,114,116,118,121,122,124,126,128,129,131,133,137,138,142,145,147,148,150,151,153,155,157,160 "31";
32 102 0 0,3,6,7,10,13,16,17,25,27,33,35,36,40,41,46,48,49,58,60,61,63,65,66,72,75,76,78,79,82,84,89,90,91,92,103,104,109,113,124,137,142,145,150,153,154,155,157,160 "32";
33 42 0 0,3,4,6,7,9,10,12,13,18,22,23,26,28,30,31,33,36,38,42,43,46,51,54,57,59,62,64,67,71,73,75,76,78,79,82,86,87,89,90,92,93,94,96,100,102,104,106,109,111,116,118,119,121,122,126,128,130,134,136,142,143,146,147,149,151,152,154,155,156,158,160 "33";
34 94 0 5,6,14,17,19,20,22,24,25,26,28,30,31,34,37,42,47,49,52,55,56,63,64,67,70,72,74,76,77,79,83,84,88,90,91,95,96,102,109,112,114,115,117,121,123,125,127,129,132,143,144,150,152,154,155,158,160 "34";
35 2 1 1,12,24,28,37,39,41,58,63,68,77,89,94,96,110,115,116,133,141 "35";
36 30 0 6,13,16,18,21,23,25,29,35,36,40,41,42,47,51,61,62,69,70,83,105,108,111,115,118,123,135,137,142,144,149,153 "36";
37 90 0 3,5,7,9,12,13,16,18,28,30,32,37,38,43,46,49,50,52,54,59,61,63,64,68,69,78,80,81,84,88,89,97,99,100,106,107,109,110,112,114,115,119,120,124,125,128,131,135,137,138,140,143,145,146,148,152,156,158,160 "37";
38 139 0 5,12,27,61,69,100,110,121,124,131,155 "38";
39 21 1 3,4,8,9,11,24,26,28,36,39,41,43,46,49,50,54,56,63,65,68,72,80,82,83,84,85,88,94,96,97,99,102,105,111,113,116,120,127,128,132,134,135,138,143,144,147,148,150,152,153 "39";
40 118 0 2,6,9,14,18,19,20,22,24,28,32,34,39,43,44,46,50,54,61,62,64,67,68,70,72,73,75,78,81,82,83,86,91,94,95,104,107,108,110,111,113,114,116,121,124,126,128,130,131,132,135,136,137,139,143,155,159 "40";
41 58 1 2,7,14,17,40,50,55,58,62,63,90,91,104,112,120,124,127,131,140,144 "41";
42 126 1 0,3,5,7,8,10,12,13,15,17,19,21,26,28,29,31,32,34,36,38,40,41,43,50,51,53,54,56,58,60,63,66,68,69,72,74,76,80,81,82,83,85,86,88,91,93,94,96,97,99,101,103,104,106,110,111,112,115,116,119,120,122,124,125,126,128,129,132,134,136,139,140,146,147,151,152,154,155,158,159 "42";
43 40 1 2,4,9,11,24,44,46,49,53,56,58,62,66,67,72,76,78,87,93,114,118,119,124,126,128,135,137,138,148,152 "43";
44 80 1 2,6,7,9,13,16,17,18,23,25,26,28,29,31,34,36,37,40,45,47,50,53,55,56,58,59,60,65,66,69,71,73,74,77,79,81,83,85,86,89,90,92,93,95,96,102,104,105,107,110,119,120,124,125,127,131,133,135,137,138,139,142,144,147,149,150,152,153,157,159 "44";
45 39 1 0,4,6,9,13,14,16,18,20,21,23,24,27,28,30,31,35,37,38,39,41,42,44,47,49,56,57,60,61,63,65,69,71,76,78,83,84,87,88,90,91,95,96,98,101,103,104,106,111,113,115,116,118,120,121,122,124,128,129,132,133,135,137,139,140,142,144,146,147,151,153,155,157,160 "45";
46 84 1 84,146 "46";
47 144 0 1,4,7,8,17,21,22,25,28,29,31,32,34,37,38,39,41,44,45,47,48,49,55,58,60,61,62,64,66,68,71,73,74,77,79,81,87,89,91,92,96,99,102,104,105,107,109,111,114,119,121,122,124,125,136,138,139,141,143,145,148,150,151,155,158,160 "47";
48 137 1 9,12,17,19,39,45,49,60,61,71,74,79,91,94,98,101,103,106,129,135,146,148,155 "48";
49 72 0 5,15,19,28,33,43,52,61,76,77,87,90,99,110,112,120,124,134,140,143,149,152,156,159 "49";
50 130 1 3,24,106,120,122 "50";
51 12 0 2,4,32,34,40,50,53,58,68,74,80,84,85,87,89,93,112,115,128,158 "51";
52 97 0 11,28,34,39,43,44,58,64,66,69,103,104,114,135,137,158 "52";
53 7 0 2,4,8,14,18,19,20,22,23,27,28,32,34,38,40,43,48,49,52,55,58,60,62,64,67,71,74,78,79,81,83,85,87,89,90,95,98,100,104,106,112,115,116,117,119,124,127,131,133,138,139,142,144,146,149,150,157,159 "53";
54 122 1 0,42,46,65,73,81,102,143 "54";
55 74 1 0,5,9,14,21,26,29,35,50,52,57,66,69,71,79,87,95,98,102,103,105,120,131,135,143,147,149,151,156 "55";
56 116 0 0,4,6,11,13,14,16,21,22,26,28,29,31,34,38,42,43,46,49,50,54,55,58,59,62,63,64,66,68,71,74,75,77,80,84,91,93,94,96,98,99,107,111,114,117,118,120,121,122,124,125,129,131,133,138,140,141,143,145,147,148,150,152,154,157,158,160 "56";
57 118 1 0,2,19,35,38,45,59,66,68,83,86,87,88,94,98,99,104,108,109,129,133,157 "57";
58 42 0 0,2,4,6,9,15,18,19,21,22,23,26,27,29,30,32,33,36,37,40,42,44,51,54,55,58,60,62,68,70,73,74,82,83,85,87,90,98,102,104,110,116,118,126,136,141,144,145,146,149,154,155 "58";
59 103 0 0,1,3,5,8,14,17,20,28,32,34,35,37,39,41,43,46,48,50,51,53,56,58,61,62,63,65,66,68,70,72,79,81,83,84,89,91,92,95,98,100,101,103,105,106,112,114,116,123,125,129,132,135,136,139,144,145,150,152,153,160 "59";
60 136 1 6,8,15,17,20,23,25,26,42,48,53,60,68,78,86,89,91,94,102,114,119,123,129,140,143,148,152,155,159 "60";
61 105 1 8,11,13,16,17,20,25,28,32,41,43,44,46,62,63,66,78,79,84,89,91,94,99,109,112,122,125,128,132,134,137,139,143,147,150,157,159 "61";
62 50 0 0,1,7,9,10,12,13,16,19,23,26,27,32,35,39,45,48,49,51,52,54,56,58,59,62,66,68,70,73,74,76,79,81,83,85,88,90,95,101,103,106,110,116,117,121,124,126,128,129,131,135,137,138,139,143,145,147,148,149,152,153,159 "62";
63 129 0 1,5,9,17,20,23,25,37,38,41,43,45,49,54,57,61,63,67,68,71,79,81,84,88,89,91,96,104,106,109,112,119,123,125,130,142,145,150,154,156,159,160 "63";
64 90 0 5,6,7,9,10,18,20,25,30,33,35,38,40,41,43,45,48,49,52,54,59,65,73,74,76,79,81,83,89,90,103,107,111,125,134,141,146,148 "64";
65 53 0 125,158 "65";
66 35 0 2,12,14,25,29,38,43,44,47,50,53,57,67,71,81,84,87,95,107,114,116,121,133,136,141,144,147,148,152,154,156 "66";
67 152 1 0,1,3,6,9,10,11,12,14,15,17,24,27,28,31,33,34,38,39,42,45,47,50,51,53,54,55,57,61,68,70,72,74,78,79,82,86,88,90,92,93,96,98,102,105,106,108,109,110,113,115,116,117,121,122,124,125,126,129,130,131,133,139,140,142,144,148,149,155,159,160 "67";
68 64 0 16,19,30,43,64,76,101,120,127,135,145,149,150 "68";
69 143 1 2,3,5,13,25,27,30,31,37,41,45,48,51,52,56,57,60,70,72,74,77,78,80,84,85,86,92,94,100,108,113,115,116,119,122,127,131,136,140,146,148,150,151,154,159 "69";
70 14 1 1,3,14,18,20,22,25,34,46,49,61,63,65,69,70,92,94,98,99,101,103,105,113,123,129,139,144 "70";
71 37 0 1,5,7,9,13,16,17,20,22,27,28,32,33,37,38,39,47,48,52,54,56,58,65,68,71,77,79,80,81,82,91,95,97,103,104,106,109,112,118,121,123,127,130,131,138,140,142,143,145,147,149,153,154,158,160 "71";
72 46 0 0,1,2,6,9,10,14,15,19,22,23,25,30,31,33,34,37,38,40,42,45,46,48,50,51,53,54,56,57,58,60,62,63,65,68,69,71,73,75,77,79,80,81,83,84,87,88,90,92,97,99,100,103,104,106,107,108,110,113,116,117,118,120,122,124,126,129,130,133,134,137,139,141,143,144,146,149,152,157,158,159 "72";
73 111 0 0,2,8,9,16,25,32,37,41,43,44,46,50,55,75,77,80,83,92,93,94,96,104,107,111,113,114,118,129,131,138,143,145 "73";
74 29 0 0,22,27,28,40,54,61,66,95,98,105,128 "74";
75 152 0 1,2,4,5,9,11,15,16,17,20,25,29,31,32,35,37,40,41,42,46,47,49,52,54,55,59,61,63,67,68,70,74,76,77,80,82,84,85,89,92,97,101,104,108,112,120,121,123,124,126,132,135,140,146,148,151,153,154,155,157 "75";
76 6 1 16,49,58,102,141,147,152,156 "76";
77 74 0 0,6,14,19,21,29,48,50,54,62,64,66,69,72,75,76,80,83,87,88,96,102,104,107,111,118,124,126,127,128,132,141,152,153,156 "77";
78 5 1 2,4,7,10,11,14,17,21,23,24,25,29,31,34,38,47,49,51,55,58,62,64,69,71,72,82,84,86,89,95,98,104,107,110,112,114,117,120,123,124,128,133,135,142,143,146,150,154,157,158 "78";
79 161 0 0,1,2,3,5,7,10,11,13,14,15,17,19,20,23,24,26,27,29,30,33,34,39,40,47,49,51,52,53,55,57,59,61,63,64,66,67,70,71,72,74,75,80,82,83,84,87,89,91,93,94,96,100,102,103,109,110,111,112,114,117,119,120,126,131,135,136,140,143,146,150,151,153,155,159 "79";
80 93 0 3,5,7,11,12,14,15,20,22,27,33,37,39,40,44,55,56,57,59,61,62,67,71,72,75,78,82,85,87,90,92,94,99,101,102,104,106,107,121,126,128,129,130,132,133,139,142,153,155,156 "80";
81 129 0 12,74,81,99,100,118,134 "81";
82 87 1 1,3,7,8,12,17,18,25,30,34,38,39,42,46,49,55,59,64,66,68,81,83,85,88,93,94,96,99,104,109,110,118,120,122,130,135,149,154,155 "82";
83 55 0 30,32,45,51,63,69,71,81,84,87,93,95,104,112,131,133,141,146,151,160 "83";
84 2 0 5,6,10,12,14,16,20,24,28,36,38,41,43,60,72,87,90,97,100,104,117,122,127,129,146,159 "84";
85 69 1 0,6,11,14,22,27,48,55,68,113,118,125,133,138,141,147,148 "85";
86 131 1 0,2,3,6,8,9,10,13,15,16,17,18,21,23,24,27,29,30,32,35,38,40,42,43,45,46,48,50,52,54,56,60,61,65,67,69,72,75,77,79,81,84,86,88,89,91,93,96,101,102,103,105,109,111,114,115,117,118,122,124,126,128,129,130,131,134,135,137,139,140,142,143,144,146,152,153,158,159,160 "86";
87 62 0 5,14,32,74,76,79,97,108,113,121,140 "87";
88 108 0 2,5,9,10,13,15,18,19,20,24,26,30,32,36,39,40,41,42,47,49,51,54,61,63,65,70,75,78,80,83,84,87,89,95,99,100,102,110,112,114,116,123,130,131,132,135,136,138,142,143,148,151,153,155,159 "88";
89 131 1 0,4,5,8,10,12,13,15,19,20,24,29,30,35,43,47,52,53,56,57,60,65,69,73,79,83,86,87,90,96,100,101,103,107,109,111,115,116,121,124,135,138,143,144,145,148,152,157 "89";
90 27 1 3,24,29,35,56,83 "90";
91 122 0 3,22,24,32,34,38,42,48,52,57,64,73,80,89,97,102,119,129,140,142,145 "91";
92 69 0 2,5,7,11,14,18,19,21,22,25,29,30,32,34,36,38,39,41,43,46,48,51,54,56,60,62,63,66,71,76,78,79,83,85,87,89,90,91,93,96,98,106,108,112,113,116,121,122,125,131,135,137,140,146,148,149,154,155,159 "92";
93 38 1 2,3,4,8,10,12,15,16,18,20,22,24,25,28,30,31,32,34,36,38,39,41,45,47,49,51,52,54,55,58,61,64,65,66,68,69,70,72,73,77,78,81,82,84,85,86,87,89,93,96,100,102,103,105,107,109,110,114,116,117,122,124,126,127,128,130,132,133,135,138,141,142,147,148,149,152,154,156,157,158,159 "93";
94 0 1 2,4,6,10,14,26,32,38,45,48,64,67,68,70,76,84,87,91,99,105,107,109,110,117,121,122,127,132,137,140,143,145,147,150,155,158,160 "94";
95 153 0 3,4,7,10,11,12,14,18,19,21,22,26,29,36,37,39,41,43,44,46,48,51,53,54,56,57,59,62,63,64,66,67,69,71,74,75,76,78,80,83,87,89,90,92,93,96,98,100,102,103,105,106,107,109,111,113,114,118,119,124,126,128,129,133,137,138,140,141,143,144,147,149,150,152,153,156,157 "95";
96 0 0 1,3,10,13,16,24,26,29,33,36,37,39,46,47,49,53,54,60,63,66,69,75,77,80,85,92,96,97,98,103,108,110,115,117,125,129,132,134,135,137,138,140,141,144,160 "96";
97 113 0 0,3,6,11,16,20,31,34,37,39,41,43,44,45,48,49,53,55,56,57,61,62,66,67,70,71,74,76,77,78,87,88,89,91,92,95,102,106,108,110,115,117,120,122,124,126,128,132,133,134,137,140,143,144,147,149,150,152,156,158,160 "97";
98 141 1 0,9,14,17,25,31,36,38,40,44,48,50,52,54,57,68,69,70,72,81,84,87,90,94,99,107,108,110,113,120,125,130,132,134,137,140,149,153,154 "98";
99 41 1 2,4,14,47,59,69,73,93,123,124 "99";
100 118 0 4,5,6,18,26,28,29,31,33,35,38,39,43,45,48,49,50,53,55,58,60,64,68,69,75,76,78,79,80,88,91,92,97,99,101,104,107,110,112,115,118,121,129,132,133,137,138,139,141,147,149,156,157 "100";
101 109 0 0,2,5,8,11,12,14,18,19,21,24,27,31,35,39,42,45,46,49,51,58,61,63,69,72,81,87,88,98,102,103,108,109,111,114,115,116,117,119,123,124,128,132,135,137,138,141,143,144,145,146,149,154,156,157,160 "101";
102 8 0 0,1,4,5,8,12,13,14,17,19,21,22,24,26,27,30,37,42,43,47,49,50,51,52,54,56,57,60,62,64,66,72,77,79,83,84,87,88,89,91,95,98,100,101,104,105,107,108,110,111,114,116,118,122,125,126,127,129,131,141,145,147,150,152,153,156,157,160 "102";
103 110 1 104,110,119,121,128 "103";
104 117 1 0,3,7,9,16,21,26,28,31,38,51,53,54,60,61,63,72,99,105,115,116,120,134,137,138,157 "104";
105 131 0 7,22,58,65,78,92,98,102,119,121,133,139,140,147,150,153 "105";
106 2 1 0,1,4,8,10,13,19,24,25,26,29,30,31,33,40,42,43,48,49,51,54,56,57,59,62,69,70,72,75,76,78,83,85,87,92,95,98,101,102,103,105,109,111,117,118,120,122,124,125,127,128,130,132,134,138,143,146,152,155,156,159,160 "106";
107 67 0 4,8,12,14,17,20,28,32,37,44,47,49,51,53,55,57,58,60,62,66,67,68,70,71,74,75,78,81,84,86,88,90,95,97,101,102,104,108,109,117,122,123,126,128,129,134,137,138,140,143,146,156,160 "107";
108 44 1 1,2,3,5,9,11,13,14,15,17,19,20,21,22,24,26,29,31,33,35,38,39,41,43,44,45,47,51,52,56,58,60,62,64,68,70,71,72,74,76,78,79,80,83,85,88,90,92,94,95,96,100,104,107,110,111,113,119,122,126,127,129,130,133,135,136,137,140,141,143,144,146,147,151,153,154,156,160 "108";
109 44 0 0,2,4,6,8,11,14,17,18,20,23,26,28,29,39,40,43,45,46,50,51,52,54,59,61,62,63,64,66,68,70,73,76,81,84,85,87,88,91,95,97,100,102,104,106,107,109,114,118,122,124,125,129,130,131,137,142,146,150,154,156,157,160 "109";
110 103 1 0,4,5,9,10,12,14,16,18,19,23,26,27,30,32,36,37,40,41,43,45,46,49,51,52,54,58,61,63,64,65,68,71,75,76,77,79,81,84,85,87,89,90,93,94,97,99,104,108,110,112,114,116,118,122,123,124,130,133,136,137,139,140,142,144,146,147,149,153,157,159 "110";
111 92 0 0,6,10,13,19,21,30,31,36,39,45,47,50,51,58,67,74,76,80,85,88,90,96,99,101,106,107,113,115,123,125,129,133,134,140,146,148,153 "111";
112 78 1 1,5,8,9,11,13,15,17,19,22,25,26,29,34,37,39,41,43,45,46,48,51,55,57,61,63,65,68,71,72,73,74,77,78,82,88,90,92,93,95,99,103,105,107,108,109,114,115,117,121,123,125,126,129,131,132,134,136,138,141,144,146,150,151,155,158,160 "112";
113 146 1 0,4,6,8,9,10,11,15,17,19,20,21,23,24,26,27,29,35,37,39,41,42,47,49,51,56,59,60,64,66,68,69,71,73,77,80,81,85,86,89,91,93,95,97,99,100,102,104,105,108,109,111,113,114,116,117,119,120,122,123,125,128,130,131,132,133,136,145,146,148,150,151,156,160 "113";
114 90 0 13,14,24,26,30,42,44,46,58,60,63,66,72,80,89,91,97,100,102,104,115,119,126,140,144,146,149,155,157,158 "114";
115 37 1 7,12,21,25,26,28,35,38,40,42,45,49,53,57,60,64,65,66,70,73,77,82,83,86,87,88,89,95,97,102,108,111,112,117,118,123,124,127,128,132,133,142,147,154,157,159 "115";
116 24 1 2,3,6,7,12,15,19,20,22,24,27,35,38,43,45,46,48,50,59,61,67,70,72,73,76,78,85,91,104,106,108,116,120,123,133,136,142,145,146,150,160 "116";
117 121 1 0,2,3,6,8,9,14,15,20,22,27,32,34,36,38,47,49,51,53,56,57,61,62,64,66,69,71,73,74,76,81,84,86,87,89,92,95,99,100,101,104,106,108,109,111,112,114,115,117,120,121,123,127,129,131,135,137,139,141,143,148,149,151,156,157,159,160 "117";
118 19 1 0,4,8,10,12,15,17,19,20,24,32,33,35,41,46,48,52,63,72,76,78,80,85,87,90,93,94,96,100,102,104,106,108,109,112,118,120,125,128,129,131,134,136,138,140,142,144,148,152,153,155,160 "118";
119 92 1 69,101 "119";
120 153 1 0,2,5,6,8,9,10,12,14,20,21,23,24,27,28,35,37,40,41,44,47,49,51,53,54,56,58,59,61,63,65,68,70,71,73,74,77,79,80,81,82,84,87,91,93,95,97,98,100,102,104,105,106,107,109,111,112,114,115,117,118,122,124,126,128,130,131,135,138,140,144,147,149,150,151,153,154,158,160 "120";
121 157 0 0,1,4,5,8,10,17,19,22,23,25,26,28,29,32,33,34,35,37,42,46,48,49,52,54,55,56,58,64,66,68,69,71,73,75,77,78,79,80,81,85,89,94,95,97,98,102,108,109,110,112,115,120,121,123,126,128,129,131,133,136,137,141,147,151,153,154,156,160 "121";
122 56 1 0,7,8,9,11,13,16,20,24,25,30,32,47,49,51,54,55,56,60,62,65,68,70,72,73,77,79,82,86,91,93,94,96,100,102,105,108,109,111,112,115,122,128,136,142,146,149,153,158 "122";
123 100 0 1,2,4,6,8,10,13,14,17,18,20,22,26,27,30,31,34,35,38,39,42,44,45,46,49,51,55,58,59,61,63,67,69,70,72,75,77,80,82,85,87,89,91,92,95,97,99,102,104,106,107,109,113,114,119,120,121,124,126,127,130,133,135,136,137,138,139,141,142,143,145,146,147,149,151,153,156,157 "123";
124 29 1 0,2,4,8,10,12,14,19,20,21,24,25,29,31,34,36,37,39,40,42,44,46,47,48,53,55,56,57,59,61,63,66,67,69,70,72,74,75,76,79,80,81,82,83,84,87,88,90,91,92,97,98,101,103,104,106,108,110,111,113,115,116,117,119,120,125,127,131,144,146,150,152,153,154,157,158 "124";
125 83 1 1,2,4,6,7,11,14,15,16,18,19,20,21,25,27,31,32,33,36,39,42,44,45,48,51,54,55,56,59,61,62,64,68,70,73,74,78,79,81,84,86,91,94,97,99,100,109,110,111,113,115,117,119,121,122,124,125,126,128,130,131,132,134,135,136,138,142,144,145,148,149,151,153,160 "125";
126 127 0 19,30,50,57,63,64,68,76,80,81,91,100,108,113,116,120,128,141 "126";
127 71 0 0,4,7,9,12,14,19,22,24,28,30,31,32,35,39,40,45,49,51,52,54,56,57,61,62,63,66,68,73,75,76,77,78,81,83,85,87,88,89,92,95,97,98,99,101,103,105,106,110,111,112,114,117,118,121,124,127,130,133,134,136,139,140,142,146,148,151,153,154,155,157,159 "127";
128 88 0 19,31,34,39,61,83,89,97,100,101,108,140 "128";
129 138 0 1,3,7,12,17,18,23,25,28,29,34,40,41,43,46,48,49,53,54,55,56,58,59,61,67,69,73,75,76,82,86,87,89,91,92,95,98,100,103,107,112,117,119,121,125,131,132,136,139,142,143,145,148,151,152,156,157 "129";
130 28 1 0,3,5,8,10,11,18,20,24,27,30,32,35,38,39,41,42,44,47,53,54,60,61,66,71,73,75,76,80,81,84,85,88,91,92,93,94,97,98,105,117,119,125,126,131,142,144,145,149,150,152,156,157,159,160 "130";
131 58 1 3,6,11,14,17,20,22,25,27,28,32,33,35,39,41,43,45,47,49,51,52,53,56,59,61,65,66,70,74,75,78,79,82,85,86,87,89,93,97,100,101,103,104,106,108,109,114,115,117,119,121,123,128,132,133,135,137,138,141,144,145,147,148,151,152,153,157,158 "131";
132 110 0 1,5,16,17,19,28,32,34,35,37,40,42,48,53,55,58,60,61,64,65,69,71,73,74,75,78,81,85,89,91,93,95,97,99,102,105,109,111,115,121,123,124,125,126,132,133,135,136,137,139,140,142,147,148,150,151,154,156,158,159 "132";
133 106 0 1,2,4,5,9,11,13,15,16,17,20,21,24,25,28,30,31,35,37,38,41,47,49,50,53,56,58,59,60,61,63,64,66,68,77,81,82,84,86,93,95,97,98,100,102,104,106,109,112,116,117,122,125,127,129,130,132,134,136,139,143,144,145,146,150,151,152,154,155,157,160 "133";
134 3 0 1,5,18,30,42,45,47,51,55,57,60,61,67,78,84,89,93,98,104,116,122,126,131,133,139,142,145,148,152,156 "134";
135 109 0 1,3,4,8,9,12,13,18,22,23,24,26,27,29,34,36,37,40,43,44,47,50,53,55,56,57,61,64,66,68,70,71,72,73,75,77,81,84,87,89,90,92,95,96,100,101,103,104,106,107,109,113,116,117,119,121,126,129,131,133,134,138,145,147,149,151,152,153,155,156 "135";
136 100 1 1,4,9,16,20,22,24,26,27,29,33,37,49,54,55,59,61,64,66,69,70,78,85,88,91,93,95,103,106,107,117,120,124,129,131,133,134,139,141,146,150,153,156,160 "136";
137 2 1 0,3,23,28,29,34,35,36,38,41,43,46,49,61,64,66,72,73,76,81,84,90,94,99,100,101,104,117,122,126,129,136,137,142,143,145,147,154,156,160 "137";
138 68 1 5,10,31,34,48,52,59,64,75,80,85,91,97,110,133,134,149 "138";
139 108 1 2,4,7,9,13,17,23,26,29,32,37,39,45,46,52,57,59,61,62,63,68,71,78,81,87,91,93,94,99,100,104,106,107,109,113,118,119,121,129,134,136,138,143,149 "139";
140 7 1 3,7,9,16,26,40,43,46,49,58,62,69,76,84,91,96,98,101,102,118,120,128,129,139,144,158 "140";
141 9 1 0,3,4,7,10,11,14,18,21,22,28,34,37,40,43,44,47,54,57,59,61,62,64,65,69,70,72,74,75,77,78,79,80,82,84,86,88,91,96,97,100,101,102,105,107,110,113,114,116,117,118,121,125,126,128,132,133,136,138,139,140,150,154,160 "141";
142 81 0 13,17,19,41,52,69,80,112,115,131,135,137,147 "142";
143 102 0 0,1,5,8,9,21,23,27,31,33,34,41,43,44,47,48,53,55,57,59,62,68,69,71,77,79,81,82,83,85,87,88,90,93,95,102,105,106,108,110,111,114,116,118,121,125,128,129,130,133,136,138,140,142,146,147,149,152,153,156,158 "143";
144 114 1 4,7,9,11,12,15,20,23,25,37,45,52,63,66,68,71,72,77,86,90,94,98,103,109,113,121,129,135,149,151 "144";
145 99 1 0,3,4,7,9,12,14,16,17,19,21,23,25,27,30,32,34,36,40,41,42,44,48,49,50,52,55,57,59,60,64,65,68,69,71,72,75,76,82,84,89,90,91,95,96,97,98,99,102,103,104,106,107,111,116,118,119,121,123,126,128,129,132,134,137,141,143,147,149,151,153,157,158 "145";
146 47 1 0,3,5,8,12,14,15,18,20,23,26,28,29,30,32,34,39,42,44,45,47,50,51,53,55,58,60,64,65,68,73,76,78,83,86,87,89,90,91,92,95,99,100,102,105,111,113,114,116,118,119,123,125,127,128,131,133,134,137,139,142,144,145,147,149,152,154,156,158 "146";
147 5 0 0,3,7,10,12,15,16,17,18,19,21,26,28,30,31,32,36,38,41,43,45,47,48,50,53,56,60,62,64,66,68,70,72,73,76,77,78,80,81,87,89,90,91,93,95,96,98,101,102,106,107,109,113,114,117,118,120,126,130,131,132,135,137,138,141,143,144,150,151,152,154,156,157 "147";
148 72 1 0,1,3,14,16,17,22,38,42,45,50,52,56,71,74,81,83,85,87,88,95,98,102,107,109,111,113,115,122,124,129,134,136,138,141,143,146,149,151,154,159 "148";
149 24 0 1,2,5,6,8,15,17,19,28,33,42,46,48,52,56,63,75,78,80,82,83,87,98,102,103,108,110,115,118,133,145,149,157 "149";
150 47 1 3,17,18,23,36,40,50,54,58,62,64,67,78,81,85,86,88,96,103,110,116,122,125,128,135,157 "150";
151 1 1 0,6,9,11,12,16,20,22,23,28,31,35,40,42,43,46,47,50,55,58,60,62,64,69,76,78,79,81,86,88,89,90,94,96,97,108,111,114,118,122,126,130,133,135,136,138,139,141,144,145,147,152,153,158,160 "151";
152 154 0 24,56,64,68,70,98,137,159 "152";
153 129 1 2,3,5,13,18,20,28,30,34,35,44,45,67,70,87,91,105,106,108,115,119,120,124,126,137,147,149,151,152 "153";
154 60 1 0,3,5,9,14,15,17,25,31,32,39,41,43,53,55,57,59,60,65,67,69,70,71,78,80,85,92,98,104,111,115,122,124,126,128,130,134,136,139,147,150,157,158 "154";
155 3 1 1,3,5,10,11,13,15,17,19,24,28,31,33,35,40,44,45,47,53,56,59,61,67,68,70,71,76,77,80,82,87,93,95,96,98,99,103,105,107,108,111,116,124,125,127,129,134,145,150,152,153,159,160 "155";
156 44 0 2,14,22,28,34,45,47,50,56,63,68,73,84,93,104,107,109,130,132,134,137,142,145,152 "156";
157 20 1 0,30,42,58,69,70,75,76,83,95,109,112,127,142 "157";
158 59 0 0,4,8,9,12,15,17,21,26,27,31,33,34,36,38,40,43,44,47,51,55,58,62,63,66,71,73,77,78,79,80,82,85,87,90,97,100,104,105,108,113,115,117,120,121,123,127,130,132,137,138,140,145,147,150,152,155,156,158,160 "158";
159 62 0 0,3,4,6,8,10,11,13,14,16,20,22,24,25,28,29,30,32,34,36,40,42,44,47,48,50,52,53,56,58,59,62,64,65,67,71,74,76,77,79,81,82,83,86,87,88,94,95,98,99,104,106,109,110,113,115,119,120,122,126,127,129,131,132,134,137,138,139,141,143,146,150,153,156,157,158 "159";
160 46 0 6,8,9,14,17,19,21,25,26,29,31,33,36,38,41,44,45,46,49,53,56,60,62,63,71,74,75,77,78,82,87,90,96,99,102,104,109,113,114,116,117,119,123,124,126,131,133,136,137,139,143,146,147,150,153,155,156,159,160 "160";
