parity 111;
0 35 1 0,1,4,6,10,15,22,24,26,39,49,57,61,75,76,77,81,82,83,88,92,95,111 "0";
1 73 1 10,18,55 "1";
2 24 1 1,4,6,7,8,11,12,14,15,16,17,19,22,24,27,28,33,35,36,37,38,40,46,48,49,51,56,58,59,62,64,65,66,67,71,72,75,78,80,81,83,87,88,91,96,98,100,101,103,104,107,109 "2";
3 15 0 1,2,9,10,14,17,20,23,24,26,30,35,37,39,40,41,43,50,55,57,58,60,62,66,71,74,78,81,84,85,87,93,94,97,103,104,106,109,111 "3";
4 12 0 6,27,30,33,60,69,94 "4";
5 46 1 3,4,5,6,7,12,17,23,24,25,27,28,30,31,32,34,37,40,41,43,44,47,49,51,53,57,61,63,64,66,69,72,73,78,79,80,83,86,87,89,92,94,96,98,100,101,104,106,107,109 "5";
6 110 0 6,14,17,22,25,30,38,50,51,58,63,69,70,73,77,78,81,88,94,96,103,105,110 "6";
7 97 1 3,9,17,21,26,33,35,42,51,53,61,62,64,66,69,70,72,76,93,108 "7";
8 106 1 3,6,9,13,15,17,19,20,30,32,36,40,42,48,49,54,57,58,67,70,72,73,75,80,81,82,84,90,92,98,99,103,106,107,109,110 "8";
9 108 1 1,2,32,38,47,51,53,57,63,64,68,78,87,90,96,103,110 "9";
10 34 0 3,6,8,10,14,16,19,22,27,29,32,43,46,52,53,57,60,64,66,67,68,70,75,78,84,87,89,98,99,101,104,106,110 "10";
11 16 0 0,1,10,18,22,23,25,29,31,33,35,38,39,40,42,43,47,51,62,70,71,75,79,80,89,102,106,108,109 "11";
12 20 0 7,12,21,42,44,48,60,63,72,85,92,97 "12";
13 29 1 14,20,25,31,46,50,58,81,90,101,105,106,107,110 "13";
14 88 0 1,3,5,6,11,19,24,25,31,34,35,37,39,40,42,43,47,49,51,53,54,56,58,60,61,63,69,72,76,80,82,87,89,91,93,95,97,99,101,107,110,111 "14";
15 103 0 0,5,8,9,11,14,15,16,18,20,23,25,27,30,32,33,34,35,37,40,42,43,46,47,49,50,52,55,56,61,62,64,65,68,69,71,73,76,78,80,81,83,85,87,88,91,92,94,95,99,102,104,105,106,108 "15";
16 83 1 0,4,8,10,13,16,17,19,21,22,25,26,29,32,35,38,39,41,44,46,48,54,56,57,58,60,61,64,65,66,68,69,71,72,74,75,76,78,81,85,86,87,89,91,95,96,97,99,101,107,109 "16";
17 1 1 5,9,12,14,22,24,26,34,37,43,48,52,55,57,59,61,62,65,71,73,82,84,86,87,97,104,111 "17";
18 4 0 3,8,10,20,24,28,36,38,45,50,55,56,68,70,78,87,90,95,96,100,102,110 "18";
19 96 1 8,16,32,38,102 "19";
20 18 0 20,22,64,92 "20";
21 10 0 3,4,7,12,13,15,17,20,21,22,24,25,27,31,33,36,38,42,46,49,51,52,54,55,57,59,64,68,70,73,74,76,78,82,86,87,89,90,92,94,95,96,99,101,105,107,110 "21";
22 97 0 0,2,3,6,9,10,12,13,17,20,24,25,27,29,30,32,34,37,38,41,43,46,48,49,51,52,55,58,59,60,62,64,65,67,70,71,74,77,78,82,84,85,88,91,92,93,96,98,100,101,106,107,109,111 "22";
23 53 0 0,1,3,6,9,13,15,17,18,19,20,22,23,25,27,30,33,37,38,40,44,46,49,51,54,56,57,59,60,63,64,68,71,75,80,82,86,89,92,94,96,98,101,102,104,106,108,109 "23";
24 66 0 2,3,5,6,10,11,13,17,19,22,23,25,26,28,29,33,36,37,40,42,43,45,46,47,49,50,51,53,54,56,60,63,67,69,70,71,72,73,74,76,78,81,83,85,88,93,95,98,99,101,102,104,109,111 "24";
25 27 1 0,6,8,10,12,17,19,20,22,26,28,33,35,36,39,41,42,48,50,53,55,56,57,62,71,72,75,76,77,79,91,92,98,103,106 "25";
26 25 0 0,2,8,21,32,45,51,57,69,78,86,89,94,101,110 "26";
27 98 1 1,3,6,9,11,14,16,23,32,39,42,46,48,49,51,53,60,61,62,70,72,76,81,84,89,92,94,96,97,99,100,101,106,108,111 "27";
28 23 1 14,24,28,39,59,61,65,67,97 "28";
29 33 1 0,3,7,9,10,13,16,17,18,19,21,24,27,29,32,34,37,38,44,47,50,53,56,59,63,64,65,66,68,70,71,73,74,77,78,79,83,84,85,88,90,92,97,98,101,105,106,108,110 "29";
30 37 0 1,5,8,9,11,13,16,21,26,29,35,37,43,47,49,51,56,57,59,64,70,71,77,79,81,86,89,92,95,98,101,105,108,109 "30";
31 78 0 0,2,6,9,11,13,15,17,19,20,22,24,25,28,29,31,34,35,37,38,39,41,45,47,50,51,52,54,56,60,61,64,66,71,73,75,76,77,80,82,84,86,88,91,93,94,96,98,99,102,103,105,107,110,111 "31";
32 0 0 0,5,10,17,28,29,34,38,41,43,48,49,50,53,55,57,62,65,69,72,78,79,85,91,94,96,97,99,101,105,106,111 "32";
33 39 0 0,2,5,6,7,9,21,25,27,30,33,44,50,55,57,59,71,77,80,86,89,91,96,98,101,104,107,109 "33";
34 16 0 0,1,6,7,12,14,18,19,21,25,28,29,31,33,34,35,36,38,40,41,43,45,47,50,51,55,57,58,59,60,62,64,65,70,71,73,78,81,82,84,88,91,93,95,97,99,100,103,104,108,110 "34";
35 95 0 6,17,21,23,31,34,37,41,43,51,77,83,85,92 "35";
36 81 1 27,30,48,50,71,82,92 "36";
37 26 0 5,7,9,13,17,24,29,30,31,36,41,43,45,52,53,55,56,58,61,62,64,67,70,81,85,86,91,92,95,100,103,106,107,109,111 "37";
38 44 0 2,5,14,17,18,21,22,26,28,31,35,38,39,42,47,49,51,57,59,60,61,64,71,72,75,78,83,86,89,90,92,94,96,98,100,102,106,107,110 "38";
39 110 0 3,6,8,10,18,20,22,34,46,52,69,73,80,94,110 "39";
40 27 1 1,2,4,5,9,11,13,15,16,19,21,25,26,29,32,33,35,37,38,39,41,43,50,52,54,56,58,59,61,63,65,67,71,73,75,76,78,79,82,84,86,88,90,93,95,96,97,99,100,101,105,106,108,109,111 "40";
41 4 0 7,8,11,19,22,23,26,30,35,37,39,41,42,43,45,49,54,58,60,61,63,66,67,69,71,76,81,85,86,88,89,96,97,102,104,107 "41";
42 105 0 0,3,6,15,18,20,27,32,36,46,51,58,66,71,78,85,89,100,108 "42";
43 99 0 0,2,4,7,10,13,17,20,21,23,24,26,28,32,33,37,38,40,41,43,45,47,51,53,54,55,58,60,61,63,67,69,70,73,75,81,83,85,86,88,92,93,95,98,101,105,106,107,109,110,111 "43";
44 20 1 9,11,16,17,20,22,25,28,31,33,41,52,58,61,65,68,71,73,76,96,102,104,106 "44";
45 54 1 2,6,7,10,15,16,18,21,23,28,31,32,33,34,40,41,43,45,48,49,51,57,60,61,65,69,71,73,75,79,81,84,85,86,88,89,91,92,101,103,105,109 "45";
46 58 0 2,11,16,17,26,29,34,41,44,46,50,51,55,62,65,67,72,81,85,87,92,94,99,100,105,106,110 "46";
47 61 0 0,2,4,7,8,16,19,21,25,27,32,34,35,41,43,45,47,49,51,53,54,61,63,64,67,69,71,73,76,77,83,84,87,89,90,91,94,95,98,103,105,106,109,111 "47";
48 6 1 8,10,15,19,24,32,45,48,51,70,72,78,86,89,91,95,99,110 "48";
49 89 0 2,5,9,12,15,17,20,24,30,31,34,35,43,48,51,57,59,64,65,66,70,72,74,82,87,88,91,94,99,101,109 "49";
50 29 0 0,5,6,7,11,14,16,19,25,27,31,32,38,41,42,43,46,49,53,55,56,59,62,66,68,69,70,72,76,78,79,85,88,90,91,92,94,95,97,98,99,104,106,109,111 "50";
51 86 0 0,1,4,6,8,10,12,14,16,17,19,21,25,26,27,28,29,33,37,41,43,45,48,49,51,52,55,57,59,62,65,67,68,71,72,74,75,77,78,85,88,97,101,102,103,106,108,110,111 "51";
52 33 1 3,6,8,10,13,15,16,18,20,21,25,27,31,32,36,39,42,45,46,48,49,50,51,53,54,57,59,71,75,78,81,84,86,87,91,95,97,98,104,106,108,109,111 "52";
53 25 1 5,12,13,16,18,19,28,30,44,47,49,53,56,57,58,63,68,69,82,83,89,92,93,98,100,104,107 "53";
54 33 1 0,1,3,7,8,12,15,16,18,21,22,24,27,28,30,31,32,37,43,45,47,50,52,54,55,57,58,61,62,67,69,71,72,74,75,77,78,80,81,82,84,86,87,89,90,94,96,101,103,106,107,109,111 "54";
55 15 1 3,5,8,12,17,19,27,31,35,39,42,44,46,48,49,52,59,63,66,68,71,77,81,85,87,89,91,92,94,103,105,108,111 "55";
56 99 1 0,30,61,70,92,105 "56";
57 51 1 1,4,6,16,25,29,35,39,43,44,52,56,60,66,73,75,78,81,82,84,90,92,93,94,102,108 "57";
58 100 1 0,8,13,16,17,18,24,26,28,31,35,41,45,47,48,50,51,53,54,68,74,76,77,78,82,87,91,94,101,105,107,110 "58";
59 87 1 0,2,9,10,12,13,17,19,21,26,29,30,33,34,36,38,40,43,47,55,60,64,67,69,79,80,86,90,92,97,99,101,108,111 "59";
60 97 1 3,7,9,13,14,20,24,34,45,55,60,61,70,74,77,78,81,83,85,90,93,94,99,101,104,107,110 "60";
61 86 1 12,14,17,20,22,23,24,26,29,32,33,41,46,50,53,67,75,101,102,106,109 "61";
62 31 1 6,10,30,32,37,40,43,48,52,69,70,77,78,87,97,100,103,109 "62";
63 105 1 16,20,24,30,38,40,42,53,56,74,80,84,90 "63";
64 73 1 1,2,4,6,7,8,10,11,12,15,18,20,23,25,26,28,32,34,37,39,40,42,43,44,47,48,49,50,53,55,57,59,60,64,68,70,72,74,75,77,81,82,84,87,91,93,94,95,97,103,104,107,111 "64";
65 65 0 56,82 "65";
66 94 0 0,1,3,4,5,7,9,13,14,17,18,19,21,23,24,26,28,31,34,36,37,38,40,42,43,45,46,48,50,52,55,60,61,63,65,69,71,74,76,79,81,83,87,89,90,93,94,96,100,102,104,106,107,108,110,111 "66";
67 5 0 19,29,53,57,58,77 "67";
68 17 0 5,17,21,22,32,36,37,55,57,58,60,63,65,67,68,71,75,77,79,83,85,86,89,92,99,106 "68";
69 87 0 3,18,21,22,24,27,29,33,35,37,39,40,41,43,45,47,51,52,53,56,57,60,64,67,71,73,75,77,80,82,83,87,89,92,93,98,108 "69";
70 66 0 0,1,3,4,6,7,9,10,11,12,15,18,20,26,29,32,36,38,40,41,43,46,47,49,50,52,54,55,61,63,71,73,75,76,79,82,84,87,88,92,93,95,98,99,105,107,110 "70";
71 66 0 6,10,12,27,39,40,43,44,51,52,55,61,64,66,69,76,87,89,96,109 "71";
72 112 0 0,5,9,16,20,22,24,25,28,30,33,35,36,43,47,49,54,56,57,60,63,65,66,67,69,70,71,73,77,94,100,106,109,111 "72";
73 82 1 15,38,82,84,86,92,105 "73";
74 10 0 1,6,8,9,12,14,17,20,25,28,29,31,32,34,37,40,41,42,44,45,48,50,52,53,55,57,60,62,64,66,67,69,71,72,79,81,83,85,86,87,89,91,92,93,95,98,100,104,107 "74";
75 38 0 0,1,2,5,6,7,9,10,12,15,17,20,22,24,25,28,30,31,34,37,39,40,42,47,48,50,55,56,59,60,61,62,64,65,69,70,76,77,78,81,82,83,85,86,88,91,92,94,95,97,98,101,105,108,109,111 "75";
76 35 1 2,3,7,8,9,14,15,16,18,21,23,25,26,28,33,36,37,38,40,44,46,52,54,56,58,59,60,62,64,65,68,70,75,77,79,84,86,88,90,91,92,93,94,95,99,102,104,108,109,110 "76";
77 90 1 0,2,3,8,10,12,14,15,17,18,20,22,27,29,32,36,38,42,43,47,48,52,54,57,58,61,63,65,68,70,73,76,77,78,80,83,85,87,89,90,93,98,101,104,106,107 "77";
78 104 1 2,4,8,9,13,15,16,18,20,22,24,25,27,29,32,33,36,38,39,44,45,47,48,52,55,58,59,61,62,63,65,66,67,69,73,75,77,79,81,82,83,84,86,88,94,96,99,100,101,105,107,108,110 "78";
79 18 0 1,4,5,7,10,11,12,15,20,21,26,27,29,30,31,35,36,47,49,54,56,57,62,65,67,70,71,73,75,77,79,83,85,86,88,90,92,94,97,98,103,104,106,107,108,111 "79";
80 48 1 0,1,4,10,24,26,31,36,41,48,56,65,72,78,81,92,106,108,109 "80";
81 40 1 0,1,6,7,9,10,12,15,17,20,21,23,25,29,30,32,33,36,39,40,42,45,46,47,49,50,52,54,58,61,62,64,67,68,70,74,76,77,79,80,82,84,89,91,95,96,98,102,105,106,109,110,111 "81";
82 16 1 22,25,46,57,75,88,95,107 "82";
83 96 0 1,2,4,5,6,9,10,14,16,18,22,25,26,30,32,33,37,38,39,41,43,45,48,49,52,53,56,58,60,66,67,70,71,73,74,76,79,81,82,83,85,87,88,90,93,95,100,102,103,106,107,108,111 "83";
84 33 0 2,7,8,9,13,14,16,17,18,19,20,25,29,31,34,36,38,43,45,48,50,52,53,59,65,66,68,70,71,73,74,77,78,80,92,93,96,98,99,103,105,107,109,111 "84";
85 93 0 0,4,6,8,10,12,16,17,20,28,32,33,37,39,41,45,48,51,57,61,62,64,66,69,70,72,76,77,79,82,86,91,94,96,98,103,108,109 "85";
86 72 0 9,11,14,18,22,25,28,34,38,41,43,50,51,59,71,86,93,99,105,108,110 "86";
87 70 1 2,6,32,41,43,46,47,49,55,60,63,75,84,98,102,104,105,107 "87";
88 87 1 11,18,21,24,29,32,33,35,37,45,52,53,55,58,59,61,62,65,68,71,72,76,82,92,100,102,104,105,110 "88";
89 98 0 24,34,37,42,48,58,60,68,74,86,108,110 "89";
90 31 0 0,1,4,6,10,11,13,16,18,19,22,23,24,27,30,31,34,35,38,43,46,48,49,52,54,56,57,60,61,64,66,70,72,75,77,78,80,82,86,90,92,94,95,96,99,100,101,102,104,105,107,108,109,111 "90";
91 71 1 22,41,83,88 "91";
92 78 1 0,1,4,9,10,12,13,15,17,19,21,22,23,28,29,31,35,36,37,39,42,44,46,47,51,54,57,63,65,66,67,70,71,75,76,81,83,86,89,94,95,96,99,100,104,106,109 "92";
93 2 0 1,11,13,17,21,23,30,32,33,42,44,48,53,62,63,65,73,81,83,88,90,92,94,97,105,109 "93";
94 23 0 3,8,17,30,37,83,88,108 "94";
95 108 1 1,9,10,12,21,22,23,25,27,28,29,33,34,35,38,39,42,45,49,51,53,56,57,58,60,71,74,80,81,83,84,89,92,95,97,102,104,107 "95";
96 1 1 5,13,17,21,22,32,34,42,44,48,53,60,63,66,67,69,70,72,74,81,86,89,90,93,97,107 "96";
97 70 1 4,35,37,40,67,69,73,104,105 "97";
98 95 0 0,6,10,11,12,15,16,18,20,23,24,26,30,33,34,37,38,39,40,42,44,47,48,50,53,56,59,61,63,64,66,67,69,70,73,76,80,85,86,87,88,92,94,96,99,100,102,103,105,106,108,109,111 "98";
99 41 0 9,12,14,15,16,19,20,23,26,28,29,30,33,35,40,41,45,47,51,53,61,63,65,66,70,72,75,76,84,85,90,94,96,97,99,100,102,105,107 "99";
100 25 1 0,4,6,7,8,10,11,12,14,16,17,21,23,27,30,31,33,34,36,37,38,42,43,44,46,48,50,51,52,54,57,59,61,65,68,70,72,73,75,78,80,81,84,86,89,91,94,95,97,99,100,102,106,107,109,111 "100";
101 22 1 3,10,12,16,19,22,23,25,27,29,33,36,39,40,44,45,48,55,58,60,61,63,66,67,69,70,74,76,78,81,86,87,90,94,97,102,104,110,111 "101";
102 73 0 1,2,5,14,18,21,24,29,31,32,34,40,43,47,58,61,63,68,79,81,82,86,91,92,98,103,104,110 "102";
103 66 1 0,1,3,7,10,13,16,18,26,28,32,34,39,41,42,43,45,47,51,53,54,57,58,61,62,65,74,77,84,86,87,92,93,95,101,102,104,105,110 "103";
104 76 0 8,35,37,62,67,73,92,98 "104";
105 85 1 1,15,25,26,29,35,40,46,51,66,82,87,90,102,103 "105";
106 0 1 1,4,5,7,10,11,16,19,22,23,30,34,36,37,38,42,45,48,51,53,55,57,59,61,63,65,68,78,79,82,85,87,93,94,95,97,100,104,110,111 "106";
107 95 1 0,3,5,6,8,11,13,14,17,21,22,24,27,29,30,31,35,39,44,46,48,49,51,56,57,61,64,66,68,69,72,73,74,76,80,81,82,88,93,95,97,98,101,102,104,107,109,110 "107";
108 37 0 2,4,5,8,9,12,13,15,17,18,21,24,26,28,30,32,33,34,41,42,44,45,46,48,49,50,52,54,55,56,58,60,61,63,65,68,70,72,74,76,77,79,81,87,88,90,92,95,97,99,103,105,108,110,111 "108";
109 112 0 0,6,10,11,14,19,22,24,28,33,35,37,42,49,50,52,53,57,63,69,72,74,76,79,81,86,93,96,106,110 "109";
110 60 1 1,2,3,5,7,9,11,13,14,17,21,23,26,29,31,35,36,40,47,49,51,52,53,55,57,58,60,62,63,68,71,72,74,75,77,78,81,83,84,86,89,90,94,96,97,99,101,103,105,107,111 "110";
111 39 1 0,2,5,9,11,13,15,18,19,20,22,24,27,30,37,40,43,46,49,50,51,54,59,64,66,71,72,73,75,76,79,80,85,87,91,93,94,96,100,102,104,105,108,110,111 "111";
