parity 197;
0 105 1 1,5,6,8,10,11,15,17,18,21,22,23,27,29,32,34,36,37,40,44,47,49,55,56,59,60,63,70,71,72,74,75,78,81,83,87,88,91,93,95,97,100,101,102,104,105,106,109,113,116,117,119,121,122,123,126,128,134,136,137,139,141,144,146,147,148,150,151,152,154,155,157,159,163,165,169,171,175,177,180,184,186,188,191,193,195,196,197 "0";
1 99 0 0,1,3,7,9,12,15,17,19,20,22,24,30,32,33,37,42,48,49,52,55,57,62,65,68,70,73,75,77,85,92,94,96,98,100,101,103,106,113,115,116,123,124,126,129,130,133,137,142,146,148,149,151,152,154,156,159,164,166,168,171,178,181,182,185,189,190,192,195,196 "1";
2 9 1 5,9,10,15,18,20,22,24,32,38,39,46,48,54,57,63,67,69,75,78,80,81,87,90,94,95,97,104,108,110,111,116,117,120,121,122,124,126,128,131,135,140,142,144,145,148,149,150,152,154,156,165,169,171,173,180,183,184,187,190,195 "2";
3 158 0 1,4,7,9,10,12,13,15,16,19,20,23,24,25,27,30,32,34,36,38,39,41,43,45,47,50,52,53,55,57,58,62,63,65,66,68,71,79,80,81,83,86,88,90,92,93,96,97,99,100,101,103,111,113,117,118,120,121,123,126,128,131,135,139,141,145,148,150,152,153,155,158,160,162,164,165,166,170,172,174,175,177,179,180,181,182,183,186,190,193,195,196 "3";
4 195 1 1,17,23,26,28,31,50,53,56,58,61,63,72,74,85,91,95,97,99,105,109,118,121,123,127,139,150,160,175,186,193,195 "4";
5 196 0 2,4,5,7,9,12,15,17,19,20,21,26,31,32,34,35,36,38,41,44,45,46,48,49,51,53,54,56,58,63,64,68,70,72,73,74,76,77,80,82,83,85,88,90,92,94,95,100,101,103,105,109,111,112,114,116,117,118,120,122,126,130,132,134,136,137,139,141,145,147,148,150,152,153,155,156,159,163,164,165,167,170,171,177,179,183,188,190,191,193,194,195 "5";
6 20 1 3,6,8,10,13,17,22,23,25,34,41,42,45,47,52,54,56,57,59,61,64,73,76,83,84,92,95,97,101,111,114,119,124,126,129,131,132,138,142,143,145,146,148,151,169,174,185,186,187,191,196 "6";
7 42 0 0,1,4,8,9,12,14,16,19,24,27,32,36,38,40,46,51,54,57,58,59,60,62,67,68,70,73,77,79,80,83,84,86,87,90,94,100,105,109,111,112,113,115,120,121,123,125,127,129,131,135,138,140,142,144,147,149,155,158,162,165,167,170,171,174,175,180,186,188,190,194,197 "7";
8 176 0 0,10,16,22,25,31,33,34,38,41,44,48,52,61,66,67,73,75,76,79,82,84,89,93,96,98,101,103,106,108,111,112,119,121,124,125,127,128,132,136,138,140,146,151,153,154,156,164,169,171,172,174,176,178,182,185,186,189,192,194 "8";
9 143 1 4,12,43,86,113,126,197 "9";
10 58 0 0,1,3,8,10,12,13,16,20,22,24,26,29,30,32,34,38,40,43,44,47,49,58,60,61,63,66,73,83,86,89,91,100,101,104,108,111,113,125,126,127,140,142,143,146,148,149,152,157,163,164,169,172,174,179,180,183,184,186,193,194,196 "10";
11 132 0 1,2,3,7,9,10,13,18,20,21,22,24,29,31,34,40,41,46,47,50,55,63,66,68,71,73,75,79,84,85,86,89,90,92,94,102,105,108,110,113,117,119,122,123,126,127,131,136,138,141,143,147,150,161,164,167,168,170,174,175,177,178,180,181,185,187,189,191,193,197 "11";
12 91 0 0,1,8,9,11,13,14,17,21,23,25,26,29,30,34,36,55,65,66,68,74,76,83,86,87,89,93,100,101,103,105,108,112,113,116,119,127,130,131,132,140,145,147,149,161,163,164,167,170,177,179,190,191,193,194 "12";
13 167 0 2,11,13,15,17,23,28,31,34,37,39,42,48,50,51,56,59,64,70,72,75,79,81,84,95,96,100,103,106,114,117,119,122,125,127,128,134,136,138,149,152,154,155,163,164,166,174,181,184,186,192 "13";
14 118 0 1,2,4,13,14,15,17,19,22,24,26,27,31,33,36,39,44,46,47,50,54,56,57,61,67,68,71,72,78,80,84,93,99,102,110,111,113,118,123,128,130,134,138,139,141,145,146,149,152,156,159,164,166,168,169,173,174,176,178,179,181,182,184,189,192,194,196 "14";
15 17 0 102,137,138 "15";
16 183 1 1,2,14,16,22,25,38,46,58,74,76,81,96,103,146,185 "16";
17 82 0 0,3,7,9,13,15,16,17,19,22,23,26,28,29,31,33,36,37,39,44,45,47,49,50,54,55,57,60,61,62,66,67,69,73,74,77,78,79,80,82,86,90,93,94,97,100,101,102,104,106,108,109,112,113,117,120,121,123,124,126,127,128,130,136,139,140,143,148,150,151,152,155,156,161,163,165,167,169,170,175,176,179,182,184,188,192,194,195,197 "17";
18 163 1 1,3,7,9,13,16,19,22,24,26,28,33,35,38,41,48,49,50,52,53,55,57,58,61,63,66,69,70,73,78,80,84,86,87,89,90,91,94,96,107,109,111,114,116,118,119,121,124,126,127,129,132,135,137,138,143,145,148,153,154,160,169,171,176,179,183,184,187,193,194,195 "18";
19 121 0 2,9,12,17,19,22,27,32,34,40,41,51,56,59,75,79,85,92,94,100,111,115,120,123,126,131,134,156,161,167,171,180 "19";
20 71 0 0,1,6,7,10,13,20,26,27,31,35,39,42,45,48,52,54,56,61,63,66,67,71,73,75,79,81,85,87,88,91,93,97,98,100,101,102,104,105,107,108,113,115,117,120,124,125,127,130,131,133,136,139,143,146,148,150,152,153,155,156,158,160,162,164,167,170,172,173,174,177,179,184,187,189,191,193,194 "20";
21 135 1 7,15,40,41,48,54,56,61,81,113,120,122 "21";
22 49 0 7,9,27,32,36,47,51,57,62,70,98,116,117,123,133,137,147,155,158,176,178,197 "22";
23 191 0 21,29,31,33,37,42,60,74,86,92,95,98,106,110,117,127,142,144,154,158,160,162,172,176,181,182,184 "23";
24 170 0 15,17,20,39,50,75,79,81,95,111,120,121,139,151,180,190 "24";
25 169 0 3,5,6,8,10,11,17,18,20,22,36,39,40,42,45,48,49,52,53,55,57,59,60,62,63,65,66,72,73,77,81,83,85,86,89,90,97,98,102,103,105,106,108,110,111,112,121,124,125,128,129,133,138,140,143,145,150,152,154,159,161,162,166,169,170,173,175,176,178,180,182,189,191,192,193,195,196 "25";
26 105 0 1,3,5,7,8,14,23,24,28,30,39,40,43,45,48,51,52,54,58,65,66,69,73,76,77,80,88,90,91,94,95,98,104,105,111,112,116,118,121,128,132,134,136,140,145,146,148,153,156,159,161,163,164,166,170,172,174,181,186,189,195,196 "26";
27 166 1 12,14,20,38,46,48,57,71,74,77,96,100,115,117,133,137,138,141,148,150,154,155,164,174,176,182,189,190,195 "27";
28 25 0 2,4,5,8,9,10,12,15,16,20,24,25,28,29,32,37,38,42,43,51,53,55,57,58,61,62,64,66,67,69,71,72,73,74,77,78,80,82,83,84,86,99,104,109,115,117,119,121,124,128,133,135,138,139,140,142,145,150,151,152,159,166,167,172,180,181,182,185,187,189,190,195,197 "28";
29 69 0 0,2,68,121,170 "29";
30 73 0 0,3,8,10,11,14,16,18,20,23,25,27,30,31,34,35,39,41,43,45,47,48,49,50,51,53,60,64,67,68,69,71,75,77,80,84,86,89,90,92,93,95,96,99,104,105,108,111,113,115,120,122,125,127,131,132,133,135,136,138,143,144,146,150,151,152,156,158,160,162,165,166,168,170,172,174,175,179,181,183,184,186,188,191,195 "30";
31 80 0 6,8,23,24,39,43,45,59,67,69,104,113,114,118,123,131,135,142,159,171,181,190 "31";
32 98 1 76,172,174,180 "32";
33 96 0 4,5,6,14,17,19,23,25,31,33,34,39,44,46,50,52,55,61,63,71,73,75,79,80,87,88,92,93,97,101,104,106,111,113,114,116,117,120,122,127,130,137,139,141,142,144,146,152,155,159,161,165,167,168,169,171,172,176,180,190,194,197 "33";
34 1 1 18,19,23,29,32,34,36,38,46,49,52,54,56,57,60,63,65,69,71,78,85,88,96,97,101,106,111,118,127,132,141,146,150,154,155,158,162,166,171,181,182,194 "34";
35 142 0 0,2,4,7,10,17,18,20,23,25,26,28,30,35,36,39,41,42,45,47,48,52,54,57,59,63,64,66,67,71,72,76,77,87,89,92,94,100,104,110,111,116,118,121,125,130,137,139,141,146,152,153,155,158,159,160,162,164,167,169,173,175,184,187,189,191,197 "35";
36 24 1 2,6,12,13,16,17,19,25,27,29,32,34,38,41,43,45,47,55,57,58,60,62,64,66,69,72,73,74,77,79,80,82,84,85,87,88,90,91,95,96,98,100,102,104,107,108,109,115,117,119,120,121,123,124,126,127,129,131,133,138,139,141,143,147,149,153,160,161,166,168,170,172,173,175,177,181,183,188,190,192,196,197 "36";
37 33 1 8,12,37,42,48,65,94,124,127,169,185,190,194 "37";
38 125 1 2,4,5,7,8,12,19,22,23,25,26,28,32,40,43,44,46,48,50,53,58,61,63,65,66,69,70,73,74,78,81,82,85,89,91,94,96,98,101,103,104,106,109,111,113,114,118,123,131,132,133,135,136,138,139,141,142,144,146,148,152,155,157,159,161,162,163,166,171,172,174,177,178,179,182,185,186,187,191,192,194,196 "38";
39 197 1 5,6,8,20,24,26,28,30,37,38,46,48,51,53,60,81,87,89,101,105,110,112,116,119,121,126,130,132,134,145,148,151,162,168,173,177,180,183,184,192,193,195 "39";
40 181 1 0,1,3,6,8,10,12,15,17,24,26,27,30,33,35,39,43,44,47,52,55,59,61,62,63,65,67,69,70,72,74,75,79,82,92,93,94,96,98,100,102,103,105,108,111,113,114,115,117,118,120,122,125,126,128,130,132,133,138,141,144,149,153,155,156,157,159,160,161,163,164,166,169,170,173,175,179,184,193,195 "40";
41 144 0 0,5,6,9,11,12,14,16,17,19,20,24,26,29,31,34,36,39,40,42,46,49,51,53,54,57,60,67,68,71,72,73,75,79,80,81,84,86,90,91,96,98,99,100,103,104,106,112,113,114,117,119,124,125,128,129,131,134,135,137,139,140,141,142,144,145,146,148,152,157,159,162,167,169,174,176,177,179,182,186,191,193,194,197 "41";
42 132 0 3,5,7,16,26,36,46,51,52,62,69,74,78,80,84,91,95,108,109,111,113,118,128,136,139,143,148,152,160,162,163,165,181,184,190,196 "42";
43 153 1 1,4,7,11,13,14,19,21,26,29,30,35,38,39,42,45,46,48,49,50,52,54,57,61,63,64,72,74,76,78,79,80,82,86,88,90,92,96,97,98,100,103,104,106,108,112,118,121,125,126,129,130,131,133,134,136,137,138,141,142,144,146,147,148,150,153,154,157,159,160,162,163,165,169,173,175,176,177,178,180,181,185,187,189,191,196 "43";
44 112 0 2,18,27,38,45,56,69,70,76,90,98,100,135,140,156,172 "44";
45 185 0 4,9,10,12,19,23,28,33,36,45,47,68,72,79,87,89,92,111,113,130,132,136,143,154,179,181,190 "45";
46 168 0 1,2,3,6,7,10,12,15,16,19,20,22,23,26,29,31,33,41,43,46,47,48,54,56,57,59,60,62,63,65,67,71,73,78,81,83,85,88,91,93,97,100,102,103,105,107,110,112,113,115,116,121,122,124,129,131,136,137,138,139,143,144,146,148,149,151,154,157,159,160,163,164,165,170,172,173,174,181,184,186,190,193,195,196,197 "46";
47 50 1 5,8,12,13,15,21,24,26,27,29,31,35,37,41,46,48,49,50,64,67,73,75,78,93,102,104,111,113,124,126,127,135,136,149,151,156,157,161,165,167,169,171,178,183,187,190,193 "47";
48 78 1 2,3,4,6,7,8,10,12,15,17,22,23,24,25,28,29,32,34,38,42,46,49,53,54,57,59,62,64,66,67,71,74,75,82,86,87,89,92,93,96,100,101,105,109,112,114,115,119,120,123,124,135,137,138,141,145,149,151,152,154,155,160,164,167,170,171,174,179,181,184,191,192,194,197 "48";
49 159 0 13,24,28,31,45,56,83,87,136,161,162,164,171,192,194 "49";
50 83 0 0,1,5,6,7,8,10,12,15,19,20,23,25,27,28,29,31,32,39,41,44,46,49,50,52,53,56,58,59,61,63,65,66,68,70,72,73,75,80,82,85,88,90,93,94,98,102,103,106,108,109,111,113,116,120,121,123,125,127,128,131,134,136,138,140,141,144,145,149,150,153,155,156,159,161,163,165,167,168,170,171,172,174,177,179,181,184,190,192,195,197 "50";
51 197 0 0,1,10,12,17,20,23,24,27,29,32,35,40,43,47,50,57,61,64,67,71,73,82,96,97,99,100,104,107,108,109,112,114,115,118,124,127,130,135,138,143,148,162,167,173,175,178,179,180,182,186,188 "51";
52 95 1 4,5,8,11,17,20,22,25,26,31,34,35,39,48,51,57,60,64,68,74,81,85,86,89,90,93,100,102,112,119,122,126,137,139,140,145,151,154,156,157,159,161,165,166,170,172,179,184,190,192,193,195,196 "52";
53 129 0 3,4,8,9,11,12,16,19,20,24,25,28,30,32,33,35,37,39,41,42,43,45,47,49,52,54,59,61,64,66,72,75,77,85,90,92,97,99,101,103,106,110,111,113,119,120,122,123,126,128,131,132,133,136,140,141,144,145,146,150,152,154,157,163,165,166,169,172,174,178,180,182,185,189,191,193,197 "53";
54 167 0 5,17,21,24,48,51,52,55,60,86,102,124,125,130,135,136,138,141,152,157,166,173,196 "54";
55 114 1 1,4,5,7,10,12,15,16,18,20,27,30,33,35,38,40,41,45,46,51,54,56,59,64,67,69,71,74,75,78,80,82,84,90,92,94,96,98,102,105,107,110,112,114,119,124,127,128,130,132,133,137,145,149,151,154,157,158,160,161,166,171,174,177,179,183,186,187,189,191,196 "55";
56 91 0 3,9,22,36,40,42,45,47,49,57,68,70,72,75,80,81,90,96,97,110,112,113,114,117,120,125,130,137,141,151,152,154,155,160,161,164,168,170,175,178,181,182,187,194,195,196 "56";
57 179 1 0,2,3,4,7,9,13,15,20,23,26,28,30,32,36,41,43,46,56,58,70,72,73,75,77,79,81,87,92,95,97,98,101,104,107,110,113,115,117,120,129,130,133,134,136,138,139,142,143,145,147,148,151,153,154,158,159,160,163,165,166,168,169,173,177,180,183,185,187,190 "57";
58 55 0 3,7,10,13,14,17,19,23,26,31,34,46,54,56,57,58,60,61,62,64,65,68,70,78,80,83,85,86,88,89,94,98,99,102,108,110,113,116,117,121,123,125,126,128,130,131,134,137,140,142,144,147,159,160,162,163,169,176,178,180,184,187,195 "58";
59 52 1 3,13,20,24,34,37,39,42,49,54,69,75,81,84,91,101,103,105,108,110,113,115,123,125,126,130,133,138,139,141,148,151,156,158,163,166,169,178,180,182,190,191,195 "59";
60 48 1 5,9,13,24,30,42,53,56,69,74,80,86,92,95,96,108,111,114,125,135,161,175,178,187,188,194,196 "60";
61 82 1 0,2,4,8,9,10,15,16,19,21,23,27,28,31,33,35,36,37,40,44,46,50,52,53,56,62,64,69,70,72,76,77,79,82,83,87,92,94,96,97,98,101,102,103,112,114,115,116,120,122,124,126,127,129,131,132,141,144,146,150,153,157,162,163,168,170,171,176,178,181,185,186,191,193,195 "61";
62 79 1 0,2,4,5,17,28,34,44,49,54,55,65,70,86,93,96,99,102,106,117,141,142,145,147,149,154,159,168,176,181,185,188,195 "62";
63 54 0 35,100,109,123,137,162,166,194 "63";
64 152 0 6,7,21,23,27,29,34,42,46,48,53,55,57,66,69,71,72,77,80,84,86,88,95,96,99,101,104,108,109,115,119,126,130,133,134,139,144,145,152,158,161,163,168,169,171,173,187,188,192,194,197 "64";
65 153 1 0,4,5,6,8,11,12,15,17,20,22,24,26,32,34,37,38,42,44,45,46,48,50,51,53,59,61,64,66,67,72,74,79,81,83,87,90,91,93,95,96,98,99,101,106,108,110,111,113,116,120,124,126,127,131,132,134,137,140,143,145,146,148,150,155,157,160,162,165,167,169,172,174,178,180,182,185,190,191,192,196,197 "65";
66 57 1 3,4,5,7,12,14,19,21,23,25,28,30,32,34,36,38,41,48,51,55,59,62,65,66,69,71,72,74,76,79,83,85,89,90,91,93,94,96,98,99,102,103,105,107,110,115,119,121,122,124,125,134,136,138,140,141,143,146,150,151,155,156,160,162,164,165,167,168,170,175,176,178,180,183,192,194,195,197 "66";
67 181 0 1,4,8,10,11,14,15,17,26,27,30,32,35,38,40,44,52,54,55,57,61,65,67,71,78,81,84,85,86,87,88,92,94,101,103,107,112,118,120,122,128,132,135,137,142,144,148,157,159,167,169,174,179,184,186,188,191,192,195 "67";
68 89 0 2,4,5,6,8,10,12,15,18,24,26,36,41,42,44,45,47,48,50,52,58,59,62,63,67,69,74,76,77,78,80,82,84,85,88,90,94,95,97,100,102,103,105,106,108,109,110,113,116,118,119,121,124,127,129,134,135,137,143,144,148,149,152,156,157,159,161,163,164,166,167,168,170,172,180,181,182,185,186,189,194,195,197 "68";
69 191 0 1,24,56,88,109,159 "69";
70 125 0 2,3,5,6,8,9,12,13,15,16,20,22,26,28,29,32,34,35,36,38,41,42,44,46,47,49,50,52,53,54,56,57,59,62,63,65,67,69,71,72,74,78,81,82,83,85,87,89,91,92,93,96,97,99,100,104,105,106,109,111,116,118,121,122,124,125,126,127,129,132,134,137,140,141,142,143,145,146,148,149,151,153,155,157,158,159,165,167,170,175,178,186,188,190,192,196 "70";
71 70 0 32,40,70,84,111,164 "71";
72 185 0 62,165 "72";
73 139 1 1,3,7,12,14,18,20,24,26,28,33,35,36,37,39,42,44,49,51,53,54,55,57,61,68,70,73,77,81,83,86,94,98,100,102,104,108,110,113,115,116,122,125,128,129,133,136,137,138,140,146,150,154,155,156,159,160,164,166,169,170,172,174,179,183,185,186,188,191,193,196,197 "73";
74 41 0 1,3,10,13,14,19,20,24,29,31,32,36,38,39,41,42,44,46,49,51,52,60,62,63,65,67,70,73,74,75,80,84,90,93,97,103,104,105,106,109,112,113,115,118,119,121,123,129,131,133,134,136,138,142,144,146,151,152,154,157,160,162,165,167,173,174,177,178,180,181,183,184,186,188,190,192,193,197 "74";
75 33 1 3,74,81,96,99,101,131,141,156,185,188 "75";
76 155 0 6,11,13,18,29,30,32,34,42,44,46,48,50,51,53,55,56,60,62,68,71,73,74,76,79,83,87,94,95,100,103,104,106,110,111,112,114,116,119,120,122,123,125,127,129,131,134,138,142,145,148,152,155,158,160,161,165,167,169,172,175,181,182,185,187,188,189,193,195,196 "76";
77 81 0 2,10,19,27,30,33,43,44,50,54,63,64,66,76,88,89,91,94,109,110,111,117,124,130,134,136,139,155,159,161,171,173,182,185,190,191,193,197 "77";
78 42 0 0,3,5,11,13,17,19,20,22,23,24,29,37,39,51,54,58,60,74,78,81,85,86,91,93,96,98,100,103,105,108,114,115,117,118,119,123,129,132,134,140,143,145,149,151,153,155,157,167,171,173,178,182,183,185,189,192 "78";
79 101 1 0,3,6,9,12,14,15,16,18,20,21,22,28,29,31,35,36,38,39,41,43,46,47,48,50,51,53,55,57,58,62,65,69,72,75,77,78,84,87,91,94,95,98,99,101,103,106,111,113,116,118,120,122,125,128,129,130,134,135,138,139,141,142,143,145,147,148,152,154,157,159,160,163,164,167,168,172,175,176,178,179,182,183,184,186,188,191,194 "79";
80 181 0 0,2,3,6,8,10,12,13,19,20,22,23,28,31,34,35,38,41,44,46,48,50,52,54,55,57,58,60,65,67,68,69,71,72,75,76,79,82,83,86,87,88,92,94,95,99,107,108,111,114,116,118,122,123,126,127,135,136,138,141,143,145,146,149,152,154,158,160,162,164,165,168,169,171,172,174,176,179,181,186,187,188,192,195,196 "80";
81 177 0 4,12,18,37,48,74,77,85,93,119,134,141,153,173,174,189 "81";
82 130 0 0,3,12,15,17,27,34,38,43,49,52,58,62,71,72,74,83,84,86,95,103,105,117,131,132,137,139,141,143,146,151,158,167,171,177,181,184,193,196 "82";
83 194 1 1,3,7,9,10,12,17,19,20,24,30,31,33,34,36,37,44,46,49,53,54,57,59,61,63,65,67,70,72,76,79,80,84,88,90,94,98,100,106,108,116,119,123,130,133,134,135,138,139,141,146,147,149,150,154,155,157,158,164,167,171,174,180,182,183,190,191,196,197 "83";
84 134 1 18,44,49,151 "84";
85 13 1 37,57,69,97,100,108,110,115,172 "85";
86 84 0 0,2,5,8,20,26,29,31,52,65,67,73,75,78,80,83,87,89,100,107,110,113,123,125,131,132,134,138,140,144,146,148,149,151,159,163,165,174,178,184,189,192,195 "86";
87 112 1 0,3,7,16,24,27,31,34,36,40,44,46,50,53,56,59,62,65,67,71,74,79,81,83,84,91,92,94,96,102,105,106,116,117,127,130,133,135,139,144,146,153,158,161,168,171,172,176,182,190,193,195,196 "87";
88 68 1 1,4,7,9,11,14,15,16,18,21,25,26,28,29,31,32,38,39,41,44,48,50,53,54,55,56,65,69,70,72,74,75,77,79,81,82,86,87,90,91,95,96,101,103,105,107,109,110,112,117,119,121,123,125,128,132,133,135,137,139,141,142,143,145,150,151,154,155,157,158,162,164,166,169,172,173,175,178,179,180,190,191,193,197 "88";
89 13 1 6,7,21,24,27,29,31,34,36,37,46,49,55,57,63,65,73,75,83,87,96,99,102,106,112,114,116,118,125,130,132,133,141,143,145,149,153,154,156,159,160,164,166,171,172,176,179,182,186,189,192 "89";
90 45 0 7,30,32,35,43,62,69,71,91,99,104,109,113,116,124,163,175,197 "90";
91 18 0 11,18,23,26,30,42,45,46,55,63,66,68,86,88,97,111,114,119,127,133,135,152,162,168,175,181,185,186 "91";
92 85 1 1,3,5,9,13,15,20,22,29,31,34,36,40,41,42,44,48,55,56,58,60,62,71,73,75,80,82,85,86,94,98,100,101,103,119,133,138,139,143,149,151,152,153,156,158,160,162,164,166,168,170,173,174,177,181,183,185,189,194,196,197 "92";
93 32 1 7,10,11,13,15,17,19,26,29,31,33,40,47,48,54,62,63,65,69,71,74,75,79,81,84,87,88,92,99,100,102,104,106,107,109,110,121,123,130,134,138,140,143,145,146,148,149,151,154,164,165,171,173,178,180,184,191,196 "93";
94 161 0 6,8,10,12,13,14,22,31,32,39,41,45,52,55,58,60,63,65,68,71,72,77,79,84,86,97,98,100,102,106,109,110,113,123,124,126,129,131,135,140,145,151,152,155,165,167,171,174,178,191,194,197 "94";
95 75 1 0,2,5,8,10,12,13,18,21,23,25,27,28,29,31,34,35,36,38,40,42,43,45,46,48,50,52,54,56,57,58,59,61,63,66,67,68,69,72,74,77,78,80,83,85,86,89,91,93,96,99,101,102,104,106,108,109,110,112,114,115,117,119,121,123,128,129,130,131,134,140,141,142,144,148,150,152,154,156,161,162,164,166,168,169,171,172,179,181,182,183,184,188,189,192,193,194,196 "95";
96 159 0 0,3,8,11,14,18,27,33,38,51,54,63,70,77,78,81,89,109,115,122,123,127,133,138,145,147,163,165,172,179,184,186,193,195,197 "96";
97 40 1 0,2,15,23,24,37,41,43,58,65,66,73,80,85,86,89,91,92,98,99,102,114,118,127,128,138,140,148,151,157,158,161,176,184,189,195 "97";
98 38 1 1,4,6,7,9,12,17,20,22,23,25,27,32,34,38,43,45,47,49,50,52,53,55,57,60,68,71,73,78,79,82,85,93,95,98,102,107,110,113,114,117,120,121,127,129,131,132,134,137,138,140,142,144,148,149,151,155,157,158,163,164,167,170,173,176,181,182,185,186,188,189,193,194 "98";
99 132 0 28,39,43,51,65,85,86,96,101,115,124,135,139,149,163,174,178,180,193 "99";
100 145 0 6,9,33,52,59,62,66,76,79,86,120,128,133,141,144,160,173,178,184,186,188,194 "100";
101 26 0 6,10,13,14,23,27,30,35,39,41,53,57,61,72,74,75,80,82,83,85,87,98,100,102,107,111,113,116,118,119,121,125,128,130,132,139,142,149,151,154,156,160,162,166,167,170,177,182,184,189,192,195 "101";
102 111 0 114,139 "102";
103 14 0 24,27,32,33,36,44,59,63,66,72,77,96,98,101,112,118,120,126,133,135,136,141,143,155,160,166,169,185 "103";
104 137 0 1,9,14,17,19,24,26,30,32,36,45,49,59,65,67,71,75,79,84,86,94,102,103,106,107,109,111,113,116,121,123,125,129,136,139,145,150,152,158,167,169,172,174,178,191,194 "104";
105 66 1 0,4,5,6,9,11,12,14,17,18,23,28,29,32,37,39,42,43,47,49,50,52,53,58,59,62,64,65,69,71,72,73,74,76,79,80,82,85,87,89,92,94,95,96,97,100,101,103,105,107,115,118,120,121,122,129,131,133,134,135,137,139,140,143,149,150,151,154,156,160,163,164,166,167,168,171,174,175,179,182,183,186,188,190,191,193,195,197 "105";
106 104 0 1,3,5,7,10,11,12,14,15,16,18,19,20,23,24,25,27,28,29,30,33,35,36,37,39,40,41,43,44,46,48,50,52,55,57,62,63,65,69,71,73,74,78,80,85,87,88,91,94,95,96,98,100,101,103,107,109,111,115,119,121,122,126,128,129,131,135,139,140,141,143,144,146,148,151,153,156,158,163,166,167,169,172,173,178,179,180,185,188,192,194,197 "106";
107 20 1 11,22,32,52,62,65,67,87,96,105,117,144,152,159,163,175,184,191 "107";
108 21 1 5,13,25,27,31,32,41,46,51,57,75,77,78,81,84,86,91,103,104,106,110,112,114,118,128,135,137,138,143,149,151,155,160,164,169,171,172,176,192,194 "108";
109 116 1 65,98,118,131,149,194 "109";
110 181 0 7,17,28,30,36,41,45,49,57,59,63,65,86,92,94,100,104,108,118,125,134,138,147,151,157,159,162,174,175,179,187,188,189,195 "110";
111 92 1 25,67,83,95,115,134,146,152,177,195 "111";
112 46 0 1,4,7,11,12,13,15,18,21,26,29,31,32,34,35,37,39,43,45,46,49,50,51,55,56,58,61,64,68,70,72,73,75,76,78,79,80,81,83,84,87,89,91,92,93,95,98,100,102,104,105,106,108,109,112,113,115,117,118,121,123,125,127,129,131,136,138,139,141,142,144,145,149,151,155,157,158,159,161,163,165,166,168,170,171,172,174,175,182,183,185,190,194,196 "112";
113 186 1 14,49,89,141,163,190 "113";
114 188 0 0,2,6,9,15,18,19,34,36,38,44,46,50,51,56,57,59,64,67,69,75,77,79,83,84,85,87,90,93,94,96,97,98,101,103,105,108,112,115,117,121,124,128,129,133,136,137,140,141,145,151,155,159,161,162,167,169,170,174,176,179,186,187,189,190,192,196 "114";
115 20 0 0,6,8,10,13,20,22,29,33,39,49,55,59,66,69,71,74,91,96,98,102,103,105,109,111,114,127,130,134,139,142,146,150,152,156,165,167,172,177,182,185,188,191,197 "115";
116 61 0 1,6,8,11,13,17,18,22,25,28,29,35,36,40,42,44,45,49,52,54,57,59,61,64,65,66,68,70,71,75,77,78,80,83,87,89,91,93,96,97,110,113,114,116,118,126,127,129,138,140,142,144,148,150,154,157,164,166,168,171,173,175,176,177,179,180,182,190,192,194 "116";
117 184 1 5,8,12,14,21,28,39,40,47,56,63,68,73,80,81,91,104,110,115,140,154,157,161,166,168,170,187,192,193 "117";
118 179 1 19,34,49,63,82,94,125,143,159,167,173,175,191,195 "118";
119 188 0 2,3,6,15,17,18,20,25,26,29,30,34,37,39,40,43,44,47,49,50,53,58,59,63,64,68,71,73,75,76,77,81,83,85,91,93,95,97,99,101,103,104,106,109,110,111,113,114,116,118,119,121,123,125,129,132,134,137,141,142,143,144,148,149,150,152,154,156,157,159,160,163,164,167,169,170,171,173,176,179,182,186,188,191,193,195 "119";
120 184 1 0,3,5,9,15,17,23,24,26,27,32,35,41,43,45,50,55,58,64,67,71,72,76,78,81,84,85,86,88,93,99,104,105,108,111,112,114,119,121,125,127,130,132,134,136,137,139,147,150,153,155,157,160,163,172,176,180,182,184,186,189,191,194,197 "120";
121 111 0 0,9,10,12,14,18,23,27,44,52,72,74,78,81,88,95,113,117,123,138,141,148,150,157,159,163,170,184,186 "121";
122 187 1 54,135,138 "122";
123 184 0 1,4,6,7,11,13,15,16,20,21,22,25,26,28,32,33,34,36,38,43,46,48,50,51,53,54,56,57,60,62,63,66,67,70,73,74,77,78,80,81,83,84,86,87,91,95,97,101,103,104,106,107,110,111,112,114,116,117,120,121,123,124,126,128,132,135,136,137,139,141,143,145,148,153,155,156,158,160,163,167,171,174,175,177,182,185,189,190,192,196 "123";
124 197 0 4,16,18,24,29,34,35,40,42,43,48,54,56,62,66,67,74,82,84,98,104,107,125,127,131,134,135,141,147,153,159,168,170,177,181,188,193,197 "124";
125 92 1 10,14,29,42,64,67,70,103,129,138,161,185,193 "125";
126 66 1 1,11,15,34,43,50,85,93,96,114,118,167,168,184 "126";
127 158 0 1,7,12,14,20,25,27,40,45,51,54,55,83,92,96,113,114,115,120,126,133,143,151,154,156,160,163,164,165,178,181,192,196 "127";
128 146 1 4,8,9,14,16,18,20,22,24,30,41,46,49,50,68,71,74,78,79,80,82,102,111,117,119,121,124,131,136,141,146,149,152,156,157,159,162,164,172,173,177,178,179,187,190,191,195 "128";
129 94 1 1,4,5,7,10,17,23,25,27,28,33,34,37,38,39,40,42,44,46,51,54,58,59,61,66,69,70,71,73,75,78,80,82,83,85,86,88,90,96,98,100,102,103,105,107,109,110,111,116,119,121,123,127,129,133,134,135,138,141,144,145,147,148,154,156,159,162,163,167,169,171,175,176,182,186,188,190,191,195,197 "129";
130 10 1 3,6,14,16,21,23,25,26,29,40,47,50,51,54,59,60,74,84,87,90,93,95,98,103,105,108,112,120,124,148,150,156,157,158,160,166,172,176,178,181,186,190 "130";
131 1 1 1,3,6,7,10,12,13,18,23,26,29,30,31,34,35,38,39,41,45,46,47,49,50,52,54,55,56,60,62,63,65,66,67,70,75,76,77,79,80,82,84,85,86,87,90,92,93,95,97,99,105,107,109,111,112,117,120,121,122,124,126,128,130,131,132,136,137,141,143,145,146,148,150,152,154,155,156,159,161,162,163,166,167,171,172,176,177,179,180,182,184,186,187,191,194,196,197 "131";
132 34 0 0,2,4,6,10,15,16,17,20,21,23,25,27,29,30,32,34,35,37,42,46,49,50,52,53,58,60,62,64,67,68,72,73,76,79,80,82,87,89,90,93,96,97,99,101,102,104,105,106,108,109,111,113,115,116,117,119,120,122,124,127,129,137,140,143,145,149,150,151,154,156,158,159,160,161,163,165,174,176,179,180,181,182,184,186,187,189,191,193,194,195 "132";
133 5 1 0,2,3,4,5,10,12,13,15,19,21,23,27,28,32,34,36,37,38,40,43,46,47,49,51,54,57,58,59,62,64,69,71,72,74,75,78,80,81,83,88,90,93,95,97,99,100,105,106,107,109,110,112,114,116,118,121,123,125,126,128,129,131,132,134,137,141,145,147,150,158,159,161,162,163,168,169,171,176,178,180,183,184,185,187,188,189,190,193,194,196 "133";
134 47 0 0,4,9,13,16,17,18,20,23,25,26,29,31,32,34,35,38,40,41,43,44,46,47,53,56,57,59,60,65,67,68,71,74,79,80,85,90,93,95,97,100,102,107,109,111,113,114,115,118,120,121,123,126,128,130,133,135,139,140,143,151,152,153,156,158,159,161,162,167,169,173,175,176,179,181,182,186,189,190,192,195 "134";
135 62 0 4,19,34,38,46,51,54,65,66,70,105,122,130,138,149,182 "135";
136 109 0 3,9,11,26,31,33,40,43,51,54,55,60,62,68,71,76,81,85,92,107,108,115,117,124,128,132,134,137,140,142,151,155,158,164,173,184,187 "136";
137 70 0 52,85,98,105,145,160,180,184,186 "137";
138 73 1 5,7,10,14,15,16,18,21,22,23,24,30,32,34,40,41,45,47,49,52,53,56,58,59,60,63,66,68,71,74,75,79,81,82,85,86,88,89,91,96,103,105,107,108,113,117,118,120,122,123,125,127,129,131,133,136,138,139,141,146,149,154,155,156,159,165,168,172,173,176,177,183,184,186,190,194,196 "138";
139 5 1 0,2,4,6,8,13,16,21,27,29,31,38,40,42,44,45,52,54,58,64,66,67,69,70,72,79,81,87,89,91,97,101,103,105,106,107,110,111,113,117,123,131,132,134,136,138,142,147,148,151,153,156,160,161,163,170,172,176,178,180,183,184,186,191,194,195 "139";
140 52 1 7,20,43,67,73,76,102,140,143 "140";
141 142 0 2,4,15,18,39,47,54,55,58,68,70,78,87,92,94,97,101,106,115,118,124,136,169,176,187,188,190,196,197 "141";
142 138 1 0,10,12,16,19,23,25,27,29,31,34,37,38,40,47,54,56,57,66,67,69,73,74,78,92,106,111,125,130,135,137,140,143,144,148,151,155,165,169,172,174,177,178,190,197 "142";
143 46 1 0,11,15,17,21,26,41,44,53,55,61,65,81,84,89,94,102,107,108,114,127,134,144,146,147,158,164,166,176 "143";
144 98 1 44,56,57,73,87,106,165 "144";
145 144 1 2,5,12,16,18,24,26,28,30,38,43,47,55,60,62,64,68,74,80,82,86,90,99,102,110,112,128,135,140,161,167,183,191 "145";
146 82 1 1,3,6,7,13,16,20,22,23,25,26,28,32,35,37,39,41,42,44,47,48,55,56,60,63,64,66,67,69,70,73,74,76,77,80,82,85,93,96,100,102,103,105,106,108,112,113,116,117,120,122,125,127,128,130,131,132,134,139,142,145,147,148,150,153,154,158,160,161,163,164,167,169,170,173,175,177,181,183,185,186,188,190,191,196,197 "146";
147 93 1 2,6,8,13,19,24,30,32,33,35,37,38,40,43,45,46,47,49,50,51,53,55,57,58,59,61,64,65,67,72,75,79,81,88,89,92,95,97,101,102,106,109,110,113,120,122,125,127,130,134,136,138,139,140,145,146,149,153,155,161,164,165,167,169,173,175,177,178,181,183,185,188,189,191,197 "147";
148 19 0 7,13,16,20,31,68,76,95,98,125,127,131,138,143,146,156,162,187,189 "148";
149 136 1 30,51,58,94,107,131,140,149,182,183,184,196 "149";
150 53 1 2,4,6,11,12,15,20,21,22,25,27,32,34,36,38,39,41,42,44,46,50,52,55,56,58,59,66,68,69,71,73,74,75,77,79,81,84,85,87,88,92,94,95,97,98,100,101,103,108,109,110,112,113,114,117,118,120,121,124,127,129,130,132,134,139,140,142,143,146,148,154,160,166,169,172,174,176,179,183,188,191,193,195,197 "150";
151 154 1 0,2,3,5,7,10,12,13,16,18,19,21,24,25,27,29,31,33,34,37,39,42,44,46,48,50,52,53,54,57,60,62,65,67,69,71,72,73,74,77,80,81,82,85,86,88,90,91,92,94,96,98,105,107,108,110,111,112,116,117,119,121,125,126,129,130,133,137,139,142,143,145,146,147,149,152,154,157,163,165,169,172,176,180,181,184,186,187,188,190,192,193,194,195,197 "151";
152 67 0 0,2,4,8,12,14,18,24,29,42,45,47,49,50,52,53,57,60,66,69,74,77,78,82,85,90,95,97,98,103,106,115,118,128,130,131,140,143,149,158,167,171,175,176,179,183,187,191,195 "152";
153 165 1 21,25,34,37,43,50,58,65,66,70,83,88,109,110,136,138,153,163,175,177,188,194,196 "153";
154 125 0 2,5,18,21,29,33,35,46,49,63,81,84,85,87,92,99,104,109,111,118,119,137,156,164,168,180,181,187,189,194 "154";
155 99 1 0,1,4,6,10,11,14,21,23,25,28,30,33,35,37,41,44,45,47,48,49,51,52,53,56,57,59,61,64,65,66,68,71,73,75,76,79,80,84,86,88,89,91,93,94,96,97,98,100,102,104,106,108,110,112,115,116,119,121,124,125,127,128,130,132,134,135,138,140,142,143,145,146,148,149,152,153,156,157,158,160,163,164,166,168,171,173,175,179,181,182,188,192,194,197 "155";
156 97 1 10,15,18,44,50,77,79,87,88,94,103,105,112,123,127,130,144,157,161,165,168,185,190,195,197 "156";
157 16 0 65,191,195 "157";
158 79 0 1,7,8,11,12,14,16,18,20,22,23,25,28,29,30,35,36,38,40,45,46,49,55,58,60,61,62,64,66,69,71,72,74,75,78,79,80,82,83,84,87,91,92,94,97,99,101,103,104,106,107,108,109,110,111,113,115,116,121,123,126,128,130,133,136,137,139,141,142,147,149,151,155,158,159,162,163,166,168,169,172,173,174,177,178,179,180,182,185,187,191,193,195 "158";
159 71 0 1,6,15,21,23,30,34,39,46,68,77,91,95,103,110,111,125,126,143,150,169,171,175,186 "159";
160 105 1 4,8,21,26,42,49,53,58,60,65,67,73,78,92,95,102,104,106,109,111,113,115,118,124,128,131,135,140,141,145,146,147,156,157,161,165,174,175,176,180,183,189 "160";
161 24 0 5,7,12,16,23,29,38,41,42,46,49,58,62,64,69,76,84,86,90,96,100,101,104,111,120,122,130,134,136,138,143,146,148,169,171,184,186,188,192,197 "161";
162 120 1 4,28,33,48,57,58,60,62,65,76,82,85,87,91,102,107,117,120,130,138,140,144,145,152,155,181,183,185,190 "162";
163 140 0 8,17,27,28,29,36,41,43,54,57,60,62,72,75,78,84,85,97,100,110,118,128,133,135,144,147,151,155,161,164,173,186,189,191,192,197 "163";
164 188 0 6,9,21,33,35,38,43,50,52,90,93,97,99,110,116,118,124,126,128,131,142,146,153,158,168,174,179,181,183,188,195,197 "164";
165 152 0 0,18,19,21,22,23,26,29,34,36,38,55,58,60,63,65,74,75,76,82,84,103,106,109,110,112,122,125,130,132,134,141,145,146,147,150,151,157,164,174,185,187,195,196 "165";
166 101 0 5,36,68,82,85,91,99,102,123,138,149,154,172 "166";
167 163 0 3,5,6,10,12,16,19,26,29,30,32,34,36,38,42,44,46,47,49,50,52,55,56,58,62,63,66,68,70,72,74,76,78,80,82,83,85,91,94,97,98,100,103,107,109,111,114,115,121,124,126,128,129,133,135,138,139,141,142,145,147,148,150,154,156,171,172,175,177,182,183,184,188,192,193,196 "167";
168 56 0 0,3,4,7,9,15,16,18,24,31,35,37,40,44,45,53,56,59,61,63,65,67,69,73,75,77,79,89,93,97,99,100,103,106,111,112,113,119,121,123,127,128,129,134,136,142,144,145,147,150,154,156,158,160,161,163,164,166,168,169,173,175,179,182,183,188,192,196 "168";
169 85 0 0,25,48,77,126,131,133,137,161,177 "169";
170 149 0 0,4,5,12,20,22,25,28,30,32,35,42,53,59,60,62,66,69,74,76,77,78,80,81,83,84,86,93,95,103,107,108,110,111,112,115,120,122,131,133,136,139,140,143,144,146,151,153,158,160,164,168,176,180,181,183,190,195,196 "170";
171 192 1 0,5,6,9,11,13,15,20,23,26,30,32,34,36,38,42,43,45,47,49,50,51,53,55,57,59,61,63,69,71,74,76,77,78,80,82,84,86,87,89,92,94,97,98,99,101,106,108,112,113,116,117,118,120,123,127,130,132,134,135,138,140,144,145,147,154,156,160,161,164,166,168,172,177,179,181,184,186,187,189,191,192,196 "171";
172 194 1 5,11,55,64,68,80,91,105,123,124,128,131,134,153,172,176,180,184 "172";
173 164 0 0,1,5,7,9,11,13,15,20,21,23,25,26,29,32,34,36,42,47,49,51,52,54,58,60,62,63,65,67,69,72,73,76,81,84,86,88,90,92,97,99,103,110,111,116,119,121,122,125,126,129,130,133,138,145,146,151,152,154,155,157,164,166,168,169,172,175,176,178,179,181,184,185,187,192,194,195,197 "173";
174 88 1 8,16,18,22,34,35,37,54,71,87,90,92,94,96,109,110,119,130,138,139,159,165,175,189 "174";
175 133 1 2,4,15,21,33,39,42,45,53,58,60,65,66,70,74,90,101,104,124,131,141,174,175,183,184,187,197 "175";
176 56 0 5,12,23,38,49,54,63,71,73,88,96,97,99,101,106,116,119,121,124,126,134,138,142,143,151,160,161,171,181,186,193 "176";
177 44 0 9,15,22,26,29,36,38,40,42,47,49,52,59,61,63,69,71,73,80,82,84,88,114,132,136,137,147,150,156,160,174,181,187,192,193,196 "177";
178 128 1 1,17,18,22,26,28,32,33,35,40,44,47,49,50,52,54,57,61,64,65,69,73,75,76,82,84,89,91,93,95,100,104,105,106,108,109,111,112,114,117,118,124,130,135,143,144,146,150,154,160,162,167,169,173,175,180,186,188,191,193,195,197 "178";
179 93 0 1,3,12,16,20,22,24,25,33,38,45,47,54,56,62,63,65,77,86,87,95,97,100,112,113,114,118,119,121,125,128,130,132,137,154,156,159,160,162,164,166,170,173,176,177,182,186,190,194,196 "179";
180 92 0 0,2,5,7,10,14,20,22,23,28,30,32,35,44,48,49,52,53,55,56,58,61,62,67,72,74,80,83,85,88,89,91,96,102,104,106,110,112,117,121,123,126,138,142,144,146,148,151,156,158,159,163,165,172,173,176,177,179,182,184,185,187,190,193 "180";
181 39 1 0,2,11,14,15,19,25,29,32,37,40,41,47,53,57,60,66,67,75,77,80,101,106,113,115,116,128,130,143,145,149,150,154,158,168,196 "181";
182 85 0 2,5,12,15,17,23,27,28,32,34,36,40,42,44,46,54,58,64,66,71,73,75,76,85,88,90,97,108,113,124,128,140,143,151,157,160,166,167,168,171,173,176,178,183,184 "182";
183 69 1 1,3,4,5,7,9,12,13,15,16,18,21,25,27,29,30,32,33,35,38,39,43,45,46,47,48,50,52,57,59,61,63,66,67,69,75,76,81,82,83,87,90,92,93,95,97,98,102,104,107,109,110,111,113,115,116,118,120,122,127,128,129,135,137,138,139,141,143,144,147,148,149,155,157,160,161,163,165,167,169,173,175,178,180,181,183,188,190,191,192,193,195,196,197 "183";
184 164 1 1,5,6,11,13,17,18,22,25,27,28,30,34,35,37,39,41,43,44,47,49,50,51,53,54,55,57,58,59,63,65,67,69,71,72,77,78,79,81,82,84,87,89,92,94,97,99,101,102,104,105,107,108,110,115,117,120,121,122,125,129,131,134,140,143,144,146,153,154,157,158,162,163,166,167,169,170,174,175,177,178,181,182,184,186,188,190,192,193,196 "184";
185 192 0 1,3,8,10,11,17,20,21,23,29,35,37,44,48,50,51,53,56,58,59,62,66,69,70,72,75,79,81,84,85,87,89,92,95,100,102,106,111,114,123,127,130,131,132,136,137,145,147,159,161,165,170,173,175,180,184,185,190,192,194,196 "185";
186 153 0 3,5,8,9,10,16,18,22,24,27,30,34,36,38,40,41,44,47,49,50,53,56,58,59,61,63,64,65,69,73,84,88,90,92,94,96,97,100,103,108,115,122,124,128,130,131,136,137,139,140,141,145,150,151,157,159,163,165,168,172,177,178,183,187,191,193 "186";
187 186 0 1,2,5,8,11,13,16,20,23,32,36,39,42,43,48,50,52,54,61,63,66,75,77,79,83,92,93,96,106,108,114,116,119,120,127,134,136,138,146,147,152,156,159,161,162,164,176,180,181,188,190,197 "187";
188 164 0 0,1,3,6,7,8,11,14,15,17,20,21,23,28,29,30,32,34,35,36,38,39,43,49,54,57,60,62,68,72,77,80,82,84,85,87,91,93,97,99,101,104,107,110,111,112,115,117,118,120,125,126,128,131,133,134,136,139,142,143,145,147,149,152,153,156,158,160,162,164,167,169,171,173,175,180,182,183,184,188,189,193,195,196 "188";
189 38 0 2,5,18,25,28,31,35,37,41,49,52,53,56,64,66,67,68,72,75,77,79,83,94,106,107,108,120,122,123,124,129,133,136,138,141,144,145,151,153,162,166,170,173,174,177,181,185,186,190,196 "189";
190 166 1 4,8,11,28,48,57,69,71,105,118,120,127,132,150,151,169,171,174,175 "190";
191 192 0 22,27,31,42,58,97,102,111,120,126,139,154,170 "191";
192 147 0 0,3,6,10,12,13,14,17,20,22,23,25,29,32,34,39,45,47,50,51,58,60,68,73,75,76,80,82,86,91,92,94,99,109,118,121,125,126,135,138,142,149,151,158,170,176,178,179,183,185,187,194,197 "192";
193 93 1 0,1,3,5,8,9,11,16,18,21,23,24,26,28,34,37,38,45,47,49,51,53,60,65,66,70,72,74,76,77,86,88,90,93,95,98,100,101,104,109,116,130,132,137,140,149,153,157,159,161,162,163,165,172,174,178,182,185,191,195,197 "193";
194 138 0 2,6,8,12,14,18,27,33,50,53,56,69,80,86,90,91,93,99,101,114,144,146,155,156,160,161,165,180,183,186,188,192,193,194 "194";
195 44 0 0,6,10,17,24,36,39,43,49,52,55,63,72,76,81,85,91,96,101,111,116,119,127,128,132,137,142,145,151,154,161,170,173,174,178,184,186,189,197 "195";
196 140 1 1,4,6,7,9,12,14,15,18,20,21,24,26,29,34,44,47,49,51,53,57,58,61,64,67,71,73,75,80,82,83,87,90,93,97,99,101,103,104,105,109,117,118,124,131,132,134,135,137,141,143,144,145,147,156,159,161,164,165,167,168,171,175,178,180,187,188,190,191,192,194,196,197 "196";
197 122 0 140,184 "197";
