parity 92;
0 82 0 4,6,20,42,55,59,67,80,81,90 "0";
1 24 1 2,7,10,15,19,21,24,26,30,35,37,39,40,44,47,57,64,66,71,73,82,84,86,91 "1";
2 15 1 3,6,10,16,17,21,22,23,25,26,28,30,33,37,40,41,43,46,48,50,51,54,55,57,59,61,64,68,72,78,79,80,82,86,89,90,92 "2";
3 7 1 30,86,89 "3";
4 3 0 1,10,14,16,17,22,28,29,30,31,33,34,36,38,42,43,48,49,56,57,60,62,69,71,73,75,77,80,82,85,86,89,92 "4";
5 17 1 1,3,12,23,35,46,58,65,72,84,91 "5";
6 91 1 1,3,7,10,11,14,15,18,19,21,22,24,27,29,30,32,35,36,38,40,42,44,47,48,51,52,55,57,59,60,62,63,65,67,68,71,72,74,76,80,81,83,84,85,89,90 "6";
7 0 1 0,4,6,8,11,15,18,20,22,26,31,34,39,44,45,52,58,59,70,73,75,77,84,85,89 "7";
8 9 1 11,20,25,32,40,43,52,55,61,68,70,80,86,87,92 "8";
9 14 0 0,4,8,10,12,15,17,19,21,24,26,28,30,33,37,40,42,43,45,46,47,49,50,51,54,55,56,57,59,60,62,64,65,68,69,71,73,74,78,79,81,83,85,88,89,92 "9";
10 40 1 1,5,6,8,11,13,19,20,23,24,26,30,32,36,37,38,39,41,42,49,52,53,54,56,60,61,62,64,65,66,69,70,73,75,77,81,83,85,88,90,92 "10";
11 76 1 0,1,2,5,7,10,11,12,13,15,16,19,20,21,23,24,26,27,30,33,35,38,43,46,48,51,52,57,59,61,66,69,70,71,73,77,80,81,83,85,88,90,91,92 "11";
12 8 0 0,4,6,9,12,15,17,19,22,23,26,27,29,31,33,34,36,37,38,41,44,49,51,53,59,61,64,67,69,70,72,74,78,80,82,84,85,90,91 "12";
13 37 0 9 "13";
14 74 0 0,3,5,6,8,9,12,14,16,18,21,24,27,28,31,33,35,36,39,40,42,44,45,46,50,51,52,54,55,56,58,59,61,65,66,70,74,76,80,81,83,85,86,87,89,92 "14";
15 6 1 12,23,38,43,45,55,62,66 "15";
16 43 1 1,7,12,17,20,21,30,51,53,56,60,62,67,70,74,77,79,84,86 "16";
17 93 1 3,10,16,18,20,23,25,34,36,41,46,49,54,56,65,66,69,86,90 "17";
18 22 1 0,3,4,7,9,10,13,18,21,24,31,34,38,40,45,47,48,50,51,53,54,57,63,64,69,72,74,76,77,80,84,86,88,90 "18";
19 27 0 3,6,7,8,16,20,26,29,30,32,38,39,47,49,52,54,56,57,60,63,65,72,74,80,85,91,92 "19";
20 22 0 2,4,6,9,11,14,17,18,19,22,24,26,27,28,29,33,35,40,43,45,47,48,50,52,53,55,56,59,61,63,65,67,70,71,72,73,75,76,79,80,82,85,86,88,91 "20";
21 34 0 0,3,7,8,11,12,14,15,17,18,21,22,23,25,27,28,29,35,36,37,39,41,43,45,49,50,53,54,56,58,59,61,62,63,64,66,70,75,77,79,81,82,84,86,87,89,91 "21";
22 79 0 4,13,15,17,19,20,22,24,26,28,30,31,32,35,40,44,46,47,56,59,69,72,75,77,82,87,91 "22";
23 93 1 0,2,3,6,8,10,13,14,16,18,21,24,25,26,32,33,35,36,37,39,40,43,45,48,50,52,53,59,60,62,63,64,68,69,70,72,74,78,79,80,83,84,86,89,90,91 "23";
24 77 1 17,19,21,36,46,62,74,79,87,90 "24";
25 23 1 1,2,7,10,12,15,18,19,21,28,30,33,34,37,43,46,51,53,61,64,66,68,77,80,81,85,86,88,92 "25";
26 79 0 4,12,15,17,19,26,29,31,39,43,51,57,64,66,69,71,75,84,89,91 "26";
27 26 0 3,4,7,10,12,14,17,18,20,24,27,31,32,33,35,38,39,41,42,45,48,53,57,60,64,69,71,73,75,77,78,80,81,84,85,90,92 "27";
28 70 0 1,16,23,60,62,73 "28";
29 20 1 0,7,11,16,35,37,48,52,70,77,80,86 "29";
30 79 1 9,10,18,20,25,28,33,44,46,54,55,82,89 "30";
31 79 1 1,3,8,13,15,17,19,20,24,30,35,37,38,40,42,50,52,53,55,57,62,64,65,69,70,73,81,83,87,90 "31";
32 79 1 0,4,5,8,9,10,12,14,16,17,22,24,28,30,31,33,35,37,39,40,42,44,46,53,55,58,61,63,66,68,69,70,75,76,78,79,80,82,83,86,87,88,90,91,92 "32";
33 76 1 3,5,7,9,11,15,24,32,35,46,49,51,55,56,60,63,68,77,88,91 "33";
34 45 1 1,2,3,7,9,11,12,13,15,16,17,21,24,27,32,33,36,38,39,40,41,43,44,47,48,51,52,54,55,57,58,60,61,64,70,71,73,75,77,78,80,81,83,85,89,90,91 "34";
35 77 1 0,14,27,29,31,33,34,36,40,41,47,54,61,64,69,72,74,78,89,91 "35";
36 33 1 4,7,9,12,14,16,18,19,23,26,29,31,37,40,42,45,49,50,54,57,60,62,64,71,73,76,79,82,84,89 "36";
37 16 0 11,19,64,74,82,89 "37";
38 78 1 41,50,62,70,80,91 "38";
39 19 1 5,9,14,20,28,32,33,34,37,39,43,46,55,57,59,61,62,67,68,69,75,78,80,82,83,90,92 "39";
40 40 1 0,2,4,6,8,11,12,14,15,17,20,22,23,25,28,29,30,31,34,36,38,41,43,47,50,51,53,55,60,63,65,66,67,70,72,74,75,77,78,83,84,88,91,92 "40";
41 3 1 1,18,26,32,33,49,60,67,75,76 "41";
42 29 1 1,10,15,27,45,70,90 "42";
43 31 0 0,1,2,6,8,11,15,18,20,24,26,27,29,30,33,40,42,44,47,48,51,52,57,59,63,64,66,69,74,76,80,82,84,86,89,91 "43";
44 62 1 9,41,44,49,52,55,91 "44";
45 0 0 1,2,4,9,11,13,15,19,25,33,35,37,40,42,53,56,59,61,62,68,69,70,77,79,80,81,83,85,88 "45";
46 56 0 10,13,14,21,25,26,33,43,48,52,54,55,59,61,64,71,73,77,78,79,86 "46";
47 49 1 13,29,34,38,45,51,66,73,78,84,86,92 "47";
48 33 0 5,10,13,18,21,23,25,28,30,33,36,38,39,46,47,48,49,54,58,59,60,63,64,67,75,77,80,82 "48";
49 43 0 14,16,18,22,27,28,32,33,39,41,43,53,60,76,77,85,90 "49";
50 76 0 63,74 "50";
51 74 0 1,4,5,8,9,11,13,15,17,18,20,21,22,24,28,30,33,41,43,44,45,50,51,52,54,58,59,64,65,67,70,72,75,77,80,82,85,88,90,91,92 "51";
52 4 0 1,6,7,9,11,12,14,15,17,18,21,24,25,28,33,34,38,40,43,44,45,46,48,49,53,55,57,59,62,63,66,67,69,70,74,80,83,86,88,90,91,92 "52";
53 69 0 8,11,16,25,31,38,40,48,51,54,56,60,70,74,80,90,91 "53";
54 68 1 7,34,51,75,79 "54";
55 22 1 0,5,16,17,19,20,25,26,30,35,39,43,45,48,50,54,56,57,59,67,69,72,73,77,80,81,83,86,89,92 "55";
56 15 1 17,19,41 "56";
57 0 1 43,68 "57";
58 59 1 12,33,43,58,64,80 "58";
59 80 0 0,5,9,10,12,16,22,24,30,36,37,39,41,44,46,47,51,57,61,64,69,71,73,75,77,81,87,88,91,92 "59";
60 62 1 0,2,7,9,26,30,33,35,40,45,53,55,61,75,78,91 "60";
61 79 0 26,28,35,40,63,74 "61";
62 80 1 5,11,20,25,39,42,44,49,53,59,61,66,71,75,76,83 "62";
63 47 1 1,2,3,5,10,11,13,14,16,18,19,24,28,31,34,36,38,39,43,48,50,55,58,59,62,64,70,71,76,77,79,81,83,85,87,89,91 "63";
64 90 0 0,5,8,10,12,15,17,20,21,27,29,30,32,34,36,37,40,42,44,45,48,50,54,55,57,59,60,62,68,69,70,72,73,76,78,80,85,87,89,91,92 "64";
65 57 0 0,1,4,5,9,21,28,31,32,34,40,42,47,48,53,54,61,62,67,69,70,72,74,76,78,82,87,89,91 "65";
66 17 0 27,32,51,58,62,65,69,71,78,81,82,88,92 "66";
67 41 0 0,1,3,5,6,8,11,12,15,17,18,20,23,24,26,28,30,36,37,41,45,48,55,58,63,69,78,79,81,84,85,87,89,92 "67";
68 9 0 1,4,6,11,13,14,16,17,20,25,27,29,31,32,35,41,42,44,46,49,51,55,59,61,63,64,66,68,70,71,73,78,80,83,86,89,90 "68";
69 89 1 2,16,20,36,49,58,68,72,89 "69";
70 11 0 0,1,3,5,8,9,14,15,17,19,22,25,27,30,31,32,33,35,36,37,43,47,51,54,55,56,59,60,62,65,68,69,71,74,75,77,78,82,84,86,87,88,92 "70";
71 53 0 0,7,13,18,20,22,23,27,30,34,35,39,44,45,53,56,64,65,73,77,79,82,84,86,91,92 "71";
72 37 1 11,16,37,44,90 "72";
73 13 1 2,11,23,53,65 "73";
74 59 0 0,2,4,7,11,14,17,18,19,22,30,32,37,39,42,45,47,48,50,56,58,59,61,64,69,71,73,76,78,81,90,92 "74";
75 48 0 0,3,5,6,8,9,12,13,14,16,18,19,22,24,27,28,30,31,32,34,36,38,41,42,46,47,51,52,55,57,58,61,62,65,69,70,72,75,77,78,80,83,88,89,92 "75";
76 47 0 4,16,23,24,28,37,44,47,48,50,53,56,58,59,61,84,89 "76";
77 31 0 1,4,8,14,16,22,24,32,34,38,44,45,47,51,52,54,55,59,63,68,70,75,77,79,81,82,83,84,87,88,89 "77";
78 14 0 2,6,8,12,31,32,43,49,69,74,81,88,92 "78";
79 15 1 17,42,47,50,63,81,89,92 "79";
80 28 0 2,3,10,12,13,14,16,19,21,27,31,33,35,38,44,46,55,57,64,65,74,77,80,87,89,91 "80";
81 24 1 1,5,9,54,67,86 "81";
82 28 0 1,10,16,21,35,38,75,87 "82";
83 38 1 0,9,11,13,19,35,40,45,47,65,66,68,70,78,80,90 "83";
84 45 1 15,19,25,38,66,81 "84";
85 26 0 0,1,8,9,11,13,17,19,23,28,29,31,32,35,38,39,43,44,46,49,51,54,56,58,60,64,67,71,73,75,78,79,80,82,84,88 "85";
86 48 1 9,16,18,23,32,34,45,49,57,58,60,66,72,80,90 "86";
87 40 0 0,3,7,8,11,12,13,16,17,18,20,21,24,25,27,31,32,34,36,38,40,43,45,47,50,52,54,58,60,62,64,65,70,73,75,76,78,81,83,85,87,89,91,92 "87";
88 78 0 3,7,12,20,31,43,58,65,73,83,92 "88";
89 72 0 0,12,21,23,27,29,34,39,45,59,62,65,71,76,77,82,84,88 "89";
90 33 0 1,2,4,8,9,11,12,13,17,22,26,30,31,32,34,35,36,37,39,42,43,46,47,49,50,55,58,60,62,66,68,72,74,77,79,80,83,84,88,89,90,92 "90";
91 87 1 9,12,14,16,24,35,49,52,53,56,59,64,66,68,73,79,82,92 "91";
92 60 1 0,4,5,7,10,12,13,15,16,18,20,22,26,28,30,33,34,37,39,41,43,46,47,50,52,54,55,57,59,60,63,64,66,67,69,72,74,76,77,78,81,84,85,88,90,92 "92";
