parity 122;
0 39 0 3,10,26,27,48,56,71,78,97,105,110,112,114,116,122 "0";
1 66 1 0,3,5,7,8,11,13,15,16,18,20,22,28,30,32,40,41,46,48,50,53,55,57,59,60,63,65,67,70,72,73,74,76,78,79,81,82,83,85,87,89,90,93,95,97,98,102,104,105,108,110,113,116,120,122 "1";
2 95 1 0,1,11,13,15,16,18,22,24,31,33,34,36,38,39,41,53,56,58,60,65,68,70,72,76,81,82,84,88,92,96,101,103,105,110,112,113,118,119 "2";
3 101 0 14,28,99 "3";
4 11 1 0,3,5,9,12,14,16,19,22,30,34,37,39,40,48,50,51,53,58,59,63,65,69,71,74,75,80,83,86,89,91,92,94,98,103,104,107,108,109,113,115,121 "4";
5 0 0 5,13,24,42,51,54,72,122 "5";
6 84 1 0,1,3,4,5,6,8,10,13,15,16,18,19,21,23,24,27,29,31,34,35,36,39,41,43,45,49,51,53,54,56,57,60,61,62,65,68,69,71,77,79,81,82,84,85,86,88,90,92,94,95,100,101,105,107,108,112,117,118 "6";
7 75 0 2,3,5,8,10,13,16,28,34,35,39,45,47,48,50,52,58,60,64,67,72,78,79,83,88,93,99,100,102,109,114,118,119,122 "7";
8 88 0 1,7,10,12,15,16,22,24,25,27,28,31,32,33,35,37,38,40,42,44,46,50,52,54,55,56,58,60,62,64,66,69,71,72,73,77,79,81,82,84,87,90,92,94,96,97,99,102,103,104,106,111,113,115,117 "8";
9 28 1 0,4,12,14,15,17,18,23,24,27,28,30,36,38,41,45,48,50,55,56,57,63,65,70,72,74,76,78,80,81,82,83,88,89,91,94,97,99,102,103,105,106,108,111,115,119,120,122 "9";
10 88 1 1,2,3,8,11,12,20,22,27,28,30,31,33,36,39,42,45,50,52,54,56,58,65,67,71,73,74,80,82,85,89,91,98,99,104,112,119,121,122 "10";
11 114 0 1,4,5,11,14,19,29,37,38,47,50,53,56,59,62,64,65,66,67,77,78,81,84,86,89,90,92,94,96,105,106,108,109,110,113,116 "11";
12 22 1 0,2,4,11,15,18,22,23,27,30,32,42,44,47,52,58,62,63,71,73,75,82,85,86,88,93,94,96,98,99,102,108,110,112,115,117,120,122 "12";
13 38 1 76,85,87,99 "13";
14 36 1 31,41,51,71,85,112,121 "14";
15 59 0 0,3,4,5,7,12,14,16,17,22,25,26,30,34,35,37,42,45,50,52,53,55,57,62,63,66,69,70,73,76,77,79,80,84,85,87,89,91,92,94,98,100,103,105,108,112,113,119,122 "15";
16 62 1 0,3,5,6,7,13,24,30,31,33,38,40,42,50,51,54,55,57,62,67,71,73,76,77,79,85,88,95,101,102,105,110,113,116,118,120 "16";
17 73 0 3,5,24,27,32,33,42,56,66,68,73,79,87,92,94,101,107,110,118 "17";
18 6 1 5,7,10,11,12,14,17,20,23,26,28,32,34,35,39,44,47,51,53,55,58,59,62,68,70,71,72,74,77,86,87,91,94,96,98,100,103,104,107,108,111,116,119,121 "18";
19 2 0 4,13,29,58,82,86,97,112,119 "19";
20 69 0 4,6,8,12,14,16,17,19,21,22,23,25,27,30,32,33,38,40,42,44,46,47,49,51,55,57,58,62,64,68,70,71,74,75,77,79,80,82,84,85,87,89,97,99,100,101,103,106,107,108,110,111,113,114,117 "20";
21 80 1 12,18,38,51,55,79,94 "21";
22 19 0 4,29,39,52,54,70,84,95,100,113 "22";
23 62 0 0,3,5,7,8,11,12,15,17,18,21,22,23,24,28,30,32,34,35,38,43,45,47,51,52,56,62,64,65,67,68,72,75,78,81,83,87,90,91,92,94,96,99,100,101,104,109,110,111,113,115,119,120 "23";
24 77 0 2,4,5,7,9,15,16,18,20,22,25,26,32,33,34,37,40,45,48,53,54,56,57,65,70,83,85,89,112,119,120 "24";
25 53 1 1,8,13,14,22,23,25,31,33,36,38,40,42,51,53,58,60,61,65,66,72,74,78,80,92,93,97,102,104,107,111,116,119,122 "25";
26 65 0 0,5,6,7,9,10,11,16,17,20,22,24,25,26,28,30,33,36,37,39,42,43,45,46,48,52,54,56,59,61,63,65,67,71,74,76,78,79,81,83,85,87,91,93,97,98,99,101,103,105,106,108,109,111,114,117,119,121 "26";
27 17 0 0,27,33,53,57,60,65,83,87,89,100,112,115,116,121 "27";
28 115 1 1,2,4,9,12,14,15,18,23,24,25,28,30,33,35,36,39,43,45,47,52,54,56,59,63,65,66,67,70,73,75,78,81,83,84,86,89,91,92,93,96,98,101,105,109,111,115,116,118,120,121 "28";
29 116 1 0,1,5,10,18,21,25,30,32,37,41,46,52,54,57,63,67,68,71,72,76,84,85,94,95,97,99,103,107,109,113,114,116,117,119,121 "29";
30 31 0 7,19,21,22,31,32,34,39,50,57,59,64,66,71,78,85,86,95,100,101,105,107,122 "30";
31 15 1 7,14,18,22,46,57,82,104,122 "31";
32 74 0 10,46,48,70,81,103 "32";
33 32 0 3,15,30,41,44,79,81,122 "33";
34 87 0 46,90,108,111,113 "34";
35 114 0 15,16,18,20,24,27,37,56,66,67,70,71,74,87,100,110,114,120,122 "35";
36 111 0 0,6,15,26,29,33,56,69,72,74,77,83,92,110,113,122 "36";
37 88 1 1,2,3,5,8,10,11,13,16,18,20,23,24,25,28,30,35,36,39,43,45,47,49,50,54,57,66,76,79,81,84,86,88,91,92,93,95,96,97,100,106,107,109,112,116,118,120,122 "37";
38 62 1 8,16,18,26,39,42,45,53,61,63,77,84,95,105,116,121 "38";
39 16 0 0,5,6,7,11,14,17,19,21,22,24,25,26,28,29,32,35,36,39,40,41,43,46,48,49,50,52,53,55,56,57,59,61,63,64,66,68,71,74,77,79,81,83,87,91,93,95,98,99,100,101,103,105,106,108,109,111,112,117,118,119,122 "39";
40 88 1 0,2,5,8,9,14,17,23,24,25,26,29,30,32,34,35,36,37,43,44,47,48,52,55,57,59,60,63,66,68,69,72,75,77,79,81,85,87,89,91,93,95,96,98,101,103,106,108,111,117,121 "40";
41 30 0 4,12,42,69,73,78,86,101,105,108,114,117,121 "41";
42 72 1 0,7,9,13,17,23,24,28,29,33,35,38,40,45,46,49,53,56,57,60,64,66,69,72,75,77,78,79,83,86,87,89,91,94,95,98,99,100,102,103,105,110,114,115,118 "42";
43 22 0 2,4,7,9,11,15,21,26,29,32,35,36,37,40,43,45,50,51,52,58,63,74,79,82,86,97,98,100,102,105,106,108,110,111,117,118 "43";
44 69 0 1,4,13,17,22,27,39,42,45,48,54,58,61,66,70,72,73,76,81,84,89,90,94,103,107,114 "44";
45 17 1 3,7,8,10,22,28,30,32,35,36,37,42,45,57,59,63,65,67,68,69,75,90,94,102,104,112,116,119 "45";
46 93 0 8,9,10,15,17,20,21,23,24,28,30,33,34,38,46,48,50,54,58,59,63,64,68,71,74,77,82,84,88,90,93,97,98,110,111,118 "46";
47 38 1 8,10,74,98 "47";
48 17 1 5,8,16,23,28,32,34,35,52,62,63,64,65,68,74,76,78,85,89,102,107,110,116,118,119 "48";
49 64 1 0,4,7,10,15,17,18,35,43,45,46,59,68,72,74,81,82,88,95,98,99,105,106,113,118 "49";
50 84 0 0,2,4,8,10,11,15,18,21,23,24,27,29,30,32,34,39,41,45,46,49,50,52,55,57,58,62,63,64,66,70,73,74,77,80,81,85,87,88,91,92,93,95,97,99,100,102,103,106,108,113,114,116,117,118,119,121,122 "50";
51 25 0 6,8,10,18,33,35,39,41,43,45,47,59,61,70,75,97,102,105,109,118,122 "51";
52 116 1 1,3,4,5,9,10,17,18,20,21,23,24,27,30,31,33,34,38,39,40,42,43,47,49,51,52,55,57,59,62,64,66,72,73,75,76,78,80,81,83,85,86,88,90,91,93,94,97,98,99,103,107,109,110,111,113,114,116,117,119,121,122 "52";
53 110 1 0,7,9,12,17,24,28,31,34,39,43,45,46,49,51,53,55,56,63,65,66,67,75,78,80,83,88,90,92,95,97,100,104,106,107,108,111,113,117 "53";
54 30 1 4,6,12,14,15,16,19,23,25,29,30,32,33,36,37,39,42,43,45,46,50,51,52,54,57,59,61,63,64,67,69,74,78,82,84,86,89,92,95,97,98,100,102,104,107,109,110,112,115,118,120,122 "54";
55 101 1 2,3,5,6,7,9,10,11,15,16,17,19,21,23,29,30,32,33,35,41,49,51,52,53,55,58,59,63,64,68,69,71,77,78,79,81,82,86,87,88,90,93,94,97,100,102,103,106,109,110,112,115,116,119,121,122 "55";
56 113 1 0,17,28,30,34,56,63,65,75,76,99,100,112,114,117 "56";
57 28 1 4,8,17,30,32,33,35,37,39,48,49,54,57,63,72,73,76,80,83,84,86,89,97,99,101,112,117,121 "57";
58 78 0 3,17,27,44,47,59,60,79,87,91 "58";
59 106 0 9,24,32,34,35,43,47,53,62,66,69,93,99,102,106,107,114,117 "59";
60 15 1 25,49 "60";
61 56 1 0,1,2,4,5,7,9,11,13,14,18,19,21,22,24,26,27,35,37,40,43,47,48,50,51,54,56,57,60,63,65,68,70,75,77,79,81,87,90,91,93,94,95,97,100,102,103,104,106,108,109,112,114,116,119,121 "61";
62 21 0 2,4,5,7,9,11,12,13,15,17,19,21,22,24,26,29,31,32,36,40,41,43,45,47,50,51,55,56,58,65,67,69,73,75,76,83,84,87,88,90,92,93,95,97,98,99,103,104,105,106,108,109,112,113,115,117,119,120,122 "62";
63 98 0 65,97 "63";
64 54 0 1,6,9,11,12,14,15,18,22,24,26,27,28,31,33,35,37,38,40,44,47,49,51,54,56,60,61,63,65,69,73,78,81,86,87,88,90,91,92,94,96,97,101,103,105,106,108,111,113,115,116,120,122 "64";
65 100 1 3,4,8,12,13,16,19,22,29,31,34,37,38,40,41,43,47,48,49,51,55,59,61,62,63,65,66,68,73,74,75,79,80,82,83,88,92,95,97,100,103,105,109,113,119,122 "65";
66 116 1 9,81 "66";
67 14 0 1,22,23,28,31,40,69,72,81,85,102,105,109,117 "67";
68 106 0 0,1,3,4,6,10,12,14,15,17,19,20,22,26,27,28,31,32,34,35,39,42,44,45,47,50,53,54,56,58,59,61,64,67,68,70,71,73,75,77,79,80,81,83,84,86,88,90,95,98,105,106,108,109,111,113,118,119,121,122 "68";
69 3 0 1,4,18,29,38,42,69,78,83,87,91,93,96,106 "69";
70 119 0 3,12,15,18,20,29,32,40,41,48,59,63,67,77,86,88,89,91,93,101,104,116,118,121 "70";
71 56 0 0,3,5,8,9,12,17,21,26,32,34,36,38,41,46,49,54,56,59,70,74,75,78,79,82,85,88,89,93,94,96,97,107,108,113,115,120,121,122 "71";
72 112 1 1,4,6,10,13,14,18,22,24,27,28,30,31,33,43,45,49,51,53,57,59,61,64,67,70,72,73,75,76,80,83,86,89,90,94,95,97,99,103,104,108,110,113,114,119,121,122 "72";
73 49 0 1,2,18,19,22,23,24,32,34,39,41,45,49,57,64,66,69,70,72,75,78,81,88,97,105,120,122 "73";
74 90 1 4,14,16,20,23,27,38,41,55,61,65,71,87,95,99,101,103,105,106 "74";
75 27 1 2,3,4,10,13,21,30,38,42,49,54,78,86,95,97,101,103,106,119 "75";
76 43 0 10,13,19,22,24,25,30,31,32,35,37,39,42,45,47,56,58,61,62,66,69,70,74,80,85,87,91,99,101,102,105,109,110,112,117,120 "76";
77 68 0 12,15,17,35,42,43,47,49,51,56,58,63,81,93,96,102,116,117,122 "77";
78 61 0 0,5,6,8,12,13,17,25,27,29,31,32,34,37,40,42,43,44,46,48,49,54,56,58,61,65,67,74,76,77,80,81,82,84,85,87,88,90,91,93,99,102,103,104,105,107,109,110,112,114,118,119,121,122 "78";
79 16 0 1,4,7,8,9,10,12,14,16,19,30,33,34,35,39,42,45,46,48,51,52,54,57,59,60,61,64,67,68,72,73,76,78,81,83,86,89,91,93,95,98,100,101,105,109,111,113,114,116,117,120,121,122 "79";
80 72 1 77,118 "80";
81 109 0 4,6,13,48,50,51,54,63,65,72,74,76,79,81,88,89,93,101,110,114,118,120 "81";
82 36 1 2,3,6,7,15,21,23,26,30,37,38,39,41,45,47,49,50,52,54,57,61,67,70,71,73,75,76,80,84,87,90,94,98,100,102,105,106,108,111,113,120,122 "82";
83 75 1 1,23,25,37,48,56,70,81,98,99,108,112,115 "83";
84 103 1 10,11,20,21,32,37,41,50,55,75,77,79,85,96,100,103,118 "84";
85 92 0 1,2,5,8,10,13,15,16,19,20,21,23,25,28,31,35,37,39,43,46,50,53,54,55,57,59,60,65,66,67,68,70,71,73,75,76,78,79,84,86,88,91,92,93,94,96,97,99,100,101,103,104,108,110,111,113,115,116,117,119 "85";
86 77 1 21,27,75,118 "86";
87 13 0 0,2,24,27,34,44,56,57,59,63,65,73,79,96,101,109,111,114,121,122 "87";
88 55 0 2,3,7,9,12,15,18,26,28,31,32,33,34,38,41,44,45,51,52,54,58,61,62,65,66,71,73,75,76,79,81,85,87,88,89,92,95,98,102,103,105,110,115,119,120,122 "88";
89 43 1 0,25,34,35,38,43,48,62,67,72,79,87,99,101,121 "89";
90 48 1 3,20,22,32,35,37,44,49,72,74,76,78,80,82,99,113,115,118,122 "90";
91 86 0 7,9,11,12,17,18,20,23,24,29,31,32,36,39,42,48,50,51,55,57,60,61,65,70,71,73,77,81,85,91,92,95,96,97,99,106,108,110,112,120,121 "91";
92 81 1 2,40,61,85,105 "92";
93 44 0 1,3,5,7,9,12,15,17,18,21,23,26,27,29,31,32,34,39,41,43,44,46,48,52,56,59,60,63,64,65,66,68,73,75,79,80,85,88,90,95,97,101,104,106,108,110,111,115,119,120,122 "93";
94 3 1 0,1,3,4,6,8,11,13,16,21,26,31,35,36,38,40,42,44,47,50,54,57,60,69,73,74,77,81,82,85,86,89,90,98,101,106,107,110,112,116,119 "94";
95 65 1 1,3,4,9,12,14,19,22,24,26,28,32,33,36,37,41,42,45,48,49,53,56,57,59,61,62,66,67,69,71,72,75,78,79,80,82,84,85,88,90,91,93,97,98,99,102,103,104,105,107,109,113,114,115,117,118,121 "95";
96 70 0 1,3,6,16,18,21,25,31,35,38,42,43,46,48,53,54,66,71,81,86,92,93,100,115,119,122 "96";
97 3 1 3,11,75,93,102,109 "97";
98 25 0 3,9,13,28,48,49,53,59,66,73,77,96,103,107,110,116,121 "98";
99 107 1 1,4,6,8,10,13,14,16,21,23,26,32,36,39,41,43,46,48,50,52,55,60,65,73,76,77,84,88,99,101,105,109,118,120,122 "99";
100 89 1 0,3,13,17,19,24,34,36,41,51,58,59,62,63,72,74,76,78,80,93,100,104,105,106,109,120 "100";
101 57 1 2,10,19,29,34,37,39,42,54,65,68,70,71,74,78,80,83,93,97,101,110,112,114,116,122 "101";
102 8 0 1,4,5,8,9,11,20,21,26,28,31,34,36,43,47,48,51,54,56,59,61,62,67,69,71,73,75,77,79,81,83,86,91,93,95,98,99,100,102,103,108,110,111,115,116,118,119,121 "102";
103 111 0 0,4,13,25,28,32,41,52,64,67,68,77,93,104,119 "103";
104 73 0 24,25,29,36,43,44,82,94,99,108,113 "104";
105 93 1 6,12,18,20,22,25,28,32,39,42,43,46,48,56,60,62,72,75,80,82,88,90,92,95,96,102,111,119,121,122 "105";
106 100 0 4,13,14,18,24,30,42,44,54,57,59,81,83,88,92,98,105 "106";
107 80 0 54,98 "107";
108 69 1 2,4,8,10,14,16,17,21,24,29,31,33,37,39,41,42,45,46,48,54,57,59,61,70,73,74,77,79,85,87,92,96,100,106,109,110,112,117,118,119,121,122 "108";
109 106 1 0,1,3,4,6,7,8,12,13,14,16,17,18,20,21,24,26,27,29,31,32,35,37,39,41,43,45,48,51,54,57,61,62,64,66,69,71,73,76,78,83,84,89,92,93,95,97,99,100,102,104,107,110,112,113,117,118,121,122 "109";
110 8 1 1,4,6,12,17,22,28,30,31,33,40,46,48,50,56,59,61,64,65,68,69,73,76,80,86,91,100,102,104,106,109,114,117,121 "110";
111 68 0 9,10,20,28,33,41,47,55,57,60,69,78,83,90,94,106,112,115,118 "111";
112 78 1 6,10,16,22,25,27,30,40,46,57,59,64,66,70,71,72,74,77,94,98,101,105,110,116,119 "112";
113 67 1 5,7,9,10,11,17,19,20,32,37,39,41,43,45,47,49,51,55,58,60,66,69,71,74,75,77,79,81,82,87,88,90,94,97,99,101,103,105,108,118,122 "113";
114 72 1 0,1,5,8,11,13,15,17,18,25,33,35,41,46,48,53,57,62,64,68,76,81,83,89,91,98,106,107,111,113,114,118,121 "114";
115 24 0 0,2,4,6,8,9,12,15,16,19,22,24,27,28,31,32,36,40,43,45,46,47,49,52,53,55,56,57,59,62,64,66,67,68,72,74,75,76,78,81,83,85,87,90,92,97,99,100,101,103,105,107,109,110,111,114,116,118,119,121,122 "115";
116 28 1 2,3,6,8,11,14,18,21,23,26,30,32,34,36,40,46,48,49,57,60,62,63,69,73,79,83,85,87,88,90,96,98,105,109,117,122 "116";
117 72 0 14,38,44,56,65,79,103 "117";
118 75 1 2,15,16,19,28,37,42,47,49,50,54,65,78,79,90,97,101,105,112 "118";
119 65 1 0,1,3,9,11,12,15,17,19,23,28,31,32,35,38,40,43,45,47,49,50,52,53,54,56,60,62,65,72,74,76,80,83,86,89,92,93,95,96,97,103,104,108,110,111,113,117,121 "119";
120 55 1 8,18 "120";
121 115 0 1,5,7,9,13,15,17,22,23,25,26,27,29,38,41,43,47,48,49,52,56,57,59,60,62,64,67,69,72,75,76,79,82,83,88,91,92,94,98,101,103,104,109,110,112,114,115,119,120,122 "121";
122 104 0 0,1,2,5,7,11,13,14,15,16,18,19,21,23,25,26,31,33,37,39,41,43,44,46,49,52,55,57,59,61,64,67,73,78,80,81,83,84,86,90,92,94,95,96,97,99,100,103,108,110,111,113,115,117,122 "122";
