parity 184;
0 169 0 0,2,4,6,9,12,16,26,27,29,34,35,37,40,47,49,52,54,57,61,66,68,69,73,74,77,79,82,83,85,91,95,96,98,99,108,110,114,115,119,121,124,129,130,132,136,140,142,145,146,149,152,153,155,156,157,158,161,163,165,166,172,175,176,177,181,182,183,184 "0";
1 115 0 20,28,32,34,43,169 "1";
2 97 1 90,91 "2";
3 98 0 6,8,11,14,16,20,23,25,26,29,34,39,41,43,46,48,51,59,63,66,67,69,73,78,79,83,89,91,94,110,111,115,123,128,135,137,139,142,145,148,151,154,155,161,164,165,167,170,173,175,179,180,183 "3";
4 133 1 0,3,6,8,11,13,15,16,18,19,20,22,27,29,30,31,32,34,35,40,41,43,44,46,47,49,51,53,54,56,57,61,63,64,69,71,73,75,80,81,83,86,87,89,90,93,94,95,99,101,102,103,107,109,111,112,113,116,117,121,124,126,127,129,132,133,135,136,138,140,141,142,147,150,154,156,157,159,160,161,163,165,166,170,171,174,177,178,180,181,184 "4";
5 6 0 25,45,104,110 "5";
6 108 0 1,3,6,9,13,14,16,18,20,22,25,29,37,43,45,47,49,54,55,57,62,63,65,69,71,74,75,78,82,83,85,87,89,92,93,95,97,98,101,103,106,107,115,116,121,122,124,126,128,133,141,152,153,154,158,160,163,167,174,175,178 "6";
7 79 1 2,5,24,34,43,44,69,75,83,92,99,106,113,116,118,126,127,144,163,169,173,175,184 "7";
8 31 1 2,6,54,56,145,152,179 "8";
9 110 1 1,3,6,8,10,13,15,16,18,19,21,22,24,28,30,32,34,35,38,42,43,44,45,47,49,51,53,55,57,59,61,63,64,66,67,76,80,83,85,86,90,93,97,99,101,103,105,106,108,114,119,123,126,130,138,139,141,146,150,151,153,158,160,161,164,168,171,172,173,177,178,179,184 "9";
10 166 0 13,26,29,40,51,67,72,78,81,84,96,101,103,107,116,121,128,139,146,156,162,166,169,177,180,182,183 "10";
11 175 0 6,9,17,45,52,58,72,75,89,92,100,102,104,120,122,152,158,164,170,172,176,177,179,180 "11";
12 114 1 0,2,11,13,17,20,22,24,26,28,33,35,38,40,43,46,59,63,66,68,72,76,86,97,98,102,106,108,111,113,118,120,124,132,136,138,140,148,153,155,158,164,167,169,178,181 "12";
13 57 0 0,2,4,7,10,13,14,16,18,20,21,25,26,29,30,31,35,37,38,40,43,45,48,51,54,55,57,58,59,61,62,63,68,70,72,76,78,80,81,83,86,89,90,94,95,98,102,105,107,109,111,112,116,119,120,123,124,126,128,129,133,134,136,137,139,140,143,146,148,149,151,152,153,156,158,162,165,166,168,169,171,172,174,176,177,180,182,183 "13";
14 43 1 0,1,3,4,5,6,10,13,15,16,18,19,27,29,31,34,36,37,39,41,45,49,52,55,57,59,61,63,65,69,72,74,77,79,80,82,85,87,92,93,95,97,99,103,104,106,108,109,110,115,121,122,123,128,130,133,135,136,137,141,142,143,144,146,148,149,151,153,157,159,166,167,168,171,172,173,174,177,182 "14";
15 129 0 1,2,4,5,8,9,11,13,15,16,19,21,22,23,25,30,32,33,36,37,41,42,44,45,50,52,54,56,60,61,64,68,69,71,74,76,78,79,81,84,94,95,96,98,102,103,107,108,112,114,119,120,123,125,127,129,130,132,136,139,141,143,144,145,147,148,149,150,152,154,155,160,161,162,165,169,171,172,174,175,184 "15";
16 116 1 21,26,29,30,35,41,49,54,64,65,82,88,92,105,114,117,126,128,132,138,149,161,176 "16";
17 66 1 43,51,168 "17";
18 160 1 15,16,19,33,39,44,47,56,59,62,65,74,87,99,110,111,114,122,143,146,151,157,158,161,167,172 "18";
19 170 1 1,5,7,9,10,13,14,18,20,21,24,27,29,30,32,33,37,41,44,46,47,49,51,54,55,59,61,67,69,70,74,76,78,79,81,82,86,88,89,91,94,96,97,101,104,106,109,110,111,113,116,118,122,124,126,127,129,133,134,136,140,150,151,153,155,157,160,164,166,169,171,173,175,182,184 "19";
20 43 1 2,5,6,9,10,13,14,16,17,19,21,23,25,27,29,30,32,33,35,39,41,42,45,46,47,51,53,57,59,60,62,64,65,66,67,70,71,73,76,78,88,89,90,93,94,96,98,99,104,105,108,110,112,115,117,119,122,123,127,128,130,132,134,135,138,139,142,143,145,146,148,149,152,154,158,160,162,163,170,172,175,176,177,180,182 "20";
21 10 0 3,4,11,16,24,31,52,62,106,114,128,149,157,183 "21";
22 126 1 1,6,42,47,49,54,61,73,86,90,101,117,120,123,125,141,148,149,153,159,170 "22";
23 98 0 0,5,7,8,9,11,12,16,18,21,24,26,27,29,33,35,36,43,45,52,56,59,66,67,69,71,74,79,83,84,88,91,94,95,97,102,103,105,107,110,120,123,131,133,137,140,143,144,145,149,152,154,156,159,162,167,169,171,172,179,181,183 "23";
24 62 0 42,52,53,85,92,107 "24";
25 168 0 0,4,9,10,12,16,21,22,27,36,40,43,44,51,55,61,65,67,69,79,84,87,89,101,106,109,111,114,118,124,126,129,131,136,142,145,150,159,161,165,169,182,184 "25";
26 164 0 0,2,4,6,7,8,12,14,16,19,21,22,23,24,29,31,32,36,40,43,46,47,48,55,57,59,63,64,69,74,76,78,80,81,84,85,88,100,101,102,107,113,116,119,121,127,128,130,131,133,134,135,138,140,143,146,149,150,152,153,155,157,158,160,161,164,167,169,177,179,182,184 "26";
27 123 0 15,23,32,35,38,39,41,46,49,51,52,55,58,61,62,65,66,72,77,79,82,88,101,102,104,109,114,123,124,126,137,141,143,144,146,153,154,163,172,176,180 "27";
28 2 0 0,2,4,6,9,11,15,18,19,22,23,25,28,30,32,33,40,41,42,48,50,51,53,56,59,60,63,68,69,73,75,86,88,89,92,96,99,103,106,108,109,112,113,115,118,119,127,130,132,134,135,137,139,141,143,145,147,150,151,154,155,158,159,162,164,166,169,172,173,174,177,181 "28";
29 73 1 0,1,2,6,10,13,17,20,25,27,30,33,35,36,38,42,46,48,50,51,54,56,57,59,61,64,66,68,72,75,78,79,81,83,84,87,90,92,95,97,106,108,114,118,121,127,132,139,141,142,143,144,147,148,153,156,158,163,166,168,170,177,183 "29";
30 6 0 2,8,9,11,14,22,26,29,35,47,57,61,71,77,79,84,90,95,100,103,119,122,127,130,141,142,146,147,156,162,165,172,174,176,184 "30";
31 145 1 0,5,7,9,14,15,17,18,20,21,25,26,29,33,35,42,44,45,47,50,51,55,56,58,60,61,62,64,66,68,70,71,72,77,78,81,82,83,86,87,89,91,93,94,95,97,100,101,102,107,110,111,113,114,115,120,124,127,130,131,132,134,135,140,142,144,146,149,150,154,155,157,159,160,168,170,171,174,176,177,179,182,183,184 "31";
32 117 1 2,5,6,12,16,19,21,30,33,35,44,46,48,49,51,57,59,61,64,73,81,83,85,88,90,93,95,101,104,107,109,112,117,119,121,125,128,130,134,136,141,143,147,149,167,175,177,178,179,182,184 "32";
33 157 0 0,3,6,15,17,20,29,32,34,36,38,43,46,48,49,52,60,62,65,68,75,76,83,88,93,107,109,113,118,122,124,127,129,130,133,136,141,144,150,153,156,157,162,165,167,169,173,174,178 "33";
34 24 0 5,9,10,14,18,22,23,25,29,31,37,43,51,59,63,69,72,78,86,88,90,94,95,98,102,109,111,115,118,123,131,135,137,148,153,155,157,159,161,164,166,168,174,175,181,183 "34";
35 116 1 2,3,6,7,12,15,18,21,24,25,29,32,34,37,39,41,44,45,53,57,59,62,63,67,70,74,76,77,80,81,82,87,97,102,108,110,111,114,115,117,124,127,129,132,134,136,140,141,142,147,151,156,160,163,166,168,171,173,175,178,180,182,184 "35";
36 22 0 0,1,7,8,10,11,14,17,18,20,21,28,32,33,35,36,38,40,42,43,45,47,48,51,52,54,58,60,65,66,68,69,70,72,73,74,76,77,78,80,83,85,87,89,90,92,96,98,100,103,104,106,107,109,112,114,116,118,119,123,124,126,128,129,131,133,134,136,140,141,144,150,153,156,157,158,160,163,164,166,169,173,175,176,178,180,182,183,184 "36";
37 129 0 6,10,15,23,27,33,38,46,51,54,63,73,81,83,98,104,109,129,131,132,135,144,152,156,158,160,162,165,167,171,173,183 "37";
38 34 0 0,1,3,4,7,9,11,12,16,17,19,21,22,23,27,28,30,31,34,36,37,40,41,42,44,46,50,51,56,58,59,64,66,68,69,71,73,74,77,79,81,84,88,89,92,94,97,98,100,103,107,111,113,114,116,117,118,122,124,126,131,132,134,135,136,138,140,143,144,148,150,152,155,157,161,163,166,167,168,170,173,175,176,178,181,184 "38";
39 173 1 1,6,8,9,13,16,17,19,20,22,23,25,26,27,30,32,36,37,38,39,42,45,47,49,50,51,53,54,59,61,63,66,68,71,72,77,79,81,82,86,89,90,92,95,97,100,102,103,106,107,108,110,111,113,116,118,119,123,124,125,129,131,132,134,135,139,142,144,146,151,153,154,156,160,162,164,165,167,169,170,172,175,176,179,181,182,184 "39";
40 95 1 2,5,6,10,15,17,20,22,23,24,28,29,30,32,33,34,36,38,40,43,45,48,49,51,53,56,59,61,63,64,66,70,73,75,77,78,80,83,85,87,89,90,91,93,95,96,100,102,105,109,110,114,116,118,119,121,122,124,126,127,130,132,136,137,139,141,143,145,146,148,151,154,156,157,158,161,163,164,165,168,169,173,175,176,178,179 "40";
41 92 1 8,12,16,34,40,62,69,74,82,93,95,109,112,129,140,149,183 "41";
42 117 1 5,8,12,13,21,25,34,37,42,48,49,55,58,68,83,89,100,107,111,118,126,138,140,142,143,146,147,158,166,171,174,178,180 "42";
43 10 0 0,3,5,7,10,13,14,15,18,20,23,25,26,28,33,34,37,39,42,48,51,52,53,55,61,64,65,67,69,73,75,78,83,86,90,94,95,96,99,103,106,108,110,112,115,117,119,123,124,125,127,129,132,134,136,138,140,142,146,148,151,152,154,155,157,158,159,162,163,167,171,173,175,178,183,184 "43";
44 34 0 0,3,6,9,11,12,16,17,19,25,26,28,29,31,33,40,45,47,52,54,56,59,63,65,67,70,74,75,77,80,82,83,85,88,89,91,94,98,99,102,110,111,113,118,119,123,126,130,131,133,137,148,149,155,159,160,162,163,165,166,170,171,176,178,184 "44";
45 161 0 1,2,7,11,14,22,24,29,33,36,39,47,48,59,65,76,81,84,87,88,93,97,99,101,104,107,110,114,119,121,123,125,127,129,137,143,144,149,152,154,161,166,169,171,174,176,178,179,181 "45";
46 70 0 2,10,11,13,21,26,28,29,31,32,34,37,40,41,43,46,47,49,52,57,59,61,64,67,69,71,74,75,76,84,90,96,99,102,106,107,108,109,112,123,124,125,126,129,132,135,138,139,141,143,144,148,153,156,159,162,164,165,168,170,174,177,182,184 "46";
47 16 1 0,2,4,8,10,11,14,17,21,23,24,32,35,37,38,39,51,53,60,61,63,64,66,70,72,73,76,79,84,89,91,93,96,98,100,102,107,108,109,112,113,118,120,122,124,128,131,135,141,143,145,147,148,150,153,154,157,158,161,163,164,166,169,177,178,180,184 "47";
48 90 1 1,2,6,15,21,25,28,34,37,44,50,53,55,58,60,75,81,84,88,89,91,102,103,115,125,129,131,139,156,160,165,167,174,180,183 "48";
49 21 1 2,3,5,6,9,10,12,14,16,19,21,22,25,27,34,36,41,44,46,48,51,54,58,60,63,66,67,69,71,72,74,77,78,82,85,88,90,102,111,113,115,116,117,123,125,128,131,133,134,136,137,139,142,145,146,150,151,154,157,158,163,164,165,166,168,171,172,174,176,178,179,181,182 "49";
50 183 0 0,6,29,50,55,63,72,77,88,91,106,110,113,117,124,130,133,135,140,155,160,164,165,168,173,179 "50";
51 141 0 2,16,21,22,25,34,36,38,41,46,50,59,65,71,72,75,78,80,86,88,91,102,104,106,107,110,113,116,122,123,125,127,129,131,136,140,148,152,154,155,156,159,160,162,163,172,176,183 "51";
52 1 1 6,13,32,38,55,57,88,96,103,105,108,111,120,128,130,140,152,159,163,165,179 "52";
53 21 1 0,1,5,7,11,14,19,27,31,32,37,39,45,46,50,55,59,75,76,79,83,86,93,97,100,101,104,107,110,115,116,118,119,123,125,127,132,140,143,155,159,161,163,165,169,175,180,183 "53";
54 97 1 0,3,11,40,44,46,65,71,122,127,145,154,161 "54";
55 152 1 18,53,69,70,73,90,94,103,108,121,145,148,150,152,161,177 "55";
56 13 0 6,21,32,76,84,101,135,138,140 "56";
57 76 1 7,22,25,37,50,54,60,82,91,107,109,112,121,122,124,126,147,151,157 "57";
58 105 1 8,13,22,38,40,44,50,54,66,68,77,79,84,88,91,97,105,113,117,122,141,144,167,170,172,183,184 "58";
59 136 1 15,27,30,33,37,39,44,47,54,58,60,72,80,85,88,89,93,103,117,118,156,159,168,171,173 "59";
60 174 1 10,12,16,30,73,95,124,134,144,181,182 "60";
61 85 0 5,6,9,11,18,20,22,27,29,30,32,33,35,37,39,40,44,46,49,52,54,58,68,73,80,82,88,90,91,93,96,98,100,103,107,108,112,118,120,123,126,129,131,133,138,141,144,146,150,151,153,155,160,161,165,167,168,169,175,177,178,183,184 "61";
62 74 0 2,3,6,8,10,12,16,18,19,21,23,28,29,32,35,38,39,41,43,50,53,55,58,61,63,71,72,74,76,78,83,84,85,86,88,89,93,94,96,98,99,101,102,107,111,114,122,125,129,135,141,144,145,148,153,157,162,163,167,175,177,179,181 "62";
63 93 1 0,1,3,6,8,10,13,15,17,21,22,24,27,34,38,39,44,47,49,51,52,54,57,58,60,63,64,66,68,77,79,80,82,84,86,90,93,98,99,102,103,105,106,117,119,121,123,124,127,129,130,133,139,140,142,144,146,148,150,151,152,154,156,159,168,171,173,174,177,179,180,181,184 "63";
64 37 0 0,2,3,5,7,10,13,15,18,23,24,26,27,30,33,35,37,41,47,49,51,54,56,59,60,61,63,65,66,70,72,75,77,79,82,83,85,86,90,95,97,99,103,104,106,107,109,110,111,114,117,122,126,129,130,131,135,138,139,141,144,145,146,148,149,151,152,153,154,158,167,168,171,173,174,175,181,182,183 "64";
65 108 0 6,9,15,25,28,36,43,46,59,63,71,77,89,90,94,98,100,102,106,113,123,127,128,141,151,158,161,165,174,175,182 "65";
66 22 0 2,17,21,34,40,46,51,58,79,90,94,98,105,108,109,135,138,144,147,148,152,158,176 "66";
67 39 0 0,1,3,5,7,8,9,11,13,15,18,23,25,27,29,31,32,34,35,36,38,39,40,42,46,52,53,56,57,59,60,62,64,67,69,71,74,75,78,79,81,83,85,87,90,91,97,98,101,103,105,106,109,110,113,115,116,122,125,127,129,131,133,135,137,139,140,143,144,149,150,151,154,155,156,158,160,162,164,166,169,170,174,176,177,180,182,184 "67";
68 21 1 2,6,8,9,10,18,19,34,36,38,54,59,62,66,73,80,85,90,93,101,102,115,118,126,129,132,134,144,147,152,161,163,168,171,174,178,184 "68";
69 58 1 3,4,9,14,16,27,36,37,49,59,70,74,86,98,116,120,124,126,131,155,162,179 "69";
70 179 1 3,11,15,17,20,25,28,30,36,38,40,42,45,48,53,60,63,65,71,76,78,80,81,84,86,87,90,93,95,97,99,107,110,118,121,124,135,136,141,143,145,159,161,163,168,171,174,178,182 "70";
71 14 0 0,4,6,8,9,13,14,17,20,24,27,28,29,32,34,36,37,38,39,41,42,44,46,47,51,53,59,61,65,67,70,71,75,76,79,82,84,88,92,93,97,99,100,102,103,105,107,108,111,113,114,116,117,119,121,123,124,128,129,130,132,134,135,136,137,139,140,142,144,146,148,152,154,156,157,164,166,167,169,170,171,173,176,178,180,182,184 "71";
72 138 0 1,4,8,14,21,24,27,29,32,33,34,39,44,49,51,57,62,64,66,68,71,78,80,84,86,87,89,96,98,104,108,110,112,114,120,121,126,134,136,138,139,141,145,147,148,149,151,156,167,168,173,184 "72";
73 108 0 1,3,7,8,10,11,14,15,19,21,27,29,38,43,45,47,51,53,58,60,61,64,71,72,74,78,81,86,91,93,97,100,102,104,106,112,113,116,122,127,129,131,134,136,138,139,142,146,151,154,156,158,160,162,168,169,171,173,175,178,180,182 "73";
74 7 1 58,84,100,113,115,128 "74";
75 122 0 1,5,11,14,15,20,23,26,28,33,35,41,48,51,54,57,60,61,63,67,68,71,73,76,78,82,84,85,87,92,96,101,103,110,111,113,114,124,125,127,129,136,138,139,141,143,148,153,156,165,167,169,170,173,181,184 "75";
76 124 0 5,7,14,19,26,28,37,39,41,55,57,59,62,66,81,82,92,98,104,107,110,113,118,121,122,129,134,139,146,152,159,166,170,172 "76";
77 106 1 2,7,18,23,28,40,60,75,77,81,86,92,99,123,126,130,137,142,152,162,164,165,174 "77";
78 31 1 0,2,4,5,11,15,16,18,19,20,22,27,31,32,33,34,37,39,40,42,44,46,51,55,56,57,60,62,66,68,71,72,75,77,81,83,86,88,92,94,95,98,101,103,105,106,109,113,116,118,121,123,124,126,128,129,134,138,139,142,144,146,148,151,152,156,161,163,166,169,174,176,179,181,183 "78";
79 177 0 0,1,2,4,7,9,12,13,15,17,18,20,21,25,27,29,31,34,35,41,45,48,50,51,54,56,60,61,63,65,67,69,71,72,74,79,80,85,88,89,96,98,99,101,103,108,109,110,111,113,116,117,119,121,122,124,128,130,131,134,140,141,142,145,150,151,152,155,156,157,159,160,162,163,165,166,168,171,172,176,178,181,183 "79";
80 31 1 3,5,6,7,9,10,14,17,20,23,27,30,33,37,38,41,43,45,49,50,52,55,56,59,60,62,63,66,68,69,71,73,74,75,77,79,84,85,90,91,93,94,95,99,101,108,112,113,114,123,126,128,133,136,139,145,151,152,154,156,157,159,163,165,170,175,183,184 "80";
81 67 0 3,5,7,9,10,12,14,15,20,26,28,33,34,35,41,43,44,47,50,52,57,58,60,63,65,67,69,71,73,75,78,82,84,85,90,93,100,103,104,105,111,113,115,117,120,121,122,127,128,130,131,133,134,135,141,144,145,147,148,152,153,154,158,160,161,163,165,166,168,170,172,173,175,176,179,184 "81";
82 97 1 2,12,20,30,49,53,54,68,69,113,120,122,127,132,148,161,164,177,180 "82";
83 78 0 1,2,11,17,22,24,26,29,31,33,37,60,69,74,80,84,108,112,115,116,123,131,135,140,142,145,150,160,165,170,174,176,180 "83";
84 56 1 0,1,2,4,5,9,16,20,22,24,26,32,33,36,39,46,58,62,72,75,86,93,95,99,102,106,109,112,114,116,127,128,131,135,137,139,144,145,162,165,169,174,176,182 "84";
85 30 0 6,18,62,75,80,96,101,123,127,148,162 "85";
86 131 0 6,8,10,13,15,17,18,20,23,25,26,29,32,34,37,39,41,43,44,46,48,50,52,54,55,56,58,60,62,64,67,72,76,78,82,85,90,91,93,94,99,101,103,104,106,107,109,111,113,114,116,118,122,125,127,128,131,136,142,143,144,147,150,152,154,156,159,160,161,165,166,170,171,173,174,176,177,178,181,182,184 "86";
87 115 0 2,6,12,15,19,20,21,27,36,41,42,44,47,51,56,64,71,72,75,79,80,85,89,92,97,99,100,103,105,108,109,113,116,124,139,141,143,145,150,158,164,166,168,171,177,179 "87";
88 158 0 0,3,7,9,12,16,17,20,21,31,32,33,35,36,38,41,45,46,49,57,58,61,66,67,70,72,74,77,79,81,84,85,88,89,90,93,95,98,101,103,105,107,114,115,117,121,124,127,130,135,141,145,146,148,151,157,161,163,167,170,173,174,178,181,184 "88";
89 53 1 5,8,11,14,19,20,23,28,31,32,34,40,42,44,47,49,55,57,67,72,75,77,83,85,92,99,113,119,122,130,131,133,136,138,142,148,162,170,171,173,177,178,182 "89";
90 96 0 2,16,21,36,44,55,59,66,67,69,73,80,98,103,107,112,131,144,147,158,160,162,168,176,182 "90";
91 107 1 0,3,5,6,7,9,11,12,13,18,20,23,25,27,29,34,35,38,41,43,46,48,49,52,53,55,57,62,66,68,76,80,82,85,86,90,91,95,96,97,99,100,101,103,105,107,109,113,116,118,120,121,122,123,125,126,129,132,133,135,137,139,140,141,144,145,146,148,151,152,154,157,158,160,161,164,166,168,169,171,176,179,180,182 "91";
92 75 0 1,5,7,11,16,19,24,26,28,31,32,34,37,38,42,45,50,52,53,55,60,63,70,72,74,77,79,81,83,88,91,93,95,102,104,106,110,115,117,122,125,126,128,131,137,143,152,154,156,158,161,166,173,176,177,179,181,184 "92";
93 80 1 0,1,3,4,7,8,10,12,13,15,18,20,21,23,30,32,35,37,40,41,42,43,46,48,49,51,52,53,55,57,60,64,66,67,69,70,73,76,77,82,87,89,91,96,97,100,103,107,110,111,115,116,121,122,125,128,129,132,135,136,137,139,141,143,146,148,150,151,154,155,160,161,163,166,169,171,174,177,179,180,181,183,184 "93";
94 126 1 4,32,36,39,42,54,82,99,108,121,158,161,173 "94";
95 168 0 8,10,12,13,15,21,25,27,30,33,34,36,39,42,45,46,48,51,57,58,61,63,65,66,73,75,82,84,90,97,99,102,104,106,108,109,110,113,115,116,118,122,123,124,127,129,132,134,136,139,141,144,149,150,152,153,159,162,166,169,170,173,175,180,181,182,184 "95";
96 130 0 0,4,5,6,10,12,13,15,17,18,20,21,23,25,26,27,28,30,31,33,34,36,37,41,43,44,51,53,54,55,57,59,60,62,67,68,70,73,78,82,83,84,86,87,91,92,93,95,97,100,102,104,106,107,108,109,111,112,113,114,116,118,119,120,126,128,130,132,137,138,139,140,142,143,144,150,152,154,155,157,159,161,164,166,168,170,172,173,174,175,180,181,184 "96";
97 172 1 0,2,5,6,8,10,11,13,22,29,35,43,52,54,59,60,62,63,66,69,71,76,84,85,87,89,92,94,98,109,113,117,119,120,122,126,128,129,131,132,134,141,145,146,148,152,156,161,164,170,171,177,179,181,183 "97";
98 5 1 4,6,10,15,16,21,23,24,28,31,40,49,51,64,70,89,92,100,101,103,105,108,109,111,114,115,127,132,135,137,140,145,150,152,157,159,166,169,173,176,177,181,183,184 "98";
99 80 1 11,14,30,33,34,36,41,45,55,57,59,63,73,79,84,88,91,95,99,101,104,106,109,118,121,123,125,129,130,135,136,138,143,148,150,151,156,170,173,174,177,179,181,182,184 "99";
100 63 0 2,6,8,12,18,20,22,26,32,35,38,45,46,49,52,54,58,64,71,76,83,88,89,97,102,107,108,110,121,130,134,140,142,143,145,149,152,158,170,171,173,178,180,182 "100";
101 136 1 0,4,8,9,10,13,14,15,19,21,22,24,26,27,30,34,36,37,39,43,44,47,48,49,51,52,53,57,59,60,62,63,64,66,68,69,72,77,79,81,82,86,88,89,91,98,99,102,103,104,105,108,110,111,113,114,116,118,120,122,125,127,128,129,131,132,135,137,140,141,144,146,147,149,151,153,156,159,162,163,167,168,171,173,174,178,184 "101";
102 22 0 2,7,11,16,20,24,26,28,31,36,42,49,53,61,66,68,73,76,80,88,90,91,93,103,105,106,110,117,121,128,138,140,144,147,153,156,164,166,167,170,173,178,180,183 "102";
103 60 0 0,1,5,7,12,13,14,17,19,23,24,30,33,35,36,40,43,44,45,46,51,55,56,59,60,62,64,66,70,72,73,78,81,84,86,87,91,94,98,99,100,102,103,104,105,107,111,113,114,116,117,119,120,121,123,124,128,130,132,134,136,138,140,141,143,145,147,151,156,157,159,160,161,164,168,169,172,173,176,178,179,181,183,184 "103";
104 59 0 12,13,23,30,35,41,99,109,118,120,142,149,152,166,179 "104";
105 141 1 0,8,14,15,16,21,24,26,27,29,30,32,33,35,37,38,44,47,51,52,54,64,65,67,71,73,74,76,79,81,90,91,94,101,107,109,114,116,123,141,142,147,149,158,161,164,166,168,171,176,179,181 "105";
106 109 0 2,4,8,15,16,18,20,22,24,32,37,47,70,76,97,101,106,114,119,126,127,144,146,153,156,158,160,162,169,177,179,182 "106";
107 82 0 0,3,6,8,9,10,13,15,16,18,19,20,23,26,28,31,34,35,36,39,41,45,49,53,54,58,61,64,65,66,67,70,71,76,79,81,84,85,86,88,92,93,95,97,98,99,102,104,105,108,110,111,113,114,116,118,119,121,122,123,125,127,129,131,132,134,137,140,146,147,149,150,151,152,154,156,157,160,162,164,166,167,171,173,174,175,178,180,181,183 "107";
108 18 1 0,2,3,5,6,8,10,11,13,17,18,19,21,22,23,24,25,27,32,33,36,38,40,48,49,51,53,56,59,61,62,67,69,70,71,73,76,79,81,83,84,86,90,93,95,96,97,99,102,106,108,109,111,112,113,116,119,120,121,125,127,129,130,132,138,140,141,144,146,149,150,154,157,162,169,170,174,176,177,179,180,184 "108";
109 171 1 1,3,4,5,10,12,17,21,22,25,27,30,34,44,56,58,63,68,72,74,78,79,82,84,89,90,92,94,97,99,101,103,107,108,111,118,124,128,129,131,133,136,138,140,142,147,149,152,156,159,168,169,171,172,178,182 "109";
110 28 1 4,7,10,16,18,22,27,32,34,38,44,47,49,52,61,65,66,68,73,75,78,85,89,96,97,101,102,103,105,107,108,112,114,116,117,124,128,137,141,142,143,145,146,160,162,165,167,168,170,173,177,183 "110";
111 156 1 27,32,36,40,62,79,140,149,152,158,179 "111";
112 169 0 1,5,9,12,14,16,18,24,34,40,45,48,51,54,64,65,68,76,79,82,83,86,91,94,96,97,99,100,103,107,113,114,115,120,122,125,126,127,130,138,140,142,147,151,156,158,160,166,169,173,175,179,181 "112";
113 119 1 0,1,5,7,9,13,14,18,20,22,23,24,26,29,30,31,32,37,39,43,46,47,49,50,51,53,55,58,61,62,65,66,67,70,71,73,78,82,83,85,86,87,88,90,94,95,98,100,101,103,104,108,109,110,111,117,120,123,127,132,133,134,137,144,147,149,151,154,155,157,158,160,162,163,167,168,170,171,173,175,176,180,181,183,184 "113";
114 89 0 0,1,3,5,7,11,14,15,17,20,21,23,24,26,30,33,34,38,39,43,45,47,49,52,55,58,61,66,75,82,85,87,88,95,97,99,100,102,106,113,121,126,129,132,135,140,142,143,145,146,148,151,155,168,178,184 "114";
115 103 0 0,6,8,10,11,16,19,27,38,46,58,66,74,78,88,91,94,98,102,107,110,116,121,123,130,132,135,139,141,144,153,157,164,165,174,175,177 "115";
116 155 0 3,12,16,37,40,56,69,96,115,118,121,138,150,152,181 "116";
117 174 1 1,3,5,7,10,11,14,15,18,20,33,34,36,37,46,53,55,57,63,65,66,72,74,75,77,83,86,89,90,91,94,98,106,110,112,117,119,124,126,127,136,138,140,144,146,148,150,152,153,158,162,167,175,177,178 "117";
118 41 1 0,1,4,11,13,15,18,19,21,22,27,29,30,38,46,47,61,64,66,68,74,79,80,84,87,89,92,94,97,100,102,104,106,108,112,114,116,117,119,121,123,125,126,132,143,150,153,156,160,162,165,169,171,178,179,182,184 "118";
119 28 1 0,14,16,18,20,23,25,26,28,32,33,35,37,40,42,48,51,57,59,65,68,72,75,77,79,80,86,87,89,92,94,99,108,110,111,113,117,122,130,132,136,140,149,156,159,161,162,164,166,167,169,171,173,176,178,181 "119";
120 42 0 22,28,52,60,88,92,103,122,138,141,167 "120";
121 135 0 11,17,23,32,42,44,47,57,63,67,71,75,79,82,90,94,96,100,104,108,110,120,122,130,133,136,150,161,173,178,180 "121";
122 73 0 14,18,25,26,28,37,41,55,57,63,67,75,84,86,90,91,95,102,113,126,127,144,147,155,160,173 "122";
123 19 1 0,3,24,28,39,42,53,61,69,73,79,81,82,92,95,100,102,103,105,110,113,116,139,140,143,145,148,167,169,174 "123";
124 7 0 3,5,8,23,28,35,38,44,50,53,60,63,71,75,83,85,87,88,94,102,113,124,146,155,159,160,168,169,174,176,184 "124";
125 98 0 0,2,3,5,7,12,14,16,17,18,22,25,27,29,30,31,33,35,37,39,41,44,46,49,52,54,55,58,60,61,63,65,66,68,75,80,81,83,85,86,87,88,90,92,93,96,97,103,106,108,109,112,113,114,116,118,119,120,122,123,127,130,132,133,135,136,138,139,141,143,146,150,155,157,159,161,162,164,165,166,168,170,173,179,180,183,184 "125";
126 168 0 1,3,4,9,15,16,17,19,20,22,23,25,26,29,31,33,34,40,48,49,54,55,60,62,64,67,73,74,76,78,84,86,91,92,96,101,104,106,108,110,111,112,116,118,119,121,129,130,133,135,137,138,140,143,145,148,149,151,157,164,166,167,168,171,173,174,178,179,182,184 "126";
127 111 1 1,3,5,7,9,11,12,14,16,19,20,21,22,24,25,26,29,30,33,35,37,40,42,44,46,48,50,51,52,58,60,62,64,66,68,72,75,83,84,86,87,89,91,94,95,96,97,99,100,102,104,106,107,111,112,116,117,121,125,126,128,130,132,134,135,136,139,140,142,146,149,152,154,160,161,162,165,167,169,171,172,173,176,177,178,180,183,184 "127";
128 126 1 2,13,17,43,58,66,82,88,95,96,106,108,116,120,124,135,150,158,159,170,181 "128";
129 53 1 0,3,4,9,12,15,19,20,22,24,26,27,29,32,35,37,39,41,43,45,46,49,50,51,57,59,60,61,64,68,69,70,72,73,74,77,80,82,90,94,98,99,101,104,105,107,108,111,118,120,124,126,131,135,136,139,141,143,144,150,151,155,156,158,164,166,170,175,182,183 "129";
130 52 0 8,15,21,29,41,75,81,95,100,102,110,114,137,145,146,162,176,184 "130";
131 185 1 2,4,6,8,9,11,14,16,18,19,21,23,25,26,28,29,30,31,37,40,42,44,46,47,53,54,56,57,58,59,61,62,64,66,67,69,71,73,75,80,81,82,84,85,87,91,93,96,97,99,101,102,103,105,108,111,112,113,116,118,120,122,123,124,127,129,131,132,135,137,140,143,145,146,150,152,157,161,162,164,166,169,171,173,174,175,178,179,183 "131";
132 150 0 0,3,7,9,11,12,13,15,20,21,26,28,30,41,45,51,53,54,58,61,65,71,73,74,77,81,83,88,91,95,97,98,103,105,107,108,112,116,124,125,130,133,137,138,142,145,147,148,149,152,155,159,161,164,169,173,176,178,184 "132";
133 43 1 2,4,7,8,14,17,18,21,27,30,31,33,35,36,42,43,44,50,55,56,57,59,60,62,65,67,72,73,75,77,78,79,80,82,83,85,86,88,91,95,99,100,102,106,110,113,114,116,117,118,121,122,123,125,126,133,135,137,138,141,143,145,146,149,150,151,152,154,157,161,162,164,168,170,172,175,177,183 "133";
134 76 1 11,15,19,20,22,26,31,40,46,48,49,51,65,68,74,75,83,86,92,94,101,103,107,111,114,119,133,155,161,162,166,178,180 "134";
135 116 0 0,1,9,12,18,23,27,28,30,31,33,37,39,44,45,47,58,63,71,74,77,85,90,92,94,97,107,121,125,129,130,132,134,139,142,149,152,162,164,166,167,172,181,184 "135";
136 155 0 3,5,13,16,20,35,47,51,58,65,83,85,108,112,122,123,127,137,139,140,144,173 "136";
137 79 1 1,4,5,8,12,15,17,19,22,25,27,34,38,42,45,46,49,55,58,61,63,67,68,70,72,74,76,80,81,82,84,87,90,95,99,103,105,107,109,112,119,121,124,126,127,128,130,136,137,138,141,143,144,146,154,155,158,165,166,168,172,175,178 "137";
138 85 0 2,7,21,24,32,35,36,44,46,49,54,61,62,74,77,92,93,97,100,102,103,105,120,122,123,127,133,135,140,142,146,150,162,164,173,180 "138";
139 182 0 9,11,17,22,31,38,46,48,51,52,57,59,61,65,68,69,73,77,79,81,82,84,85,88,89,93,97,101,103,106,109,112,114,121,126,131,134,135,136,144,147,149,151,153,156,157,158,160,162,164,166,168,174,176,178,180,182,183 "139";
140 171 1 4,7,9,16,25,26,28,29,34,37,40,41,42,44,48,56,67,70,71,74,78,81,82,88,91,95,97,105,106,109,110,112,115,120,125,135,140,144,147,149,157,159,163,169,171,177,181 "140";
141 53 1 0,4,6,9,13,14,16,18,21,23,25,26,27,31,36,38,41,44,45,47,48,51,53,54,56,62,64,66,68,69,71,73,74,80,85,89,92,95,98,101,108,109,112,119,125,126,131,132,133,135,138,140,141,143,144,145,152,155,159,160,162,168,169,171,174,177,181,183 "141";
142 42 0 1,9,12,16,19,20,22,29,30,34,39,42,49,51,52,64,74,80,87,90,94,98,105,107,109,112,118,123,127,129,134,137,140,141,142,146,149,151,156,163,176,178,182 "142";
143 84 0 50,56,76,110,112,123,135,149,166 "143";
144 84 0 4,55,125,144,148,157 "144";
145 21 0 1,14,25,28,33,42,51,57,73,77,92,94,98,110,113,124,138,155,171,173,182,184 "145";
146 99 0 38,46,53,150 "146";
147 19 0 1,8,11,12,14,20,23,39,43,44,49,51,53,54,56,58,62,64,65,66,67,70,74,76,77,79,86,89,90,92,101,103,107,112,116,120,124,126,128,130,132,133,134,138,143,144,153,158,161,163,167,172,173,175,179,182,184 "147";
148 185 1 2,3,6,8,9,11,14,16,17,19,20,22,24,25,26,28,30,32,34,38,39,41,43,45,47,48,49,50,52,54,56,59,65,68,69,73,74,76,78,81,83,85,87,90,93,95,96,98,101,103,104,107,109,112,117,118,121,123,125,127,129,130,133,135,136,138,139,140,142,144,146,148,149,151,152,153,155,158,159,160,161,165,166,167,169,171,172,174,178,179,184 "148";
149 168 1 0,1,2,3,8,13,14,18,19,22,27,29,31,35,44,48,51,52,58,61,63,64,65,69,70,76,79,80,82,84,86,90,92,96,100,102,104,107,112,113,117,119,123,125,126,129,131,133,135,137,138,141,142,143,144,146,149,152,155,156,160,161,172,174,176,178,181 "149";
150 99 1 3,7,9,11,16,18,21,23,25,28,30,32,35,39,41,45,46,51,57,61,62,64,66,71,73,75,77,79,81,88,89,90,92,94,96,101,103,105,107,110,115,117,120,122,125,127,128,131,133,135,137,138,143,144,146,148,150,153,157,158,162,165,169,172,175,176,178,182,184 "150";
151 72 0 3,8,9,12,14,17,22,26,30,32,33,38,40,43,46,49,53,57,61,70,72,80,84,85,89,102,113,115,118,124,135,141,152,154,157,164,169,172,177 "151";
152 180 1 0,1,3,9,13,14,15,18,24,26,27,30,32,35,37,39,40,52,53,54,57,59,63,66,68,70,72,76,81,82,86,88,90,93,95,98,99,101,104,109,114,118,120,121,124,126,129,131,132,133,134,135,137,139,141,143,145,147,149,150,155,156,159,160,162,163,165,172,174,180,182 "152";
153 160 0 0,8,13,21,23,25,28,34,38,40,46,51,54,56,64,67,69,70,71,76,80,85,87,88,89,90,96,104,109,111,112,114,120,121,131,132,136,151,153,157,159,160,167,173,175,178,180 "153";
154 175 0 2,4,6,8,11,13,15,17,19,21,23,25,27,28,35,37,39,41,43,45,46,49,50,57,59,61,62,65,71,73,74,78,80,85,87,92,95,98,100,104,106,108,109,113,115,117,118,121,122,124,126,129,130,135,137,138,146,147,150,152,157,158,159,161,163,167,169,172,174,176,178,180,182,184 "154";
155 56 1 1,4,21,23,27,29,32,36,59,64,70,77,90,103,115,117,126,130,134,137,149,152,155,159,165,180 "155";
156 95 1 0,1,3,7,8,11,14,17,19,23,25,27,29,32,33,35,36,43,48,49,51,54,57,58,59,61,66,69,71,72,75,78,81,83,88,91,92,96,98,99,101,102,104,106,108,109,110,114,116,119,123,125,127,129,132,135,137,140,142,144,145,146,153,154,156,157,161,162,165,168,170,173,175,180,182,183 "156";
157 167 0 0,1,6,9,14,18,19,23,25,27,29,34,35,36,41,44,46,50,51,52,54,57,58,60,64,65,70,71,73,76,79,82,83,85,88,93,95,99,101,104,105,107,109,114,115,118,123,124,126,130,134,140,144,146,149,150,152,154,157,160,162,164,168,170,172,176,178,179,182,183 "157";
158 122 0 5,14,25,29,53,57,81,87,95,104,117,142,152,165,170,172 "158";
159 49 1 3,5,7,11,14,16,23,26,29,30,31,46,50,55,57,64,66,75,78,80,86,90,91,94,98,99,100,105,107,110,121,123,124,125,126,136,139,145,154,160,161,169,172,175,179,184 "159";
160 88 0 1,2,5,7,8,9,10,12,13,17,19,21,24,25,27,31,36,40,41,43,45,46,48,52,55,62,63,69,71,74,79,80,82,84,85,88,90,95,97,100,103,105,106,113,117,118,120,122,125,129,132,133,134,136,139,140,141,145,146,147,149,151,152,154,155,157,158,159,162,163,168,170,172,173,175,178,181,182,183,184 "160";
161 162 0 2,22,40,55,71,76,110,116,136,140,154,159,172,174,177,178,179,184 "161";
162 34 0 2,4,10,11,13,32,46,50,56,63,75,76,78,81,83,86,95,99,101,108,111,121,124,132,135,141,144,147,152,154,155,159,167,177 "162";
163 48 1 5,9,20,25,33,45,47,55,64,71,80,108,118,120,124,145,151,158,163,168,172,178,180 "163";
164 4 0 4,6,7,16,22,24,28,30,32,36,37,43,44,45,47,48,51,58,59,61,65,66,69,70,72,74,76,77,78,80,82,84,85,87,88,96,98,105,106,110,111,113,114,115,118,119,121,122,124,125,132,135,137,139,143,144,146,148,150,153,154,156,157,160,165,167,171,175,178,184 "164";
165 184 0 2,6,8,14,17,22,23,24,27,30,33,35,36,42,48,53,54,60,63,69,71,74,76,81,89,90,105,106,112,113,115,118,122,125,128,129,134,137,141,142,144,151,156,160,167,171,175,177,183 "165";
166 124 1 2,21,42,49,59,62,68,79,81,96,100,106,110,119,123,145,151,155,162,171,172,175,184 "166";
167 68 1 1,3,16,21,37,48,51,72,75,92,95,97,101,108,109,121,124,127,129,149,152,155,159,174,175,177 "167";
168 166 0 0,1,3,6,9,12,13,15,24,28,31,35,45,47,67,77,78,79,83,85,87,89,99,102,104,110,112,115,117,120,124,125,127,128,130,132,137,140,142,144,151,154,156,158,163,168,172,174,175,177,179,183 "168";
169 47 1 8,9,12,15,27,54,60,62,66,75,78,85,96,100,117,119,121,125,130,131,138,140,144,146,147,159,164,166,169,170,179,183 "169";
170 20 1 0,4,6,7,9,16,21,23,24,25,27,33,36,40,41,42,46,47,50,51,52,54,56,57,59,63,65,67,68,72,74,81,83,85,87,91,93,95,100,101,103,105,109,113,115,117,118,123,124,126,128,132,135,140,143,146,150,154,156,158,160,161,166,174,175,179,181,183,184 "170";
171 142 0 1,4,7,10,12,13,15,17,18,20,24,26,27,31,33,34,36,41,42,45,47,49,51,53,56,59,61,64,67,69,71,72,74,75,76,78,81,86,90,92,94,95,97,101,103,105,107,108,110,111,114,117,118,123,124,128,130,131,133,136,138,142,146,147,153,155,156,158,159,165,167,168,171,177,183 "171";
172 53 1 3,5,10,12,20,22,26,30,32,36,40,43,46,52,53,55,58,60,65,69,75,77,78,81,88,93,97,100,108,111,113,119,124,125,129,131,135,138,141,142,149,154,164,166,168,169,171,175,180 "172";
173 97 0 10,14,15,20,29,45,47,54,57,59,65,68,72,81,91,94,104,107,122,123,127,134,138,151,159,170,177,183 "173";
174 164 1 3,10,16,17,19,28,42,44,47,55,57,58,61,62,66,72,77,122,146,152,163,166,167,171,180 "174";
175 128 0 5,7,15,17,21,25,29,45,49,56,62,69,75,77,82,90,92,105,115,124,126,135,138,144,149,157,167,172,174 "175";
176 55 1 0,3,6,11,17,20,28,30,32,37,42,45,51,52,53,56,60,62,65,71,74,75,84,88,92,96,97,98,100,101,104,109,110,111,113,114,116,129,131,133,134,138,142,144,146,149,151,161,163,164,169,175,177,179,182 "176";
177 106 1 0,17,23,25,36,51,54,58,63,66,77,79,85,87,93,94,104,109,114,120,125,133,145,152,156,157,159,161,168,184 "177";
178 117 1 9,13,17,20,22,24,26,28,29,34,36,38,39,41,43,45,49,52,53,54,57,58,60,62,66,67,69,71,74,75,76,78,81,89,91,93,96,98,100,101,103,104,106,110,114,117,121,123,128,132,133,137,139,141,144,149,151,158,159,163,165,167,169,172,175,176,179,180,183 "178";
179 75 0 0,4,5,7,8,10,11,12,14,16,17,19,21,22,25,27,29,32,34,35,38,45,46,51,53,55,57,58,60,62,63,64,67,69,72,73,76,79,81,84,85,87,89,90,92,94,98,103,105,110,111,113,114,115,117,118,120,121,123,126,129,133,134,136,139,142,144,147,148,149,151,154,155,157,159,160,165,166,170,172,173,175,177,180,181,183 "179";
180 40 0 0,2,10,13,15,17,22,26,34,41,61,63,66,68,71,81,85,103,108,110,113,117,120,128,142,148,151,155,156,158,161,165,173,177,181 "180";
181 158 1 12,36,49,51,60,96,122,125,140,144,153,178 "181";
182 47 1 1,15,18,27,31,34,45,49,50,54,66,70,72,81,87,93,95,97,102,103,109,111,119,125,129,133,135,137,140,143,148,153,157,165,168,170,176,182 "182";
183 27 0 32,36,38,57,59,77,90,99,124,141,149,157,162 "183";
184 15 1 1,6,8,10,11,13,15,17,21,22,26,27,29,31,32,37,42,43,50,55,57,58,61,63,65,67,69,70,74,77,79,81,82,83,85,89,91,93,96,100,110,114,116,117,118,121,124,126,127,131,132,135,137,141,142,145,146,152,155,159,161,162,166,167,168,170,171,173,174,176,181,183 "184";
