parity 104;
0 76 0 2,5,7,8,10,13,15,16,17,19,20,21,23,25,26,27,29,30,34,39,41,44,47,48,50,51,53,55,57,58,59,61,62,64,65,67,68,72,74,75,77,78,81,84,87,89,90,94,95,97,98,100,103 "0";
1 40 0 15,35,56,70,78 "1";
2 95 0 0,4,7,12,14,19,23,25,32,33,38,39,46,53,62,66,75,77,80,83,86,94,96,98,100 "2";
3 69 0 0,2,3,4,7,8,10,13,16,17,20,22,23,25,26,28,34,35,37,38,40,41,43,44,45,47,48,50,55,56,58,61,63,65,67,69,70,75,77,78,82,85,86,87,91,94,97,100,102,103,104 "3";
4 44 1 3,6,7,9,10,17,18,19,24,31,32,38,42,47,50,67,74,79,96,104 "4";
5 71 0 50,62,65,85,102 "5";
6 87 0 4,6,8,10,12,19,20,27,32,37,38,40,42,46,49,56,67,76,94,101 "6";
7 93 0 0,9,12,13,23,25,27,29,35,40,44,51,56,58,64,66,71,73,84,89,93,94,96,98 "7";
8 16 1 41,63,68,82,92 "8";
9 80 1 29,55,102 "9";
10 60 0 3,4,6,8,11,15,17,19,20,23,25,27,29,31,34,35,36,40,41,45,46,49,51,53,54,56,59,60,65,67,70,71,79,84,85,91,92,97,99,101,103,104 "10";
11 37 0 3,10,13,18,20,26,31,47,49,52,53,54,56,60,62,65,67,69,72,74,84,86,92,99,101,104 "11";
12 68 1 3,6,8,11,15,18,19,21,24,26,28,40,46,49,52,57,61,64,68,70,71,76,77,80,81,85,88,91,92,99,102,104 "12";
13 58 0 0,6,10,12,15,23,24,26,28,32,35,38,40,41,43,47,53,58,61,66,69,71,73,79,85,87,90,92,94,95,97,98,102,103 "13";
14 39 1 2,4,6,7,8,12,13,15,16,19,30,31,33,35,37,38,40,41,42,44,45,53,55,56,57,59,61,62,64,66,69,70,72,74,75,77,79,80,82,84,86,87,89,91,93,95,99,100,101,103,104 "14";
15 49 0 7,9,21,23,25,32,43,53,58,66,80,102,103 "15";
16 18 0 20,30,41,47,51,58,79,83,85,91,98,104 "16";
17 38 1 4,5,10,13,16,18,25,30,34,47,51,54,59,61,64,70,74,76,78,81,85,89,93,96,99,100,102,104 "17";
18 91 1 1,7,9,11,16,22,30,33,38,42,45,48,50,70,72,82,83,86,93,98 "18";
19 85 0 27,34,38,57,61,68,78,79,104 "19";
20 84 1 1,2,4,6,14,19,21,26,38,41,43,46,52,53,55,61,63,67,71,73,77,79,81,83,86,92 "20";
21 87 0 28,36,48,73,78,80,87,90,103 "21";
22 26 1 1,3,6,10,13,14,17,20,21,23,25,26,27,29,32,33,35,36,40,42,43,46,48,55,57,60,62,64,68,70,77,78,80,84,87,88,89,92,95,99,101,103 "22";
23 94 1 7,20,39,52,66,85 "23";
24 20 1 0,2,5,6,10,12,13,15,20,21,24,25,29,30,31,36,38,42,43,45,46,48,49,50,53,55,56,57,58,62,64,66,67,68,70,72,77,78,81,84,86,89,91,93,94,97,100,102 "24";
25 77 1 1,3,5,7,10,12,15,17,18,19,20,22,26,27,29,31,32,35,36,37,42,44,46,48,49,50,52,54,56,58,63,65,66,68,69,70,73,75,76,78,80,84,86,89,90,91,94,95,97,99,100,101,103 "25";
26 61 0 0,1,4,6,8,12,14,17,18,20,23,24,26,27,33,36,38,39,41,43,45,49,51,54,56,57,58,62,63,65,66,67,69,71,74,76,81,83,85,87,91,92,94,96,98,101,102,103 "26";
27 87 1 1,4,6,7,9,13,14,16,22,27,41,44,48,54,56,57,60,66,69,71,73,79,89,92,94,96,98,101 "27";
28 88 1 0,2,5,8,12,14,19,21,22,24,26,27,34,36,40,42,44,48,49,53,56,58,59,61,65,66,68,70,75,76,77,79,81,83,88,90,92,94,97,98,102,103 "28";
29 83 0 17,20,37 "29";
30 52 1 1,15,20,25,28,32,54,62,79,82,101 "30";
31 66 1 3,4,6,7,10,11,15,18,21,25,27,28,29,30,32,36,38,46,47,49,52,55,58,60,63,64,65,67,69,70,75,78,81,82,85,88,90,93,96,101,104 "31";
32 66 1 8,14,20,21,26,30,32,33,37,42,46,50,51,53,56,58,61,63,65,67,71,72,76,82,87,88,90,92,94,97,103,104 "32";
33 97 0 5,12,89,96 "33";
34 32 1 0,6,8,9,11,13,19,23,26,28,32,34,36,38,39,41,49,50,52,55,58,64,69,72,73,75,77,81,82,84,85,86,88,90,93,94,98,102,104 "34";
35 35 0 18,30,38,40,48,49,61,65,68,70,78,80,85,87,90,96,104 "35";
36 4 0 1,2,5,6,12,13,15,17,18,20,22,23,25,26,29,30,33,34,36,38,41,43,44,46,47,49,51,53,55,58,63,64,68,70,71,73,74,76,78,82,84,86,88,90,94,95,98,100,102 "36";
37 19 0 4,5,11,12,14,17,18,23,25,26,27,29,30,33,35,37,44,47,49,51,53,55,57,60,62,63,65,67,68,70,72,74,76,78,80,83,85,91,93,96,98,104 "37";
38 5 0 10,71 "38";
39 5 1 22,27,42,58,81,101 "39";
40 76 0 2,6,8,16,23,27,31,34,40,42,49,56,64,69,71,78,80,93 "40";
41 49 0 8,15,38,48,50,67,76 "41";
42 68 0 8,17,32,41,72,84,85,99,100 "42";
43 98 0 6,8,12,30,33,38,44,55,63,65,71,79,89,102,103 "43";
44 78 0 7,10,13,16,22,36,52,54,56,59,64,73,75,77,84,89,92,96,98 "44";
45 96 1 4,7,10,15,17,18,23,32,37,39,43,45,49,52,53,55,57,63,66,68,69,77,89,93,97,100 "45";
46 75 1 3,9,10,18,19,23,26,32,39,45,48,51,52,60,61,65,66,69,78,80,82,83,90,93,94,98,101,103 "46";
47 34 1 2,4,5,7,12,13,16,18,20,21,22,23,24,26,30,33,35,36,38,42,43,45,48,49,50,52,53,57,58,60,61,62,66,67,68,70,72,73,74,78,80,81,84,86,87,89,91,95,97,98,100,103,104 "47";
48 34 0 2,5,6,8,12,15,22,26,34,42,50,54,57,59,71,74,77,82,91,97,100 "48";
49 46 1 0,1,4,5,7,14,16,20,22,23,26,27,32,34,38,45,52,53,57,58,64,66,75,80,83,86,87,89,91,96,97,98,100,104 "49";
50 45 1 2,3,5,9,13,15,21,24,26,34,35,36,39,41,42,45,50,51,53,56,58,61,63,67,72,75,77,84,87,90,93,96,98 "50";
51 73 0 1,3,5,8,11,12,24,28,31,34,42,52,59,67,70,75,77,81,83,86,94,102 "51";
52 8 0 0,2,3,5,6,7,9,10,12,13,15,17,18,19,20,24,27,29,31,33,34,35,37,38,39,42,43,44,51,53,57,59,62,65,68,70,72,76,78,80,82,86,89,91,93,95,97,101,102,103,104 "52";
53 78 1 5,19,27,34,40,47,60,73,75,79,82 "53";
54 8 1 1,2,6,8,11,15,20,25,28,32,35,38,39,40,42,43,45,51,52,54,55,60,62,76,81,82,85,90,92,94,95,100,102 "54";
55 98 1 72,90 "55";
56 9 1 1,3,4,7,8,10,12,14,15,17,20,22,23,26,27,28,29,32,33,35,39,40,43,44,48,52,53,55,56,58,61,62,64,66,70,72,75,77,80,85,87,89,92,93,97,98,100,102,103 "56";
57 102 1 0,1,3,4,6,12,18,21,23,24,31,32,36,38,39,41,44,45,47,49,52,53,55,56,59,61,64,67,69,70,71,73,75,81,82,83,86,87,89,91,93,96,98,99,102,104 "57";
58 49 1 1,2,3,4,7,9,11,12,14,15,16,19,22,25,28,29,33,34,36,37,38,41,46,49,50,53,55,59,60,62,63,67,69,70,72,75,79,81,82,86,91,92,93,96,98,99,100,101,103,104 "58";
59 14 0 0,3,4,7,8,12,13,17,20,21,25,28,29,31,34,39,43,46,47,50,52,54,55,56,58,59,62,65,68,69,70,72,76,79,81,82,83,84,86,88,90,93,94,98,100,102 "59";
60 37 0 2,5,7,10,13,16,20,21,24,26,29,33,35,38,39,41,43,47,49,51,52,56,57,59,61,63,65,66,71,73,75,76,81,83,85,87,89,96,97,100,103 "60";
61 58 1 65,70 "61";
62 41 1 0,7,9,10,20,21,26,29,31,32,43,45,46,50,52,56,58,59,60,62,66,68,70,73,74,76,78,80,87,89,93,95,96,97,98 "62";
63 43 1 3,6,7,11,12,14,15,17,19,21,22,23,25,28,29,31,35,37,40,41,42,46,48,51,52,58,60,63,68,75,80,81,88,90,91,97 "63";
64 5 0 1,3,5,8,11,17,19,21,23,30,33,34,36,38,46,48,50,55,57,59,63,64,65,68,69,70,73,75,77,79,81,83,89,91,93,97,100,101,102,103,104 "64";
65 86 0 3,12,23,45,48,54,83,87,101 "65";
66 70 1 1,2,3,5,19,21,25,28,40,42,44,46,47,51,53,57,62,65,72,75,77,79,80,82,84,88,89,91,98,100,101 "66";
67 102 1 0,3,5,7,9,11,13,15,20,23,26,28,30,33,36,37,38,40,42,44,45,47,48,62,64,66,69,70,72,75,77,80,81,83,84,86,91,94,97,101,104 "67";
68 96 0 9,15,23,27,35,37,62,71,74,80,86,88,92,95 "68";
69 8 1 2,5,6,7,12,13,16,18,19,22,26,28,32,35,37,41,43,45,47,58,59,60,62,70,72,76,78,81,85,86,88,93,97,99,102 "69";
70 55 1 9,12,17,27,31,45,64,75,79,93,104 "70";
71 60 1 18,22,43,47,48,51,54,55,78,87,94,97,99 "71";
72 100 1 2,4,6,16,19,23,34,43,50,53,55,57,62,63,69,72,85,93,97,99,104 "72";
73 93 1 5,8,17,28,35,52,54,56,58,68,76,86,88,92,94 "73";
74 67 1 5,8,33,64,66,83,87,102 "74";
75 90 0 0,3,4,5,9,13,20,22,27,32,34,35,36,40,41,44,46,47,48,51,53,57,60,63,64,67,69,71,73,76,78,80,82,85,87,90,91,95,96,97,98,103 "75";
76 76 1 0,1,4,5,6,7,8,10,13,20,22,23,27,28,32,33,37,41,42,44,46,47,49,50,51,55,56,58,61,62,63,65,66,68,71,72,74,75,76,78,81,82,84,87,88,89,90,91,98,100,102,104 "76";
77 43 1 0,9,17,21,32,35,43,45,60,65,85,95,96,104 "77";
78 39 0 0,7,11,20,28,39,40,47,51,54,62,67,69,70,74,78,84,88,90,91,98,99,100 "78";
79 71 1 0,2,3,5,9,13,21,22,27,29,30,32,34,37,40,42,45,50,58,62,65,68,69,71,74,76,81,83,86,88,90,91,95,97,100 "79";
80 53 0 0,3,8,10,12,13,16,17,18,20,22,24,26,29,39,42,44,49,52,54,56,57,60,66,67,74,75,80,83,87,89,91,93,94,95,96,99,104 "80";
81 70 0 1,5,9,12,15,18,19,21,23,25,26,31,32,40,45,52,55,57,58,62,63,67,73,76,77,78,82,87,89,91,92,95,99,100,104 "81";
82 95 1 1,7,11,19,24,28,39,42,44,47,59,75,79,82,85,87,91,97 "82";
83 24 1 2,3,5,8,9,10,13,15,17,19,21,26,28,29,31,33,36,38,44,49,56,61,64,66,70,72,73,78,79,80,82,89,92,93,97,98,100,102,103,104 "83";
84 48 0 1,5,8,14,25,27,30,34,61,63,64,71,76,87,88,94,97,98 "84";
85 46 0 15,16,18,19,25,28,33,34,55,71,73,77,86 "85";
86 47 0 64,76,103 "86";
87 101 1 1,8,11,13,14,15,18,19,23,29,34,36,37,40,44,45,49,51,54,56,62,64,67,69,70,80,81,82,85,86,90,92,95,97,101,104 "87";
88 8 1 3,7,12,17,25,26,30,33,36,41,42,43,48,57,63,65,73,75,76,79,80,82,90,92,93,102,103 "88";
89 3 1 3,5,7,9,11,13,14,18,20,21,24,28,29,32,33,35,41,42,47,52,54,56,59,61,62,66,67,70,71,75,78,80,81,83,84,86,88,90,91,93,94,97,102 "89";
90 49 0 0,2,3,6,9,10,13,14,18,24,28,30,34,38,40,45,47,56,61,64,68,71,79,82,86,87,89,92,93,94,95,99,100,102,104 "90";
91 40 1 21,26,29,39,48,55,56,60,66,85 "91";
92 96 0 2,10,12,15,18,26,27,34,41,42,45,46,49,50,51,53,55,59,60,63,66,71,74,79,93,94,98,99,100,103 "92";
93 18 0 0,2,3,7,13,14,16,24,25,27,28,30,33,34,38,42,43,45,50,53,58,61,62,67,70,72,73,75,78,86,89,93,97,101,102 "93";
94 22 1 1,4,7,15,17,19,20,22,25,26,35,39,45,46,50,51,53,55,58,62,65,68,71,73,75,77,83,90,92,96,98,101 "94";
95 67 0 18,25,28,39,42,51,53,65,66,68,71,78,79,95,96,98,102 "95";
96 78 0 0,1,2,3,10,13,14,15,20,23,25,31,33,34,40,42,43,46,49,51,55,60,62,64,68,74,80,81,84,89,90,91,93,95,98,99,103,104 "96";
97 38 1 1,5,6,7,8,12,14,16,18,20,22,24,26,28,30,31,32,34,36,38,41,45,48,49,51,53,54,55,57,58,61,66,67,69,71,72,74,75,77,78,81,82,85,87,89,91,93,94,99,102,104 "97";
98 73 1 2,5,6,7,8,12,13,17,18,19,23,24,26,28,30,33,34,37,38,39,41,43,44,47,49,53,54,57,59,62,63,64,68,69,71,73,75,80,81,83,85,87,88,90,91,93,96,100,102 "98";
99 55 1 1,4,5,6,7,11,16,18,20,21,23,25,26,28,30,32,37,40,44,46,47,50,53,54,59,62,65,68,70,72,75,78,86,91,92,96,97,100,102 "99";
100 45 0 0,13,14,17,19,20,22,23,26,38,41,47,48,49,61,68,69,75,78,80,83,85,87,89,90,96,97,101,104 "100";
101 62 0 0,2,3,5,6,8,10,11,15,17,20,22,23,25,27,29,31,32,34,36,37,39,40,44,45,47,51,52,54,57,59,62,63,66,67,68,70,72,74,75,77,78,81,83,84,86,89,91,99,100,102 "101";
102 42 1 3,7,12,13,17,22,24,28,30,33,37,40,42,47,50,52,54,56,58,59,63,64,65,72,73,75,76,78,79,80,83,86,89,90,92,98,99,103 "102";
103 84 0 1,2,4,7,10,11,14,15,18,22,27,29,32,34,36,42,47,54,55,57,58,60,72,74,76,78,80,84,86,94,96,99,101,102 "103";
104 64 1 5,7,10,16,18,21,22,23,27,29,33,35,38,39,41,42,45,47,49,52,54,55,58,60,62,67,68,70,72,75,78,80,83,84,85,87,90,92,94,96,98,100,104 "104";
