parity 180;
0 123 1 0,2,11,24,38,63,64,99,114,129,132,147,178 "0";
1 167 1 38,42,47,64,76,79,115,126,138,148 "1";
2 100 1 17,19,27,38,41,44,55,78,80,89,93,95,108,110,114,116,118,123,165,176,180 "2";
3 123 0 1,5,6,8,9,12,15,18,19,21,23,29,32,34,37,40,42,51,54,61,62,64,66,68,70,73,81,86,88,91,94,96,100,101,103,106,108,111,116,119,121,122,124,125,129,132,134,138,140,141,143,151,155,158,159,160,164,175,176,177 "3";
4 181 0 16,28,41,47,62,90,136,173 "4";
5 75 1 2,5,7,9,11,12,14,15,24,26,29,36,37,39,40,42,43,45,49,52,53,54,56,58,61,63,65,68,69,71,72,73,77,83,85,90,93,95,97,99,102,104,106,107,109,111,113,116,118,121,124,128,130,132,133,135,136,138,144,150,155,163,165,167,169,172,177,179 "5";
6 92 1 4,19,25,35,40,42,47,52,53,57,58,64,65,67,70,77,84,87,88,97,98,105,109,113,115,117,120,122,134,141,147,154,157,160,162,170,173,175 "6";
7 90 1 17,24,38,50,54,61,116,134,137,142,154,174,178 "7";
8 167 1 0,2,4,7,12,14,15,17,18,20,23,24,26,28,31,32,33,34,36,38,40,42,46,49,51,52,58,61,63,65,66,68,70,72,75,78,79,82,83,85,87,88,96,98,99,104,107,109,111,112,113,114,117,118,120,122,125,127,130,134,137,140,141,142,144,146,149,152,154,155,157,158,160,162,163,165,166,172,175,177,178,180 "8";
9 34 0 4,25,28,44,49,51,54,57,62,64,73,74,80,82,84,87,88,91,96,97,103,105,107,108,111,113,115,118,122,133,140,148,153,155,156,163,172,177 "9";
10 112 1 12,35,40,44,53,54,69,73,122,128,134,143,145,149,154,157,162,167 "10";
11 160 0 3,6,7,11,16,23,24,27,40,42,44,49,58,63,74,76,77,82,87,90,93,100,114,116,118,121,126,131,132,134,139,144,149,159,161,166,170,179 "11";
12 101 0 0,1,2,10,12,20,22,24,31,32,36,45,48,51,60,63,65,66,68,70,72,78,79,82,87,92,93,95,99,102,103,113,118,120,122,127,134,136,145,148,150,153,159,160,162,164,172,179 "12";
13 8 1 0,2,8,10,12,14,24,26,29,40,43,48,54,61,68,69,70,76,79,88,91,98,105,109,115,118,121,124,125,127,133,149,150,154,156,161,165,169,171,174,177,179 "13";
14 22 0 5,6,9,11,14,16,18,20,26,27,28,31,32,34,37,38,41,54,57,59,62,68,73,74,76,77,78,79,81,84,86,88,89,96,97,98,100,103,104,106,109,110,113,115,117,118,120,123,124,125,127,134,137,138,140,141,144,145,146,147,150,153,154,156,162,164,168,170,180 "14";
15 106 0 0,3,4,7,9,12,15,16,19,20,23,25,32,34,36,37,41,43,47,49,50,53,55,59,61,64,67,74,80,82,83,86,87,89,91,92,96,102,108,110,113,114,116,117,120,123,124,126,128,130,131,133,134,137,142,143,145,150,151,153,156,159,160,161,163,165,173,174,176 "15";
16 93 0 1,2,5,7,9,16,17,19,25,30,32,33,34,36,40,43,45,46,47,50,53,55,58,60,61,63,65,67,68,71,72,74,76,78,82,89,93,95,99,101,105,106,107,112,113,117,118,122,124,126,130,133,134,136,138,142,144,149,151,154,155,164,165,169,176,177,178,180 "16";
17 81 1 20,21,27,28,35,41,44,49,52,79,85,101,146,151,161,168 "17";
18 63 1 1,3,5,7,8,11,13,17,19,22,25,26,28,29,31,33,36,38,43,45,46,48,49,52,55,57,62,63,65,66,70,71,78,79,81,82,84,85,86,88,90,91,94,96,97,99,101,102,107,108,109,112,114,121,122,124,126,128,131,134,135,137,139,143,145,148,151,152,155,156,157,158,161,163,168,174,176,178,180 "18";
19 170 1 1,4,6,7,8,14,16,19,23,24,27,28,30,33,34,38,40,42,44,45,46,47,49,50,52,54,56,62,64,65,66,67,70,71,72,73,75,77,79,81,83,84,85,88,89,90,92,96,99,100,101,105,108,111,114,117,118,119,123,124,126,129,131,133,135,140,141,142,145,148,150,151,152,157,159,160,162,164,166,168,170,173,174,175,177,180 "19";
20 20 0 0,2,4,7,12,14,16,18,24,28,34,35,37,39,40,42,44,45,49,50,51,53,56,58,59,60,61,63,66,68,69,74,75,77,80,82,84,86,88,91,92,95,99,102,106,108,110,111,114,116,117,120,121,122,128,129,132,135,136,137,140,142,144,149,150,151,152,155,157,159,160,161,165,169,171,175,177,178,180 "20";
21 177 0 0,2,4,14,15,20,27,35,37,51,54,65,69,73,76,81,87,95,97,103,105,106,107,112,120,126,129,133,136,142,145,149,155,162,169,173 "21";
22 145 1 2,3,4,8,17,19,22,23,25,26,29,30,37,42,44,47,53,55,59,62,65,66,68,70,75,81,98,102,103,106,109,119,120,122,123,125,126,131,135,140,142,144,155,161,164,166,167,169,174,178,180 "22";
23 23 1 1,4,11,18,20,29,33,36,40,41,49,53,57,61,68,72,74,78,82,90,95,97,100,107,108,115,122,136,150,153,158,161,164,180 "23";
24 181 1 35,45,109,122 "24";
25 121 0 3,15,18,31,46,52,89,105,122,124,135,138,170 "25";
26 12 0 2,17,21,27,37,57,62,65,79,80,88,97,104,119,132,140,175,180 "26";
27 103 0 0,2,5,7,10,16,19,28,31,38,41,45,53,55,59,73,75,81,85,89,93,97,107,110,111,118,120,122,124,125,127,133,134,137,146,150,152,154,155,157,159,160,164,166,169,177 "27";
28 129 1 3,5,10,19,20,27,28,32,33,35,39,47,52,60,62,63,76,78,79,89,94,103,109,114,122,124,126,128,133,136,138,148,150,156,160,173,174,176 "28";
29 14 1 5,55,85,104,109,120,126,127,131,136,147,151,158,168,169,174 "29";
30 127 1 2,19,26,40,45,47,54,59,71,85,86,92,94,99,102,106,109,118,121,124,127,131,133,138,140,158,166,167,170,177 "30";
31 175 0 23,40,43,47,62,77,95,115,129,134,162,172,175 "31";
32 138 1 6,9,14,21,27,29,33,35,46,48,51,52,56,57,68,70,75,85,86,96,99,111,117,123,124,128,138,146,149,152,154,156,164,166,169,178 "32";
33 93 0 7,10,15,24,42,45,55,72,89,148,168,174 "33";
34 6 0 61,95,106,108,112,136,139,155 "34";
35 2 0 4,20,25,26,34,37,51,81,83,116,119,128,136,147,168,174,177 "35";
36 40 1 5,6,9,11,14,27,44,49,55,56,60,91,102,114,116,148,152,180 "36";
37 171 1 0,3,4,8,10,12,13,15,20,22,25,26,28,30,31,34,36,37,40,42,45,46,47,51,56,58,65,66,67,70,73,74,77,79,88,92,94,99,100,103,106,108,110,112,113,115,116,117,118,120,124,126,131,134,137,139,141,143,144,146,148,150,152,153,156,158,161,163,164,169,172,173,175,180 "37";
38 34 0 0,2,8,12,13,15,17,19,24,26,27,29,31,32,37,38,39,42,48,49,51,56,57,61,63,64,66,68,69,70,71,73,75,78,80,82,86,88,93,97,98,100,101,110,111,117,118,123,131,132,136,138,140,143,145,151,153,161,162,165,166,169,172,177,178,180 "38";
39 109 1 0,11,14,16,19,27,29,31,39,42,48,56,58,61,67,69,73,75,81,90,94,95,96,99,101,103,105,108,113,117,123,130,133,138,142,144,153,158,168,174,177 "39";
40 147 0 2,6,10,13,34,37,41,43,45,47,51,58,62,64,76,84,86,89,91,94,99,101,102,106,115,123,126,127,131,132,133,138,146,148,155,158,162,165,168,175,177,178 "40";
41 107 1 9,45,64,85,117,121,127,151,169 "41";
42 6 1 36,163 "42";
43 118 0 0,2,4,5,7,9,12,15,16,17,19,20,22,23,28,29,30,31,33,34,36,37,38,40,42,44,45,47,49,50,55,56,57,59,60,61,63,64,66,73,75,77,78,84,87,89,91,92,93,99,101,103,109,112,116,118,119,123,126,128,129,132,133,136,137,138,143,145,148,151,152,154,157,158,159,160,162,165,167,169,172,174,175,178,180 "43";
44 65 0 1,6,17,34,38,40,42,47,50,51,58,60,61,62,63,69,76,84,86,91,94,97,102,104,105,110,114,127,131,134,136,138,142,147,152,155,159,162,164,165,167,170,175,179 "44";
45 146 1 3,5,6,9,10,28,31,34,35,36,43,45,47,50,55,57,59,61,64,66,70,72,73,74,78,79,83,84,86,91,93,94,98,104,106,114,116,118,119,124,133,134,138,141,143,145,150,153,156,160,162,163,167,171,173,180 "45";
46 155 0 7,19,23,35,38,49,64,65,77,81,95,99,113,116,118,120,122,127,131,151,162,165,171,173,175 "46";
47 100 0 0,5,7,8,9,17,19,22,24,29,42,51,53,54,57,61,65,69,72,78,81,83,85,87,90,92,94,96,102,109,112,123,124,128,131,132,135,137,139,142,147,149,151,153,154,165,169,173,175,176 "47";
48 7 0 2,4,11,12,18,21,23,31,32,49,57,62,65,69,80,82,92,96,97,101,107,109,114,120,126,130,135,145,147,149,150,154,157,161,163,164,170,173,176,180 "48";
49 38 0 1,3,5,6,9,10,12,13,14,17,18,20,22,23,25,26,28,31,32,37,39,40,44,45,50,51,53,54,57,61,62,70,71,72,76,77,79,80,84,86,88,91,92,95,96,99,100,103,104,106,108,110,111,112,114,116,118,119,120,122,125,127,128,130,131,134,136,138,139,143,145,146,151,153,156,158,162,163,166,167,169,170,174,175,178,180 "49";
50 119 1 1,3,7,8,10,13,23,25,36,43,45,47,48,49,51,52,55,56,57,59,62,65,67,70,71,74,76,79,81,82,85,88,96,104,110,118,127,132,135,142,145,147,148,149,150,153,161,163,169,172,173,175,176,177,179,180 "50";
51 23 0 1,3,5,8,12,14,17,18,20,24,37,42,46,47,56,60,64,66,69,71,72,76,85,88,89,100,104,105,109,110,118,127,138,139,150,154,158,161,167,172 "51";
52 121 0 5,7,10,13,15,22,33,36,39,42,43,46,48,59,62,63,66,75,79,83,85,87,89,92,95,97,99,102,103,106,108,110,117,118,121,123,124,127,130,132,139,141,143,147,149,152,154,155,158,160,162,165,170,171,173,175,178,179 "52";
53 159 1 0,6,10,13,17,20,27,28,30,32,33,37,43,48,51,57,60,63,69,81,83,85,92,96,98,103,113,132,135,150,152,164,166,168,172,174 "53";
54 84 1 3,40,56,70,71,80,83,85,101,109,126,147,151,153,157,161,177 "54";
55 113 1 2,7,10,16,18,25,33,41,43,45,47,48,50,55,67,68,70,80,83,87,88,93,96,97,99,101,104,110,111,113,118,125,128,132,133,138,139,142,144,145,146,150,151,153,158,161,163,168,170,178 "55";
56 119 0 23,59,66,95,120,128,138,159,173 "56";
57 133 0 0,3,4,10,11,13,20,22,32,33,39,46,47,52,56,58,61,66,74,79,81,88,93,97,99,105,111,123,124,128,135,139,146,150,155,157,159,164,167,168,176 "57";
58 95 1 1,2,5,8,11,13,15,16,18,21,26,28,35,40,43,48,49,50,51,63,65,74,75,79,82,89,95,100,113,114,128,130,133,137,140,144,146,152,154,157,159,177,180 "58";
59 16 1 3,19,72,121,154,170,176 "59";
60 67 1 2,7,11,16,18,26,29,38,41,42,44,47,57,69,71,73,75,77,80,88,90,92,95,97,99,101,109,112,114,121,122,125,126,128,130,133,134,136,140,142,152,157,158,159,161,162,163,166,170,176,177,180 "60";
61 59 1 1,4,8,16,21,23,31,34,36,43,48,54,55,61,64,80,81,86,88,90,96,99,100,101,102,111,114,140,142,155 "61";
62 0 1 3,10,26,28,37,39,46,53,55,63,64,75,80,82,88,92,94,98,100,103,109,114,118,122,133,147,150,155,160,163,164,174,176,180 "62";
63 87 1 18,35,61,108,122,128,133,170,175,178 "63";
64 167 0 0,5,7,10,12,15,19,32,34,36,40,43,46,54,57,61,68,70,78,81,86,99,101,112,114,115,120,126,129,130,132,137,138,147,151,154,156,159,160,167,169,176,178,180 "64";
65 112 1 7,15,38,39,60,67,77,82,84,95,105,109,111,115,126,131,133,137,139,141,144,153,166,172 "65";
66 57 1 2,4,19,26,28,34,38,42,60,64,68,69,72,74,75,77,83,86,88,96,100,114,117,127,129,133,134,146,147,150,152,156,158,162,164,175,177 "66";
67 8 1 0,3,4,7,12,14,18,20,23,25,26,29,30,35,37,41,45,47,49,54,56,60,62,65,67,70,72,75,77,79,81,82,83,89,91,92,94,98,100,102,104,105,109,111,113,118,119,122,123,124,126,128,129,131,132,135,139,142,144,146,149,154,160,162,165,167,169,170,175,176,180 "67";
68 99 0 3,5,11,25,38,39,42,51,61,77,85,86,93,95,96,99,101,103,104,108,111,116,119,126,130,171 "68";
69 56 0 1,7,9,13,15,21,25,28,32,33,35,41,46,49,53,56,63,66,72,80,82,83,88,91,94,96,98,104,108,117,123,126,134,136,141,149,154,159,162,164 "69";
70 150 1 9,13,15,21,23,26,30,35,64,77,79,149,150,160,170 "70";
71 83 1 1,4,8,9,10,15,18,20,23,28,33,40,44,47,49,50,51,53,56,58,60,63,66,75,76,78,80,83,84,88,91,96,100,101,104,105,107,110,112,116,118,120,124,127,129,137,138,140,145,146,149,153,154,156,158,159,161,162,163,167,172,173,175,180 "71";
72 163 1 0,1,3,5,6,8,9,11,14,18,21,26,29,30,33,35,37,39,41,44,48,50,53,54,56,57,58,61,62,63,66,67,71,73,74,78,81,83,87,90,93,95,97,99,102,103,107,108,109,113,117,121,122,128,130,132,134,135,136,140,141,144,148,149,151,153,154,155,158,163,165,168,169,170,172,173,174,176,179,180 "72";
73 36 1 12,13,19,20,24,26,30,34,35,39,40,52,60,61,64,65,66,73,83,85,86,88,95,98,100,103,111,114,118,119,123,125,128,132,134,139,141,146,148,154,158,160,162,165,167,169,175,179,180 "73";
74 40 1 1,2,3,5,7,10,11,13,15,16,18,20,22,25,26,28,31,32,38,40,41,44,45,47,48,50,52,58,61,63,65,66,68,69,71,72,74,81,82,83,84,87,89,93,94,95,97,98,101,103,104,106,108,109,110,113,115,117,119,122,123,126,127,129,130,131,132,134,136,137,139,142,143,145,147,149,151,152,154,158,160,163,165,167,169,172,174,176,177 "74";
75 80 1 55,67,73,128,131,149,153,168,173,176 "75";
76 166 0 6,7,13,15,17,20,25,34,44,58,67,71,74,78,82,85,90,95,102,110,119,124,130,136,143,146,148,155,158,164,168,173 "76";
77 61 1 19,21,26,35,38,49,53,54,58,60,80,101,103,122,124,131,141,148,160,177 "77";
78 49 0 2,3,5,6,13,15,16,19,24,25,29,35,44,45,49,51,57,61,68,72,75,83,85,91,93,103,105,106,112,116,119,120,127,131,136,142,147,150,154,157,159,166,176 "78";
79 46 0 1,3,6,10,20,26,50,66,68,69,75,76,81,83,85,86,93,100,102,114,115,119,123,127,131,139,145,150,159,164,169,171 "79";
80 43 0 1,4,5,9,13,18,19,21,23,26,34,36,38,40,42,45,46,47,52,56,57,59,63,64,67,68,71,72,74,76,78,80,81,86,88,92,94,96,97,99,101,102,105,109,111,112,116,118,120,121,123,125,126,128,129,131,136,139,141,143,144,146,150,151,152,155,159,160,162,163,165,166,169,171,175,178 "80";
81 12 0 1,10,12,13,32,35,42,50,56,69,77,91,103,105,107,110,114,117,165,166,171,173,177 "81";
82 113 0 0,2,4,7,9,11,13,14,16,17,18,22,23,27,28,31,33,38,39,42,44,47,49,51,54,56,58,59,63,67,73,75,76,78,79,81,89,90,92,96,97,99,102,105,108,110,115,116,117,121,122,124,127,129,131,132,136,141,144,145,146,149,150,152,153,156,158,160,162,170,171,173,175,179,180 "82";
83 145 0 2,4,12,15,18,21,23,25,27,31,38,41,44,49,52,54,56,57,60,63,64,67,69,71,73,75,76,78,80,82,87,92,95,99,104,108,115,116,123,144,148,152,155,158,161,164,167,169,171,173,175,177 "83";
84 82 0 24,33,44,47,68,85,112,117,123,125,130,149,158,163,174 "84";
85 44 0 2,4,9,16,18,19,25,27,31,36,41,42,44,56,58,64,66,68,70,75,79,82,84,89,91,95,99,103,105,109,111,113,116,119,124,126,127,133,136,142,145,150,151,153,155,156,159,162,164,166,168,175,178,179,180 "85";
86 0 0 1,4,7,9,13,17,21,23,24,26,29,30,32,33,35,37,41,45,47,48,49,51,52,53,54,56,58,59,63,64,67,68,70,73,79,82,83,86,88,90,93,95,96,98,101,105,106,107,112,114,116,118,119,121,123,125,127,129,131,132,134,135,139,140,144,147,149,153,157,159,160,162,166,173,177,178,179,180 "86";
87 173 1 5,10,15,16,20,21,23,31,34,39,41,44,52,55,62,63,64,73,75,82,83,87,89,95,97,99,101,102,111,116,118,122,123,129,135,138,141,143,146,154,157,159,165,170,176 "87";
88 141 0 0,1,6,7,8,10,11,14,17,19,20,22,23,26,28,30,31,32,35,36,38,40,43,44,47,51,54,55,57,58,60,64,67,69,70,72,73,74,76,78,82,84,85,87,89,93,94,95,97,99,101,102,104,105,106,109,116,119,122,123,125,126,129,131,132,133,135,138,140,141,144,145,147,150,153,155,158,160,161,163,165,168,172,173,174,176,180 "88";
89 121 1 0,3,6,11,15,22,24,27,31,39,51,57,61,66,71,74,77,80,82,86,91,101,105,119,124,127,132,151,154,162,172,174 "89";
90 152 0 31,44,59,70,173 "90";
91 147 1 1,2,3,7,21,24,25,31,32,33,37,39,43,45,49,52,54,55,60,63,67,72,74,81,82,85,97,98,99,100,103,105,107,113,115,119,120,122,123,126,127,128,133,137,143,145,147,149,152,157,160,164,170,172,173,176,178,179 "91";
92 36 1 1,4,6,8,9,10,16,18,20,22,27,28,36,39,43,47,51,52,54,55,60,63,66,67,72,76,77,81,83,86,87,91,92,95,99,102,107,110,111,116,118,121,125,127,129,131,133,134,136,141,144,148,150,151,152,154,156,158,162,163,166,169,171,173,174,176,177,179 "92";
93 60 0 16,28,42,46,49,62,77,92,93,94,97,103,117,129,134,141,151,152,154,158,159,170 "93";
94 107 0 9,12,16,17,19,22,25,27,29,36,38,41,43,44,48,53,54,56,58,59,62,64,68,71,72,74,75,76,79,80,82,85,90,91,95,96,98,99,104,106,109,112,114,115,116,117,119,120,122,126,128,132,134,136,139,141,145,148,151,155,158,159,165,166,167,172,175,177,179 "94";
95 117 1 2,7,15,16,19,20,24,27,32,33,35,39,44,45,51,66,68,71,72,74,83,91,94,95,97,100,103,105,109,111,113,115,119,121,123,126,129,131,133,135,136,138,141,143,156,162,163,165,172,175,179 "95";
96 33 0 2,3,5,9,16,21,27,31,33,37,41,42,43,46,48,50,52,57,59,60,62,64,66,69,70,72,78,81,82,85,87,88,90,95,96,99,100,103,105,106,109,115,118,120,122,124,126,129,131,134,137,138,141,144,146,149,150,152,154,157,161,163,166,169,172,173,175,177 "96";
97 51 1 0,5,6,8,12,13,15,17,18,20,21,23,27,28,30,32,34,36,37,40,45,48,50,52,53,55,57,59,62,64,66,67,69,70,75,76,79,80,82,84,86,89,91,92,95,99,100,102,103,106,110,113,114,115,117,119,123,125,127,129,132,135,138,139,141,143,146,147,149,151,152,155,159,160,162,165,167,168,175,178 "97";
98 60 1 10,16,18,19,33,37,39,49,50,58,80,97,103,106,107,113,134,158,176 "98";
99 1 0 2,3,6,16,18,19,21,25,27,32,37,38,41,44,46,47,48,50,54,56,58,61,63,66,67,69,70,71,73,75,77,78,80,81,82,84,86,87,96,98,99,101,104,105,107,109,112,115,116,117,122,124,125,127,130,132,133,135,138,140,142,143,146,148,149,151,152,154,155,156,159,162,164,167,168,171,172,174,175,177,179 "99";
100 124 0 10,11,19,29,34,39,43,48,50,56,61,70,75,77,78,80,85,89,93,103,105,106,108,123,124,126,128,129,131,132,137,140,147,151,152,155,157,158,160,168,174,179 "100";
101 40 0 1,2,4,6,8,11,14,15,17,21,22,27,31,32,33,38,39,41,43,45,46,48,49,56,57,60,61,64,65,66,70,77,78,80,81,84,87,89,93,95,99,104,105,108,109,111,115,118,124,129,131,132,135,136,139,144,145,147,149,157,159,165,166,170,171,177,178 "101";
102 154 0 0,3,6,11,12,15,17,19,21,22,26,27,29,31,32,34,36,41,46,47,49,52,55,57,58,66,68,71,72,78,80,82,84,85,86,87,90,91,96,98,100,101,103,104,107,109,110,112,115,117,118,123,124,125,130,133,135,137,139,143,146,148,150,151,155,158,161,165,168,170,171,173,174,177,179 "102";
103 48 1 2,4,18,25,31,32,41,48,50,51,54,58,61,66,103,110,115,128,129,136,140,143,145,150,154,157,161,164,170 "103";
104 16 1 8,12,14,16,18,21,36,40,41,42,44,46,55,59,62,65,71,78,83,85,91,92,96,98,100,106,107,111,115,123,137,141,155,170,176,179 "104";
105 170 0 0,4,7,9,10,11,12,14,18,20,22,25,27,29,31,36,38,40,42,44,45,49,50,53,55,58,59,61,67,69,72,73,75,77,79,80,83,85,88,91,93,95,96,97,100,101,104,106,108,109,110,111,113,115,116,117,120,122,123,127,128,129,131,132,133,137,140,142,143,148,150,151,152,154,155,156,160,161,164,166,168,169,172,173,174,176,177,179,180 "105";
106 27 1 0,2,4,9,24,35,48,58,60,61,68,70,75,85,94,97,111,116,120,121,130,133,150,152,157,158,166,172,174 "106";
107 32 0 19,39,50,65,69,71,93,97,107,123,125,160,180 "107";
108 17 0 1,12,25,36,84,90,100,102,113,124,144 "108";
109 36 1 10,12,27,36,51,60,68,79,82,96,117,122,129,144,154,160,179 "109";
110 144 1 16,20,27,29,45,47,76,92,124,126,138,148,177 "110";
111 122 0 2,6,7,12,17,20,24,28,37,39,42,47,50,58,61,70,72,75,80,81,83,89,93,95,99,102,103,105,106,112,118,120,125,128,131,139,141,154,159,162,163,165,167,169,171,177,179 "111";
112 170 0 11,21,27,35,38,41,47,52,55,62,64,67,70,118,121,129,134,166,168,171,172,177 "112";
113 93 0 10,17,22,28,32,35,39,41,47,55,59,69,72,75,78,83,90,94,108,114,120,126,130,132,133,134,138,141,143,147,148,150,152,153,154,160,166,173 "113";
114 151 0 10,17,26,30,33,46,49,51,57,60,66,69,71,73,75,77,79,83,91,95,98,100,117,123,130,132,143,148,154,155,161,164,170 "114";
115 166 0 4,7,8,11,14,25,26,28,33,35,38,46,48,50,56,59,61,63,65,67,69,73,74,79,85,89,94,97,100,101,104,107,108,110,113,115,117,119,120,124,130,131,134,136,138,141,143,148,150,155,158,160,161,163,165,168,170,171,174,176,180 "115";
116 139 1 2,7,13,17,19,22,28,34,36,43,47,49,50,53,55,56,61,70,75,78,82,85,88,90,98,99,102,106,109,122,123,128,142,147,152,155,158,159,165,169,171,175 "116";
117 5 0 4,6,7,9,10,11,13,14,16,19,20,21,24,31,33,34,35,36,38,39,41,43,44,47,49,51,55,56,57,58,60,62,63,65,68,69,71,74,75,77,82,83,84,85,87,89,90,93,98,100,103,104,106,107,109,110,112,115,117,118,120,122,124,125,126,129,134,137,138,141,142,143,145,146,149,150,152,154,158,160,163,165,167,170,171,174,175,177,178,180 "117";
118 102 0 7,8,11,13,15,18,20,22,25,28,31,33,38,41,43,44,46,47,49,50,53,57,62,67,71,73,76,91,94,95,98,101,106,108,110,111,114,116,117,119,121,123,125,130,135,136,139,140,143,146,147,150,156,158,162,164,165,177,180 "118";
119 116 0 1,9,10,11,14,16,19,20,22,23,25,27,30,35,38,40,41,46,47,48,52,55,58,59,63,64,69,72,74,77,78,80,82,83,85,86,87,89,91,98,101,103,105,106,108,112,114,116,119,122,125,126,128,136,138,139,143,144,148,151,154,155,156,159,162,164,166,167,168,170,171,176,178,179,180 "119";
120 174 1 0,9,12,15,19,22,27,33,35,36,38,39,42,46,48,53,55,61,67,69,71,75,80,86,88,89,93,96,98,100,103,104,106,112,116,118,122,133,134,138,142,144,147,151,156,164,166,169,176,178 "120";
121 72 0 63,64,76,99,103,133,140,163 "121";
122 74 1 1,3,4,7,9,13,15,17,21,22,24,26,31,41,52,58,68,78,80,85,92,95,98,99,101,106,109,114,127,133,144,150,156,162,170,172,173 "122";
123 176 0 9,11,18,21,24,26,27,39,43,46,53,56,61,77,79,86,89,92,96,98,100,115,128,130,132,141,142,145,148,152,156,167,169,171,172,179 "123";
124 48 0 2,8,12,21,42,53,58,60,63,80,87,117,125,136,160,173 "124";
125 123 0 3,4,7,8,10,12,13,15,17,19,20,21,23,28,30,33,34,41,44,45,48,49,50,51,52,54,56,59,61,64,65,67,68,70,71,73,74,76,79,81,82,84,86,88,89,91,92,95,97,99,100,102,103,104,106,107,111,113,117,119,121,122,124,129,130,132,133,134,136,138,140,143,145,147,148,150,152,153,156,159,163,165,167,168,169,170,172,177,178,180 "125";
126 68 0 3,5,7,10,18,21,29,31,39,41,53,55,59,64,65,67,68,70,80,81,83,97,99,101,105,109,113,114,118,122,126,130,134,137,140,143,145,154,156,157,165,169,175,180 "126";
127 21 1 1,5,9,11,12,13,16,22,24,27,30,32,35,36,37,39,40,42,44,45,47,48,50,55,59,60,65,68,69,71,72,73,75,77,78,79,85,93,96,100,101,103,106,108,110,112,113,118,120,122,124,125,127,128,131,134,135,137,139,140,145,146,147,149,151,153,156,157,159,162,163,166,168,170,172,174,175,177,178 "127";
128 16 0 1,3,6,9,11,13,17,18,20,22,27,29,30,32,34,35,37,38,39,43,46,48,52,55,56,59,60,61,63,65,67,71,73,75,78,79,81,86,89,92,93,96,97,99,101,102,105,109,111,114,115,116,120,123,130,132,133,135,137,141,145,147,149,152,153,155,157,159,160,162,164,166,168,169,171,173,176,180 "128";
129 129 0 4,12,14,18,23,25,27,40,44,49,54,57,59,63,70,76,80,84,93,96,98,101,110,112,119,121,136,137,141,143,148,151,165,170,173,174,176,178 "129";
130 157 1 2,5,10,22,33,34,66,70,72,74,75,96,106,107,112,121,126,128,130,138,149,174 "130";
131 159 0 7,14,16,33,49,55,61,65,74,90,107,140,142,145,151,155,159,164,168,176 "131";
132 96 0 0,2,8,9,10,21,25,26,29,32,40,50,52,58,61,69,71,83,88,92,99,114,121,139,152,157 "132";
133 100 0 0,6,10,13,14,17,28,30,31,34,40,41,44,47,48,51,55,62,66,67,71,72,75,81,83,88,94,103,108,112,114,121,125,129,136,139,140,143,150,155,157,160,166,170,177 "133";
134 64 0 0,2,3,7,10,12,14,15,17,20,28,29,32,34,37,40,43,45,47,49,50,52,56,59,62,63,64,67,72,74,75,80,81,83,84,95,96,98,99,102,103,110,111,114,118,123,126,129,131,134,137,141,143,148,152,157,158,161,162,164,167,170,173 "134";
135 170 1 7,16,26,27,30,32,33,36,51,55,59,62,64,66,69,71,73,82,84,86,87,89,91,92,94,98,100,104,107,109,116,124,125,127,129,135,136,143,150,152,154,157,161,163,171,174,180 "135";
136 166 0 2,25,35,53,54,57,67,81,85,89,91,92,98,101,108,110,115,117,122,140,141,144,147,149,154,160,164 "136";
137 120 0 6,15,17,19,32,43,46,47,53,56,64,65,67,72,76,81,89,90,94,99,104,109,113,117,131,152,163 "137";
138 155 1 18,21,27,36,39,71,73,84,90,92,108,119,147,153,176,180 "138";
139 126 1 1,6,36,37,56,72,90,132,135,158,170 "139";
140 16 1 84,132 "140";
141 45 1 1,2,6,8,11,12,14,16,22,24,25,27,28,30,33,38,39,44,45,46,47,49,50,52,54,56,59,60,62,63,65,66,68,69,70,71,73,74,84,87,89,91,100,104,106,107,108,109,110,113,116,118,121,123,128,132,135,136,137,139,143,145,149,150,157,164,166,167,172,175,178,179 "141";
142 20 1 2,5,6,8,13,15,16,17,20,24,26,32,33,35,40,43,44,48,50,52,53,56,57,59,60,62,64,66,67,68,69,72,74,76,79,83,85,87,89,90,91,93,95,97,98,100,102,104,106,111,112,115,116,118,121,123,124,125,126,130,132,134,135,138,141,142,146,147,148,150,152,153,154,156,158,160,162,165,167,169,171,173,175,178 "142";
143 97 1 0,2,3,6,7,10,12,18,23,25,29,30,33,38,39,41,43,46,48,51,53,54,55,58,62,67,71,72,73,75,76,78,82,86,88,94,95,99,100,107,108,109,113,114,117,119,123,125,127,131,132,133,134,136,140,141,144,146,148,149,153,156,157,159,161,165,168,170,172,174,175,180 "143";
144 31 0 2,4,5,7,11,13,15,16,20,24,25,26,28,30,31,32,34,36,38,40,44,49,52,54,57,58,60,62,64,65,67,70,72,74,78,80,82,84,86,87,93,96,97,98,100,102,105,106,108,109,110,113,114,120,121,123,124,129,130,132,134,137,139,142,143,147,152,158,159,160,162,167,169,170,173,174,178,179 "144";
145 148 0 9,16,21,34,36,39,43,54,56,58,73,77,79,83,86,110,116,130,134,143,153,157,163,166,178,180 "145";
146 100 0 6,15,17,22,24,27,36,45,47,52,56,67,70,71,74,94,100,101,107,111,123,131,141,170,173,174,178 "146";
147 6 1 2,3,10,11,18,25,30,42,45,49,51,61,68,75,79,84,87,92,94,96,98,103,108,112,123,128,133,134,136,144,146,150,153,156,158,159,164,172,175,178 "147";
148 81 1 10,12,18,43,46,49,99,119,123,127,130,136,138,143,158,164,174,176 "148";
149 170 0 2,24,34,37,43,46,50,69,74,80,91,93,98,101,103,105,112,113,116,118,119,124,126,128,130,133,136,142,147,148,160,163,164,165,166,169,173,175,178 "149";
150 3 0 2,6,10,19,22,29,34,40,49,64,76,78,85,92,94,101,102,117,124,128,130,132,135,136,139,151,160,169 "150";
151 164 0 3,4,7,8,10,13,15,19,20,23,26,33,35,36,42,44,49,51,54,56,60,61,62,69,72,74,78,81,89,90,93,94,96,99,108,111,115,117,122,124,126,128,131,134,135,137,140,142,145,146,148,153,157,160,161,164,167,170,173 "151";
152 112 0 11,20,26,35,55,66,69,70,77,92,113,118,128,132,138,150,157,159,162 "152";
153 60 1 1,19,24,27,35,41,43,55,57,59,62,66,88,115,116,129,133,138,148,150,156,159,166,169,170,173,178 "153";
154 106 0 1,19,29,41,48,56,62,64,67,71,78,82,84,86,90,98,104,105,109,115,118,125,128,129,132,135,141,145,147,149,150,152,156,157,160,162,179 "154";
155 43 1 2,5,7,12,14,18,19,21,22,23,24,25,28,31,32,35,40,42,43,44,45,50,52,54,56,59,64,65,66,67,70,71,72,73,75,76,80,81,83,84,87,88,90,91,93,94,96,97,99,101,107,108,110,115,116,118,120,121,123,125,128,129,133,135,138,139,142,145,147,150,153,157,158,160,163,165,166,167,169,171,174,176,178,179 "155";
156 86 0 3,4,9,11,21,22,23,26,29,37,38,41,47,57,62,64,67,70,72,76,88,92,97,100,103,105,119,128,130,132,138,142,145,150,159,160,162,163,167,174,176 "156";
157 141 0 2,6,8,11,13,15,19,26,28,30,31,32,34,35,37,40,43,45,47,50,51,53,54,56,58,62,64,71,73,75,81,84,86,88,93,94,96,99,100,103,105,107,108,111,112,113,116,117,120,123,126,127,131,132,136,137,138,141,142,145,147,152,153,158,159,160,162,164,167,170,171,174,175,177,179 "157";
158 2 1 0,3,4,8,10,14,16,23,24,25,28,36,37,41,44,46,53,56,58,60,62,64,67,69,72,80,82,85,90,92,96,99,113,115,123,125,130,131,134,138,143,146,150,152,154,155,156,160,161,167,169,170,173,179 "158";
159 20 1 12,14,21,24,25,29,32,35,36,39,40,41,47,48,51,53,57,60,61,62,67,69,72,73,76,79,81,83,84,87,89,92,96,98,99,102,105,108,110,111,113,119,120,122,123,127,133,135,140,143,144,149,155,158,161,163,165,166,169,173,174,176,180 "159";
160 79 1 1,4,6,11,12,17,18,20,26,27,29,32,34,42,44,49,54,59,60,67,68,70,74,76,77,80,82,84,86,87,90,97,100,103,105,108,112,117,120,134,138,140,142,143,145,147,148,150,158,159,160,161,163,165,171,173,174,176,178,180 "160";
161 14 0 1,3,7,15,17,19,20,27,28,29,35,38,41,42,49,53,56,68,69,78,82,85,87,89,91,92,96,97,98,102,104,105,109,112,116,117,122,123,126,132,137,138,143,148,153,155,156,158,160,162,164,166,170,171,173,176,177 "161";
162 39 0 7,16,17,28,32,38,46,48,75,87,89,98,103,105,107,139,146,162,167,177 "162";
163 74 1 0,2,5,10,15,20,28,29,33,36,39,48,58,60,63,67,69,76,78,84,89,93,95,98,102,106,111,112,117,130,131,135,139,142,149,152,163,165,167,170,171,173,174,176,178 "163";
164 168 1 23,25,44,45,49,54,56,61,64,71,94,96,100,119,136,144,152,160,162,164,170 "164";
165 83 1 0,1,4,7,8,9,11,14,15,16,17,18,20,21,24,26,28,30,35,36,38,39,41,43,44,46,49,51,52,54,56,57,58,65,69,71,75,76,78,79,80,81,83,84,87,89,90,91,93,94,96,97,100,106,107,108,110,112,114,116,119,122,124,126,128,129,133,134,135,137,142,144,146,148,150,152,154,159,161,166,168,169,171,174,176,177 "165";
166 156 1 2,3,12,17,18,20,24,32,35,45,61,65,80,99,100,106,110,111,113,114,123,125,131,132,134,143,147,150,153,161,164,165,170,176 "166";
167 105 0 21,22,35,84,134,147,157,162 "167";
168 82 1 2,13,16,19,22,25,26,28,35,38,39,42,46,49,50,53,57,59,65,69,71,73,75,83,93,95,98,99,102,107,111,116,117,120,123,126,129,136,139,141,147,148,150,154,157,159,163,166,168,171,174,177 "168";
169 25 0 5,21,26,31,60,67,71,75,76,82,88,99,118,138,142,155,160,165,169,177 "169";
170 26 1 0,4,14,20,22,24,26,40,56,71,80,84,88,90,93,96,97,101,104,109,115,118,131,139,140,150,175,176,178 "170";
171 90 1 0,6,7,9,10,13,15,23,24,29,34,36,44,47,48,51,55,62,66,72,73,75,77,78,81,83,86,90,91,92,95,96,101,103,104,109,111,114,115,119,121,123,126,132,134,136,138,140,144,145,146,148,149,154,155,159,161,163,165,168,170,172,174,175,176,180 "171";
172 149 0 0,2,4,5,8,9,13,15,17,18,20,23,26,28,31,34,35,37,39,41,42,45,46,47,50,54,58,59,60,63,66,69,74,76,79,81,83,85,89,91,93,95,96,100,102,104,105,107,108,111,116,118,123,125,130,132,137,138,140,142,144,145,149,151,156,157,158,160,161,163,166,167,170,173,175,177,179,180 "172";
173 117 1 16,28,34,39,47,68,72,80,95,108,114,128,133,142,162 "173";
174 84 0 13,20,30,45,60,76,82,94,107,121,137,140,150,180 "174";
175 109 1 1,3,6,8,9,12,15,17,23,28,30,32,35,45,47,49,51,55,57,60,64,66,67,68,70,72,74,78,81,83,90,95,96,100,102,106,108,109,115,117,118,119,124,131,137,140,142,144,146,148,152,154,156,158,160,164,165,168,170,174,175,178,179 "175";
176 12 0 7,19,22,30,32,42,48,52,64,70,77,80,98,132,144,168 "176";
177 179 1 0,2,4,6,7,9,10,16,18,20,25,27,29,31,34,37,39,42,43,44,47,48,50,52,54,56,59,61,62,64,65,68,69,73,74,76,78,79,81,83,85,87,89,91,93,97,99,100,101,103,107,109,111,113,114,116,120,121,122,125,126,127,134,136,142,144,146,147,150,153,159,162,164,165,166,168,169,171,172,173,176,177,179 "177";
178 44 1 6,13,22,25,36,40,44,52,53,58,61,85,101,104,109,113,122,164,168,175 "178";
179 84 1 10,24,60,72,91,119,122 "179";
180 12 0 35,49,56,60,70,110,116,133,140,166 "180";
