parity 33;
0 15 0 5,13,17,21 "0";
1 5 0 6,9,11,23,26,28,29,31 "1";
2 24 1 2,4,8,11,13,14,17,21,24,27 "2";
3 12 1 11,15,20,23,26,28,33 "3";
4 22 1 1,2,3,5,7,9,10,12,13,16,21,22,27,29,30,33 "4";
5 6 1 3,5,8,10,12,13,16,19,23,25,27,30,32 "5";
6 1 0 5,17,31 "6";
7 12 1 4,6,9,11,14,16,17,21,23,25,26,28,30,31,32,33 "7";
8 8 1 9,24,29 "8";
9 27 0 0,2,4,5,10,15,16,17,19,22,25,27,33 "9";
10 1 1 0,2,4,7,9,13,14,16,18,21,23,25,27,31,32,33 "10";
11 25 1 3,8,10,11,13,19,23,25,27,29,30 "11";
12 13 0 1,4,5,8,13,14,18,22,26,27,31,32 "12";
13 12 1 1,7 "13";
14 15 1 5,7,10,12,18,20,22,29,32 "14";
15 11 1 4,7,8,9,11,13,15,16,18,19,22,24,28,31,32 "15";
16 8 0 1,3,8,10,12,15,17,18,19,21,24,29,31 "16";
17 6 1 2,4,5,8,9,14,15,17,18,20,22,23,24,26,28,31 "17";
18 10 0 14,24,28 "18";
19 15 0 1,2,4,14,16,18,20,21,23,24,27,31 "19";
20 31 1 0,4,8,11,17,19,27,29,30,32 "20";
21 24 0 1,5,9,21,24,30 "21";
22 9 0 2,3,6,8,12,15,20,24,28,30,32 "22";
23 33 0 1,4,8,11,13,14,19,20,21,23,25,26,27,30 "23";
24 22 1 0,1,2,4,8,10,15,16,17,18,29,30,31,32 "24";
25 23 0 0,4,6,9,11,14,17,21,29,33 "25";
26 19 1 14,18,31 "26";
27 17 1 0,12 "27";
28 9 1 2,6,9,11,13,14,16,18,20,24,27,30,33 "28";
29 21 0 0,5,6,9,12,33 "29";
30 10 0 0,5,9,15,20,24,26,28,30 "30";
31 31 1 0,2,3,6,7,10,14,16,19,21,27,30,31 "31";
32 17 1 2,6,8,9,11,13,16,20,24,27,29,30,33 "32";
33 21 0 2,3,5,8,10,11,13,21,23,25,30,32 "33";
