parity 145;
0 112 1 3,6,10,12,13,17,23,24,26,32,34,36,41,43,45,47,48,51,57,59,62,64,69,72,73,74,77,81,82,86,87,88,96,99,101,108,110,114,115,116,121,123,124,131,135,137,139,141,144 "0";
1 129 0 29,34,44,51,53,63,72,77,83,89,122 "1";
2 140 0 0,9,10,12,20,23,25,27,28,30,32,35,45,49,51,52,53,61,65,66,72,75,79,81,83,84,91,94,98,99,100,101,106,108,109,113,115,118,121,123,126,129,133,136,139,142,145 "2";
3 36 1 1,3,6,8,9,13,17,18,21,24,26,28,31,33,35,36,39,40,42,45,47,49,51,54,56,58,63,68,69,72,75,76,79,81,83,85,86,89,92,96,99,100,104,106,109,111,112,116,119,120,122,124,125,126,128,129,132,136,137,142 "3";
4 107 1 1,3,4,6,8,9,12,13,23,25,28,30,33,35,39,44,48,61,63,65,70,73,74,85,87,88,91,92,94,98,100,102,104,106,110,113,116,118,122,129,133,135,137,139,141,142 "4";
5 108 0 1,5,6,11,13,15,17,22,23,24,27,28,30,32,37,39,43,44,52,55,61,66,67,69,70,73,76,78,79,80,83,85,94,100,101,107,108,109,111,114,115,117,119,120,124,126,129,130,131,137,138,143,144,145 "5";
6 4 0 20,27,37,41,44,45,70,73,76,80,86,93,94,108,110,116,118,122,130,145 "6";
7 141 0 0,3,5,9,12,16,20,25,27,45,47,52,57,62,68,72,78,84,87,93,97,99,104,106,111,115,116,119,121,122,128,135,140,142 "7";
8 3 1 0,17,18,48,51,57,62,78,118,124,127,143 "8";
9 106 0 2,5,19,21,22,28,42,44,46,51,54,60,62,70,80,90,94,103,115,119,126,129,138,145 "9";
10 99 1 34,35,48,54,70,99,112 "10";
11 20 1 17,97 "11";
12 105 1 14,18,21,23,26,27,42,43,46,56,58,69,71,77,91,96,102,112,114,116,123,129,136,141 "12";
13 14 1 1,6,9,12,24,31,33,35,39,49,57,67,73,74,75,80,88,90,91,93,101,104,108,113,121,142,145 "13";
14 57 1 21,32,44,50,56,57,59,64,69,76,111,114,129,134 "14";
15 132 0 0,4,6,20,21,26,30,38,40,42,53,55,58,60,74,76,78,82,84,85,92,96,99,100,104,108,114,120,124,126,131,133,135,138,145 "15";
16 79 0 1,2,4,7,9,10,14,16,22,24,25,26,29,31,34,40,42,47,49,51,54,56,58,59,62,66,68,71,72,74,78,80,82,84,89,91,92,98,99,100,104,106,107,110,111,116,118,124,125,129,132,133,135,137,138,143 "16";
17 58 1 4,28,51,80,88,96,108,120,126,136,138,144 "17";
18 143 0 0,3,5,7,11,12,13,14,15,16,18,20,24,26,31,34,37,38,40,41,45,46,47,49,51,52,53,56,59,60,65,66,68,71,73,77,79,83,84,86,88,91,92,95,96,98,100,101,104,106,108,113,116,118,120,122,123,124,125,127,131,133,137,138,141,143 "18";
19 64 1 1,3,6,9,12,23,25,37,42,44,52,63,68,71,72,84,87,89,90,99,105,107,108,113,116,118,125,128 "19";
20 58 0 0,1,3,4,8,11,14,17,18,20,23,25,27,29,31,36,39,43,44,49,53,60,63,66,71,72,73,81,87,93,94,96,97,98,99,101,108,111,113,117,120,124,125,128,129,132,134,136,141 "20";
21 21 1 6,8,12,13,17,19,20,23,28,31,32,34,36,38,40,42,46,51,54,60,65,72,73,76,81,88,93,94,98,101,103,110,123,124,131,135,137,141,143,145 "21";
22 106 0 5,6,9,11,13,18,19,20,22,24,25,27,28,29,31,33,35,39,42,46,47,51,53,58,59,61,63,66,68,71,73,77,79,82,85,87,89,90,92,105,107,108,111,112,113,114,115,117,119,123,125,127,132,134,135,137,139,143,145 "22";
23 62 0 0,2,6,9,12,13,16,17,18,24,25,26,28,30,32,34,36,37,42,44,47,48,50,51,55,56,58,59,60,62,63,65,68,71,75,82,84,88,89,90,91,95,98,101,102,109,110,112,114,117,119,122,124,125,126,129,131,132,137,139,140,141,142,145 "23";
24 129 1 4,12,15,21,23,33,35,45,58,62,65,77,85,89,91,95,97,114,119,133,136,140,145 "24";
25 121 0 2,4,5,7,10,14,15,17,19,22,23,26,29,31,35,36,38,41,42,44,47,48,50,52,54,57,60,62,66,67,69,71,73,76,80,82,85,93,97,103,104,105,112,114,117,119,123,126,132,135,136,140 "25";
26 37 1 0,4,8,9,11,17,19,22,25,27,29,31,35,37,39,40,44,46,48,50,51,52,56,60,64,66,68,72,74,76,79,81,82,84,90,96,104,106,108,109,112,118,121,126,128,130,131,132,133,134,135,139,142,144,145 "26";
27 142 1 25,39,116,124,138 "27";
28 122 1 2,3,5,6,7,9,11,12,14,16,17,20,22,23,24,27,29,31,33,35,36,38,42,43,46,49,50,51,53,54,56,57,59,60,61,63,65,66,68,70,73,75,77,79,80,83,88,89,91,96,97,98,100,101,103,105,107,108,110,113,115,121,123,128,131,133,135,138,139,140,143 "28";
29 105 1 19,62,75,115,134 "29";
30 58 0 31,51,100,119,121,144 "30";
31 119 0 21,52,56,63,112,122,128 "31";
32 49 0 1,6,10,11,13,20,21,24,27,28,29,33,36,39,40,42,45,46,48,50,51,52,55,56,60,62,65,68,71,73,74,75,79,82,84,86,89,91,93,94,96,97,98,101,103,105,106,108,109,112,113,115,117,120,121,124,128,129,130,131,134,137,139,140,142 "32";
33 142 0 5,13,22,31,35,42,46,50,56,71,72,78,81,87,96,104,105,108,123,129,141 "33";
34 113 1 1,10,13,14,31,54,61,65,68,81,89,107,110,113,128,130,134,141 "34";
35 96 1 0,2,13,19,26,30,34,43,76,80,85,89,102,103,107,110,115,121,125,130,145 "35";
36 67 1 1,2,4,6,9,12,16,17,21,23,24,26,28,29,31,33,40,42,43,50,51,53,55,56,58,61,63,67,69,70,72,74,77,79,80,83,87,89,91,93,95,97,99,101,109,111,122,124,128,131,137,138,142 "36";
37 43 0 11,21,23,26,29,42,83,90,94,97,106,107,113,118,121,128,134,139 "37";
38 120 1 5,10,13,22,27,32,36,41,66,86,87,94,100,106,111,117,133,135 "38";
39 135 1 2,10,16,19,22,41,54,56,65,66,72,81,83,85,96,99,102,119,126,133,136,141 "39";
40 65 1 5,8,10,13,15,16,18,21,22,24,28,30,32,35,38,42,44,46,48,50,55,59,61,62,67,69,71,74,80,82,83,87,89,91,94,96,98,101,103,105,106,107,111,112,113,115,117,118,120,121,124,127,129,138,139,143,145 "40";
41 119 1 7,8,14,15,21,23,25,28,30,33,37,38,42,44,54,56,60,68,73,74,77,84,86,102,111,118,121,122,127,129,131,134,137,140,143 "41";
42 85 0 0,1,3,5,10,11,12,13,15,17,18,22,23,25,26,29,31,33,34,36,38,41,42,44,46,47,49,50,52,53,55,56,60,61,66,69,70,72,74,75,77,80,83,86,88,90,91,94,95,97,98,99,101,104,106,108,110,112,115,120,121,123,124,125,130,131,133,136,137,138,141,142,145 "42";
43 111 1 0,1,3,6,12,13,24,26,29,32,34,35,40,41,43,45,47,50,56,58,60,62,66,73,75,78,80,84,87,88,91,97,99,100,104,105,108,110,114,116,117,120,122,124,126,127,130,133,134,136,137,140,142,144 "43";
44 28 0 12,20,36,52,58,85,94,103,105,126,140 "44";
45 118 0 1,2,4,6,7,8,9,10,13,14,16,20,25,28,32,35,37,38,41,42,43,44,48,49,52,54,55,57,59,62,66,67,71,75,77,80,81,85,88,90,96,99,101,102,103,104,106,109,112,114,116,118,119,121,123,125,126,127,130,132,134,137,140,141,143,144 "45";
46 28 1 0,1,3,4,6,8,12,14,17,20,23,25,27,28,30,31,35,36,38,40,43,45,46,48,52,56,60,63,65,66,68,70,71,73,81,83,86,88,90,93,95,96,98,99,101,104,108,111,116,118,120,121,124,125,126,129,130,132,133,137,138,140,142 "46";
47 10 1 3,5,8,14,26,37,49,50,92,144 "47";
48 123 1 0,2,5,6,10,12,14,16,18,21,28,30,32,34,40,43,46,47,49,50,56,57,59,61,62,64,66,68,72,75,76,79,82,84,88,91,93,95,96,99,106,108,110,111,114,116,120,121,122,123,125,135,137,140,142,144,145 "48";
49 10 0 5,9,11,17,18,21,25,26,27,35,42,45,55,60,61,68,71,75,76,80,82,85,86,89,90,93,94,96,100,106,111,118,119,120,123,129,133,136,138,140,142,145 "49";
50 64 0 7,10,14,17,18,20,25,34,37,52,56,66,71,81,89,91,99,105,107,121,129,134,140,143 "50";
51 131 0 1,18,59,87,98,107 "51";
52 70 1 2,5,12,14,15,21,24,32,37,44,45,53,57,65,73,76,92,94,114,117,120,124,125,126,129,131,132,134,135,136,138,144 "52";
53 33 1 0,3,4,6,7,9,12,16,19,21,26,40,45,47,48,52,55,61,63,64,67,68,73,75,80,82,83,86,89,97,98,100,101,104,107,112,119,120,123,128,134,139,141,145 "53";
54 95 0 6,10,15,18,25,33,43,48,49,53,55,57,61,63,67,89,98,99,101,105,107,112,116,118,120,121,123,125,126,133,144 "54";
55 123 0 2,7,15,21,33,42,49,59,63,65,66,68,75,81,83,87,91,95,103,108,109,110,119,120,125,126,137,140,143 "55";
56 3 0 0,6,9,12,15,22,25,29,32,35,38,45,48,54,57,59,60,61,63,70,72,74,78,80,82,87,93,98,99,100,107,111,113,115,120,123,124,125,128,130,142,143,145 "56";
57 31 1 4,6,9,10,22,26,28,29,46,53,61,63,70,71,76,77,90,97,100,106,112,122,126,137,139,141,143 "57";
58 79 1 0,6,15,16,52,59,62,64,67,76,80,86,101,112,121,123,136,138 "58";
59 30 1 1,4,6,7,10,12,13,14,17,20,23,25,26,31,33,38,40,41,44,46,47,49,50,51,57,58,62,63,65,68,69,71,72,73,74,75,76,79,80,82,83,85,86,88,90,94,96,97,98,100,104,105,106,110,113,114,117,118,121,125,126,128,129,131,133,135,137,139,140,141,142,143 "59";
60 53 1 7,10,19,21,24,25,28,30,38,41,48,51,52,57,61,68,69,73,77,81,82,83,88,90,103,105,108,111,113,118,122,125,142,143 "60";
61 85 0 1,7,9,10,14,16,17,21,24,28,32,34,35,37,38,40,42,45,48,49,52,53,55,56,57,60,64,66,67,69,70,72,74,75,77,78,81,82,86,88,93,95,96,98,101,102,103,106,108,110,111,114,117,119,121,124,125,126,129,130,131,133,136,140,143,145 "61";
62 17 1 2,12,13,14,18,23,27,35,38,46,48,50,51,54,57,61,62,66,68,69,70,72,76,79,81,93,96,100,102,108,109,113,115,117,119,122,125,129,135,138,141 "62";
63 109 1 72,114,142 "63";
64 44 1 2,4,8,11,12,13,15,17,18,21,22,23,25,29,32,34,35,37,41,43,45,51,59,60,62,63,65,68,70,72,75,76,78,84,86,87,90,94,98,100,103,104,105,106,111,115,120,123,125,126,129,131,135,137,139,141,143,145 "64";
65 118 1 3,4,12,15,20,23,29,37,58,63,72,84,96,99,110,116 "65";
66 114 0 15,33,35,37,102,110,120,130,133,137,138 "66";
67 79 0 2,3,4,5,7,13,16,20,23,28,29,32,34,37,39,44,45,47,49,58,62,64,68,78,87,91,97,98,103,111,112,113,117,119,121,122,130,132,135,137,140 "67";
68 26 1 14,43,66,89 "68";
69 28 1 4,10,13,16,23,28,35,42,52,58,61,62,65,76,80,86,89,99,104,106,113,121,133,145 "69";
70 17 1 8,15,17,19,23,27,29,31,36,39,41,43,45,51,55,90,91,96,97,98,109,112,115,121,122,125,130,131,132,136,138,145 "70";
71 146 0 0,2,15,17,20,25,29,39,43,47,48,52,55,58,83,90,96,105,116,122,125,127,141,143,144,145 "71";
72 64 1 1,3,5,7,8,10,11,13,14,15,17,20,21,23,24,25,28,30,32,34,35,39,40,42,45,46,48,50,52,55,56,58,59,61,65,69,70,71,75,80,82,84,86,87,89,93,94,95,96,98,101,103,107,109,110,111,113,114,120,122,123,126,127,129,131,132,133,135,136,138,140,143,145 "72";
73 30 0 3,6,8,13,19,21,23,25,29,32,35,37,42,46,48,50,57,58,61,65,66,68,72,75,78,80,82,86,87,89,92,95,107,114,116,119,121,131,132,134,141,143,144 "73";
74 44 0 0,4,10,14,15,17,18,22,23,25,26,28,31,33,35,37,40,43,45,47,48,51,54,60,64,66,69,72,73,75,79,82,83,85,89,90,95,101,105,107,109,111,113,114,118,122,125,126,130,132,134,135,137,140,144 "74";
75 135 1 0,3,4,7,9,10,13,16,18,21,26,28,30,31,33,34,37,38,46,52,54,56,58,59,61,64,66,68,70,71,73,79,81,83,84,92,95,98,100,106,107,108,117,119,120,121,124,125,128,129,131,133,135,139,140 "75";
76 70 0 2,3,5,11,13,15,17,19,20,22,24,26,29,35,37,42,46,48,53,58,59,61,62,63,65,66,68,70,72,75,77,81,82,85,87,88,89,97,103,105,108,110,111,113,116,120,122,126,129,130,131,133,134,136,143,145 "76";
77 94 1 1,4,5,14,20,21,26,27,30,33,34,36,37,39,42,46,48,54,57,65,66,68,75,82,83,85,90,92,93,96,98,100,106,107,110,111,117,118,125,127,131,134,135,138,142 "77";
78 116 1 3,16,18,29,32,37,39,42,55,60,62,65,74,78,79,82,87,95,97,101,103,110,111,114,120,122,123,130,132,138,144 "78";
79 9 1 2,4,8,9,13,16,18,21,22,24,27,28,32,34,41,45,47,49,54,60,62,64,65,66,69,70,71,75,76,80,81,83,85,88,93,96,97,99,100,105,107,108,110,112,114,118,122,123,124,126,131,137,139,141,143,144 "79";
80 68 0 1,2,5,9,11,13,14,17,19,21,31,32,34,37,39,40,43,47,56,59,62,74,76,81,84,87,98,102,106,107,109,114,116,119,123,124,130,137,138,141,145 "80";
81 138 1 0,4,15,24,25,26,33,36,37,40,49,53,55,63,66,69,71,86,90,92,102,123,124,126,129,140,143 "81";
82 143 0 34,41,56,60,70,80,86,93,96,107,112,120,124,129,138 "82";
83 49 1 39,50 "83";
84 130 0 0,3,12,20,26,32,33,37,38,39,41,50,54,55,57,58,60,62,63,65,66,68,70,72,76,81,83,86,88,91,94,96,99,102,104,107,109,113,115,118,120,122,124,127,129,133,135,138,141,143,144 "84";
85 128 0 3,4,6,11,12,14,16,17,22,26,30,32,33,35,38,41,44,46,49,51,56,57,63,65,66,69,71,73,75,77,80,83,90,91,94,96,97,99,103,107,109,110,114,117,119,122,123,126,138,140,141,143 "85";
86 7 1 2,6,8,11,17,18,19,24,27,28,30,31,34,41,42,45,48,50,54,55,57,59,61,63,69,70,72,75,76,79,84,85,88,89,90,91,94,96,98,101,103,104,108,110,112,114,115,116,118,120,123,125,127,129,130,131,132,133,135,136,137,142 "86";
87 12 1 1,3,5,6,9,10,13,14,16,18,20,21,22,24,26,28,30,31,33,36,41,42,44,46,47,50,51,52,54,56,58,60,61,63,64,65,68,71,72,73,75,76,77,81,85,87,90,94,96,98,100,102,104,106,108,110,113,115,117,118,120,122,125,128,130,132,133,134,136,140,142,143,145 "87";
88 131 1 6,11,19,21,29,35,40,42,48,50,60,64,95,123,129,138,143 "88";
89 129 0 0,2,5,8,11,14,18,19,23,31,38,40,44,47,48,51,53,57,62,63,65,67,72,76,77,81,82,84,88,90,97,104,105,108,113,116,120,124,128,129,131,133,142,143 "89";
90 46 1 0,1,4,6,7,8,11,12,14,18,20,22,24,27,30,32,34,35,36,38,40,42,45,51,55,56,57,58,59,61,64,69,71,73,74,76,81,85,90,92,93,95,97,98,100,103,104,108,110,114,117,119,121,124,127,133,135,137,142,144,145 "90";
91 99 1 0,4,5,8,9,11,14,15,17,20,21,23,24,26,30,33,35,38,40,41,43,44,45,48,49,51,53,54,57,59,61,63,64,66,67,70,74,75,77,83,86,90,91,93,95,98,100,101,102,104,105,107,110,111,115,119,123,127,130,133,134,135,137,138,140 "91";
92 62 1 0,4,6,9,13,17,19,27,29,32,36,42,46,52,55,56,59,60,63,70,74,76,79,80,83,85,88,92,93,104,109,114,116,117,119,121,126,127,132,133,135,136,141,144 "92";
93 40 0 0,2,4,7,11,23,24,26,28,32,33,35,37,41,42,45,48,49,58,60,62,65,68,71,74,75,76,80,81,83,85,86,88,89,93,94,99,100,102,103,105,108,110,114,117,119,122,128,129,130,131,133,134,135,139,141,142,145 "93";
94 128 1 0,5,12,17,18,22,24,27,28,29,31,34,41,47,48,51,66,80,85,86,93,96,105,110,111,119,121,122,133,141,144 "94";
95 48 0 1,6,8,9,11,13,15,17,19,20,22,25,27,31,35,38,43,44,46,48,49,57,62,65,67,71,73,77,79,80,82,83,87,89,90,93,95,98,101,102,106,110,112,113,115,117,119,120,122,123,125,127,128,130,131,142,145 "95";
96 116 0 45,47,51,53,103,111 "96";
97 125 0 10,12,15,31,32,37,41,46,50,51,54,62,65,68,73,86,91,92,97,102,112,115,116,122,123,125,129,133,136,141,143 "97";
98 146 0 0,3,4,5,8,13,14,18,19,21,23,27,30,33,35,39,44,46,47,51,54,56,58,62,63,67,69,70,72,77,78,82,85,87,89,91,92,96,97,100,101,105,106,108,112,115,119,121,122,124,127,129,131,136,138,140,141,142,143,145 "98";
99 112 1 1,2,6,7,11,14,16,19,26,31,35,39,41,44,51,55,59,61,64,65,70,71,74,78,79,83,89,93,100,102,106,109,117,119,126,129,132,137,138,140,141,145 "99";
100 144 0 0,3,6,8,9,11,18,21,25,27,29,31,32,34,40,42,44,47,49,51,54,56,60,61,64,65,68,71,74,76,77,81,84,85,86,88,89,90,92,95,99,102,104,106,107,112,114,119,122,126,128,136,137,139,140,142,145 "100";
101 141 1 9,18,27,30,32,34,36,37,39,41,43,44,46,51,54,58,60,64,70,72,76,80,85,89,90,92,95,104,112,113,115,130,132,133,138,139,141,145 "101";
102 128 0 1,4,7,21,23,26,29,33,36,38,47,56,60,64,66,67,69,74,80,81,83,90,92,95,101,103,104,113,114,120,124,131,135,138,139 "102";
103 66 0 0,6,7,11,13,14,16,27,29,34,37,41,44,45,47,48,50,56,62,67,70,71,74,77,85,89,90,92,93,95,98,100,101,103,106,109,111,112,116,120,122,127,130,131,133,138,139,140 "103";
104 112 0 0,6,8,12,17,23,25,31,35,37,43,45,49,52,58,63,64,70,73,74,81,85,87,92,95,98,106,113,115,118,120,122,123,126,127,136,140,145 "104";
105 70 1 1,2,3,4,10,14,17,20,21,28,31,34,37,38,42,44,46,47,50,51,54,55,61,62,68,70,77,83,84,85,89,90,93,96,101,103,104,106,112,117,118,120,124,129,133,135,138,141 "105";
106 18 1 12,17,29,33,43,49,57,64,72,81,91,93,105,114,130 "106";
107 53 0 0,3,9,11,12,14,25,30,31,40,41,49,50,53,55,57,58,60,67,71,74,77,82,83,85,97,100,104,116,119,120,123,129,131,133,136,137,139,141,144 "107";
108 3 1 4,7,10,18,20,26,31,36,41,46,48,49,51,55,60,65,82,86,89,91,102,104,106,120,136 "108";
109 15 0 2,8,10,13,17,21,22,28,34,40,44,46,51,52,54,58,59,62,76,77,82,83,87,90,91,98,101,108,111,112,114,121,123,124,128,130,131,133,136,139,142,145 "109";
110 130 1 0,2,7,8,9,12,15,17,19,20,22,25,26,27,29,32,34,35,40,41,46,47,50,51,55,58,60,62,63,66,68,70,71,76,77,79,81,82,86,87,88,90,91,93,97,103,105,107,109,112,114,116,119,122,123,126,128,131,134,136,138,140,141 "110";
111 133 0 27,42,64,68,81,93,106,110,135 "111";
112 127 1 2,3,5,7,8,9,12,14,16,17,20,23,24,25,32,37,43,46,47,48,49,54,56,58,59,62,64,66,67,69,70,76,78,81,83,85,86,89,90,93,95,96,99,100,102,108,110,111,115,116,118,120,125,127,129,131,133,134,137,139,142,143,145 "112";
113 54 0 7,8,10,13,15,18,20,24,30,31,33,34,36,39,43,44,47,50,51,54,59,61,64,65,68,73,75,77,78,81,83,84,87,88,93,100,105,110,114,115,122,133,135,139,142,144 "113";
114 118 0 15,23,25,27,80,84,89,97,102,121,126,138,145 "114";
115 18 1 26,34,53,72,74,123,125,126 "115";
116 35 1 0,1,3,7,9,21,25,28,32,34,36,54,67,72,88,91,96,106,115,120,123,126,143,145 "116";
117 86 1 1,14,30,32,34,52,79,85,98,103,125 "117";
118 16 0 2,3,6,8,11,14,15,21,22,25,33,38,39,48,51,53,55,56,57,60,65,69,71,72,74,77,79,80,82,90,94,95,96,99,100,104,106,110,113,115,117,122,125,127,129,131,135,145 "118";
119 6 1 0,37,40,50,80,118,139 "119";
120 106 1 0,1,2,4,5,12,14,20,21,24,26,27,28,29,30,32,34,37,38,39,40,43,47,48,51,53,55,57,59,65,66,68,73,75,76,79,81,84,86,88,90,93,95,100,101,104,105,107,109,110,116,122,124,126,129,130,131,133,134,137,138,140,142,144,145 "120";
121 101 1 0,1,4,7,10,11,14,16,17,20,22,24,28,29,30,32,33,35,38,39,44,45,49,52,53,56,60,63,64,65,68,70,74,78,80,82,85,86,87,88,91,94,96,97,99,101,102,105,108,109,110,112,113,114,115,116,118,123,125,126,127,134,136,137,138,140,141,143 "121";
122 60 1 0,1,3,4,5,6,8,9,12,13,15,17,19,29,31,32,34,35,39,41,45,47,49,51,52,53,54,55,57,59,61,65,67,69,71,72,73,75,79,81,83,87,89,90,91,93,94,96,98,103,104,105,110,112,113,121,123,124,126,127,128,132,135,137,138,140,142,143,144 "122";
123 107 0 1,56,95,106 "123";
124 46 0 1,6,7,9,11,12,14,16,18,19,21,22,24,28,29,31,35,36,38,39,41,43,46,49,50,52,57,59,61,63,64,65,68,70,73,74,78,80,81,82,84,86,87,92,94,96,100,101,103,105,106,109,112,115,117,118,119,122,123,127,129,131,135,137,139,142,144,145 "124";
125 17 1 4,7,11,13,18,37,39,55,61,65,79,81,104,119,126,136,139,143 "125";
126 97 1 0,10,11,17,18,19,26,29,33,36,38,40,42,44,46,47,49,53,55,57,61,68,70,71,73,75,77,78,79,81,83,85,86,87,90,97,105,107,113,115,119,121,124,125,127,130,131,133,137,138,140,142,145 "126";
127 11 0 1,3,5,10,11,17,21,23,24,26,28,29,33,39,42,48,50,52,57,60,61,64,65,67,68,75,79,84,85,87,93,94,96,97,98,99,101,102,107,109,110,113,115,116,119,124,125,132,133,135,136,140,141,143 "127";
128 6 0 1,2,8,10,12,15,17,20,22,23,24,25,27,28,31,33,36,37,38,40,41,42,44,46,48,51,52,53,54,60,62,63,64,68,69,70,74,75,77,80,82,83,84,88,91,94,96,99,100,101,103,105,107,108,111,112,113,115,116,119,121,122,125,127,128,130,131,132,135,138,142,144,145 "128";
129 71 0 13,16,43,75,120,136 "129";
130 135 0 0,3,5,7,9,13,15,16,17,20,24,26,28,32,33,35,37,39,41,42,47,54,58,61,68,71,73,78,79,80,85,90,92,96,98,102,104,105,107,114,115,118,119,122,127,129,132,134,140,145 "130";
131 77 0 0,2,3,8,10,14,28,30,35,37,39,45,48,57,60,64,65,76,92,95,102,110,123,125,126,132,135,136,142,145 "131";
132 122 0 2,4,5,8,10,13,15,16,18,20,23,26,28,32,44,45,49,54,57,60,62,64,65,67,73,76,79,83,86,88,94,97,100,108,114,115,120,121,125,128,131,134,137,145 "132";
133 121 1 0,2,3,4,6,8,11,13,17,20,21,22,25,27,29,31,33,35,37,38,40,41,43,45,48,53,57,58,62,63,65,68,70,71,73,75,78,79,81,83,88,90,91,92,97,100,101,102,104,106,108,109,112,113,115,119,126,128,129,133,135,138 "133";
134 74 0 1,3,6,16,27,33,52,59,61,67,74,79,96,105,111,116,128,133,145 "134";
135 64 0 2,3,6,8,9,13,18,23,26,30,32,35,42,43,51,61,62,69,72,73,80,84,85,91,99,101,104,107,109,110,113,116,121,127,142,144 "135";
136 127 0 0,4,8,9,13,14,16,19,21,24,28,29,31,36,37,41,42,44,49,51,53,59,61,66,74,79,87,91,93,95,98,99,102,105,108,112,113,117,119,121,123,124,126,129,132,134,136,139,140,142 "136";
137 137 1 16,32,46,49,77,110,124,135 "137";
138 125 0 0,1,8,10,15,18,20,22,25,30,32,38,40,45,47,54,56,58,59,60,63,66,67,69,70,72,74,76,77,78,80,83,86,89,90,96,97,102,104,107,108,112,113,114,117,119,120,121,124,127,128,132,134,136,139,142,144 "138";
139 56 1 7,11,22,27,32,43,45,49,51,59,64,69,74,85,103,119,124,128,130 "139";
140 130 0 0,8,14,18,22,24,33,36,37,42,46,51,53,65,70,77,79,89,94,96,103,109,129,133,135,139,141,143 "140";
141 54 0 0,2,4,5,7,10,12,14,16,21,22,24,25,26,29,35,39,41,44,46,47,49,51,52,55,56,57,60,62,67,69,71,72,74,76,78,80,83,86,91,93,96,97,99,100,104,109,112,114,116,119,121,131,134,139,140,143,144,145 "141";
142 61 1 0,51,84,90,99,107,123 "142";
143 136 1 1,2,7,8,9,11,13,14,17,18,20,22,23,24,27,29,30,33,35,36,37,42,44,47,49,54,59,63,68,69,70,73,74,76,77,78,81,82,86,88,90,93,95,97,102,104,105,107,109,110,113,115,116,118,119,121,125,128,130,132,134,135,136,137,139,141,142,145 "143";
144 60 1 1,3,4,5,8,10,14,16,20,23,26,30,33,35,37,41,44,47,55,58,59,61,63,65,66,68,69,71,75,79,82,84,85,90,92,94,95,103,106,111,117,121,123,125,126,129,130,135,139,140,142,144 "144";
145 125 0 2,7,16,17,21,23,24,34,36,38,41,45,48,52,54,64,66,84,89,95,100,103,116,118,121,128,137,141,143,144 "145";
