parity 90;
0 31 1 5,8,11,14,24,30,35,40,43,52,59,66,75,83,87 "0";
1 62 1 0,1,3,6,7,9,10,13,14,16,17,22,26,28,29,30,31,34,35,36,38,40,42,43,47,49,52,56,58,60,61,63,65,67,69,73,75,76,79,81,82,83,87 "1";
2 80 1 0,4,7,10,14,16,20,22,23,25,26,29,32,35,36,40,43,45,47,49,53,56,59,63,65,69,71,77,78,80,81,83,87 "2";
3 12 0 16,21,40,56,85 "3";
4 82 0 0,6,7,9,13,15,16,18,21,28,34,36,41,43,49,63,68,72,73,76,79,81,83,87,89 "4";
5 38 1 1,5,10,23,25,31,35,38,41,42,44,53,55,56,61,75,84,87,90 "5";
6 10 0 1,5,6,11,13,14,20,23,26,28,29,32,33,36,38,51,53,71,77,80,90 "6";
7 15 0 1,8,9,19,31,32,36,40,43,48,54,61,65,67,70,77,82 "7";
8 25 1 3,5,7,8,9,12,14,18,21,24,25,27,30,32,33,35,37,43,48,52,55,57,59,61,63,65,67,69,71,75,76,78,84,86,89,90 "8";
9 1 0 1,2,10,11,13,15,16,25,26,29,31,32,37,38,39,41,43,45,48,50,56,58,59,64,66,67,68,74,77,79,80,84,85,87 "9";
10 65 1 0,8,10,11,13,19,20,25,29,30,36,42,44,46,48,49,56,57,59,66,70,72,75,80,88,90 "10";
11 81 0 5,9,13,15,26,32,37,42,47,61,66,69,76,80,84 "11";
12 77 1 0,1,3,6,8,9,15,17,19,23,27,47,57,61,73,79,89 "12";
13 21 0 8,74 "13";
14 84 1 36 "14";
15 34 1 7,15 "15";
16 21 0 0,2,3,8,11,14,18,20,22,24,30,32,33,35,39,41,42,43,44,46,47,51,55,60,62,64,66,70,75,76,78,84,86,89 "16";
17 19 1 31,43,55,73,84,86 "17";
18 31 0 24,32,55,76 "18";
19 75 1 0,1,5,6,8,10,13,16,20,23,28,30,33,34,36,38,40,41,42,46,49,51,52,53,55,57,58,60,61,64,65,69,70,71,73,75,77,78,82,83,84,87,88,89,90 "19";
20 0 1 0,2,5,8,12,14,16,22,24,25,29,33,37,39,41,42,45,47,49,51,54,55,56,58,62,65,67,69,70,72,74,75,77,80,82,84,87,88,90 "20";
21 43 1 4,8,12,15,16,19,41,43,48,49,54,55,57,59,61,63,66,69,75,78,84,87 "21";
22 6 0 5,9,11,14,20,22,24,26,27,28,30,32,34,39,40,43,50,54,57,59,61,62,66,69,70,76,84,86,90 "22";
23 26 1 11,13,15,16,18,25,29,35,37,41,47,49,52,56,57,61,64,66,74,75,77,83,86,89 "23";
24 23 1 3,4,6,8,9,10,12,16,17,19,24,31,37,38,40,43,49,50,53,55,58,65,68,70,71,73,75,78,79 "24";
25 64 0 1,5,7,14,18,21,29,48,58,61,65,76,81,82,88 "25";
26 15 1 14,20,27,29,35,41,42,45,53,56,64,66,69,72,76,79,81,84 "26";
27 84 1 2,6,9,13,21,30,32,33,35,37,46,48,50,53,55,56,58,59,62,63,71,72,74,76,80,90 "27";
28 66 0 0,1,16,24,26,29,32,34,35,45,52,55,57,59,62,65,74,79,84,85,87,88,90 "28";
29 32 1 13,28,35,60,71,73,76,85 "29";
30 79 1 5,89 "30";
31 44 0 1,5,9,14,16,21,24,26,29,32,33,34,37,39,42,43,44,48,50,53,54,57,59,62,65,66,67,69,70,71,72,73,75,76,78,80,81,84,90 "31";
32 87 0 0,10,14,17,20,21,23,31,33,34,37,40,45,49,50,53,64,65,69,78,80,81,83,88,89 "32";
33 51 1 4,5,9,15,16,18,25,29,30,32,33,34,38,47,48,52,55,58,67,76,77,81,84,87,90 "33";
34 71 1 0,1,7,11,18,22,24,25,26,27,29,30,31,33,35,37,38,40,41,42,44,47,49,51,53,55,56,58,59,62,65,67,69,74,76,78,83,84,86,88,89 "34";
35 21 0 6,15,20,23,34,39,42,43,54,57,58,63,67,74,77,82,87 "35";
36 40 1 0,2,4,6,11,12,14,17,19,22,25,28,29,31,33,35,37,39,42,44,47,49,52,54,58,60,61,63,67,69,71,74,77,78,80,82,87,90 "36";
37 10 1 1,3,4,6,7,8,10,13,14,15,18,21,24,28,30,32,33,35,37,39,43,44,47,51,53,55,57,58,64,65,69,71,72,74,76,78,83,86,87,88,89 "37";
38 22 1 5,12,23,24,31,44,52,57,65,67,73,76,88 "38";
39 15 0 5,8,12,18,21,24,31,36,39,44,46,53,55,57,58,64,70,80,82,87 "39";
40 81 0 3,4,5,7,8,9,11,12,17,20,22,23,24,26,30,31,33,36,37,42,43,44,46,48,49,51,53,55,57,61,64,65,66,68,70,71,73,75,77,78,80,82,86,88 "40";
41 31 0 3,5,12,16,17,22,23,25,26,28,33,36,38,41,42,44,47,50,51,53,55,57,58,63,65,67,69,71,75,77,79,80,83,85 "41";
42 83 0 0,3,5,7,9,14,15,18,20,22,28,29,30,32,34,35,39,40,42,44,45,48,51,54,56,58,61,63,65,66,67,70,72,76,80,82,86,87,89 "42";
43 54 0 1,2,5,41,59,63,70,87 "43";
44 33 0 2,4,8,9,12,13,18,20,26,31,34,37,38,39,43,51,59,60,70,74,77,79,81,85,89 "44";
45 17 0 0,2,4,8,10,11,19,23,26,29,30,32,36,37,40,42,44,46,48,50,51,54,56,59,61,65,67,71,74,77,79,81,83,84,86,87,89,90 "45";
46 80 0 5,16,20,32,34,38,43,56,64,72,79 "46";
47 53 1 4,8,13,18,19,27,31,33,38,64,68,75,78,80,83,84,89 "47";
48 80 0 1,16,32,53,84 "48";
49 45 0 0,2,4,10,11,13,22,23,26,37,38,42,44,47,48,50,51,52,54,58,62,64,65,68,73,75,78,84,87,89 "49";
50 61 1 4,6,11,19,29,38,39,43,63,78,84,86,90 "50";
51 45 1 0,2,4,5,10,17,18,23,24,26,27,31,35,39,42,44,45,46,50,51,53,55,57,59,61,65,66,67,73,74,76,77,78,80,83,86,87,89,90 "51";
52 46 1 3,5,7,9,11,17,19,21,25,30,31,33,36,38,44,47,49,52,55,56,63,67,80,83,85,87,89 "52";
53 67 0 28,41,76 "53";
54 37 0 0,3,5,7,8,11,13,16,17,19,21,23,25,27,28,30,31,39,41,42,44,46,48,56,57,60,63,65,66,68,69,70,71,72,75,76,79,81,83,86,88,90 "54";
55 80 0 3,5,10,12,15,16,23,29,32,35,36,42,45,47,50,53,55,59,61,63,68,70,73,76,85,88 "55";
56 11 0 1,4,6,8,9,13,14,16,17,19,23,24,25,26,28,29,33,34,39,40,41,44,47,48,50,52,57,60,61,65,68,70,74,76,77,78,80,83,84,86,88,89,90 "56";
57 45 0 9,15,30,52,61,69,73,77,81,83,87 "57";
58 30 0 23,26,57,71,77,83 "58";
59 40 1 5,7,9,12,16,22,25,27,30,46,48,50,52,57,60,71,72,74,75,86,89 "59";
60 64 1 1,4,7,8,9,12,14,16,19,22,24,26,28,29,32,34,35,37,44,45,48,51,53,55,56,60,62,63,64,66,68,69,72,75,76,78,79,82,85,86,87 "60";
61 24 0 0,3,14,33,40,42,46,50,61,62,74,76,80,83 "61";
62 18 0 0,2,7,14,15,24,26,31,33,38,40,42,43,45,46,48,49,56,57,59,61,65,70,78,81,85,87 "62";
63 8 0 11,15,22,37,41,52,78,89 "63";
64 21 0 4,27,42,45,47,61,67 "64";
65 17 1 0,2,4,10,11,12,16,17,22,25,26,30,35,37,41,42,43,44,46,49,50,53,55,57,59,60,61,64,66,68,71,73,76,78,80,89 "65";
66 70 1 5,7,11,13,16,21,22,24,25,30,32,33,35,37,39,43,47,49,51,53,54,57,59,60,61,63,64,67,71,73,75,78,79,82,84,86,88 "66";
67 55 1 0,1,4,10,18,19,23,25,26,27,33,44,47,53,54,58,61,65,70,72,74,76,77,80,86,88,89 "67";
68 20 0 0,1,2,6,9,10,12,14,20,22,23,27,29,30,31,33,36,38,39,42,44,45,49,54,55,58,59,61,62,64,70,72,74,75,77,82,83,85,86,87,88 "68";
69 53 0 1,6,8,10,12,13,16,17,19,25,26,30,31,32,35,36,38,42,44,46,48,50,51,55,58,59,61,63,67,69,73,75,76,78,79,81,83,85,87,88,90 "69";
70 44 0 0,1,4,7,8,10,11,13,18,20,22,24,25,28,32,35,36,38,40,45,53,54,56,58,59,62,63,64,70,74,79,83,84,85,88 "70";
71 4 0 0,2,12,14,20,21,24,29,31,32,36,37,39,41,43,45,49,50,52,53,54,57,59,62,65,66,68,76,79,80,82,87 "71";
72 44 1 1,2,5,13,17,19,20,22,24,26,27,28,30,33,37,39,41,43,45,47,48,52,53,55,57,58,59,62,66,69,71,73,74,78,81,83,84,86,87,89,90 "72";
73 21 0 1,3,5,7,9,11,12,14,16,18,21,24,26,33,36,38,41,43,44,50,53,54,60,62,63,66,69,70,75,77,80,82,83,85,88,89 "73";
74 36 1 0,8,12,16,19,20,24,26,28,34,37,39,52,53,55,56,58,63,80,82,85,90 "74";
75 72 1 0,3,5,8,15,18,21,23,25,28,38,41,46,49,55,59,66,68,72,83,85,86,88,90 "75";
76 58 0 2,3,4,7,10,11,12,14,15,16,17,20,22,24,26,30,33,37,38,42,44,48,49,50,52,54,56,62,63,65,67,68,69,71,74,76,77,79,81,82,86,88,90 "76";
77 58 1 0,7,14,20,22,28,30,42,45,62,65,67,72,74,83,90 "77";
78 52 1 4,9,12,14,16,18,22,23,27,29,32,34,42,50,53,61,68,76,80,84,88 "78";
79 46 0 2,7,11,15,16,18,19,22,24,25,27,33,35,37,41,46,50,52,57,60,63,64,67,68,69,71,73,74,77,79,80,84,86,89 "79";
80 35 1 3,5,11,16,19,21,24,27,30,31,33,34,40,41,43,45,49,53,54,57,60,64,65,68,72,73,74,75,78,79,81,85,86,90 "80";
81 49 1 22,25,28,44 "81";
82 29 0 3,5,11,19,22,34,45,62,76 "82";
83 0 0 5,11,13,14,23,29,39,47,55,56,62,67,82,88 "83";
84 27 1 0,2,3,5,6,11,12,16,17,20,24,27,30,32,34,35,38,41,46,48,49,54,56,57,59,62,64,66,68,70,77,81,87,90 "84";
85 89 1 0,3,4,8,10,11,13,14,16,18,19,24,25,27,29,34,36,37,40,41,43,48,50,52,53,58,61,62,63,65,67,70,74,78,79,81,83,85 "85";
86 66 0 1,4,6,12,13,15,18,19,21,26,29,35,38,40,47,54,55,63,66,71,72,86,89 "86";
87 81 0 7,8,10,13,14,16,18,19,21,25,27,29,31,35,36,38,40,42,44,49,53,57,58,60,62,64,65,67,71,73,75,78,79,80,85,87,90 "87";
88 64 0 1,6,11,14,18,25,31,36,38,53,60,77,87,90 "88";
89 26 1 2,5,20,27,32,39,44,46,54,61,67,71,74,77,83,87,89 "89";
90 89 0 1,4,5,7,9,12,14,16,19,21,22,25,27,28,30,33,34,35,39,40,42,43,47,51,52,55,57,59,61,62,63,66,69,71,73,75,80,82,83,87,89,90 "90";
