parity 73;
0 67 0 0,3,8,11,12,16,17,18,19,23,24,28,29,33,34,36,38,39,42,45,47,49,53,54,56,58,60,62,64,65,67,69,71,72,73 "0";
1 31 1 0,5,8,9,11,13,15,20,22,23,24,25,27,28,32,35,37,39,41,45,48,50,51,53,56,57,59,63,66,68,70,72 "1";
2 70 0 4,6,10,15,19,22,25,27,37,38,41,43,45,49,51,60,72 "2";
3 65 0 1,3,5,8,11,13,15,18,21,22,24,25,28,29,30,32,35,39,41,43,45,47,48,50,52,53,54,60,62,64,65,67,68,70,72 "3";
4 62 1 0,1,3,7,8,9,11,16,17,19,21,26,27,30,34,35,36,39,42,47,49,50,53,55,64,65,66,70,71 "4";
5 24 1 0,1,3,5,11,17,19,21,22,24,26,29,31,32,34,37,39,41,42,44,47,50,52,55,64,67 "5";
6 23 0 3,5,10,13,15,19,21,22,25,26,30,35,40,42,45,47,49,54,57,60,65,66,70,73 "6";
7 34 0 1,7,30,33,51,56 "7";
8 35 1 4,5,11,16,27,30,35,46,56,60,62,66,73 "8";
9 51 1 1,3,5,6,11,13,15,16,17,23,24,26,28,29,31,32,34,36,37,39,40,41,43,44,46,48,49,54,55,57,59,61,62,67,72 "9";
10 57 0 0,18,40,43,58,63 "10";
11 70 0 0,2,7,9,10,13,16,18,22,23,25,28,29,31,33,35,36,38,41,42,45,47,50,51,53,55,57,59,62,64,66,68,71,72,73 "11";
12 37 0 8,19,60,69 "12";
13 3 1 13,17,49 "13";
14 12 0 25,54,59 "14";
15 27 0 4,7,8,16,18,20,25,27,29,30,32,36,39,43,45,48,54,56,57,60,62,64,67,69 "15";
16 25 1 0,7,12,16,24,28,38,41,46,49,53,54,58,71 "16";
17 27 0 0,3,8,11,13,15,17,20,21,26,27,30,33,35,38,41,42,44,47,48,50,58,59,62,64,67,70,71,72 "17";
18 66 1 5,38,50,61 "18";
19 56 1 1,2,8,11,12,14,16,17,20,21,23,24,26,27,30,31,33,35,38,43,45,50,55,57,62,66,71 "19";
20 0 1 1,5,6,8,10,12,13,15,16,20,21,23,27,29,30,32,33,34,37,41,45,46,51,53,55,58,59,61,63,64,66,67,68,71,73 "20";
21 12 0 3,5,11,12,13,16,22,27,29,31,34,37,42,43,45,49,50,52,58,59,66,68,70,71,73 "21";
22 36 1 26,37,41,50,62 "22";
23 60 0 2,3,8,11,15,16,23,30,32,34,36,42,44,48,51,53,54,58,64,69,70,72 "23";
24 58 1 0,2,5,7,9,11,15,16,18,19,21,23,25,27,29,32,33,37,38,40,41,43,46,47,49,50,53,55,56,59,62,65,68,69,73 "24";
25 28 0 6,7,17,25,36,56,62,70 "25";
26 4 0 8,19,28,31,33,44,47,49 "26";
27 68 0 1,4,11,13,17,19,22,25,28,30,32,38,39,48,50,52,55,57,62 "27";
28 19 1 3,10,12,16,20,21,24,28,36,37,44,46,54,56,59,65,67,69,72 "28";
29 41 0 0,1,8,10,12,14,17,19,22,23,25,27,29,30,33,34,40,42,44,45,46,52,53,55,58,62,64,66,69,70,73 "29";
30 73 0 0,7,11,12,16,17,19,22,24,28,32,35,37,42,52,54,58,61,63,70 "30";
31 24 0 6,7,11,24,35,40,49,55,58,62,71,72 "31";
32 62 0 3,4,5,8,11,12,14,17,19,22,24,27,31,34,36,41,43,45,47,50,53,60,62,63,68,72,73 "32";
33 41 0 0,1,3,7,17,25,30,32,33,38,42,44,54,59,67,72 "33";
34 53 0 0,2,5,9,10,12,13,22,32,35,37,45,46,48,50,53,58,62,64,65 "34";
35 13 0 0,5,11,14,23,26,28,29,32,41,42,46,47,49,53,55,58,63,72 "35";
36 34 0 4,11,13,14,17,20,21,27,32,33,34,37,38,39,43,44,46,48,50,51,52,54,59,63,65,66,69,70,71 "36";
37 53 1 2,4,6,10,13,16,19,21,22,24,25,27,28,30,32,35,37,39,46,47,48,51,54,57,60,62,63,65,67,68,69,72,73 "37";
38 28 0 4,6,39,47,50,59,67,72 "38";
39 65 0 3,4,6,7,10,11,14,16,22,24,25,29,31,33,37,38,44,46,47,50,51,52,53,59,60,63,65,67,68,69,70,72 "39";
40 28 0 15,16,23,25,27,47 "40";
41 12 0 3,11,12,18,21,27,33,39,43,56,58,62,65,68,73 "41";
42 8 1 0,32,33,39,40,45,54,59 "42";
43 23 1 4,6,7,13,17,18,21,23,25,29,33,35,40,43,46,48,54,71,73 "43";
44 53 1 8,9,24,30,32,39,45,48,50,52,63,65,66,70,73 "44";
45 69 1 1,2,6,7,9,11,13,14,16,18,23,25,30,31,34,35,37,40,43,44,46,48,50,52,55,56,60,63,65,73 "45";
46 38 0 9,11,49,53,57,59,64,70,73 "46";
47 54 0 1,5,9,14,20,24,27,32,35,39,40,42,45,48,53,59,61,63,68 "47";
48 57 1 2,12,13,19,20,21,23,24,26,29,35,37,40,43,46,47,50,52,53,62,64,70,72 "48";
49 16 0 8,10,15,25,30,36,40,41,43,49,60,67 "49";
50 9 0 2,4,5,6,8,13,14,15,17,21,25,27,28,31,33,35,38,40,41,42,44,47,49,51,52,53,58,60,66,67,68,70,73 "50";
51 49 1 5,10,11,15,21,30,36,38,39,43,56,59 "51";
52 25 0 0,4,5,7,11,17,19,37,40,49,55,57,69,72 "52";
53 55 1 7,11,16,18,19,21,51,60,62,64 "53";
54 73 1 13,14,26,38,44,48,52,64,66,69,70 "54";
55 34 0 6,9,11,13,16,21,23,28,32,34,43,46,51,58,60,66,69,73 "55";
56 59 0 9,20,30,38,39,43,45,47,58,62,65 "56";
57 69 0 0,2,5,7,9,14,15,20,21,24,28,32,35,39,40,45,48,49,53,55,57,59,65,67,69,71,72,73 "57";
58 47 1 4,8,11,14,16,22,31,39,43,44,49,54,56,58,61,63,65,66 "58";
59 25 0 1,3,7,9,12,13,14,16,18,19,21,23,24,26,32,36,39,40,43,47,50,51,53,54,58,60,64,66,71 "59";
60 1 0 1,3,4,5,6,8,10,11,15,17,18,19,23,24,26,29,30,32,34,40,42,46,47,49,51,52,55,57,59,60,64,65,69,72 "60";
61 28 0 5,7,35,37,45,48,51,54,68,70 "61";
62 58 1 5,7,13,17,22,34,40,44,51,53,54,60,64,65,68,70,73 "62";
63 38 1 14 "63";
64 68 1 0,3,5,6,10,13,14,15,16,19,20,22,23,25,27,30,33,35,40,43,47,48,51,52,55,56,58,64,67,69,70 "64";
65 2 0 0,2,10,13,14,15,16,18,20,21,23,26,28,30,32,35,38,42,43,44,46,47,49,52,54,55,58,60,61,62,66,70,73 "65";
66 60 0 2,3,5,11,14,16,22,23,26,29,32,38,42,45,47,49,59,64,67,69,70 "66";
67 61 0 34,38 "67";
68 53 1 0,1,3,4,7,9,11,13,14,15,17,19,25,27,29,36,38,40,42,43,45,50,56,58,62,64,65,67,69,70,72,73 "68";
69 32 0 0,2,5,7,8,10,13,15,17,18,19,21,24,26,27,32,34,44,48,53,54,59,61,68,69,71 "69";
70 1 0 2,5,9,12,19,21,22,23,25,28,31,38,40,46,52,54,55,59 "70";
71 20 0 0,3,8,11,14,18,19,20,23,25,27,29,33,36,39,41,42,45,47,49,50,56,58,59,60,62,64,66,68,69,70,72 "71";
72 27 0 4,14,18,29,35,40,43,45,46,49,52,56,58,60,66,70 "72";
73 29 1 0,1,2,4,8,10,11,13,16,19,22,23,27,28,29,31,34,35,38,39,40,44,47,48,50,52,54,60,61,63,64,67,72 "73";
