parity 163;
0 13 0 0,3,5,6,12,14,17,22,24,25,26,33,34,38,40,47,48,50,52,53,55,56,59,61,63,67,71,73,76,82,84,90,93,97,103,111,118,120,122,136,138,144,145,148,149,152,154 "0";
1 57 0 1,10,15,16,18,20,23,27,30,31,35,37,40,42,47,49,53,56,59,60,64,65,68,69,72,73,76,79,83,91,93,95,96,98,100,102,104,107,111,114,118,124,125,127,130,131,139,140,143,145,146,151,153,155,156,158,159,162 "1";
2 5 1 9,16,26,33,34,51,52,60,79,84,86,108,122,144,158 "2";
3 112 1 5,11,20,23,26,31,34,36,39,40,45,50,52,56,62,71,79,97,99,104,107,115,126,129,131,138,139,144,149,151,160 "3";
4 80 0 0,11,13,14,26,28,41,43,44,50,56,60,66,70,75,80,87,103,106,113,120,124,131,134,135,137,139,143,144,149,151,153 "4";
5 49 1 1,4,5,6,8,11,12,16,18,25,27,28,32,37,40,41,45,47,52,54,56,57,59,60,63,67,69,70,71,74,76,79,81,83,87,90,91,92,96,97,100,101,105,110,112,118,121,122,123,126,127,128,132,134,136,137,141,143,146,148,151,153,155,159,161,163 "5";
6 79 1 3,5,7,9,13,15,16,19,21,25,28,33,38,41,43,47,54,55,57,59,61,65,67,70,72,74,76,78,80,81,86,87,98,100,102,104,108,110,112,117,121,126,128,135,139,141,144,146,152,154,155,157,161,163 "6";
7 155 0 2,4,5,9,11,14,17,20,23,25,31,36,40,44,48,49,51,55,57,62,65,68,69,73,76,78,82,86,88,90,92,96,99,100,101,107,111,114,116,117,128,132,134,136,139,140,143,147,151,155,160,162,163 "7";
8 153 1 0,2,3,5,6,8,12,13,15,16,21,23,25,29,32,34,35,38,39,42,47,48,57,60,63,66,70,80,94,95,97,98,106,108,110,113,115,118,122,123,124,127,133,134,138,140,141,149,151,153,156,158,159,161,162 "8";
9 63 1 43,46,56,67,71,75,86,89,95,100,103,108,129,141,148,150,160 "9";
10 10 1 0,1,3,6,8,11,13,15,16,19,25,27,33,36,37,40,43,45,46,48,53,61,62,64,67,69,77,78,80,88,90,91,93,96,98,101,102,103,105,108,112,114,116,120,122,125,126,131,133,135,139,142,145,146,147,149,151,153,159,161,163 "10";
11 126 0 3,4,6,7,13,16,17,19,21,22,26,29,31,34,36,37,39,42,44,45,47,49,55,58,60,62,64,67,75,77,79,81,83,85,87,89,96,98,100,101,103,104,105,107,108,110,114,115,126,131,133,135,136,137,140,147,152,154,158,161,162 "11";
12 56 0 7,56,96 "12";
13 134 1 7,11,37,56,60,66,67,89,95,97,101,119,135,143,144,146,151,155,160 "13";
14 23 0 0,2,3,5,7,8,12,13,18,19,20,23,25,27,28,30,32,33,35,37,38,39,41,42,45,49,54,59,60,62,65,67,71,72,74,76,77,78,80,81,85,86,87,89,90,91,93,94,96,97,99,100,102,105,107,109,113,114,115,117,120,122,123,129,130,132,134,135,137,142,143,144,146,150,153,155,157,158,162,163 "14";
15 52 1 13,44,47,75,79,82,90,97,99,108,113,121,131,134,145 "15";
16 110 0 4,10,12,14,19,25,29,32,34,36,38,41,45,48,51,54,57,62,65,69,71,74,76,77,81,84,87,88,92,96,98,100,118,120,130,132,133,135,137,139,142,143,145,148,154,158,160,161,163 "16";
17 34 0 1,13,15,18,20,35,45,46,55,56,59,60,75,78,80,88,89,93,98,107,115,116,124,134,140,144,148,151,156 "17";
18 79 0 2,4,5,8,17,18,22,23,25,27,29,32,34,41,47,55,61,64,70,72,82,88,94,97,101,104,107,134,135,142,147,151,152,159 "18";
19 14 0 1,2,4,5,8,9,10,13,16,17,19,20,26,27,28,29,32,34,36,39,41,42,44,45,47,48,50,53,54,56,58,59,62,64,67,70,72,74,77,80,84,86,87,89,90,93,95,96,98,100,101,103,107,109,110,112,115,118,120,123,124,125,126,129,134,137,140,144,145,147,148,150,151,153,156,158,162 "19";
20 11 1 21,25,34,36,45,60,63,65,74,78,85,88,97,101,116,120,125,131,134,138,141,148,157 "20";
21 53 1 1,4,7,10,12,15,19,21,23,24,31,32,33,35,37,38,41,42,47,51,53,56,58,61,63,64,67,68,69,71,74,77,78,80,82,83,85,86,89,94,97,98,102,105,107,113,114,115,117,122,123,125,127,128,129,131,132,133,135,136,138,139,141,145,147,149,152,154,156,157,160,161 "21";
22 27 0 0,6,9,13,17,19,20,27,28,30,40,44,50,52,55,59,63,66,67,73,76,79,81,86,88,95,103,104,106,108,109,115,116,117,121,128,132,134,139,145,147,152,156 "22";
23 155 1 0,3,6,9,10,12,14,17,18,20,21,25,27,33,36,38,42,43,46,54,55,71,78,79,80,83,87,91,92,93,107,110,116,117,120,121,130,131,134,136,137,142,147,148,153,156,158,160 "23";
24 28 1 66,75,79,80,84,88,96,162 "24";
25 164 1 3,4,6,8,12,17,18,21,23,24,27,29,31,33,34,40,41,46,48,50,54,56,58,59,61,63,72,74,80,83,84,87,88,90,94,98,101,104,105,108,112,116,117,123,126,128,132,134,135,139,140,144,146,152,157,159,162 "25";
26 0 1 0,1,4,6,13,14,18,22,23,26,34,38,42,48,50,52,54,60,63,71,74,75,77,79,81,87,89,91,94,99,104,106,107,111,114,115,116,118,120,122,125,132,133,136,138,139,141,143,145,149,152,154,156,161,162 "26";
27 140 0 0,7,12,17,20,21,24,26,30,32,33,42,46,49,53,59,60,62,63,67,74,77,79,80,82,85,87,92,95,97,99,102,103,107,111,112,114,117,123,125,126,128,132,137,139,140,147,151,153,155,160 "27";
28 160 1 1,3,5,7,12,24,30,35,41,43,62,66,68,71,74,79,82,83,88,89,93,97,99,101,104,117,119,122,123,129,135,143,146,148,152,153,159 "28";
29 111 1 1,5,7,11,16,18,20,22,24,32,33,36,42,50,57,67,68,76,77,79,84,92,94,96,98,102,104,106,112,114,117,119,123,127,131,133,134,137,140,142,143,146,148,150,163 "29";
30 10 1 2,4,5,7,10,12,13,15,18,19,22,29,36,39,40,43,46,55,57,62,64,65,67,70,75,81,82,85,87,90,97,99,100,104,108,109,113,115,117,118,120,122,124,125,127,129,135,137,139,141,143,145,151,155,162 "30";
31 33 0 7,14,24,27,36,41,61,66,71,76,80,85,88,92,97,99,102,118,126,127,149,151,154,159,163 "31";
32 141 0 25,27,48,61,66,71,95,108,113,116,120,122,132,136,145 "32";
33 110 0 0,4,12,14,16,21,22,26,31,37,43,44,45,50,55,56,58,60,63,67,69,71,86,94,97,100,102,105,112,125,131,133,147,149,152,155,163 "33";
34 47 0 1,3,4,6,8,9,10,12,13,16,17,20,24,25,26,32,33,35,36,40,41,47,48,51,53,56,57,61,63,64,65,67,68,70,72,73,75,76,78,79,80,81,83,87,89,91,93,98,99,101,102,104,106,108,110,111,117,119,120,122,126,127,129,130,134,136,137,139,144,146,148,158,159,162 "34";
35 32 1 0,21,30,33,37,61,66,72,77,100,109,136,139 "35";
36 33 1 1,6,7,15,24,26,28,36,43,46,58,60,61,67,80,83,98,103,104,107,108,111,115,127,134,137,154,155 "36";
37 154 1 3,14,21,30,39,74,92,100,105,111,121,124,149,157 "37";
38 68 1 1,4,5,6,8,12,17,18,20,27,34,37,39,41,42,44,49,51,57,58,63,65,68,69,73,76,83,85,89,90,92,94,96,97,98,100,101,102,104,105,106,108,109,110,112,117,119,123,133,135,142,146,150,151,156,158,161,162 "38";
39 91 0 2,3,7,12,14,16,18,22,30,33,35,37,40,41,44,45,50,51,54,61,65,68,71,80,81,83,88,95,97,98,100,109,112,115,120,126,129,131,136,141,147,148,154,162 "39";
40 81 0 0,10,28,71,73,107,136,163 "40";
41 107 0 0,2,3,5,9,10,12,14,18,22,23,25,26,28,34,35,38,41,45,48,51,52,53,57,60,62,65,66,71,73,76,79,80,84,87,93,95,97,98,99,101,103,108,112,118,119,121,122,123,126,130,131,133,135,140,141,145,147,149,151,152,153,156,160,161,163 "41";
42 27 0 35,52,60,76,78,88,89,91,120,129,150,155,159 "42";
43 50 1 0,3,7,9,12,14,15,17,20,22,23,26,27,30,32,33,35,36,39,42,43,45,49,52,54,58,59,62,63,66,67,70,71,72,73,76,77,80,81,84,85,87,91,92,94,96,97,100,102,103,105,106,107,109,110,111,113,115,119,120,121,123,125,126,128,129,132,133,135,136,142,146,150,152,153,154,156,158,161,163 "43";
44 95 0 0,3,10,16,24,26,33,36,41,42,44,52,55,57,63,67,74,79,80,92,94,106,109,115,120,128,130,134,142,143,151,157 "44";
45 46 0 3,4,18,20,25,27,30,31,33,35,38,42,45,46,50,53,58,61,64,66,68,69,74,77,87,89,92,94,96,97,102,105,107,110,118,119,120,127,134,138,142,143,148,150,151,153,156 "45";
46 28 1 3,4,7,10,14,15,20,21,31,33,40,43,52,54,57,59,63,66,68,69,71,77,78,80,82,84,92,93,100,104,105,110,112,125,137,138,144,150,154,155,159,162 "46";
47 132 0 2,3,4,7,11,14,15,17,21,22,24,26,28,32,45,49,57,58,60,63,65,66,69,71,73,74,75,80,81,84,87,89,90,93,97,98,103,105,107,108,110,115,116,120,122,124,126,129,131,132,134,135,137,142,144,145,147,148,150,151,155,156,158,160,161 "47";
48 64 0 4,7,8,18,21,26,38,46,48,51,62,64,67,70,72,75,77,78,80,96,112,152,153,157,158 "48";
49 71 0 0,65,66,72,103,142 "49";
50 95 1 77,83,100,119 "50";
51 77 0 7,12,13,16,23,25,26,33,37,39,41,50,54,57,62,64,73,78,80,83,88,98,99,101,103,105,110,116,121,127,131,142,145,147,150,154,157,161 "51";
52 47 1 7,10,12,14,53,57,66,68,72,90,106,109,139,153,160,163 "52";
53 106 0 0,3,5,15,18,26,32,35,40,44,47,50,53,61,63,77,81,82,97,105,107,113,115,117,147,153,158,161,163 "53";
54 141 1 0,6,14,16,17,18,21,28,30,31,33,38,40,46,53,58,64,65,68,70,72,77,84,93,95,102,106,109,111,113,115,120,126,128,130,132,135,137,139,145,147,154,157,159 "54";
55 148 0 32,162 "55";
56 21 1 0,1,3,4,8,10,12,16,19,20,22,23,25,32,36,41,42,43,44,48,50,52,54,56,59,60,62,65,66,68,70,72,74,77,78,80,83,86,88,90,92,93,95,96,98,99,102,105,110,113,115,120,128,129,130,132,134,135,138,140,141,143,144,147,148,150,153,158,159,161 "56";
57 7 1 6,8,11,14,17,18,27,29,34,41,43,45,46,48,50,54,57,58,60,61,63,67,75,77,79,81,82,84,87,91,92,94,96,98,100,102,104,107,108,109,111,115,117,118,120,121,122,124,126,127,128,130,132,134,138,139,141,142,146,147,149,152,153,154,156,158,163 "57";
58 108 1 11,31,39,52,56,58,65,85,93,98,107,113,134,151 "58";
59 72 1 2,5,7,11,32,35,38,42,44,50,52,67,79,94,99,101,103,111,114,124,127,128,138,145,147,148,153,161 "59";
60 63 1 0,3,5,7,9,11,15,18,20,22,23,26,28,29,30,32,34,36,37,39,42,46,47,49,52,54,55,60,62,63,64,66,69,71,72,73,75,77,78,80,81,83,86,90,92,94,96,97,100,106,108,110,111,113,114,115,120,122,125,127,130,134,135,136,138,140,142,143,146,149,153,155,159,160,163 "60";
61 126 0 9,22,24,147,160 "61";
62 119 1 0,20,22,35,63,74,77,135,163 "62";
63 92 0 4,10,15,17,21,24,28,30,31,33,35,37,38,40,54,56,63,64,65,66,67,73,77,83,86,92,96,98,123,130,133,134,136,138,140,143,144,147,152 "63";
64 93 0 6,11,30,33,39,49,57,58,83,92,94,111,124,136 "64";
65 85 0 8,11,12,20,22,29,40,42,43,45,51,53,56,57,61,67,69,73,75,80,82,85,86,95,96,108,114,115,117,119,121,129,140,142,149,155,158,160,161 "65";
66 159 1 7,80 "66";
67 149 1 1,4,8,17,21,22,30,39,46,58,61,63,66,67,72,75,76,79,82,90,91,93,99,101,103,105,106,108,110,112,117,119,120,122,129,131,138,144,146,152,155,158,162 "67";
68 150 0 2,23,35,44,45,47,57,61,62,78,91,107,121,125,132,134,137,139,140,143,158,160 "68";
69 156 0 3,7,23,41,44,56,64,95,121,123,129,137,141,158 "69";
70 21 1 19,74,125 "70";
71 148 0 1,2,6,13,19,23,26,30,36,45,48,50,55,62,77,84,93,96,100,101,111,113,114,116,120,124,129,133,136,139,140,141,149,151,152,156,157,160 "71";
72 78 1 0,3,7,10,11,12,13,17,19,20,22,24,26,28,29,32,34,36,39,41,43,45,46,50,52,53,56,57,58,60,61,64,66,69,70,72,74,77,79,80,83,84,85,88,89,92,94,95,97,99,102,106,107,108,110,115,116,120,123,125,126,129,131,132,134,137,138,140,141,142,143,144,146,147,149,152,154,156,157,158,160,163 "72";
73 78 1 1,5,6,7,12,13,16,18,20,21,23,24,27,29,32,35,36,38,42,44,45,47,48,52,54,57,59,61,64,65,67,68,70,72,74,76,78,80,85,87,89,90,92,93,95,97,99,100,101,104,105,106,110,113,114,115,117,119,120,121,123,124,126,132,134,135,137,139,140,145,147,151,153,154,156,157,159,160,162,163 "73";
74 133 0 10,11,20,31,35,44,47,54,63,67,68,71,73,82,93,111,119,124,129,131,132,137,154 "74";
75 133 0 13,17,19,23,25,27,36,41,55,56,66,76,115,120,126,161 "75";
76 149 0 0,1,2,6,7,9,11,13,16,17,21,25,27,29,32,33,35,36,39,40,44,45,48,50,53,55,56,57,61,67,71,72,75,78,80,81,83,85,88,90,98,99,102,105,107,108,113,115,116,119,125,130,132,134,138,143,146,148,150,151,154,155,157,158,161,163 "76";
77 64 0 7,15,17,21,25,29,31,34,37,40,45,46,47,51,53,54,56,59,61,64,70,72,73,75,79,81,84,88,89,93,94,96,98,107,108,110,118,125,127,129,134,136,137,139,142,145,148,152,156,157,161,163 "77";
78 39 0 29,70,77,85,94,99,126,148 "78";
79 136 1 56,64,65,74,77,91,99,145,153,158,159 "79";
80 137 1 10,12,18,21,29,91,95,137 "80";
81 109 0 0,3,18,41,42,62,65,74,80,91,118,157 "81";
82 139 0 0,3,6,8,10,13,15,17,18,20,24,29,30,33,34,36,38,39,42,43,48,49,50,52,53,56,58,60,62,64,65,66,68,69,71,73,77,79,80,82,84,85,87,89,92,95,97,98,100,102,105,106,107,109,111,114,119,120,122,124,125,127,129,130,133,136,138,140,141,143,145,148,150,153,154,157,158,160,162,163 "82";
83 21 1 0,2,4,5,7,11,13,15,18,19,23,26,27,29,34,35,37,38,40,43,44,54,58,59,61,65,66,69,71,75,76,77,81,93,100,107,114,115,119,121,125,127,129,131,135,139,142,144,145,147,150,154,161,163 "83";
84 12 1 3,15,17,23,26,45,54,71,81,89,97,99,101,111,115,118,133,141,152,160,162 "84";
85 142 1 110,160 "85";
86 141 1 43,60,87,99,117 "86";
87 126 1 1,17,20,26,32,34,37,39,40,41,43,44,46,50,54,55,64,66,70,76,84,85,100,102,107,112,115,120,122,126,143,152,156 "87";
88 74 1 2,8,12,15,16,19,21,26,30,34,37,40,43,44,52,54,56,58,68,75,77,81,83,91,93,101,104,111,112,115,118,119,125,126,131,137,143,146,149,158,162,163 "88";
89 115 1 4,6,9,11,12,13,15,17,20,22,24,27,29,30,33,35,36,41,43,44,47,51,52,54,58,63,64,65,66,69,71,73,80,83,85,87,89,90,93,98,101,102,104,105,108,110,112,113,119,120,122,123,124,127,129,132,133,136,138,140,141,142,144,147,151,152,154,158,160,162,163 "89";
90 133 1 1,9,11,12,14,18,21,25,30,33,34,36,39,42,44,48,49,53,56,58,62,64,65,66,68,70,72,74,75,81,82,85,86,89,92,94,96,97,99,101,105,107,109,111,115,117,120,124,126,128,134,137,139,141,142,144,148,154,157,159,162,163 "90";
91 139 0 2,4,7,11,12,17,18,20,21,23,25,27,28,30,31,36,37,38,42,48,49,51,59,61,68,71,72,80,83,85,88,91,94,98,99,107,110,111,114,115,118,121,124,132,139,141,142,145,147,148,149,152,154,156,160,163 "91";
92 36 1 0,2,3,9,11,13,14,19,21,24,28,30,32,34,36,41,46,47,51,52,57,59,64,69,70,76,85,87,93,94,96,99,101,104,105,106,109,112,113,114,120,121,127,132,133,134,139,140,145,146,148,150,153,154,155,156,158,159,161,162 "92";
93 124 0 33,49,59,108,110,116,122,141 "93";
94 120 0 3,5,7,10,16,18,32,41,46,48,58,59,68,69,71,75,81,83,86,89,91,92,96,98,104,108,109,113,118,121,123,125,138,145,146,150,151,157,162,163 "94";
95 85 0 9,15,31,39,46,48,59,62,63,68,70,72,82,91,103,107,113,123,131,134,144,151,156,159,163 "95";
96 34 0 18,19,25,52,67,91,105,113,115,117,122,132,147,150 "96";
97 86 1 1,3,4,5,7,9,10,11,12,14,18,19,21,24,25,27,29,31,32,35,36,39,41,45,46,48,52,54,55,60,63,64,65,68,69,73,74,77,82,84,89,91,93,95,96,97,100,102,106,108,111,113,115,118,122,123,124,125,128,130,133,135,137,139,142,144,147,150,153,155,157,159 "97";
98 84 1 6,10,11,19,21,23,25,27,34,44,47,57,81,88,93,95,98,108,114,115,122,124,149,152 "98";
99 27 1 12,37,45,50,69,91,112,129,154 "99";
100 71 0 0,2,5,6,7,8,11,12,16,20,21,22,24,27,30,31,35,36,37,42,44,47,48,50,53,55,56,57,60,61,63,65,66,69,70,71,73,74,77,79,82,85,88,91,93,94,98,100,102,103,105,109,110,115,117,123,124,129,130,132,134,136,137,138,141,145,147,151,154,157,158,161,163 "100";
101 156 1 1,3,5,9,10,12,26,41,46,48,53,54,60,65,69,75,77,87,88,90,91,96,97,102,105,106,112,116,119,121,124,133,138,139,144,155,157,160,162 "101";
102 135 0 1,4,8,10,15,18,20,22,44,46,47,54,56,66,67,69,71,76,77,81,86,87,90,91,95,102,104,108,114,115,117,119,120,134,137,142,155,156,159,162 "102";
103 13 0 2,9,68,70,94,97,103,107,124,128,147,156 "103";
104 146 0 6,13,21,24,26,31,38,44,63,69,104,120,125,132,135,143,145,150,158,160 "104";
105 145 0 0,3,8,15,16,20,24,29,39,47,49,51,52,58,60,61,65,67,68,75,76,88,90,94,99,111,114,116,121,126,128,137,139,152,157,158,159,162 "105";
106 156 1 4,6,8,13,15,19,24,28,30,34,38,40,42,47,49,54,56,58,62,64,74,75,77,78,80,82,83,90,93,96,98,103,108,110,111,114,118,124,126,128,130,136,139,142,150,156,162 "106";
107 125 1 3,5,8,19,27,45,48,54,57,61,74,83,86,98,106,110,117,129,134,139,141,148,149 "107";
108 41 0 0,2,3,4,10,11,15,16,18,22,26,27,30,32,33,34,42,48,52,56,59,61,63,69,71,74,75,78,82,85,87,90,93,94,97,99,100,104,107,108,112,114,116,118,121,123,127,129,130,132,137,139,144,145,147,151,152,160,163 "108";
109 126 0 4,17,22,26,29,31,37,43,52,54,65,69,70,77,82,88,91,92,104,112,120,139,146,147,151,156,161 "109";
110 70 1 5,8,11,12,14,15,17,23,25,27,29,33,36,38,40,41,45,49,51,53,55,57,58,62,65,67,69,70,75,76,78,80,82,86,89,91,97,100,104,111,115,116,122,127,129,131,133,135,137,142,143,145,147,154,155,157,160,163 "110";
111 75 0 1,2,3,5,6,14,15,16,20,25,27,32,33,36,38,40,41,43,47,48,49,51,53,55,57,63,66,67,69,71,76,77,81,82,83,91,93,94,98,99,102,104,107,109,110,112,114,118,121,123,124,128,131,133,134,136,137,139,143,145,146,150,151,153,156,158,161,163 "111";
112 149 0 2,4,5,8,9,10,13,14,17,23,26,29,30,32,34,35,38,40,41,50,55,56,59,63,66,70,72,83,84,89,93,96,97,100,102,114,116,118,119,120,123,125,126,132,138,141,144,147,148,155,157,162,163 "112";
113 161 1 0,3,5,7,10,12,15,18,20,24,32,36,39,43,49,56,59,61,66,69,71,82,84,86,88,93,95,100,101,107,116,120,124,133,135,139,155,161,163 "113";
114 18 1 1,5,7,8,10,11,13,14,16,20,21,23,24,25,28,29,30,32,36,37,39,40,41,43,44,45,48,49,52,55,56,59,60,64,65,66,68,71,72,73,75,76,78,79,80,81,83,84,86,87,89,90,93,95,98,101,102,103,107,109,111,112,115,116,119,123,127,129,131,134,137,140,141,144,146,148,149,157,162,163 "114";
115 49 0 0,2,4,7,8,12,16,19,21,22,23,24,26,30,31,36,40,41,43,44,46,49,50,52,55,56,58,59,61,63,65,68,70,71,72,73,74,77,79,82,84,85,87,88,90,96,98,99,102,104,105,107,111,113,115,116,118,123,124,126,130,133,134,137,138,141,142,144,145,147,149,150,152,153,154,156,157,159,161,162,163 "115";
116 157 1 1,4,15,17,20,26,48,57,59,61,62,67,69,70,74,87,93,99,106,109,118,127,136,138,149,152,154,156,159,163 "116";
117 28 1 0,4,7,13,16,17,18,21,26,27,33,37,39,42,48,56,60,64,70,73,75,76,86,88,94,96,105,113,114,118,120,121,124,127,128,131,133,141,150,152,158 "117";
118 61 1 13,15,16,22,30,33,62,82,85,90,133,152 "118";
119 49 1 62,157 "119";
120 37 1 17,33,37,42,66,71,81,94,98,104,108,119 "120";
121 4 0 4,6,10,14,17,20,22,28,31,33,36,38,40,42,45,47,49,53,55,56,60,62,64,65,77,82,89,91,93,96,99,100,103,108,111,113,116,121,122,126,131,132,138,140,144,146,152,157,160,162,163 "121";
122 14 0 2,4,5,7,10,13,20,22,26,28,36,38,40,45,51,53,57,62,66,69,71,73,82,84,85,98,106,115,119,121,129,136,140,146,147,149,153 "122";
123 100 1 0,8,11,21,26,42,49,59,60,64,66,70,75,82,85,91,92,100,101,104,109,110,125,127,135,140,145,146,151,153,159 "123";
124 142 1 2,17,40,51,83,88,91,129,132,140 "124";
125 13 1 2,7,8,10,14,18,21,26,42,46,47,51,63,70,93,102,118,122,129,134,137,141,144,150,156,162 "125";
126 5 0 12,21,111,119,134 "126";
127 111 0 0,5,6,9,23,27,28,36,47,48,54,61,67,72,73,75,80,81,83,84,89,93,97,103,104,108,113,120,124,130,136,138,140,146,148,151,158,159,161 "127";
128 119 1 13,17,25,42,43,49,53,56,70,71,75,76,78,97,115,120,127,133,142,145,154,156 "128";
129 107 1 5,8,12,13,27,37,39,46,51,53,66,75,76,81,84,86,91,110,116,118,122,127,133,140,144,154,159,163 "129";
130 136 1 2,6,8,9,10,11,15,18,19,21,22,23,26,27,30,36,39,43,46,47,49,55,60,61,63,65,66,68,72,74,76,77,79,81,86,87,90,92,93,95,100,102,104,107,109,110,112,113,114,117,119,121,126,127,130,134,138,141,142,144,145,147,148,154,156,158,160 "130";
131 9 1 0,1,5,8,10,12,14,16,17,18,19,25,26,28,29,30,34,36,38,39,41,43,44,46,50,51,52,53,55,60,61,64,70,71,75,77,79,81,82,84,86,87,90,91,94,95,96,101,102,105,107,112,113,114,116,117,119,120,121,124,125,128,130,133,137,139,141,143,145,146,148,149,150,153,154,155,158,161,163 "131";
132 44 0 1,4,6,10,11,13,14,16,20,21,23,24,26,27,28,31,32,35,37,41,42,47,49,50,53,55,58,59,62,66,67,69,72,73,75,76,77,78,79,82,84,85,87,89,90,92,97,99,101,105,109,112,116,117,119,121,123,124,126,131,134,136,138,141,143,144,145,146,149,150,155,156,158 "132";
133 74 0 1,4,6,7,12,16,23,26,27,29,31,40,43,44,48,50,54,58,60,63,64,68,69,75,76,81,82,86,90,91,96,101,104,106,109,111,113,115,117,120,122,124,126,130,131,138,144,146,148,150,152,153,156,157 "133";
134 66 0 0,2,4,5,6,9,10,12,14,15,16,17,19,26,29,39,41,44,47,52,56,58,61,64,70,73,77,80,81,84,89,94,96,99,101,110,118,121,124,125,128,134,140,145,149,152,153,158,160,162,163 "134";
135 89 0 1,5,13,39,44,46,52,54,59,76,81,85,90,96,108,109,113,120,126,127,129,139,156 "135";
136 13 0 3,5,8,11,14,15,19,22,23,26,31,33,34,38,40,42,49,51,54,55,56,57,60,62,66,68,71,72,74,78,79,81,84,86,89,92,94,95,98,100,102,110,113,114,116,117,119,122,123,126,128,131,132,133,135,138,139,140,141,143,146,148,153,154,155,158,159,162,163 "136";
137 81 1 2,3,9,11,12,13,14,17,19,22,26,28,29,31,32,33,35,36,40,41,43,48,50,51,53,54,57,59,60,62,63,65,66,67,70,71,73,75,77,79,82,83,85,87,88,90,92,94,95,97,99,101,103,104,106,107,109,112,114,120,123,129,132,135,136,138,139,142,143,145,146,147,150,153,154,157,159,161,162 "137";
138 72 0 0,2,9,11,12,18,22,24,29,31,39,41,45,48,50,53,56,58,59,61,67,72,73,76,77,81,83,87,88,92,94,101,103,106,107,108,111,114,116,122,123,126,133,135,137,145,148,149,151,153,156,158,160,163 "138";
139 75 0 0,5,17,27,29,38,51,59,66,74,77,79,81,98,106,109,113,115,120,144,147,149,151,156 "139";
140 54 1 1,3,8,10,14,19,21,26,28,31,33,35,36,38,41,43,44,50,52,54,55,58,60,61,64,67,69,72,74,76,80,83,86,87,88,91,92,99,100,103,106,107,108,109,112,114,117,123,124,126,131,132,135,137,139,141,143,145,148,151,153,155,157,160,162 "140";
141 113 1 23,24,39,67,69,73,94,110,111,133,136,138,142,151 "141";
142 121 1 3,5,9,13,15,18,21,26,30,34,47,50,52,56,58,63,69,73,75,82,86,90,92,102,104,105,108,111,119,124,132,134,135,150,152,155,162,163 "142";
143 145 0 13,33,92,113,115,126,131,161 "143";
144 119 0 17,41,57,74,84,100,117,119,123,149,162 "144";
145 55 0 0,12,15,26,39,41,53,62,77,85,106,132,135,152,156 "145";
146 145 1 0,2,6,11,15,27,35,41,45,57,62,67,74,81,84,89,91,99,101,102,104,107,109,118,120,127,130,134,137,143,147,149,155,157,158 "146";
147 101 1 7,8,9,10,13,20,25,27,30,32,34,36,39,45,53,54,57,61,65,68,70,75,79,86,87,88,90,92,98,101,105,111,113,117,124,125,129,132,134,139,142,146,148,150,153,155,157,162,163 "147";
148 15 0 2,5,7,9,18,20,23,35,40,42,47,51,58,66,69,81,89,96,105,110,115,119,125,129,147,149,152,161,162 "148";
149 136 1 1,6,7,9,12,14,15,20,22,23,25,31,33,34,42,45,49,52,55,62,66,71,73,74,77,78,85,87,95,104,105,108,109,110,113,118,120,122,126,131,134,135,138,139,141,144,147,150,153,156,157,160,162 "149";
150 132 1 3,25,37,39,71,98,112,119,130,141 "150";
151 39 0 2,6,7,11,15,16,18,19,21,23,24,28,30,35,42,44,46,49,51,55,56,61,62,66,68,69,72,76,81,89,90,92,93,99,101,106,108,111,113,116,121,122,124,134,136,138,139,144,149,151,152,154,156,157 "151";
152 115 0 1,4,6,8,10,16,20,23,25,28,29,31,32,34,37,39,40,53,54,57,64,65,69,73,76,77,80,87,89,92,93,106,111,114,115,117,118,120,124,129,135,139,141,142,151,153,156,157,160 "152";
153 3 1 4,13,39,45,48,51,56,60,68,111,113,116,153,159 "153";
154 15 0 1,3,13,22,24,25,29,36,38,39,42,43,48,52,54,57,61,76,78,82,85,93,98,101,103,108,114,124,126,129,133,134,140,143,145,153,163 "154";
155 54 1 6,14,16,17,18,20,21,23,25,26,28,29,32,33,34,36,38,40,42,43,44,47,49,51,52,54,56,57,60,62,63,67,69,71,72,73,78,80,81,83,85,86,87,89,96,97,100,101,104,112,113,116,117,120,121,126,131,133,135,136,138,140,141,143,145,146,149,150,153,159,160,161,162 "155";
156 52 0 1,5,10,15,16,17,22,23,25,27,29,32,38,44,46,47,49,52,54,57,58,60,68,70,72,80,85,89,92,95,97,99,106,110,112,114,119,123,124,128,136,138,140,141,143,145,150,152,156,159,161 "156";
157 109 1 3,4,7,14,17,19,22,26,28,34,36,37,39,45,50,51,60,69,70,77,85,88,90,93,95,97,107,113,118,130,133,136,138,139,150,162 "157";
158 70 1 1,12,14,21,23,24,29,34,41,42,44,50,60,65,78,87,91,92,100,103,115,125,128,130,137,140,152 "158";
159 76 1 6,9,23,28,31,39,41,50,55,59,65,69,71,73,77,79,87,92,98,100,108,112,116,123,124,127,132,137,141,143,147,157,162,163 "159";
160 108 1 0,2,9,11,19,21,23,26,28,36,40,42,47,48,50,55,57,58,63,68,70,71,73,74,77,82,86,87,90,93,95,98,99,101,103,107,113,121,124,129,133,135,136,148,152,156,157,162 "160";
161 135 1 1,3,6,9,15,19,23,24,31,37,41,60,67,69,72,82,87,98,106,114,117,127,130,133,136,138,144,151,155 "161";
162 6 0 0,2,7,9,11,15,16,17,19,24,27,30,31,32,36,37,39,42,44,47,48,52,59,61,62,64,65,66,69,75,77,81,83,86,88,95,100,105,106,107,109,115,119,124,125,128,130,131,135,139,142,146,147,150,153,155,158,163 "162";
163 137 0 2,11,16,21,45,48,51,161 "163";
