parity 45;
0 14 1 2,6,12,15,16,19,31,33,35 "0";
1 26 1 0,4,6,8,10,13,18,21,24,25,27,28,30,33,37,38,42 "1";
2 36 0 0,4,5,7,9,11,13,15,19,21,22,26,28,30,33,37,40,42,43,44 "2";
3 25 0 0,2,3,4,6,9,11,13,14,17,19,20,21,23,25,27,29,31,32,35,37,41,44 "3";
4 27 1 0,1,3,4,5,6,8,13,15,17,18,21,23,25,27,29,31,33,38,40,42,45 "4";
5 1 0 3,17 "5";
6 14 1 3,14,24,33,37 "6";
7 8 1 0,2,4,5,8,10,14,16,17,19,21,23,24,29,30,32,35,37,38,40,44,45 "7";
8 0 0 0,4,7,13,16,17,22,23,24,26,27,29,34,35,38,44,45 "8";
9 37 0 1,3,7,11,13,15,19,22,26,35,37,38,40,41 "9";
10 45 0 2,4,7,8,9,11,13,15,16,17,19,23,26,29,31,34,36,38,39,43,44 "10";
11 45 0 0,2,3,9,12,15,16,18,19,20,22,25,27,30,32,33,34,37,38,40,42,44,45 "11";
12 2 0 0,3,5,9,27,31,39 "12";
13 16 0 13,18,20,34,40 "13";
14 43 0 0,1,3,6,8,10,13,14,17,18,25,26,28,29,33,34,35,37 "14";
15 19 0 2,6,8,10,13,18,20,29,31,39,43,45 "15";
16 14 1 0,3,4,7,8,9,11,13,14,17,21,23,26,28,31,36,37,40,43,44,45 "16";
17 30 1 0,3,6,12,14,16,18,20,22,28,30,38,40 "17";
18 3 0 0,2,3,5,6,7,9,11,12,15,20,25,27,28,30,39,40,43 "18";
19 11 1 2,8,9,10,12,14,17,19,22,23,25,27,29,33,35,37,39,40,41,43,44 "19";
20 5 0 4,6,14,15,24,28,32,34,36,39,41,45 "20";
21 37 1 15,27 "21";
22 38 1 0,3,7,8,10,11,12,15,17,19,20,22,26,29,30,31,33,34,36,40,42,43 "22";
23 0 1 0,2,5,10,14,15,16,18,22,27,29,30,33,35,37,38,40,42,45 "23";
24 1 0 0,4,5,7,9,11,13,14,15,18,19,21,24,28,32,34,36,38,40,43 "24";
25 40 1 0,2,3,5,6,8,9,18,19,22,23,25,27,28,31,33,34,43 "25";
26 7 0 39 "26";
27 25 0 0,2,4,6,7,12,13,15,17,18,22,26,28,32,33,38,42,43,45 "27";
28 23 0 1,6,7,9,11,14,17,18,23,25,27,29,32,35,36,37,41,43,44 "28";
29 32 1 0,43 "29";
30 0 1 2,5,10,16,19,24,28,32,44 "30";
31 7 1 0,4,10,14,17,22,23,27,28,29,37,39,43,45 "31";
32 0 1 20,30,36 "32";
33 8 1 0,2,4,7,9,13,15,17,19,25,26,28,29,31,34,35,38,39,42,43,45 "33";
34 46 1 5,7,13,19,20,21,23,28,36,41,42,44 "34";
35 17 0 20,24 "35";
36 23 1 0,1,2,5,8,15,16,19,22,26,27,29,31,32,37,38,39,42,44 "36";
37 20 0 1,6,8,9,11,15,19,21,23,24,26,29,30,32,35,37,39,40,44 "37";
38 0 0 0,4,5,12,27,30,39,44,45 "38";
39 10 1 0,10,19,21 "39";
40 3 0 0,1,3,4,6,8,9,14,17,18,20,22,23,26,29,31,34,39,40,43,45 "40";
41 20 1 1,2,4,5,6,7,9,10,12,15,20,22,24,26,28,30,32,35,36,41,43,44,45 "41";
42 26 0 0,1,10,29,37,45 "42";
43 42 1 0,44 "43";
44 32 1 1,4,5,9,14,19,23,26,27,29,31,33,35,36,38,40,45 "44";
45 4 1 1,6,14,20,21,28,32,33,36,38,41,44,45 "45";
