parity 106;
0 30 1 0,3,11,13,16,26,32,37,39,46,48,55,62,64,72,75,81,87,90,94,98,100,101 "0";
1 91 1 0,3,4,9,15,17,20,23,25,27,34,37,38,44,45,48,50,52,55,58,61,66,68,69,71,73,74,76,78,79,81,83,85,87,89,91,92,95,97,99,100,102 "1";
2 91 0 1,3,9,11,12,13,15,16,18,19,21,23,25,26,27,29,31,33,34,36,38,39,43,46,49,50,51,52,55,56,58,59,60,64,67,69,71,73,75,78,80,83,87,88,90,93,97,98,102,104,105 "2";
3 93 0 0,1,4,8,18,21,30,34,35,36,37,51,62,67,71,76,80,85,104 "3";
4 96 1 20,28,30,49,52 "4";
5 19 0 5,8,15,17,18,23,27,30,36,49,61,62,64,73,83,85,86,90,91,93,94,95,97,103,104,105 "5";
6 79 1 0,4,5,7,9,11,13,20,22,25,30,32,34,36,38,39,42,44,45,48,50,51,52,53,54,55,56,58,61,62,71,72,74,77,78,83,85,89,92,95,98,101,104,106 "6";
7 97 1 30,85 "7";
8 105 0 0,4,15,22,24,26,28,29,33,36,39,42,46,49,52,55,58,60,63,64,68,72,74,81,87,93,99,103,104,106 "8";
9 59 1 0,2,6,8,11,29,35,36,38,40,48,50,53,55,59,62,65,70,72,74,80,81,85,90,91,92,101,103,106 "9";
10 36 1 1,3,9,30,103,105 "10";
11 56 1 0,7,9,16,18,19,23,25,27,30,32,33,34,37,39,41,44,46,47,49,59,60,64,68,79,80,81,90,95,96,100,103 "11";
12 100 0 0,5,10,12,14,20,23,26,32,39,42,45,46,51,52,54,59,62,65,66,67,71,73,75,76,81,83,88,90,91,93,95,97,105 "12";
13 18 1 2,7,11,25,27,30,33,43,46,61,63,66,72,76,77,79,81,83,87,90,92,103,104,106 "13";
14 52 0 0,2,6,22,24,31,40,42,47,49,59,62,64,66,69,70,77,79,81,83,86,92,95,97,99,101 "14";
15 39 0 1,2,3,6,8,9,13,14,17,19,20,22,24,25,26,29,31,32,33,35,36,40,44,45,47,49,52,56,59,60,61,63,66,67,70,72,73,75,77,79,82,83,84,86,87,89,90,92,94,96,98,103,106 "15";
16 14 0 0,2,4,5,10,13,14,20,24,40,45,49,51,53,56,57,60,67,71,76,80,82,85,86,95,97,100 "16";
17 2 0 0,3,11,39,51,58,71,76,80,103 "17";
18 60 0 39,63,67 "18";
19 34 0 5,7,8,18,26,29,31,36,42,44,45,48,54,60,61,68,71,77,78,81,84,88,93,97,101,104,105 "19";
20 61 0 3,13,16,25,32,34,37,39,43,47,50,52,58,65,70,74,76,86,94,102,106 "20";
21 78 0 1,3,5,7,8,10,12,13,15,17,21,24,25,29,32,34,36,38,40,42,43,44,48,54,56,57,60,67,69,70,72,75,77,79,81,83,86,87,91,93,94,97,98,100,102,103 "21";
22 48 0 3,5,8,10,13,16,18,21,24,26,28,31,33,34,43,44,45,47,49,51,54,57,61,62,65,70,71,72,74,76,77,82,83,84,88,90,92,94,96,101,103 "22";
23 6 1 1,4,6,7,9,12,13,18,19,20,22,24,25,26,29,31,35,38,40,42,46,47,49,51,52,54,58,60,62,63,64,65,67,69,71,74,75,76,78,80,84,85,87,89,92,95,98,99,101,103,105,106 "23";
24 70 1 0,1,2,4,6,8,10,11,12,13,14,16,18,19,22,25,26,29,31,33,45,47,49,55,56,58,60,61,65,66,68,69,71,73,74,76,77,80,82,84,85,87,88,93,96,98,100,105 "24";
25 11 1 0,1,6,11,13,16,17,19,21,26,29,31,32,34,36,38,39,40,46,48,58,61,62,64,66,68,73,75,77,79,82,84,85,86,89,93,97,100,101,102,104 "25";
26 46 1 8,12,29,34,42,45,63,77,91,96 "26";
27 50 0 3,5,6,8,11,14,17,22,28,36,39,42,46,48,65,68,70,74,78,83,84,100,103 "27";
28 42 1 2,3,10,15,18,23,24,34,37,39,46,48,52,66,67,74,79,80,83,94,98,99,104 "28";
29 34 1 1,4,7,17,19,20,22,25,29,33,34,40,45,48,58,61,64,79,82,83,85,87,88,91,93,94,96,101,102,104,106 "29";
30 85 0 0,12,13,17,19,24,30,32,34,40,43,45,48,50,56,57,62,64,70,75,78,83,84,87,90,93,100,101,102,104,106 "30";
31 77 0 0,2,3,6,7,11,15,16,20,21,22,25,27,30,31,33,34,38,41,42,44,45,48,49,53,56,65,67,73,75,82,85,87,89,91,93,94,96,97,98,100,103,106 "31";
32 71 0 0,19,21,23,25,32,40,45,49,55,57,68,69,79,82,95,98,105 "32";
33 92 1 2,5,9,10,12,15,16,18,21,23,25,28,29,31,33,34,36,38,40,43,47,49,50,51,52,54,56,58,59,61,62,64,65,66,69,72,73,75,78,79,81,82,85,86,88,91,93,94,98,99,103,106 "33";
34 78 1 28,31,70 "34";
35 57 1 4,6,11,15,17,18,21,32,46,48,53,58,62,71,75,104 "35";
36 86 1 0,3,10,14,17,20,22,24,34,40,43,45,49,62,64,70,74,81,84,85,90,92,95,98,99,102,105 "36";
37 9 0 0,1,3,5,8,10,15,20,21,23,27,34,35,41,45,49,51,52,54,58,60,62,64,66,68,69,70,72,76,87,88,90,92,97,100,102,105,106 "37";
38 6 1 1,11,18,20,23,31,42,43,47,51,56,67,81,83,85,92,96 "38";
39 37 0 0,1,5,6,7,9,11,13,14,19,21,23,27,29,36,38,39,40,42,44,46,49,51,53,55,56,60,61,63,64,72,73,81,84,86,88,91,93,95,97,98,105 "39";
40 17 0 22,41,46,65,75,76,95 "40";
41 30 1 22,83 "41";
42 81 1 0,3,6,8,12,13,21,23,25,28,37,39,40,41,49,53,54,57,58,61,63,65,66,67,68,75,76,78,87,91,96,97,100,101,104 "42";
43 42 0 2,4,8,12,14,15,17,19,26,27,29,34,38,40,45,47,48,52,53,55,59,63,65,68,73,76,80,81,85,88,92,93,95,98,99,100,103,106 "43";
44 23 0 20,24,26,30,33,39,47,50,53,56,59,74,90,95 "44";
45 9 0 0,1,3,5,7,9,10,13,16,18,21,23,26,27,30,31,33,37,38,41,44,46,48,51,53,58,59,61,63,64,65,67,75,78,79,81,83,84,86,87,89,90,91,94,95,99 "45";
46 12 0 6,14,23,29,32,33,37,42,50,70,79,88,89,95,102 "46";
47 45 1 4,6,11,16,21,23,24,31,41,47,49,57,60,63,66,75,79,81,91,106 "47";
48 67 0 1,2,5,7,8,10,12,14,16,18,20,23,25,26,28,30,32,34,36,38,41,43,44,46,52,54,55,57,58,62,67,72,74,77,79,81,83,87,88,90,91,94,96,98,99,101,102,106 "48";
49 53 0 0,2,4,9,12,15,17,23,29,30,32,36,39,41,43,49,53,57,59,61,69,70,72,74,76,78,80,81,87,90,92,99,102,106 "49";
50 40 1 9,35,51,64,77,88 "50";
51 104 1 3,4,18,25,28,29,35,37,42,47,54,57,59,64,65,78,82,87,92,94,95,97,100,103,106 "51";
52 103 1 3,6,9,13,16,18,19,20,22,25,30,32,36,38,54,56,58,59,62,71,81,82,88,89,102,105,106 "52";
53 16 1 0,4,6,8,14,15,17,23,24,29,32,38,40,44,46,51,54,56,65,72,73,77,79,84,90,93,96,97,98,104 "53";
54 28 1 0,2,4,5,6,8,10,12,15,17,18,20,23,25,29,33,36,38,39,43,45,46,47,48,49,51,54,59,61,63,64,66,67,68,69,71,72,76,78,80,81,84,85,87,88,90,91,94,96,97,98,100,102,106 "54";
55 98 1 6,8,14,21,39,51,55,57,58,69,72,77,79,81,83,100 "55";
56 14 0 0,31,47,65,82,94,95 "56";
57 28 1 1,3,4,6,9,14,18,19,22,30,34,44,56,59,60,62,64,65,68,70,80,82,83,86,88,91,96,97,98,100,101,103 "57";
58 51 0 1,4,7,9,14,16,21,26,28,31,34,36,39,40,44,48,54,57,62,63,68,70,73,79,81,82,88,93,95,97,98,100 "58";
59 3 0 1,3,4,8,10,11,12,13,14,16,18,19,22,26,28,31,32,33,35,38,42,45,47,48,50,52,54,56,58,59,61,64,65,67,69,71,73,74,76,77,78,82,84,85,89,91,93,98,101,102,103,104,106 "59";
60 17 0 7,26,46,62,66,70,82,91,94,96,100 "60";
61 77 1 5,22,32,33,36,45,56,58,73,80,86,90,91,92 "61";
62 10 1 1,7,23,51,58,66,67,71,74,84,85,88,93,97,99 "62";
63 47 1 3,8,10,17,21,26,27,29,32,36,40,44,45,47,50,51,56,62,65,66,70,73,82,90,103 "63";
64 48 0 4,16,28,32,47,49,67,73,89,103 "64";
65 37 0 0,1,5,7,10,12,14,16,18,20,23,25,27,30,33,36,38,40,41,46,50,54,55,57,59,61,64,67,68,73,74,76,78,84,88,89,93,95,99,101,102,105 "65";
66 54 0 11,14,20,40,43,57,64,70,74,76,79,80,85,88,90,93,94,101,104 "66";
67 66 0 2,8,9,15,16,18,20,31,34,37,42,45,47,50,53,58,65,82,86,90,95,103 "67";
68 70 1 7,10,14,22,47,63,72,84,87,88,93,95,100,104 "68";
69 13 0 4,6,21,24,28,42,44,47,53,54,61,69,71,77,84,99,102,104 "69";
70 76 0 13,28,32,47,75,77,90,93,97 "70";
71 98 1 3,4,7,13,14,16,21,25,26,28,33,38,39,47,49,51,55,57,59,60,63,66,70,72,76,88,91,93,94,95,97,100,103 "71";
72 71 1 0,3,5,7,10,12,14,16,19,22,25,27,32,37,39,40,43,45,47,48,50,51,54,59,61,64,66,68,70,73,77,78,83,85,87,88,90,91,95,97,98,99,103,106 "72";
73 6 1 1,3,7,11,13,15,17,18,21,22,25,27,29,31,35,39,41,42,43,47,49,50,52,54,55,57,65,68,70,71,72,75,83,87,89,91,93,94,95,97,99,101,102,104,105 "73";
74 45 0 0,2,5,6,8,10,14,17,19,22,24,27,28,29,31,32,35,39,41,42,48,50,53,62,64,67,72,75,77,78,79,83,88,90,91,93,95,102,105,106 "74";
75 97 1 2,5,6,11,15,18,20,21,22,28,29,36,47,49,51,53,56,60,62,65,67,74,76,78,80,82,83,84,86,90,91,97,102,104 "75";
76 85 1 0,2,4,8,9,12,14,16,18,20,21,23,25,28,34,36,38,43,55,57,62,63,67,70,71,72,74,78,81,84,89,90,92,94,95,97,99,100,103,104 "76";
77 95 1 1,2,17,20,24,25,26,28,35,39,41,43,44,46,52,58,61,63,69,73,77,80,82,83,85,86,88,89,91,92,103 "77";
78 103 1 1,6,9,15,27,35,52,53,57,58,66 "78";
79 68 0 1,4,6,8,9,11,13,14,16,17,19,22,25,26,27,29,30,33,35,37,41,44,46,48,55,58,60,62,64,69,70,80,85,88,90,91,94,97,99,100,105 "79";
80 65 0 3,6,11,12,13,17,18,28,29,31,38,46,48,53,55,75,83,87,94,95,97,98,100,103 "80";
81 59 0 8,13,18,23,27,63,69,79,83,85,88,102 "81";
82 35 0 1,2,5,9,11,13,20,30,36,37,38,40,41,46,49,52,54,56,60,62,64,67,71,73,80,84,88,91,92,93,95,99,101 "82";
83 28 0 1,2,5,6,8,9,11,12,14,16,17,21,22,25,27,29,30,31,32,33,34,38,39,41,44,46,47,48,50,52,56,57,59,60,63,65,67,69,70,72,76,77,82,84,86,91,93,94,100,101,105 "83";
84 27 1 0,2,5,10,18,19,29,36,45,48,53,55,67,69,71,73,81,85,88,95,100,103,104,106 "84";
85 20 1 2,4,5,8,9,11,12,14,16,22,23,26,27,28,31,33,34,38,40,41,45,47,48,50,52,53,55,56,58,63,65,67,71,72,75,77,78,81,82,84,86,88,89,91,94,97,99,104 "85";
86 22 0 6,8,19,34,36,42,54,60,62,67,70,76,79,82,87,88,91,93,99,100,104 "86";
87 6 0 6,15,19,27,36,39,48,49,51,54,73,88,90,96,105 "87";
88 33 1 3,7,11,14,20,23,26,27,30,31,40,42,44,51,53,54,61,66,68,73,75,77,97,99,105 "88";
89 77 0 3,5,8,9,11,14,17,19,23,25,31,33,34,39,42,44,46,48,49,50,52,54,56,57,59,61,65,67,71,78,79,84,87,88,90,92,94,97,98,101,102,104,106 "89";
90 77 1 1,8,11,13,14,15,17,18,27,31,33,35,38,41,43,45,46,48,49,50,52,58,62,69,70,76,79,85,86,88,92,95,96,99,101,102,103,105,106 "90";
91 17 0 6,10,16,17,18,20,22,30,37,41,42,44,61,66,72,79,89,92,103 "91";
92 29 1 24,37,57,70,85 "92";
93 9 1 1,4,7,9,14,16,21,22,24,44,48,52,54,56,57,59,68,76,78,85,90,94,98,104,106 "93";
94 58 0 1,8,12,18,21,22,41,43,44,46,49,51,54,56,60,69,77,90,93,100,104 "94";
95 97 0 1,7,19,25,30,36,40,43,47,54,57,59,62,73,81,84,91,92,97,104,106 "95";
96 35 1 11,17,22,29,41,50,59,66,69,70,78,87,90,106 "96";
97 57 1 3,4,18,24,27,30,35,38,44,55,58,66,71,73,82,88,105,106 "97";
98 97 1 1,3,4,6,8,14,16,18,22,29,34,42,43,46,48,49,50,51,53,56,61,66,68,69,74,77,82,88,90 "98";
99 24 0 7,11,13,15,19,20,22,25,28,30,32,35,37,40,44,45,47,50,53,59,61,63,64,67,68,70,72,74,75,77,81,83,85,88,90,96,99,102,103,105 "99";
100 47 0 15,17,19,23,45,54,60,63,69,72,74,85,88,92,95,100,104,105 "100";
101 101 0 0,4,11,12,17,25,30,33,39,50,65,73,84,90,92,106 "101";
102 28 1 4,5,7,20,21,22,24,25,37,46,49,50,54,61,67,73,75,78,87,90,93,95 "102";
103 12 1 1,3,6,10,16,21,22,24,27,30,38,39,42,44,45,47,50,52,54,58,61,62,65,68,69,73,74,76,80,81,88,90,92,95,96,98,99,104 "103";
104 104 0 0,1,3,5,6,8,10,12,15,18,20,21,22,24,26,29,32,33,37,38,40,41,43,44,46,47,49,51,56,61,62,63,65,66,69,71,73,74,78,79,81,82,84,85,87,89,95,96,98,104,106 "104";
105 33 0 0,4,8,10,13,16,18,24,25,29,31,33,35,40,42,44,45,46,48,51,54,55,57,61,64,67,68,69,71,72,74,75,78,80,83,89,92,93,98,105 "105";
106 103 1 2,5,9,16,19,34,37,43,45,51,53,54,60,65,73,83,88,91,94,101,103 "106";
