parity 31;
0 22 0 10,12,13,15,19,22,23,26 "0";
1 31 0 0,1,6,10,11,21,22,25,31 "1";
2 9 1 4,15,23 "2";
3 5 1 1,2,5,6,8,14,15,16,17,19,23,25,29 "3";
4 26 1 4,21,24 "4";
5 25 1 3,4,21,25,27 "5";
6 28 1 0,2,4,7,11,13,15,17,20,21,23,25 "6";
7 2 0 7,9,13,14,17,19,22,23,27,29,31 "7";
8 9 1 0,4,13,14,17,18,19,22,28,29,31 "8";
9 6 0 3,4,6,11,14,16,18,19,31 "9";
10 5 0 1,2,8,16,18,19,21,25,27,28,30 "10";
11 31 0 0,1,4,6,8,10,12,20,22,25,27,29,30 "11";
12 10 1 0,2,4,6,17,19,20,22,27,31 "12";
13 30 0 7,12,14,22,26,30 "13";
14 8 1 7,12,15,16,17,21 "14";
15 13 1 10,23 "15";
16 9 1 2,17,27 "16";
17 25 1 15,16 "17";
18 16 1 1,3,5,7,8,10,12,15,17,21,22,24,27,28,29 "18";
19 25 1 0,3,10,15,16,18,19,21,25,26,29 "19";
20 30 1 4,7,9,12,17,20,26,28,29 "20";
21 0 0 4,14,19,24,28 "21";
22 25 1 10,15,25,26 "22";
23 6 0 0,2,3,4,12,14,15,19,20,22,28,30,31 "23";
24 10 0 4,8,13,18,20,25,28,30 "24";
25 21 1 0,2,7,9,11,14,17,18,20,22,23,24,28,30 "25";
26 15 0 1,3,4,7,13,15,17,18,21,25,27,28,30,31 "26";
27 2 0 1,6,7,12,13,16,20,22,27,29 "27";
28 4 0 0,2,4,6,7,9,10,13,16,17,20,24,29,31 "28";
29 15 1 2,4,6,7,12,28 "29";
30 1 1 0,1,3,5,7,9,11,12,15,22,23,25,28,29,30 "30";
31 25 0 0,6,13,31 "31";
