parity 144;
0 43 0 0,1,5,6,8,10,18,20,24,28,36,40,46,49,51,54,56,58,60,66,70,77,79,80,82,86,89,90,97,100,102,104,106,112,115,119,120,123,125,128,134,135,141,143 "0";
1 115 0 1,3,5,12,14,18,20,21,24,26,28,31,38,45,46,47,49,50,51,54,55,57,58,60,62,63,65,66,69,70,74,76,79,85,86,88,89,91,93,95,97,98,99,103,105,108,110,116,119,121,123,125,127,128,130,133,141,143 "1";
2 28 0 108,111 "2";
3 84 0 4,18,19,28,32,41,44,48,51,53,59,63,66,72,74,76,83,89,92,100,112,113,122,125,138,140,142 "3";
4 133 0 68,75,99 "4";
5 1 1 27,32,39,48,55,59,61,71,78,81,86,87,100,130,133,140 "5";
6 67 1 4,6,12,15,16,28,30,31,37,40,47,48,52,55,56,65,67,83,89,104,110,112,117,118,128,132,136,140,144 "6";
7 114 0 0,17,20,22,28,34,46,48,49,52,56,57,60,64,65,67,76,81,83,89,95,97,101,106,117,121,126,128,139,143 "7";
8 125 0 0,3,8,10,12,15,17,19,21,23,29,34,57,60,63,67,69,72,77,79,80,83,84,89,94,96,99,100,102,109,115,120,123,126,127,135,144 "8";
9 3 1 0,3,4,5,10,15,19,21,25,26,28,31,34,40,42,45,46,50,52,55,61,63,64,66,67,68,69,71,73,79,81,86,88,90,91,93,95,97,101,104,105,107,108,113,116,117,121,123,125,129,130,132,133,136,141,144 "9";
10 37 1 4,8,9,16,19,25,27,31,33,37,41,42,43,46,48,54,63,66,71,74,81,82,85,95,97,103,104,106,112,123,130,136,139 "10";
11 52 1 4,8,24,32,40,43,45,51,56,75,80,89,95,103,105,110,112,128,132,135,140 "11";
12 0 1 0,3,8,9,10,11,15,17,18,19,22,23,24,26,29,31,33,35,37,41,42,43,51,53,56,58,60,63,65,67,70,71,73,74,76,77,79,83,85,87,91,92,93,96,99,101,102,104,110,111,112,114,121,122,124,126,128,130,134,139,140,142 "12";
13 130 1 1,3,4,5,6,8,10,12,13,14,16,18,20,21,25,29,31,33,35,37,39,43,45,47,49,51,55,57,60,62,66,68,69,71,75,79,81,82,85,86,87,91,92,94,96,98,99,101,102,104,106,107,109,114,116,117,119,120,122,123,125,126,128,129,131,132,133,134,135,137,138,140 "13";
14 113 0 0,7,9,12,14,16,18,19,24,31,34,36,38,41,42,45,50,55,63,65,67,68,73,74,75,87,91,94,98,102,105,106,108,115,117,120,124,125,127,131,134,135,144 "14";
15 7 0 7,12,16,25,33,40,41,47,48,53,59,65,77,85,89,92,98,100,103,128,139,144 "15";
16 97 1 1,4,5,8,11,13,15,17,18,20,21,23,24,27,30,32,33,34,37,39,47,50,51,53,55,58,59,60,62,66,68,69,71,73,75,77,79,84,86,88,91,93,96,97,99,105,112,115,116,117,119,120,125,126,131,133,134,136,137,140 "16";
17 125 0 0,4,7,9,15,18,21,24,26,30,41,47,50,53,55,57,59,62,64,66,68,69,71,75,77,79,81,83,89,91,97,98,99,100,102,105,106,109,111,117,121,126,128,129,131,132,139 "17";
18 29 0 4,6,10,14,22,30,41,48,53,55,58,60,64,70,72,74,75,79,95,97,103,117,119,125,132,144 "18";
19 72 0 0,4,5,10,11,17,22,23,30,34,38,40,42,43,46,50,54,59,65,68,72,74,77,79,81,82,85,88,91,95,98,101,103,108,109,115,130,132,136,138 "19";
20 131 1 1,3,5,6,9,13,15,17,20,21,29,33,51,52,56,57,66,70,83,85,87,99,106,110,111,116,119,122,125,127,132,135,144 "20";
21 0 0 11,13,22,38,42,44,50,65,66,71,74,79,86,88,101,103,107,113,117,131,136,137 "21";
22 40 1 1,2,11,13,14,20,22,24,25,26,29,30,33,34,36,38,40,43,44,45,50,53,56,58,62,63,65,68,70,74,77,80,84,87,89,93,97,99,100,103,105,109,110,113,116,120,123,129,131,132,134,136,137,140,144 "22";
23 34 1 0,5,8,10,13,16,21,24,25,28,30,32,34,38,41,45,47,52,55,57,61,63,65,73,78,81,84,85,87,88,90,93,95,98,102,105,110,114,117,122,126,129,132,134,138,142,144 "23";
24 121 1 13,41,44,61,62,68,93,98,103,132,136 "24";
25 65 1 1,2,3,5,6,9,10,12,13,16,18,23,26,27,29,31,32,33,36,37,40,44,45,46,48,50,52,53,55,58,59,60,62,64,65,66,68,70,74,76,78,80,83,85,86,88,90,92,95,96,98,104,105,106,109,110,111,113,114,116,118,119,122,123,124,126,129,132,133,136,140,143 "25";
26 20 0 9,13,42,64,105,126 "26";
27 6 0 0,21,47,56,63,95,104,114,128,141,142 "27";
28 127 1 0,1,4,6,10,12,13,15,16,19,24,26,29,33,35,37,39,41,42,47,49,50,53,55,56,58,59,61,63,65,68,70,72,74,76,77,82,84,88,90,91,92,94,98,100,101,108,109,111,113,115,118,120,123,125,127,129,131,133,137,138,141,143 "28";
29 108 1 14,36,67,72,75,79,107,119,122,132 "29";
30 130 0 9,22,28,36,40,44,54,62,66,68,71,97,106,108,121,129,134,135,141 "30";
31 18 1 0,3,8,9,11,15,18,21,24,27,30,31,35,39,40,46,52,53,55,57,60,63,65,68,70,71,74,76,79,84,87,91,96,98,101,105,106,112,116,120,125,126,129,133,135,140 "31";
32 129 1 5,7,8,12,14,17,20,21,22,24,30,32,33,35,36,37,39,41,44,45,47,51,53,54,57,59,62,65,66,71,73,75,78,80,81,82,85,88,91,92,93,94,96,98,100,101,103,105,106,108,113,117,119,122,123,124,126,129,133,136,139,140,143,144 "32";
33 87 1 1,3,5,7,9,11,14,16,18,20,21,22,24,25,27,31,33,35,37,39,40,42,44,47,48,49,54,56,58,62,63,65,67,70,72,74,78,81,83,87,89,90,93,94,98,100,101,102,104,106,114,119,122,124,126,128,129,131,134,136,138,141,142,144 "33";
34 14 1 5,9,10,12,16,18,24,36,37,41,46,50,52,56,64,67,72,74,75,76,79,86,87,89,98,108,110,115,122,127,134 "34";
35 63 0 0,2,5,6,8,11,12,14,16,18,25,27,29,30,32,37,38,41,43,45,46,50,52,54,55,57,60,66,68,70,76,79,82,84,85,86,88,89,99,101,105,107,109,114,117,121,122,125,130,133,137,139,140,142 "35";
36 54 1 2,12,15,16,20,21,23,25,26,33,35,36,40,47,52,53,56,60,63,69,74,77,79,81,88,96,98,101,105,108,111,113,117,121,123,126,127,128,131,134,138,140,141 "36";
37 95 1 53,59,92,94 "37";
38 38 0 41,57,70,75,79,95,111,132,135 "38";
39 126 1 3,6,10,18,25,29,32,33,38,40,43,44,47,53,55,59,69,73,75,80,82,89,92,98,104,108,110,113,114,116,118,127,129,133,138,144 "39";
40 115 1 0,7,8,11,17,20,22,25,27,32,34,39,41,42,49,51,54,56,57,58,62,63,71,74,78,79,81,83,88,89,90,94,95,97,101,107,112,117,119,124,127,130,134,136,139,140 "40";
41 117 0 2,3,5,7,9,10,14,15,16,18,19,21,22,24,25,26,28,30,31,34,35,37,38,41,43,48,49,51,52,55,56,58,59,61,62,65,66,68,71,73,79,80,82,83,85,86,90,92,93,101,102,103,104,105,107,108,110,112,115,116,117,119,120,122,126,127,130,131,133,137,141,143 "41";
42 90 0 0,4,14,15,20,23,25,27,30,34,44,46,49,54,71,76,77,78,86,92,100,104,114,120,124,134,136,140 "42";
43 133 1 0,6,14,17,25,28,29,32,35,38,40,42,44,49,50,54,56,60,62,65,68,74,76,77,79,83,85,92,99,101,110,111,113,114,123,127,131,137,140 "43";
44 81 1 2,3,5,7,8,9,14,16,17,19,20,23,27,28,32,33,34,36,37,38,41,43,44,48,49,52,53,55,57,59,60,65,66,70,71,74,79,81,82,84,87,89,91,94,95,96,97,99,101,104,107,109,111,112,113,115,117,119,123,124,127,131,133,135,136,139,142 "44";
45 135 0 6,8,14,21,27,30,32,35,38,39,42,43,49,51,53,58,60,64,71,79,80,82,87,96,101,102,105,108,110,112,116,121,122,124,125,128,133,137,141,143 "45";
46 16 1 1,2,4,8,10,11,16,17,19,20,21,23,25,29,32,33,35,37,40,42,44,47,49,51,52,54,55,57,59,61,66,68,71,74,75,78,81,82,85,89,91,92,94,95,97,99,100,105,107,108,110,114,117,118,120,121,122,124,127,129,131,137,140,142,144 "46";
47 73 1 2,4,7,8,14,15,17,21,23,25,29,48,52,59,62,73,82,89,98,99,102,103,105,108,119,120,124,126,134,136,142 "47";
48 134 0 0,2,3,5,11,13,15,16,17,19,21,25,27,30,31,33,35,37,38,39,42,46,47,48,49,51,53,56,57,59,60,63,65,66,68,70,71,74,75,76,78,80,82,84,87,89,90,92,94,96,98,99,103,105,110,115,116,118,120,122,123,127,128,129,132,133,135,137,139,141,144 "48";
49 131 1 0,2,5,8,12,16,17,19,20,22,24,26,28,29,32,34,36,37,38,44,45,47,51,53,55,56,57,61,64,65,69,70,72,73,74,77,78,81,82,87,89,91,93,96,97,99,100,102,107,109,113,115,121,123,124,128,129,131,133,135,136,138,139,141,144 "49";
50 42 0 15,17,39,41,60,63,64,75,76,87,110,114,121,138 "50";
51 12 1 0,4,7,11,15,18,19,23,28,29,31,32,34,35,42,43,44,46,52,54,56,57,58,60,62,63,70,72,75,81,83,85,87,90,92,94,95,96,98,100,102,103,105,106,107,110,112,113,115,116,119,120,124,126,129,133,134,136,138,139,140,141,143 "51";
52 134 1 3,9,10,12,16,21,29,30,32,34,35,38,43,48,49,50,53,55,58,60,63,65,69,70,72,73,75,77,78,81,88,90,94,96,99,100,103,108,109,114,116,117,121,123,125,127,129,131,133,135 "52";
53 43 0 4,5,7,8,14,16,17,19,22,26,28,38,46,48,54,60,63,67,71,73,76,80,83,86,87,91,97,102,104,105,106,109,110,111,113,117,119,124,131,132,138,139 "53";
54 97 0 1,3,30,62,66,68,76,95,98,106,109,113,115,122 "54";
55 57 0 0,2,4,6,8,9,10,12,14,17,22,23,25,27,29,32,34,35,37,39,42,45,47,50,51,54,57,61,63,64,68,70,71,73,75,78,80,83,84,85,87,89,90,92,93,96,98,100,101,103,105,107,108,111,113,118,120,122,124,126,127,128,131,134,135,136,138,140,142,143 "55";
56 137 1 3,8,11,13,20,42,54,59,61,68,69,77,79,82,84,88,90,94,118,119,127,133,136 "56";
57 79 1 5,10,15,20,23,26,28,33,35,38,48,52,60,61,63,66,72,78,85,87,89,91,93,99,102,104,108,110,118,119,121,123,136,138,140,142,143 "57";
58 137 1 0,2,4,6,8,10,11,15,16,17,20,21,23,26,28,29,30,35,36,38,39,44,47,50,52,53,56,57,59,63,65,67,68,70,71,72,76,78,79,83,84,86,87,90,91,93,94,99,101,103,107,110,111,112,115,116,118,120,122,123,124,127,130,131,133,134,136,137,139,141,142,143,144 "58";
59 70 1 0,6,24,34,35,50,55,61,65,71,73,93,99,129,136 "59";
60 83 1 2,5,7,8,14,22,28,30,32,37,41,45,48,49,51,55,58,61,62,63,66,67,69,73,76,78,82,83,86,88,89,91,94,95,108,109,116,120,122,125,127,132,135,137,138,141,144 "60";
61 48 0 0,3,9,11,23,24,26,29,33,35,40,42,45,46,52,59,64,65,69,70,71,78,81,83,86,88,89,91,103,107,112,113,115,117,119,124,138,141,144 "61";
62 131 0 5,11,14,33,40,50,53,55,59,60,63,65,71,74,76,78,82,83,93,100,114,115,118,123,127,130,132,135,137,140,141,143,144 "62";
63 7 1 1,4,6,9,11,14,23,24,27,32,34,37,43,45,48,50,54,56,60,64,65,68,71,72,73,75,78,79,80,83,88,91,94,96,97,100,101,102,107,118,121,123,126,133,135 "63";
64 97 1 2,4,6,8,10,13,15,16,19,20,26,29,31,32,34,36,38,40,41,44,46,48,50,52,54,55,56,58,61,63,65,66,68,69,72,75,80,81,84,85,86,88,89,90,92,93,96,99,100,103,104,108,111,112,113,115,117,119,124,126,127,128,132,136,137,139,141,143 "64";
65 33 1 1,2,5,8,13,16,17,19,20,21,25,27,30,32,34,35,40,41,42,44,45,48,51,52,56,57,58,60,61,62,64,66,68,69,71,76,77,79,81,88,89,92,93,96,97,98,100,102,103,104,107,108,109,110,112,118,120,121,122,124,126,128,130,132,135,138,139,141 "65";
66 23 0 0,1,4,5,6,9,11,13,16,18,20,21,22,23,25,28,30,34,35,36,37,40,42,43,44,46,47,49,50,53,55,59,63,65,66,67,69,71,72,73,76,78,79,88,90,93,94,96,104,105,107,113,115,116,120,121,122,124,125,126,128,129,132,134,137,138,141,143 "66";
67 31 1 1,3,5,7,10,12,15,23,25,28,30,38,42,44,51,54,60,61,65,67,70,71,76,83,87,97,101,104,106,107,110,112,118,123,125,129,131,134,135,137,140,143 "67";
68 96 1 6,24,26,29,30,31,35,38,43,46,53,58,69,75,81,86,90,96,98,108,116,118,125,143 "68";
69 12 1 0,2,5,6,8,9,11,13,15,19,20,21,23,26,28,33,34,35,37,39,40,44,46,49,50,55,65,67,69,71,73,75,77,80,85,88,94,97,100,104,105,108,109,111,113,115,117,119,125,128,130,131,132,138,144 "69";
70 94 1 0,2,4,9,12,15,17,19,22,25,27,35,38,44,47,50,54,56,60,64,68,74,78,86,89,92,96,103,108,112,113,117,124,126,128,135,142,143 "70";
71 51 0 2,3,5,9,11,12,14,17,21,23,26,31,32,35,36,40,43,44,46,48,50,52,54,56,59,62,64,65,67,68,70,71,72,76,77,81,84,86,87,89,91,92,93,96,97,99,102,105,109,111,114,120,123,126,127,129,131,132,136,139,140,144 "71";
72 33 1 0,1,4,6,8,13,14,18,29,30,40,44,51,58,59,63,68,69,73,82,91,92,100,111,117,122,132,134 "72";
73 62 0 0,3,7,11,18,21,27,32,35,40,47,49,55,69,76,82,89,94,96,100,102,104,109,112,113,115,121,127,129,131,134,138,140,141 "73";
74 70 1 1,3,5,8,10,12,14,16,19,21,23,29,31,35,60,64,70,74,78,81,84,88,89,91,94,95,101,112,121,124,127,131,141 "74";
75 87 0 0,4,6,16,28,33,38,51,58,59,61,72,80,87,96,101,108,109,111,121,124,126,130,133,135,142 "75";
76 38 1 3,14,17,19,21,22,28,32,44,46,47,51,52,54,57,70,71,76,77,79,85,90,92,94,108,112,115,118,123,135,142,144 "76";
77 104 1 1,2,4,7,12,14,17,20,22,24,25,29,32,35,37,38,40,41,46,48,52,54,55,58,60,63,70,72,73,74,80,83,86,89,91,99,102,109,112,115,116,119,124,130,144 "77";
78 6 1 0,2,4,5,7,17,20,22,25,26,28,31,33,34,38,42,44,45,47,50,52,56,61,63,64,66,69,70,76,81,82,84,87,91,92,95,98,100,102,104,106,112,114,118,119,121,124,125,128,130,131,134,137 "78";
79 131 0 1,11,15,27,29,31,34,38,39,43,47,49,52,54,58,61,66,72,77,79,84,86,88,90,94,98,100,102,103,112,115,119,123,126,128,131,134,138,143 "79";
80 120 1 2,4,8,9,10,15,18,21,24,27,29,31,33,34,38,41,48,60,62,63,65,68,71,75,78,83,85,87,88,97,98,106,110,112,114,115,116,118,121,123,125,130,131,139,141,144 "80";
81 58 1 7,8,15,25,30,31,38,50,61,69,76,78,81,88,92,97,99,101,106,107,116,119,132,133,142,144 "81";
82 85 1 6,48,67,78,88,93,117,136 "82";
83 47 0 4,24,25,30,43,45,83,86,110,129,131 "83";
84 114 0 0,7,8,14,17,18,23,31,32,34,35,40,43,44,48,53,56,59,62,64,67,76,83,85,92,95,97,98,101,103,105,114,116,119,121,132,140 "84";
85 88 0 4,7,17,21,24,27,31,33,35,38,41,44,49,54,57,64,69,70,73,76,78,83,91,96,97,100,105,109,115,117,119,120,121,124,136 "85";
86 83 0 1,6,11,13,17,20,28,34,42,44,45,49,65,68,70,77,79,86,91,92,95,122,125,130,131,139 "86";
87 20 0 1,2,5,6,8,13,15,17,20,22,41,42,43,48,52,53,58,64,66,74,75,79,86,87,90,101,105,110,111,112,114,116,119,122,123,132,136,138,140 "87";
88 77 1 11,16,43,83,87,93 "88";
89 3 0 11,13,16,25,31,38,41,44,46,48,49,50,55,59,70,72,82,88,91,100,106,107,108,111,115,126,128,130,135,139,141 "89";
90 23 0 0,5,12,24,27,36,40,43,51,55,57,63,65,70,75,85,88,93,99,102,105,107,111,122,130,136,140 "90";
91 8 1 8,11,44,49,85,92,98,102,108,111,140,141 "91";
92 144 0 1,4,6,7,10,11,13,21,25,26,30,32,34,37,39,42,44,46,48,54,55,57,59,61,62,64,66,67,69,70,72,74,76,78,79,80,82,87,88,90,92,93,94,96,99,100,102,103,106,107,113,114,119,122,124,129,131,133,136,138,142,144 "92";
93 100 0 1,6,7,9,10,14,16,18,21,27,28,34,35,37,39,41,43,44,49,51,52,55,57,59,60,62,63,65,71,72,76,79,80,81,82,84,87,88,89,92,94,96,98,100,101,102,103,105,110,111,114,115,119,121,125,127,129,130,133,135,137,144 "93";
94 94 1 8,54,73,82,100,113,122,127 "94";
95 86 0 1,2,5,6,9,12,16,18,19,20,22,23,25,27,28,32,33,34,36,40,41,42,46,49,52,55,57,59,60,62,64,65,67,69,72,73,76,78,80,82,85,86,88,90,93,95,96,97,99,100,102,103,105,108,110,112,114,115,117,120,121,125,128,130,131,132,135,136,139,140,142,143,144 "95";
96 106 0 6,27 "96";
97 92 0 36,135 "97";
98 82 1 0,2,3,6,7,10,11,15,16,20,22,23,25,27,30,32,34,36,38,39,40,43,46,47,50,52,53,55,57,60,61,62,66,67,68,70,72,74,76,79,81,84,85,87,89,90,91,92,93,97,101,103,106,107,110,111,113,117,119,121,123,125,126,129,130,131,134,137,139,141,143 "98";
99 101 1 3,6,7,9,15,16,18,19,22,27,36,39,40,46,48,51,54,58,59,61,64,67,69,73,75,77,79,82,83,85,88,90,102,104,107,115,117,119,123,125,127,131,140,141,144 "99";
100 96 1 0,2,6,17,22,26,28,31,34,37,48,52,54,60,62,67,71,82,96,98,106,108,112,119,125,127,132,138,142,144 "100";
101 62 1 4,7,8,13,15,16,22,31,35,36,41,43,46,48,49,50,52,55,60,63,69,73,85,88,95,97,104,117,120,124,128,130,134 "101";
102 112 0 3,8,10,16,19,21,23,29,33,40,46,47,50,54,56,57,64,66,67,69,71,72,76,85,87,90,93,95,97,99,103,107,112,114,123,124,126,129,134,136,138,140 "102";
103 19 1 10,13,16,63,96,100,114,122 "103";
104 4 0 22,50,100 "104";
105 41 0 0,1,17,31,32,35,38,44,47,48,49,51,53,54,56,64,65,69,75,76,79,80,82,84,92,95,99,103,115,125,127,130,131,133,136,138,139,144 "105";
106 76 0 20,31,37,48,51,68,98,144 "106";
107 14 0 1,6,7,12,28,30,35,40,42,45,47,48,50,53,55,59,61,63,67,69,78,85,91,93,98,100,103,106,108,122,123,125,135,139 "107";
108 141 1 2,4,6,15,20,22,23,27,30,31,33,34,35,42,48,50,52,58,59,61,62,65,68,78,82,85,87,88,93,97,100,101,102,104,106,108,110,112,114,115,117,122,123,125,132,137,139,140 "108";
109 10 1 0,2,4,5,7,9,10,11,14,16,22,26,27,29,30,31,33,35,37,39,40,42,44,45,50,51,52,54,60,61,62,64,66,70,71,73,76,77,81,87,90,91,92,93,95,96,99,100,102,104,106,107,112,116,117,121,124,129,130,131,133,136,138,142,144 "109";
110 43 1 0,4,7,11,13,15,21,24,25,26,29,30,33,34,36,42,43,47,48,51,54,55,62,64,65,66,68,70,72,75,76,80,87,88,90,93,96,99,102,104,106,108,109,113,114,121,123,125,131,133,135,138,140,142,143,144 "110";
111 37 0 0,3,5,6,7,8,9,12,15,17,18,19,22,34,36,37,40,44,46,47,49,51,56,58,59,62,63,69,70,72,74,77,79,82,84,86,88,91,94,99,101,105,107,109,111,114,115,118,121,122,126,128,132,135,137,139,142,144 "111";
112 67 1 0,2,3,4,6,7,10,14,16,19,22,23,24,26,27,30,31,34,36,38,41,42,44,45,46,48,49,51,57,59,61,62,65,67,69,73,76,78,81,82,85,86,88,89,91,93,94,97,98,100,101,102,105,107,109,110,112,114,117,121,122,124,125,126,129,130,134,138,140,143,144 "112";
113 71 1 1,3,7,8,15,18,21,24,29,30,33,36,39,40,42,49,53,56,57,68,71,75,81,82,90,99,101,106,108,112,121,125,136,140,141 "113";
114 75 0 3,9,11,12,15,22,25,27,30,31,33,39,42,45,46,51,55,59,63,70,71,72,75,77,83,86,91,94,97,98,100,105,107,112,113,117,119,127,131,141,142,144 "114";
115 72 1 2,7,10,19,34,46,59,80,92,98,106,141 "115";
116 143 0 3,6,7,14,23,28,30,33,35,40,44,67,68,84,92,99,102,114,121,124,127,134,140 "116";
117 142 0 0,3,5,8,9,10,12,15,17,18,19,28,33,37,42,45,47,51,55,57,58,63,64,68,72,74,75,85,95,102,109,111,120,124,130,134,136,140,142,144 "117";
118 3 0 2,4,5,6,8,11,13,15,16,20,22,24,26,29,33,35,40,47,50,56,63,65,68,69,72,75,77,80,82,86,88,90,94,97,102,105,108,109,114,116,122,124,128,130,132,137,139,141,144 "118";
119 110 1 1,7,8,10,16,18,20,21,23,24,28,29,30,34,37,39,41,43,46,47,48,50,53,59,61,64,65,67,69,71,75,78,79,82,83,85,86,87,92,94,97,101,102,104,109,110,112,113,115,120,121,124,127,129,136,139,141,143,144 "119";
120 53 0 2,4,18,22,34,36,42,45,47,53,57,58,65,67,70,73,74,76,79,86,87,88,97,99,101,103,112,127,132,144 "120";
121 41 1 5,8,12,17,20,23,24,28,32,35,37,40,43,46,56,59,62,64,66,74,76,81,82,84,86,94,96,103,105,119,121,122,124,128,134,136,138,139,144 "121";
122 132 0 3,6,14,15,18,19,21,28,31,35,40,45,49,51,54,60,62,65,70,76,78,80,83,85,86,88,89,95,100,101,102,104,107,109,110,117,118,125,132,134,136,138,142,144 "122";
123 139 0 0,2,4,8,11,19,20,24,25,27,34,35,37,40,42,45,58,61,63,64,66,69,71,73,81,86,95,97,99,102,104,115,118,120,121,124,127,134,135,138,140,142,144 "123";
124 46 1 3,4,8,10,12,24,27,31,36,38,44,45,47,52,56,61,64,68,71,72,75,77,79,82,84,85,87,98,101,103,104,108,112,116,118,120,121,124,126,133,136,138,140 "124";
125 43 0 1,2,4,9,15,18,24,27,32,34,37,48,49,50,53,57,59,66,68,71,74,83,86,91,96,100,103,108,110,111,114,115,117,119,120,123,126,132,134,138 "125";
126 131 0 0,6,7,10,11,14,17,18,27,29,32,35,38,41,42,44,47,51,52,54,58,61,63,66,67,69,71,76,79,82,84,88,90,91,93,95,98,100,110,112,115,116,118,121,125,132,134,135,137,138,140,141,143 "126";
127 19 1 11,24,30,38,55,59,61,64,76,77,86,98,113,119,122 "127";
128 25 0 2,9,35,37,45,54,58,63,77,98,104,105,133,135,142 "128";
129 22 0 38,55,70,117,137 "129";
130 138 0 16,38,107,111 "130";
131 24 1 0,2,3,6,9,15,17,19,20,22,24,32,37,41,50,52,57,61,64,67,69,70,72,74,79,83,85,86,88,91,97,99,102,103,106,109,112,115,121,122,124,125,127,135,138,141,144 "131";
132 37 1 1,5,9,10,11,14,15,17,19,21,23,25,27,28,31,32,34,35,37,43,45,46,49,50,52,54,57,59,61,63,64,67,68,69,72,76,81,82,84,86,87,89,91,94,95,97,98,100,102,103,104,105,107,108,110,113,115,116,118,119,121,125,127,128,132,134,136,138,139,140,143,144 "132";
133 127 1 6,16,18,19,23,29,31,37,39,41,43,45,47,51,52,54,59,66,70,72,76,78,81,85,87,92,95,98,104,105,107,117,125,129,132,137,141,142,143 "133";
134 48 1 11,18,23,28,32,35,41,48,65 "134";
135 133 1 1,8,45,55,60,74,76,95,104,133,135,141,143 "135";
136 26 0 1,3,8,24,33,64,65,89,102,103,108,114,116,125 "136";
137 106 0 0,1,3,5,7,9,11,14,15,17,20,23,27,28,29,32,34,35,37,38,40,41,44,47,49,50,54,56,58,60,61,62,63,65,66,68,69,71,74,78,79,82,84,86,88,93,95,97,100,102,103,105,106,108,111,112,115,117,118,120,121,123,126,127,130,131,132,134,135,136,138,141,143 "137";
138 118 1 0,2,3,4,7,11,13,16,20,23,28,32,34,36,48,54,56,59,65,67,74,79,86,89,91,96,107,118,124,126,138,139,142 "138";
139 59 0 2,8,12,31,34,37,50,53,54,69,77,89,90,100,111,115,117,131,139,141 "139";
140 11 0 3,7,12,18,19,20,24,30,40,42,51,56,58,61,67,98,102,104,108,126,140 "140";
141 81 0 3,8,10,13,14,15,18,22,23,25,27,30,34,35,38,40,43,44,48,52,55,56,57,59,60,63,64,65,68,70,71,73,76,78,82,89,91,93,97,100,102,103,105,110,112,113,116,118,120,124,126,127,129,132,134,138,144 "141";
142 0 1 2,5,6,8,10,12,13,14,17,18,20,21,24,26,28,31,32,37,39,40,45,47,48,49,53,56,60,62,67,70,76,77,78,81,84,85,86,93,94,97,98,102,104,105,107,110,113,115,117,122,123,125,128,129,130,134,135,136,138,140,143,144 "142";
143 70 0 0,5,15,19,21,23,24,28,29,33,35,38,42,47,50,55,57,62,65,69,82,86,88,95,97,101,102,104,106,109,120,143 "143";
144 94 1 0,2,4,6,7,8,16,21,23,24,27,29,31,32,34,35,37,41,42,44,45,47,48,51,53,56,58,61,63,64,66,69,71,73,74,79,82,83,85,88,89,91,92,95,98,99,101,104,107,108,110,115,116,119,120,125,126,127,128,133,140,141,144 "144";
