parity 26;
0 2 0 2,4,9,13,15,17,19,21 "0";
1 12 0 0,3,5,6,7,9,12,14,16,18,21,24 "1";
2 16 1 0,1,2,7,10,12,15,16,19,23,26 "2";
3 4 1 12,14,17,22,26 "3";
4 26 1 7,14,19 "4";
5 13 1 3,18,23 "5";
6 12 1 17,20 "6";
7 2 0 0,4,6,7,10,19,21,23,26 "7";
8 7 0 1,8,12,17,23 "8";
9 26 0 2,3,17,18,21,26 "9";
10 21 0 0,3,4,6,10,13,14,17,20,22,24,26 "10";
11 5 1 10,25 "11";
12 12 0 1,4,5,8,10,11,13,14,16,17,19,21,23,25 "12";
13 6 0 4,6,10,13,18,20,22,24,25,26 "13";
14 11 1 2,5,6,9,10,16,17,22 "14";
15 8 0 5,14,15,17,25 "15";
16 17 0 1,3,4,5,7,9,11,14,16,18,20,22,24,25 "16";
17 12 0 0,1,3,6,8,9,12,14,18,21,24 "17";
18 13 0 0,5,7,11,12,14,18,20,21,23,25 "18";
19 11 0 5,7,16 "19";
20 7 1 2,6,9,11,21,24 "20";
21 4 0 0,4,8,12,17,22,26 "21";
22 17 1 5,11,21,22 "22";
23 26 1 0,3,6,8,13,14,25,26 "23";
24 22 0 0,4,5,8,10,13,14,18 "24";
25 2 0 0,5,7,9,11,13,14,21 "25";
26 14 0 0,1,3,5,9,14,16,19,20,23,26 "26";
