parity 141;
0 65 1 16,56,97,107,110,123,126 "0";
1 91 1 74,106,124 "1";
2 30 1 8,13,16,25,27,29,37,50,52,53,57,64,69,71,77,78,81,82,84,87,93,94,98,102,103,106,107,109,111,113,119,121,124,126,127,135,141 "2";
3 61 1 7,10,15,22,29,46,79,93,110 "3";
4 20 1 23,30,53,62,76,89,121 "4";
5 92 1 0,2,5,10,12,15,17,19,25,27,37,42,48,49,51,53,54,55,57,62,64,66,68,70,71,74,80,83,84,90,91,93,99,102,105,107,109,111,113,114,115,117,120,122,123,126,128,129,133,137,141 "5";
6 39 1 0,4,5,6,10,13,16,17,19,23,27,30,34,35,38,41,43,44,46,54,55,60,62,63,66,71,75,78,81,84,93,96,97,102,104,107,111,113,115,119,121,124,128,131,132,137,139,140 "6";
7 7 0 0,2,4,7,9,14,16,18,23,24,26,27,30,32,33,34,38,43,47,49,51,52,54,55,57,61,62,65,68,71,72,74,76,80,82,84,86,87,92,94,99,100,102,105,109,115,117,118,123,126,128,134,135,139 "7";
8 108 1 7,9,16,37,50,51,60,82,93,94,96,105,106,109,117,121,123,130,132,133,136,139 "8";
9 48 1 2,4,7,8,10,13,15,18,19,23,24,26,29,34,36,38,40,46,48,49,51,53,55,58,60,62,63,65,69,71,74,76,79,81,82,84,87,91,93,95,97,100,101,103,105,106,107,108,112,115,119,123,125,126,128,133,134,136,138,139,141 "9";
10 100 1 7,11,20,24,26,30,32,34,38,47,49,54,68,72,81,90,102,128,139,141 "10";
11 5 1 2,3,7,12,16,17,21,26,27,33,38,41,43,46,49,53,54,57,63,67,72,75,77,83,84,85,86,88,90,97,99,102,104,109,114,117,121,123,126,135,138,140 "11";
12 55 0 0,1,3,6,8,10,11,14,15,18,22,24,25,29,32,34,36,37,42,43,46,48,50,54,56,58,62,64,65,66,68,69,72,74,75,77,83,84,86,88,89,90,92,93,95,99,102,103,104,106,107,109,112,113,116,118,121,122,127,129,131,136,139 "12";
13 26 0 0,2,3,5,7,9,10,12,13,15,16,17,19,20,22,24,25,27,28,29,32,33,35,38,41,45,46,47,48,50,52,54,55,56,60,61,63,64,66,69,71,72,77,79,82,86,88,89,91,94,98,101,102,104,105,109,110,113,114,117,122,125,126,127,132,133,136,137,138,141 "13";
14 120 1 4,6,12,15,19,20,25,27,29,34,35,36,38,39,40,45,46,51,54,57,58,59,61,64,68,70,75,79,81,88,89,92,94,97,100,101,103,106,108,110,111,114,115,117,128,130,134,138,141 "14";
15 15 1 15,26,41,64,82,141 "15";
16 101 1 1,18,31,37,43,96,120,122,124 "16";
17 77 1 8,11,19,41,47,50,62,132,133,138,140 "17";
18 21 0 0,14,25,36,54,57,59,99,109,125,127 "18";
19 12 0 4,8,24,26,29,37,46,55,59,66,74,80,81,87,94,97,109,114,116,120,131,132,133,137 "19";
20 14 0 2,3,6,8,15,17,19,23,25,27,32,38,40,41,44,45,47,49,51,54,61,63,70,72,77,80,89,94,96,97,100,102,106,111,112,117,120,123,124,135,136,138 "20";
21 59 1 0,2,5,12,20,33,37,39,42,51,52,56,60,62,68,70,78,84,92,98,100,107,112,121,123,130,132,137,140 "21";
22 141 0 0,3,6,18,20,26,27,41,43,45,48,53,54,57,61,63,64,72,73,83,84,86,93,95,102,103,122,124,126,135 "22";
23 52 1 0,4,7,8,10,12,14,16,18,19,24,27,29,31,33,35,36,42,47,50,51,57,59,63,68,73,75,79,81,86,87,90,92,95,98,101,105,108,111,113,116,119,121,122,124,130,134,138 "23";
24 124 1 0,2,4,5,6,8,9,11,12,14,16,17,18,19,22,24,28,29,30,32,33,35,37,39,40,43,45,48,53,56,57,58,60,61,64,66,67,69,71,75,76,78,79,82,84,87,89,91,94,98,99,101,102,103,109,110,112,114,117,118,123,124,125,127,128,133,136,138,140,141 "24";
25 30 0 3,9,12,15,18,19,21,24,27,30,31,33,35,36,40,41,43,44,46,48,52,57,66,69,70,73,79,86,88,91,94,97,99,101,102,104,111,115,117,120,124,126,129,131,134,135 "25";
26 110 1 0,1,3,4,7,9,12,15,16,19,21,24,25,26,29,33,36,40,42,44,46,48,50,52,53,56,58,60,61,63,67,69,71,72,74,75,78,79,82,87,97,99,103,104,106,111,118,119,120,122,125,128,132,134,136,138,140,141 "26";
27 28 1 4,9,20,30,33,35,39,52,55,56,68,69,73,75,78,83,88,92,96,99,103,104,117,130,131,138 "27";
28 20 1 1,4,12,16,35,37,39,49,52,54,66,78,93,94,97,98,110,122 "28";
29 50 1 0,37,46,71,99,115,125 "29";
30 5 1 2,6,8,9,11,12,16,17,22,23,26,28,29,31,33,34,35,37,38,41,42,43,45,48,50,53,54,57,58,59,61,63,66,67,69,72,75,76,78,80,82,85,87,89,91,93,96,97,99,101,102,103,104,105,107,109,110,112,114,118,121,125,126,128,130,133,136,138,139,141 "30";
31 56 1 1,9,11,12,16,24,25,26,29,41,48,52,57,64,66,71,78,81,84,91,100,103,108,111,113,120,121,125,127,130,132,140 "31";
32 67 1 5,7,22,23,52,62,125,130,137,141 "32";
33 120 1 0,1,2,19,20,22,24,27,29,31,38,39,40,42,44,49,52,56,59,60,61,63,67,70,71,75,79,81,82,84,86,91,92,95,100,108,115,116,119,122,123,127,129,132,137,140,141 "33";
34 129 1 14,37,80,87,89 "34";
35 118 0 0,6,7,10,15,17,18,20,22,24,26,30,31,33,37,38,39,40,42,45,47,49,50,51,53,56,58,59,62,64,66,67,70,72,74,76,79,80,81,83,90,94,95,97,98,102,104,105,106,108,110,112,113,115,116,117,119,121,122,124,127,128,131,133,134,137,139,140,141 "35";
36 14 0 1,2,5,7,9,12,13,17,19,22,23,25,27,28,30,31,33,36,37,38,41,42,46,48,52,54,55,57,59,63,64,68,69,73,75,79,81,83,87,88,92,94,98,100,101,103,104,106,107,110,111,112,113,115,117,125,127,128,131,132,133,135,136,139,141 "36";
37 14 0 1,3,9,17,20,25,38,40,60,61,70,71,83,100,107,108,110,113,116,117,122,128,130,140 "37";
38 95 1 19,35,83,93,119,129 "38";
39 84 1 0,4,5,7,10,12,13,15,16,17,20,21,22,26,30,32,34,36,38,40,43,44,45,48,50,51,56,58,61,62,65,68,72,75,81,82,85,87,88,90,92,93,95,97,99,103,105,109,111,115,117,120,122,126,130,133,138,140 "39";
40 34 0 3,6,10,12,19,21,23,25,27,29,31,32,34,37,39,40,42,48,50,52,53,56,58,62,63,71,74,75,76,83,84,86,90,91,92,96,98,100,103,107,111,112,115,122,125,127,130,132,133,135,136,140,141 "40";
41 110 1 0,6,10,11,13,14,17,20,22,24,26,28,29,30,31,34,36,38,39,40,42,44,47,49,51,52,53,54,56,59,60,65,67,68,69,72,74,78,80,83,89,91,93,96,98,100,108,110,111,113,114,115,118,119,121,123,124,125,127,129,131,132,137,138,139 "41";
42 113 1 1,5,8,17,18,20,22,33,45,51,54,60,65,70,74,79,92,93,96,106,107,112,124 "42";
43 59 1 3,9,10,12,30,33,47,64,65,79,96,107,121,123,128,130,135,138,140 "43";
44 82 0 1,5,8,13,18,32,42,44,64,74,79,87,89,92,99,102,106,110,114,119,125,128,141 "44";
45 93 0 13,22,63,93,130 "45";
46 28 1 4,9,11,14,15,17,22,23,24,26,27,28,31,32,37,40,43,48,49,50,51,55,60,61,64,65,67,72,73,76,85,87,88,90,92,94,98,99,102,105,108,110,114,115,116,118,120,121,124,126,132,134,138,139 "46";
47 49 0 1,5,6,7,9,10,11,13,19,24,25,27,28,32,38,41,45,48,49,50,57,58,59,60,61,73,74,79,80,83,87,90,91,93,95,102,105,108,111,115,116,118,125,129,134,136,138,140 "47";
48 28 1 7,9,10,32,35,45,48,58,60,69,73,76,83,85,108,129,136 "48";
49 124 0 5,18,27,34,39,59,60,64,88,90,96,102,105,112,118,121,129,136,141 "49";
50 141 0 1,2,7,13,15,16,18,22,27,29,32,33,35,37,38,47,48,49,54,55,56,58,62,68,70,72,74,78,80,81,83,85,88,89,95,97,105,108,115,121,124,128,129,140 "50";
51 101 1 1,2,3,5,6,8,11,14,16,17,23,25,28,31,34,36,37,39,41,49,53,57,59,70,74,80,82,84,86,87,91,94,97,98,99,102,104,106,113,115,118,119,122,124,126,127,129,131,132,136,139 "51";
52 69 1 1,3,6,9,11,14,16,18,21,22,26,28,29,30,33,35,36,42,44,50,55,57,59,61,69,70,71,72,77,78,84,88,90,91,93,98,102,104,106,118,127,131,135,137,139 "52";
53 116 1 7,9,11,17,21,23,26,28,30,34,36,38,40,42,49,55,56,58,62,67,68,73,80,82,85,87,89,90,93,95,96,98,99,100,102,104,114,116,118,121,127,132,136,138,140 "53";
54 42 0 2,4,6,7,9,11,14,16,20,21,26,29,30,32,34,36,37,39,45,46,47,49,51,53,55,56,58,61,63,64,66,68,69,70,72,75,77,79,82,87,89,91,92,94,95,97,98,100,101,102,103,108,110,112,113,116,117,120,121,124,125,127,129,132,134,136,137,140 "54";
55 6 0 3,13,17,23,24,30,32,36,37,39,41,42,45,49,50,57,63,66,69,81,85,86,89,90,94,98,99,102,105,106,114,115,119,120,125,128,130,132,138,141 "55";
56 80 1 0,1,6,10,12,14,16,19,22,26,27,29,30,32,33,35,36,39,40,43,45,47,49,50,53,55,57,59,61,63,66,70,74,77,79,80,82,84,85,87,89,95,100,102,104,107,108,109,110,112,114,116,119,121,122,126,132,134,137,139,140,141 "56";
57 120 0 0,2,16,20,24,27,28,30,31,33,36,37,38,41,47,51,55,57,59,61,62,69,71,77,85,94,99,101,104,107,110,112,119,121,122,124,127,129,130,131,136,140 "57";
58 47 0 0,1,3,4,8,11,13,14,17,18,19,22,25,28,29,35,37,39,40,42,43,45,46,48,49,52,53,55,57,59,60,65,66,67,69,72,79,82,83,85,89,93,95,97,101,105,107,108,110,112,113,117,120,121,122,126,132,134,135,137,138,139,140,141 "58";
59 59 0 0,2,6,7,9,13,20,21,26,29,30,33,40,42,45,48,49,50,52,54,55,56,60,62,64,67,69,70,74,77,78,82,85,87,88,91,93,94,97,100,105,106,107,108,110,111,113,115,116,118,122,123,125,126,128,129,130,134,136,138,139 "59";
60 94 0 0,1,2,4,8,10,14,15,17,19,20,22,24,27,31,32,34,35,37,39,40,42,43,45,46,48,50,53,55,56,58,60,61,62,64,66,68,69,71,72,74,76,77,83,87,88,90,92,93,97,99,100,103,104,109,110,113,117,120,121,123,124,125,129,130,136,138,139 "60";
61 4 0 14,16,18,25,27,28,37,55,65,68,74,84,107,109,116,134 "61";
62 100 1 8,12,14,16,18,21,25,33,41,42,49,54,59,71,75,78,80,82,83,84,86,88,90,99,100,118,120,123,128,130,132 "62";
63 35 1 15,16,17,19,25,29,30,31,33,34,47,52,54,57,59,63,64,65,67,69,73,81,83,84,86,88,91,96,97,111,115,117,118,119,121,126,127,129,131,140 "63";
64 141 1 0,3,4,6,10,12,13,14,15,20,28,30,35,37,45,47,48,52,54,56,66,70,73,76,78,83,86,94,97,99,103,105,107,109,112,115,121,122,124,128,130,132,135,139 "64";
65 21 1 0,27,34,35,36,39,40,42,49,56,63,77,79,92,103,107,111,113,114,119,124,126,133,135,139 "65";
66 88 0 0,2,5,6,11,13,15,16,17,18,20,22,23,25,27,28,29,32,34,37,40,42,44,46,48,49,50,52,54,56,61,63,64,67,72,75,76,79,81,82,85,88,90,92,95,97,98,100,104,106,109,112,113,114,115,116,118,121,124,127,131,135,137,140,141 "66";
67 104 0 6,10,11,17,19,20,25,26,27,32,33,38,40,48,53,54,58,62,75,78,80,82,85,86,88,90,92,96,99,102,107,113,115,119,120,125,126,128,131,132,137,140 "67";
68 9 1 0,9,14,17,19,23,25,28,31,67,85,87,96,104,121,133,135 "68";
69 68 0 6,9,12,13,15,20,25,30,38,43,50,51,53,57,59,63,65,71,79,81,82,99,120,127,137 "69";
70 26 0 3,5,8,22,23,25,29,33,35,37,40,41,45,52,53,55,57,66,68,69,74,80,81,82,87,89,91,98,100,104,115,116,122,129,131 "70";
71 115 0 3,7,19,20,23,27,35,40,46,49,51,54,58,66,67,79,85,87,89,91,103,107,116,119,122,124,125,133,136 "71";
72 96 0 6,9,19,22,26,29,34,37,41,44,49,50,53,56,63,65,67,69,71,73,79,80,81,84,87,89,91,96,98,105,106,108,110,112,115,118,122,125,128,132,139 "72";
73 98 0 104,111,116 "73";
74 43 0 4,7,8,10,11,13,17,18,23,24,26,27,30,32,33,35,38,39,40,42,48,49,51,53,56,58,60,61,64,65,66,67,68,72,73,79,80,82,84,85,87,90,92,93,97,98,100,101,104,105,107,110,111,112,116,121,122,123,126,128,131,132,133,134,136,137,140 "74";
75 38 0 0,2,3,7,9,11,13,14,18,20,25,26,28,30,31,33,35,38,40,43,44,46,48,49,51,53,54,55,57,59,60,61,62,64,65,67,72,73,75,76,77,79,81,82,84,87,88,90,92,94,96,99,103,107,109,110,113,115,117,118,119,126,127,131,132,134,136,139,140,141 "75";
76 82 0 1,2,5,10,12,19,20,26,32,34,35,41,50,51,53,71,80,85,91,93,114,129,133,138,139 "76";
77 13 1 8,11,19,21,23,24,29,33,42,52,56,59,64,66,73,78,82,84,88,90,93,95,96,104,110,115,128,130,133,140 "77";
78 16 1 0,9,14,16,17,21,29,42,45,50,58,65,71,76,78,84,89,93,94,103,122,127,131,134 "78";
79 87 0 3,5,13,16,22,27,31,36,41,43,48,49,52,56,58,60,62,64,71,73,75,77,80,81,86,88,89,93,95,98,102,106,108,111,114,116,126,129,135,137,140 "79";
80 1 0 21,49,82,109,141 "80";
81 52 0 1,5,11,13,14,17,19,25,28,32,35,36,39,40,45,47,49,50,55,58,61,62,65,66,68,71,77,80,84,88,102,104,107,114,120,123,124,126,128,136,139,140 "81";
82 71 1 3,5,8,14,15,21,22,25,29,35,36,39,40,46,49,54,63,64,66,67,68,71,73,75,78,80,82,85,92,93,97,98,103,104,106,108,112,113,116,118,119,120,122,123,128,132,133,134,136,137,139 "82";
83 52 0 0,12,19,38,50,58,86,94,107,121,124,128,141 "83";
84 42 0 23,37,38 "84";
85 53 0 4,7,14,16,18,19,22,23,26,28,33,35,36,41,44,46,47,50,57,68,71,72,82,84,93,97,98,101,103,105,107,109,111,119,121,127,130,134,138,139 "85";
86 133 0 1,3,4,7,8,10,12,13,16,18,20,22,26,27,29,32,35,36,37,39,42,46,48,51,54,56,59,60,66,67,69,70,72,73,75,77,78,85,87,89,90,92,95,97,99,100,104,105,109,110,114,115,117,119,121,122,126,130,132,133,135,137,139,141 "86";
87 116 1 2,8,10,24,43,44,57,65,68,71,73,77,81,102,111,121,126,141 "87";
88 39 0 1,21,34,36,37,39,48,52,57,66,73,77,79,83,91,97,99,105,108,114,119,120,121,125,128,134,138,140 "88";
89 136 1 0,2,8,9,12,15,17,21,23,27,28,29,34,37,39,41,45,49,51,52,57,61,63,64,66,70,71,74,75,84,93,96,100,104,105,110,112,114,121,124,126,127,130,132,136,138,139,140 "89";
90 87 0 1,3,6,8,10,12,14,16,18,20,22,26,28,29,32,34,39,43,45,47,49,50,52,54,55,58,59,60,63,64,67,70,72,74,75,77,79,81,83,86,88,89,93,95,97,99,101,102,108,110,111,115,117,119,127,128,130,133,134,137,138,141 "90";
91 97 0 1,6,12,19,24,29,35,41,62,65,91,93,94,100,111,116,131 "91";
92 8 1 2,8,9,11,15,17,18,20,22,24,27,28,29,33,39,41,44,47,49,50,53,56,57,59,60,62,64,66,73,75,77,78,82,84,88,89,92,93,96,97,98,100,101,103,105,108,109,111,115,116,120,123,125,128,131,132,133,134,137,138,140 "92";
93 62 0 0,4,5,7,8,9,13,15,17,21,23,30,32,33,35,38,40,43,44,47,48,50,55,57,59,60,65,68,70,72,75,77,82,88,92,95,96,99,100,102,104,108,109,111,112,124,126,128,136,139 "93";
94 19 0 20,21,33,92,95,106,112 "94";
95 84 0 23,36,40,49,62,70,84,114,126 "95";
96 122 1 2,4,5,13,23,27,28,43,51,57,59,63,66,68,73,75,85,89,93,96,106,110,113,118,121,122,135,137 "96";
97 41 0 2,16,18,22,26,30,31,33,36,39,42,45,46,47,54,59,61,64,71,74,78,80,83,85,87,90,94,98,100,101,103,105,106,108,112,116,128,132,137 "97";
98 95 0 1,4,6,9,11,16,18,19,24,26,28,29,32,34,35,37,43,47,51,63,65,67,77,79,82,87,89,91,93,95,98,103,104,107,110,111,116,118,124,133,135,138 "98";
99 16 0 7,9,13,15,17,21,22,27,31,34,43,49,51,54,56,59,63,81,83,88,94,102,113,116,120,122,124,127,128,130,134,135,139 "99";
100 135 0 1,2,4,6,11,13,14,17,18,20,23,28,30,34,37,38,41,43,51,52,56,57,61,69,70,74,76,77,80,83,84,87,90,92,95,97,99,100,102,108,110,111,114,117,120,121,124,132,134,135,139,141 "100";
101 105 1 0,2,4,9,12,13,15,16,20,22,27,28,31,34,35,37,41,45,47,50,54,57,60,64,65,70,73,74,78,80,83,85,89,91,93,94,96,99,105,109,110,111,114,116,120,123,127,129,131,132,133,135,137,138,140,141 "101";
102 65 0 5,30,45,49,57,61,73,114,132 "102";
103 100 0 2,5,6,14,17,19,21,26,33,35,36,37,41,44,45,50,54,56,59,60,62,65,66,67,70,78,79,81,83,87,88,92,93,97,100,108,110,117,124,126,129,135,137 "103";
104 110 0 3,4,6,7,10,17,19,22,27,31,35,39,40,48,49,50,52,54,57,59,60,63,72,75,79,81,83,84,86,87,89,92,94,96,97,110,114,122,125,126,131,133,136,141 "104";
105 25 0 3,8,10,16,21,24,29,32,34,36,39,41,46,47,51,54,58,59,73,75,78,80,83,87,90,91,93,99,101,108,109,111,112,116,119,131,132,138,140,141 "105";
106 55 0 6,7,14,32,39,54,72,82,94,135,137 "106";
107 79 0 0,2,6,8,10,12,14,16,18,22,24,26,32,33,36,41,43,46,48,49,50,55,61,64,67,69,71,72,75,81,83,85,87,88,93,95,96,98,100,102,103,107,111,114,116,119,121,125,130,131,132,133,136,138,140,141 "107";
108 14 1 2,3,6,12,21,34,37,54,57,64,70,73,77,86,90,99,103,109,111,118,124,125,127,129,131 "108";
109 108 1 4,6,14,17,19,20,22,25,28,29,31,33,35,39,40,42,47,50,52,53,60,67,71,72,77,79,81,83,85,94,100,104,106,109,111,115,117,122,124,126,139,141 "109";
110 59 0 8,29,44,59,63,82,129,135 "110";
111 119 1 4,15,21,31,39,50,64,69,71,76,79,82,87,97,107,120,123,126,130,137,139,140,141 "111";
112 44 1 8,14,18,19,21,23,25,30,40,47,52,61,63,67,71,79,95,96,106,107,110,112,116,122,135,140 "112";
113 6 0 0,5,10,12,16,20,21,24,28,30,32,34,35,37,39,44,46,48,54,58,60,61,63,64,66,71,75,76,78,79,85,92,100,102,104,106,107,110,112,117,119,132,136,140 "113";
114 96 1 0,6,8,10,13,15,16,18,24,25,31,33,34,36,38,40,42,43,45,47,48,50,51,53,55,56,60,62,64,70,71,74,77,80,83,86,88,91,93,94,95,101,104,105,106,108,109,113,115,116,118,120,121,123,125,129,133,134,136,137,138,140 "114";
115 24 1 0,7,9,14,18,19,23,27,31,33,48,56,62,66,71,76,80,82,83,84,85,88,90,91,93,94,96,98,99,102,103,107,111,112,113,120,122,133,135,138 "115";
116 140 1 23,37,55,96,113 "116";
117 71 1 2,3,5,8,10,11,14,18,20,21,23,24,26,28,31,34,35,37,39,40,42,43,46,48,50,52,53,55,59,62,65,69,70,71,76,79,84,87,89,91,93,94,95,98,99,101,108,110,112,114,115,116,122,123,125,129,131,134,135,138,141 "117";
118 102 1 0,2,4,5,7,11,13,15,16,19,22,23,24,26,27,28,30,32,33,39,41,43,45,48,49,51,52,54,56,58,60,62,63,71,73,74,77,81,82,83,84,87,90,91,93,95,96,98,99,100,101,103,108,109,110,112,118,122,124,126,130,132,133,134,136,139 "118";
119 59 1 3,4,6,8,10,11,13,15,18,19,21,25,27,30,31,33,36,38,44,45,48,49,60,61,63,70,73,75,81,83,84,87,89,90,93,95,96,98,103,105,106,108,113,115,117,118,120,122,124,126,129,131,134,138,140,141 "119";
120 129 1 36,66,67,80,85,101,111,121,127 "120";
121 53 1 6,17,25,30,31,39,43,50,51,55,56,60,72,78,84,87,92,102,106,108,123 "121";
122 78 1 24,29,66,106,109,112,118,125 "122";
123 5 1 4,7,13,14,15,17,19,20,22,25,26,29,31,32,34,36,38,40,42,47,48,50,54,57,60,61,64,66,70,72,77,82,85,91,93,94,98,99,101,103,106,109,110,111,113,114,118,119,121,128,130,131,136,138,140,141 "123";
124 61 0 1,10,35,54,68,72,75,78,91,100,102,104,111,119,135 "124";
125 36 0 1,4,9,10,11,13,14,15,19,21,23,24,26,28,29,31,32,35,37,39,40,42,43,45,46,48,49,51,54,58,59,61,62,63,65,66,68,69,70,73,77,79,80,83,85,89,92,93,94,96,97,99,102,105,106,107,111,113,115,116,117,122,126,128,130,132,134,135,137,141 "125";
126 109 1 1,2,4,6,7,10,13,21,22,31,32,38,39,46,51,54,56,62,65,68,70,75,80,86,88,90,94,95,99,102,103,106,109,110,118,122,123,126,129,130,135,138,141 "126";
127 71 0 1,3,4,6,9,14,16,19,23,25,27,30,34,36,39,41,42,44,46,49,52,53,54,57,60,62,63,64,66,68,69,71,73,75,79,80,83,84,85,87,92,95,98,103,104,107,109,110,112,113,115,116,120,121,124,127,133,134,137,140,141 "127";
128 107 1 0,3,4,6,10,11,14,15,22,23,25,26,27,29,31,33,34,39,40,42,48,51,53,56,59,60,62,65,66,67,70,71,73,75,78,82,86,98,101,104,110,113,117,118,121,123,125,128,130,131,133,134,138 "128";
129 14 1 0,6,9,11,13,18,19,20,22,28,32,34,35,37,38,42,43,45,46,48,51,52,53,55,56,58,59,61,67,69,70,71,75,77,80,85,86,87,89,92,97,98,100,101,106,107,110,112,113,116,118,120,131,133,134,139,140,141 "129";
130 46 1 2,9,12,46,101 "130";
131 100 1 2,4,6,40,50,66,71,86,104,111 "131";
132 41 1 2,4,6,8,11,12,14,21,22,24,31,38,40,47,48,49,51,53,57,59,63,64,69,79,88,95,98,103,105,110,113,121,125,129,133,134,137,139,140,141 "132";
133 79 0 58,139 "133";
134 3 0 1,2,6,8,10,19,26,27,33,35,38,41,43,54,57,61,62,66,67,70,74,79,81,88,97,99,106,108,111,112,114,115,128,131,133,140 "134";
135 73 1 6,7,11,14,16,17,21,23,25,27,32,36,38,40,42,47,48,50,52,54,55,56,58,60,62,66,73,76,77,79,83,87,88,95,102,111,113,114,116,118,121,126,129,130,132,134,136,139,141 "135";
136 53 0 0,1,2,5,8,9,10,11,13,15,20,21,22,24,26,28,32,33,35,37,40,41,43,45,47,48,51,53,55,56,58,60,62,64,66,67,70,72,74,77,78,81,83,85,88,89,91,94,96,97,98,100,106,108,109,111,112,115,117,119,120,124,125,128,131,135,136,139,141 "136";
137 112 1 3,18,46,53,54,59,69,79,91,100,103,108,121,127,133,135 "137";
138 114 0 0,3,4,6,8,12,14,16,17,20,24,25,27,29,31,34,36,39,45,47,48,51,56,60,66,68,70,77,80,82,83,84,88,89,93,96,99,100,102,107,109,114,115,117,120,128,129,132,135,138 "138";
139 21 1 5,19 "139";
140 94 1 0,2,6,8,10,13,15,17,22,24,31,32,38,42,44,46,47,48,51,56,58,59,61,63,67,68,70,72,73,75,76,77,81,85,86,88,90,93,95,96,97,99,104,106,109,111,113,116,119,121,122,125,126,131,136 "140";
141 90 1 2,4,24,26,32,35,37,47,51,56,65,76,79,83,92,103,105,118,126,130,139 "141";
