parity 115;
0 60 0 28,41,46,47,49,71,73,79,104,105,107,112,115 "0";
1 61 0 2,3,5,14,17,21,22,35,39,41,55,56,58,60,62,65,68,70,72,78,82,85,91,92,96,104 "1";
2 101 1 0,2,3,4,6,9,11,13,14,17,18,21,24,26,28,31,34,35,36,39,42,47,49,51,56,57,60,62,64,65,66,69,71,72,73,75,76,79,80,82,84,86,90,92,95,96,98,99,102,103,105,107,108,111,112,113,114,115 "2";
3 107 1 1,10,11,15,18,22,38,43,46,50,53,54,68,71,82,84,90,95,104,109 "3";
4 5 1 14,18,35,40,46,48,59,62,67,69,88,90,94,96,98,107 "4";
5 104 1 0,2,4,5,7,10,13,14,17,19,21,23,25,26,27,28,30,33,34,35,39,41,44,47,48,54,55,57,58,59,61,63,64,66,67,68,71,72,74,76,78,79,81,84,85,87,89,90,92,95,100,103,104,108,109,110,112,113 "5";
6 39 0 0,16,17,20,23,26,31,38,41,43,45,49,55,63,71,83,87,89,91,93,94,98,101,109,111 "6";
7 43 0 93,97 "7";
8 55 0 0,3,13,27,39,41,42,58,71,84,95,96,100,106,112 "8";
9 72 0 7,20,22,26,31,35,54,67,82,97,105 "9";
10 29 1 24,31,35,46,60,68,91,101,112 "10";
11 5 1 11,78,103 "11";
12 7 0 5,14,15,16,21,26,28,31,33,35,38,40,42,51,58,60,62,63,65,66,67,74,78,83,84,87,89,91,93,95,98,100,104,107,108,110,111,114 "12";
13 31 1 0,3,11,13,16,18,23,26,28,33,34,37,39,46,53,63,69,70,71,76,78,81,96,101,103,104,106,108,110,114 "13";
14 87 0 3,5,14,19,23,25,29,32,40,42,43,45,50,54,62,68,70,73,76,81,83,97,100,105,110,113 "14";
15 98 0 0,1,3,5,6,9,11,13,15,16,18,23,27,28,29,30,32,34,38,39,41,42,46,53,54,57,59,60,61,62,64,68,70,72,73,75,76,77,79,80,82,84,87,90,92,94,96,97,108,109,114,115 "15";
16 57 0 36,52,57,73,106,109 "16";
17 64 0 1,5,10,12,13,16,22,24,26,34,35,44,46,48,53,54,57,69,71,72,73,81,83,87,92,101,105,112 "17";
18 7 0 0,12,18,39,45,49,56,65,72,91,98 "18";
19 116 0 0,3,5,8,10,13,15,21,25,26,27,28,32,34,37,38,40,42,44,45,46,51,52,56,58,61,63,68,70,72,74,76,77,79,80,82,84,86,88,90,95,98,99,101,104,109,110,113,115 "19";
20 72 0 5,14,21,22,25,26,30,31,34,36,39,50,64,70,73,75,79,92,100,101,104,108,115 "20";
21 77 1 0,3,4,5,6,8,10,11,14,16,21,23,25,28,33,34,35,39,43,44,47,51,52,53,55,57,60,62,65,67,68,70,72,74,76,78,79,81,83,85,86,87,91,93,95,98,100,102,104,105,106,109,111,113 "21";
22 69 1 0,3,4,8,12,16,19,20,24,28,29,31,32,34,36,38,41,45,51,53,58,60,66,69,74,75,82,84,86,90,91,99,103,105,106,107,114 "22";
23 59 0 33,37,47,65,67,88,91,97,100,102 "23";
24 107 0 11,13,17,18,20,21,25,47,48,65,76,78,85,89,94,96,108,110 "24";
25 94 0 0,3,4,15,20,23,26,34,37,39,43,47,57,58,64,72,81,91,102,104,106 "25";
26 10 0 2,11,18,21,31,42,47,52,71,72,79,89,100 "26";
27 103 1 3,5,13,32,39,48,53,54,57,69,71,81,88,91,96,105,112 "27";
28 46 0 5,10,16,22,29,54,58,78,84,100,104,112 "28";
29 79 0 9,10,15,16,24,25,33,35,37,39,46,51,57,62,65,69,71,80,82,83,87,91,102,113,115 "29";
30 73 1 8,13,31,35,44,47,57,60,67,86,101,109,113 "30";
31 21 1 3,8,10,15,18,24,25,27,33,37,38,43,47,49,54,55,59,64,71,75,76,79,88,91,93,96,99,100,103,107,112,114 "31";
32 65 1 47,62,74,79,86,103 "32";
33 82 0 7,14,18,21,31,33,36,39,41,42,44,47,51,54,60,64,66,72,73,76,87,89,90,92,95,98,100,101,112 "33";
34 65 0 3,4,7,11,13,16,21,23,26,27,33,35,36,39,44,49,53,55,57,70,77,80,84,86,87,92,98,101,107,114 "34";
35 38 1 4,5,7,12,24,26,29,31,43,48,50,51,54,57,58,63,65,68,72,75,77,81,86,87,89,90,95,96,98,111,113 "35";
36 35 0 0,1,4,6,7,9,10,13,15,19,21,22,24,27,28,31,32,33,35,40,43,45,46,48,50,52,53,56,57,60,63,65,67,69,71,77,78,79,81,85,87,91,93,94,97,99,101,104,105,106,109,111,114 "36";
37 111 1 1,10,14,15,16,20,22,24,26,27,29,37,42,43,51,76,84,85,89,103,106,115 "37";
38 86 1 1,4,5,8,10,12,15,17,22,23,25,26,28,29,31,33,36,38,41,43,49,52,54,58,60,66,67,70,74,76,80,83,85,87,89,92,95,98,99,100,102,104,105,107,108,109,113,114 "38";
39 96 0 0,4,5,7,9,11,14,18,19,24,27,29,31,34,36,43,48,52,55,56,58,60,63,64,72,74,75,77,78,81,85,88,89,91,93,95,101,102,103,105,106,108,109,110,113,114 "39";
40 37 0 2,8,10,19,22,33,36,43,44,48,50,52,56,58,72,76,90,91,99,100,102,104 "40";
41 51 1 3,4,7,14,16,20,21,25,28,30,33,35,41,43,48,61,65,68,70,79,82,91,95,99,105,108,113 "41";
42 16 1 1,2,6,8,11,17,18,20,25,29,31,43,45,47,48,54,57,59,60,62,65,66,68,70,73,75,85,87,91,94,97,100,102,104,111,113,115 "42";
43 5 1 3,7,11,17,21,25,28,29,37,40,44,49,51,52,55,58,60,61,62,65,69,73,74,75,77,78,79,81,83,84,85,88,92,99,101,102,103,106,108 "43";
44 26 0 0,5,6,12,14,19,23,27,30,32,37,47,53,54,57,59,60,65,67,71,78,82,86,92,93,95,97,99,104,106 "44";
45 50 1 0,1,14,19,22,23,31,33,46,57,62,64,85,96,102 "45";
46 36 0 2,26,72 "46";
47 22 1 0,2,4,5,8,10,12,13,18,20,21,23,26,27,29,30,32,33,34,36,37,41,42,44,45,50,53,54,57,59,60,63,64,65,67,70,73,78,80,81,83,85,87,88,92,93,95,96,97,102,103,104,106,109,111,113,115 "47";
48 16 0 1,2,4,6,7,10,12,13,14,16,17,21,22,24,25,28,29,30,33,41,43,46,48,49,51,52,53,58,59,61,62,67,69,71,75,76,78,79,85,87,88,90,91,92,93,96,97,98,101,102,104,105,107,109,112,113,114 "48";
49 105 0 6,10,16,18,20,22,27,29,30,31,34,37,39,41,43,45,46,50,52,56,58,62,68,70,72,73,75,79,82,87,91,92,93,101,104,106,108,110,112,114 "49";
50 52 1 45,88,96,102 "50";
51 60 1 3,20,22,56,62,66,69,78,104 "51";
52 44 1 5,6,12,15,19,20,23,24,27,28,30,31,33,35,37,39,41,45,46,48,51,53,55,59,61,63,70,73,75,78,82,83,85,89,94,96,98,100,102,106,109,114,115 "52";
53 36 1 3,6,8,10,21,24,30,34,36,44,53,56,58,63,67,75,79,82,84,86,87,99,102,108,111,113,114 "53";
54 61 1 2,4,5,8,10,13,15,16,19,24,26,27,29,31,33,34,36,38,39,41,43,44,48,49,53,54,56,59,62,64,69,72,73,76,77,79,85,86,89,91,93,94,98,100,102,105,108,111,112,115 "54";
55 96 1 2,32,34,37,63,79,100,101,112 "55";
56 107 1 1,28,30,34,45,72,76,86,91,94,96 "56";
57 52 0 0,1,2,4,6,8,9,12,13,14,16,18,19,20,24,27,32,33,35,37,39,41,42,45,47,48,50,54,57,60,63,67,68,73,75,77,79,81,82,83,84,86,88,94,95,97,98,99,101,102,103,104,107,110,111,113,115 "57";
58 91 0 0,1,3,6,9,12,13,16,18,21,22,23,24,26,28,32,33,34,40,41,43,46,50,51,53,54,58,67,69,71,74,75,80,81,83,84,87,88,90,92,95,98,101,103,105,109,110 "58";
59 101 1 1,3,4,6,7,8,13,14,16,22,24,26,28,29,33,34,37,39,42,44,46,47,48,52,59,64,65,73,81,82,83,85,88,94,95,96,97,101,102,105,106,107,110,111,115 "59";
60 96 0 2,5,16,33,38,42,45,46,49,50,88,99,113 "60";
61 28 0 47,71,85 "61";
62 82 1 0,1,2,3,7,10,13,16,24,28,33,35,39,41,43,45,46,48,52,54,61,63,65,67,69,71,72,78,89,93,99,102,104,106,108,109,113,115 "62";
63 113 1 17,24,28,36,41,45,48,63,83,92,109 "63";
64 107 1 5,6,7,9,11,13,15,16,26,29,30,31,33,34,41,48,51,55,58,60,68,73,76,86,89,95,96,98,110,112 "64";
65 78 1 4,6,9,15,16,18,25,28,30,36,43,49,55,56,59,65,69,73,76,78,79,82,83,85,87,90,93,95,97,105,110 "65";
66 24 0 5,11,18,22,25,28,33,35,36,39,41,43,46,54,60,63,67,77,85,88,100,102,104,107,109,112,114 "66";
67 27 0 3,33,46,53,59,66,77,109,113 "67";
68 44 0 7,35,52,54,67,69,72,81,86,93,99,103,110 "68";
69 14 1 2,6,10,18,23,25,29,30,35,36,39,43,45,47,50,56,58,71,82,87,91,97,98,102,110,112 "69";
70 83 0 0,3,10,18,30,31,35,44,58,62,68,78,89,99,104,109 "70";
71 97 1 0,5,6,11,12,15,17,19,21,23,25,27,28,31,35,41,46,48,50,58,61,66,72,74,76,78,80,84,85,86,88,91,96,99,100,105,108,110,114 "71";
72 7 1 8,25,29,33,44,45,59,63,70,79,86,88,91,103,105,109,113,114 "72";
73 68 1 9,13,25,26,48,74,81,103,108 "73";
74 66 0 2,5,8,10,21,22,24,27,36,39,44,48,53,56,65,70,72,74,76,78,83,86,88,92,97,99,105,108,113 "74";
75 95 1 1,4,10,13,19,29,41,46,48,55,56,62,69,70,74,75,79,81,92,95,101,106,113 "75";
76 93 0 0,2,3,5,6,8,9,10,12,14,16,19,21,22,24,26,29,31,35,36,39,40,41,44,51,53,56,59,60,63,64,66,67,70,75,77,80,81,82,86,87,92,93,95,96,100,102,103,105,106,107,109,110,113,114 "76";
77 74 1 0,19,48,56,64,70,107,112 "77";
78 95 1 2,5,8,9,16,20,21,23,25,29,32,39,41,44,48,56,60,62,64,66,70,72,84,86,89,92,94,95,97,99,101,104,106,109,111,113,115 "78";
79 24 0 3,5,7,16,18,20,28,37,40,46,61,70,79,85,86,93,98,100,107,112 "79";
80 69 1 7,9,13,15,23,30,38,43,45,48,49,52,56,57,60,71,73,77,78,81,89,90,96,97,101,102,106 "80";
81 62 0 3,6,9,14,17,18,25,32,35,37,38,55,67,70,76,83,85,91,104 "81";
82 86 0 2,4,7,9,18,23,26,37,40,54,55,58,64,65,67,69,77,81,84,86,89,104,105,107,111,115 "82";
83 81 0 5,10,14,19,24,36,38,39,41,42,53,57,60,70,72,78,80,81,84,88,104,105,109,114 "83";
84 37 0 2,3,5,7,9,15,16,18,19,21,22,39,45,46,52,55,57,58,59,62,63,66,67,69,72,79,81,85,88,91,92,94,95,97,99,102,103,107,114 "84";
85 114 0 5,9,26,33,45,84,96,104 "85";
86 18 1 1,5,9,16,19,20,24,26,29,31,35,36,39,41,43,47,50,53,54,55,59,61,62,63,66,67,70,74,75,77,84,86,87,89,90,92,94,95,96,98,99,101,103,107,108,111,112,113,115 "86";
87 75 0 7,9,12,17,19,35,40,41,46,53,56,57,66,68,70,72,74,76,83,91,95,97,105,106 "87";
88 57 1 0,3,4,8,13,16,17,18,21,22,26,29,31,34,39,40,43,44,45,48,56,58,60,68,75,76,77,80,87,88,94,97,98,100,105,108,115 "88";
89 91 0 0,2,3,5,6,7,8,10,13,17,19,20,22,24,28,32,34,35,37,39,47,49,51,55,59,61,65,66,69,72,73,80,84,85,88,91,93,98,99,100,102,104,105,108 "89";
90 89 0 0,2,4,6,8,11,14,18,19,23,26,28,30,34,36,37,39,40,41,42,44,45,46,50,53,54,56,58,64,66,68,69,72,74,76,77,82,84,86,87,90,94,103,104,106,108,111,112,114 "90";
91 26 0 10,12,16,18,20,22,32,34,38,44,46,49,50,54,55,59,63,66,68,72,76,79,82,92,97,101,102,111,112 "91";
92 88 1 0,2,5,9,11,12,14,16,17,21,22,27,29,30,32,33,36,38,40,42,43,44,46,52,54,56,58,60,62,65,67,68,70,72,75,77,78,80,81,83,85,88,89,90,92,93,95,96,98,100,102,103,105,106,108,110,112,115 "92";
93 21 1 1,10,12,13,15,17,20,23,26,32,39,48,51,52,61,64,66,76,77,79,82,84,92,95,108,112,114 "93";
94 24 0 0,1,3,6,14,16,20,23,32,35,37,40,42,43,48,49,60,62,72,74,76,92,97,100,105,112 "94";
95 110 0 5,8,18,20,32,36,37,39,45,55,57,62,64,72,73,74,75,78,80,84,85,86,91,92,95,99,105,109,111,113,115 "95";
96 111 1 4,8,12,15,24,26,29,30,32,34,36,37,39,40,41,44,45,47,49,50,52,54,55,60,63,68,70,73,75,76,80,82,83,85,86,88,90,92,93,96,97,99,102,108,110,113,115 "96";
97 9 0 0,2,10,11,15,16,20,21,23,25,27,28,30,32,34,35,37,39,40,42,52,54,56,60,62,65,68,69,70,71,73,74,78,80,81,87,89,90,92,93,95,98,100,101,102,104,105,114,115 "97";
98 38 0 6,12,16,18,21,23,26,28,35,36,37,47,50,51,57,60,67,70,72,73,75,76,81,88,90,92,95,97,102 "98";
99 32 1 9,12,26,29,43,48,51,56,69,76,81,84,94,106,111 "99";
100 55 0 2,9,14,21,24,26,29,67,74,75,78,91,96,99,100,104,109,113 "100";
101 94 0 1,3,10,15,20,24,51,54,56,86,94,105,106,108 "101";
102 76 1 9,13,15,22,28,34,46,58,62,69,78,82,86,88,95,97,104 "102";
103 92 0 5,14,19,21,23,37,49,53,58,60,62,68,77,83,87,89,91,96,97,109,112,115 "103";
104 20 0 4,6,12,17,38,41,51,56,59,62,65,76,81,84,90,93,101,103,111 "104";
105 75 0 0,1,4,6,7,10,12,13,16,18,20,21,25,28,30,31,32,36,41,43,46,52,54,55,56,58,60,61,63,64,65,66,68,71,72,74,75,77,81,83,86,88,91,92,97,100,104,107,108,114 "105";
106 38 1 36,47,74,85,100,104 "106";
107 107 0 2,8,12,13,18,20,22,23,24,26,29,36,38,42,49,53,55,58,62,64,65,71,72,73,76,84,90,94,95,98,103,107,109,113 "107";
108 28 0 24,38,47,68,70,74,79,82,88,89,99,104 "108";
109 67 0 1,12,14,21,24,25,28,30,57,65,71,76,81,91,98,101,105,106,107,111 "109";
110 63 1 0,3,4,6,7,8,9,11,14,15,17,18,21,22,24,26,29,32,34,35,36,40,41,42,45,47,50,54,55,57,59,61,66,67,71,74,76,78,80,81,84,87,88,89,92,93,94,97,99,101,102,106,107,108,111,113,114 "110";
111 81 1 4,6,9,10,12,17,25,28,29,42,43,46,47,50,52,53,56,58,60,66,69,70,72,76,80,85,87,93,97,102,106 "111";
112 38 0 4,6,9,13,20,21,25,28,30,31,34,35,38,40,44,51,54,56,57,59,61,64,74,79,81,82,96,99,103,105,107,109,110,113 "112";
113 96 1 2,3,4,6,12,16,18,21,23,24,26,28,29,31,32,33,35,37,39,42,44,46,48,49,51,53,54,57,62,64,66,71,73,75,81,83,84,87,90,92,96,97,99,101,103,104,105,106,108,109,114 "113";
114 1 1 0,5,6,8,13,15,18,19,22,24,28,29,34,37,44,48,50,53,55,58,59,62,65,66,69,70,72,74,77,79,81,82,83,84,87,88,89,90,93,96,97,99,105,107,108,110,115 "114";
115 92 0 6,12,17,23,28,29,30,33,62,86,89,92,106 "115";
