parity 134;
0 87 1 0,1,4,5,6,9,12,13,18,19,22,24,29,33,34,37,39,41,45,46,47,49,51,54,55,56,57,58,62,64,67,69,70,74,75,77,80,84,86,87,89,91,93,95,99,101,102,103,104,106,114,115,119,121,123,127,128,130 "0";
1 3 1 57,75,90,104,131,134 "1";
2 38 1 2,17,34,55,97,108,127 "2";
3 48 0 1,5,8,9,19,24,27,31,40,46,53,68,72,73,84,86,93,103,105,110,114,121,130,134 "3";
4 116 1 7,12,20,41,46,55,64,76,83,84,85,89,90,94,100,103,110,113,116,123,129 "4";
5 63 1 4,5,9,11,15,17,21,22,26,29,34,35,38,40,43,44,47,48,50,56,58,62,65,67,69,70,73,75,77,79,81,84,85,88,90,97,101,104,110,112,114,115,116,118,119,123,126,129,130,134 "5";
6 38 1 1,3,4,9,11,13,19,22,24,31,34,39,46,48,51,56,58,60,62,64,69,72,75,79,83,85,89,92,93,95,100,102,104,108,112,115,120,123,125,127,130,133 "6";
7 3 1 0,2,7,8,13,14,18,23,24,25,27,29,31,34,36,38,40,42,43,45,51,53,55,57,59,61,63,67,70,72,73,74,76,77,79,81,83,86,87,88,90,91,93,94,95,97,100,102,104,107,109,110,112,114,116,118,119,124,125,126,128,131,132 "7";
8 24 0 2,4,18,20,23,33,49,58,66,85,92,101,118 "8";
9 46 1 3,4,16,20,23,24,28,31,44,47,49,51,57,58,66,69,74,80,81,83,87,93,96,97,101,102,105,108,114,116,121,123,125,126,127,130 "9";
10 108 1 6,7,17,26,27,30,38,43,47,49,52,54,57,59,65,73,77,79,85,99,106,108,114,116,121,124,126,128,131 "10";
11 120 0 0,10,16,20,23,24,26,30,32,35,43,44,49,51,58,62,65,69,74,78,81,85,93,95,98,109,112,115,121,129 "11";
12 108 1 2,4,9,10,13,19,23,27,30,32,34,38,46,51,53,55,56,58,59,61,63,65,67,68,72,74,76,80,81,90,92,93,98,100,103,105,107,109,111,115,118,120,121,123,128,134 "12";
13 50 0 2,3,4,7,8,10,12,16,18,21,23,24,26,29,30,32,35,36,37,39,40,41,43,45,47,50,53,54,56,58,59,61,64,67,68,69,70,73,74,75,78,80,83,89,90,91,93,94,102,105,110,112,113,115,117,121,126,127,129,131,133 "13";
14 58 0 28,37,40,59,77,81,85,90,114 "14";
15 36 0 1,2,3,8,11,13,17,19,24,27,30,33,35,37,39,41,43,44,46,48,51,53,56,58,63,65,66,69,72,73,78,81,83,87,89,92,94,99,101,102,108,111,115,117,118,120,122,124,126,128,133,134 "15";
16 23 1 1,6,17,19,21,23,28,39,42,47,52,55,56,58,62,74,79,81,82,91,93,96,101,117,118,123,134 "16";
17 97 1 1,3,8,24,27,31,34,36,38,39,52,60,61,68,69,70,71,75,81,83,84,87,89,93,97,98,100,103,106,109,113,115,118,128 "17";
18 17 1 2,3,11,19,23,26,28,31,33,37,42,44,46,48,54,58,62,63,65,76,81,84,87,90,99,102,105,108,125,127,128,129,131,134 "18";
19 133 1 48,53,70,76,92,106,110,127,132 "19";
20 71 0 0,3,7,13,19,22,25,27,29,39,41,45,46,51,53,57,59,60,62,65,68,69,71,73,77,79,82,85,90,94,95,98,104,109,110,115,123,124 "20";
21 126 0 3,6,7,15,28,32,35,82,87,96,119 "21";
22 52 0 1,3,4,8,9,10,12,15,18,19,22,23,25,27,29,31,32,36,37,38,40,42,43,45,49,51,52,55,56,58,60,62,65,67,70,71,74,75,77,78,83,84,85,89,91,93,95,98,100,102,106,107,108,110,111,113,114,116,117,120,121,126,128,129,130,131,133,134 "22";
23 98 1 0,3,4,18,21,22,23,25,34,43,45,48,59,85,87,89,102,114,124 "23";
24 46 1 3,25,26,37,59,62,74,82,86,97,98,104,109,116,119,131,133 "24";
25 92 1 1,2,4,6,8,11,13,15,19,21,23,25,27,30,33,35,38,39,41,42,43,46,50,51,53,59,60,63,64,66,69,72,73,76,79,82,84,85,88,95,97,102,105,108,111,115,119,123,124,128,133 "25";
26 36 1 9,11,40,93,100,103,121 "26";
27 30 1 0,1,3,7,10,11,13,17,20,23,26,27,31,35,40,44,45,54,55,56,59,60,69,70,74,75,77,78,80,82,83,85,87,90,94,98,100,105,107,111,113,116,118,121,127,131 "27";
28 86 1 0,5,10,12,32,44,50,55,60,63,65,71,74,98,100,108,110,115,122,124,126,127,134 "28";
29 45 1 2,4,8,10,11,12,16,19,24,25,27,31,33,35,37,38,40,43,49,53,56,59,60,61,62,64,65,67,69,70,76,78,82,84,89,94,97,98,103,111,112,115,117,119,121,122,126,127,134 "29";
30 42 0 4,6,13,15,17,23,27,36,40,42,52,60,67,81,85,87,103,108,121,127 "30";
31 133 1 0,1,5,8,13,17,18,24,26,28,29,36,38,46,47,49,51,55,57,58,66,69,70,75,77,78,79,84,87,94,96,98,102,106,110,113,114,116,118,120,123,131,133,134 "31";
32 107 0 0,3,6,8,12,13,14,22,23,26,30,32,34,39,43,45,46,48,49,50,52,56,61,64,70,71,75,77,79,80,82,83,85,88,89,94,97,98,104,109,111,119,120,122,123,126,127,132 "32";
33 127 1 42,60,70,77,99,102,106,127 "33";
34 93 0 0,1,2,4,5,11,16,20,22,26,28,32,45,47,48,51,55,58,59,62,69,71,72,78,82,91,96,100,108,110,112,114,119,128,129,132,134 "34";
35 87 0 3,30,44,55,66,68,73,75,86,104,115,117,128,131 "35";
36 5 0 3,4,8,17,20,23,24,34,42,45,49,52,60,66,71,73,77,86,91,94,105,107,109,111,117,119,125,127,134 "36";
37 52 0 1,6,8,11,12,17,19,22,25,26,28,29,35,38,39,41,43,46,50,52,54,61,62,69,74,80,82,85,93,95,98,102,103,106,108,109,111,112,113,116,132,134 "37";
38 28 0 1,4,8,9,11,13,16,20,21,25,39,44,46,49,54,56,58,59,61,71,74,75,79,82,86,90,91,93,94,97,101,106,108,110,114,117,124,125,126,128,130,131,133 "38";
39 5 1 1,4,10,12,17,19,21,24,27,29,30,35,39,42,43,46,48,49,53,54,61,63,64,68,70,72,73,77,79,83,88,92,99,102,105,112,114,115,119,127,128,130 "39";
40 38 1 73,75,102,115 "40";
41 0 0 71,79,107,118 "41";
42 110 1 1,3,5,7,8,12,15,17,21,23,26,27,28,29,30,33,35,37,41,42,47,48,50,52,54,55,61,62,64,67,69,70,71,73,74,75,77,78,80,82,84,86,87,89,90,91,94,96,97,98,100,101,102,105,107,110,112,114,115,117,118,123,124,127,129,131,132,134 "42";
43 40 0 0,11,15,17,22,26,31,44,46,55,59,61,63,71,75,80,81,83,85,101,121,123,128 "43";
44 30 1 0,4,11,15,18,21,26,28,29,30,32,33,38,44,46,49,53,55,57,58,62,64,68,69,71,74,77,81,86,89,95,98,103,109,112,113,122,127,128,130,131 "44";
45 47 0 1,3,4,7,13,15,16,20,21,24,26,29,31,34,36,39,40,41,43,45,49,51,56,59,60,61,64,66,71,74,79,81,82,86,91,93,96,97,99,100,101,103,105,117,120,121,122,123,126,128,130,131 "45";
46 61 0 9,15,31,44,71,72,79,89,94,99,120 "46";
47 34 1 0,1,2,3,4,6,7,9,11,15,17,21,23,24,27,29,35,36,37,41,48,51,53,54,55,59,62,66,69,70,75,76,78,79,82,84,85,88,89,91,92,94,97,99,100,101,103,104,107,110,113,114,116,117,120,123,124,128,129,133,134 "47";
48 39 1 1,9,14,20,24,28,38,45,50,57,63,76,79,82,88,115,127,130 "48";
49 115 1 5,13,16,20,23,25,34,35,44,45,48,50,58,61,70,71,73,74,79,90,98,102,104,111,117,121,123,129,132,133 "49";
50 124 0 0,2,5,9,14,15,17,20,25,27,28,33,36,37,39,41,43,45,47,50,54,57,60,62,64,66,68,72,74,76,77,79,81,82,85,87,92,95,97,99,100,102,104,105,107,109,110,114,120,122,125,129,131,134 "50";
51 75 1 15,26,43,86,89,90,93,105,111,113,126 "51";
52 55 1 0,2,3,5,7,8,9,14,16,18,20,21,24,26,29,30,31,34,36,39,40,42,44,47,50,51,53,56,57,59,60,62,63,65,68,70,71,72,73,75,76,77,79,81,82,85,87,94,96,98,100,102,105,110,111,112,114,117,119,120,124,125,127,129,130,131,134 "52";
53 10 0 0,5,6,8,10,14,20,22,23,24,28,46,50,60,63,67,71,73,75,81,83,86,88,96,98,100,106,107,108,113,114,126,132,134 "53";
54 40 0 1,8,13,18,27,29,31,33,35,39,41,47,48,55,60,61,64,66,71,73,77,79,80,82,83,85,94,97,100,102,107,108,109,112,114,117,121,125,130 "54";
55 16 0 1,3,4,8,9,10,12,14,18,19,20,21,25,27,28,30,32,35,36,38,39,41,42,44,46,48,50,55,58,60,64,66,67,69,70,71,75,77,79,81,85,87,88,91,94,95,97,99,101,103,106,107,113,115,117,119,121,127,128,130,131,133,134 "55";
56 22 1 52,74,94,95,97 "56";
57 78 1 0,10,11,12,17,23,25,27,29,32,37,38,39,42,45,50,53,56,61,63,69,71,77,81,82,85,87,94,96,98,101,106,107,109,110,112,116,120,124,125,127,129,130,132,134 "57";
58 0 1 2,4,5,7,9,10,11,14,15,16,21,23,26,28,29,31,35,40,43,45,47,51,53,56,58,60,62,63,66,67,69,72,73,74,76,77,79,81,86,87,88,90,94,95,96,99,102,104,109,110,113,115,116,118,122,126,128,129,130,131,134 "58";
59 53 1 26,30,45,52,55,66,70,93,113,119,122 "59";
60 51 1 4,6,9,10,14,18,20,23,25,27,29,31,33,36,45,47,52,54,56,57,58,61,64,72,74,75,77,79,81,82,84,87,90,91,92,97,98,99,101,103,107,117,119,120,121,129,132,134 "60";
61 125 1 1,4,6,7,11,14,18,19,20,22,24,26,28,30,31,33,37,39,46,48,54,55,59,61,63,64,66,70,71,73,80,81,86,87,89,91,92,96,98,104,107,110,113,116,120,122,124,128,130 "61";
62 94 1 0,1,3,5,6,17,18,19,21,23,25,28,30,32,35,36,38,40,43,50,52,56,57,58,61,62,64,67,69,71,75,78,81,85,88,93,94,96,98,101,103,107,110,113,114,115,120,124,127,129,130,131,132 "62";
63 78 0 2,9,14,43,50,63,70,74,77,78,83,94,111,119,120,128,130 "63";
64 18 0 8,15,36,38,63,68,70,111,128 "64";
65 20 1 1,2,4,6,7,8,11,14,16,18,20,23,25,28,31,32,35,38,40,41,47,49,52,54,56,58,59,60,62,66,70,74,78,87,90,93,98,100,101,103,112,113,117,119,122,124,125,131 "65";
66 51 1 4,18,20,24,30,35,41,44,46,50,53,57,60,62,64,70,72,78,81,89,97,99,101,109,115,121,123,130 "66";
67 124 0 12,22,34,39,41,46,48,52,58,60,63,86,88,96,106,118,120,125,129 "67";
68 48 0 2,3,9,11,13,16,17,20,23,25,31,33,34,35,36,39,40,46,47,50,53,55,56,58,60,63,65,71,72,76,78,79,81,82,84,85,88,90,92,95,100,101,102,104,105,106,108,109,110,113,114,116,118,120,121,122,124,128,130,131 "68";
69 115 0 0,3,12,14,16,21,27,29,35,39,41,45,46,48,50,53,56,67,69,70,79,80,93,98,110,115,116,121,122,128,129,134 "69";
70 70 0 0,9,12,21,34,40,44,46,61,65,88,89,95,122,124,132,134 "70";
71 118 1 7,11,15,19,24,25,27,34,39,56,63,64,68,73,84,102,107,111,117,121,122,133 "71";
72 7 1 1,3,21,26,40,42,60,68,70,79,82,91,101,108,124,133 "72";
73 3 0 0,1,3,5,6,8,9,12,16,19,20,21,23,24,28,30,32,33,34,37,39,41,42,44,47,48,51,52,56,58,61,63,65,69,70,73,74,77,78,81,85,86,87,89,90,91,94,95,97,100,101,103,104,107,108,109,110,112,115,116,117,118,122,123,125,129,130,132 "73";
74 19 0 0,2,3,5,7,10,13,15,16,21,29,32,34,36,37,40,42,43,46,50,53,58,59,61,67,69,76,78,83,89,94,97,99,100,105,107,109,120,121,124,125,129,134 "74";
75 66 1 0,6,10,12,17,20,23,26,27,28,29,30,33,35,38,43,46,47,49,53,57,60,61,64,68,71,73,77,78,81,82,84,86,91,96,98,99,100,103,104,107,108,114,116,117,119,120,122,123,127,129,132,134 "75";
76 74 0 2,5,7,11,12,13,37,50,131 "76";
77 20 0 1,4,6,8,10,13,15,17,18,19,21,24,26,27,29,30,32,33,36,37,39,40,41,45,49,50,53,56,59,61,62,64,65,67,70,72,73,76,77,79,81,83,86,87,91,93,96,98,100,101,103,105,107,110,112,118,123,125,127,128,130,132,134 "77";
78 58 0 0,1,3,4,6,10,13,15,18,20,21,23,24,27,29,37,39,41,43,46,48,51,52,55,58,63,65,70,80,83,86,93,96,98,99,101,104,108,110,111,112,114,117,119,120,123,124,128,129,133,134 "78";
79 92 1 0,2,3,14,19,22,23,25,27,31,33,35,38,47,51,58,61,67,72,75,76,77,78,80,81,84,90,92,95,97,98,101,109,118,120,122,133 "79";
80 81 0 0,8,16,18,20,22,30,35,53,56,61,63,81,88,92,98,103,105 "80";
81 84 1 0,1,4,5,8,9,10,11,15,18,20,23,25,26,28,30,32,33,35,37,41,44,46,47,48,51,53,56,57,61,64,66,70,72,74,76,80,81,83,84,87,91,93,96,97,100,101,103,105,107,110,112,114,116,118,121,123,124,126,127,130,131,133,134 "81";
82 34 0 0,4,7,8,10,12,13,15,18,20,24,27,30,31,33,34,37,41,43,44,49,51,53,56,59,61,62,67,70,71,73,77,80,82,83,84,87,89,90,92,95,100,108,112,113,115,117,119,120,122,124,126,128,132,134 "82";
83 17 0 1,13,16,20,24,27,31,33,37,39,42,49,51,52,60,67,76,84,87,92,94,102,105,110,130,132,133 "83";
84 86 0 11,32,42,51,57,61,74,76,101,109,116,130 "84";
85 121 1 4,8,11,20,24,26,28,34,39,49,53,86,91,94,96,113,122,128,131,132 "85";
86 86 1 77,103 "86";
87 9 0 4,6,17,20,23,27,39,40,42,50,54,69,76,89,92,100,102,106,109,113,116,118,120,122,126,129,134 "87";
88 33 1 0,5,6,8,11,12,14,16,18,19,20,21,23,25,26,28,30,32,34,35,37,40,41,44,47,48,52,56,58,60,66,68,70,71,73,75,77,82,84,86,88,89,91,93,96,97,99,102,106,108,109,112,113,117,119,121,128,129,130,132,134 "88";
89 81 0 2,4,6,8,10,12,14,17,18,20,23,25,32,33,35,36,38,41,42,44,45,47,52,57,58,60,62,63,65,66,67,70,72,73,75,78,83,86,89,91,93,94,95,97,98,100,101,105,110,112,114,115,121,124,125,127,129,131,134 "89";
90 127 0 0,3,7,9,18,23,24,26,29,31,37,40,41,49,57,62,64,67,69,77,78,83,84,93,97,106,111,113,116,120,121,126,128 "90";
91 36 1 3,5,9,20,22,23,28,30,35,42,44,47,53,58,60,65,67,72,77,78,80,85,95,97,98,101,103,110,115,118,120,121,125,128,132 "91";
92 25 1 29,33,35,40,51,61,87,101 "92";
93 128 0 3,16,18,21,27,29,31,37,40,41,44,46,60,64,66,68,74,80,90,93,103,110,112,115,116,127,134 "93";
94 27 1 0,4,5,7,8,11,12,15,16,23,31,33,34,41,42,44,45,48,49,51,53,60,63,65,68,71,76,78,83,87,88,99,101,102,104,107,111,113,117,122,124,125,128,129,133 "94";
95 129 0 1,4,10,12,16,21,22,26,27,29,31,33,35,37,38,41,43,45,49,51,54,55,57,58,59,62,70,71,73,75,77,78,81,84,85,86,87,89,92,94,95,99,101,103,104,107,109,112,113,116,117,120,122,124,125,128,129 "95";
96 33 1 0,1,3,4,9,10,12,15,17,21,22,24,26,32,34,36,38,42,43,46,48,50,53,56,59,62,66,69,70,73,78,81,82,85,87,91,93,97,99,106,107,108,112,113,115,116,117,123,124,126,127,129,131,134 "96";
97 88 0 0,1,3,5,7,8,13,18,20,22,23,25,28,31,32,36,38,39,41,43,44,50,52,54,56,61,63,65,67,68,71,75,78,79,80,82,85,88,94,98,99,101,104,105,108,110,111,115,119,121,123,125,126,131 "97";
98 46 1 0,2,3,4,6,7,10,15,17,21,22,25,26,27,28,32,33,37,38,44,47,50,51,57,58,60,62,65,66,68,75,79,83,84,88,89,91,94,97,99,101,102,112,113,117,119,121,124,126,127,128,130 "98";
99 16 0 1,5,7,11,13,14,20,21,25,27,29,38,40,43,47,53,54,55,61,65,67,68,70,73,77,79,83,87,94,95,96,97,99,103,114,116,118,119,122,123,126,129,134 "99";
100 29 0 0,1,2,3,6,7,8,10,13,18,22,23,25,27,30,32,33,37,38,40,42,43,44,46,47,49,50,52,54,56,57,60,61,64,66,68,70,71,74,75,78,83,85,88,91,95,96,97,99,100,101,106,108,109,111,113,115,117,119,122,124,127,129,132,134 "100";
101 21 1 0,2,3,8,10,11,13,16,23,24,27,29,30,31,42,50,53,55,59,66,70,73,75,79,83,87,89,95,100,103,108,110,114,118,120,121,123,126,129 "101";
102 115 1 4,6,8,10,11,12,13,15,17,20,23,24,28,29,30,34,35,40,46,48,49,50,52,54,56,59,63,67,73,75,76,82,88,94,96,97,99,101,103,107,110,112,114,115,118,119,120,123,125,127,129,132,134 "102";
103 97 1 0,1,7,9,10,15,16,19,21,24,27,28,34,36,40,43,45,47,49,53,55,58,59,69,71,75,77,79,81,82,84,88,90,91,93,95,103,104,106,108,112,114,116,119,121,122,128,130,133 "103";
104 104 0 0,4,8,44,45,62,69,71,73,83,90,107,109,117,125 "104";
105 59 0 0,2,3,5,17,19,20,22,24,25,27,31,32,34,39,41,42,43,44,50,52,54,55,57,59,61,62,64,65,68,70,72,73,74,78,80,81,84,85,86,88,90,91,94,96,97,99,101,104,106,108,109,111,113,119,122,124,126,127,130,132,133 "105";
106 68 0 2,42,52,93,98,99,123,129,134 "106";
107 85 0 0,9,12,15,17,27,29,31,38,43,49,50,54,61,70,72,76,78,85,88,89,93,96,103,105,117,122,126,127,133,134 "107";
108 73 0 2,9,10,11,14,19,21,23,24,31,34,35,37,42,45,48,51,54,55,61,64,65,67,70,77,79,84,86,89,91,96,97,99,101,106,113,117,120,122,123,126,127,131,132 "108";
109 65 1 1,3,6,9,12,18,26,29,32,36,40,43,47,54,59,63,67,71,73,78,80,82,100,102,110,112,114,115,119,121,125,129,131,133 "109";
110 65 0 0,2,5,6,8,12,15,17,18,21,22,23,26,30,34,35,36,37,40,42,44,45,47,48,51,52,53,54,56,57,59,64,65,66,68,70,71,73,75,76,79,81,83,85,87,88,91,93,96,99,101,102,104,107,111,112,114,117,119,123,125,127,129,131,132,134 "110";
111 68 0 0,2,4,7,9,10,13,15,17,18,21,23,26,27,28,30,36,38,40,41,44,45,47,48,51,53,55,56,59,62,66,69,70,71,74,77,79,83,84,85,87,89,90,92,93,94,95,98,100,101,104,106,107,109,111,114,116,118,121,122,124,125,127,131 "111";
112 21 0 12,14,18,27,31,35,46,62,65,75,106,120,127,129,133 "112";
113 122 1 0,2,3,10,12,15,17,19,22,23,25,26,30,31,34,37,40,41,43,45,47,48,50,52,55,58,61,63,66,68,70,72,75,77,80,81,83,85,87,89,91,95,96,97,98,99,101,103,107,109,112,113,116,117,119,120,124,126,130,132,133 "113";
114 27 0 2,4,8,11,15,16,20,23,25,29,31,36,37,46,50,55,57,60,62,66,67,69,74,76,79,82,88,92,93,96,100,102,104,107,108,110,111,114,117,120,122,123,125,126,127,130,131,134 "114";
115 0 0 7,8,11,16,20,25,27,29,30,31,33,37,41,43,45,48,53,55,58,60,63,74,76,78,80,82,83,92,93,99,101,105,110,113,119,124,125,131,134 "115";
116 114 0 0,1,2,4,5,8,11,14,15,17,19,20,24,26,28,31,33,34,35,37,44,45,49,51,52,53,55,56,57,58,60,62,63,65,67,71,74,76,78,79,82,83,85,86,87,88,92,94,96,99,101,103,105,106,110,113,114,118,124,126,128,129,131,134 "116";
117 18 1 3,11,20,26,43,50,54,68,73,80,83,88,100,107,109,111,119,127,130 "117";
118 59 0 2,6,10,13,15,17,20,23,26,28,33,34,36,39,40,43,60,67,68,80,82,85,103,107,111,113,115,118,124,128 "118";
119 100 1 2,9,14,17,19,22,24,27,35,51,69,71,72,75,77,81,87,101,110,114,116,119,121,122,126 "119";
120 89 1 6,12,16,18,22,24,26,30,41,46,47,48,58,65,76,85,88,91,96,99,102,116,121,129,132 "120";
121 48 0 0,4,11,17,26,32,36,43,44,49,57,58,62,65,69,74,76,78,81,89,95,104,107,110,112,113,129 "121";
122 49 1 3,6,13,16,19,23,24,26,36,51,59,65,79,89,98,106,109,124,132 "122";
123 71 1 3,6,10,12,15,16,19,22,25,27,43,44,47,50,54,66,70,71,84,88,90,92,96,97,115,118,120,122,124,126,129,132 "123";
124 31 1 0,3,5,10,11,13,15,18,22,24,26,29,32,36,39,41,43,46,48,50,53,54,59,61,63,67,69,73,74,81,83,88,90,95,96,99,102,105,106,109,111,112,115,117,122,128,132,133 "124";
125 121 0 11,29,42,46,54,56,63,66,69,73,103,105,110,120,124,133 "125";
126 135 1 2,6,8,9,11,15,22,24,25,32,35,40,41,42,46,47,48,56,59,61,70,73,75,78,81,92,95,100,104,109,111,120,123,124,130,131 "126";
127 26 1 3,4,7,8,10,11,13,14,16,19,22,23,26,27,31,32,36,38,39,41,42,44,45,48,50,52,57,58,59,60,62,65,70,72,74,76,79,80,82,83,85,86,87,88,91,93,94,96,99,101,103,105,107,108,109,111,112,114,116,117,118,120,124,126,128,134 "127";
128 99 0 3,6,9,11,14,16,19,22,27,35,37,40,48,50,54,55,60,63,69,71,75,78,84,85,87,92,93,98,101,103,105,107,113,133 "128";
129 88 0 1,19,75,105,115 "129";
130 33 1 0,1,5,8,11,18,21,23,29,30,31,33,36,37,41,48,51,53,55,59,60,62,66,72,77,79,82,84,86,89,91,93,100,102,107,109,113,115,116,119,120,123,126,133,134 "130";
131 20 1 3,5,15,34,37,48,50,58,59,64,78,88,93,97,108,121 "131";
132 13 1 1,3,5,13,14,19,20,23,24,27,29,33,36,38,40,41,43,49,50,52,53,61,65,67,69,71,76,77,82,84,85,89,90,96,99,102,103,104,106,107,113,116,118,119,121,122,124,129,132,134 "132";
133 104 0 3,4,6,9,11,15,19,21,24,25,27,29,30,31,39,41,45,47,48,54,56,61,63,67,69,71,75,77,83,85,91,106,108,110,112,114,118,124,127 "133";
134 5 1 6,7,9,13,17,20,28,30,31,32,34,41,46,48,52,57,59,65,70,74,76,77,80,82,89,93,96,100,102,108,110,112,115,118,120,121,122,126,128,131 "134";
