parity 187;
0 161 0 0,34,48,54,76,99,133,157,167 "0";
1 68 1 14,22,25,28,30,34,49,51,54,59,60,64,72,73,83,91,93,107,109,114,122,131,135,138,139,141,153,156,159,166,168,174,178,185 "1";
2 127 1 1,6,13,17,25,32,37,43,44,46,49,54,56,64,65,75,85,88,96,98,104,115,118,119,122,130,132,138,140,142,144,151,171,177,179,181 "2";
3 170 0 2,4,14,16,18,23,36,48,53,62,70,75,77,78,83,84,88,94,103,106,112,115,122,123,133,137,142,145,166,167,169,177 "3";
4 16 0 0,1,3,5,8,11,14,17,19,20,22,23,24,25,29,30,32,34,36,38,39,41,43,44,46,49,56,60,63,65,67,69,70,72,74,76,79,80,81,85,87,88,92,96,97,100,101,103,106,109,111,118,120,122,123,124,126,128,130,131,134,136,137,139,140,142,144,145,147,150,151,154,155,157,158,160,161,163,164,166,168,170,172,174,175,177,179,180,183,186 "4";
5 12 1 11,17,30,58,67,107,111,153,175,182,187 "5";
6 80 1 6,9,14,16,18,24,28,30,31,39,43,45,51,55,56,59,60,64,65,70,74,76,78,80,82,90,91,94,97,98,105,107,109,110,111,120,121,124,126,128,131,132,134,137,140,148,149,151,153,158,161,165,167,170,172,174,177 "6";
7 43 0 4,7,13,15,24,27,32,35,38,39,42,48,65,68,71,73,74,75,77,93,96,109,113,119,121,125,127,128,137,139,144,150,161,163,171,172,174,181,183,186 "7";
8 96 1 0,15,34,74,108,113,166 "8";
9 11 1 2,6,7,10,12,15,18,21,25,26,27,29,37,40,41,47,49,51,52,54,55,56,58,59,60,64,66,68,75,81,83,84,92,94,97,103,106,109,112,115,118,121,124,127,129,133,135,137,139,140,144,147,149,151,152,154,155,158,162,170,171,173,176,179,180,185,187 "9";
10 174 1 9,12,16,20,24,29,31,35,39,63,66,73,76,77,88,91,93,100,105,107,112,118,120,122,137,143,144,148,150,152,157,161,174,177,178,185 "10";
11 159 1 7,20,23,24,27,34,54,58,70,73,101,105,124,166,182 "11";
12 188 1 4,16,25,26,30,33,43,45,47,48,52,55,58,59,64,67,69,83,89,95,106,114,118,121,125,127,133,136,140,146,153,154,157,158,167,170,172,174,180,181,184,185 "12";
13 14 1 8,53,64,71 "13";
14 150 1 1,4,5,7,8,11,13,16,19,21,22,24,27,28,33,38,39,48,51,53,54,56,58,59,61,64,65,66,70,73,75,76,78,80,86,87,95,96,98,99,101,107,109,113,115,116,118,121,125,128,133,141,142,150,151,153,158,159,162,166,168,170,173,176,177,182,187 "14";
15 10 1 0,4,6,8,12,14,16,18,19,21,24,30,31,33,34,37,39,43,46,49,51,53,54,55,56,58,59,62,63,64,66,70,73,75,76,78,79,85,87,92,97,99,102,104,105,106,109,110,112,114,115,116,118,119,120,121,123,125,128,131,139,142,144,147,149,150,152,154,155,156,158,160,163,164,168,173,175,178,179,180,182,184,186 "15";
16 104 0 3,9,18,19,30,34,39,45,51,60,65,66,78,80,82,83,86,95,96,110,111,127,130,135,142,147,150,152,154,159,164,168 "16";
17 66 1 8,27,30,37,41,52,61,65,73,74,91,98,102,105,108,116,120,122,138,139,150,155,160,161,164,165,167,168,172,178 "17";
18 111 1 0,3,5,7,11,13,15,28,31,34,38,43,45,47,52,54,61,63,68,72,85,86,87,89,91,94,96,98,103,109,111,120,123,127,129,141,143,149,151,153,156,159,160,168,170,174,181,184,186,187 "18";
19 134 1 0,2,6,8,9,12,14,17,21,33,36,39,42,44,46,47,52,59,69,70,72,73,75,77,92,98,102,107,110,114,118,122,123,125,129,130,138,145,149,155,162,164,165,171,174,178,180,183,185,187 "19";
20 142 1 0,2,4,6,7,8,12,14,18,19,23,25,29,31,36,39,43,47,48,50,54,55,57,58,61,64,65,69,70,73,75,79,80,81,83,88,89,92,93,95,97,99,100,101,103,104,106,110,113,114,116,118,120,121,123,125,126,128,131,134,137,140,142,143,146,149,156,157,159,160,162,164,169,171,173,174,180,181,184,186 "20";
21 76 0 7,11,17,20,23,26,35,55,60,64,67,76,96,104,117,119,129,133,135,143,144,157,159,160,162,165,175,179,182,186 "21";
22 142 0 9,15,19,22,24,34,46,47,49,55,62,68,72,77,84,91,94,103,106,111,112,118,129,135,144,148,165,175,177 "22";
23 113 0 53,66,72,106,119,133,160,163 "23";
24 120 0 1,2,4,12,19,20,21,23,24,26,29,30,33,36,39,40,42,43,45,47,49,51,53,54,55,59,60,62,64,65,66,68,70,72,76,78,79,81,83,85,87,88,89,91,93,96,97,99,100,102,104,105,107,109,111,114,115,117,119,123,125,128,130,131,133,134,135,137,138,140,142,143,148,149,152,155,158,161,163,166,170,172,177,179,180,183,186 "24";
25 10 1 0,3,7,8,10,12,14,15,19,21,23,29,30,31,33,35,36,38,41,42,44,46,47,48,50,53,55,58,59,62,65,66,68,69,72,74,76,77,80,82,84,87,94,98,101,103,104,106,107,110,112,114,117,119,122,123,126,128,130,131,137,139,140,142,144,146,147,149,150,152,154,160,165,166,169,170,174,176,177,180,185,187 "25";
26 72 1 2,9,12,13,15,21,23,26,31,34,37,40,42,44,48,50,52,54,56,57,59,62,64,67,72,77,79,80,86,93,95,97,100,102,103,109,112,114,116,122,126,132,133,135,137,138,140,143,145,149,152,153,160,164,165,168,169,170,171,173,176,179,181,182,186 "26";
27 162 0 2,5,7,9,10,12,13,14,16,19,21,23,25,27,29,31,33,35,39,40,42,44,46,48,50,51,57,58,62,65,66,69,72,73,75,78,80,83,85,86,90,91,92,96,98,100,101,103,105,106,108,109,110,112,114,115,116,118,119,122,123,125,128,130,131,133,138,140,141,142,144,145,147,149,150,152,154,155,158,160,161,165,167,169,170,176,177,179,180,182,184,186,187 "27";
28 108 1 1,4,6,7,9,11,13,15,18,20,21,23,24,25,27,29,30,31,34,35,36,38,40,41,44,46,52,56,57,59,60,64,65,67,69,70,72,73,75,77,80,81,83,87,91,92,93,95,96,97,98,100,102,104,106,109,110,112,114,115,117,119,122,124,127,128,130,132,133,137,140,143,146,147,149,152,153,155,157,159,161,162,163,165,167,173,176,179,180,181,183,184 "28";
29 159 0 1,4,7,9,11,17,20,21,23,29,34,37,40,46,50,55,58,59,62,66,71,72,74,78,80,85,88,103,105,106,110,112,119,121,122,124,128,130,131,133,135,143,146,148,150,157,159,162,168,172,178,179,184,187 "29";
30 104 0 0,4,5,8,10,13,15,17,18,22,24,27,30,35,37,39,41,42,45,50,51,54,55,56,59,62,67,69,70,73,82,85,87,89,90,92,95,96,98,101,103,106,107,108,109,112,113,115,118,119,120,122,124,126,131,133,135,136,137,139,141,143,149,152,154,158,160,164,165,167,172,173,176,179,182,183,185,186 "30";
31 57 0 3,4,31,42,52,54,61,71,81,95,104,135,138,141,143,147,154,161,163,179,181 "31";
32 149 0 12,25,37,38,113,146,161,164,181 "32";
33 87 1 0,7,9,14,16,18,19,25,27,28,40,43,51,54,55,58,64,67,68,72,74,76,78,80,84,88,91,94,100,109,112,114,115,117,119,131,136,142,144,146,147,153,157,158,161,163,164,168,174,175,187 "33";
34 77 0 4,10,11,14,20,42,48,49,51,57,64,77,84,89,91,106,131,134,138,140,151,156,161,162,171,172,173,181,182 "34";
35 44 0 3,6,7,18,31,32,37,46,50,60,63,67,69,70,74,77,79,82,84,89,91,100,102,109,112,125,127,130,132,136,139,143,155,157,161,163,170,173,177,185 "35";
36 11 1 0,4,6,8,13,17,22,43,51,54,56,57,58,64,68,70,71,77,80,81,84,89,94,100,106,113,115,121,128,135,142,143,144,148,152,158,176,177,186 "36";
37 30 1 4,8,10,11,27,30,33,35,38,43,44,47,61,63,78,83,91,93,98,99,100,103,110,112,115,116,118,122,123,124,126,129,132,142,148,149,154,161,167,174,175,181,187 "37";
38 57 1 7,18,33,41,50,58,67,72,78,88,101,127,129,139,144,155,161,164,181,182,187 "38";
39 103 1 1,2,6,9,10,12,14,16,19,21,25,26,29,31,32,35,38,40,50,52,58,59,62,65,66,72,73,74,81,84,85,88,90,92,95,97,98,101,103,106,110,113,114,117,121,129,131,134,138,140,141,143,145,146,149,152,156,162,163,167,170,171,173,180,184,186 "39";
40 146 1 22,25,35,53,59,102,108,131,140,144,147,152,157,166,171,183 "40";
41 179 1 2,7,9,11,12,15,25,35,38,65,70,73,76,79,83,85,89,90,91,101,103,104,106,107,114,118,121,122,132,134,136,138,140,141,142,145,146,149,154,156,159,162,167,170,171,173,176,177,180,182,186 "41";
42 185 1 14,75,86,151 "42";
43 82 0 25,39,134,160 "43";
44 114 0 0,1,5,6,7,12,13,14,18,20,22,24,28,29,33,34,37,39,41,42,46,48,49,51,53,55,63,65,66,68,71,72,74,77,79,80,81,82,84,87,93,94,96,98,99,101,102,104,106,108,109,111,113,114,117,121,122,124,126,128,129,131,132,135,137,139,140,144,145,146,150,153,155,157,160,161,166,170,172,173,176,178,180,181,182,183,187 "44";
45 6 0 7,9,11,17,24,25,26,30,60,65,74,77,85,89,108,110,113,118,120,130,133,136,144,146,149,154,156,158,161,166,183,185,187 "45";
46 154 0 0,1,3,5,6,17,21,23,24,25,33,34,36,37,41,44,46,48,52,53,59,60,62,63,64,66,69,72,75,78,83,85,91,93,94,95,97,98,99,102,104,110,114,117,120,121,123,125,126,131,134,135,136,142,144,146,148,149,153,156,157,160,161,163,165,166,168,169,172,174,178,182,184,185,187 "46";
47 160 0 0,2,8,19,22,23,27,30,31,37,43,55,57,67,70,71,75,78,93,96,101,111,119,129,131,134,135,137,143,145,147,160,162,166,168,172,174,180,184,185,187 "47";
48 1 0 4,31,49,81,112,174 "48";
49 53 1 88,100,150 "49";
50 96 1 0,2,7,8,17,19,24,26,28,32,35,38,42,47,53,58,59,65,67,68,69,71,77,80,82,83,84,87,89,92,97,103,105,107,112,119,120,123,124,132,134,139,142,146,148,149,151,152,154,155,156,158,160,161,164,167,171,174,179 "50";
51 143 0 5,10,12,14,18,24,25,32,36,40,42,44,45,55,56,60,61,64,70,71,73,75,76,88,95,103,104,110,112,119,120,123,124,126,131,135,137,139,144,151,155,159,161,166,169,174,175,176,178,181,182,183,186 "51";
52 6 0 0,3,4,5,6,9,10,12,14,16,19,22,25,28,29,33,34,36,37,39,40,43,45,47,49,51,55,57,59,63,66,70,72,74,79,82,84,86,89,90,95,100,102,104,107,110,117,119,121,125,127,130,135,136,138,140,143,145,147,149,150,152,154,156,158,163,165,166,171,172,174,176,179,182,184,185 "52";
53 81 1 0,4,5,7,14,16,18,21,23,25,32,33,34,36,39,42,43,45,55,57,60,63,67,69,76,77,85,90,91,98,99,101,104,106,109,111,116,118,119,123,125,133,135,143,144,149,152,154,157,158,160,161,169,175,177,179,183,186 "53";
54 180 0 18,28,36,48,57,60,68,72,92,119,133,150,153,174,181 "54";
55 155 1 6,15,32,56,66,72,81,82,83,111,113,124,126,138,148,151,160,184 "55";
56 12 1 4,11,21,27,28,31,40,45,59,69,84,125,130,152,155,159,171 "56";
57 187 1 31,78,132,146,164,177 "57";
58 101 1 1,6,10,16,18,19,22,28,31,36,39,45,47,60,63,94,102,108,111,119,125,131,135,140,154,182 "58";
59 48 1 0,2,7,28,38,53,63,66,79,80,83,86,96,157,163,172,177,187 "59";
60 117 0 0,6,7,11,13,16,18,21,23,27,28,31,32,34,37,38,39,41,46,50,55,58,60,64,67,68,70,71,86,89,90,92,97,98,100,101,102,103,107,109,115,125,126,136,137,138,139,141,143,147,148,152,153,155,157,159,164,166,168,171,173,174,179,180,181,183,184,186,187 "60";
61 25 1 4,9,10,14,16,28,32,38,47,65,86,96,103,105,106,111,121,135,153,160,166,169,173,181,184,186 "61";
62 90 0 2,3,6,7,10,12,14,15,16,24,25,26,27,31,33,37,38,41,43,45,48,50,53,58,60,63,67,68,73,74,76,81,84,86,87,88,90,91,94,95,98,100,104,106,110,111,113,116,118,121,122,123,128,131,132,133,137,138,142,147,148,149,150,154,158,160,164,165,166,167,168,170,171,172,173,175,178,180,184,185,187 "62";
63 64 0 3,12,15,16,18,20,22,24,28,29,32,35,37,40,44,48,51,53,57,60,65,68,72,79,83,85,87,90,91,94,97,98,103,105,106,108,109,112,115,116,118,120,122,123,125,127,129,134,137,142,143,145,146,150,152,155,156,158,160,161,163,166,168,173,178,184,186 "63";
64 69 0 0,1,2,6,7,10,13,15,16,19,20,22,23,27,28,32,33,35,37,41,45,47,51,55,60,63,66,68,73,74,77,78,82,84,85,86,87,88,90,91,94,95,97,99,100,101,103,106,108,110,112,113,114,115,117,118,122,127,130,131,135,137,138,140,143,147,148,151,152,153,157,161,162,165,166,168,170,174,175,176,178,181,182,184,187 "64";
65 159 1 5,13,16,20,33,36,44,49,51,72,80,89,106,112,132,136,139,157,169,185 "65";
66 28 0 141,167,181 "66";
67 164 1 7,18,34,39 "67";
68 68 1 0,2,4,6,7,9,11,15,16,19,20,21,23,24,25,27,29,31,35,37,38,40,42,45,47,49,50,52,55,59,62,64,66,68,71,73,74,75,76,78,80,81,84,86,88,91,92,95,99,102,104,107,108,109,110,111,114,115,117,118,120,121,123,126,129,130,132,133,135,137,139,141,143,146,147,150,151,152,153,155,156,158,159,161,163,165,168,171,173,175,176,177,186 "68";
69 57 1 0,1,2,5,8,11,12,13,16,17,21,22,24,26,28,32,33,36,37,40,41,45,46,48,50,56,60,63,64,66,68,72,77,79,80,84,85,88,90,92,95,97,104,106,111,121,123,124,125,127,129,132,133,135,136,139,140,141,145,146,147,149,150,152,158,159,160,163,164,166,167,170,171,173,180,183,184,186,187 "69";
70 52 1 48,57,82,144,185 "70";
71 110 1 1,10,28,30,31,34,37,39,44,47,48,56,69,75,89,94,107,113,115,121,127,140,142,146,152,170,171,177,183,187 "71";
72 74 1 5,43 "72";
73 179 0 1,4,12,17,21,25,26,28,30,34,35,37,45,48,54,56,57,62,63,65,66,70,71,75,77,80,81,82,85,90,91,94,96,100,105,106,109,112,113,116,118,121,122,128,136,139,143,145,146,156,157,159,165,167,169,173,176,178,180,182,184,186 "73";
74 127 0 0,4,6,7,11,15,16,21,25,29,33,34,35,36,42,43,45,46,52,55,57,64,69,70,72,74,76,77,87,88,92,93,98,104,106,107,113,117,119,120,123,124,130,134,136,138,140,141,145,150,152,153,154,157,160,161,163,165,166,172,176,177,181,182,183,187 "74";
75 44 0 6,14,33,57,60,69,78,84,96,134,154,185 "75";
76 105 1 0,22,24,35,37,41,44,55,58,69,72,76,87,105,114,151,158,164,167,171,179 "76";
77 4 1 1,4,6,7,8,12,15,17,20,21,26,27,28,29,31,34,35,38,39,41,44,46,48,51,52,54,56,59,61,62,64,66,68,69,72,74,75,76,78,81,85,86,88,89,91,93,94,96,102,105,107,110,113,114,116,122,123,125,126,128,130,131,132,136,138,140,142,145,147,148,151,152,154,159,160,161,162,164,165,167,171,174,175,177,179,180,182,184,187 "77";
78 147 0 14,35,43,59,61,63,67,71,77,88,89,103,109,115,125,127,135,143,157,160,162,164,167,172,175,176,183 "78";
79 139 1 0,2,3,6,9,11,13,15,17,21,24,25,28,31,33,34,35,39,40,42,44,45,47,48,51,52,53,58,59,61,64,65,66,67,72,73,75,76,78,80,84,87,88,91,92,94,96,97,101,103,104,105,109,114,117,121,124,125,130,132,134,138,139,141,143,145,147,151,154,159,160,162,164,167,169,171,173,175,177,182,184,187 "79";
80 176 1 0,1,2,10,11,18,20,23,25,32,36,41,42,44,53,54,57,59,64,66,69,72,79,80,89,90,91,96,97,102,104,106,108,125,128,130,133,136,146,148,149,150,153,155,158,167,173,176,178,180,182,186 "80";
81 12 1 11,17,21,26,27,31,45,50,55,63,65,67,70,77,80,85,87,88,90,93,98,101,106,112,114,116,117,121,126,128,129,130,131,136,140,142,150,166,170,186 "81";
82 142 1 13,16,22,45,64,90,97,101,102,112,115,117,153,157,163,169,181,184 "82";
83 119 0 0,1,3,4,8,10,15,17,19,23,26,29,30,34,35,42,45,48,50,53,54,56,58,59,64,67,69,74,75,76,78,80,87,99,100,102,105,107,108,112,114,116,118,121,123,126,127,129,132,134,137,138,140,142,144,145,147,149,151,152,155,156,162,163,166,167,168,172,173,176,178,180,183,187 "83";
84 136 0 0,1,3,4,5,7,9,10,11,12,16,18,19,24,27,28,33,35,37,40,42,44,45,47,49,50,52,55,56,58,59,60,62,64,65,67,69,71,72,74,75,76,77,79,80,81,83,85,87,89,97,99,101,102,110,112,113,115,117,119,120,121,124,127,128,129,132,136,137,140,146,147,149,151,153,154,157,158,160,161,163,164,171,172,174,175,179,181,183,187 "84";
85 176 1 4,37,58,130 "85";
86 147 0 7,11,15,19,20,23,29,32,33,38,41,44,46,64,69,71,73,82,86,91,93,95,97,100,105,109,110,111,113,116,118,119,125,129,132,134,136,137,140,145,149,153,162,168,175,179 "86";
87 143 0 11,28,31,37,46,66,72,75,85,95,98,101,114,117,123,132,137,160,172,184 "87";
88 17 0 19,26,40,81,100,133,160,162 "88";
89 183 1 0,2,5,12,14,17,20,24,26,27,31,34,36,38,42,44,45,47,48,51,53,54,56,60,62,63,65,66,67,69,71,72,73,74,78,85,88,90,93,94,99,101,103,105,107,111,114,117,119,121,124,126,127,130,131,132,134,135,137,139,140,141,144,145,148,151,154,155,156,158,162,164,165,169,172,175,178,181,184,186 "89";
90 78 0 0,1,7,8,10,12,14,15,20,21,23,26,28,31,38,45,46,48,49,52,53,54,57,58,60,62,64,70,71,77,81,82,88,91,94,102,103,105,107,108,114,115,118,120,122,123,125,128,129,131,139,144,151,153,155,157,158,160,162,163,164,167,169,170,174,175,177,178,179,183,187 "90";
91 153 0 7,13,18,19,29,43,50,52,58,63,68,74,77,81,93,103,113,120,126,139,148,152,153,156,162,164,171,176,179,182 "91";
92 96 0 2,7,14,16,18,23,30,31,35,37,44,51,67,73,77,81,84,90,93,96,97,110,115,119,122,135,138,141,143,157,160,164,165,172,178,182,185 "92";
93 52 1 0,9,12,13,15,21,22,24,27,29,34,36,37,41,42,47,53,61,69,72,73,75,79,81,83,86,90,93,96,100,101,115,117,119,127,129,132,134,139,140,147,149,151,153,156,158,162,169,172,175,178,179 "93";
94 46 1 0,1,3,7,10,11,13,23,25,27,28,31,32,34,36,40,41,42,50,53,60,61,63,67,69,70,72,78,79,81,85,91,92,94,101,104,106,107,108,111,113,114,116,120,122,124,128,129,134,138,140,142,147,148,150,152,153,154,155,159,160,162,163,164,171,174,177,179,182,184,186 "94";
95 184 1 1,4,5,7,9,13,14,17,21,22,23,25,26,28,31,35,36,39,40,45,47,48,56,59,60,64,66,67,69,70,72,73,75,76,77,86,90,93,97,98,101,103,106,107,108,110,113,116,119,121,123,124,127,133,135,137,138,142,147,149,150,154,158,159,161,162,163,168,170,172,174,176,177,179,184,186,187 "95";
96 137 1 4,10,19,41,83,94,113,176 "96";
97 188 0 2,21,31,33,36,46,51,57,67,74,80,88,92,95,104,121,135,136,142,144,149,153,154,169,176,186 "97";
98 159 1 4,8,13,14,19,22,26,28,31,40,42,44,45,49,52,54,56,58,62,67,71,75,81,89,96,102,116,120,123,130,133,138,141,150,156,161,164,172,174,179 "98";
99 159 1 1,5,9,10,12,13,15,17,20,21,22,24,28,30,33,36,39,44,46,48,49,50,51,55,58,60,61,63,66,69,70,72,74,76,78,80,83,84,89,90,92,95,96,98,99,101,102,104,105,107,109,112,114,117,118,119,121,123,126,128,129,132,133,134,139,143,144,146,149,152,154,155,161,165,167,169,171,173,174,179,180,183,185,186 "99";
100 125 1 1,3,4,5,7,8,9,10,12,13,14,16,18,24,25,28,30,32,35,38,39,40,42,44,45,47,50,51,52,56,58,59,61,64,65,67,71,73,76,78,81,82,84,85,87,88,92,95,97,101,102,105,106,109,112,113,116,118,121,123,125,127,129,130,133,136,140,142,144,148,150,151,153,155,157,158,160,162,163,166,167,168,170,172,173,174,175,177,178,179,182,184 "100";
101 138 0 0,2,4,6,7,8,10,12,13,15,16,18,19,21,25,27,30,32,34,37,45,47,50,51,53,55,56,58,62,65,67,68,70,72,77,78,80,82,85,87,88,90,91,94,98,99,102,103,104,108,111,112,118,119,128,131,132,138,140,143,145,146,151,156,157,159,160,162,164,165,166,169,171,172,173,174,183,184,186,187 "101";
102 80 1 0,3,7,10,12,16,20,22,24,27,29,31,35,36,38,39,41,44,51,52,56,57,61,64,69,75,79,81,83,84,87,88,90,91,93,95,99,102,105,109,110,113,114,115,119,120,122,123,127,129,139,143,145,148,149,151,153,157,160,162,163,165,168,170,172,173,176,179,182,183,186,187 "102";
103 176 1 1,5,7,8,11,13,15,16,18,20,25,26,29,30,32,33,36,38,41,43,47,49,51,56,58,59,60,63,64,69,71,74,75,78,79,82,84,87,88,89,91,93,94,95,101,102,103,109,110,111,113,115,116,118,121,122,124,129,131,132,137,139,141,142,144,147,150,153,154,156,157,158,163,164,167,169,171,173,175,179,180,182,186,187 "103";
104 111 0 18,28,33,46,57,149,158,168,170,176,178,186 "104";
105 64 1 0,2,4,7,9,11,12,14,15,19,20,21,23,26,28,29,33,35,36,38,40,42,44,45,49,50,51,52,54,56,57,59,60,62,64,66,68,71,73,78,79,83,84,85,87,90,92,95,97,98,100,103,104,105,106,108,110,115,116,117,119,122,127,129,130,131,135,137,138,140,142,145,147,150,152,153,154,156,159,160,161,163,169,170,171,174,175,178,179,180,182,184,185 "105";
106 120 1 8,10,23,40,50,52,56,57,70,80,83,92,98,102,105,109,111,117,121,124,126,128,130,137,143,145,146,148,165,169,175,182,184,187 "106";
107 10 0 3,6,8,10,21,28,31,38,45,48,51,57,60,67,71,74,81,82,84,88,92,111,112,117,126,128,130,135,141,156,157,159,165,174,176,177,181,182 "107";
108 65 1 3,13,23,42,44,50,54,73,82,92,94,95,100,102,110,114,119,120,124,126,130,131,137,140,142,147,149,150,170,177,180 "108";
109 78 1 3,4,11,14,16,28,34,83,85,101,103,120,125,143,144,152,160,166 "109";
110 151 0 1,3,5,7,10,13,16,17,20,22,24,26,28,35,42,44,53,58,62,67,74,79,82,84,85,86,88,89,95,101,104,112,114,118,120,131,133,135,139,140,143,158,160,161,165,166,169,170,173,181,183,184,186 "110";
111 156 1 0,1,5,7,11,15,17,21,22,26,28,30,33,36,39,50,51,54,59,62,63,65,72,75,82,87,92,94,96,99,101,105,106,107,111,113,115,118,121,122,130,135,137,138,144,146,154,156,162,167,168,172,178,182,183,184,187 "111";
112 122 0 0,2,4,6,9,11,13,14,17,19,23,26,27,28,31,32,34,35,36,39,40,42,43,44,48,50,51,55,56,57,59,60,62,69,71,73,77,80,85,86,87,89,90,92,94,95,97,99,100,102,104,105,107,108,110,113,114,117,118,120,121,123,124,130,133,135,136,138,140,142,143,145,146,148,150,152,154,156,158,159,161,163,164,165,166,168,170,174,175,179,181,184,186 "112";
113 31 0 6,9,11,12,19,31,35,36,38,40,43,49,52,56,71,107,108,114,120,125,127,133,136,137,145,151,155,159,165,177,181,182,185,187 "113";
114 65 0 2,9,12,22,28,32,34,36,46,57,61,64,79,86,93,116,132,133,140,146,161 "114";
115 97 0 23,75 "115";
116 29 0 2,5,8,9,13,15,16,18,20,22,23,26,28,32,35,37,39,40,43,49,50,52,53,54,59,60,63,64,65,67,74,78,81,84,86,89,93,95,97,100,106,108,109,112,114,119,120,123,125,126,129,131,134,137,140,141,142,144,149,151,153,155,156,159,161,164,172,173,174,176 "116";
117 160 1 2,6,12,17,22,29,33,37,40,43,45,46,49,51,57,58,63,65,74,95,99,103,105,106,111,113,114,122,125,127,130,134,136,139,149,153,156,163,167,171,173,181,183,187 "117";
118 8 1 2,10,14,21,29,40,46,49,64,67,75,82,87,97,99,102,108,111,113,115,119,130,131,141,142,148,150,156,161,168,170,174,178,183,187 "118";
119 152 1 8,27,58,67,68,81,84,106,111,118,125,141,142,169,174,179 "119";
120 9 1 1,2,4,5,7,15,16,18,20,23,25,27,29,33,35,36,39,42,45,49,51,52,53,54,56,57,62,66,67,69,72,74,76,77,79,80,82,83,86,87,89,90,92,93,94,96,98,105,110,114,115,117,120,122,124,126,127,129,131,132,133,137,139,141,143,148,154,156,157,159,160,162,164,171,172,173,176,181,182,186 "120";
121 179 0 0,1,4,6,7,9,10,16,17,19,21,25,26,30,40,41,43,49,53,59,62,63,64,65,71,73,74,75,77,80,83,84,85,86,87,90,92,93,97,98,99,101,103,105,107,109,112,117,124,126,128,133,134,135,136,138,142,144,146,149,151,153,158,163,165,168,178,180,187 "121";
122 21 1 6,25,26,33,35,39,43,47,49,51,55,60,65,80,98,108,118,132,151,155,159,176 "122";
123 80 0 0,2,4,6,7,9,10,18,21,24,25,28,33,34,36,42,46,50,51,53,57,60,61,64,66,70,73,75,80,86,88,93,97,107,108,109,112,116,121,127,128,131,132,133,135,137,142,144,146,147,149,152,162,165,166,167,172,176,180,181,183,187 "123";
124 6 0 4,10,14,39,160 "124";
125 185 0 2,7,8,13,15,17,20,23,25,33,35,38,39,42,46,49,52,54,56,62,66,72,74,76,79,83,84,87,89,90,92,93,100,104,109,113,115,122,127,129,132,133,134,139,141,146,152,154,157,158,162,164,165,168,170,171,176,178,183,185 "125";
126 89 0 0,2,3,5,6,7,9,13,14,16,18,21,24,30,35,40,45,49,57,60,61,62,64,68,70,73,75,76,79,80,84,88,91,94,96,98,102,104,105,107,110,111,114,116,119,120,122,125,127,135,141,145,147,151,155,158,159,161,166,168,170,177,180,181,183,187 "126";
127 36 1 1,5,7,11,12,14,15,22,23,31,32,34,37,40,43,45,47,49,51,52,55,59,60,61,63,64,66,69,70,71,75,76,78,80,89,90,92,99,101,102,103,105,108,111,114,116,117,119,120,122,123,125,126,128,130,133,135,137,139,142,145,147,149,151,152,154,156,157,161,163,166,168,175,176,177,178,180,182,185,187 "127";
128 141 1 0,2,3,4,7,9,11,12,14,16,18,20,22,27,29,30,31,36,38,39,40,42,43,44,47,49,51,53,54,56,58,59,61,64,66,67,69,72,75,78,81,82,85,87,99,101,104,106,108,109,110,112,113,116,117,119,121,124,127,129,130,132,134,138,140,141,143,144,148,150,152,154,155,157,159,161,163,168,172,175,178,180,181,182,183,185,186,187 "128";
129 134 1 8,52,110,154 "129";
130 23 0 4,5,14,21,24,31,33,41,42,50,51,53,57,69,75,76,79,83,87,93,99,104,105,107,108,111,112,113,116,118,123,125,127,130,131,135,136,138,149,154,157,160,164,174,179,181,185,187 "130";
131 117 1 0,12,28,33,35,41,43,55,56,64,66,67,72,79,93,96,97,107,113,120,128,136,142,143,148,154,157,170,174,182 "131";
132 49 1 2,8,10,13,14,16,25,32,41,44,47,50,55,57,63,67,69,71,75,76,78,82,85,87,89,93,109,113,119,121,132,143,145,157,158,163,167,179,183,186 "132";
133 78 0 33,80,92,93,101,143,150 "133";
134 165 0 2,11,35,42,45,74,97,109,111,115,118,122,136,148,156,168 "134";
135 94 1 1,3,6,7,9,10,11,15,16,21,22,25,26,28,31,36,39,40,43,48,50,53,54,56,59,62,65,69,70,72,76,80,83,86,88,89,91,93,95,97,99,103,104,106,109,112,114,116,117,122,123,125,126,127,128,130,133,135,136,138,140,142,144,147,150,153,157,158,160,165,172,173,178,180,181,183,184,185,186 "135";
136 179 0 1,2,4,6,7,9,11,15,17,18,20,23,26,28,30,31,32,34,35,38,42,46,50,51,53,54,56,60,61,63,65,67,69,71,73,74,76,79,81,83,85,86,88,91,92,94,96,98,99,100,101,104,106,109,111,114,116,118,120,123,124,126,127,128,134,135,137,138,140,143,144,145,147,148,150,155,156,157,158,162,164,166,167,170,172,173,175,177,178,180,184,187 "136";
137 140 0 2,5,14,17,20,21,23,29,46,47,50,53,57,59,63,77,78,80,86,89,91,93,94,115,121,124,125,128,136,138,143,146,147,150,164,178,181,182 "137";
138 41 1 1,4,5,15,16,17,20,22,24,25,28,30,33,37,38,42,46,48,51,53,56,58,60,61,66,71,73,76,78,79,80,83,84,86,89,93,96,97,99,101,103,104,107,108,111,113,115,117,118,122,125,127,130,133,139,141,142,144,146,149,153,154,156,157,159,160,162,168,169,171,175,178 "138";
139 43 1 1,5,7,12,13,20,22,28,32,34,35,38,40,44,48,49,53,55,59,65,66,70,71,73,77,79,82,85,86,88,90,92,94,95,97,98,99,101,103,105,108,109,110,116,117,120,122,123,127,134,139,142,144,148,151,152,154,156,158,163,164,165,166,168,173,175,177,179,181,185,186 "139";
140 158 0 40,88 "140";
141 118 1 14,48,69,99,108,111,118,120,131,151,152,184 "141";
142 159 0 0,3,4,8,9,11,13,14,18,19,22,24,26,27,29,31,36,37,38,40,42,43,45,47,51,53,54,56,57,59,62,64,66,68,69,70,72,73,76,78,81,83,85,87,90,93,94,95,96,98,100,102,103,104,106,111,112,113,117,119,120,122,124,126,129,130,132,135,137,139,141,143,144,147,149,151,153,154,157,159,160,162,166,168,174,175,178,179,180,183,184,185,187 "142";
143 36 0 167,169 "143";
144 141 1 0,2,4,5,7,10,12,15,17,18,19,21,23,26,28,30,32,34,38,40,41,43,45,49,51,53,54,56,58,60,67,70,73,74,75,79,84,86,87,89,92,95,97,101,104,105,107,108,110,111,113,115,116,118,120,122,123,124,129,132,133,136,139,140,142,144,145,146,148,149,150,159,163,165,167,169,173,175,176,177,179,183,184,186,187 "144";
145 93 0 0,9,17,32,59,74,129,134,148,170,176 "145";
146 59 1 0,1,4,10,11,14,16,18,20,23,25,26,29,33,35,37,43,44,46,51,53,54,57,60,63,67,68,70,77,78,79,80,82,84,87,90,93,94,95,97,98,102,104,105,107,111,113,115,116,118,120,123,125,127,130,131,137,139,140,142,144,145,147,149,154,155,161,162,166,167,174,175,178,180,181,184,186 "146";
147 64 0 4,6,12,15,16,17,18,22,23,24,27,29,31,32,35,36,37,39,41,43,46,49,51,55,57,60,61,63,67,68,72,74,77,78,79,80,83,84,85,87,89,91,97,99,102,109,110,112,113,114,119,125,130,133,134,136,137,139,142,145,147,149,150,155,159,162,168,175,176,182,184,185 "147";
148 119 1 3,10,12,13,15,19,21,23,24,26,30,33,35,36,38,42,45,46,48,49,59,62,64,67,75,77,78,82,85,93,102,103,117,120,122,123,130,131,133,136,139,141,146,147,153,158,165,167,175,177,180,183,187 "148";
149 20 1 0,1,2,4,6,13,15,21,22,24,25,27,32,33,36,38,39,43,45,47,49,53,55,56,57,59,62,64,65,66,69,71,74,76,78,81,82,84,86,89,90,91,92,97,99,100,103,105,107,109,111,115,116,118,120,122,124,125,127,130,132,134,136,137,141,143,145,146,147,149,151,152,153,155,157,159,161,164,167,168,170,172,173,175,176,177,180,181,183,185,187 "149";
150 64 1 6,9,10,11,14,15,17,21,23,26,29,32,34,37,43,44,46,52,54,58,60,63,65,66,69,73,75,79,80,81,83,86,87,88,92,95,102,103,105,110,111,113,114,117,121,126,129,130,131,136,139,143,144,147,148,150,152,153,155,156,158,161,163,164,166,167,170,171,173,175,178,179,181,182,184,186 "150";
151 143 0 1,7,9,10,11,14,15,19,21,23,25,35,37,39,47,50,52,55,62,65,69,83,84,90,94,100,101,104,105,113,117,125,126,137,139,140,144,147,149,151,155,157,160,166,167,169,171,175,181,183 "151";
152 99 1 26,45,48,49,53,55,65,87,91,103,114,144,146,159,164,168,178 "152";
153 40 1 9,31,34,60,66,69,71,74,76,79,83,93,104,120,121,128,130,140,148,151,154,157 "153";
154 170 0 1,6,8,10,23,38,41,44,47,52,64,74,79,81,87,88,91,102,103,105,114,121,124,125,130,131,137,143,147,149,151,168,169,178,182 "154";
155 90 0 3,8,15,19,32,34,37,50,51,54,59,67,70,71,79,84,96,97,105,109,114,116,121,125,136,138,140,152,156,158,162,165,173,178 "155";
156 171 1 0,5,7,9,11,13,15,17,18,20,21,23,25,26,28,30,33,34,38,40,46,50,54,57,59,61,65,66,69,74,79,84,85,86,89,91,92,94,95,96,98,99,101,102,104,106,111,112,114,120,122,125,128,129,132,133,134,137,138,140,141,146,148,151,153,156,158,159,161,162,163,165,167,168,172,173,174,176,177,179,181,184,186,187 "156";
157 160 1 0,2,4,5,7,9,10,13,15,18,19,22,24,26,28,29,31,33,35,36,38,39,40,42,43,45,47,48,50,53,54,55,58,64,70,72,74,79,82,86,88,90,92,96,99,102,104,105,107,108,109,111,113,115,117,118,120,123,125,126,127,130,136,137,139,142,146,148,152,156,159,164,165,167,171,174,177,182,184 "157";
158 40 1 0,5,9,11,14,16,18,19,24,26,29,32,34,35,37,40,42,44,45,48,51,53,58,60,61,66,67,69,71,72,79,83,87,94,96,97,109,110,112,113,116,118,119,121,123,126,128,132,134,135,137,141,143,149,151,153,156,158,160,161,165,167,169,170,172,173,183,185 "158";
159 22 1 16,17,43,55,71,141,154,167 "159";
160 62 0 0,13,21,22,24,32,73,75,80,88,104,112,123,137,149,158,159,168,181,184 "160";
161 68 1 2,21,24,28,39,49,52,54,62,69,72,74,78,88,101,110,112,116,120,122,124,131,133,141,144,147,148,162,164,171,176,178,185,186 "161";
162 126 1 1,3,6,8,15,19,30,40,42,44,48,52,56,61,63,67,80,82,87,89,95,96,101,102,106,111,112,115,117,121,123,126,129,131,134,135,144,149,151,160,165,168,169,171,172,174,175 "162";
163 127 0 4,7,23,24,27,78,82,87,96,126,139,148,155,186 "163";
164 57 0 0,11,13,17,21,23,26,35,43,50,63,66,68,72,77,81,85,87,89,90,97,102,105,107,112,113,115,117,119,121,124,131,134,136,140,144,149,157,160,161,165,173,174,177,180,186,187 "164";
165 132 1 0,7,9,11,13,14,17,28,33,35,38,41,43,45,49,54,56,58,62,63,65,67,74,75,77,80,81,84,85,88,96,98,102,104,107,108,111,114,115,118,124,125,128,131,133,135,137,140,142,146,150,154,161,164,165,167,170,171,173,174,180,185 "165";
166 5 1 7,15,19,25,40,52,56,63,80,83,88,90,93,94,104,109,110,119,122,124,129,137,139,148,164,174,184,186 "166";
167 67 1 1,2,3,5,7,8,10,12,15,16,21,23,25,26,27,29,32,34,36,39,40,42,45,49,50,52,54,55,57,60,62,64,67,68,71,74,80,81,84,86,88,90,91,93,95,96,97,99,101,102,103,105,107,108,111,114,116,119,121,123,125,126,128,129,134,136,138,141,142,145,147,148,150,152,157,161,163,165,167,168,170,172,173,176,178,179,184,186,187 "167";
168 137 0 1,7,14,30,66,102,113,142,163,180 "168";
169 97 0 0,4,5,8,10,11,12,16,22,24,26,27,30,33,35,38,40,42,45,47,50,53,56,58,65,67,69,72,74,75,80,83,86,88,91,92,97,99,100,101,103,106,107,110,112,113,115,118,121,123,125,127,128,130,131,135,137,138,140,141,143,144,145,150,153,155,159,161,164,166,171,173,175,179,181,182,184,187 "169";
170 12 0 2,4,5,11,12,14,16,18,19,20,27,29,36,37,39,42,44,46,47,51,52,57,61,64,66,68,69,71,73,74,79,83,86,89,90,99,100,106,108,110,111,113,114,115,117,119,121,123,125,126,127,129,135,138,139,143,148,151,153,155,159,164,166,169,171,172,175,177,180,183,184,185,187 "170";
171 162 0 4,7,10,14,17,25,35,44,48,54,61,67,76,81,86,88,90,97,101,105,107,110,112,118,123,127,129,132,133,138,140,142,149,155,158,162,165,167,169,172,175,176,178,181,183,185,186 "171";
172 114 1 2,3,4,7,12,15,19,21,24,26,30,32,34,35,37,39,40,42,49,51,52,54,56,63,66,68,70,73,75,78,79,87,89,90,91,97,100,104,106,107,110,111,114,115,118,119,121,123,124,127,131,139,144,146,150,151,155,157,167,169,171,173,174,177,181,186,187 "172";
173 56 1 6,10,14,29,33,36,40,42,44,47,49,51,56,63,72,92,94,97,101,103,108,115,118,125,127,129,137,138,141,143,147,148,162,163,174,180,181 "173";
174 80 1 50,58,62,71,77,110,112,118,158,173,178 "174";
175 174 1 2,4,73,126,132 "175";
176 84 1 48,70,117 "176";
177 37 1 0,2,4,7,10,12,14,15,16,18,21,22,27,30,31,35,36,39,40,44,47,49,50,53,55,57,58,60,65,66,70,72,73,75,77,79,80,83,87,88,90,91,93,95,97,98,103,105,107,109,111,113,114,118,119,120,122,123,125,128,129,131,135,137,139,141,142,144,146,148,150,153,154,157,158,159,164,165,167,168,170,172,173,177,178,179,184,187 "177";
178 47 0 2,3,9,14,15,16,21,23,26,27,31,33,35,37,40,44,46,51,52,56,57,58,60,63,68,71,73,75,81,86,90,92,98,100,102,104,106,107,109,111,114,116,118,121,122,125,128,129,131,135,139,140,142,144,146,149,150,156,157,159,160,162,167,169,172,174,176,179,181,184,186,187 "178";
179 175 1 1,4,7,10,11,19,22,24,25,28,29,32,33,36,38,43,44,48,51,52,53,59,61,64,66,70,73,75,76,82,85,88,89,90,93,99,103,104,105,107,109,114,117,122,125,127,130,132,134,138,142,143,147,153,154,155,158,159,160,162,164,167,172,173,177,178,180,184,185,187 "179";
180 174 1 13,23,33,34,45,52,56,58,64,73,75,78,95,100,102,107,122,123,125,129,136,161,165,178,181,187 "180";
181 111 0 2,4,10,12,15,17,19,21,23,24,25,27,29,33,34,36,37,38,40,47,49,52,54,55,59,64,66,68,69,70,73,76,84,86,89,90,91,93,96,98,102,112,113,115,118,124,128,132,134,137,140,142,144,148,149,159,162,167,172,179,180,184,187 "181";
182 158 1 0,2,3,5,7,10,11,13,14,16,18,20,22,23,24,26,28,30,32,34,36,38,43,44,47,49,53,55,56,57,59,60,61,66,67,69,72,74,76,80,84,86,87,89,92,93,94,96,98,99,100,101,104,107,108,109,111,112,114,115,117,122,124,127,128,132,134,136,137,139,140,142,147,148,150,155,157,158,163,164,171,175,176,179,180,182 "182";
183 162 0 2,9,13,20,36,39,50,82,85,86,104,108,128,137,142,144,172,180 "183";
184 49 0 2,4,10,17,25,27,30,33,35,42,49,52,58,60,62,64,67,68,70,72,76,78,80,84,92,105,106,111,127,129,135,141,143,144,154,156,162,165,167,179,185 "184";
185 60 0 4,14,16,18,19,20,23,43,45,60,67,75,84,90,94,103,107,115,122,123,126,133,134,139,148,150,152,154,157,159,168,172,177 "185";
186 3 1 1,4,5,8,9,11,12,13,15,17,19,20,23,26,27,30,32,33,37,39,41,43,44,46,48,50,51,55,56,58,59,63,64,68,70,74,75,77,79,82,83,85,87,89,90,91,93,96,97,102,103,104,106,111,113,115,120,123,124,127,128,129,132,135,137,138,140,142,145,148,149,150,152,155,159,161,166,171,172,176,178,180,182,184,187 "186";
187 141 1 0,2,4,14,18,21,33,37,46,48,53,57,62,66,69,71,78,90,95,100,103,117,119,121,122,126,128,133,135,144,148,152,154,168,170,175,178 "187";
