parity 127;
0 43 0 2,5,6,10,11,12,15,16,18,23,25,26,28,29,30,34,36,40,41,44,46,48,50,52,56,57,61,67,68,70,72,74,77,79,84,88,89,93,95,102,104,106,110,112,113,114,117,120,122,124,125,127 "0";
1 28 0 27,72,78,92,114,117,127 "1";
2 100 1 5,7,9,11,13,14,17,19,27,30,32,36,38,42,45,47,49,51,57,58,67,69,71,73,77,80,81,83,85,87,89,90,92,93,97,98,101,103,106,109,110,112,116,119,122,124 "2";
3 113 1 2,4,5,11,12,16,44,53,65,73,90,94,100,104,125 "3";
4 73 0 1,12,16,18,21,24,27,33,35,39,41,44,51,62,64,65,70,73,78,80,84,91,95,96,103,106,109,117 "4";
5 97 0 0,3,7,21,23,28,29,32,38,47,56,63,65,70,72,82,86,99,103,106,108,114,116,119,120 "5";
6 78 1 75,121 "6";
7 73 0 0,2,3,5,6,8,13,15,17,22,24,25,27,28,32,33,35,39,42,44,48,52,53,55,57,59,60,62,64,67,68,69,74,77,80,81,82,86,87,88,89,93,94,96,100,103,104,106,107,110,113,115,117,118,120,126,127 "7";
8 43 0 0,3,5,7,9,10,12,13,14,15,17,19,20,22,24,29,33,34,36,38,40,41,42,44,48,52,55,56,63,65,66,71,76,77,81,82,83,85,87,92,94,97,100,103,106,108,110,112,115,120,122,126,127 "8";
9 10 0 0,2,24,31,36,42,49,51,53,55,61,65,81,91,97,105,106,108,113,116,121,126,127 "9";
10 85 0 29,82,85,101,112 "10";
11 3 1 0,1,10,11,13,15,18,20,21,25,26,30,31,34,40,43,48,49,50,52,54,56,61,64,69,71,73,74,76,79,81,82,84,86,90,92,96,98,99,102,104,105,107,110,112,115,117,121,122,125,126 "11";
12 23 1 4,18,99,102,107,111 "12";
13 19 0 1,2,4,15,16,18,19,21,24,25,26,29,33,34,36,37,40,41,43,45,53,55,60,61,63,64,65,70,73,75,77,79,81,82,84,86,88,92,97,99,101,103,108,110,112,113,115,117,119,122,123,124,126,127 "13";
14 122 1 2,9,13,17,22,35,36,39,51,64,65,67,68,75,80,83,87,97,98,108,117 "14";
15 76 0 4,9,12,14,15,17,24,30,40,45,49,51,56,64,74,76,78,83,85,86,90,92,96,97,99,101,103,105,107,115,117,119,122,124 "15";
16 17 1 2,5,8,12,15,16,18,19,23,27,31,34,36,50,55,56,62,70,71,77,79,83,92,95,98,99,102,117,123,127 "16";
17 29 0 1,4,10,14,16,18,20,22,24,27,28,31,36,37,44,46,50,53,61,63,65,67,68,72,75,76,78,79,81,83,87,90,91,92,94,95,100,106,108,114,117,121,122,125 "17";
18 38 1 20,45,54,59,61,68,71,86,89,93,96,97,100,103,108,110,117 "18";
19 44 1 0,1,3,6,8,9,10,14,19,20,22,23,26,28,33,39,42,46,47,49,51,52,54,56,60,63,66,67,68,70,71,80,82,85,88,91,92,94,102,104,108,112,115,117,120,127 "19";
20 77 0 2,3,6,11,15,16,18,21,23,27,28,38,42,44,46,47,50,52,55,57,59,62,64,68,72,76,78,79,84,85,87,91,92,96,100,106,109,113,122 "20";
21 121 0 1,6,16,19,26,28,31,35,40,42,51,53,57,58,59,61,68,77,79,84,87,88,90,96,100,102,103,118,121,126 "21";
22 111 1 1,16,17,18,27,30,34,37,50,52,58,61,71,73,82,91,96,101,110,111,114,116,118 "22";
23 109 0 7,9,11,12,16,17,18,20,25,28,30,32,33,35,36,39,41,42,43,45,46,48,49,53,56,58,60,63,64,67,69,71,72,73,75,76,78,79,82,83,86,88,89,91,92,95,96,98,100,102,104,105,108,109,114,117,119,123,125,127 "23";
24 52 0 7,18,20,25,45,54,59,74,79,87,97,122,124 "24";
25 30 1 4,7,9,11,13,14,16,18,19,21,24,25,27,31,34,35,38,40,42,46,48,50,51,53,54,56,57,61,62,63,64,66,67,72,74,77,78,79,81,82,86,89,92,94,96,100,101,103,105,106,110,111,113,114,115,118,120,125 "25";
26 75 1 30,48,52,71,87,95,96,100,118 "26";
27 59 1 6,9,12,14,19,20,24,28,30,31,32,35,39,41,47,48,50,52,58,62,66,69,70,72,74,77,89,92,93,98,102,105,106,108,110,114,118,120,122,125,127 "27";
28 55 1 3,5,9,12,13,14,21,26,33,37,38,41,42,44,45,51,57,62,63,65,70,71,75,79,89,91,96,99,105,108,110,112,115,121 "28";
29 115 1 1,5,6,8,11,13,14,17,19,21,23,24,28,30,32,33,36,37,39,41,42,43,44,47,49,51,52,55,60,61,64,68,69,70,72,74,75,79,81,83,84,85,86,88,89,91,93,95,97,99,100,105,106,108,109,110,112,114,116,118,119,120,126,127 "29";
30 59 1 4,14,16,20,26,32,35,39,40,42,49,54,56,62,64,66,76,80,82,85,89,92,100,102,107,108,112,115,121,126 "30";
31 110 1 0,3,5,8,10,11,15,20,22,25,28,31,39,41,45,51,53,60,62,64,66,70,72,74,77,82,89,92,97,99,101,102,104,106,109,111,112,114,117,119,121,122,124,126,127 "31";
32 103 0 3,4,7,11,13,14,17,19,24,28,30,31,33,41,42,43,45,47,49,52,54,55,58,60,61,63,67,69,75,83,84,89,93,96,100,101,104,106,109,115,122,124 "32";
33 50 0 0,1,2,7,8,10,12,13,15,16,18,19,21,22,25,26,31,32,33,34,35,37,41,43,47,53,57,58,62,63,64,67,68,70,71,73,75,77,78,80,85,86,88,89,91,93,94,96,98,99,103,106,107,110,111,114,115,116,118,120,121,124,126,127 "33";
34 92 0 7,8,13,14,16,21,22,29,35,37,42,44,48,50,53,59,63,65,68,71,72,76,78,85,87,92,97,99,100,104,105,109,114,117,118,123 "34";
35 110 1 0,28,70,81,87,106,109,112 "35";
36 39 1 3,5,8,10,12,13,16,18,19,20,22,23,26,27,32,33,39,40,42,43,45,47,48,49,51,55,56,58,60,61,63,65,67,68,71,73,74,75,77,81,82,84,87,89,92,94,95,96,97,99,100,103,106,111,112,113,114,116,119,120,121,122,124 "36";
37 5 1 1,2,4,6,8,10,13,14,16,17,19,21,22,26,27,30,32,34,40,42,44,45,47,49,50,56,58,60,62,64,65,68,69,72,74,76,78,80,82,83,85,89,90,91,93,94,96,98,103,105,106,108,110,111,115,116,119,121,123,125,127 "37";
38 113 0 7,9,11,21,26,28,32,37,45,53,70,77,79,83,89,103,110,118,119 "38";
39 80 0 1,3,5,7,9,15,17,20,21,23,26,30,32,36,38,40,42,43,45,46,48,53,54,56,62,65,66,72,73,74,75,79,81,83,85,86,89,93,95,99,101,102,103,107,108,120,124,127 "39";
40 102 0 0,4,7,11,13,14,16,17,26,31,33,38,39,41,42,43,46,52,57,58,62,64,66,71,75,77,84,87,89,90,92,93,96,97,99,100,102,108,112,114,115,122,125,127 "40";
41 68 1 0,4,13,16,23,38,51,59,60,65,78,81,82,92,97,100,105,106,111,113,114,115,121,123 "41";
42 43 1 56,80,87,116 "42";
43 32 0 4,6,8,9,11,13,15,16,18,20,24,26,28,29,32,34,37,39,41,47,49,53,66,74,76,77,78,79,81,83,84,86,89,90,92,95,98,100,101,102,109,113,114,116,117,118,120,121,126 "43";
44 67 1 6,9,14,24,28,34,38,40,50,52,56,75,81,86,89,96,97,110,112,118,121,123,124,127 "44";
45 24 1 2,97 "45";
46 30 1 0,3,4,6,7,9,10,18,26,27,32,34,41,46,51,55,57,61,70,71,75,77,78,89,92,97,100,105,106,115,119,125 "46";
47 89 1 1,4,8,10,13,14,16,17,18,19,21,23,25,28,30,32,35,37,39,41,44,45,51,54,58,59,62,63,65,66,67,69,75,77,79,80,81,83,84,87,88,90,93,94,95,99,100,102,103,104,106,108,113,115,120,122,123,124,126,127 "47";
48 68 1 1,2,4,5,7,10,11,13,14,16,17,19,21,23,26,27,28,30,31,33,38,42,45,47,48,52,54,55,59,62,65,70,72,76,77,80,81,83,85,90,92,94,100,103,105,108,109,110,112,116,118,119,121,122,123,125,126 "48";
49 76 0 4,10,12,15,19,22,23,28,29,34,36,39,42,47,49,52,53,55,66,69,71,82,96,98,107,108,111,114,121,124 "49";
50 68 0 1,3,5,9,16,23,25,26,28,30,33,34,39,42,44,47,50,53,55,63,65,67,73,79,85,89,92,104,109,114,121,124 "50";
51 101 0 7,13,20,26,39,44,58,70,82,110,112,115 "51";
52 47 1 1,10,11,15,16,29,31,40,41,45,48,52,53,55,57,61,65,69,74,80,82,85,87,92,95,99,100,102,103,105,107,109,111,112,118,120,123,125 "52";
53 50 0 1,4,5,6,8,12,13,18,19,21,22,25,26,31,34,36,37,41,43,47,49,52,54,60,62,66,74,76,78,79,87,92,97,99,102,104,107,109,111,116,117,119,124 "53";
54 20 0 2,6,10,13,15,18,19,20,33,49,55,57,59,63,70,72,76,77,79,80,82,91,95,98,102,103,108,109,113,114,116,118,120,121,125,127 "54";
55 97 1 0,3,7,9,10,13,14,16,18,21,23,24,26,29,37,44,46,48,49,64,70,75,77,78,81,82,85,96,101,106,111,116,117,119,120,122,123 "55";
56 68 0 0,3,5,8,9,10,14,16,18,21,23,24,28,30,33,34,36,38,39,40,42,47,48,51,53,54,56,58,60,61,64,65,68,72,75,79,80,82,83,85,88,90,92,94,96,99,101,103,105,106,108,110,114,116,119,120,124,125,127 "56";
57 55 0 3,7,11,13,21,22,24,27,28,35,46,50,85,104,108,112,115,116 "57";
58 95 1 0,2,7,11,13,19,22,24,28,30,32,36,37,40,41,42,45,46,50,52,53,55,56,58,59,64,65,66,68,70,71,73,76,77,81,86,87,88,90,92,94,96,99,100,103,106,107,109,114,115,116,118,119,123,124,126,127 "58";
59 99 1 4,6,10,14,15,17,18,20,21,23,25,26,27,29,30,37,39,40,44,45,46,47,49,52,54,55,58,60,62,64,65,66,69,70,72,73,75,77,78,82,84,89,91,92,94,96,98,99,102,105,106,107,108,109,110,113,114,115,116,118,120,122,124 "59";
60 7 1 1,2,5,8,9,13,15,17,18,20,23,27,28,30,33,34,36,37,39,41,42,43,47,49,51,55,56,58,61,63,64,67,68,70,71,75,78,80,82,86,90,91,92,93,95,97,99,104,105,108,110,111,113,114,115,117,118,120,125,126,127 "60";
61 27 1 2,4,7,9,10,12,22,26,31,33,36,41,43,46,49,52,54,58,62,70,71,83,86,89,91,96,97,98,101,102,107,110,112,113,114,116,120,123,125 "61";
62 127 0 14,17,20,23,28,33,42,45,47,48,50,51,54,55,57,59,62,65,66,75,76,79,80,83,85,89,91,97,100,102,106,109,110,114,119,122,124,127 "62";
63 96 0 3,12,14,28,35,39,44,51,55,60,76,77,78,80,83,91,96,101,107,112,113,119,122,124,125,126 "63";
64 41 0 14,30,38,51,69,77,82,87 "64";
65 84 0 7,8,17,66,83 "65";
66 123 1 1,2,6,7,8,11,13,15,16,18,19,21,22,24,26,29,30,31,32,34,38,39,40,43,45,46,49,55,59,63,65,66,68,70,73,76,80,81,82,84,88,91,92,97,99,101,103,105,107,109,110,111,112,115,117,118,121,126,127 "66";
67 128 1 1,11,13,16,18,25,28,39,42,44,51,53,55,57,59,64,76,80,83,98,99,101,109,117,120,122,126 "67";
68 99 0 16,21,23,24,41,44,47,57,62,67,77,82,85,86,90,91,97,98,103,107,109,113,115,124,127 "68";
69 47 1 3,4,6,8,10,12,14,15,17,18,25,27,28,30,31,33,34,39,40,42,43,44,46,51,54,57,59,61,63,64,65,67,68,69,71,74,75,78,82,84,86,88,92,93,94,96,98,100,105,106,107,110,111,114,119,120,123,124,125 "69";
70 70 1 0,3,4,7,12,18,20,23,26,27,29,37,47,53,58,60,63,68,70,76,79,80,84,90,100,103,110,112,115,122,125,127 "70";
71 14 1 12,13,21,28,31,61,71,74,84,87,110,121,125 "71";
72 68 1 4,6,23,28,41,45,48,57,101 "72";
73 11 1 73,76,90,94,112,117,121,126 "73";
74 96 0 0,1,10,12,14,16,20,21,24,26,27,28,32,34,37,38,40,42,43,48,50,52,53,55,57,63,65,67,68,71,73,75,77,82,85,91,93,97,98,100,104,106,107,111,113,114,116,120,122,123,125,127 "74";
75 24 0 3,4,11,12,15,23,24,33,37,42,59,61,65,66,68,73,77,86,98,102,105,113,114,115,116,126 "75";
76 70 1 1,2,4,8,10,11,17,20,23,29,31,35,36,42,44,49,54,56,58,63,65,67,73,81,88,97,109,118,125,127 "76";
77 117 1 5,13,15,23,26,27,31,37,41,45,47,49,50,60,62,64,66,67,72,76,77,78,80,82,86,91,93,98,101,102,104,106,111,118,120,122,123,127 "77";
78 41 0 57,71,82,87,95,101,104 "78";
79 61 1 8,25,31,38,50,81,99,115 "79";
80 64 1 0,1,3,13,14,18,21,23,24,26,37,43,45,48,53,55,60,65,67,76,85,92,101,104,106,107,109,110,113,115,121 "80";
81 60 0 1,20,27,41,49,57,65,73,75,77,95,96,99,103,111,117 "81";
82 4 0 4,6,15,22,25,38,93,106,111,117 "82";
83 70 0 0,4,8,9,14,17,21,22,23,25,26,28,29,30,32,34,35,36,39,41,44,49,51,53,55,57,60,62,64,67,68,71,72,74,77,79,86,88,90,92,95,96,99,101,103,105,111,113,115,116,119,120,124,126,127 "83";
84 61 1 0,2,4,8,9,12,14,22,24,27,28,30,33,36,39,45,46,48,49,51,52,55,60,63,64,68,70,73,75,77,78,79,83,85,86,87,90,92,93,96,101,106,107,109,113,114,116,118,122,124,125,126,127 "84";
85 5 0 53,82,83,95,107,122 "85";
86 49 0 2,3,5,7,9,12,14,16,22,24,27,28,31,32,37,47,51,56,59,64,65,67,69,71,77,80,83,85,91,94,100,101,103,105,108,109,111,114,119,124,125,126 "86";
87 7 1 0,45,47,66,72,104,121 "87";
88 128 0 2,4,6,7,8,10,14,16,17,19,21,22,24,27,31,36,40,41,44,46,51,52,54,55,56,58,61,65,67,69,70,71,73,75,76,78,79,81,88,91,93,95,97,98,101,105,106,108,110,112,114,115,117,121,123,124,127 "88";
89 60 1 0,6,7,10,19,22,30,32,34,37,39,49,52,53,59,64,68,70,78,82,90,91,98,99,101,105,108,115,119,125,127 "89";
90 76 0 0,1,3,4,7,16,21,27,29,33,35,40,42,45,49,52,54,60,63,65,69,72,79,80,82,85,91,95,97,100,109,113,114,117,121,123 "90";
91 40 0 0,12,20,24,41,45,53,60,64,65,67,69,81,82,94,96,99,112,119,122,126 "91";
92 122 1 0,7,10,11,14,18,20,23,24,28,38,40,47,51,53,56,64,67,68,75,78,84,87,95,97,100,108,110,112,116,117,118,120,122,124,127 "92";
93 128 0 1,4,5,6,10,12,14,15,17,18,24,29,31,33,34,37,38,41,42,43,44,48,51,54,57,58,61,62,63,67,69,70,71,74,79,81,83,85,86,88,91,93,95,98,99,102,104,106,108,109,110,112,114,115,118,126 "93";
94 80 1 4,9,11,15,16,18,27,29,31,36,37,42,43,45,50,54,57,60,62,64,69,73,76,78,82,84,85,86,87,90,91,93,95,97,104,107,108,110,113,119,122,125 "94";
95 104 1 2,14,20,56,68,77,93,100,107,109,111,119,120 "95";
96 29 1 12,105 "96";
97 99 0 2,6,12,17,19,20,25,27,32,37,39,42,44,46,48,50,51,55,56,63,66,71,75,77,79,82,85,86,88,94,99,101,107,109,115,118,121,126 "97";
98 18 1 0,2,5,6,9,12,14,15,17,19,22,24,25,26,28,29,31,32,34,36,41,44,45,47,50,52,53,56,57,59,60,62,63,66,67,69,70,72,74,75,78,79,85,86,88,89,90,93,94,96,98,103,104,105,107,109,112,117,120,121,123,124,125,126 "98";
99 77 1 1,25,28,34,46,60,72,94,107 "99";
100 16 1 14,26,28,30,35,40,42,55,61,69,71,73,96,98,104,116,120,127 "100";
101 127 0 1,2,9,14,17,23,25,26,29,38,39,40,42,46,57,59,62,64,69,72,74,78,84,87,100,105,106,114,119,121,122,125,127 "101";
102 125 1 10,17,39,44,55,60,62,65,76,81,87,94,107,109,112,113,125 "102";
103 82 1 0,42,50,65,70,74,90,94,99,103,115,116 "103";
104 100 0 0,1,13,20,26,32,35,38,46,62,71,84,88,99,101,102,116,120,125,127 "104";
105 96 1 0,3,6,9,12,16,20,22,23,26,28,30,33,36,42,47,55,59,67,69,73,77,81,83,86,87,89,92,96,99,101,104,106,114,118,122,126 "105";
106 40 1 0,6,8,14,18,23,38,39,51,56,61,65,67,78,91,96,101,102,103,107,108,110,112,121,125,127 "106";
107 104 1 1,4,5,9,13,29,42,45,54,56,66,68,70,74,75,79,81,83,85,89,105,113,124,126 "107";
108 110 1 24,67 "108";
109 75 0 1,3,5,10,13,15,17,20,23,25,27,29,31,34,35,36,38,41,42,44,54,56,58,61,68,70,71,73,77,79,86,91,93,95,100,104,112,117,121,123,125 "109";
110 124 1 2,5,7,8,10,13,14,17,19,20,22,23,27,29,32,33,34,36,39,42,44,45,47,48,50,51,52,53,55,58,59,61,63,65,66,68,72,74,79,81,82,83,85,86,88,90,91,92,94,97,98,99,106,107,110,114,116,117,118,120,123,125,127 "110";
111 52 1 3,5,8,11,18,34,37,41,46,48,57,74,75,85,88,111,124 "111";
112 96 1 2,3,5,8,9,14,16,18,19,21,23,24,26,29,33,37,40,42,45,47,51,53,55,57,59,60,62,63,72,73,75,77,78,80,81,82,85,87,89,92,97,98,99,101,103,104,106,108,110,113,116,117,119,120,122,124,126,127 "112";
113 31 1 1,4,7,10,14,18,20,22,34,36,38,39,42,47,52,61,63,65,66,67,70,73,77,80,82,84,90,96,98,101,103,106,109,110,115,119,122,124,127 "113";
114 94 1 0,1,3,4,6,10,13,14,15,17,19,20,22,24,27,29,31,33,34,40,42,44,53,55,57,58,60,61,64,67,71,73,76,77,79,80,81,83,86,90,92,93,95,96,98,99,101,104,105,108,109,110,112,114,116,117,118,122,123,125 "114";
115 61 1 34,51,90,105 "115";
116 47 1 6,82,86,104 "116";
117 103 0 1,3,8,10,16,17,23,27,31,36,37,40,41,42,44,47,49,50,51,53,54,56,59,65,66,67,69,71,79,81,83,89,92,95,101,103,108,111,112,119,122,126 "117";
118 1 0 0,2,5,6,10,12,14,16,20,23,26,32,36,37,41,42,44,47,48,50,51,54,57,59,62,70,74,77,79,81,83,89,90,91,96,101,108,109,113,117,127 "118";
119 95 1 0,1,2,4,5,6,8,11,15,18,20,25,28,29,32,33,35,41,45,47,50,51,54,56,58,59,61,64,66,68,70,74,82,88,89,90,92,93,94,96,97,98,101,103,106,108,109,111,113,114,121,122 "119";
120 55 0 13,15,56,66,115 "120";
121 100 0 8,12,49,57,63,69,83,99,110 "121";
122 30 0 0,2,3,7,8,13,15,18,19,22,23,25,28,29,31,32,34,36,38,44,47,48,49,55,56,57,63,65,66,69,70,72,74,76,77,78,81,84,85,88,90,91,93,94,96,99,100,101,108,110,111,116,118,121,122,124,127 "122";
123 61 1 11,36,61,92,94,107,108 "123";
124 96 1 11,13,17,19,25,29,30,34,36,41,45,51,54,57,60,62,68,75,79,83,90,93,97,98,100,101,121,123,126 "124";
125 115 1 11,36 "125";
126 12 1 1,3,5,6,7,9,10,12,14,15,16,18,19,21,25,28,31,33,35,37,38,41,42,43,45,46,47,55,59,60,73,74,75,78,82,83,84,92,100,101,103,106,107,110,112,113,116,117,119,120,122,123,124 "126";
127 40 0 15,18,20,28,29,34,42,43,46,79,101,108,109,113 "127";
