parity 50;
0 42 1 0,4,6,8,10,11,14,16,20,26,31,33,36,41,43 "0";
1 49 1 4,5,7,13,20,22,26,28,30,31,33,37,41,45,47 "1";
2 26 1 0,1,2,4,6,8,9,11,13,15,19,20,22,28,30,33,34,36,41,42,44,45,48,50 "2";
3 5 0 3,24,27,31,33,42,43 "3";
4 0 0 2,3,5,6,10,12,15,17,19,22,24,26,29,31,32,34,36,38,40,45,48,49,50 "4";
5 3 0 2,30 "5";
6 3 0 2,5,6,9,10,16,19,22,23,25,28,31,34,37,39,40,44,45,47,50 "6";
7 41 1 1,3,16,18,20,36,38,40,45,47 "7";
8 16 1 4,7,15,16,29,32,37,44,45 "8";
9 47 0 0,3,7,8,9,16,17,19,25,26,29,35,36,42,45,47,48 "9";
10 23 0 6,9,33,49 "10";
11 2 1 10,29,34 "11";
12 25 1 2,4,5,6,8,11,13,15,16,19,21,23,25,26,30,32,34,36,38,40,41,42,43,46,48,50 "12";
13 48 0 1,7,9,16,18,26,31,37,39,50 "13";
14 6 0 9,18,19,34,39,49 "14";
15 37 0 1,4,6,9,10,13,16,19,25,26,27,31,36,50 "15";
16 7 0 3,6,10,12,13,15,20,21,25,26,32,38,47,48 "16";
17 50 0 2,6,7,8,11,12,16,18,21,25,26,28,29,32,33,34,37,38,44,47,49,50 "17";
18 22 1 3,4,13,14,17,19,23,27,28,36,41,43,48 "18";
19 12 1 48 "19";
20 40 0 4,6,8,11,13,14,28,30,34,35,38,41,43,45,46,48,50 "20";
21 16 1 1,8,12,16,17,18,23,27,30,35,36,45,48 "21";
22 25 0 0,3,4,6,9,10,13,15,17,18,23,24,27,30,37,40,46 "22";
23 44 1 0,2,4,6,17,27,35,42,46,49 "23";
24 45 0 0,3,4,6,9,10,14,18,20,21,23,25,27,37,41,44,47,48,49 "24";
25 8 1 1,2,3,6,8,9,11,13,14,16,21,23,25,28,31,33,36,39,42,44,46,47,48 "25";
26 10 0 1,7,9,10,13,17,26,29,30,34,35,38,43,45,49,50 "26";
27 21 1 17,22,36 "27";
28 32 1 3,6,7,10,11,14,16,17,19,20,21,23,24,25,28,30,31,33,34,37,40,41,42,44,45,50 "28";
29 20 0 16,39,44 "29";
30 48 0 12,42,44 "30";
31 17 1 2,4,6,10,11,15,16,19,23,27,29,30,34,39,41,43,45,47,49 "31";
32 25 0 3,5,8,10,13,14,27,47 "32";
33 8 0 0,6,8,9,12,14,15,19,21,23,30,32,34,41,47 "33";
34 45 0 0,3,6,8,9,12,13,15,16,19,20,21,23,24,26,28,30,32,33,38,39,41,46,49,50 "34";
35 24 1 1,2,19,20,24,32,33,35,44,47 "35";
36 0 0 8,16,18,20,23,28,33,49 "36";
37 17 1 7,9,20,38 "37";
38 11 0 0,3,4,12,13,15,16,25,32,33,35,37,41,50 "38";
39 8 0 2,39 "39";
40 19 1 11,18,23,32,36,37,39,42,44 "40";
41 46 0 2,4,5,7,9,10,11,13,15,16,22,23,26,29,31,32,39,40,42,44,47 "41";
42 28 0 1,6,8,9,12,13,15,21,27,29,31,33,34,36,43,46,47,50 "42";
43 34 1 0,1,2,5,8,11,13,14,17,18,19,20,23,25,28,30,32,33,35,36,40,44,46,49 "43";
44 35 1 4,19,23,36,43,47 "44";
45 39 0 1,2,4,6,8,13,15,17,18,20,21,22,24,26,27,29,32,33,35,36,37,43,45,46,47,49 "45";
46 44 0 3,9,12,19,24,28,32,42,44,46 "46";
47 32 1 6,7,9,12,14,20,21,22,24,27,29,32,41,45,46,49 "47";
48 25 0 0,1,11,15,16,19,20,24,27,30,32,35,41,44,45 "48";
49 24 0 1,2,12,18,20,22,26,30,33,36,42,45 "49";
50 17 1 13,16,30,32,36,44,48 "50";
