parity 36;
0 14 1 0,8,13,16,19,29 "0";
1 20 0 2,15,18,22,30,35,36 "1";
2 33 0 11,12,18,19,20,27 "2";
3 28 0 1,2,5,6,9,11,15,21,28,33,35 "3";
4 21 1 33 "4";
5 18 1 5,21,23,25 "5";
6 1 0 1,7,8,12,14,17,24,26,30,34,36 "6";
7 20 0 0,3,5,7,16,17,25,26,29,36 "7";
8 0 0 0 "8";
9 27 1 1,3,4,6,8,9,11,12,13,15,16,18,20,23,26,28,30,34 "9";
10 6 0 3,5,11,12,15,21,22,25,36 "10";
11 9 1 1,2,4,6,7,9,11,15,20,21,22,24,25,27,29,33,36 "11";
12 22 0 0,5,6,11,15,16,20,23,25 "12";
13 9 0 9,15,17,21,29,34 "13";
14 27 1 1,2,4,7,9,14,16,25,32,34,36 "14";
15 11 1 5,7,10,16,19,25,34 "15";
16 16 1 0,13,16,18,23,31,35 "16";
17 7 1 9,11,23,32 "17";
18 29 0 0,1,4,7,9,10,12,16,19,21,22,25,27,31,36 "18";
19 15 0 2,3,6,9,10,13,17,18,20,24,25,26,28,30,34,35,36 "19";
20 26 0 1,4,14,16,17,21,24,26,32,34,35 "20";
21 18 1 7,12,14,15,19,24,25,32,35 "21";
22 35 1 0,1,5,13,16,17,18,20,22,24,26,27,31,32,36 "22";
23 24 0 0,4,9,11,13,15,18,21,27,29,35,36 "23";
24 0 0 0,8,10,12,18,20,24,31,35 "24";
25 24 1 1,4,9,14,20,23,24,27,29,30,35,36 "25";
26 6 0 2,15,20,24,27,32,35 "26";
27 6 0 4,9,15,17,20,31,34 "27";
28 20 0 10,33 "28";
29 23 0 0,4,6,8,11,12,18,20,23,26,29,35 "29";
30 25 0 2,6,15,17,19,21,25,28 "30";
31 7 1 0,1,9,10,13,14,20,25,27,32,33 "31";
32 5 0 4,8,14,16,18,21,23,24,29,31 "32";
33 10 1 5,7,16,21,23,25,26,28,31,33,35 "33";
34 11 1 2,7,21,34,36 "34";
35 23 1 7,21,33 "35";
36 12 0 2,8,13,14,30,33,35 "36";
