parity 147;
0 138 0 2,6,8,20,26,41,50,74,83,89,121,129,133,145 "0";
1 59 0 5,6,19,22,26,28,30,37,43,45,48,58,62,72,73,80,82,86,89,94,95,97,98,100,105,111,115,119,122,127,128,131,134,140,143 "1";
2 132 1 4,6,7,13,14,15,20,33,34,35,40,43,51,55,57,58,59,62,64,70,72,73,75,77,82,85,87,90,93,94,96,99,102,103,105,109,117,125,128,139,142 "2";
3 147 0 4,8,10,12,13,17,20,22,24,25,27,30,32,34,38,40,42,44,47,55,57,60,61,63,69,73,75,78,81,83,84,88,93,97,100,104,106,108,109,112,116,120,122,124,125,127,129,130,138,142,143,146,147 "3";
4 2 1 9,36 "4";
5 63 0 2,4,28,35,39,43,44,62,76,77,84,85,86,92,98,106,117,118,120,123,126,127,135,138,140,147 "5";
6 120 0 0,1,4,5,6,8,10,12,13,15,16,18,19,21,22,24,25,27,28,30,32,35,36,38,40,42,44,45,48,49,56,57,59,60,61,62,72,73,75,77,80,81,83,84,88,90,91,94,98,101,104,108,109,112,113,115,117,118,119,121,124,125,127,129,131,133,135,136,138,139,141,145 "6";
7 37 0 1,9,12,15,23,37,45,50,54,67,68,76,92,97,101,115,124,139,142,147 "7";
8 90 0 0,1,5,8,10,12,14,16,21,24,26,30,31,34,38,39,40,42,47,50,53,55,57,59,61,62,63,65,69,72,73,74,76,83,84,89,92,96,97,99,102,112,117,118,119,121,122,126,131,134,138,142 "8";
9 57 1 18,142 "9";
10 8 1 1,81,83,102 "10";
11 124 0 7,16,41,55,78,103,116,132,143 "11";
12 8 0 13,17,19,23,27,34,53,62,64,68,77,79,89,97,101,111,118,120,124,128,129,135,143,145 "12";
13 88 0 12,16,21,53,56,62,65,70,75,77,81,105,108,112,116,128,130,146 "13";
14 131 1 0,11,14,15,22,27,28,35,39,43,45,54,57,60,66,78,81,83,86,98,103,111,117,119,122,125,128,131,133,134,139,147 "14";
15 15 0 0,3,6,13,15,19,21,23,25,27,33,35,38,41,44,46,47,53,63,64,70,78,80,82,86,89,94,97,100,105,107,109,114,118,121,124,126,129,132,133,134,136,139,144,146 "15";
16 103 1 10,24,30,56,96,106,118,124,128 "16";
17 60 0 4,5,7,8,10,12,13,17,19,23,26,27,28,29,32,33,37,42,43,49,57,59,61,63,65,67,70,73,75,76,78,81,82,87,91,92,94,97,100,102,107,113,115,117,121,122,128,130,136,144 "17";
18 121 1 8,67,71,88,90,94,98,100,117 "18";
19 0 0 1,5,7,9,16,18,19,22,23,28,34,36,40,43,45,48,52,56,61,62,64,67,72,74,77,81,84,87,90,93,98,106,110,115,121,122,128,130,131,133,134,136,139,142,144,145,147 "19";
20 68 1 6,8,14,18,35,51,63,72,74,95,96,107,116,134,142,144 "20";
21 31 1 38,60,69,144 "21";
22 35 1 0,4,6,11,12,19,22,30,31,37,38,39,41,48,50,51,53,58,63,65,66,68,70,72,73,82,89,92,100,105,110,113,114,119,123,126,131,132,135,138 "22";
23 27 0 31,33,45,54,127,135,145 "23";
24 57 1 11,14,30,42,46,83,88,101,110,114,127,129 "24";
25 67 0 1,5,6,9,13,16,20,22,23,24,27,29,35,37,41,43,44,46,59,61,62,64,69,71,72,73,76,78,79,81,83,85,90,94,95,97,101,104,107,108,113,114,116,117,119,122,124,125,126,128,129,131,134,136,137,139,143,146,147 "25";
26 128 0 0,1,3,4,8,12,13,17,18,21,24,26,27,32,33,34,36,40,42,45,46,50,51,53,56,59,60,65,67,70,71,74,76,77,78,80,86,88,89,93,97,98,102,103,108,110,114,117,118,121,126,127,129,133,137,142,144 "26";
27 110 1 2,3,5,10,13,15,16,18,19,21,23,27,29,34,37,38,41,43,46,48,50,56,58,62,65,67,72,76,79,81,82,88,89,97,100,104,107,110,111,119,125,126,130,134,142,143,146 "27";
28 18 1 19,25,28,55,60,68,82,86,93,95,107,121,136,138,140 "28";
29 70 0 0,1,3,5,11,12,14,17,19,21,22,23,25,26,29,31,32,34,35,39,41,42,44,45,46,48,49,52,58,61,62,66,68,69,72,75,77,78,79,81,84,89,90,92,93,95,99,101,102,107,108,110,113,115,116,121,122,124,126,128,131,132,134,136,137,141,145,146,147 "29";
30 133 1 4,5,9,11,12,16,19,26,28,29,33,37,38,40,46,48,53,55,56,60,62,67,74,78,79,82,87,89,90,97,99,100,101,103,107,108,111,114,119,120,122,123,127,129,130,137,140,142,144,147 "30";
31 86 0 0,3,4,7,9,11,13,14,17,18,21,23,24,25,32,36,42,45,48,53,58,60,68,69,73,77,79,80,85,88,91,93,94,95,96,103,106,110,115,119,120,124,127,131,132,134,136,138,147 "31";
32 70 0 4,6,7,11,14,21,23,24,32,35,37,39,43,45,50,52,57,60,63,69,73,76,81,89,94,96,99,106,107,115,117,122,123,124,126,134,137,138,143,146 "32";
33 118 1 3,22,47,60,80,84,111,135 "33";
34 32 0 0,1,3,5,7,10,13,17,19,24,28,31,36,38,40,42,47,50,52,53,55,57,58,59,60,63,65,66,72,73,74,78,82,84,86,95,97,98,99,103,105,106,107,108,111,115,117,119,120,121,123,128,130,131,133,135,138,140,144,146 "34";
35 20 0 2,13,14,16,21,30,35,38,40,46,55,61,63,70,71,82,90,99,103,110,112,117,118,130,133,142,144 "35";
36 57 1 6,13,18,28,32,34,37,43,46,50,52,55,61,64,67,70,77,79,84,86,87,92,98,101,102,107,116,122,125,131,134,136,140,141,144 "36";
37 111 0 2,3,13,25,32,37,39,44,50,51,54,56,63,64,68,74,79,80,81,84,86,89,91,94,98,100,106,110,113,115,116,123,125,126,130,132,134,139,142,143,147 "37";
38 127 0 0,10,14,16,24,28,32,36,39,46,50,53,55,65,69,77,79,84,88,91,107,110,115,127,130,136,141,147 "38";
39 61 1 0,4,9,14,16,17,20,24,26,28,32,33,34,36,39,41,44,45,46,50,51,56,57,58,60,61,65,66,67,71,74,75,77,80,81,83,84,85,87,89,91,92,95,97,99,100,102,104,105,106,109,110,112,114,117,118,121,126,127,131,133,137,139,140,142,146 "39";
40 13 0 1,2,5,8,12,17,18,19,21,32,33,36,40,41,42,44,45,46,47,49,52,55,57,59,62,63,65,66,68,69,71,73,74,76,78,80,81,82,88,89,91,93,94,97,99,100,102,106,107,109,110,113,114,117,120,122,123,127,130,133,134,139,140,141,144,146 "40";
41 39 1 28,133 "41";
42 100 1 0,6,8,19,34,43,44,48,50,56,59,66,70,82,91,93,97,98,101,106,122,124,135,137,138,142,143,146,147 "42";
43 79 0 0,1,3,4,6,8,11,12,14,16,18,22,25,27,29,34,37,38,41,44,46,54,62,63,65,66,69,76,80,81,83,84,88,91,96,97,105,107,110,113,114,115,117,119,125,129,130,135,137,140,144,145 "43";
44 144 0 0,3,5,10,13,16,18,19,23,25,29,30,33,35,38,44,45,49,51,54,57,58,59,65,67,69,71,74,75,78,85,87,90,92,97,99,102,104,109,110,114,115,118,121,126,128,130,131,135,138,139,141,142,146 "44";
45 14 0 2,6,8,9,13,15,21,26,30,31,34,37,41,45,47,49,50,52,56,67,68,71,73,75,77,80,83,85,87,93,96,97,100,101,103,105,106,108,112,114,115,117,118,123,125,126,127,128,132,133,138,140,142,144 "45";
46 3 1 0,3,4,5,7,8,10,13,16,17,19,22,24,28,33,39,41,42,44,45,47,48,50,51,53,60,62,63,66,68,72,74,76,78,83,87,89,92,95,96,97,99,106,109,112,114,116,118,120,125,126,127,129,131,134,135,138,142,144,146 "46";
47 122 0 0,5,6,12,16,21,26,28,30,36,38,42,43,47,49,52,55,60,82,84,86,89,93,97,99,101,103,110,113,118,122,124,125,126,129,143,146 "47";
48 142 1 4,7,9,10,13,14,17,18,19,23,25,27,30,33,36,37,42,44,47,52,53,54,56,59,60,65,70,74,75,79,80,84,87,88,89,92,98,100,102,103,106,109,113,114,115,122,129,132,133,135,139,141,146,147 "48";
49 98 1 2,3,7,13,15,17,19,20,24,26,30,31,32,35,37,40,42,47,50,51,53,55,59,61,64,67,69,72,74,75,80,85,88,91,92,96,98,103,106,110,111,113,115,119,121,123,125,128,131,139,140,142 "49";
50 82 1 0,8,20,29,36,39,46,54,70,71,98,128,147 "50";
51 109 0 3,14,32,38,41,44,56,58,62,70,73,80,87,105,106,116,120,134,138,146 "51";
52 98 0 10,22,47,58,67,79,93,110,117,147 "52";
53 84 0 0,3,6,8,9,12,18,23,26,28,31,33,37,40,42,46,47,49,51,55,61,62,65,67,69,70,74,76,79,81,89,90,91,93,96,98,100,102,107,110,114,119,120,121,126,128,131,133,134,135,138,142,145 "53";
54 39 1 0,3,8,10,13,17,19,20,21,23,24,26,29,31,36,37,39,42,43,45,47,49,54,55,58,60,62,67,68,69,70,72,74,78,80,83,85,86,87,89,91,94,96,98,100,101,103,106,107,110,112,113,114,116,118,120,123,124,126,128,130,132,134,137,138,140,141,145,147 "54";
55 79 0 2,3,6,12,17,18,24,34,37,46,55,59,61,64,69,71,76,78,85,95,96,98,99,103,111,118,121,131,133,135,138,143,145 "55";
56 41 1 1,6,7,17,32,37,45,48,57,67,71,83,90,92,99,104,109,114,116,120,138 "56";
57 60 1 1,2,5,9,11,13,15,17,20,21,25,26,28,30,35,39,41,44,52,55,58,61,62,66,67,71,75,76,77,81,82,87,89,90,96,99,100,103,104,109,111,113,114,116,117,123,126,128,134,142,145,146,147 "57";
58 126 0 0,5,53,76,97,134,138 "58";
59 108 1 5,11,31,33,59,72,75,99,103,106,115,117,138,141,144 "59";
60 134 0 0,2,4,6,10,12,14,16,17,19,20,22,25,27,28,30,33,34,37,40,43,44,45,47,48,50,51,52,55,56,59,62,63,64,66,67,68,74,75,76,77,79,83,84,88,91,93,94,97,98,100,108,109,114,116,122,123,125,127,133,135,137,140,143,145,146 "60";
61 97 0 0,6,8,11,14,16,17,19,23,26,28,30,33,37,40,43,44,46,48,49,52,55,57,59,70,73,81,83,84,88,89,97,98,105,110,114,115,117,118,123,125,127,133,134,136,140,142,146 "61";
62 56 1 0,1,3,11,12,14,17,19,20,21,24,27,31,34,35,37,39,42,43,46,47,50,53,55,57,59,61,62,64,65,67,68,70,71,73,75,77,78,80,81,83,84,86,87,89,91,93,96,97,98,100,101,104,109,111,118,125,128,129,134,136,138,140,141,142,144,145,147 "62";
63 24 1 0,2,3,5,7,8,11,12,16,18,19,21,22,24,25,29,31,32,34,36,40,42,44,47,50,52,56,59,61,63,64,67,68,71,73,74,76,78,79,81,82,83,85,88,90,92,94,96,99,101,103,104,108,110,112,115,116,118,121,123,126,127,130,132,135,136,140,144,145,147 "63";
64 85 1 1,2,9,15,17,18,19,23,33,37,38,41,45,46,51,54,56,65,67,72,77,78,83,85,86,89,91,92,101,103,104,107,108,110,113,114,117,120,122,125,130,138,140,141,145 "64";
65 125 0 2,10,13,16,20,26,33,38,41,54,56,58,66,74,76,79,86,88,89,90,99,101,102,106,107,110,117,119,121,136,137,139,142,146 "65";
66 77 0 8,12,17,21,51,56,66,69,73,76,78,85,102,104,106,109,111,114,118,124,128,130,135,138,140,144 "66";
67 13 1 4,14,16,17,19,24,31,34,35,37,40,43,44,48,50,51,54,56,62,63,65,70,74,75,81,86,95,106,111,112,113,119,121,123,125,127,128,131,134,137,139,140,145,147 "67";
68 88 0 7,13,15,18,26,28,33,41,43,49,51,52,64,65,72,73,75,77,79,80,89,98,101,107,109,112,118,124,126,128,130,140,144 "68";
69 131 0 1,3,7,10,16,18,20,22,27,28,30,31,34,37,41,43,44,45,47,49,52,53,55,59,60,62,64,66,67,68,72,74,76,77,80,83,86,88,93,96,103,105,109,111,112,117,126,127,129,131,134,136,137,141,145,147 "69";
70 123 0 3,4,11,12,17,18,24,27,31,42,49,50,53,59,61,78,82,84,88,89,93,97,104,109,112,116,117,132,136,139,142,147 "70";
71 10 0 0,1,5,7,11,12,13,15,17,20,21,28,29,32,34,37,38,39,41,44,50,52,54,57,59,61,63,67,70,74,77,79,82,84,86,88,90,97,98,101,102,104,105,107,110,112,116,117,119,121,122,126,130,131,133,135,137,139,141,142,143,147 "71";
72 71 1 2,5,7,8,10,12,15,18,24,25,28,30,33,37,39,42,47,49,55,57,60,62,64,74,77,80,90,100,104,108,110,112,118,122,126,130,131,133,135,142,144,147 "72";
73 126 0 5,6,12,17,21,28,30,33,34,36,37,42,49,51,52,57,61,63,64,65,66,68,70,73,76,78,84,86,87,91,98,100,101,103,104,106,107,111,113,117,121,123,124,129,131,133,134,142,144,145,147 "73";
74 11 0 3,5,9,11,12,15,17,22,28,29,31,37,42,43,46,47,50,54,55,56,60,64,66,73,74,75,78,83,89,91,92,95,96,103,104,108,109,112,115,123,124,127,130,132,136,138,140,144,146 "74";
75 26 0 0,1,2,3,5,6,7,8,12,13,15,16,21,27,28,32,34,39,40,42,44,45,48,50,52,54,55,56,58,59,65,66,69,71,78,84,89,90,92,96,97,103,105,107,108,109,112,114,118,120,121,125,126,128,130,133,135,137,138,140,142,145,147 "75";
76 124 0 3,5,8,10,11,12,16,17,21,25,26,30,33,35,36,39,41,42,43,44,46,47,49,54,55,58,59,61,64,67,69,72,74,76,79,81,84,86,89,90,94,96,98,101,103,105,106,108,109,111,113,116,118,122,123,125,126,128,129,130,132,134,135,139,140 "76";
77 14 1 2,19,34,39,60,65,72,91,98,99,126,127,133,136,141,142,144 "77";
78 79 1 59,65,79,80,105,119,135 "78";
79 29 0 0,1,3,6,7,10,14,16,18,23,24,26,29,30,31,36,37,39,40,41,42,45,51,52,54,58,59,67,73,78,79,81,85,87,89,90,94,95,96,98,101,102,104,108,109,114,116,119,122,125,127,129,130,134,135,136,137,142,145,147 "79";
80 10 1 0,2,4,6,9,13,21,23,25,27,28,33,38,40,46,48,51,54,55,57,59,62,63,64,65,67,70,72,73,75,78,81,82,84,88,90,91,93,96,99,101,102,105,106,110,115,117,121,124,125,128,129,134,139,141,143,146,147 "80";
81 32 0 11,20,28,47,49,52,61,64,66,82,86,98,106,117,118,136,139 "81";
82 97 1 1,4,13,25,26,50,84,98,115,130,147 "82";
83 133 1 0,3,4,6,12,14,16,18,19,22,23,27,31,33,39,40,45,49,51,54,55,57,59,68,72,74,75,80,83,84,91,92,95,98,101,103,104,107,109,110,112,113,114,117,118,122,123,125,126,127,128,130,133,135,140,143,145,147 "83";
84 3 0 19,20,26,29,43,58,75,104,107,117,133 "84";
85 21 0 0,2,5,8,9,10,13,14,16,20,23,28,30,33,35,38,39,40,45,46,52,55,56,57,59,61,63,64,66,67,69,71,74,76,77,78,79,82,84,86,88,91,98,101,102,103,109,112,115,117,119,121,123,125,127,128,130,132,133,135,136,140,143 "85";
86 109 0 19,30,32,38,41,67,69,83,99,101,109,115,121,139 "86";
87 38 0 5,6,8,9,11,12,17,18,25,26,28,30,31,33,35,37,39,40,42,45,47,49,53,56,58,60,62,68,69,73,74,77,78,81,83,87,90,93,96,97,98,101,104,106,108,109,110,112,113,114,116,117,120,123,126,127,129,130,134,135,138,140,141,144,145,146 "87";
88 121 1 4,6,8,10,15,18,26,30,35,42,68,73,76,93,96,105,133 "88";
89 98 1 3,4,6,12,13,15,16,22,23,24,27,30,35,37,42,44,51,56,62,64,68,71,76,79,81,84,86,90,98,99,101,109,122,125,130,131,133,138,140,141,142 "89";
90 54 0 5,8,11,13,14,29,32,34,38,52,63,67,79,81,88,89,96,99,104,111,120,123,129,131,132,134,137,139,147 "90";
91 55 0 0,1,4,8,10,14,15,16,17,20,22,24,25,29,30,33,34,36,40,42,43,45,47,49,51,52,54,61,62,63,65,68,69,71,73,75,77,78,81,84,85,89,94,95,99,101,104,107,108,110,112,116,117,118,121,123,126,127,129,132,135,136,139,142,143,147 "91";
92 65 1 0,1,3,5,7,9,11,12,14,17,20,21,23,24,27,28,29,33,35,37,38,40,43,44,46,47,49,51,53,54,55,59,60,62,67,68,70,72,73,75,77,78,79,81,84,85,88,89,92,97,99,101,102,105,109,111,114,115,117,119,122,125,126,127,128,130,132,134,135,140,143,144 "92";
93 141 0 9,18,22,42,43,63,72,95,105,120,122 "93";
94 137 0 15,23,30,31,33,35,51,55,56,95,97,112,137,138 "94";
95 101 1 22,29,42,61,63,71,73,85,103,147 "95";
96 121 1 3,20,35,36,54,60,77,79,90,93,102,122 "96";
97 105 1 1,2,3,5,6,8,10,11,15,19,21,22,24,28,29,30,32,34,36,38,41,42,43,45,47,49,51,53,55,56,58,60,61,62,65,68,73,75,76,78,80,81,83,86,88,90,94,95,96,99,101,103,105,106,109,112,115,117,119,121,122,124,127,133,135,139,141,143,144,147 "97";
98 75 0 0,3,7,9,11,13,14,15,18,19,21,22,23,28,29,31,33,34,35,40,41,42,43,46,49,50,54,55,57,59,60,61,63,67,70,71,72,75,77,79,83,85,86,88,92,93,94,95,96,98,102,103,105,107,108,112,113,115,117,118,119,120,122,124,126,130,133,138,139,144,146,147 "98";
99 41 0 2,5,15,20,36,48,58,70,74,76,81,85,96,98,104,127,131,138,140,145,147 "99";
100 53 0 0,3,4,7,11,12,13,15,17,22,24,27,31,32,37,45,46,48,49,52,53,54,56,59,64,66,67,68,70,71,73,78,79,82,84,89,90,92,94,97,99,101,102,105,108,110,112,113,115,118,119,122,123,125,129,130,132,133,134,138,145,146,147 "100";
101 70 0 0,2,3,4,7,8,11,18,19,21,22,25,27,28,30,35,40,41,43,44,47,49,52,54,56,59,60,62,66,67,69,72,74,76,81,83,87,88,90,92,94,97,98,100,102,103,105,109,111,116,120,122,124,125,130,135,138,139,143,144,145,147 "101";
102 91 1 1,5,7,12,13,15,16,17,18,20,21,25,27,30,33,34,35,37,40,42,46,48,52,57,59,62,63,65,67,68,71,72,75,76,81,85,86,88,89,92,93,94,96,97,102,104,107,111,114,116,118,120,121,123,125,127,128,129,131,134,136,137,140,141,142,143,146 "102";
103 106 0 22,30,47,54,87,90,110,119,135,136 "103";
104 14 1 0,2,5,7,8,14,15,16,19,20,21,24,27,28,30,32,33,35,37,38,40,45,46,47,49,52,55,57,58,60,61,63,64,65,67,68,69,70,73,75,76,78,79,82,84,87,89,90,92,93,94,97,99,100,102,104,106,108,112,113,115,118,119,121,123,124,127,130,135,137,142,145 "104";
105 111 0 1,3,4,6,7,9,15,16,18,21,24,25,27,30,31,32,35,40,41,44,47,50,53,56,58,59,61,62,68,72,73,74,76,78,81,84,85,96,97,98,101,104,109,110,112,114,116,119,120,124,126,128,132,133,134,137,140,141,147 "105";
106 140 0 6,13,19,27,45,47,60,80,86,89,93,95,105,109,115,119,121,127,133,136,138,139 "106";
107 93 0 5,9,10,14,21,22,39,93,95,97,103,111,117,123,130,135,138 "107";
108 114 0 1,2,4,6,7,9,17,18,21,23,29,31,33,37,38,40,43,44,45,46,50,51,52,53,56,59,60,63,66,68,69,71,74,76,82,84,86,89,93,95,97,100,106,108,111,115,117,118,120,121,123,124,127,130,134,136,137,139,143,144,147 "108";
109 82 0 0,3,6,10,15,18,20,22,29,39,44,54,57,64,68,69,71,75,85,92,93,100,102,104,107,110,117,119,121,133,134,139,141,145,146 "109";
110 62 1 0,1,7,8,11,14,16,17,22,23,25,27,29,30,33,34,36,37,38,40,41,43,44,46,48,51,52,53,57,64,67,68,70,71,73,75,78,80,84,86,88,90,91,97,99,101,103,108,112,113,116,124,127,128,131,135,136,138,140,142,143,144,147 "110";
111 148 0 14,17,19,23,32,36,44,50,53,58,61,63,70,77,79,83,89,94,100,103,107,117,123,125,127,133,135,136,143,146 "111";
112 81 1 0,1,4,5,8,12,14,30,32,37,39,43,48,51,52,53,56,57,60,61,63,64,67,72,75,76,78,80,84,85,90,92,102,109,114,115,116,118,122,123,127,130,132,134,141,145,147 "112";
113 105 1 2,20,43,46,59,65,78,80,82,83,99,103,108,116,121,127,138 "113";
114 17 0 0,2,4,5,6,10,12,15,17,19,21,23,24,26,27,29,31,32,34,37,39,41,42,43,44,46,49,51,52,57,59,64,69,71,72,74,76,79,81,82,83,87,88,89,91,92,94,97,99,101,104,105,107,108,109,112,115,117,119,120,127,129,130,131,133,134,136,138,140,143,145,146,147 "114";
115 94 1 0,1,2,5,6,10,11,13,14,15,18,21,23,24,27,28,30,34,37,38,41,43,45,49,54,58,60,64,66,68,71,73,75,76,78,80,82,83,85,87,88,90,94,100,102,104,106,108,110,111,112,113,115,118,119,121,122,124,127,131,136,138,140,145,147 "115";
116 110 0 38,50,61,87,127 "116";
117 72 0 1,12,15,21,24,29,33,34,40,42,44,45,50,54,63,70,76,78,84,87,90,92,97,100,103,107,111,114,123,127,133,136,141 "117";
118 131 0 2,7,10,11,13,18,21,26,28,31,33,38,40,43,45,50,54,56,60,63,64,65,67,72,76,78,84,86,89,93,96,97,98,100,102,111,114,118,120,122,123,125,126,128,132,138,139,143,144,146 "118";
119 143 1 26,45,51,55,74,116 "119";
120 22 1 0,7,12,21,26,30,31,34,35,37,41,49,52,53,57,58,59,63,71,73,75,77,79,81,82,84,86,88,89,90,95,96,100,101,103,106,108,111,113,115,116,120,123,125,126,129,130,132,136,137,138,140,142,145,146,147 "120";
121 108 0 0,3,8,10,13,18,23,24,27,30,33,37,48,59,60,62,69,72,75,80,82,87,88,90,92,95,96,99,103,105,107,111,115,123,124,128,129,136,141,145 "121";
122 129 1 2,7,8,18,20,29,32,35,52,54,56,58,60,62,67,68,75,78,89,94,98,115,124,125,128,135,140,141 "122";
123 114 1 7,16,21,39,41,46,94,106,110,117 "123";
124 11 0 1,4,9,11,13,16,21,25,27,28,32,33,36,38,41,43,44,46,47,49,53,55,57,60,61,63,64,65,66,72,80,82,84,94,100,102,104,108,110,112,116,122,125,128,129,132,133,138,141,143,145 "124";
125 42 1 0,1,4,7,13,15,16,18,20,21,22,23,25,28,31,35,37,38,40,42,46,53,56,59,63,68,70,76,78,81,82,84,86,89,91,98,101,104,107,110,116,118,122,124,126,128,130,134,136,143,145,146 "125";
126 134 0 1,8,13,16,25,27,28,29,30,39,41,42,47,48,49,52,54,62,72,77,79,82,86,88,96,101,103,119,122,123,127,130,133,140,145 "126";
127 28 1 15,31,39,48,53,64,67,73,76,80,83,88,104,110,126,139 "127";
128 87 1 2,3,8,12,18,20,21,25,29,36,39,45,47,48,49,51,54,58,59,62,64,65,67,70,71,74,75,79,82,85,97,98,102,105,106,107,111,113,118,125,128,129,131,138,141,146 "128";
129 129 0 0,1,3,5,10,12,15,19,20,21,26,29,30,31,34,35,39,40,42,43,45,47,51,52,53,54,55,57,58,61,62,64,68,69,71,73,74,78,81,83,84,87,88,90,92,94,96,97,99,100,104,105,107,111,113,114,116,118,121,122,123,125,127,130,131,132,135,137,139,141,144,146,147 "129";
130 96 0 9,12,20,22,26,39,41,45,51,54,55,68,71,79,86,107,111,119,129,136 "130";
131 114 0 7,21,26,30,41,46,49,56,82,85,94,110,130,141 "131";
132 110 0 2,4,10,12,15,19,21,32,34,38,52,59,61,66,72,76,80,84,88,91,95,106,111,114,130,137,140 "132";
133 98 1 1,4,5,10,14,16,18,22,23,29,31,35,38,47,54,58,59,63,68,72,75,77,79,82,88,96,103,106,114,122,133,137,139,141 "133";
134 85 1 4,11,13,19,22,40,62,80,84,90,96,99,108,112,115,120,139,141 "134";
135 91 1 1,2,3,5,7,13,15,16,18,20,21,23,25,26,28,31,33,35,36,37,39,41,43,44,45,47,48,49,52,53,60,62,66,67,69,72,73,74,76,79,80,82,83,86,87,90,91,92,93,95,98,100,101,103,106,109,111,115,116,121,122,127,128,133,136,138,139,144,146 "135";
136 80 1 0,1,5,7,8,9,11,16,19,21,23,24,28,31,33,36,41,43,45,47,48,50,55,57,58,59,61,67,70,72,73,76,80,83,84,88,90,92,94,95,98,99,100,101,102,104,106,109,110,111,112,113,115,119,122,123,125,127,128,131,132,135,137,138,140,141,143,146,147 "136";
137 13 0 1,4,6,8,10,15,21,25,28,29,33,35,36,38,39,41,48,51,53,55,57,58,59,61,62,64,66,71,73,75,77,80,85,87,90,92,94,99,100,102,107,112,117,118,119,122,123,125,130,131,135,137,138,140,144 "137";
138 18 0 1,13,19,23,28,39,66,74,80,90,102,115,117,121,129,132,137,146,147 "138";
139 26 0 58,87,138,147 "139";
140 29 1 3,4,11,23,24,31,36,46,54,65,70,85,91,100,102,108,114,118,130,133,140 "140";
141 90 0 2,6,9,12,16,19,23,27,29,31,34,35,46,48,51,54,58,63,65,66,68,74,80,84,88,95,97,115,117,129,130,133,136,138,141,143 "141";
142 20 1 1,3,4,5,10,16,17,21,23,28,29,30,34,37,39,43,45,47,52,53,55,56,58,59,61,63,66,68,71,74,76,78,79,81,82,84,85,88,94,96,106,110,111,113,116,117,119,123,126,127,128,129,131,132,139,140,142,145,147 "142";
143 55 0 1,8,14,22,29,35,38,48,56,70,75,78,80,84,91,96,97,102,111,114,119,123,124,125,129 "143";
144 13 0 0,1,3,5,7,9,11,12,16,17,18,19,21,24,25,28,30,31,33,38,39,40,43,44,45,47,50,51,52,54,57,58,59,61,62,68,70,72,73,77,79,80,82,83,89,91,96,98,99,106,110,112,113,114,119,122,127,128,129,130,134,136,138,140,141,143,145 "144";
145 79 0 2,3,5,7,8,10,14,15,17,18,20,22,26,28,31,32,34,36,37,38,41,46,48,50,54,55,56,59,63,65,66,68,69,70,74,77,78,82,83,84,85,92,93,94,96,101,104,106,107,108,113,115,117,119,121,124,127,129,130,132,135,140,142,143,145,147 "145";
146 147 0 16,42,46,68,83,86,93,106,122,132,140,145 "146";
147 118 0 3,6,9,15,16,19,23,27,29,36,44,55,56,61,66,68,69,70,74,81,82,93,94,96,98,106,107,110,113,116,118,120,121,127,136,145,146 "147";
