parity 27;
0 11 0 2,4,8,13,16,21,27 "0";
1 14 1 1,3,4,9,20 "1";
2 23 0 1,3,5,10,13,16,18,20,21,22,24,25,26,27 "2";
3 8 0 10,11,22 "3";
4 19 0 2,3,4,8,10,11,13,14,15,19,22,24,25,27 "4";
5 20 1 8,10,15,16,20,23,26,27 "5";
6 17 1 0,2,5,8,10,17,22,25 "6";
7 14 0 0,1,4,8,9,11,13,15,16,17,19,24,26 "7";
8 21 1 9,11,20,21,27 "8";
9 11 0 8,16,17,19,22 "9";
10 14 0 3,5,8,23,24,27 "10";
11 3 0 0,1,3,4,6,7,9,14,15,17,19,21,25,26 "11";
12 25 1 1,2,5,6,10,13,16,22,25,27 "12";
13 4 0 0,2,3,5,7,15,18,24,26 "13";
14 12 0 15 "14";
15 1 0 1,3,4,10,12,15,16,18,20,21,24,26,27 "15";
16 10 1 1,2,4,7,9,10,11,12,15,18,24,25,27 "16";
17 18 0 1,6,7,9,12,16,18,20 "17";
18 25 0 13,17,19,25 "18";
19 5 0 3,4,6,7,8,10,11,13,16,20,27 "19";
20 25 1 5 "20";
21 22 0 2,5,6,11,15,16,18,20 "21";
22 10 0 3,9,21 "22";
23 5 0 2,5,11,14,16,18,22,27 "23";
24 11 1 3,7,9,10,13,14,18,19,22,23,25,27 "24";
25 19 1 1,2,4,5,7,10,12,13,14,16,17,19,20,22 "25";
26 5 1 0,4,8,13,17,19,20,21,24,27 "26";
27 13 1 2,27 "27";
