parity 136;
0 35 0 3,27,35,53,57,92 "0";
1 137 0 3,5,10,11,13,20,25,28,31,33,40,41,42,60,61,65,70,76,78,98,99,102,111,114,117,119 "1";
2 118 0 0,2,3,5,7,9,10,17,18,21,25,26,30,31,34,36,37,39,41,42,44,49,50,52,54,55,56,59,64,65,68,70,74,78,80,81,83,84,85,87,89,93,94,98,99,101,102,103,106,110,115,116,118,121,124,125,128,129,132,133,134 "2";
3 14 0 1,3,5,7,9,12,15,17,19,20,21,23,25,27,28,30,31,35,37,41,42,44,48,49,52,54,58,60,63,64,67,70,76,77,80,81,85,86,88,89,92,94,95,98,103,104,108,112,117,119,123,130,132,135 "3";
4 18 0 2,8,15,20,21,25,29,31,33,35,40,47,50,63,64,65,71,86,88,93,95,98,107,116,124,130 "4";
5 60 0 0,4,6,7,12,14,17,18,21,26,29,30,32,34,36,38,41,43,45,47,48,51,53,55,58,59,62,64,65,69,70,72,75,76,78,79,80,82,84,85,88,89,90,94,95,98,100,104,106,108,113,115,118,119,122,123,126,130,131,132 "5";
6 7 1 1,6,29,43,47,48,53,58,64,73,85,90,104,108,110,112,114,117,119,125,128,129,130 "6";
7 102 1 5,6,8,11,13,15,16,18,21,23,25,27,34,36,38,40,41,46,51,53,55,57,60,63,64,66,68,70,72,74,79,82,84,85,87,90,94,96,97,99,101,102,105,107,110,115,116,118,119,121,122,125,127,132,134 "7";
8 33 0 1,9,13,18,21,28,32,33,42,46,56,62,69,73,76,79,81,86,96,99,100,102,107,109,113,123,128,136 "8";
9 13 0 0,1,2,6,9,11,13,15,16,17,20,22,24,27,28,31,33,35,37,38,40,42,45,47,48,51,52,55,58,60,62,63,64,69,70,72,73,75,77,80,83,84,86,88,90,91,94,96,97,99,100,104,105,109,111,113,114,117,118,121,123,124,125,126,128,129,131,135 "9";
10 108 0 11,16,22,29,43,47,61,64,79,96,101,104,109,115,119,130 "10";
11 15 0 0,1,5,6,10,11,15,17,19,21,26,28,31,32,34,38,42,43,46,48,51,53,54,56,58,60,62,66,67,69,71,72,74,75,76,78,79,83,85,87,88,92,94,95,97,101,102,105,106,112,116,118,120,125,128,130,132,134,135,136 "11";
12 117 1 8,11,20,23,33,39,48,55,60,61,63,67,72,77,79,80,85,92,94,95,96,97,98,104,107,112,115,120,132,136 "12";
13 114 1 1,3,5,6,7,10,11,14,15,21,23,24,27,29,30,32,33,34,36,39,42,44,49,50,51,52,55,58,59,60,62,63,65,66,68,70,74,77,78,80,81,84,89,90,92,93,95,96,97,98,100,102,106,108,109,110,114,115,117,119,120,123,125,127,129,131,133,136 "13";
14 79 0 4,7,18,28,32,37,41,49,68,70,81,89,93,116,118,119,124,128,130,132 "14";
15 76 1 2,4,6,8,10,12,16,17,18,21,23,25,27,30,33,34,36,37,39,41,42,43,46,49,51,52,54,55,58,59,60,63,64,66,68,72,73,75,77,78,79,81,83,88,90,91,93,98,99,102,103,105,106,108,112,114,120,121,123,126,128,129,131,135,136 "15";
16 2 0 3,6,8,9,11,15,19,20,22,26,27,29,31,33,35,37,40,42,43,44,45,46,50,51,53,56,62,64,68,71,72,74,77,82,83,84,86,88,90,92,95,97,98,100,102,103,105,108,109,111,112,120,121,126,130,133,135,136 "16";
17 50 1 26,59,63,89 "17";
18 39 0 0,5,8,11,13,18,19,21,22,23,25,26,29,30,34,35,36,38,42,45,46,49,51,54,59,61,64,66,67,68,73,74,75,77,78,80,84,86,88,89,91,92,94,98,99,103,104,105,108,109,111,112,114,115,116,118,120,122,125,128,131,132,133,135,136 "18";
19 16 0 2,5,10,15,17,22,28,30,34,36,44,46,59,61,68,71,72,79,85,87,89,98,106,110,115,117,120,124 "19";
20 107 0 0,5,11,14,20,25,26,29,32,36,39,40,44,45,48,50,52,53,64,65,72,77,78,82,88,89,92,93,95,98,106,111,112,114,119,120,123,128,130 "20";
21 44 0 10,12,32,51,68,73,75,77,89,99,101,113,119,130 "21";
22 0 1 0,1,3,7,9,11,19,21,34,38,41,42,48,51,54,55,57,61,62,64,67,68,69,72,73,77,79,81,85,88,92,93,96,97,102,106,107,110,111,115,116,118,119,122,124,126,128,129,130,133,134,136 "22";
23 79 0 0,3,6,13,15,16,18,20,23,24,25,26,29,31,38,41,43,46,47,51,52,55,58,60,61,73,75,80,81,83,86,87,89,91,92,93,94,95,100,101,102,107,109,111,114,116,119,120,124,125,126,128,130,132,133 "23";
24 28 0 14,23,31,36,38,42,64,69,77,89,91,98,99,101,127 "24";
25 0 1 0,5,7,13,17,22,36,37,45,51,52,53,57,60,76,77,79,84,90,96,99,101,103,106,109,110,122,125,131,133,134,136 "25";
26 61 0 2,4,5,7,9,13,17,27,31,33,36,42,45,47,49,51,53,55,58,61,67,71,72,84,93,96,104,107,108,110,111,113,114,115,119,134 "26";
27 30 1 2,3,7,9,11,13,16,19,21,23,28,34,37,44,45,47,49,50,57,58,71,80,82,89,96,99,103,105,108,109,111,113,115,117,121,126,133 "27";
28 79 1 1,16,33,38,42,73,81,91,105,132 "28";
29 112 0 25,132 "29";
30 13 1 1,5,7,8,10,13,15,16,18,19,24,27,30,32,35,38,40,47,53,54,55,57,59,60,61,64,65,66,68,69,74,75,77,80,82,84,85,87,89,91,96,99,100,101,102,104,105,112,115,117,119,122,124,125,127,130,132,134,135,136 "30";
31 95 0 2,8,10,14,24,29,32,37,42,44,47,51,56,63,65,67,69,79,88,93,98,105,109,118,130 "31";
32 72 1 5,22,30,63,71,80,84,90,94,99 "32";
33 55 1 107,129 "33";
34 128 0 3,24,31,32,38,42,52,69,78,86,88,89,94,98,103,108,122,130 "34";
35 4 1 2,3,4,6,8,10,11,14,16,18,20,22,25,26,27,28,31,32,38,42,43,45,46,49,51,52,53,55,58,59,60,61,63,66,67,71,72,74,76,77,79,84,87,88,89,91,94,96,99,103,104,106,108,110,112,114,116,117,119,120,123,126,127,131,134,135,136 "35";
36 8 0 2,4,6,7,9,10,12,13,15,17,18,21,22,24,25,27,28,29,31,35,37,38,40,41,42,44,46,48,51,52,53,57,60,63,65,67,69,71,72,75,77,78,81,82,84,92,93,95,96,98,99,101,104,105,107,108,110,113,114,115,118,120,124,126,133,134 "36";
37 123 0 1,4,8,9,17,19,21,23,31,33,43,45,49,50,53,57,58,61,65,72,73,82,89,99,100,103,104,108,110,113,115,116,118,123,125,129,131,133 "37";
38 122 0 1,3,8,10,12,13,17,20,21,23,24,26,29,33,34,36,38,40,41,48,49,51,56,58,59,60,62,65,66,69,70,72,75,77,79,82,85,89,93,95,98,100,101,104,107,110,111,113,114,115,116,119,121,122,124,125,127,128,130,131,133,134 "38";
39 96 0 0,4,5,7,8,10,11,13,17,20,21,22,25,27,29,34,36,42,46,49,51,60,61,67,70,74,75,78,81,86,87,88,90,93,94,98,101,105,107,110,112,117,118,119,121,123,124,126,127,134,135 "39";
40 32 0 1,3,4,7,9,10,11,12,13,17,20,23,25,32,35,36,38,40,43,44,48,51,52,56,57,59,61,64,68,69,72,73,75,78,81,83,86,88,92,94,96,100,101,102,104,106,108,109,113,115,119,121,123,126,128,132 "40";
41 68 0 0,3,5,7,9,11,14,15,17,22,24,27,28,30,33,34,36,39,41,43,50,52,56,60,61,64,67,70,71,74,76,78,84,85,87,89,92,93,95,97,105,106,110,112,117,118,123,124,126,128,132,135 "41";
42 110 0 4,5,8,12,25,28,29,34,39,41,44,46,48,53,56,57,60,62,65,82,86,89,90,92,93,97,104,107,108,111,114,119,123,124,127,129,132,135,136 "42";
43 115 1 4,7,13,16,26,30,39,46,51,52,57,58,59,64,69,72,74,79,100,101,104,108,113,116,118,120,122,127,133,134 "43";
44 39 1 1,4,6,20,30,33,39,40,47,51,52,58,71,76,77,82,94,107,113,117,118,134 "44";
45 31 1 0,1,2,3,4,8,9,11,13,14,15,17,19,20,22,24,27,28,35,37,39,41,42,44,46,49,50,56,58,60,62,63,64,65,67,68,69,72,73,74,75,78,80,83,85,87,91,93,95,97,99,104,106,107,109,110,111,113,114,119,121,123,126,128,130,132,133,136 "45";
46 57 0 32,44,50,114,119 "46";
47 0 0 14,20,25,27,31,32,34,39,40,42,46,47,52,58,62,73,77,79,82,84,86,89,92,96,98,102,103,105,108,116,119,122,124,127,132,133,134,136 "47";
48 89 1 53,71,85,112,114,128,134,136 "48";
49 122 0 0,2,3,4,8,10,11,13,18,22,23,24,27,30,35,38,42,44,46,49,54,56,64,66,70,73,75,77,81,83,87,88,89,96,99,100,102,111,113,114,115,117,121,123,124,126,129,135 "49";
50 131 1 0,6,12,14,17,18,20,22,24,29,31,34,37,40,41,42,44,45,47,48,50,52,54,57,59,69,73,74,77,79,85,89,90,93,98,99,102,105,107,108,110,111,113,116,122,125,129,131,133 "50";
51 88 0 9,10,12,16,17,21,23,36,42,43,44,46,51,53,54,60,62,70,71,78,81,86,88,89,93,101,104,106,111,115,118,119,121,126,129,136 "51";
52 54 0 11,31,35,37,41,46,55,65,79,80,100,103,115,125,128,136 "52";
53 22 1 1,2,5,6,9,11,14,15,17,23,24,26,27,31,37,39,41,48,49,51,52,54,58,61,64,65,66,68,70,71,74,75,76,78,79,80,84,86,87,90,93,95,98,100,104,105,106,109,110,111,112,117,119,120,122,124,127,128,132,134 "53";
54 73 1 0,2,4,7,10,12,14,15,17,21,23,27,30,31,34,36,38,40,42,47,48,50,52,57,58,63,64,67,71,72,76,79,80,83,85,87,92,97,100,104,105,109,112,116,118,120,122,123,126,128,131,133,135 "54";
55 9 1 2,3,7,8,10,11,15,18,20,21,23,24,27,37,43,44,47,48,50,55,61,67,73,76,78,79,81,83,87,88,90,97,99,101,103,107,109,111,117,125,128,130,133,136 "55";
56 86 1 11,16,21,40,41,47,53,54,73,76,78,93,97,118,125 "56";
57 104 1 1,3,5,7,9,12,17,21,26,38,41,43,45,49,51,53,56,58,62,66,67,69,78,83,90,93,94,97,99,103,109,113,116,117,120,121,124,126,128,131,132,134,135,136 "57";
58 65 0 0,1,4,6,7,10,14,16,17,18,20,21,24,27,31,32,35,36,37,40,41,44,47,50,52,53,55,58,59,61,63,65,68,70,76,78,83,84,86,88,91,93,94,97,100,102,107,110,113,115,118,120,122,125,131,133,134 "58";
59 41 0 3,4,8,13,15,17,24,28,32,38,48,62,70,72,73,75,77,83,84,85,88,91,93,95,97,101,107,112,113,115,121,123,130,132,133,134,136 "59";
60 88 0 2,13,15,18,19,22,43,50,53,54,62,75,88,110,113,115,116,119,124 "60";
61 1 0 3,8,24,30,45,53,76,132 "61";
62 94 1 13,17,19,20,27,29,30,31,32,35,36,41,43,44,46,49,50,52,54,59,64,65,68,69,73,74,76,79,83,86,87,95,96,98,99,100,102,105,110,113,115,117,118,121,125,127,131,135 "62";
63 66 1 0,4,6,8,9,10,11,14,15,16,18,22,25,26,30,33,35,38,40,42,43,45,46,47,50,55,58,60,63,68,72,73,74,78,80,82,84,87,93,94,96,98,100,101,104,107,110,112,113,115,117,119,120,122,123,124,126,130,131,133,134 "63";
64 42 1 0,4,6,12,15,19,24,26,27,29,30,31,34,35,37,38,39,40,42,45,47,50,51,54,56,59,60,62,64,65,69,74,76,79,83,86,89,91,95,96,99,100,101,107,109,110,111,114,117,118,122,124,127,128,133 "64";
65 37 0 1,2,4,8,10,12,16,17,19,22,23,25,26,28,30,32,34,36,37,40,43,45,47,53,56,57,59,61,64,65,69,70,72,73,75,76,79,82,86,90,94,96,98,101,102,107,109,112,115,118,121,123,126,127,128,129,131,133,135,136 "65";
66 77 1 0,5,7,14,22,24,30,35,37,46,53,66,73,78,80,83,91,93,107,113,119,121,123,128,129,135 "66";
67 120 1 26,29,42,66,72,75,82,84,100,104,107,127 "67";
68 45 0 0,2,3,4,8,21,22,24,25,26,27,30,32,33,34,36,38,40,44,46,48,49,50,52,53,54,55,57,59,60,61,62,64,65,67,68,70,73,77,79,80,82,83,86,89,91,94,95,100,101,103,105,107,109,111,114,115,116,117,120,121,123,125,127,128,132,135,136 "68";
69 29 0 1,3,5,14,23,25,28,33,40,42,47,48,52,54,58,62,64,70,72,74,77,79,85,86,88,93,95,98,105,108,113,117,121,127,128,132 "69";
70 22 1 2,6,7,11,16,18,20,21,23,25,30,31,33,35,40,41,46,48,49,55,59,70,72,73,81,87,89,91,94,98,100,103,108,112,115,117,123,126,128,135 "70";
71 3 0 14,23,30,31,42,50,71,78,81,91,101,117 "71";
72 87 0 2,6,11,13,18,20,23,24,28,29,34,36,37,38,40,43,44,45,51,52,61,66,70,71,81,82,84,89,90,91,96,98,99,100,103,104,106,109,111,113,117,121,124,126,129,132,134,135 "72";
73 95 0 0,4,5,8,9,14,15,17,20,24,25,26,28,32,33,36,38,40,42,44,45,48,50,51,52,53,54,56,58,60,63,66,71,73,75,79,80,82,83,89,95,96,98,101,102,103,105,107,110,112,113,114,117,118,119,121,123,124,125,127,128,129,130,132,134,135 "73";
74 62 1 1,5,7,8,12,20,21,40,56,57,72,79,102,105,129 "74";
75 88 0 0,10,13,16,21,31,69,100,105,110,121 "75";
76 108 1 15,37,41,43,46,56,64,67,75,99,120 "76";
77 81 0 3,5,8,10,11,13,16,19,21,22,23,26,31,32,34,36,37,39,40,43,44,48,50,53,55,57,59,62,65,68,69,71,76,78,81,83,85,86,87,88,92,97,99,102,103,105,106,108,109,114,117,119,120,126,131,134,136 "77";
78 57 0 2,6,8,11,12,13,14,16,17,18,20,22,26,27,30,32,33,36,38,39,42,44,46,48,50,51,52,55,57,58,60,62,64,66,69,71,74,76,80,81,84,89,91,93,96,97,99,101,103,106,107,111,113,115,116,117,119,121,122,131,132,133,134,136 "78";
79 71 0 33,55,93,107,135 "79";
80 66 1 2,4,8,16,17,22,26,27,30,32,35,37,46,51,55,64,68,70,78,80,82,87,90,92,98,99,101,103,105,108,112,113,114,121,122,127,132 "80";
81 101 1 0,2,3,8,9,10,14,15,16,23,24,25,28,29,30,34,36,38,39,41,42,43,46,48,50,52,53,56,59,60,62,63,64,65,66,70,72,75,77,79,81,84,86,88,90,93,94,97,98,100,102,104,105,106,112,115,117,120,121,122,124,125,129,130,131,134,135,136 "81";
82 58 1 1,4,5,6,8,11,12,13,15,16,18,20,22,24,25,26,28,29,33,34,35,37,38,40,41,44,46,47,48,49,50,52,53,55,58,62,66,68,70,72,82,83,85,87,91,93,95,96,101,102,106,109,111,115,120,123,125,127,128,130,131,135 "82";
83 65 1 0,3,5,8,10,14,15,18,29,31,33,43,45,50,51,55,56,57,59,64,65,70,74,76,82,84,86,88,91,92,93,98,99,106,109,112,115,117,127,129,133 "83";
84 56 1 0,8,10,12,14,15,22,23,24,31,38,42,44,49,51,52,65,73,74,77,81,84,87,91,98,107,119,121,123,129,133,135 "84";
85 62 0 3,4,6,8,13,16,17,18,19,22,24,25,27,28,29,32,33,37,40,43,45,48,53,55,56,57,59,61,62,63,66,69,70,72,73,74,76,77,82,83,87,88,91,94,95,96,99,101,102,104,107,112,113,116,118,120,122,124,126,128,130,133 "85";
86 135 1 0,2,3,5,6,10,11,13,15,17,20,23,25,29,32,34,35,36,39,42,56,57,61,63,64,65,67,69,71,72,74,76,77,80,84,86,87,90,94,96,98,99,103,105,108,110,113,114,116,117,120,121,122,124,127,130,131,134,136 "86";
87 137 0 0,4,12,15,23,27,30,37,39,43,44,49,53,59,60,63,65,67,70,76,78,86,87,88,92,93,96,102,105,107,110,113,117,119,122,127,129,132,133 "87";
88 25 0 2,30,59,77,88,105,134 "88";
89 75 0 1,2,5,8,10,14,15,19,20,21,23,25,27,29,30,34,35,36,38,40,43,50,51,53,54,56,57,58,60,65,67,68,71,74,76,77,79,80,81,84,86,89,92,94,100,102,108,110,120,122,123,126,127,130,132,134,136 "89";
90 47 1 1,6,7,8,9,11,12,14,16,18,20,21,23,25,28,30,32,34,36,38,41,44,46,48,53,56,58,61,63,65,67,69,71,75,78,79,81,83,84,87,89,92,93,95,97,99,101,102,104,107,108,111,114,116,118,121,127,129,132,134,135,136 "90";
91 7 1 1,25,34,44,55,61,74,76,102,109 "91";
92 39 0 19,34,75,82,95,98,104,105,120,126,130 "92";
93 110 1 1,7,9,25,31,39,51,53,59,65,73,75,81,94,96,101,102,110,135,136 "93";
94 23 1 3,16,22,33,36,39,43,59,68,72,79,90,94,98,101,106,112,117,119,121,123,130,132 "94";
95 93 1 1,11,40,69,84,88,95 "95";
96 45 0 1,16,49,51,52,63,69,73,74,91,96,113,118,126,127,130 "96";
97 68 1 1,5,6,7,11,13,14,16,18,21,23,24,26,29,32,34,36,41,42,45,47,48,52,54,56,57,59,61,63,69,73,74,77,80,83,84,85,88,94,98,99,100,103,104,107,108,112,113,115,116,119,121,122,124,125,128,130,133,136 "97";
98 7 1 6,18,28,32,39,45,56,59,62,67,71,85,87,103,105,114,121 "98";
99 131 1 0,2,8,10,11,13,15,17,18,21,22,23,24,27,29,32,33,36,38,40,43,48,51,54,56,58,63,66,67,68,72,73,75,77,78,79,81,85,86,87,88,89,91,93,96,99,103,106,109,111,115,119,121,122,126,128,129,136 "99";
100 37 1 13,14,16,21,22,24,35,37,39,40,45,52,63,67,88,89,110,113,129 "100";
101 14 0 0,6,29,32,33,42,50,59,87,96 "101";
102 87 1 0,1,5,7,9,11,12,13,15,16,17,18,21,23,24,25,28,31,32,34,35,37,40,45,48,50,53,55,56,57,58,60,61,63,64,66,67,69,71,72,74,76,77,79,81,82,85,86,90,92,94,97,98,101,103,109,110,113,114,117,119,122,125,127,128,131,133,134 "102";
103 24 1 5,6,9,10,15,25,28,36,38,41,49,51,62,66,68,69,71,75,77,80,82,83,86,88,90,91,93,94,98,100,102,106,109,112,116,119,121,123,130 "103";
104 22 1 12,89,100,116 "104";
105 36 1 3,6,8,14,15,20,24,26,40,48,49,53,55,56,58,61,83,86,92,93,104,105,107,110,111,119,121 "105";
106 131 0 0,1,5,8,10,14,18,21,24,25,29,31,33,34,35,39,41,43,44,47,49,51,54,58,60,62,67,68,75,89,103,105,106,111,116,124,126,127,129,131,132,136 "106";
107 21 0 0,16,21,25,54,65,66,75,78,92,100,113,131 "107";
108 76 1 17,20,25,64,77,80,82,90,97,102,105,128,134 "108";
109 43 1 2,3,6,9,11,12,16,19,21,22,24,26,28,30,32,34,37,44,45,47,50,52,55,57,60,63,66,68,69,73,75,76,80,83,86,88,90,91,94,96,102,106,107,108,110,112,113,115,119,123,124,127,129,135 "109";
110 95 0 0,2,4,5,6,8,9,10,12,13,17,18,20,22,25,26,27,29,30,31,36,39,42,43,44,45,48,50,52,57,60,63,66,68,71,74,78,81,85,88,89,91,95,97,99,101,102,103,107,108,109,112,113,115,116,118,119,121,123,125,128,130,134,136 "110";
111 94 1 9,13,39,70,78,126 "111";
112 42 1 0,2,5,7,8,10,11,13,14,17,21,22,24,25,27,29,33,36,37,39,40,42,45,46,48,49,51,54,58,60,62,63,64,66,68,69,72,74,75,76,79,80,82,84,85,86,88,89,92,93,96,104,106,108,110,113,114,116,124,127,129,132,133,134,136 "112";
113 134 1 0,2,3,5,9,12,15,17,18,20,26,32,35,36,37,39,41,42,46,48,53,54,60,64,66,67,70,72,75,76,78,80,81,89,90,92,95,97,103,106,108,110,111,113,115,117,121,122,124,126,127,128,131,133,134,136 "113";
114 29 1 0,2,7,9,13,15,17,19,24,26,27,32,35,39,40,42,44,46,47,50,52,54,57,63,65,68,71,73,81,84,90,93,96,99,101,104,108,112,119,121,123,126,129,130,131 "114";
115 25 0 0,2,6,8,12,14,16,17,20,26,27,30,35,40,41,43,44,48,52,54,56,57,59,61,62,65,67,68,72,78,80,88,91,93,96,99,101,102,104,107,109,111,114,116,118,120,123,125,126,128,130,132,135 "115";
116 22 1 0,3,9,12,15,17,23,25,29,31,36,41,45,52,53,57,63,68,70,71,73,82,85,89,94,95,96,103,105,106,107,108,113,124,125,127,130,132 "116";
117 116 0 1,3,5,6,9,16,18,23,26,29,32,34,36,40,42,44,49,50,57,59,61,68,70,71,81,83,92,97,103,104,108,110,112,114,126,128,132,134 "117";
118 62 1 0,2,3,6,8,10,11,13,14,17,19,22,23,25,27,32,34,35,37,38,40,41,45,48,51,55,59,60,61,65,66,69,71,73,77,78,80,81,83,87,89,91,94,96,97,98,102,104,111,117,118,121,122,123,125,128,134,136 "118";
119 78 1 0,3,5,8,11,14,15,17,19,20,22,24,27,28,30,33,35,36,39,41,43,44,46,48,50,52,53,55,57,59,62,68,72,75,77,79,80,83,85,87,89,91,94,95,98,99,101,102,104,109,114,115,119,121,123,125,129,131,132 "119";
120 76 0 2,3,5,8,9,11,13,15,18,23,26,28,29,32,35,38,43,45,46,47,50,52,55,58,63,68,69,74,75,79,82,85,91,94,97,98,100,101,105,107,109,110,114,116,118,119,120,123,128,132,134 "120";
121 75 0 2,3,5,6,9,14,16,20,22,28,30,33,35,38,40,42,43,46,48,50,51,53,55,58,59,61,64,66,68,70,73,75,76,80,82,84,85,86,88,91,94,95,97,100,102,103,105,106,107,108,110,112,114,116,119,120,121,122,124,127,128,129,131,132,134,136 "121";
122 119 1 3,4,8,11,15,18,25,26,28,32,33,36,37,46,47,49,51,53,57,60,61,63,69,71,73,78,79,82,84,86,91,92,94,95,100,101,108,110,111,115,116,117,119,121,124,125,127,128,130,132,134 "122";
123 88 1 2,7,8,12,14,15,18,19,21,24,26,27,32,35,36,38,42,45,46,50,51,53,55,57,60,62,66,67,68,71,74,76,77,79,84,88,92,94,101,104,105,110,111,112,114,116,118,119,121,123,124,127,128,130,132,133,134 "123";
124 114 0 0,14,46,72 "124";
125 17 1 25,29,32,34,37,44,46,58,74,79,90,92,98,133 "125";
126 80 1 4,5,10,12,14,15,17,26,28,41,46,49,50,53,56,57,60,65,68,71,74,77,85,86,89,96,97,101,102,107,111,113,116,120,121,123,124,128,132,133,136 "126";
127 45 1 0,2,4,5,6,8,10,12,13,15,18,19,20,21,25,28,29,32,36,38,40,44,46,50,52,56,58,59,60,62,65,69,71,74,79,84,86,88,92,95,97,101,107,108,113,115,118,121,126,133 "127";
128 50 1 0,1,2,4,6,9,15,17,19,22,23,26,28,30,32,35,37,40,41,43,46,49,51,52,55,57,60,64,68,69,75,77,80,82,86,90,91,93,95,97,100,102,105,107,110,112,113,115,118,123,126,127,129,130,131,132,134,135 "128";
129 76 0 1,2,5,6,10,11,20,22,24,33,35,38,40,41,49,50,53,55,56,57,64,66,69,70,72,73,76,78,81,83,84,86,88,95,96,97,101,107,109,115,117,122,125,126,128,129,131,133,136 "129";
130 103 0 0,1,3,10,14,16,19,21,26,28,31,32,34,35,37,40,43,47,53,55,57,59,61,65,67,69,71,80,82,88,104,110,111,113,115,117,122,124,130,133 "130";
131 106 0 0,2,6,12,14,18,19,25,27,29,30,31,33,37,41,43,46,50,52,54,56,60,62,65,66,69,73,75,77,79,83,84,87,89,90,94,97,99,101,105,107,110,113,115,118,120,122,125,128,129,132 "131";
132 44 0 4,8,9,13,14,16,28,30,33,37,40,41,42,45,51,55,56,62,64,69,71,75,76,79,81,84,87,97,98,101,106,109,116,117,119,120,122,125,135 "132";
133 0 1 0,1,7,9,10,12,13,15,17,19,21,23,24,26,27,31,33,34,36,37,39,41,42,44,46,47,50,52,54,59,62,64,66,67,68,69,71,73,74,77,78,81,83,85,87,88,90,91,94,96,97,100,102,103,106,107,109,110,111,113,116,118,119,121,124,127,129,130,135 "133";
134 102 1 0,2,5,9,10,14,21,26,36,40,41,44,47,49,54,61,69,72,86,87,88,93,96,108,112,123,124,126,134,136 "134";
135 80 1 10,14,23,35,47,75,83,84,93,112,114,116 "135";
136 48 1 1,6,10,27,29,38,59,60,64,67,79,86,93,101,109,111,120,133,136 "136";
