parity 195;
0 118 1 2,4,8,14,16,18,19,21,23,24,26,27,29,31,34,35,37,39,41,44,46,49,50,52,55,58,60,61,64,68,73,75,78,81,84,85,86,87,91,92,98,100,102,104,105,110,111,113,115,117,119,127,130,132,134,137,142,143,148,151,153,155,157,158,160,162,164,167,168,169,171,174,175,177,180,181,183,184,185,187,190,191,193,195 "0";
1 158 0 0,1,3,5,7,8,10,12,15,16,19,20,21,24,26,32,34,37,39,42,44,45,47,49,51,52,57,59,65,67,69,72,74,76,78,80,83,84,86,87,90,92,94,96,97,98,101,103,106,109,112,115,117,118,120,121,122,126,127,129,131,132,135,137,140,141,142,145,148,150,152,158,160,161,162,165,166,167,169,170,172,173,174,175,179,180,183,184,186,188,190,191,194 "1";
2 20 0 2,3,5,7,8,9,13,14,18,21,22,25,28,29,31,33,35,37,38,40,44,46,50,52,53,54,56,58,60,62,65,66,69,72,75,78,79,81,83,85,87,94,96,100,102,104,110,113,117,119,122,123,124,128,130,131,132,133,136,138,141,142,143,144,149,155,157,158,160,161,167,171,173,176,182,183,185,188,194 "2";
3 98 1 1,10,17,19,23,24,30,59,62,68,79,81,90,95,101,117,124,155,166,183,188,194 "3";
4 84 1 2,3,6,8,13,16,18,20,21,31,41,42,45,48,50,56,58,61,69,71,72,74,76,81,83,85,87,89,90,92,97,100,102,105,107,108,116,120,121,127,129,131,137,142,146,149,154,156,159,163,165,173,178,180,186,187,188,193,194 "4";
5 136 1 4,8,10,12,17,20,24,25,27,29,33,34,39,43,44,49,51,52,56,60,62,64,69,74,76,83,84,88,89,90,92,96,99,107,116,119,127,131,136,150,152,156,159,167,169,170,174,175,179,182,187,191,195 "5";
6 181 0 2,3,5,6,11,14,15,18,20,21,23,25,26,28,30,33,35,36,38,41,43,48,51,56,57,58,60,68,70,71,73,74,76,81,82,84,85,87,90,91,93,94,96,98,100,101,104,106,107,109,112,116,119,121,124,125,127,129,134,135,137,138,140,142,144,151,153,157,166,168,173,183,184,186,188,190,191,192,194 "6";
7 131 1 2,18,24,27,39,42,50,56,64,71,76,78,99,127,133,143,146,155,165,168,178,180,184,191 "7";
8 171 0 12,77,100,113,115,122 "8";
9 114 0 1,3,5,7,10,11,14,17,20,21,27,33,34,38,40,41,43,45,47,52,54,55,57,60,62,64,65,68,69,71,74,79,80,81,87,88,89,90,92,94,97,98,103,106,107,108,114,115,118,121,122,123,126,128,135,138,140,141,143,144,145,152,155,156,160,162,164,165,166,169,170,172,174,177,179,181,186,187,190,192 "9";
10 74 1 0,1,3,6,7,9,11,13,16,17,20,22,26,27,28,32,33,38,41,45,47,49,50,52,53,58,61,63,66,68,69,72,74,77,79,83,85,87,89,92,93,94,97,101,103,105,107,108,110,111,112,118,122,125,128,129,132,134,136,138,141,143,144,146,147,151,152,154,155,158,160,161,163,164,169,171,173,177,182,186,189,190,192,195 "10";
11 113 0 40,183 "11";
12 155 1 2,4,7,11,19,21,22,25,26,33,34,36,37,38,43,50,52,54,56,59,63,65,68,70,72,73,75,76,78,81,83,91,95,99,102,104,106,109,112,113,119,122,126,128,130,133,135,136,137,139,149,152,154,156,158,161,167,172,174,176,177,180,187,189,190,191,193,195 "12";
13 173 0 2,15,24,31,33,39,42,47,48,51,55,59,62,68,70,71,77,86,87,89,90,92,97,103,105,109,111,122,123,128,129,132,135,138,139,141,154,158,159,168,170,174,183,185,189,195 "13";
14 124 1 1,4,14,17,18,23,25,27,29,39,45,48,52,55,57,59,60,64,66,72,77,81,83,85,87,89,92,101,111,115,126,129,133,137,139,140,142,148,150,152,153,156,161,165,166,169,172,174,177,178,183,185,186,188,191,195 "14";
15 146 0 1,11,15,18,21,22,26,30,35,40,42,47,52,56,61,62,64,74,76,80,83,90,91,92,99,101,103,110,115,116,120,124,129,133,134,135,137,140,142,145,154,156,160,176,177,181,183,188,189,193 "15";
16 181 0 2,5,16,25,28,32,37,42,45,46,51,69,72,74,78,83,85,86,93,94,96,100,111,115,117,119,125,130,143,147,152,162,178,184,186,193,195 "16";
17 191 0 0,1,9,11,14,15,26,28,40,48,49,50,53,58,62,64,65,67,75,77,78,87,88,92,101,107,111,112,124,128,131,144,153,155,157,158,166,173,179,183,185,189,191,193,195 "17";
18 178 0 16,53 "18";
19 70 1 15,30,34,37,40,46,47,56,63,66,68,75,77,80,84,86,99,102,107,113,132,140,154,166,174,179,193 "19";
20 99 1 7,10,13,14,38,41,43,50,56,59,66,74,80,87,95,116,160,161,181,192 "20";
21 137 1 3,7,10,13,15,27,29,34,39,43,46,53,55,56,61,63,68,71,72,74,78,81,83,84,88,90,92,96,98,100,108,112,115,117,118,125,126,131,132,133,135,136,137,139,145,148,149,164,166,167,168,170,172,174,177,187,192,194 "21";
22 159 0 0,2,4,6,8,9,10,11,14,16,20,25,26,28,30,32,33,40,41,43,44,47,50,54,57,59,65,66,68,70,76,77,82,87,88,90,92,94,96,98,99,102,105,107,110,114,117,124,132,133,134,140,141,147,149,156,157,158,162,165,174,179,180,185,186,188,190,191 "22";
23 85 1 20,32,37,40,52,55,104,105,112,139,159,184 "23";
24 113 0 2,13,14,15,19,21,23,29,36,38,40,42,44,46,48,50,51,53,55,57,64,70,71,73,75,77,81,83,84,87,92,93,96,100,115,119,124,128,130,133,137,140,142,146,148,152,154,158,160,165,167,170,175,177,180,182,185,189,191,193,194 "24";
25 95 1 0,2,9,15,21,24,26,31,32,35,37,39,41,43,44,48,54,57,60,65,67,69,71,77,84,87,91,93,95,96,98,103,105,109,113,119,120,123,125,128,129,131,133,135,136,138,142,148,149,153,154,157,161,165,171,176,180,188,189,191 "25";
26 132 0 23,45,95,145,192 "26";
27 103 0 13,16,17,23,31,33,36,38,46,51,52,53,54,56,58,62,65,77,83,84,86,92,93,99,101,103,105,111,116,121,124,126,136,138,139,146,149,157,166,171,174,176,180,182,186,188,191,195 "27";
28 91 0 5,8,21,31,44,50,52,54,60,62,69,73,76,82,84,95,100,108,112,115,120,130,133,139,148,158,163,179,186 "28";
29 73 1 0,2,3,5,7,11,20,21,23,26,27,31,32,36,38,39,41,43,45,46,48,50,52,53,55,56,59,60,62,64,66,71,72,74,77,80,81,83,84,86,88,89,90,92,95,97,98,102,103,104,106,111,112,113,117,121,123,124,126,130,132,133,140,141,143,145,146,148,151,153,155,157,159,161,163,166,171,173,175,177,178,181,182,184,186,188,191,192,195 "29";
30 1 0 16,17,19,23,25,29,32,44,47,49,60,68,72,73,78,83,86,88,90,96,99,105,108,111,115,116,123,125,128,133,137,142,144,150,153,165,178,179,191 "30";
31 59 0 0,16,41,44,47,63,79,94,101,113,132,150,154,156,167,181 "31";
32 56 0 0,1,3,5,8,10,11,12,19,21,24,29,32,34,36,38,40,43,44,46,54,55,56,60,64,65,67,69,70,74,76,81,82,84,85,91,95,97,98,101,102,109,110,111,120,128,130,131,132,134,136,140,142,145,150,152,154,156,158,160,163,166,170,173,176,177,184,190 "32";
33 160 0 1,2,4,7,9,18,19,20,21,26,29,35,37,39,40,43,49,52,54,56,61,62,64,69,72,73,75,78,79,82,84,87,91,96,98,103,106,108,112,118,119,120,123,125,130,133,136,138,140,146,149,150,154,156,158,160,161,166,168,171,173,178,180,181,183,187,188,189,191,195 "33";
34 150 0 6,18,27,32,39,42,47,58,60,62,65,67,68,72,75,78,83,85,86,110,127,131,140,145,176,179,185,187 "34";
35 36 0 0,1,5,10,12,15,17,21,23,25,32,33,34,38,41,43,48,50,51,53,55,58,60,61,65,68,69,71,73,75,76,82,83,84,87,88,95,97,99,100,101,103,106,111,113,117,122,127,129,130,131,133,136,139,143,146,147,149,151,153,156,158,162,163,165,166,168,170,175,179,182,187,189,190,191,193,194 "35";
36 16 1 7,14,15,19,29,35,37,39,44,45,49,51,72,75,78,81,86,92,96,110,112,119,126,129,145,150,152,156,163,166,168,171,184,191,195 "36";
37 46 0 0,3,4,12,14,16,19,21,24,28,31,36,38,44,46,47,49,51,53,54,58,66,70,72,74,79,82,84,86,88,89,92,93,96,99,102,105,106,111,115,117,122,123,126,132,136,140,142,146,153,164,166,168,171,178,190,194 "37";
38 189 1 69,79,81,87,93,108,134,155 "38";
39 194 0 0,4,10,14,15,26,29,39,41,46,48,49,55,62,68,73,77,79,101,103,128,130,131,135,139,147,152,158,162,165,167,168,174,178,182,185,191,195 "39";
40 186 1 1,2,4,7,10,12,14,17,20,22,25,27,30,32,36,39,40,43,49,51,53,60,62,66,71,73,74,78,79,82,84,85,87,89,92,95,100,101,103,105,107,110,112,113,118,121,122,124,126,130,133,136,141,152,154,156,157,159,172,173,174,178,186,189,191,195 "40";
41 130 1 5,6,8,11,15,17,18,20,24,26,28,34,36,38,41,43,50,52,53,54,57,58,59,61,63,67,69,73,75,76,79,80,81,84,86,89,92,93,95,97,98,99,101,102,105,106,108,110,114,116,118,120,121,123,127,130,133,134,138,139,142,144,146,148,150,154,156,159,161,164,165,169,170,172,174,176,177,181,184,186,193,194 "41";
42 100 0 5,17,20,22,35,39,45,49,51,57,62,65,66,67,76,85,92,94,105,109,111,119,127,129,133,135,138,140,142,143,153,154,163,169,171,177,181,183,185,187 "42";
43 4 0 16,18,28,32,44,51,71,104,115,126,127,133,143,144,148,155,158,161,167,171,176,178 "43";
44 59 0 2,6,7,8,12,20,22,23,27,29,30,31,34,36,38,39,41,48,50,52,53,60,61,64,67,71,73,75,77,81,82,84,87,89,91,96,100,102,103,111,112,113,115,117,118,123,125,126,129,133,138,139,146,148,151,152,156,159,161,163,164,167,168,170,173,174,175,177,179,182,183,189,190,191,193,194 "44";
45 189 0 0,7,8,13,15,19,21,27,37,41,43,45,54,77,79,93,103,109,112,131,133,141,144,170,179,180,192 "45";
46 144 0 7,18,32,38,40,45,46,55,68,71,82,84,87,93,105,111,112,117,125,132,143,145,148,157,160,194 "46";
47 6 0 2,6,8,9,12,16,18,19,21,27,31,32,36,37,39,41,46,48,52,53,58,62,65,68,69,72,75,78,80,81,86,88,93,96,100,102,108,112,115,116,118,123,125,127,129,132,137,141,142,146,147,151,152,154,158,159,163,165,166,172,173,174,177,180,183,185,188,190,192,194 "47";
48 55 1 1,5,9,10,17,19,22,26,29,32,33,35,36,38,45,47,49,51,53,54,62,64,71,73,76,80,81,86,92,96,102,108,117,123,127,135,141,145,150,153,157,161,166,170,171,173,186,189,192 "48";
49 12 1 0,4,8,9,12,18,21,29,32,36,39,48,49,52,55,58,60,64,70,72,82,85,86,91,96,105,108,109,111,113,116,117,119,122,124,127,132,134,136,138,141,144,146,147,150,153,155,166,170,177,181,188,192,194 "49";
50 67 0 1,5,7,9,13,15,16,18,24,25,26,29,30,32,36,37,39,42,45,46,48,50,51,53,54,58,69,72,74,75,77,81,83,86,90,91,93,98,100,102,106,108,111,113,118,122,126,137,143,144,146,147,150,152,154,155,157,159,161,164,167,168,170,173,175,178,181,182,184,190,192,195 "50";
51 196 0 3,64,88,99,127,151 "51";
52 112 1 3,28,38,44,52,58,67,69,71,85,89,105,119,121,132,134,135,137,150,159,161,164,171,175,181,186 "52";
53 115 1 0,1,2,13,14,17,20,25,27,29,33,35,37,40,42,49,58,62,63,67,72,80,83,84,87,90,91,92,94,97,101,103,110,115,119,120,125,127,128,129,131,133,134,136,145,147,148,156,158,161,163,167,169,171,174,178,180,185,187,189,194 "53";
54 177 0 1,6,8,12,17,22,26,44,61,64,67,77,81,97,99,106,114,116,121,131,133,142,147,154,157,159,163,170,173,178,180,184,187,194 "54";
55 135 1 1,3,4,5,9,10,13,14,15,17,18,20,22,23,25,30,31,34,35,37,42,44,47,48,50,51,54,55,56,58,59,62,64,67,68,76,79,81,83,87,90,91,93,96,98,99,102,105,107,108,111,112,114,117,120,122,124,126,127,129,133,135,137,138,141,143,145,147,148,151,152,153,154,157,158,161,162,166,167,170,172,175,176,178,182,184,185,186,188,190,192,194,195 "55";
56 117 1 0,6,8,16,17,19,22,25,27,31,34,36,39,42,47,50,54,56,60,63,69,71,76,78,79,87,91,94,95,104,108,110,114,132,135,138,141,146,147,150,151,157,161,169,181,182,186,188,193 "56";
57 57 1 5,7,9,13,16,18,20,21,23,24,27,30,31,32,34,36,37,41,43,44,45,47,49,51,54,56,57,59,61,64,66,68,70,74,75,77,79,81,85,86,88,89,91,93,94,96,98,102,103,105,106,107,108,110,113,114,115,116,121,124,125,126,128,131,133,135,137,139,142,143,145,146,147,149,151,152,154,156,158,160,163,165,169,172,174,176,178,179,181,182,183,184,186,189,190,192,194 "57";
58 143 0 75,100,115,155 "58";
59 96 0 0,1,3,4,7,17,19,20,22,26,27,29,38,42,53,70,73,79,81,83,84,89,92,97,106,116,119,125,130,143,147,150,162,181,182,185 "59";
60 193 0 0,1,4,6,11,12,14,16,17,20,21,23,26,30,35,36,40,44,51,53,55,56,58,60,62,64,67,68,71,73,75,78,80,81,82,84,87,91,94,95,96,98,103,105,106,108,109,112,113,115,116,120,122,123,128,129,131,134,136,138,139,142,144,146,149,151,158,161,163,165,168,169,170,171,174,175,178,179,181,183,190,191,192,194,195 "60";
61 24 1 4,22,32,38,64,66,116,124,166,195 "61";
62 135 1 0,1,14,16,18,19,23,24,25,27,29,33,41,42,46,49,51,54,55,58,61,62,64,68,71,75,77,80,86,89,103,105,106,110,112,115,117,118,124,126,132,135,136,140,142,144,146,153,155,160,162,165,167,168,170,172,174,176,178,179,184,186,188,191,193,194 "62";
63 93 1 3,22,29,32,45,64,66,87,127,164,176,179,186 "63";
64 15 1 1,4,6,8,10,11,16,18,21,32,34,43,46,50,53,57,61,62,65,72,75,79,94,102,103,110,113,115,118,119,122,125,127,129,132,136,138,145,153,155,158,168,171,182,190,193,195 "64";
65 140 1 0,4,5,6,7,10,14,16,19,20,22,23,25,28,30,32,33,36,40,44,48,50,53,55,58,59,61,63,64,66,70,72,74,75,80,81,82,84,87,89,91,92,95,96,98,100,101,104,106,107,109,110,113,116,118,119,121,122,124,128,130,131,132,134,136,138,140,142,143,145,146,148,149,150,153,156,158,162,163,164,167,169,172,174,175,176,178,180,183,184,186,188,189,191,193,194 "65";
66 125 1 1,5,10,15,21,25,26,28,31,37,48,49,52,55,60,66,69,75,79,80,82,84,92,99,100,102,112,114,116,119,124,132,135,140,144,150,154,166,170,177,184,185,187,193,194 "66";
67 37 1 2,4,5,9,12,16,20,25,26,34,38,41,47,48,49,51,62,70,74,80,82,87,97,100,106,107,108,113,116,122,128,132,138,141,146,147,153,156,159,160,164,165,167,168,172,173,174,175,178,184,191,195 "67";
68 120 1 28,33,39,45,99,107,142,156,158 "68";
69 162 0 0,1,3,4,6,7,13,17,20,21,23,24,27,28,29,31,35,37,40,42,44,46,47,49,52,54,56,57,59,62,63,64,67,68,70,72,73,75,77,78,80,81,82,83,86,87,88,90,91,93,96,98,103,104,108,109,111,112,114,116,119,120,122,123,125,128,130,131,133,135,137,139,143,145,147,153,156,157,160,161,162,163,166,168,170,172,174,175,177,178,181,185,186,188,191,194 "69";
70 11 0 0,1,2,4,5,7,9,10,13,15,17,19,21,25,26,28,29,32,33,35,36,37,38,41,42,44,46,48,52,54,55,57,59,61,62,65,66,67,69,71,72,76,80,81,83,86,90,91,93,94,96,97,99,102,104,105,108,109,112,114,116,118,119,121,122,126,127,130,131,134,136,138,139,142,143,147,149,151,155,162,163,165,167,169,170,172,173,175,177,180,183,184,186,189,190,192,193,195 "70";
71 175 1 4,9,19,32,45,53,68,79,91,92,102,114,118,130,132,135,150,152,162,173,180,189,192,195 "71";
72 58 1 30,47,66,87,121,126,131,139,140,157,176 "72";
73 16 1 0,2,4,6,7,9,11,13,16,18,21,23,25,27,28,31,36,37,40,42,44,46,47,51,52,54,57,61,64,66,67,70,71,73,75,77,79,80,82,84,86,92,93,94,96,98,99,100,103,104,107,111,113,117,119,121,126,130,132,138,140,147,148,150,151,153,155,157,158,161,164,168,170,171,173,175,177,181,182,184,186,189,193,195 "73";
74 31 1 3,6,8,9,11,12,15,18,20,22,25,30,31,33,34,35,37,39,43,47,48,50,52,54,56,61,63,64,66,69,74,75,78,79,81,84,86,87,89,91,93,94,102,105,106,110,111,114,116,119,121,122,124,127,129,134,135,138,140,142,145,149,153,155,158,161,164,166,168,169,170,172,174,176,182,184,186,187,191,194 "74";
75 126 1 2,6,33,41,44,63,65,84,94,103,108,112,126,146,155,158,176,191 "75";
76 153 1 21,23,37,41,51,100 "76";
77 161 1 1,2,4,12,14,15,17,18,21,22,24,25,29,30,32,35,38,40,42,45,46,48,51,53,57,59,63,65,67,71,72,74,76,78,79,81,82,86,87,90,92,93,94,95,99,102,106,107,109,110,114,116,119,122,124,125,127,129,131,133,135,139,142,143,145,148,150,154,155,158,162,165,167,169,173,175,177,179,181,183,184,187,188,190,192,194,195 "77";
78 162 1 0,4,9,13,17,18,21,24,27,30,33,34,37,39,41,45,48,49,51,53,58,59,65,68,70,75,76,77,78,80,82,84,86,88,91,93,98,101,102,105,107,111,113,114,116,118,120,121,122,125,126,127,133,134,139,140,146,148,152,154,157,159,163,165,169,173,179,185,193 "78";
79 159 1 2,7,24,32,37,50,54,56,61,66,68,83,92,101,104,118,132,139,142,149,162,165,182 "79";
80 26 0 23,53,56,58,61,74,89,103,110,113,126,135,141,153,155,167,173,180,183 "80";
81 51 0 1,2,3,5,7,10,12,15,16,18,20,21,26,27,31,32,34,38,40,42,44,45,46,49,52,55,57,58,64,65,66,69,70,71,75,76,79,82,84,86,87,90,94,95,97,98,103,105,109,110,111,114,115,117,119,120,124,125,126,129,130,133,134,136,137,139,141,144,145,149,152,153,155,158,160,162,165,167,170,172,173,174,175,178,179,182,184,185,186,188,190,192,194 "81";
82 95 1 17,73,77,110,113,195 "82";
83 115 1 0,8,10,12,14,21,26,29,31,37,38,42,48,50,53,57,59,61,64,68,70,71,72,76,84,86,89,93,94,97,99,101,102,104,108,110,116,119,120,122,125,128,134,141,143,147,150,162,168,172,176,178,179,182,184,185,188,189,195 "83";
84 158 0 2,6,18,39,47,55,85,87,94,99,104,111,119,122,138,141,151,156,166,172,187,190,191 "84";
85 106 0 47,48,58,82,84,91,102,118,124,136,137,139,159,168,183,192 "85";
86 9 0 34,37,46,58,74,77,85,96,101,137,141,144,157,164,165,167,181 "86";
87 162 0 0,2,8,9,12,16,23,24,25,27,29,34,37,39,40,42,49,51,59,62,66,69,78,79,81,84,86,94,102,107,108,112,114,115,118,120,126,127,133,138,140,145,146,147,157,159,160,171,175,176,178,180,182,190,192,193,195 "87";
88 121 1 11,18,23,31,35,44,45,50,55,57,58,59,70,78,81,83,85,88,90,104,109,112,114,120,127,131,149,150,152,155,157,159,166,170,180,183,192,193,195 "88";
89 93 1 8,17,20,22,24,26,32,34,35,40,44,46,49,50,51,53,61,65,68,69,79,82,90,92,94,98,101,105,110,112,120,121,123,129,135,143,145,147,151,154,157,168,172,175,177,179,180,186,192,195 "89";
90 17 1 0,3,5,8,12,19,22,28,31,34,39,41,43,53,56,62,65,72,73,78,80,86,131,136,152,165,178,180,186 "90";
91 177 0 1,3,6,12,14,18,20,25,27,35,36,37,38,40,43,46,49,51,53,57,58,63,66,68,70,72,76,77,81,85,89,91,93,94,98,101,104,106,108,110,111,112,114,115,119,122,124,125,128,133,135,137,139,141,146,147,151,152,156,157,161,167,169,171,175,177,178,185,187,188,190,194,195 "91";
92 55 0 126,131 "92";
93 154 1 0,4,5,8,13,15,18,22,23,26,29,32,33,35,36,39,43,51,53,57,59,62,63,64,69,70,72,73,74,76,81,83,84,88,89,91,95,97,98,100,103,104,106,108,115,117,118,120,121,123,127,129,130,133,134,139,144,152,155,157,162,164,167,169,174,177,180,183,184,186,194,195 "93";
94 176 1 5,26,50,81,101,106,107,132,154,157,160,175,177,187,192 "94";
95 10 0 0,1,3,4,6,8,9,12,15,16,17,19,22,24,25,27,29,30,32,33,35,36,40,41,45,50,52,55,56,58,62,63,64,65,67,68,70,71,72,75,79,80,82,87,88,92,93,95,100,101,105,109,110,111,112,115,117,122,123,125,126,128,130,134,135,140,142,143,149,150,153,154,157,160,165,168,170,173,175,177,179,182,184,185,187,189,190,194 "95";
96 167 0 0,3,6,9,15,17,18,23,27,28,33,38,40,44,45,47,50,57,59,61,64,68,70,77,78,82,85,94,99,102,103,109,113,114,116,122,125,127,130,132,135,142,143,153,156,158,161,165,170,181,183,185,186 "96";
97 54 1 3,5,11,12,14,16,19,20,22,26,29,32,33,34,35,37,40,44,46,47,49,51,53,55,57,58,59,61,62,66,67,69,71,72,73,74,76,78,80,82,86,87,90,91,94,97,99,100,102,104,105,108,110,111,113,115,116,118,119,121,123,125,126,128,130,132,136,137,139,140,143,144,146,151,158,159,161,163,165,166,167,169,171,172,174,175,176,178,179,181,184,191,192,194 "97";
98 139 0 0,1,2,5,6,9,10,14,15,17,27,29,30,32,33,35,36,37,39,41,45,47,48,51,58,61,64,67,70,72,75,81,82,83,85,88,89,92,95,97,99,100,102,106,108,115,117,119,122,125,128,130,135,137,139,140,142,144,147,151,155,156,159,161,162,164,169,173,176,183,185,187,190,192,194,195 "98";
99 144 1 9,12,14,18,19,25,34,37,45,46,50,55,56,59,61,62,65,70,76,77,81,83,86,91,92,98,100,102,105,116,121,123,127,133,134,135,137,144,145,147,149,150,154,155,163,165,167,173,177,190,191,192 "99";
100 93 1 1,34,85,97,98,105,106,127,133,135,161,164,167,171,183 "100";
101 108 0 2,6,8,9,14,15,17,19,20,21,22,24,27,29,30,31,33,37,40,41,44,45,53,54,56,59,61,63,64,66,67,68,73,75,77,79,80,83,85,87,88,90,93,94,95,99,101,103,104,106,107,110,113,115,119,120,121,123,124,125,127,129,130,132,133,136,138,140,142,143,144,146,147,149,151,153,154,157,159,161,163,164,168,170,171,173,175,176,179,181,183,185,187,188,189,190,194,195 "101";
102 21 1 1,2,6,8,10,11,13,14,17,18,20,22,23,24,26,27,29,32,34,37,40,42,43,45,46,48,50,53,54,55,57,58,60,61,65,66,68,70,73,74,76,78,81,83,85,87,90,92,93,95,97,99,100,101,102,105,108,110,111,114,115,117,118,120,125,127,131,132,134,135,142,143,145,146,147,148,150,152,154,156,157,161,163,164,167,170,172,173,174,176,177,180,187,189,194,195 "102";
103 96 0 2,4,9,12,18,25,33,37,39,43,45,59,62,64,70,81,84,93,97,99,100,103,105,109,112,121,124,132,141,154,159,169,172,175,179 "103";
104 109 1 0,4,6,7,8,11,13,16,17,18,23,28,29,30,33,35,37,38,41,43,44,46,48,54,57,61,64,65,67,69,70,71,74,76,78,81,82,83,87,88,90,91,92,96,98,99,101,102,104,105,107,108,111,117,119,120,121,126,128,134,138,140,142,144,146,147,154,155,157,158,160,162,164,168,170,175,177,180,181,184,185,188,191,192,195 "104";
105 56 0 1,2,7,8,9,13,15,22,27,32,34,42,47,49,54,61,62,68,70,73,77,81,85,89,91,92,93,98,99,100,103,105,107,109,111,113,115,117,124,126,127,130,134,139,141,143,145,147,152,155,160,162,166,169,171,172,174,176,179,183,185,187,195 "105";
106 156 0 0,6,10,14,15,17,18,21,26,29,32,34,38,45,50,56,60,62,63,73,75,78,82,83,84,88,91,96,109,116,117,120,123,124,126,129,135,137,139,140,147,151,152,155,158,160,164,166,167,172,178,180,181,182,187,190,192,193,194 "106";
107 57 1 2,4,5,10,13,14,17,18,21,22,25,26,27,30,32,37,38,40,42,46,48,49,53,54,56,57,60,61,62,64,67,68,71,73,75,79,82,84,87,90,91,92,95,96,97,98,100,102,103,106,107,109,111,113,118,123,124,126,127,128,132,133,134,136,137,138,139,140,142,145,147,149,151,152,155,157,160,162,165,167,172,173,177,178,183,185,186,189,190,192,195 "107";
108 60 0 4,8,17,23,26,28,29,32,33,38,48,50,52,58,64,65,67,71,72,75,78,89,98,103,112,124,125,131,146,154,163,165,170,175,187,191,195 "108";
109 163 0 2,6,9,12,14,18,19,23,25,27,29,33,37,48,54,55,57,59,61,63,69,71,72,75,78,83,86,87,91,95,97,100,102,106,113,118,122,123,126,129,133,136,140,146,148,150,153,155,160,165,167,169,170,173,182,185,187,189 "109";
110 18 0 0,1,3,6,8,12,14,21,25,27,33,42,45,53,62,64,65,77,81,85,87,91,95,98,102,109,115,121,122,126,132,134,138,140,143,149,154,160,167,173,178,186,189 "110";
111 127 1 4,6,8,14,30,51,68,71,72,73,75,77,87,96,99,104,107,109,117,122,133,143,145,156,164,165,172,177,187 "111";
112 193 0 5,9,12,15,21,23,34,51,54,57,63,66,73,75,78,82,84,86,87,95,96,99,102,105,109,112,113,118,124,125,128,135,136,137,141,143,146,156,159,162,169,171,172,181,186,193 "112";
113 148 0 0,16,42,60,78,83,85,86,103,106,108,122,124,126,127,150,169,177,187,191 "113";
114 167 1 1,3,5,7,9,13,17,18,20,22,25,32,36,38,40,43,45,47,48,52,55,56,58,61,64,65,68,72,74,80,82,83,85,88,97,101,106,107,109,111,113,118,119,124,127,129,130,131,133,138,140,142,156,161,162,169,171,173,178,184,189,190,193,194,195 "114";
115 174 0 1,10,29,36,43,48,53,57,70,77,84,88,92,94,106,118,122,151,163,165,167,169,178,182,187 "115";
116 141 1 6,25,27,30,35,37,50,53,60,78,89,93,96,100,104,106,110,115,125,130,138,143,146,154,165,168,171,191 "116";
117 81 0 12,20,22,26,29,30,54,70,73,79,81,83,92,95,100,107,118,121,124,129,134,137,140,147,159,160,166,170,171,184,187 "117";
118 37 1 1,5,10,30,35,36,47,50,55,61,65,69,71,72,77,80,83,84,91,95,98,102,109,111,116,120,129,140,147,149,150,152,155,162,164,166,170,177,189,193 "118";
119 111 1 1,2,6,7,10,14,16,19,21,22,24,25,28,32,33,37,39,43,46,49,51,58,59,62,63,67,76,79,80,82,85,87,89,90,92,94,96,98,99,105,110,112,115,118,120,121,123,125,127,129,132,133,137,140,142,143,145,149,151,154,155,157,158,160,161,164,167,169,171,174,176,178,179,180,183,184,186,187,190,192,193 "119";
120 162 0 1,5,8,9,12,14,17,20,23,26,31,33,35,43,45,47,49,51,52,56,58,63,70,71,73,78,80,81,82,87,89,90,91,95,97,101,105,106,108,110,112,115,116,120,122,125,129,131,137,141,146,147,149,150,153,155,161,163,168,169,171,173,175,179,180,184,186,187,191,192,194,195 "120";
121 101 0 2,3,5,7,8,10,12,14,16,18,20,22,24,25,27,30,31,33,34,36,38,40,41,43,46,50,51,52,55,57,59,64,66,70,72,73,75,79,81,82,84,88,91,93,95,99,100,102,103,104,106,107,109,110,113,114,117,119,121,122,125,127,129,131,132,136,139,142,144,145,147,154,156,158,159,161,162,163,165,166,167,171,174,175,177,181,186,187,191,193,195 "121";
122 185 0 0,4,7,9,13,16,19,22,27,28,30,31,33,34,43,44,46,47,49,53,55,58,63,64,67,73,76,78,81,83,85,87,90,91,93,95,102,104,107,110,113,117,123,125,126,130,131,133,135,138,140,144,146,148,149,151,155,159,161,162,164,167,169,170,172,174,177,179,182,184,187,191,195 "122";
123 149 1 1,2,7,12,16,18,20,21,25,26,29,30,32,34,36,38,41,43,45,52,57,61,63,67,69,71,77,78,81,83,85,88,90,92,100,103,106,108,110,111,115,118,121,123,125,132,139,142,144,146,148,151,154,155,161,163,166,169,170,173,174,175,177,180,181,190,194 "123";
124 47 1 1,3,4,5,6,9,11,13,14,17,21,25,26,28,30,31,33,35,38,40,41,45,48,51,53,55,60,61,64,67,70,71,73,77,80,83,84,86,88,91,93,94,97,102,105,107,109,111,116,117,119,121,125,130,132,133,134,136,138,140,142,144,145,147,148,150,152,157,158,161,163,170,171,178,181,183,185,188 "124";
125 92 0 12,27,30,33,37,53,58,75,77,80,83,93,97,114,119,123,130,140,143,192 "125";
126 86 1 3,12,17,20,23,29,33,43,44,49,54,58,62,70,79,83,89,93,95,98,99,102,104,106,113,122,127,133,137,142,146,147,151,156,162,165,167,182,188,190 "126";
127 116 0 3,20,62,87,165 "127";
128 179 0 4,5,9,11,21,23,25,30,34,43,44,49,57,58,59,61,64,68,70,71,75,81,89,95,101,104,107,110,119,123,126,131,136,140,144,146,148,157,161,164,167,169,171,172,175,179,181,184,186,189 "128";
129 34 0 5,10,13,24,33,38,40,43,52,59,67,70,72,74,77,78,83,90,95,98,100,103,110,119,123,126,130,133,137,139,148,149,156,162,163,165,167,170,178,182,186,188,194 "129";
130 139 0 1,2,6,8,9,13,14,16,17,19,22,24,25,27,29,31,35,36,37,39,42,43,45,49,51,53,55,56,57,59,61,63,65,70,73,74,76,80,82,85,90,93,95,99,101,102,103,105,106,108,110,116,117,119,127,128,130,132,133,135,136,137,140,141,142,144,146,148,151,154,158,159,162,164,167,172,173,177,179,182,183,187,189,190 "130";
131 112 1 4,5,6,22,40,45,56,58,64,68,101,111,134,136,150,158,165,176,182 "131";
132 94 1 0,1,3,6,7,10,11,12,13,16,17,21,22,25,27,28,34,35,38,41,42,45,49,53,56,58,60,65,67,68,71,73,74,77,80,81,83,84,85,88,90,92,93,95,97,100,101,102,103,105,110,112,114,117,122,125,127,128,131,132,134,136,138,139,140,142,144,147,150,151,154,156,158,160,162,163,166,168,171,174,176,177,181,186,188,189,190,191,193,194,195 "132";
133 106 1 3,7,9,11,13,16,23,27,28,30,31,34,40,42,43,44,48,50,51,53,58,59,61,62,65,66,72,73,77,78,85,88,90,94,97,99,101,102,104,108,110,112,114,115,118,120,123,126,131,136,138,141,142,150,153,155,156,158,160,163,165,169,172,176,181,182,185,188,189,191,193 "133";
134 23 1 2,3,6,8,10,12,16,18,20,22,23,25,28,30,32,33,34,36,37,38,39,43,44,46,47,56,58,60,62,64,67,68,70,71,73,75,80,83,86,89,90,92,94,96,101,104,107,113,116,118,120,125,130,135,138,144,145,146,151,152,154,161,162,166,171,173,177,179,181,185,186,190 "134";
135 152 0 12,13,18,21,32,38,40,46,50,68,70,95,104,106,111,124,131,133,141,143,151,155,159,162,165,176,179,181,183,189,191 "135";
136 30 1 0,2,3,5,6,7,9,12,14,15,16,21,23,25,26,29,31,33,34,36,37,38,42,43,45,46,49,52,54,57,60,61,62,63,65,66,67,69,72,74,76,77,82,83,87,89,92,95,98,101,103,104,106,107,108,114,116,117,120,122,125,126,127,130,131,133,135,136,139,141,142,147,149,150,153,154,156,159,161,162,166,167,170,171,174,176,178,180,182,183,185,188,194,195 "136";
137 129 1 31,44,66,70,106,190 "137";
138 25 1 12,15,21,23,26,28,30,32,41,45,51,54,56,58,67,73,75,82,95,103,104,106,120,121,122,125,127,132,137,150,153,157,159,166,177,182,184,188,189,192,195 "138";
139 93 0 42,52,114,149 "139";
140 196 0 1,4,6,8,9,11,13,18,22,25,26,28,30,33,35,37,38,46,49,64,65,74,80,86,98,99,104,108,113,118,121,134,135,145,148,151,153,159,165,169,172,184,193 "140";
141 34 1 1,7,8,10,16,21,25,27,32,34,41,43,45,48,55,58,61,64,68,69,76,79,82,83,87,91,92,97,106,115,118,120,130,132,137,139,141,143,149,151,152,156,158,161,162,170,174,177,181,188,189,191,194 "141";
142 171 0 0,1,4,7,8,11,14,15,18,19,23,25,26,28,29,33,38,39,42,43,44,49,50,55,56,57,59,61,63,65,67,71,72,75,78,80,82,83,86,87,89,90,92,95,97,99,101,103,106,107,110,113,116,117,119,120,122,124,126,128,129,131,133,135,137,138,141,142,146,147,150,152,153,159,161,167,170,171,174,176,178,179,181,182,183,185,186,188,189,191,193,195 "142";
143 128 0 2,13,17,19,30,31,36,46,48,54,57,61,71,84,86,95,100,103,106,107,109,113,118,125,127,145,147,148,160,167,168,175,177,189,195 "143";
144 123 0 0,3,10,12,14,15,16,23,25,27,28,31,33,39,44,45,48,54,56,57,59,60,65,67,69,74,76,80,82,85,87,91,94,101,102,108,111,115,117,119,120,123,129,132,136,138,139,140,144,148,153,160,163,165,168,173,176,177,180,181,182,184,187,188,191 "144";
145 40 1 12,13,14,16,19,22,23,26,27,29,34,35,38,39,41,50,55,56,59,61,62,65,66,71,74,79,83,86,88,91,97,99,101,103,105,107,111,112,116,123,125,132,140,141,148,150,151,152,157,158,159,173,177,179,181,183,186,190,195 "145";
146 89 0 0,1,10,11,14,20,22,23,25,26,27,30,36,38,42,46,49,53,54,56,57,61,62,64,67,69,70,72,76,80,84,89,91,92,101,103,104,107,110,115,117,122,124,125,128,131,133,134,142,144,149,152,155,158,163,164,166,168,169,171,173,175,177,181,182,184,187,189,193 "146";
147 120 1 3,5,21,23,25,29,37,41,55,66,69,76,82,86,88,91,93,94,101,110,116,118,129,133,138,140,141,151,153,164,169,172,176,178,185 "147";
148 38 1 6,34,63,75,96,141,151 "148";
149 162 1 2,3,7,10,13,15,16,21,24,30,32,33,36,37,39,41,44,47,54,55,57,62,64,67,68,72,75,76,80,81,84,86,87,89,95,97,99,104,109,115,116,117,118,120,123,125,131,135,136,141,144,145,146,148,150,153,156,157,160,164,167,171,175,179,181,184,188,190,192,195 "149";
150 10 1 2,4,8,9,10,13,14,15,18,20,22,28,29,35,36,38,41,42,45,46,49,54,56,57,59,62,65,66,67,68,70,73,74,76,79,80,84,85,88,89,92,94,96,97,102,103,104,105,107,108,117,123,125,128,132,133,135,137,142,144,146,147,149,150,156,158,161,163,167,168,169,172,174,176,183,184,186,189,191,192,194 "150";
151 161 0 1,3,5,7,10,12,13,14,17,21,24,28,29,30,33,36,37,43,45,47,49,50,51,56,58,62,64,65,68,72,74,75,82,89,93,96,99,102,104,105,109,114,116,117,121,123,125,127,128,130,132,134,135,137,141,142,143,144,146,147,150,152,155,157,160,162,163,166,168,170,171,173,175,176,178,183,185,187,189,191,193,194 "151";
152 190 1 6,9,11,13,19,27,37,43,68,76,83,87,91,92,104,120,132,139,144,146,154,156,168,171,179,181,183,186,189 "152";
153 123 0 5,11,12,20,24,30,32,35,40,41,43,44,47,51,54,56,59,61,65,67,68,69,80,82,83,86,87,89,91,95,109,110,115,118,120,126,128,130,131,139,140,145,147,148,153,156,161,165,169,174,175,178,183,185,188,190 "153";
154 108 1 0,1,3,7,13,16,17,20,22,23,24,25,27,29,32,33,35,38,44,45,49,50,52,58,59,63,65,70,72,73,76,78,79,81,82,85,87,92,95,97,98,101,105,108,110,111,114,119,122,125,126,129,130,133,134,135,136,138,142,143,145,147,148,151,155,156,159,161,165,167,173,175,178,180,182,184,187,189,191,193 "154";
155 93 0 2,9,15,23,24,35,36,45,47,49,55,63,67,77,78,85,89,95,104,125,127,138,143,145,148,155,158,161,163,164,167,170,172,174,175,182,184,185,188,191 "155";
156 191 1 8,14,22,27,30,31,35,38,52,55,57,61,62,65,66,70,74,80,81,84,88,91,108,112,114,115,119,124,131,132,135,145,150,154,156,159,160,174,180,184,188,191,193 "156";
157 16 0 6,8,14,17,25,28,30,31,32,35,40,42,46,52,58,61,65,76,80,99,108,112,117,118,120,130,132,136,138,142,147,154,158,162,163,168,169,174,175,176,183,185,187,191,194 "157";
158 152 0 0,5,11,14,15,22,27,31,36,42,49,51,70,73,76,79,82,83,84,86,97,98,108,111,120,123,131,134,136,141,147,152,159,161,163,166,170,181,183,195 "158";
159 9 1 1,3,6,8,11,12,15,17,23,25,27,28,31,39,40,42,45,46,50,52,55,57,58,60,62,63,66,68,76,79,80,82,83,84,95,97,99,101,103,106,110,113,115,117,119,121,123,129,131,133,135,136,141,142,150,154,155,161,165,168,170,174,177,181,184,188,190,193 "159";
160 113 0 2,3,5,8,11,14,16,21,25,35,36,41,42,44,45,60,65,68,70,71,73,75,79,80,82,86,89,90,93,96,101,103,109,111,113,120,124,129,131,135,139,143,144,151,153,154,160,161,171,173,179,185,190,195 "160";
161 14 0 0,3,4,7,9,10,12,17,19,24,26,28,31,32,37,39,40,42,43,44,45,47,48,51,53,56,58,59,60,63,64,66,73,79,80,82,83,85,86,89,91,98,99,103,106,111,113,115,119,124,126,128,131,133,134,137,139,143,146,155,158,162,164,166,167,170,173,174,175,177,181,184,185,186,187,192 "161";
162 183 0 10,20,26,29,31,36,45,49,55,60,69,80,84,97,105,126,130,138,143,148,159,161,164,169,174,176,188,189 "162";
163 28 0 30,56,143,170,176,189 "163";
164 159 0 0,3,5,7,8,9,13,16,22,24,26,29,31,34,38,42,44,48,49,51,53,54,56,58,61,62,69,76,80,81,84,88,97,98,100,102,104,114,118,121,123,124,128,129,132,134,135,137,144,145,147,149,156,158,160,162,163,165,171,173,177,180,182,183,187,189 "164";
165 61 1 2,9,12,17,19,21,24,26,32,37,40,44,47,48,49,51,56,59,61,65,68,71,76,77,82,92,96,102,119,122,126,130,134,138,141,143,146,147,152,171,181,183,188,191,194 "165";
166 101 1 12,29,43,56,63,70,73,101,121,126,131,138,147,184,188 "166";
167 60 0 2,9,18,21,22,24,27,28,31,32,34,39,41,42,44,47,48,49,50,52,54,56,62,64,67,68,72,74,76,81,86,87,89,90,93,97,103,105,108,110,113,116,118,122,125,126,128,135,138,140,147,149,154,155,156,158,161,164,167,168,172,183,185,189,192,193,195 "167";
168 58 0 0,1,5,6,11,16,19,21,26,28,29,35,39,42,48,50,51,57,59,61,63,67,70,72,79,81,87,90,92,94,95,98,100,104,108,111,113,122,124,134,135,143,158,159,161,162,165,171,175,178,189,192 "168";
169 139 1 1,2,4,9,12,15,18,30,33,44,55,64,71,93,106,108,110,114,119,121,126,144,146,148,158,166,174,182,187,195 "169";
170 126 1 0,1,9,17,20,21,24,25,28,32,34,39,45,48,49,52,56,59,63,66,75,79,82,84,88,89,91,96,98,101,103,105,109,110,111,115,117,126,135,144,147,152,153,156,161,168,173,178,179,180,182,184,186,188,194 "170";
171 138 1 7,8,12,46,51,67,81,86,96,99,109,112,114,119,127,131,146,149,153,165,167,171,174,176,188,190,194 "171";
172 84 1 0,6,26,33,35,36,40,42,52,54,56,59,63,69,72,77,87,89,92,96,97,119,123,126,131,137,140,144,152,154,166,179,181,185,187 "172";
173 4 0 1,5,7,12,14,19,26,28,31,35,36,37,40,45,48,52,56,61,62,68,71,77,80,82,90,93,94,97,100,105,111,112,113,115,118,120,122,125,129,130,132,139,147,149,157,159,165,168,170,171,173,176,180,182,189,194 "173";
174 194 0 7,10,12,21,64,67,69,74,85,87,94,113,121,128,132,136,141,154,171,178,193 "174";
175 99 0 16,21,23,55,78,82,84,105,115,139,161,174,185 "175";
176 120 1 1,3,4,7,8,10,11,12,13,15,17,19,20,22,27,29,30,33,34,36,38,41,43,46,47,49,51,54,55,56,58,59,62,66,68,69,71,72,74,75,78,82,84,86,88,89,91,94,95,96,98,103,105,107,109,112,113,115,116,118,122,125,129,130,132,135,137,138,139,140,141,143,145,147,152,153,157,158,161,163,165,166,168,169,173,174,176,178,179,181,183,184,186,191,193,195 "176";
177 125 0 0,4,6,11,16,24,30,33,40,45,47,53,56,59,69,73,75,76,79,88,89,91,99,101,106,109,110,113,115,118,120,126,133,140,143,146,147,150,151,155,158,159,161,163,168,173,182,184,186,192,195 "177";
178 177 1 0,2,8,10,12,13,15,16,19,21,23,27,30,31,33,35,37,39,40,42,46,48,49,51,53,57,59,61,62,63,65,66,70,74,76,77,80,81,83,85,86,87,90,92,93,94,96,98,100,101,104,106,107,110,111,113,118,123,125,127,129,130,132,134,136,139,141,144,145,147,150,153,157,164,167,168,170,171,173,178,179,181,182,185,186,188,189,193,194 "178";
179 176 1 0,15,18,22,26,29,31,32,35,40,43,54,57,58,62,64,66,68,70,72,78,86,88,89,103,104,107,109,111,116,120,121,125,131,132,134,140,142,144,147,149,154,157,160,163,168,174,179,181,183,184,187,190,194 "179";
180 141 1 0,2,4,6,9,11,12,16,19,21,23,24,27,28,32,34,36,39,43,45,47,49,51,55,59,65,68,70,72,76,80,83,85,89,90,96,99,101,103,105,109,112,116,120,126,128,129,133,135,147,150,154,155,158,159,162,170,172,174,175,178,179,181,189,192,193 "180";
181 145 0 4,30,33,83,95,105,128,138,160 "181";
182 147 0 42,85,95,143,151,177,191 "182";
183 169 1 0,10,11,12,14,17,24,26,27,28,36,40,41,44,45,49,54,56,67,73,77,88,93,96,97,100,102,103,105,107,109,113,118,135,140,145,149,151,155,158,159,164,169,174,177,181,182,185,186,187,189,192,193 "183";
184 81 1 10,13,15,25,31,34,35,39,40,42,49,52,55,59,68,76,81,83,90,95,96,100,104,109,112,114,121,126,128,132,133,137,138,139,141,147,152,154,157,159,161,166,171,182,187,191,195 "184";
185 23 1 0,1,3,4,10,14,15,19,22,23,27,29,32,36,39,41,42,44,46,48,50,51,54,55,57,59,61,63,67,69,72,77,80,84,85,86,88,92,94,103,104,107,109,111,113,124,127,131,133,135,136,139,140,141,145,147,151,152,154,159,166,168,172,180,181,183,185,187,192,193,195 "185";
186 38 0 2,7,9,10,12,13,16,19,24,31,35,37,39,41,42,46,50,52,54,57,58,60,65,66,68,71,73,76,77,78,80,82,83,88,89,90,91,93,96,97,100,101,102,103,106,108,110,111,116,120,124,125,126,127,128,130,132,134,136,138,139,141,145,146,149,154,158,161,162,166,167,173,175,177,178,181,182,183,187,192,193,195 "186";
187 127 1 16,26,30,37,47,66,80,96,105,114,121,123,129,135,153,162 "187";
188 138 1 0,2,4,6,8,12,15,17,18,21,24,25,31,36,38,41,45,46,48,50,52,54,56,58,59,63,66,68,70,72,76,77,79,81,82,85,87,89,90,92,93,96,98,101,105,107,111,112,116,118,120,122,124,133,135,137,139,141,142,146,149,151,155,157,159,161,166,174,178,180,182,183,185,186,188,192,194,195 "188";
189 19 0 3,8,20,21,23,33,42,44,45,48,50,55,60,63,65,67,70,73,81,90,91,106,111,117,129,132,142,147,149,151,157,158,162,164,167,178,180,186,189 "189";
190 8 1 3,7,10,15,17,18,22,23,30,31,40,50,78,89,106,108,110,118,122,130,131,151,160,166,167,174,184,187,188,193 "190";
191 79 1 1,3,4,5,7,9,12,15,17,19,21,25,28,32,36,38,39,42,43,46,49,51,52,54,60,63,64,67,68,70,72,73,77,78,79,80,84,86,89,91,93,94,96,99,101,104,107,108,112,113,115,117,118,122,126,127,128,130,134,135,136,138,139,140,142,145,147,148,150,151,152,153,156,157,158,160,161,164,169,176,179,182,184,185,189,193,194 "191";
192 31 0 3,13,19,27,29,39,41,43,45,46,52,63,64,73,80,82,84,94,103,105,109,113,122,126,129,130,132,135,136,142,149,152,153,154,159,162,163,169,170,176,180,182,184,195 "192";
193 120 1 1,5,8,11,12,13,14,18,19,24,29,30,34,36,37,39,41,44,46,49,50,53,54,55,57,59,60,63,65,71,73,74,76,79,81,82,86,88,93,95,97,98,99,101,102,104,107,108,110,112,114,116,118,119,120,122,123,124,125,130,132,134,137,140,144,147,149,152,153,155,157,159,160,162,164,167,170,172,174,178,185,186,190,193,195 "193";
194 151 0 0,2,3,9,11,15,18,20,21,22,26,32,34,36,39,40,42,45,47,50,52,55,57,59,61,63,69,70,72,74,76,77,80,82,84,87,89,90,93,96,98,102,103,106,108,109,111,113,116,119,121,123,125,127,128,130,132,137,138,141,146,147,149,150,153,155,156,157,159,160,161,162,167,168,170,171,173,182,183,185,187,188,189,193,195 "194";
195 138 0 2,5,10,11,18,21,26,29,33,34,36,40,46,52,53,57,62,65,70,83,86,97,103,107,108,121,122,133,137,140,153,159,163,168,173,179,182,184,186,189,191,193,194 "195";
