parity 156;
0 23 1 0,4,8,14,17,25,30,31,43,45,48,50,65,67,76,81,92,100,103,105,108,112,127,143,146,150 "0";
1 115 0 15,22,30,33,45,68,79,82,116,120,129,143,147 "1";
2 85 0 0,18,20,22,25,26,29,35,37,44,47,65,78,81,86,92,98,125,131,138,143,147 "2";
3 129 0 10,16,24,39,43,58,63,80,82,94,132,134,149 "3";
4 53 1 3,6,8,11,17,19,20,21,23,25,26,27,33,37,40,42,43,48,50,52,54,57,60,61,63,65,66,68,75,80,81,82,85,86,88,91,92,94,98,100,102,103,105,107,108,110,111,114,117,123,126,128,130,131,133,134,136,137,139,144,147,148,150,151,156 "4";
5 126 1 1,3,4,8,16,17,20,28,30,33,35,37,41,45,46,48,51,55,57,59,61,66,68,69,73,75,80,83,85,87,90,91,92,93,97,98,99,100,103,105,109,112,113,115,117,123,125,127,129,133,134,135,136,139,140,142,147 "5";
6 128 0 0,1,4,14,16,23,33,35,37,40,45,63,67,79,85,93,95,97,99,103,116,127,130,135,146,148 "6";
7 72 0 9,13,19,22,25,30,44,54,71,76,77,80,96,101,116,120,124,131,136,147 "7";
8 156 1 1,2,3,7,8,9,13,15,17,18,20,21,22,23,26,27,29,32,36,39,41,43,44,45,49,52,55,56,58,59,61,64,66,67,69,70,73,74,78,79,81,83,86,87,90,91,93,94,97,99,103,104,106,107,109,112,113,114,115,116,121,124,126,127,130,132,134,136,139,140,142,150,151,154,155,156 "8";
9 138 0 60,63,72,79,88,102,108,117,134 "9";
10 6 0 2,3,5,6,8,10,11,14,17,19,21,22,23,25,26,28,30,31,32,34,39,42,44,46,47,49,50,53,54,55,58,60,62,65,67,71,73,76,77,80,83,84,86,87,89,90,92,93,94,95,96,98,100,102,105,106,107,109,111,112,115,119,120,122,129,131,133,134,136,138,140,144,145,147,149,150,152,156 "10";
11 72 0 0,2,22,24,30,32,43,45,55,60,62,63,64,68,69,71,75,80,83,85,99,103,104,108,115,119,126,147,151,153 "11";
12 123 1 9,10,15,20,23,29,35,37,40,42,51,57,72,75,80,85,90,98,113,131,145,146,151 "12";
13 138 1 0,1,3,7,8,10,12,14,15,17,18,21,22,24,29,30,33,34,35,36,39,41,43,45,47,48,49,53,55,57,60,63,64,66,68,71,73,74,76,78,79,81,83,86,87,89,91,93,94,95,97,102,104,107,108,110,111,113,115,117,118,124,127,128,129,132,133,134,137,138,140,142,143,146,148,149,155,156 "13";
14 69 0 1,2,3,6,7,9,10,12,13,15,16,17,18,19,20,22,27,28,30,33,36,38,40,41,42,44,45,46,48,50,56,59,61,63,66,68,69,71,73,74,76,79,80,83,86,87,89,90,92,96,97,99,100,105,110,111,113,116,118,125,127,128,133,135,136,137,138,140,142,145,146,149,150,152,153,155 "14";
15 130 1 2,10,21,24,26,28,36,39,47,49,52,58,59,65,67,69,96,98,101,104,111,113,115,122,124,129,131,132,135,144,148,150,156 "15";
16 89 1 1,4,6,8,11,12,16,19,21,23,24,26,30,31,32,35,38,43,45,48,50,52,54,57,58,61,63,65,66,67,70,72,75,76,77,80,81,83,85,86,87,88,91,94,96,100,101,102,103,106,107,109,111,113,119,121,122,123,125,126,128,130,131,133,135,137,138,139,142,144,145,149,150,155,156 "16";
17 7 1 0,3,6,7,10,12,13,17,20,22,24,26,27,31,35,38,42,43,46,48,52,59,62,64,65,67,69,71,74,77,80,83,87,88,91,92,95,97,100,102,105,107,110,112,117,118,122,124,130,133,135,137,138,140,142,147,148,149,152,156 "17";
18 32 0 4,8,10,12,13,15,24,29,31,33,51,54,66,75,93,96,98,110,112,114,117,121,125,152 "18";
19 56 0 2,8,14,28,35,44,51,55,68,81,83,102,126,130,134,145,146 "19";
20 52 0 2,4,5,9,10,13,16,17,19,21,23,25,27,28,31,35,41,45,50,54,58,60,61,65,66,68,70,71,73,77,79,80,83,85,87,89,95,97,99,101,104,105,107,108,111,113,114,120,126,133,135,140,144,145,147,149,151,153,155,156 "20";
21 128 0 30,89,108,110,124,150 "21";
22 154 1 2,3,4,7,9,11,13,16,18,20,21,22,23,25,26,29,31,33,34,35,36,39,40,43,49,52,55,56,57,61,63,64,65,70,71,72,74,76,78,80,83,86,89,93,96,97,101,104,106,107,109,110,112,113,114,115,118,120,121,123,124,125,127,131,134,135,139,140,142,145,146,148,150,151,154,155 "22";
23 66 0 0,6,9,11,13,14,18,19,21,23,26,31,32,36,38,39,41,43,48,50,51,56,58,61,63,64,66,67,68,70,72,76,78,80,83,84,87,88,89,91,93,98,99,101,102,104,106,113,115,116,117,126,128,129,132,134,136,137,139,140,142,143,147,149,153,154 "23";
24 79 1 0,1,6,9,13,17,22,23,29,30,32,34,36,39,42,43,48,50,51,54,56,60,61,62,65,68,69,72,73,76,78,81,82,83,85,90,91,92,94,96,99,101,103,106,108,109,114,117,118,119,120,122,125,126,131,134,135,137,139,140,141,143,147,148,150,152 "24";
25 34 1 14,26,35,48,53,56,58,66,70,72,76,87,96,100,112,140,143,152 "25";
26 45 0 2,6,8,19,22,30,33,40,45,51,56,69,77,79,80,82,84,86,89,99,109,114,116,121,123,130,133,134,135,138,143,145,148,152 "26";
27 156 1 1,2,4,10,11,14,15,19,21,22,28,29,30,32,37,39,40,43,53,57,63,64,68,70,72,76,77,84,87,93,99,101,104,106,109,110,116,117,121,123,125,126,129,130,132,136,139,143,145,147,150,151,153,155 "27";
28 78 1 0,2,3,7,8,9,12,16,18,23,25,27,30,33,34,36,39,40,43,45,47,50,52,54,55,56,58,59,60,62,63,64,65,70,71,72,76,78,88,90,92,94,96,100,101,102,104,106,108,111,112,115,117,119,122,125,133,135,136,137,138,141,143,145,146,147,153,154,156 "28";
29 107 1 1,8,9,11,14,19,22,32,33,34,36,38,40,42,46,48,53,57,59,63,68,74,75,78,81,83,85,88,89,92,94,96,98,100,105,106,110,112,116,121,123,125,126,133,135,138,140,142,143,149,152 "29";
30 85 1 1,3,4,6,11,15,21,22,25,31,34,35,37,39,40,42,44,49,53,55,57,59,61,63,69,71,72,74,76,80,83,85,86,92,94,97,99,100,103,105,107,108,112,116,118,120,122,130,132,138,139,141,143,146,150,152,155 "30";
31 15 1 29,30,48,60,65,67,99,103,118,132,136,140,142,145,148 "31";
32 71 1 1,2,4,6,8,11,12,14,15,16,21,22,31,35,40,41,43,46,48,49,50,52,55,60,62,67,70,72,74,75,77,81,82,84,86,88,89,92,94,97,99,100,102,104,106,110,113,115,119,121,124,127,128,130,132,134,135,138,143,150,155 "32";
33 8 0 1,4,11,15,16,20,34,35,38,47,52,58,59,63,68,72,85,88,94,97,98,100,102,106,111,117,120,124,134,135,138,140,142,144,151,153 "33";
34 131 1 5,9,11,13,19,22,25,27,37,73,78,106,131,151 "34";
35 77 0 23,33,35,44,82,87,121 "35";
36 60 1 6,27,106,118,154 "36";
37 88 0 4,23,73,99,143 "37";
38 128 1 11,12,15,18,20,24,25,31,37,42,69,70,81,86,95,107,122,128,129,135,139,154 "38";
39 135 0 10,17,20,30,32,34,42,58,67,70,73,82,85,92,95,97,98,106,107,118,129,143,144,152 "39";
40 153 1 0,9,11,14,15,19,20,21,23,24,25,27,30,31,33,35,39,41,46,48,51,55,57,60,63,65,68,70,71,77,78,80,81,84,85,88,91,93,95,96,99,100,103,105,106,108,110,113,114,117,118,120,128,135,137,139,141,143,148,156 "40";
41 34 1 5,11,12,14,20,22,24,26,27,29,42,44,46,49,50,58,74,75,76,77,82,88,90,93,96,99,103,110,112,113,116,124,128,137,143,149,153,156 "41";
42 74 0 2,7,11,37,101,104,107,111,118,125,126,139,140 "42";
43 2 0 0,10,11,16,22,27,28,30,33,36,39,45,48,52,60,62,67,68,71,72,73,80,84,86,90,97,99,101,125,126,127,130,131,138,139,144,146,147,152 "43";
44 70 1 0,4,7,8,9,12,14,15,17,19,23,25,27,29,30,32,34,36,37,39,40,42,45,46,51,56,59,63,64,65,67,69,71,73,74,76,78,83,86,87,90,93,95,96,98,99,101,102,103,105,106,107,109,112,114,115,117,120,123,124,125,128,129,132,134,136,140,141,142,144,145,148,150,152,156 "44";
45 44 0 0,2,5,7,9,11,14,16,20,21,23,26,27,31,32,34,37,38,40,44,47,50,52,53,55,57,58,60,62,63,64,66,68,71,73,75,78,80,82,83,85,88,90,91,93,97,99,101,104,107,109,111,113,115,117,118,120,127,128,129,131,132,133,134,135,137,138,140,141,142,145,146,149,152,155 "45";
46 86 1 3,7,10,13,18,20,24,36,44,54,61,63,66,77,80,81,96,98,102,104,106,108,109,117,118,130,135,143,151 "46";
47 124 0 1,5,6,8,9,10,12,13,16,22,24,25,28,31,34,35,37,41,43,47,48,51,54,55,57,60,61,63,65,67,69,71,72,74,77,78,83,84,87,89,91,93,94,96,98,99,100,101,102,106,111,113,118,120,122,125,126,128,129,131,133,137,139,141,143,144,146,147,148,153,155,156 "47";
48 151 1 2,10,13,16,32,48,59,63,74,82,90,97,105,110,111,120,129,130,131,135,137,139,141,142 "48";
49 127 1 1,2,10,13,21,23,27,29,32,36,38,41,44,45,48,49,56,59,61,62,64,65,67,71,87,90,94,96,100,107,109,113,115,117,118,121,123,125,126,129,132,135,137,141,152 "49";
50 142 1 2,18,19,29,30,33,40,43,45,52,58,60,65,66,67,69,73,75,79,84,86,88,97,102,105,112,118,119,121,128,130,136,139,142,143,145,154 "50";
51 19 0 1,4,11,40,41,44,46,68,71,77,82,89,104,105,111,121,122,128,141,148,150 "51";
52 62 1 3,6,11,14,27,46,48,49,50,52,57,60,63,67,69,87,88,90,99,104,106,108,115,117,121,126,134,135,136,137,139,152,156 "52";
53 83 1 0,2,8,12,14,16,17,19,24,26,29,34,35,36,41,46,52,54,55,60,64,66,68,70,71,73,78,80,81,83,86,89,91,93,95,98,101,103,106,107,111,115,117,119,123,125,127,129,132,135,137,140,142,143,147,154,156 "53";
54 25 0 1,3,5,7,9,15,17,19,22,25,34,35,39,41,49,56,57,58,65,66,68,70,72,75,81,82,84,89,90,91,97,99,102,115,121,123,133,135,139,147,150,153,156 "54";
55 87 0 0,3,5,8,13,16,19,32,38,40,42,44,48,53,55,70,73,78,83,89,93,98,100,102,106,109,114,128,129,130,136,141,153 "55";
56 44 1 0,1,7,10,13,14,17,22,23,25,26,28,29,31,33,36,42,43,47,50,53,55,56,59,63,64,69,70,72,74,75,79,81,83,85,91,93,96,97,100,102,103,107,111,114,116,119,120,123,124,127,128,132,134,136,137,140,143,144,146,147,148,150,151,152,153,156 "56";
57 47 0 1,3,7,9,16,17,20,23,25,28,31,32,37,38,42,45,46,49,52,54,55,58,63,64,66,69,71,73,77,79,81,82,84,86,89,90,92,96,97,98,100,102,104,106,107,111,112,118,119,121,124,126,127,129,130,134,136,140,142,149,152,156 "57";
58 34 0 0,22,86,112,143,144,147 "58";
59 59 0 3,4,6,8,10,23,24,26,28,30,33,35,45,49,58,59,61,65,66,68,74,76,80,82,84,88,89,90,94,99,100,101,103,107,111,114,118,124,125,127,132,136,137,141,149,150 "59";
60 117 0 0,6,8,9,14,15,18,20,23,24,41,43,45,48,50,55,57,58,60,61,65,66,67,69,70,72,74,77,78,79,86,90,95,96,100,105,111,112,115,117,118,122,123,124,127,130,134,137,140,141,143,151,152,154,155,156 "60";
61 108 0 8,15,25,29,53,55,63,78,108,112,135,140 "61";
62 81 1 10,15,31,67,100,102,107,118,133,151 "62";
63 121 1 0,2,3,5,7,9,12,14,17,23,24,31,33,38,40,42,45,49,52,54,60,62,64,65,67,70,71,74,75,76,78,80,85,88,90,93,94,99,102,105,107,109,111,114,116,118,121,123,124,126,130,131,133,134,136,138,140,141,143,146,151,152,155 "63";
64 92 0 0,3,5,14,17,18,21,24,31,33,36,38,47,50,51,53,56,60,62,66,69,72,74,75,76,78,81,82,87,88,90,91,93,99,102,108,109,113,116,117,119,120,122,123,124,125,127,133,138,144,145,146,150,154 "64";
65 155 1 1,2,6,9,15,17,21,29,40,42,45,51,58,61,67,70,72,74,75,82,84,86,88,94,96,98,103,104,109,119,123,124,128,131,135,136,141,145,146,150,153,156 "65";
66 93 1 39,41,54,56,63,65,84,88,94,98,105,113,123,126,129,131,134,145,149,150,155 "66";
67 40 0 1,5,9,10,13,14,21,22,24,26,28,32,35,37,38,40,41,43,44,46,49,51,54,55,58,60,64,66,67,71,73,78,79,81,90,92,93,94,98,100,101,102,104,105,109,111,114,116,119,121,122,123,125,126,128,130,132,134,136,143,146,148,151,152,155 "67";
68 35 1 0,2,4,6,7,9,14,15,19,20,22,25,31,32,33,35,36,38,39,40,41,43,45,48,49,51,53,55,56,58,59,61,63,65,67,70,72,74,77,79,85,87,88,89,91,92,94,96,97,99,100,103,107,110,111,113,114,116,117,121,122,124,126,128,130,134,137,139,140,142,143,144,145,147,148,151,152,154,156 "68";
69 131 1 0,3,4,6,7,9,10,11,13,17,18,19,21,23,25,27,29,32,36,37,39,43,44,48,50,52,53,55,56,60,61,64,65,67,72,73,74,76,77,79,80,81,84,88,91,93,94,98,101,102,103,106,108,110,113,115,116,119,121,122,124,126,127,128,132,135,137,138,142,144,146,149,152,154,155,156 "69";
70 51 1 3,18,25,38,62,72,81,89,98,110,114,118 "70";
71 93 1 8,12,13,15,20,24,28,36,64,76,80,84,89,96,102,105,106,112,116,127,135,141,153 "71";
72 109 1 1,7,30,36,44,52,53,66,74,81,85,92,106,111,118,119,124,130,132,143,152,155,156 "72";
73 39 0 1,3,5,9,13,14,16,17,20,22,29,32,34,36,41,47,48,52,56,59,62,64,66,69,74,77,78,79,80,84,85,87,94,98,105,108,120,125,127,129,130,132,136,140,144,145,150,154,156 "73";
74 2 1 1,2,4,5,7,8,10,12,14,16,17,19,21,23,24,27,28,29,35,37,38,40,42,47,50,52,54,57,62,65,68,69,71,76,78,82,83,85,87,88,91,93,95,97,99,101,104,106,108,110,112,113,114,116,118,120,121,122,129,130,132,133,135,136,139,141,142,143,145,147,148,149,154,155 "74";
75 3 1 0,11,22,43,45,90,101,104,114,147,151 "75";
76 67 0 0,2,4,5,7,8,9,12,13,15,17,19,20,23,25,26,28,29,30,32,34,38,39,41,43,46,48,51,52,53,54,55,62,65,68,71,74,76,77,79,86,87,91,93,94,95,98,99,101,103,104,110,113,115,116,119,120,122,123,125,127,129,130,134,135,137,139,140,142,143,144,146,148,152,154,155 "76";
77 8 1 0,2,4,6,7,10,12,16,18,19,22,24,26,28,29,31,33,35,36,38,39,41,43,44,46,48,49,51,53,56,58,59,61,62,63,65,68,70,71,73,78,80,81,82,84,85,90,91,93,95,100,106,109,111,113,118,119,121,123,124,127,130,131,134,135,137,138,140,141,144,146,148,149,152,153 "77";
78 136 0 0,3,5,12,16,18,24,26,28,29,36,38,47,49,57,63,65,67,68,69,71,82,83,88,90,94,96,98,101,102,108,111,116,117,121,125,126,132,134,142,144,145,146,148,151,155,156 "78";
79 43 1 0,2,13,16,30,35,39,41,43,48,50,52,62,65,67,68,77,79,88,91,93,109,113,117,122,125,133,135,138,140,143,144,147,152,154 "79";
80 63 1 3,13 "80";
81 42 1 0,1,2,3,4,7,8,10,12,14,18,19,20,21,24,26,27,29,32,35,36,37,38,40,41,43,44,46,47,52,56,58,62,64,66,68,70,72,73,75,77,79,83,86,88,90,92,94,95,101,102,104,106,108,111,113,114,116,121,122,124,125,126,131,132,133,135,139,140,142,143,144,145,147,150,151,154 "81";
82 32 0 0,2,4,5,10,15,17,25,26,31,34,40,41,42,44,45,47,48,50,53,54,55,59,62,63,68,71,74,75,78,81,82,85,86,89,91,97,102,103,105,106,108,116,119,123,124,127,131,132,134,137,139,140,142,145,146,150,152,156 "82";
83 85 0 2,15,18,21,30,36,45,47,55,60,62,76,83,87,112,120,131,134 "83";
84 125 1 1,3,4,7,9,13,14,16,20,22,26,28,30,32,34,37,38,39,40,42,43,44,46,47,49,52,54,55,58,61,62,63,65,68,70,73,74,76,80,81,88,92,93,95,96,97,103,105,107,108,110,112,117,119,120,121,124,126,130,132,134,136,138,139,140,143,146,148,149,153,155,156 "84";
85 7 0 5,8,25,40,50,55,71,81,84,91,122,125,129,135 "85";
86 107 1 6,8,13,16,18,25,27,35,41,47,52,62,67,68,79,81,83,91,96,106,108,120,122,124,131,135,138,140,147,153,156 "86";
87 142 0 3,12,20,25,32,37,39,48,50,61,67,76,83,97,98,100,102,112,114,134,135,141,144 "87";
88 89 0 0,2,4,9,12,13,15,16,17,20,22,24,25,27,28,29,32,33,36,38,39,41,43,44,50,53,55,62,63,65,67,71,73,75,79,81,83,85,86,89,90,92,94,97,102,103,105,106,107,111,113,114,117,118,120,121,123,125,126,128,130,132,134,136,137,139,140,141,147,153,154,156 "88";
89 83 0 8,14,16,22,27,28,30,33,35,38,40,42,44,50,52,56,57,61,64,65,67,74,76,81,83,84,87,89,92,95,98,102,103,106,108,116,118,120,121,126,128,129,132,134,137,138,140,142,144,150,152,154,155,156 "89";
90 130 0 1,2,4,5,7,11,13,15,17,19,21,23,26,29,31,32,34,37,41,43,46,47,51,52,57,65,66,71,76,79,84,86,88,91,96,98,104,106,107,109,115,116,117,125,126,128,136,137,139,140,144,147,151,152,154,156 "90";
91 107 0 3,8,14,18,28,38,44,52,63,71,78,84,88,101,106,112,116,125,130,134,137,139,146,151 "91";
92 132 0 0,3,7,8,10,11,16,19,22,23,25,27,29,32,34,35,36,38,39,42,44,46,47,49,50,56,58,61,66,71,73,75,76,78,83,84,87,89,90,92,97,98,101,103,106,111,112,113,116,119,124,126,128,135,139,140,145,146,148,150,154 "92";
93 70 0 0,1,2,4,7,9,11,12,15,19,21,22,29,32,33,35,36,43,44,47,50,51,58,60,63,64,65,71,74,80,82,85,87,94,99,101,102,105,108,109,111,113,116,117,118,119,121,122,123,126,127,129,131,135,137,138,143,144,146,148,150,152,154 "93";
94 122 1 3,4,7,10,12,14,16,21,28,36,41,51,66,69,72,73,75,77,86,88,90,94,96,105,110,115,133,134,140,146,155 "94";
95 86 0 4,5,7,13,27,32,41,50,56,57,58,63,72,75,86,88,98,110,114,116,117,126,129,130,131,136,139,142,147,151 "95";
96 51 1 2,3,7,9,12,13,16,17,21,22,24,25,27,30,31,34,36,38,39,40,44,48,51,52,55,56,58,60,65,66,68,70,71,73,74,76,79,81,82,85,86,88,89,90,92,94,97,98,105,107,108,110,111,113,114,117,119,122,124,127,128,130,134,135,136,138,140,143,145,148,151,152,153,156 "96";
97 130 1 4,7,11,13,14,16,23,25,28,31,37,38,45,46,54,56,58,66,77,89,90,96,98,105,108,110,115,117,118,121,128,130,134,140,145,147,149,152,156 "97";
98 45 1 3,5,9,11,12,20,22,28,37,39,41,51,55,66,70,72,74,76,78,81,82,84,86,87,92,94,96,98,102,103,106,107,109,111,119,120,124,126,127,130,132,136,149,151,154 "98";
99 72 0 18,25,45,56,60,64,72,74,97,104,109,123,130,147,151 "99";
100 124 0 2,18,21,25,27,32,33,36,37,39,47,48,53,54,55,59,62,67,72,77,79,84,86,88,90,93,98,104,109,112,114,117,118,120,124,132,138,141,142,144,147,149,150,153,155 "100";
101 138 0 0,2,4,6,8,10,13,14,16,17,20,21,23,25,26,28,29,32,35,39,42,44,47,48,50,51,55,56,62,65,68,69,71,72,76,77,78,81,85,88,89,91,98,101,103,106,110,115,116,118,120,121,122,124,129,133,135,137,141,142,145,148,150,152,154,155 "101";
102 144 0 6,7,10,14,15,18,21,23,25,28,32,34,36,38,39,42,49,50,53,56,57,58,59,65,67,69,71,76,79,82,85,86,88,89,91,92,95,98,99,105,107,109,111,115,118,121,124,126,129,131,133,137,139,141,143,145,147,151,153,154,156 "102";
103 109 1 0,3,5,11,13,15,18,19,20,22,24,26,29,33,34,36,38,41,42,44,47,49,52,53,55,57,59,60,62,63,65,66,68,70,72,73,75,76,78,82,83,85,86,87,89,90,94,96,97,101,105,106,108,109,113,114,115,117,119,121,122,125,126,129,133,134,136,138,141,143,147,151,152,153 "103";
104 26 1 1,17,26,41,50,55,62,129,133,135,143,150 "104";
105 156 0 0,1,4,5,12,13,14,15,18,19,21,24,26,33,35,36,38,41,43,44,45,50,51,53,54,56,57,61,62,64,67,69,71,73,74,76,78,79,80,83,84,92,93,98,100,102,104,108,111,112,114,116,120,122,123,128,130,132,134,135,137,139,141,143,146,150,156 "105";
106 59 0 2,3,8,11,23,25,29,30,34,37,40,45,48,51,58,62,64,68,69,73,81,83,84,85,89,93,97,99,102,104,106,109,110,112,113,117,121,131,132,134,136,140,145,146,149,151,154,156 "106";
107 98 1 1,4,7,8,14,18,20,24,31,37,41,50,52,59,64,70,71,77,84,86,92,95,97,98,101,102,104,107,111,115,118,121,124,125,128,129,136,138,140,146,152 "107";
108 6 0 0,16,19,20,36,43,48,53,68,79,91,92,98,103,117,120,145,147,155 "108";
109 147 0 0,2,7,15,19,21,23,28,32,33,36,37,40,43,49,54,58,60,61,64,69,72,74,75,78,80,85,87,92,94,98,101,105,113,115,116,119,122,126,127,128,130,134,136,139,141,142,146,150,153,154 "109";
110 131 1 1,2,5,6,9,10,16,17,20,22,23,26,27,29,30,31,34,37,39,43,45,49,51,53,57,63,64,65,66,69,72,73,77,78,83,85,86,90,92,99,101,103,105,108,111,113,114,116,117,120,121,122,125,129,130,132,134,136,140,141,143,144,145,147,152,154 "110";
111 8 0 8,12,15,19,23,25,46,52,56,60,62,65,72,75,77,90,95,112,115,122,129,139,145,148 "111";
112 41 0 0,2,4,11,13,15,16,18,20,24,25,29,30,33,35,41,43,45,47,48,52,56,60,63,64,71,72,77,78,80,85,88,90,95,97,99,102,104,105,107,108,112,116,119,122,123,129,132,133,136,139,142,152,153,154,156 "112";
113 129 0 4,13,14,18,20,22,29,30,48,53,54,55,63,65,69,70,84,88,90,95,98,106,109,126,131,135,138,142,146,154 "113";
114 35 0 0,4,7,9,12,14,16,18,19,22,23,26,27,31,36,38,39,44,47,48,50,51,53,57,61,63,67,69,70,73,74,76,78,79,82,84,88,92,94,95,98,103,107,110,113,114,118,123,126,127,129,132,134,136,137,140,143,148,151,154,156 "114";
115 89 1 0,2,7,12,22,24,27,29,31,36,37,39,44,46,48,49,51,59,62,66,67,71,73,79,81,85,87,89,93,95,99,100,103,107,109,111,112,114,116,120,130,136,137,139,143,145,150,154 "115";
116 150 0 22,29,32,122,128 "116";
117 24 1 16,24,25,49,58,94,98,119,123,156 "117";
118 156 1 6,19,22,38,42,47,48,53,60,62,65,67,85,87,93,95,97,99,106,113,117,125,150,156 "118";
119 34 0 7,32,39,53,55,59,84,86,91,102,106,125,131,134,136,145,151,152 "119";
120 40 1 3,5,6,9,18,20,23,37,43,45,48,51,52,53,54,56,61,63,64,67,68,73,85,87,90,94,96,97,99,101,107,110,114,119,127,131,135,139,143,144,149,152 "120";
121 137 0 3,5,7,10,11,13,15,18,20,23,26,27,29,31,32,35,36,37,42,45,46,49,50,51,54,57,59,61,62,63,66,70,71,76,78,79,81,83,87,90,93,94,96,98,100,102,104,106,109,111,114,118,119,121,122,124,125,128,129,132,134,138,139,142,149,152 "121";
122 50 1 2,6,12,21,30,43,44,53,61,65,80,85,93,98,115,118,122,124,136,153,155 "122";
123 50 1 0,4,12,15,20,31,33,41,43,46,57,67,76,86,92,97,106,115,134,140,142,145,149,152 "123";
124 105 0 37,76,106,117,126,131,147 "124";
125 129 0 1,3,6,8,9,10,12,15,16,18,20,23,26,28,30,31,37,39,45,47,49,50,55,60,63,67,71,74,78,80,82,86,87,89,91,99,101,107,109,110,113,116,119,120,121,123,124,125,129,130,131,134,135,137,139,142,148,152,154,155 "125";
126 149 1 12,46,79,97,109 "126";
127 128 1 1,6,9,10,12,17,20,23,27,30,35,36,38,39,40,43,46,48,50,52,54,56,61,63,66,68,69,73,75,76,80,82,85,87,88,90,91,92,94,95,99,101,104,106,110,112,114,118,119,120,122,124,126,129,131,133,134,137,139,141,146,148,152,156 "127";
128 106 0 3,4,7,9,10,24,25,27,29,37,55,80,91,108 "128";
129 138 0 9,14,22,27,29,38,58,68,80,88,100,115,137,142,153 "129";
130 97 0 12,24,39,45,48,52,79,83,86,87,92,94,106,109,110,115,117,136,156 "130";
131 103 0 4,6,11,15,20,24,26,30,39,41,45,47,56,58,62,63,64,82,85,87,96,101,105,110,111,113,114,117,121,131,136,140,145,147 "131";
132 51 0 0,9,25,33,113,119,132,140,155 "132";
133 55 0 1,2,4,8,12,16,18,20,24,29,33,36,38,39,42,44,45,49,57,60,62,65,73,74,76,77,83,85,87,90,97,98,102,111,113,115,116,118,120,129,131,136,138,143,148,150,152,155 "133";
134 116 0 1,2,5,10,12,20,24,26,27,30,34,35,40,41,45,46,48,51,54,56,62,64,68,72,75,76,79,82,86,89,91,94,95,96,97,98,102,103,105,106,110,112,114,116,118,123,127,134,135,138,144,146,152,154,156 "134";
135 1 0 2,5,9,11,14,16,20,25,27,28,30,33,38,45,51,53,54,61,67,69,71,72,73,75,77,81,84,89,94,105,112,114,118,119,122,124,128,130,134,140,144,145,147,148,154 "135";
136 59 1 7,45,51,78 "136";
137 104 1 3,6,9,10,13,15,16,21,24,32,40,44,52,54,56,61,62,68,72,74,78,81,83,85,86,87,90,93,95,103,105,108,110,113,115,116,118,120,123,125,127,130,133,134,137,138,142,146,147,152,154 "137";
138 130 0 0,18,26,37,44,45,62,85,88,93,98,102,131,137,140,143,146,149,156 "138";
139 150 1 0,1,3,4,7,8,12,16,20,22,23,24,25,27,28,31,34,36,40,42,43,45,48,51,55,58,60,62,63,64,66,68,69,71,72,75,77,83,85,86,89,91,92,93,95,96,99,100,102,103,106,108,109,111,114,115,116,121,122,126,128,132,134,135,137,139,142,143,147,150,151,153,154,156 "139";
140 46 1 1,3,4,8,9,14,16,17,19,24,25,27,28,29,31,33,40,44,49,51,53,56,58,62,63,67,69,71,72,74,77,78,79,84,86,87,94,95,96,98,100,101,103,107,112,113,116,119,121,125,126,127,129,130,134,137,140,142,146,149,152 "140";
141 6 1 0,6,15,19,22,31,35,44,49,60,61,65,69,70,74,76,77,82,84,87,92,98,101,109,119,137,139,142,143,149 "141";
142 78 0 8,9,10,13,14,16,18,22,24,30,31,32,36,38,39,40,44,48,49,50,59,61,62,63,65,68,73,76,79,80,83,84,85,89,91,93,101,103,112,115,119,123,126,129,131,132,134,136,138,139,141,144,147,149,150,154,156 "142";
143 109 0 2,10,15,29,33,34,36,38,41,43,45,58,64,66,71,75,78,126,129,131,133,135,137,139,148,150,151 "143";
144 24 1 2,3,4,7,10,17,19,22,28,29,33,37,39,43,45,48,50,53,54,61,63,68,71,75,77,82,84,88,90,91,93,94,98,100,104,105,106,108,109,111,112,115,119,120,125,126,131,134,136,144,152,155 "144";
145 132 0 0,1,2,4,5,6,8,10,13,15,17,19,22,24,25,26,28,31,36,39,40,42,44,46,47,48,50,52,53,55,57,60,63,65,67,68,69,73,75,77,80,81,82,84,85,87,88,90,91,95,97,98,100,101,105,106,112,115,121,124,126,127,131,133,135,136,138,139,140,141,143,147,149,155 "145";
146 113 1 4,6,20,27,31,32,39,50,68,70,73,79,88,90,96,98,103,106,114,119,121,134,152 "146";
147 100 1 0,3,5,7,9,11,12,13,17,18,19,20,22,24,26,27,29,31,35,36,39,44,45,48,49,51,52,55,57,62,64,65,68,69,72,74,76,77,80,81,83,85,88,92,96,98,101,103,105,106,107,108,113,114,116,118,120,124,127,129,130,132,133,139,140,142,144,146,150,152,154,155 "147";
148 75 0 0,1,3,7,8,10,15,18,24,25,29,31,37,39,42,47,50,51,55,56,59,62,65,70,73,78,80,88,90,93,95,97,101,117,120,125,129,133,135,137,139,140,148,150,151 "148";
149 34 0 2,3,6,8,12,13,15,20,22,27,29,31,34,37,39,41,49,53,55,56,58,60,64,68,69,72,73,77,80,82,83,86,87,89,93,97,99,100,103,107,110,112,115,117,119,123,126,127,130,138,140,147,149,154,156 "149";
150 152 0 2,7,9,14,18,23,24,29,33,35,36,37,38,39,43,46,47,50,51,55,56,59,60,61,63,67,73,75,78,79,81,83,88,90,92,94,96,97,99,101,102,106,110,112,117,120,122,124,126,132,136,139,141,145,147,149,154,156 "150";
151 101 1 3,5,11,13,14,16,17,19,21,22,23,26,27,29,32,33,39,41,43,46,50,51,52,58,65,70,71,76,79,83,86,89,91,92,94,97,99,105,112,115,120,122,126,127,130,131,135,136,145,148,151 "151";
152 141 0 2,4,7,9,11,12,23,26,30,31,33,35,36,37,39,41,51,57,59,60,63,67,76,79,80,85,88,89,91,94,97,101,102,105,107,111,113,119,121,123,125,128,134,139,141,147 "152";
153 16 0 1,3,6,9,13,14,15,16,18,20,21,24,25,27,29,31,33,35,39,40,44,45,46,48,50,52,55,57,58,61,64,67,68,70,73,74,76,78,80,83,84,86,87,88,90,92,94,97,98,100,101,105,107,109,112,115,117,119,121,123,124,125,127,129,131,132,134,136,137,139,141,142,143,145,147,148,150,155 "153";
154 146 1 1,2,5,7,10,11,12,15,17,18,20,25,26,28,31,34,35,38,40,41,44,45,47,48,50,53,55,58,60,61,64,66,68,70,72,77,79,80,84,87,90,92,94,96,97,100,105,107,110,112,114,117,118,122,123,125,127,128,130,131,132,134,135,136,137,139,141,146,148,149,151,154,156 "154";
155 123 1 3,5,6,9,10,11,14,19,20,21,23,25,27,30,31,36,38,39,41,42,45,46,48,49,50,52,54,58,60,64,66,69,71,72,74,75,81,82,84,85,86,88,90,93,94,96,97,99,101,102,104,107,108,110,111,114,116,118,120,121,123,124,126,128,129,131,132,137,139,142,143,145,147,148,151,156 "155";
156 5 0 1,3,4,6,8,10,11,13,14,15,17,20,21,26,29,35,36,38,39,41,44,46,49,53,56,64,66,68,71,74,77,78,80,86,88,89,92,95,100,103,108,110,111,114,117,119,123,125,127,128,131,133,136,143,144,146,148,150,154 "156";
