parity 153;
0 148 0 3,8,26,28,30,31,33,38,39,43,46,47,53,59,64,65,67,68,72,73,75,78,83,84,86,88,91,96,99,102,103,107,111,112,119,122,123,125,133,134,136,139,144,145,146,150,152,153 "0";
1 74 0 1,4,9,15,18,27,33,42,45,49,62,65,88,93,96,101,104,118,120,134,142,145,149,152 "1";
2 40 1 5,8,9,16,20,23,26,36,39,41,47,57,67,75,82,86,89,94,96,101,104,117,119,121,127,129,130,136,137,144,147,148 "2";
3 19 0 0,15,19,43,46,48,57,65,69,71,79,82,91,96,112,115,119,126,130,132,134,135,141,146,148,150 "3";
4 42 0 12,15,16,17,35,37,39,46,47,49,60,62,63,68,75,84,95,99,101,103,112,115,117,122,124,130,134,138,139,141,143,149 "4";
5 120 0 2,5,7,20,27,29,31,33,35,42,45,47,55,60,67,68,85,87,88,90,95,96,100,102,108,111,112,113,115,116,123,124,127,136,153 "5";
6 23 1 0,3,9,13,22,25,27,29,37,52,55,57,76,78,89,91,93,95,96,102,108,111,124,127,134,140,144,152 "6";
7 145 0 0,3,7,11,12,15,17,23,25,27,28,34,35,40,42,49,51,62,64,66,68,83,88,89,96,97,102,117,120,123,124,131,133,136,142,150,152,153 "7";
8 127 1 9,15,18,26,30,43,53,61,63,67,73,74,86,91,98,103,104,113,117,119,122,133,139,143,153 "8";
9 103 1 2,5,6,10,14,21,23,25,28,35,36,37,39,42,45,46,48,50,52,56,57,59,63,65,69,71,72,76,77,83,84,88,90,91,93,94,97,100,101,103,104,108,110,112,116,118,120,123,124,128,130,133,134,137,140,146,147,150,151,152 "9";
10 112 1 1,7,9,10,13,16,18,22,25,29,30,31,33,34,35,38,43,44,49,51,54,56,59,65,72,73,74,76,77,79,80,83,85,87,89,91,92,100,104,106,109,111,113,115,118,120,123,129,131,137,139,143,145,147,148,151 "10";
11 122 0 9,18,20,25,62,85,90,115 "11";
12 105 1 10,14,17,22,27,30,51,52,54,59,68,71,74,78,83,89,90,93,99,108,113,119,125,128,132,138,139,141,145,152 "12";
13 2 1 9,11,19,26,27,36,38,39,40,46,59,63,66,72,77,81,84,98,100,109,112,114,116,121,125,128,144,148 "13";
14 62 1 0,2,5,11,12,14,16,18,19,21,26,27,32,34,38,39,42,46,47,49,51,53,55,58,65,68,69,71,73,75,76,77,82,85,88,90,92,95,96,98,100,101,103,105,106,108,110,113,116,117,119,120,122,124,126,127,129,130,134,136,137,139,142,143,145,146,148,150 "14";
15 14 0 1,3,7,8,10,11,17,20,28,31,33,37,40,42,44,48,50,56,57,59,61,63,68,69,71,73,74,75,78,79,81,83,86,91,93,96,97,98,101,102,104,106,107,109,110,112,114,115,116,118,123,124,128,129,131,132,134,136,140,144,149,150,152 "15";
16 68 1 12,41,43,48,60,64,66,68,70,75,76,79,83,88,92,99,112,114,116,123,128,138,141,142,145,146,149 "16";
17 95 1 6,14,18,24,25,37,38,40,47,56,79,96,99,101,112,113,121,130,138,143,149,150 "17";
18 118 1 3,13,20,36,40,41,42,47,50,53,56,61,65,79,92,94,95,101,105,106,121,124,143,147,149 "18";
19 68 0 3,6,13,15,17,18,21,22,25,28,30,34,38,41,47,48,53,55,60,62,64,67,68,70,75,77,78,81,85,88,92,93,96,98,99,101,102,105,107,110,112,114,118,123,125,126,128,129,130,135,136,137,140,141,143,146,147,152,153 "19";
20 12 1 1,6,13,39,46,48,55,56,90,94,99,104,111,119,120,123,126,129,147 "20";
21 135 0 1,5,32,34,40,46,51,60,62,63,66,81,86,93,114,119,143,148 "21";
22 151 1 1,2,6,8,9,10,15,16,21,27,29,32,37,39,41,45,47,50,54,56,58,60,63,67,69,70,72,76,77,79,82,84,85,88,93,94,98,102,105,111,113,114,116,119,121,123,125,126,129,131,132,136,138,139,141,146,149,152,153 "22";
23 55 0 19,21,31,32,38,43,47,50,57,64,67,77,78,87,104,111,116,124,125,136,139,147,153 "23";
24 97 1 1,2,3,5,10,11,15,18,21,27,29,32,34,37,40,42,44,49,52,55,62,63,65,68,71,74,88,89,94,96,100,103,104,106,107,111,113,117,118,121,122,124,125,128,131,133,134,136,137,141,142,143,145,151,152 "24";
25 63 0 0,4,5,29,38,46,49,51,57,59,66,67,69,72,75,84,86,89,92,94,98,101,103,106,113,115,122,124,130,137,141 "25";
26 110 1 1,4,7,11,34,39,49,55,85,87,95,132,137 "26";
27 154 1 6,9,12,32,40,45,48,52,53,56,60,62,64,67,74,83,86,90,92,98,102,103,105,110,113,119,121,124,128,129,139,143,144,146,150 "27";
28 105 0 0,1,8,11,19,22,26,29,30,34,41,50,53,54,63,66,67,69,78,79,83,101,105,110,117,121,123,126,128,130,133,137,139,141,142,145,147,148,152 "28";
29 140 1 0,3,7,10,12,17,20,25,27,29,31,32,34,36,38,39,41,43,45,47,48,50,52,53,57,58,66,67,69,71,73,76,80,82,90,92,95,97,100,102,108,109,111,114,115,118,120,121,125,126,129,130,134,139,141,143,144,148,152,153 "29";
30 106 0 7,16,30,42,48,51,59,68,73,75,79,83,89,94,100,111,112,114,123,134,141 "30";
31 44 1 0,1,3,4,6,9,10,11,13,15,19,20,22,24,26,28,32,34,35,37,38,40,41,44,45,48,50,52,55,56,57,60,64,66,68,69,71,73,78,80,82,87,90,92,95,96,101,103,104,106,110,111,117,118,119,121,122,124,126,128,130,131,133,136,137,139,141,143,144,148,149,151 "31";
32 107 0 0,1,5,6,15,21,27,28,32,43,50,55,57,61,63,68,79,82,84,88,92,93,98,103,105,111,114,117,119,121,122,125,126,129,136,149,152 "32";
33 10 0 3,6,11,21,35,60,61,62,77,80,83,95,105,107,128,131,138,145,147 "33";
34 150 1 3,6,7,11,14,16,22,23,24,27,28,29,32,33,40,43,47,49,51,54,57,60,65,67,68,70,72,76,81,83,90,95,97,99,103,105,106,115,118,123,124,126,132,134,136,140,143,144,149,152 "34";
35 21 0 22,68,134 "35";
36 14 0 22,29,133,134,136 "36";
37 73 0 1,80,151 "37";
38 117 0 1,5,6,8,11,13,15,18,19,21,23,24,26,30,31,33,37,38,40,44,46,48,51,53,54,57,62,63,65,66,67,69,70,72,74,77,78,80,82,83,88,90,96,98,99,101,102,104,106,107,109,111,116,122,124,133,135,136,138,140,141,142,143,144,146,149,150,151,153 "38";
39 79 0 4,10,12,14,17,32,34,48,50,64,74,76,82,87,107,113,114,118,121,139,149,153 "39";
40 104 0 2,3,7,8,11,12,14,15,16,18,24,27,30,32,33,38,44,47,49,50,56,60,63,65,67,72,73,77,82,86,90,94,95,96,99,101,104,105,108,112,119,124,126,128,134,136,137,140,141,145 "40";
41 67 1 0,3,4,7,9,11,12,13,14,18,19,21,23,25,30,31,35,37,41,42,44,45,49,50,52,53,55,56,58,60,62,65,68,70,71,74,76,78,80,83,84,85,87,91,92,93,96,97,100,102,103,104,107,109,110,112,116,117,119,121,125,127,130,132,134,136,137,140,142,146,147,149,152,153 "41";
42 6 0 1,4,5,8,10,11,14,17,21,25,26,29,32,34,39,41,46,48,50,51,54,55,57,61,64,71,73,74,77,79,81,82,84,85,90,92,94,96,97,99,101,102,106,109,114,115,121,123,124,128,129,133,135,136,138,139,143,146,148,150,152 "42";
43 147 0 9,12,15,17,19,24,25,26,31,33,36,37,39,41,42,45,46,50,52,54,56,58,59,60,62,64,65,68,72,74,84,86,88,89,93,94,95,97,101,110,114,115,117,122,124,126,133,135,137,142,144,149,151,152 "43";
44 96 1 3,6,12,15,16,19,20,21,22,25,27,28,32,33,36,37,38,39,40,43,44,46,49,50,51,52,53,55,58,59,61,62,64,67,70,72,75,77,78,80,82,86,88,90,91,93,95,97,99,100,105,107,108,110,112,113,114,117,120,121,123,125,126,128,130,132,135,136,139,141,143,145,146,149,150,152,153 "44";
45 8 1 0,5,8,11,12,14,16,26,38,39,42,48,54,63,64,66,68,71,74,76,82,87,92,95,99,105,107,116,121,124,128,130,131,135,139,142,143,148,153 "45";
46 142 1 1,2,5,11,19,20,23,29,33,34,35,36,39,43,46,48,50,53,55,58,60,68,69,72,76,79,83,86,90,95,98,102,107,111,113,115,122,136,144 "46";
47 30 0 4,7,13,18,20,25,28,34,39,49,50,71,77,82,94,105,119,124,126,129,137,152,153 "47";
48 135 0 1,2,3,5,6,7,10,11,13,18,20,24,28,29,30,32,35,39,40,42,44,45,48,52,53,60,64,67,69,71,74,76,78,82,83,84,85,89,91,92,95,98,100,102,105,108,109,111,113,119,123,125,126,127,129,131,132,134,135,137,139,140,143,144,145,147,148,150,153 "48";
49 109 0 2,5,6,8,11,13,15,21,23,25,27,30,33,35,37,42,43,44,46,48,49,51,54,56,58,60,64,65,67,68,69,71,74,77,79,80,81,82,84,91,93,94,95,97,99,102,105,107,109,113,114,119,120,122,124,125,129,130,132,134,136,138,139,141,145,149,150,151,152 "49";
50 71 0 1,8,10,13,14,19,23,24,26,33,43,47,48,52,55,59,61,65,68,72,74,77,87,88,93,97,105,133,141,143,144,149,153 "50";
51 120 0 0,5,11,17,20,28,30,43,53,57,60,62,64,68,70,72,74,78,85,89,95,106,108,109,122,134,141,143,147,153 "51";
52 107 1 4,12,37,39,45,51,75,80,83,97,101,103,104,110,117,151 "52";
53 75 0 5,13,15,19,22,25,27,33,36,46,49,55,59,61,64,69,72,77,82,86,87,90,96,99,101,103,108,112,113,117,120,121,127,131,136,137,140 "53";
54 130 0 0,1,4,6,9,14,16,22,24,26,31,34,36,39,41,48,51,54,56,57,58,64,66,70,73,78,79,82,85,88,91,93,96,97,98,100,102,106,108,110,111,119,121,123,126,130,131,134,137,143,146,147,149,151,152 "54";
55 130 0 16,23,42,46,51,53,62,93,102,109,112,114,119,122 "55";
56 141 0 2,3,5,10,11,14,16,17,25,29,32,37,42,45,47,55,56,58,63,64,70,76,78,79,80,82,83,87,89,91,94,96,104,108,113,117,120,124,125,131,134,140,144,150,153 "56";
57 67 1 9,13,16,33,39,52,54,75,79,81,82,86,97,103,113,130,146 "57";
58 131 0 3,4,7,11,13,17,19,20,21,22,25,27,30,31,34,35,39,41,45,47,48,49,55,56,58,59,61,65,68,71,74,75,76,80,82,83,86,91,96,97,99,101,102,105,107,108,111,113,116,119,124,129,132,133,134,138,140,141,142,145,149 "58";
59 52 0 0,1,4,5,7,10,12,15,16,20,21,23,24,25,26,31,35,36,40,41,43,49,50,52,57,60,62,63,65,67,69,73,74,76,78,79,82,87,89,91,92,93,95,98,100,102,107,109,111,113,114,116,118,120,122,123,124,126,127,128,130,132,134,137,138,144,147,149,153 "59";
60 99 0 1,6,9,12,19,21,22,28,33,35,37,40,46,48,53,57,66,68,70,71,73,77,82,84,89,92,94,97,101,106,109,110,115,116,119,121,124,129,130,132,134,137,143,149,150 "60";
61 122 1 0,2,5,10,11,16,18,20,22,25,27,30,34,38,41,43,45,48,51,57,58,60,62,63,65,67,69,72,76,79,86,88,92,97,100,102,109,113,114,117,118,121,124,125,127,128,131,135,136,138,140,147,149,150,153 "61";
62 13 1 4,5,9,10,13,23,24,33,36,38,39,42,44,46,48,49,51,53,56,58,60,63,65,67,70,74,84,87,90,92,107,111,114,117,122,128,130,132,136,138,140,141,151,152 "62";
63 75 0 13,35,45,58,73,86,129 "63";
64 74 0 2,17,18,22,23,28,33,51,52,57,58,80,83,90,95,97,100,112,122,125,127,132,142,144,146,148,151 "64";
65 11 1 1,2,4,10,11,14,16,17,21,23,24,28,31,33,36,39,40,42,44,45,47,56,58,59,62,64,67,68,69,71,76,78,88,90,93,95,98,99,100,103,106,108,109,111,113,117,121,124,126,130,134,138,141,145,148,152 "65";
66 1 1 1,3,5,7,9,11,12,14,16,18,19,20,22,23,25,28,30,32,34,37,38,39,42,45,46,48,49,53,55,57,59,63,64,69,73,75,77,78,82,83,84,87,93,95,99,100,102,104,107,111,114,123,126,128,130,131,133,138,141,143,145,146,147,151,152,153 "66";
67 109 0 1,4,6,7,14,15,23,35,43,64,69,76,82,87,90,104,106,111,122,130,138,143,144,149,153 "67";
68 96 0 7,12,14,16,17,27,28,35,39,55,57,60,70,72,74,79,84,93,94,102,105,115,126,130,131,134,138,139,143,146 "68";
69 148 0 0,2,5,8,10,13,14,17,20,22,23,25,27,29,32,34,35,39,41,42,45,46,48,50,55,56,60,61,64,65,67,70,72,77,80,82,83,86,88,90,95,96,100,101,103,105,107,110,112,113,115,117,119,120,122,126,127,128,130,132,134,136,141,142,146,148,149 "69";
70 59 0 7,15,41,71,103,114,131,141 "70";
71 145 0 2,4,5,8,9,14,17,19,20,21,23,24,25,27,33,35,37,38,42,43,45,47,49,51,53,56,57,59,62,64,66,71,72,75,77,79,81,83,89,91,94,97,100,104,107,113,116,118,119,121,123,127,130,134,135,137,138,140,142,144,145,147,148,150 "71";
72 62 1 0,6,10,18,20,23,24,25,27,28,29,31,33,34,36,37,39,42,45,50,52,55,61,65,67,71,82,83,84,85,88,95,97,100,101,104,105,108,111,113,116,121,122,125,126,128,130,134,139,140,141,143,146,149,150,152 "72";
73 54 1 1,3,6,11,17,20,21,23,25,27,29,38,52,58,61,62,63,66,71,73,75,77,79,81,82,83,87,93,97,100,101,106,109,111,116,117,120,125,127,128,130,132,136,138,139,142,150 "73";
74 16 0 3,4,5,6,9,11,13,14,15,19,23,25,30,35,39,45,50,51,53,55,56,57,62,63,67,68,70,73,75,81,84,86,89,91,93,95,110,112,115,120,124,125,130,135,136,140,144,146,153 "74";
75 58 1 1,4,9,12,16,17,19,23,24,28,30,34,45,53,56,59,61,65,68,72,74,77,86,89,91,92,94,97,98,104,108,112,117,119,124,132,134,138,140,146,148,150,152 "75";
76 96 1 1,2,6,8,9,13,15,17,20,22,24,27,28,29,33,34,36,37,40,41,44,45,48,54,55,57,58,60,61,62,65,67,69,71,73,74,76,78,80,82,84,87,89,90,93,95,96,102,106,109,111,115,120,121,122,124,126,131,133,135,136,138,140,143,145,147,149,150,152,153 "76";
77 14 1 2,3,4,6,13,15,19,23,26,36,37,46,49,51,52,55,56,62,69,71,75,77,84,85,87,97,99,101,103,104,108,109,115,118,124,129,130,132,136,138,143,152 "77";
78 113 0 0,2,5,9,16,17,22,28,29,31,36,38,41,47,53,55,57,58,70,72,73,76,81,82,84,88,90,93,97,102,103,109,119,121,124,125,128,131,134,142,149,151,153 "78";
79 95 0 2,9,12,19,22,24,27,29,31,33,38,42,44,46,48,49,55,62,63,65,67,73,77,78,82,85,88,90,91,96,102,103,105,108,110,113,116,119,121,124,129,130,131,135,137,138,140,142,150,151 "79";
80 95 1 3,7,8,10,14,16,29,31,33,36,37,39,41,42,43,45,47,48,50,52,54,55,57,58,59,60,64,68,69,70,73,75,77,79,80,82,83,89,92,93,94,96,98,100,102,107,113,117,125,127,129,131,132,136,137,140,143,146,147,150,153 "80";
81 4 0 0,1,6,12,15,20,22,25,34,36,41,45,46,48,49,52,56,66,68,69,71,73,77,79,85,87,89,90,91,95,99,101,104,106,107,109,114,117,123,125,129,131,134,138,139,140,143,145,147 "81";
82 59 1 7,8,12,57,73,79,81,103,118,150,153 "82";
83 116 1 0,3,6,11,14,17,18,20,22,27,28,30,31,33,34,36,39,46,51,53,62,66,67,74,79,81,88,90,96,97,99,102,111,112,119,121,126,127,131,133,145,147,151 "83";
84 137 1 13,24,25,28,30,34,38,48,50,55,60,64,68,72,74,75,76,83,85,92,104,109,119,121,127,134,136,138,140,143 "84";
85 39 0 5,113,129,146 "85";
86 69 0 1,3,6,10,14,17,20,21,23,29,33,35,37,38,40,42,43,46,48,50,54,58,59,64,66,67,68,72,74,81,82,86,87,89,93,94,95,100,102,104,107,110,115,118,120,123,124,126,129,130,132,135,137,140,143,145,148,149,151 "86";
87 54 1 3,9,16,22,24,27,31,36,44,46,48,55,58,60,64,66,67,76,80,83,84,86,89,91,97,102,105,107,109,112,121,123,126,130,138,142,143,149,151 "87";
88 82 0 7,12,13,17,30,32,34,35,39,59,63,67,69,71,79,81,84,91,96,100,105,121,150,152 "88";
89 57 1 1,3,5,9,10,12,13,16,20,21,23,24,26,30,34,37,38,39,41,43,45,47,50,53,55,57,59,61,62,65,66,68,70,72,73,74,76,78,80,81,82,87,89,90,91,93,94,96,98,99,105,109,111,114,116,117,119,121,123,124,126,128,132,136,137,139,140,142,143,144,147,151,152 "89";
90 68 1 0,2,9,11,12,14,17,18,19,21,25,32,34,38,43,46,48,50,51,52,54,56,58,59,63,67,70,72,75,76,79,82,85,87,88,90,93,95,98,100,103,105,110,112,113,114,117,118,121,122,125,128,129,132,134,135,138,141,144,152,153 "90";
91 76 1 0,8,10,11,13,15,17,20,21,23,25,29,32,37,38,40,42,44,48,49,51,54,57,58,59,60,61,63,64,67,70,72,75,77,78,81,82,83,86,88,92,95,96,97,99,100,102,104,106,108,113,115,116,118,119,121,123,124,126,127,129,132,139,141,142,144,145,147,149,152 "91";
92 130 0 3,5,7,9,10,13,14,15,20,21,23,24,32,33,36,39,42,47,56,58,60,67,71,72,76,78,80,85,86,87,89,93,94,97,99,108,109,116,118,121,125,127,129,131,135,138,141,144,147,149,152 "92";
93 76 0 3,10,15,16,27,39,43,46,53,57,64,66,68,73,75,78,81,83,87,92,96,99,103,104,107,113,114,119,120,122,124,128,129,131,132,134,136,139,144,148 "93";
94 89 1 0,3,6,8,13,14,17,19,20,21,23,25,30,31,35,41,42,44,48,52,53,55,58,59,61,62,64,66,67,70,74,78,80,82,85,87,88,91,93,94,95,98,99,102,104,105,107,110,111,112,117,119,121,123,127,130,133,135,141,144,145,153 "94";
95 151 1 0,2,4,6,8,9,10,12,14,16,18,19,20,22,27,28,30,31,34,35,37,39,41,42,45,49,52,55,59,60,61,63,69,71,75,77,79,81,84,86,88,91,94,98,99,101,102,104,105,107,109,112,113,115,116,119,121,123,124,128,129,134,136,139,140,142,144,147,148,150,151,153 "95";
96 35 1 0,2,8,10,13,15,16,17,20,22,24,26,27,30,33,36,38,40,42,43,45,46,48,51,53,56,58,61,62,65,68,78,79,83,86,91,98,99,101,102,105,106,108,111,114,116,117,119,120,121,125,126,129,137,138,139,141,143,146,149,151 "96";
97 118 0 1,4,10,24,54,65,80,83,89,107,119,125,129,145,146 "97";
98 103 0 6,10,16,18,23,35,40,47,53,59,61,67,72,83,85,92,98,99,101,104,106,116,118,122,126,129,136,145 "98";
99 38 1 2,6,11,12,16,19,21,24,29,31,34,36,37,40,44,45,47,50,52,54,56,57,63,69,73,76,77,79,86,88,97,100,105,108,118,121,123,125,127,130,132,135,144,146,148,151,152 "99";
100 9 1 0,1,4,9,12,16,20,21,24,28,30,32,34,37,39,41,46,48,50,53,54,56,60,65,67,68,70,75,77,78,83,84,88,90,91,92,93,96,101,103,105,106,112,114,116,119,120,122,124,125,127,128,129,130,134,135,137,139,141,143,145,147,150,153 "100";
101 139 1 0,1,3,6,8,10,12,16,20,22,24,26,27,32,33,34,37,38,43,47,50,52,55,58,59,62,65,67,69,72,75,76,77,78,80,81,82,83,85,87,88,89,93,96,97,99,101,104,107,108,109,111,112,114,115,117,119,120,122,123,124,126,128,129,130,132,133,135,137,141,143,149,151 "101";
102 148 1 9,14,19,21,25,28,31,42,54,57,64,66,71,82,84,90,95,97,100,103,104,107,108,110,113,117,119,125,132,134,136,138,139,141,143,146,150 "102";
103 153 0 0,12,17,21,22,25,33,43,52,67,73,74,75,77,87,93,95,103,106,129,139 "103";
104 36 0 0,2,5,6,9,10,11,13,16,20,24,31,33,34,36,37,39,43,47,49,51,55,56,57,59,61,62,66,67,69,70,72,74,78,82,83,88,89,93,95,97,98,100,104,106,108,109,115,116,118,120,121,126,128,129,130,133,135,137,139,141,144,145,149,152,153 "104";
105 56 0 0,1,10,11,14,15,17,19,21,23,29,35,41,49,52,54,55,56,58,62,64,66,69,70,79,82,87,91,93,94,100,102,103,105,106,110,111,114,115,119,122,123,125,126,127,129,130,134,136,142,147,151,153 "105";
106 25 0 0,3,4,5,9,10,13,17,18,19,22,25,27,28,35,40,42,43,45,57,58,61,63,67,72,73,75,78,81,87,92,99,105,109,114,115,117,118,124,125,127,129,131,133,135,138,139,141,144,148,150,152,153 "106";
107 80 0 0,2,3,4,5,8,10,11,14,15,17,19,21,23,24,26,29,31,33,35,37,38,40,41,44,46,49,50,52,53,54,55,59,61,62,66,70,75,76,77,78,80,81,83,84,85,88,89,90,92,93,98,103,105,109,112,115,118,119,121,124,127,130,132,139,140,142,145,149,151 "107";
108 45 1 2,8,9,12,14,15,22,26,30,33,35,37,39,45,53,55,57,65,71,73,76,78,82,87,95,98,103,117,126,134,139,142,144,145,152 "108";
109 49 1 55,80,118,119 "109";
110 145 1 2,5,10,13,14,16,19,21,22,24,27,31,33,35,36,37,40,41,46,47,48,57,60,67,69,74,77,78,79,83,86,89,91,93,94,97,99,100,103,104,106,107,109,110,111,113,116,122,123,128,133,134,135,144,145,147,151 "110";
111 6 1 3,5,7,8,11,13,24,29,33,36,37,39,41,43,45,48,52,55,57,59,62,64,66,70,75,76,78,79,86,88,90,100,104,110,112,113,117,119,121,127,129,131,133,138,139,145,147,149,150,152,153 "111";
112 154 0 2,4,5,7,14,16,17,18,20,22,25,31,34,35,38,40,48,53,57,59,69,70,74,78,83,84,90,92,94,95,97,104,110,113,114,118,119,121,129,131,134,141,144,147,148,151,152 "112";
113 137 0 4,15,37,40,56,57,130,132,150 "113";
114 120 0 0,3,11,13,16,21,29,32,33,38,40,44,46,50,60,62,67,72,80,82,90,94,100,104,109,127,128,129,132,133,136,140,141,145,146,149,150,153 "114";
115 147 0 3,5,10,12,19,27,29,30,33,38,41,45,52,54,55,59,61,70,77,83,86,88,91,98,99,100,105,106,109,111,119,122,125,127,131,134,137,140,142,146,148,149,150 "115";
116 87 1 1,19,28,37,46,49,53,56,60,63,65,82,86,89,92,94,96,103,105,109,111,114,119,120,121,124,126,131,142,144,147,152 "116";
117 75 0 0,1,6,42,46,53,73,84,124,129,142,145,148,152 "117";
118 124 0 1,3,10,14,19,30,45,47,49,50,64,77,82,90,96,101,104,109,113,116,120,124,133,145,147,151 "118";
119 152 0 4,12,29,35,38,40,41,49,52,59,70,76,84,97,120,125,126,129,131,141,151 "119";
120 140 0 1,2,7,10,11,15,17,20,22,23,27,29,31,34,36,40,43,44,45,47,48,50,58,59,61,63,67,69,71,72,75,76,78,79,81,84,85,88,91,93,95,97,98,99,102,104,105,108,109,114,117,118,120,121,122,123,124,126,128,131,135,137,139,140,142,144,146,148,149,153 "120";
121 147 0 0,1,2,5,9,12,15,17,18,25,30,32,34,36,38,41,43,45,47,49,51,56,59,65,68,72,77,78,80,82,83,88,90,94,103,111,113,117,120,125,128,129,134,135,142,147,152,153 "121";
122 22 1 5,45,48,56,63,71,74,76,79,82,96,110,118,127,131,134,146,148 "122";
123 146 0 2,7,17,27,32,35,38,39,42,47,50,53,55,56,57,65,80,82,84,86,87,100,102,111,114,116,138,143,145,152 "123";
124 139 1 0,2,8,20,34,42,54,64,69,85,92,94,99,104,113,127,132,135,139,140,143,148,152 "124";
125 115 1 1,8,21,23,26,32,58,61,64,66,81,94,102,108,111,116,135,136,138,144,147 "125";
126 44 0 0,4,10,20,28,30,39,44,53,86,98,99,109,117,119,123,126,130,142 "126";
127 123 0 15,17,36,45,56,59,65,68,77,83,100,121,124,139,141 "127";
128 42 1 4,7,12,16,24,26,30,38,60,62,63,64,67,68,76,83,85,87,94,98,101,105,107,110,112,114,122,125,127,131,133,139,141,146,150,151,153 "128";
129 86 1 1,3,6,8,12,14,16,17,19,23,28,39,42,45,50,53,58,60,63,71,72,76,78,79,85,91,95,96,97,99,100,102,107,110,113,114,119,120,122,127,130,137,139,142,147,148,150 "129";
130 5 1 9,11,15,18,21,22,25,26,29,37,40,56,60,65,69,75,79,80,89,94,96,99,105,109,113,115,116,120,121,122,126,127,128,135,136,148,150,151 "130";
131 81 1 1,4,8,9,12,16,23,26,27,29,34,37,40,42,43,46,47,52,56,61,73,74,76,98,99,102,105,111,112,123,134,140,150,151 "131";
132 18 0 16,32,43,57,70,75,78,98,102,111,121,138,139,147 "132";
133 92 0 2,14,17,19,21,23,27,35,42,49,51,52,53,56,58,60,68,72,74,77,85,86,91,97,99,102,103,107,112,114,116,124,128,134,144,147,152 "133";
134 56 0 1,2,15,18,26,35,39,46,60,65,66,69,75,86,89,99,108,110,120,127,130,136,145 "134";
135 82 1 0,2,5,7,15,16,18,20,22,23,25,27,29,30,33,34,36,39,40,42,43,44,47,49,50,51,53,54,56,59,63,64,68,70,74,81,82,83,85,86,87,88,91,95,97,100,106,107,110,115,117,119,122,123,124,129,130,131,134,139,141,145,148,153 "135";
136 94 1 0,5,6,9,12,14,15,17,19,22,31,38,43,44,52,54,56,59,61,66,69,72,73,76,79,80,82,84,90,94,96,99,104,106,110,111,112,114,115,119,121,125,128,131,132,134,136,137,144,145,149,153 "136";
137 65 0 1,3,8,10,13,16,17,19,20,21,22,24,26,27,29,30,33,36,38,44,46,48,53,55,56,59,65,66,70,72,73,76,79,81,82,89,94,98,105,112,116,120,124,128,130,131,134,136,141,142,145,147,149,152,153 "137";
138 25 1 2,21,32,35,36,39,42,49,51,53,54,55,57,64,65,73,75,81,88,99,100,112,119,122,129,136,138,139 "138";
139 15 1 2,3,6,8,9,11,13,15,19,21,23,26,28,30,34,36,38,42,47,51,54,56,57,59,63,66,68,69,72,75,77,79,80,82,83,85,87,88,90,95,96,97,99,100,107,109,110,116,117,119,120,123,125,126,127,130,132,136,138,139,141,143,146,148 "139";
140 151 0 2,8,26,32,37,39,40,47,49,51,53,57,64,66,68,73,74,80,82,91,93,95,96,97,100,101,103,104,108,113,115,118,121,134,142 "140";
141 71 1 1,2,4,6,7,10,13,14,15,21,22,24,25,27,28,29,32,35,36,38,41,42,44,49,50,52,54,55,56,59,60,63,68,70,76,78,81,83,85,89,90,92,94,95,97,99,101,102,107,117,119,120,122,124,126,128,140,143,145,150 "141";
142 142 1 1,20,29,50,53,56,67,82,85,91,101,104,111,119,123,124,127,129,134,137,145 "142";
143 134 0 10,12,19,24,26,36,39,43,48,53,59,77,96,112,114,119,133,140 "143";
144 64 0 11,21,23,49,54,59,74,91,103,122,131,135,140,148 "144";
145 44 1 0,2,3,7,13,15,16,19,22,23,24,35,37,40,42,47,50,52,54,56,57,60,64,67,71,79,81,87,91,93,97,101,109,111,113,116,123,125,131,132,139,143,145,149,152 "145";
146 121 1 0,1,3,5,12,18,21,27,29,30,35,37,39,47,49,51,54,55,57,58,64,71,72,74,75,77,79,81,82,85,88,89,90,94,95,99,101,102,103,105,110,121,131,135,138,139,140,142,145,152 "146";
147 87 0 1,5,11,22,29,31,32,35,48,61,71,77,89,94,105,111,118,122,130,134,142,145 "147";
148 135 1 1,11,13,19,23,29,36,53,55,57,61,64,73,82,83,88,94,100,106,111,113,121,125,128,130,140,142,143,145,148,149,153 "148";
149 78 1 2,6,8,9,12,16,18,21,22,23,26,28,30,31,34,37,39,41,44,47,51,53,55,56,60,63,65,67,68,70,72,74,75,80,81,83,85,88,90,91,99,102,104,106,107,109,111,113,114,116,118,120,124,125,128,130,134,138,139,140,142,143,146,147,153 "149";
150 133 0 2,6,8,11,14,16,18,19,25,30,32,35,38,44,47,48,49,51,53,58,62,63,65,72,74,77,79,81,89,91,93,96,101,103,104,105,107,109,113,115,116,119,122,124,127,133,139,140,146,148,150,151 "150";
151 30 1 0,1,3,4,6,8,9,11,12,14,15,16,19,22,28,31,33,36,38,41,44,46,48,50,52,55,56,58,60,61,63,64,66,67,68,69,71,75,76,78,81,82,87,89,90,93,94,96,97,98,100,102,103,104,108,110,114,115,116,120,122,123,124,125,127,128,129,131,133,134,135,140,141,145,149,150,152 "151";
152 30 0 5,6,10,11,14,26,28,29,32,35,37,43,52,57,59,61,64,66,68,70,73,75,79,85,93,97,98,100,102,105,112,115,119,120,125,132,135,137,138,140,144,151,152 "152";
153 61 0 21,49,73,89 "153";
